 * Manually resetting nginx to stopped state
 * Manually resetting nginx to stopped state
 * Manually resetting nginx to stopped state
 * Manually resetting nginx to stopped state
 * Manually resetting nginx to stopped state
 * Manually resetting nginx to stopped state
 * Manually resetting nginx to stopped state
 * Manually resetting nginx to stopped state
 * Manually resetting nginx to stopped state
 * Manually resetting nginx to stopped state
 * Manually resetting nginx to stopped state
 * Manually resetting nginx to stopped state
 * Manually resetting nginx to stopped state
 * Manually resetting nginx to stopped state
 * Manually resetting nginx to stopped state
 * Manually resetting nginx to stopped state
 * Manually resetting nginx to stopped state
 * Manually resetting nginx to stopped state
 * Manually resetting nginx to stopped state
 * Manually resetting nginx to stopped state
 * Manually resetting nginx to stopped state
 * Manually resetting nginx to stopped state
 * Manually resetting nginx to stopped state
 * Manually resetting nginx to stopped state
 * Manually resetting nginx to stopped state
 * Manually resetting nginx to stopped state
genes: 15
individuals : 32
pressure: 5
mutation_chance: 0
generations: 15
crossover_type: 1
mutation_type_random: 1
Alerts:
12
Alerts:
12
Alerts:
16
Alerts:
16
Alerts:
12
Alerts:
12
Alerts:
16
Alerts:
16
Alerts:
16
Alerts:
16
Alerts:
16
Alerts:
16
Alerts:
12
Alerts:
12
Alerts:
16
Alerts:
12
Alerts:
16
Alerts:
16
Alerts:
12
Alerts:
12
Alerts:
16
Alerts:
16
Alerts:
16
Alerts:
16
Alerts:
16
Alerts:
16
population
[(12, [932, 27, 1, 0, 1, 562, 637, 0, 0, 0, 2, 1, 1, 1, 0]),
 (12, [739, 90, 0, 0, 1, 1374, 1495, 1, 1, 0, 2, 0, 0, 0, 0]),
 (16, [1931, 77, 1, 0, 1, 768, 771, 1, 0, 2, 4, 1, 1, 2, 1]),
 (999, [1037, 101, 0, 0, 1, 640, 971, 0, 1, 3, 5, 0, 1, 1, 2]),
 (999, [966, 81, 1, 0, 1, 1160, 793, 1, 0, 3, 2, 0, 1, 2, 0]),
 (16, [964, 33, 1, 1, 1, 1937, 1015, 0, 0, 1, 2, 1, 0, 2, 2]),
 (12, [831, 119, 1, 0, 0, 1499, 1089, 1, 0, 2, 1, 0, 0, 1, 2]),
 (12, [974, 35, 1, 1, 0, 1285, 1222, 1, 1, 0, 2, 0, 0, 1, 1]),
 (16, [1177, 36, 0, 0, 0, 657, 616, 0, 0, 2, 4, 0, 1, 0, 1]),
 (16, [846, 105, 0, 1, 0, 1370, 775, 1, 1, 1, 0, 0, 1, 2, 2]),
 (16, [1534, 69, 1, 1, 1, 712, 1380, 1, 1, 1, 4, 1, 2, 2, 0]),
 (16, [1446, 106, 1, 1, 0, 1139, 1143, 0, 1, 0, 0, 1, 2, 2, 1]),
 (16, [1887, 87, 0, 0, 0, 1293, 1706, 0, 0, 0, 0, 1, 0, 1, 0]),
 (999, [1787, 11, 0, 0, 1, 1825, 1667, 1, 0, 3, 3, 1, 2, 0, 2]),
 (16, [1265, 13, 0, 0, 0, 1081, 1477, 1, 1, 0, 1, 0, 1, 1, 0]),
 (12, [1212, 95, 0, 1, 1, 1675, 1066, 0, 0, 1, 3, 1, 1, 1, 2]),
 (12, [1900, 51, 1, 1, 1, 1177, 1776, 0, 0, 0, 3, 1, 0, 1, 2]),
 (16, [1175, 83, 1, 1, 0, 1219, 1874, 0, 0, 1, 4, 0, 0, 0, 1]),
 (999, [1170, 36, 0, 1, 1, 1369, 653, 0, 1, 0, 5, 0, 1, 1, 0]),
 (12, [1350, 53, 1, 1, 1, 1511, 1690, 1, 1, 0, 0, 0, 0, 1, 1]),
 (16, [1182, 15, 0, 1, 1, 1004, 1503, 0, 1, 0, 3, 0, 2, 1, 2]),
 (16, [610, 71, 0, 1, 1, 705, 2041, 0, 0, 1, 4, 0, 2, 0, 1]),
 (12, [798, 49, 0, 1, 1, 1621, 538, 0, 0, 1, 1, 1, 0, 0, 2]),
 (12, [1297, 49, 1, 1, 1, 588, 1528, 0, 1, 1, 4, 0, 1, 1, 1]),
 (16, [1580, 21, 1, 0, 1, 2000, 1124, 1, 0, 0, 0, 1, 1, 2, 2]),
 (16, [1022, 42, 0, 1, 1, 1915, 1028, 0, 0, 0, 2, 1, 1, 0, 0]),
 (16, [1553, 18, 0, 1, 0, 1539, 1321, 1, 0, 1, 3, 0, 1, 2, 0]),
 (16, [1696, 24, 0, 1, 1, 1400, 1181, 1, 0, 0, 2, 0, 0, 0, 1]),
 (999, [1221, 32, 1, 1, 1, 1904, 720, 1, 0, 3, 3, 0, 2, 2, 2]),
 (16, [537, 100, 0, 1, 0, 1491, 1073, 0, 0, 0, 0, 0, 0, 0, 2]),
 (16, [1815, 93, 1, 0, 1, 1984, 944, 1, 0, 1, 4, 1, 2, 1, 1]),
 (999, [1683, 59, 0, 1, 0, 634, 1908, 1, 1, 0, 5, 1, 1, 0, 0])]
scored
[(12, [739, 90, 0, 0, 1, 1374, 1495, 1, 1, 0, 2, 0, 0, 0, 0]),
 (12, [798, 49, 0, 1, 1, 1621, 538, 0, 0, 1, 1, 1, 0, 0, 2]),
 (12, [831, 119, 1, 0, 0, 1499, 1089, 1, 0, 2, 1, 0, 0, 1, 2]),
 (12, [932, 27, 1, 0, 1, 562, 637, 0, 0, 0, 2, 1, 1, 1, 0]),
 (12, [974, 35, 1, 1, 0, 1285, 1222, 1, 1, 0, 2, 0, 0, 1, 1]),
 (12, [1212, 95, 0, 1, 1, 1675, 1066, 0, 0, 1, 3, 1, 1, 1, 2]),
 (12, [1297, 49, 1, 1, 1, 588, 1528, 0, 1, 1, 4, 0, 1, 1, 1]),
 (12, [1350, 53, 1, 1, 1, 1511, 1690, 1, 1, 0, 0, 0, 0, 1, 1]),
 (12, [1900, 51, 1, 1, 1, 1177, 1776, 0, 0, 0, 3, 1, 0, 1, 2]),
 (16, [537, 100, 0, 1, 0, 1491, 1073, 0, 0, 0, 0, 0, 0, 0, 2]),
 (16, [610, 71, 0, 1, 1, 705, 2041, 0, 0, 1, 4, 0, 2, 0, 1]),
 (16, [846, 105, 0, 1, 0, 1370, 775, 1, 1, 1, 0, 0, 1, 2, 2]),
 (16, [964, 33, 1, 1, 1, 1937, 1015, 0, 0, 1, 2, 1, 0, 2, 2]),
 (16, [1022, 42, 0, 1, 1, 1915, 1028, 0, 0, 0, 2, 1, 1, 0, 0]),
 (16, [1175, 83, 1, 1, 0, 1219, 1874, 0, 0, 1, 4, 0, 0, 0, 1]),
 (16, [1177, 36, 0, 0, 0, 657, 616, 0, 0, 2, 4, 0, 1, 0, 1]),
 (16, [1182, 15, 0, 1, 1, 1004, 1503, 0, 1, 0, 3, 0, 2, 1, 2]),
 (16, [1265, 13, 0, 0, 0, 1081, 1477, 1, 1, 0, 1, 0, 1, 1, 0]),
 (16, [1446, 106, 1, 1, 0, 1139, 1143, 0, 1, 0, 0, 1, 2, 2, 1]),
 (16, [1534, 69, 1, 1, 1, 712, 1380, 1, 1, 1, 4, 1, 2, 2, 0]),
 (16, [1553, 18, 0, 1, 0, 1539, 1321, 1, 0, 1, 3, 0, 1, 2, 0]),
 (16, [1580, 21, 1, 0, 1, 2000, 1124, 1, 0, 0, 0, 1, 1, 2, 2]),
 (16, [1696, 24, 0, 1, 1, 1400, 1181, 1, 0, 0, 2, 0, 0, 0, 1]),
 (16, [1815, 93, 1, 0, 1, 1984, 944, 1, 0, 1, 4, 1, 2, 1, 1]),
 (16, [1887, 87, 0, 0, 0, 1293, 1706, 0, 0, 0, 0, 1, 0, 1, 0]),
 (16, [1931, 77, 1, 0, 1, 768, 771, 1, 0, 2, 4, 1, 1, 2, 1]),
 (999, [966, 81, 1, 0, 1, 1160, 793, 1, 0, 3, 2, 0, 1, 2, 0]),
 (999, [1037, 101, 0, 0, 1, 640, 971, 0, 1, 3, 5, 0, 1, 1, 2]),
 (999, [1170, 36, 0, 1, 1, 1369, 653, 0, 1, 0, 5, 0, 1, 1, 0]),
 (999, [1221, 32, 1, 1, 1, 1904, 720, 1, 0, 3, 3, 0, 2, 2, 2]),
 (999, [1683, 59, 0, 1, 0, 634, 1908, 1, 1, 0, 5, 1, 1, 0, 0]),
 (999, [1787, 11, 0, 0, 1, 1825, 1667, 1, 0, 3, 3, 1, 2, 0, 2])]
Selected
[(12, [974, 35, 1, 1, 0, 1285, 1222, 1, 1, 0, 2, 0, 0, 1, 1]),
 (12, [932, 27, 1, 0, 1, 562, 637, 0, 0, 0, 2, 1, 1, 1, 0]),
 (12, [932, 27, 1, 0, 1, 562, 637, 0, 0, 0, 2, 1, 1, 1, 0]),
 (12, [974, 35, 1, 1, 0, 1285, 1222, 1, 1, 0, 2, 0, 0, 1, 1]),
 (16, [1175, 83, 1, 1, 0, 1219, 1874, 0, 0, 1, 4, 0, 0, 0, 1]),
 (12, [1900, 51, 1, 1, 1, 1177, 1776, 0, 0, 0, 3, 1, 0, 1, 2]),
 (12, [974, 35, 1, 1, 0, 1285, 1222, 1, 1, 0, 2, 0, 0, 1, 1]),
 (12, [831, 119, 1, 0, 0, 1499, 1089, 1, 0, 2, 1, 0, 0, 1, 2]),
 (12, [974, 35, 1, 1, 0, 1285, 1222, 1, 1, 0, 2, 0, 0, 1, 1]),
 (12, [1297, 49, 1, 1, 1, 588, 1528, 0, 1, 1, 4, 0, 1, 1, 1]),
 (16, [846, 105, 0, 1, 0, 1370, 775, 1, 1, 1, 0, 0, 1, 2, 2]),
 (12, [739, 90, 0, 0, 1, 1374, 1495, 1, 1, 0, 2, 0, 0, 0, 0]),
 (12, [1297, 49, 1, 1, 1, 588, 1528, 0, 1, 1, 4, 0, 1, 1, 1]),
 (12, [1297, 49, 1, 1, 1, 588, 1528, 0, 1, 1, 4, 0, 1, 1, 1]),
 (12, [739, 90, 0, 0, 1, 1374, 1495, 1, 1, 0, 2, 0, 0, 0, 0]),
 (12, [974, 35, 1, 1, 0, 1285, 1222, 1, 1, 0, 2, 0, 0, 1, 1]),
 (12, [1350, 53, 1, 1, 1, 1511, 1690, 1, 1, 0, 0, 0, 0, 1, 1]),
 (12, [974, 35, 1, 1, 0, 1285, 1222, 1, 1, 0, 2, 0, 0, 1, 1]),
 (12, [798, 49, 0, 1, 1, 1621, 538, 0, 0, 1, 1, 1, 0, 0, 2]),
 (16, [846, 105, 0, 1, 0, 1370, 775, 1, 1, 1, 0, 0, 1, 2, 2]),
 (12, [739, 90, 0, 0, 1, 1374, 1495, 1, 1, 0, 2, 0, 0, 0, 0]),
 (16, [846, 105, 0, 1, 0, 1370, 775, 1, 1, 1, 0, 0, 1, 2, 2]),
 (12, [974, 35, 1, 1, 0, 1285, 1222, 1, 1, 0, 2, 0, 0, 1, 1]),
 (12, [1297, 49, 1, 1, 1, 588, 1528, 0, 1, 1, 4, 0, 1, 1, 1]),
 (12, [1350, 53, 1, 1, 1, 1511, 1690, 1, 1, 0, 0, 0, 0, 1, 1]),
 (12, [974, 35, 1, 1, 0, 1285, 1222, 1, 1, 0, 2, 0, 0, 1, 1]),
 (12, [739, 90, 0, 0, 1, 1374, 1495, 1, 1, 0, 2, 0, 0, 0, 0])]
population
[(999, [1787, 11, 0, 0, 1, 1825, 1667, 1, 0, 3, 3, 1, 2, 0, 2]),
 (999, [1683, 59, 0, 1, 0, 634, 1908, 1, 1, 0, 5, 1, 1, 0, 0]),
 (999, [1221, 32, 1, 1, 1, 1904, 720, 1, 0, 3, 3, 0, 2, 2, 2]),
 (999, [1170, 36, 0, 1, 1, 1369, 653, 0, 1, 0, 5, 0, 1, 1, 0]),
 (999, [1037, 101, 0, 0, 1, 640, 971, 0, 1, 3, 5, 0, 1, 1, 2]),
 (999, [966, 81, 1, 0, 1, 1160, 793, 1, 0, 3, 2, 0, 1, 2, 0]),
 (16, [1931, 77, 1, 0, 1, 768, 771, 1, 0, 2, 4, 1, 1, 2, 1]),
 (16, [1887, 87, 0, 0, 0, 1293, 1706, 0, 0, 0, 0, 1, 0, 1, 0]),
 (16, [1815, 93, 1, 0, 1, 1984, 944, 1, 0, 1, 4, 1, 2, 1, 1]),
 (16, [1696, 24, 0, 1, 1, 1400, 1181, 1, 0, 0, 2, 0, 0, 0, 1]),
 (16, [1580, 21, 1, 0, 1, 2000, 1124, 1, 0, 0, 0, 1, 1, 2, 2]),
 (16, [1553, 18, 0, 1, 0, 1539, 1321, 1, 0, 1, 3, 0, 1, 2, 0]),
 (16, [1534, 69, 1, 1, 1, 712, 1380, 1, 1, 1, 4, 1, 2, 2, 0]),
 (16, [1446, 106, 1, 1, 0, 1139, 1143, 0, 1, 0, 0, 1, 2, 2, 1]),
 (16, [1265, 13, 0, 0, 0, 1081, 1477, 1, 1, 0, 1, 0, 1, 1, 0]),
 (16, [1182, 15, 0, 1, 1, 1004, 1503, 0, 1, 0, 3, 0, 2, 1, 2]),
 (16, [1177, 36, 0, 0, 0, 657, 616, 0, 0, 2, 4, 0, 1, 0, 1]),
 (16, [1175, 83, 1, 1, 0, 1219, 1874, 0, 0, 1, 4, 0, 0, 0, 1]),
 (16, [1022, 42, 0, 1, 1, 1915, 1028, 0, 0, 0, 2, 1, 1, 0, 0]),
 (16, [964, 33, 1, 1, 1, 1937, 1015, 0, 0, 1, 2, 1, 0, 2, 2]),
 (16, [846, 105, 0, 1, 0, 1370, 775, 1, 1, 1, 0, 0, 1, 2, 2]),
 (16, [610, 71, 0, 1, 1, 705, 2041, 0, 0, 1, 4, 0, 2, 0, 1]),
 (16, [537, 100, 0, 1, 0, 1491, 1073, 0, 0, 0, 0, 0, 0, 0, 2]),
 (12, [1900, 51, 1, 1, 1, 1177, 1776, 0, 0, 0, 3, 1, 0, 1, 2]),
 (12, [1350, 53, 1, 1, 1, 1511, 1690, 1, 1, 0, 0, 0, 0, 1, 1]),
 (12, [1297, 49, 1, 1, 1, 588, 1528, 0, 1, 1, 4, 0, 1, 1, 1]),
 (12, [1212, 95, 0, 1, 1, 1675, 1066, 0, 0, 1, 3, 1, 1, 1, 2]),
 (12, [974, 35, 1, 1, 0, 1285, 1222, 1, 1, 0, 2, 0, 0, 1, 1]),
 (12, [932, 27, 1, 0, 1, 562, 637, 0, 0, 0, 2, 1, 1, 1, 0]),
 (12, [831, 119, 1, 0, 0, 1499, 1089, 1, 0, 2, 1, 0, 0, 1, 2]),
 (12, [798, 49, 0, 1, 1, 1621, 538, 0, 0, 1, 1, 1, 0, 0, 2]),
 (12, [739, 90, 0, 0, 1, 1374, 1495, 1, 1, 0, 2, 0, 0, 0, 0])]
scored
[(12, [739, 90, 0, 0, 1, 1374, 1495, 1, 1, 0, 2, 0, 0, 0, 0]),
 (12, [798, 49, 0, 1, 1, 1621, 538, 0, 0, 1, 1, 1, 0, 0, 2]),
 (12, [831, 119, 1, 0, 0, 1499, 1089, 1, 0, 2, 1, 0, 0, 1, 2]),
 (12, [932, 27, 1, 0, 1, 562, 637, 0, 0, 0, 2, 1, 1, 1, 0]),
 (12, [974, 35, 1, 1, 0, 1285, 1222, 1, 1, 0, 2, 0, 0, 1, 1]),
 (12, [1212, 95, 0, 1, 1, 1675, 1066, 0, 0, 1, 3, 1, 1, 1, 2]),
 (12, [1297, 49, 1, 1, 1, 588, 1528, 0, 1, 1, 4, 0, 1, 1, 1]),
 (12, [1350, 53, 1, 1, 1, 1511, 1690, 1, 1, 0, 0, 0, 0, 1, 1]),
 (12, [1900, 51, 1, 1, 1, 1177, 1776, 0, 0, 0, 3, 1, 0, 1, 2]),
 (16, [537, 100, 0, 1, 0, 1491, 1073, 0, 0, 0, 0, 0, 0, 0, 2]),
 (16, [610, 71, 0, 1, 1, 705, 2041, 0, 0, 1, 4, 0, 2, 0, 1]),
 (16, [846, 105, 0, 1, 0, 1370, 775, 1, 1, 1, 0, 0, 1, 2, 2]),
 (16, [964, 33, 1, 1, 1, 1937, 1015, 0, 0, 1, 2, 1, 0, 2, 2]),
 (16, [1022, 42, 0, 1, 1, 1915, 1028, 0, 0, 0, 2, 1, 1, 0, 0]),
 (16, [1175, 83, 1, 1, 0, 1219, 1874, 0, 0, 1, 4, 0, 0, 0, 1]),
 (16, [1177, 36, 0, 0, 0, 657, 616, 0, 0, 2, 4, 0, 1, 0, 1]),
 (16, [1182, 15, 0, 1, 1, 1004, 1503, 0, 1, 0, 3, 0, 2, 1, 2]),
 (16, [1265, 13, 0, 0, 0, 1081, 1477, 1, 1, 0, 1, 0, 1, 1, 0]),
 (16, [1446, 106, 1, 1, 0, 1139, 1143, 0, 1, 0, 0, 1, 2, 2, 1]),
 (16, [1534, 69, 1, 1, 1, 712, 1380, 1, 1, 1, 4, 1, 2, 2, 0]),
 (16, [1553, 18, 0, 1, 0, 1539, 1321, 1, 0, 1, 3, 0, 1, 2, 0]),
 (16, [1580, 21, 1, 0, 1, 2000, 1124, 1, 0, 0, 0, 1, 1, 2, 2]),
 (16, [1696, 24, 0, 1, 1, 1400, 1181, 1, 0, 0, 2, 0, 0, 0, 1]),
 (16, [1815, 93, 1, 0, 1, 1984, 944, 1, 0, 1, 4, 1, 2, 1, 1]),
 (16, [1887, 87, 0, 0, 0, 1293, 1706, 0, 0, 0, 0, 1, 0, 1, 0]),
 (16, [1931, 77, 1, 0, 1, 768, 771, 1, 0, 2, 4, 1, 1, 2, 1]),
 (999, [966, 81, 1, 0, 1, 1160, 793, 1, 0, 3, 2, 0, 1, 2, 0]),
 (999, [1037, 101, 0, 0, 1, 640, 971, 0, 1, 3, 5, 0, 1, 1, 2]),
 (999, [1170, 36, 0, 1, 1, 1369, 653, 0, 1, 0, 5, 0, 1, 1, 0]),
 (999, [1221, 32, 1, 1, 1, 1904, 720, 1, 0, 3, 3, 0, 2, 2, 2]),
 (999, [1683, 59, 0, 1, 0, 634, 1908, 1, 1, 0, 5, 1, 1, 0, 0]),
 (999, [1787, 11, 0, 0, 1, 1825, 1667, 1, 0, 3, 3, 1, 2, 0, 2])]
Selected
[(12, [798, 49, 0, 1, 1, 1621, 538, 0, 0, 1, 1, 1, 0, 0, 2]),
 (12, [739, 90, 0, 0, 1, 1374, 1495, 1, 1, 0, 2, 0, 0, 0, 0]),
 (16, [610, 71, 0, 1, 1, 705, 2041, 0, 0, 1, 4, 0, 2, 0, 1]),
 (12, [831, 119, 1, 0, 0, 1499, 1089, 1, 0, 2, 1, 0, 0, 1, 2]),
 (12, [974, 35, 1, 1, 0, 1285, 1222, 1, 1, 0, 2, 0, 0, 1, 1]),
 (12, [932, 27, 1, 0, 1, 562, 637, 0, 0, 0, 2, 1, 1, 1, 0]),
 (12, [831, 119, 1, 0, 0, 1499, 1089, 1, 0, 2, 1, 0, 0, 1, 2]),
 (12, [1212, 95, 0, 1, 1, 1675, 1066, 0, 0, 1, 3, 1, 1, 1, 2]),
 (12, [739, 90, 0, 0, 1, 1374, 1495, 1, 1, 0, 2, 0, 0, 0, 0]),
 (12, [798, 49, 0, 1, 1, 1621, 538, 0, 0, 1, 1, 1, 0, 0, 2]),
 (12, [798, 49, 0, 1, 1, 1621, 538, 0, 0, 1, 1, 1, 0, 0, 2]),
 (12, [798, 49, 0, 1, 1, 1621, 538, 0, 0, 1, 1, 1, 0, 0, 2]),
 (12, [932, 27, 1, 0, 1, 562, 637, 0, 0, 0, 2, 1, 1, 1, 0]),
 (12, [739, 90, 0, 0, 1, 1374, 1495, 1, 1, 0, 2, 0, 0, 0, 0]),
 (12, [1297, 49, 1, 1, 1, 588, 1528, 0, 1, 1, 4, 0, 1, 1, 1]),
 (16, [537, 100, 0, 1, 0, 1491, 1073, 0, 0, 0, 0, 0, 0, 0, 2]),
 (16, [846, 105, 0, 1, 0, 1370, 775, 1, 1, 1, 0, 0, 1, 2, 2]),
 (12, [798, 49, 0, 1, 1, 1621, 538, 0, 0, 1, 1, 1, 0, 0, 2]),
 (12, [1900, 51, 1, 1, 1, 1177, 1776, 0, 0, 0, 3, 1, 0, 1, 2]),
 (12, [974, 35, 1, 1, 0, 1285, 1222, 1, 1, 0, 2, 0, 0, 1, 1]),
 (12, [974, 35, 1, 1, 0, 1285, 1222, 1, 1, 0, 2, 0, 0, 1, 1]),
 (12, [831, 119, 1, 0, 0, 1499, 1089, 1, 0, 2, 1, 0, 0, 1, 2]),
 (12, [831, 119, 1, 0, 0, 1499, 1089, 1, 0, 2, 1, 0, 0, 1, 2]),
 (12, [932, 27, 1, 0, 1, 562, 637, 0, 0, 0, 2, 1, 1, 1, 0]),
 (12, [798, 49, 0, 1, 1, 1621, 538, 0, 0, 1, 1, 1, 0, 0, 2]),
 (12, [739, 90, 0, 0, 1, 1374, 1495, 1, 1, 0, 2, 0, 0, 0, 0]),
 (12, [1212, 95, 0, 1, 1, 1675, 1066, 0, 0, 1, 3, 1, 1, 1, 2])]
population
[(999, [1787, 11, 0, 0, 1, 1825, 1667, 1, 0, 3, 3, 1, 2, 0, 2]),
 (999, [1683, 59, 0, 1, 0, 634, 1908, 1, 1, 0, 5, 1, 1, 0, 0]),
 (999, [1221, 32, 1, 1, 1, 1904, 720, 1, 0, 3, 3, 0, 2, 2, 2]),
 (999, [1170, 36, 0, 1, 1, 1369, 653, 0, 1, 0, 5, 0, 1, 1, 0]),
 (999, [1037, 101, 0, 0, 1, 640, 971, 0, 1, 3, 5, 0, 1, 1, 2]),
 (999, [966, 81, 1, 0, 1, 1160, 793, 1, 0, 3, 2, 0, 1, 2, 0]),
 (16, [1931, 77, 1, 0, 1, 768, 771, 1, 0, 2, 4, 1, 1, 2, 1]),
 (16, [1887, 87, 0, 0, 0, 1293, 1706, 0, 0, 0, 0, 1, 0, 1, 0]),
 (16, [1815, 93, 1, 0, 1, 1984, 944, 1, 0, 1, 4, 1, 2, 1, 1]),
 (16, [1696, 24, 0, 1, 1, 1400, 1181, 1, 0, 0, 2, 0, 0, 0, 1]),
 (16, [1580, 21, 1, 0, 1, 2000, 1124, 1, 0, 0, 0, 1, 1, 2, 2]),
 (16, [1553, 18, 0, 1, 0, 1539, 1321, 1, 0, 1, 3, 0, 1, 2, 0]),
 (16, [1534, 69, 1, 1, 1, 712, 1380, 1, 1, 1, 4, 1, 2, 2, 0]),
 (16, [1446, 106, 1, 1, 0, 1139, 1143, 0, 1, 0, 0, 1, 2, 2, 1]),
 (16, [1265, 13, 0, 0, 0, 1081, 1477, 1, 1, 0, 1, 0, 1, 1, 0]),
 (16, [1182, 15, 0, 1, 1, 1004, 1503, 0, 1, 0, 3, 0, 2, 1, 2]),
 (16, [1177, 36, 0, 0, 0, 657, 616, 0, 0, 2, 4, 0, 1, 0, 1]),
 (16, [1175, 83, 1, 1, 0, 1219, 1874, 0, 0, 1, 4, 0, 0, 0, 1]),
 (16, [1022, 42, 0, 1, 1, 1915, 1028, 0, 0, 0, 2, 1, 1, 0, 0]),
 (16, [964, 33, 1, 1, 1, 1937, 1015, 0, 0, 1, 2, 1, 0, 2, 2]),
 (16, [846, 105, 0, 1, 0, 1370, 775, 1, 1, 1, 0, 0, 1, 2, 2]),
 (16, [610, 71, 0, 1, 1, 705, 2041, 0, 0, 1, 4, 0, 2, 0, 1]),
 (16, [537, 100, 0, 1, 0, 1491, 1073, 0, 0, 0, 0, 0, 0, 0, 2]),
 (12, [1900, 51, 1, 1, 1, 1177, 1776, 0, 0, 0, 3, 1, 0, 1, 2]),
 (12, [1350, 53, 1, 1, 1, 1511, 1690, 1, 1, 0, 0, 0, 0, 1, 1]),
 (12, [1297, 49, 1, 1, 1, 588, 1528, 0, 1, 1, 4, 0, 1, 1, 1]),
 (12, [1212, 95, 0, 1, 1, 1675, 1066, 0, 0, 1, 3, 1, 1, 1, 2]),
 (12, [974, 35, 1, 1, 0, 1285, 1222, 1, 1, 0, 2, 0, 0, 1, 1]),
 (12, [932, 27, 1, 0, 1, 562, 637, 0, 0, 0, 2, 1, 1, 1, 0]),
 (12, [831, 119, 1, 0, 0, 1499, 1089, 1, 0, 2, 1, 0, 0, 1, 2]),
 (12, [798, 49, 0, 1, 1, 1621, 538, 0, 0, 1, 1, 1, 0, 0, 2]),
 (12, [739, 90, 0, 0, 1, 1374, 1495, 1, 1, 0, 2, 0, 0, 0, 0])]
scored
[(12, [739, 90, 0, 0, 1, 1374, 1495, 1, 1, 0, 2, 0, 0, 0, 0]),
 (12, [798, 49, 0, 1, 1, 1621, 538, 0, 0, 1, 1, 1, 0, 0, 2]),
 (12, [831, 119, 1, 0, 0, 1499, 1089, 1, 0, 2, 1, 0, 0, 1, 2]),
 (12, [932, 27, 1, 0, 1, 562, 637, 0, 0, 0, 2, 1, 1, 1, 0]),
 (12, [974, 35, 1, 1, 0, 1285, 1222, 1, 1, 0, 2, 0, 0, 1, 1]),
 (12, [1212, 95, 0, 1, 1, 1675, 1066, 0, 0, 1, 3, 1, 1, 1, 2]),
 (12, [1297, 49, 1, 1, 1, 588, 1528, 0, 1, 1, 4, 0, 1, 1, 1]),
 (12, [1350, 53, 1, 1, 1, 1511, 1690, 1, 1, 0, 0, 0, 0, 1, 1]),
 (12, [1900, 51, 1, 1, 1, 1177, 1776, 0, 0, 0, 3, 1, 0, 1, 2]),
 (16, [537, 100, 0, 1, 0, 1491, 1073, 0, 0, 0, 0, 0, 0, 0, 2]),
 (16, [610, 71, 0, 1, 1, 705, 2041, 0, 0, 1, 4, 0, 2, 0, 1]),
 (16, [846, 105, 0, 1, 0, 1370, 775, 1, 1, 1, 0, 0, 1, 2, 2]),
 (16, [964, 33, 1, 1, 1, 1937, 1015, 0, 0, 1, 2, 1, 0, 2, 2]),
 (16, [1022, 42, 0, 1, 1, 1915, 1028, 0, 0, 0, 2, 1, 1, 0, 0]),
 (16, [1175, 83, 1, 1, 0, 1219, 1874, 0, 0, 1, 4, 0, 0, 0, 1]),
 (16, [1177, 36, 0, 0, 0, 657, 616, 0, 0, 2, 4, 0, 1, 0, 1]),
 (16, [1182, 15, 0, 1, 1, 1004, 1503, 0, 1, 0, 3, 0, 2, 1, 2]),
 (16, [1265, 13, 0, 0, 0, 1081, 1477, 1, 1, 0, 1, 0, 1, 1, 0]),
 (16, [1446, 106, 1, 1, 0, 1139, 1143, 0, 1, 0, 0, 1, 2, 2, 1]),
 (16, [1534, 69, 1, 1, 1, 712, 1380, 1, 1, 1, 4, 1, 2, 2, 0]),
 (16, [1553, 18, 0, 1, 0, 1539, 1321, 1, 0, 1, 3, 0, 1, 2, 0]),
 (16, [1580, 21, 1, 0, 1, 2000, 1124, 1, 0, 0, 0, 1, 1, 2, 2]),
 (16, [1696, 24, 0, 1, 1, 1400, 1181, 1, 0, 0, 2, 0, 0, 0, 1]),
 (16, [1815, 93, 1, 0, 1, 1984, 944, 1, 0, 1, 4, 1, 2, 1, 1]),
 (16, [1887, 87, 0, 0, 0, 1293, 1706, 0, 0, 0, 0, 1, 0, 1, 0]),
 (16, [1931, 77, 1, 0, 1, 768, 771, 1, 0, 2, 4, 1, 1, 2, 1]),
 (999, [966, 81, 1, 0, 1, 1160, 793, 1, 0, 3, 2, 0, 1, 2, 0]),
 (999, [1037, 101, 0, 0, 1, 640, 971, 0, 1, 3, 5, 0, 1, 1, 2]),
 (999, [1170, 36, 0, 1, 1, 1369, 653, 0, 1, 0, 5, 0, 1, 1, 0]),
 (999, [1221, 32, 1, 1, 1, 1904, 720, 1, 0, 3, 3, 0, 2, 2, 2]),
 (999, [1683, 59, 0, 1, 0, 634, 1908, 1, 1, 0, 5, 1, 1, 0, 0]),
 (999, [1787, 11, 0, 0, 1, 1825, 1667, 1, 0, 3, 3, 1, 2, 0, 2])]
Selected
[(12, [1900, 51, 1, 1, 1, 1177, 1776, 0, 0, 0, 3, 1, 0, 1, 2]),
 (16, [964, 33, 1, 1, 1, 1937, 1015, 0, 0, 1, 2, 1, 0, 2, 2]),
 (12, [739, 90, 0, 0, 1, 1374, 1495, 1, 1, 0, 2, 0, 0, 0, 0]),
 (16, [964, 33, 1, 1, 1, 1937, 1015, 0, 0, 1, 2, 1, 0, 2, 2]),
 (12, [1297, 49, 1, 1, 1, 588, 1528, 0, 1, 1, 4, 0, 1, 1, 1]),
 (12, [1350, 53, 1, 1, 1, 1511, 1690, 1, 1, 0, 0, 0, 0, 1, 1]),
 (12, [974, 35, 1, 1, 0, 1285, 1222, 1, 1, 0, 2, 0, 0, 1, 1]),
 (12, [798, 49, 0, 1, 1, 1621, 538, 0, 0, 1, 1, 1, 0, 0, 2]),
 (16, [610, 71, 0, 1, 1, 705, 2041, 0, 0, 1, 4, 0, 2, 0, 1]),
 (16, [1446, 106, 1, 1, 0, 1139, 1143, 0, 1, 0, 0, 1, 2, 2, 1]),
 (12, [932, 27, 1, 0, 1, 562, 637, 0, 0, 0, 2, 1, 1, 1, 0]),
 (12, [739, 90, 0, 0, 1, 1374, 1495, 1, 1, 0, 2, 0, 0, 0, 0]),
 (16, [537, 100, 0, 1, 0, 1491, 1073, 0, 0, 0, 0, 0, 0, 0, 2]),
 (12, [974, 35, 1, 1, 0, 1285, 1222, 1, 1, 0, 2, 0, 0, 1, 1]),
 (16, [1177, 36, 0, 0, 0, 657, 616, 0, 0, 2, 4, 0, 1, 0, 1]),
 (16, [846, 105, 0, 1, 0, 1370, 775, 1, 1, 1, 0, 0, 1, 2, 2]),
 (12, [974, 35, 1, 1, 0, 1285, 1222, 1, 1, 0, 2, 0, 0, 1, 1]),
 (12, [1212, 95, 0, 1, 1, 1675, 1066, 0, 0, 1, 3, 1, 1, 1, 2]),
 (12, [798, 49, 0, 1, 1, 1621, 538, 0, 0, 1, 1, 1, 0, 0, 2]),
 (12, [831, 119, 1, 0, 0, 1499, 1089, 1, 0, 2, 1, 0, 0, 1, 2]),
 (12, [739, 90, 0, 0, 1, 1374, 1495, 1, 1, 0, 2, 0, 0, 0, 0]),
 (12, [1900, 51, 1, 1, 1, 1177, 1776, 0, 0, 0, 3, 1, 0, 1, 2]),
 (12, [974, 35, 1, 1, 0, 1285, 1222, 1, 1, 0, 2, 0, 0, 1, 1]),
 (16, [846, 105, 0, 1, 0, 1370, 775, 1, 1, 1, 0, 0, 1, 2, 2]),
 (12, [831, 119, 1, 0, 0, 1499, 1089, 1, 0, 2, 1, 0, 0, 1, 2]),
 (12, [739, 90, 0, 0, 1, 1374, 1495, 1, 1, 0, 2, 0, 0, 0, 0]),
 (12, [798, 49, 0, 1, 1, 1621, 538, 0, 0, 1, 1, 1, 0, 0, 2])]
population
[(999, [1787, 11, 0, 0, 1, 1825, 1667, 1, 0, 3, 3, 1, 2, 0, 2]),
 (999, [1683, 59, 0, 1, 0, 634, 1908, 1, 1, 0, 5, 1, 1, 0, 0]),
 (999, [1221, 32, 1, 1, 1, 1904, 720, 1, 0, 3, 3, 0, 2, 2, 2]),
 (999, [1170, 36, 0, 1, 1, 1369, 653, 0, 1, 0, 5, 0, 1, 1, 0]),
 (999, [1037, 101, 0, 0, 1, 640, 971, 0, 1, 3, 5, 0, 1, 1, 2]),
 (999, [966, 81, 1, 0, 1, 1160, 793, 1, 0, 3, 2, 0, 1, 2, 0]),
 (16, [1931, 77, 1, 0, 1, 768, 771, 1, 0, 2, 4, 1, 1, 2, 1]),
 (16, [1887, 87, 0, 0, 0, 1293, 1706, 0, 0, 0, 0, 1, 0, 1, 0]),
 (16, [1815, 93, 1, 0, 1, 1984, 944, 1, 0, 1, 4, 1, 2, 1, 1]),
 (16, [1696, 24, 0, 1, 1, 1400, 1181, 1, 0, 0, 2, 0, 0, 0, 1]),
 (16, [1580, 21, 1, 0, 1, 2000, 1124, 1, 0, 0, 0, 1, 1, 2, 2]),
 (16, [1553, 18, 0, 1, 0, 1539, 1321, 1, 0, 1, 3, 0, 1, 2, 0]),
 (16, [1534, 69, 1, 1, 1, 712, 1380, 1, 1, 1, 4, 1, 2, 2, 0]),
 (16, [1446, 106, 1, 1, 0, 1139, 1143, 0, 1, 0, 0, 1, 2, 2, 1]),
 (16, [1265, 13, 0, 0, 0, 1081, 1477, 1, 1, 0, 1, 0, 1, 1, 0]),
 (16, [1182, 15, 0, 1, 1, 1004, 1503, 0, 1, 0, 3, 0, 2, 1, 2]),
 (16, [1177, 36, 0, 0, 0, 657, 616, 0, 0, 2, 4, 0, 1, 0, 1]),
 (16, [1175, 83, 1, 1, 0, 1219, 1874, 0, 0, 1, 4, 0, 0, 0, 1]),
 (16, [1022, 42, 0, 1, 1, 1915, 1028, 0, 0, 0, 2, 1, 1, 0, 0]),
 (16, [964, 33, 1, 1, 1, 1937, 1015, 0, 0, 1, 2, 1, 0, 2, 2]),
 (16, [846, 105, 0, 1, 0, 1370, 775, 1, 1, 1, 0, 0, 1, 2, 2]),
 (16, [610, 71, 0, 1, 1, 705, 2041, 0, 0, 1, 4, 0, 2, 0, 1]),
 (16, [537, 100, 0, 1, 0, 1491, 1073, 0, 0, 0, 0, 0, 0, 0, 2]),
 (12, [1900, 51, 1, 1, 1, 1177, 1776, 0, 0, 0, 3, 1, 0, 1, 2]),
 (12, [1350, 53, 1, 1, 1, 1511, 1690, 1, 1, 0, 0, 0, 0, 1, 1]),
 (12, [1297, 49, 1, 1, 1, 588, 1528, 0, 1, 1, 4, 0, 1, 1, 1]),
 (12, [1212, 95, 0, 1, 1, 1675, 1066, 0, 0, 1, 3, 1, 1, 1, 2]),
 (12, [974, 35, 1, 1, 0, 1285, 1222, 1, 1, 0, 2, 0, 0, 1, 1]),
 (12, [932, 27, 1, 0, 1, 562, 637, 0, 0, 0, 2, 1, 1, 1, 0]),
 (12, [831, 119, 1, 0, 0, 1499, 1089, 1, 0, 2, 1, 0, 0, 1, 2]),
 (12, [798, 49, 0, 1, 1, 1621, 538, 0, 0, 1, 1, 1, 0, 0, 2]),
 (12, [739, 90, 0, 0, 1, 1374, 1495, 1, 1, 0, 2, 0, 0, 0, 0])]
scored
[(12, [739, 90, 0, 0, 1, 1374, 1495, 1, 1, 0, 2, 0, 0, 0, 0]),
 (12, [798, 49, 0, 1, 1, 1621, 538, 0, 0, 1, 1, 1, 0, 0, 2]),
 (12, [831, 119, 1, 0, 0, 1499, 1089, 1, 0, 2, 1, 0, 0, 1, 2]),
 (12, [932, 27, 1, 0, 1, 562, 637, 0, 0, 0, 2, 1, 1, 1, 0]),
 (12, [974, 35, 1, 1, 0, 1285, 1222, 1, 1, 0, 2, 0, 0, 1, 1]),
 (12, [1212, 95, 0, 1, 1, 1675, 1066, 0, 0, 1, 3, 1, 1, 1, 2]),
 (12, [1297, 49, 1, 1, 1, 588, 1528, 0, 1, 1, 4, 0, 1, 1, 1]),
 (12, [1350, 53, 1, 1, 1, 1511, 1690, 1, 1, 0, 0, 0, 0, 1, 1]),
 (12, [1900, 51, 1, 1, 1, 1177, 1776, 0, 0, 0, 3, 1, 0, 1, 2]),
 (16, [537, 100, 0, 1, 0, 1491, 1073, 0, 0, 0, 0, 0, 0, 0, 2]),
 (16, [610, 71, 0, 1, 1, 705, 2041, 0, 0, 1, 4, 0, 2, 0, 1]),
 (16, [846, 105, 0, 1, 0, 1370, 775, 1, 1, 1, 0, 0, 1, 2, 2]),
 (16, [964, 33, 1, 1, 1, 1937, 1015, 0, 0, 1, 2, 1, 0, 2, 2]),
 (16, [1022, 42, 0, 1, 1, 1915, 1028, 0, 0, 0, 2, 1, 1, 0, 0]),
 (16, [1175, 83, 1, 1, 0, 1219, 1874, 0, 0, 1, 4, 0, 0, 0, 1]),
 (16, [1177, 36, 0, 0, 0, 657, 616, 0, 0, 2, 4, 0, 1, 0, 1]),
 (16, [1182, 15, 0, 1, 1, 1004, 1503, 0, 1, 0, 3, 0, 2, 1, 2]),
 (16, [1265, 13, 0, 0, 0, 1081, 1477, 1, 1, 0, 1, 0, 1, 1, 0]),
 (16, [1446, 106, 1, 1, 0, 1139, 1143, 0, 1, 0, 0, 1, 2, 2, 1]),
 (16, [1534, 69, 1, 1, 1, 712, 1380, 1, 1, 1, 4, 1, 2, 2, 0]),
 (16, [1553, 18, 0, 1, 0, 1539, 1321, 1, 0, 1, 3, 0, 1, 2, 0]),
 (16, [1580, 21, 1, 0, 1, 2000, 1124, 1, 0, 0, 0, 1, 1, 2, 2]),
 (16, [1696, 24, 0, 1, 1, 1400, 1181, 1, 0, 0, 2, 0, 0, 0, 1]),
 (16, [1815, 93, 1, 0, 1, 1984, 944, 1, 0, 1, 4, 1, 2, 1, 1]),
 (16, [1887, 87, 0, 0, 0, 1293, 1706, 0, 0, 0, 0, 1, 0, 1, 0]),
 (16, [1931, 77, 1, 0, 1, 768, 771, 1, 0, 2, 4, 1, 1, 2, 1]),
 (999, [966, 81, 1, 0, 1, 1160, 793, 1, 0, 3, 2, 0, 1, 2, 0]),
 (999, [1037, 101, 0, 0, 1, 640, 971, 0, 1, 3, 5, 0, 1, 1, 2]),
 (999, [1170, 36, 0, 1, 1, 1369, 653, 0, 1, 0, 5, 0, 1, 1, 0]),
 (999, [1221, 32, 1, 1, 1, 1904, 720, 1, 0, 3, 3, 0, 2, 2, 2]),
 (999, [1683, 59, 0, 1, 0, 634, 1908, 1, 1, 0, 5, 1, 1, 0, 0]),
 (999, [1787, 11, 0, 0, 1, 1825, 1667, 1, 0, 3, 3, 1, 2, 0, 2])]
Selected
[(12, [974, 35, 1, 1, 0, 1285, 1222, 1, 1, 0, 2, 0, 0, 1, 1]),
 (12, [831, 119, 1, 0, 0, 1499, 1089, 1, 0, 2, 1, 0, 0, 1, 2]),
 (12, [1350, 53, 1, 1, 1, 1511, 1690, 1, 1, 0, 0, 0, 0, 1, 1]),
 (16, [1175, 83, 1, 1, 0, 1219, 1874, 0, 0, 1, 4, 0, 0, 0, 1]),
 (12, [1900, 51, 1, 1, 1, 1177, 1776, 0, 0, 0, 3, 1, 0, 1, 2]),
 (12, [798, 49, 0, 1, 1, 1621, 538, 0, 0, 1, 1, 1, 0, 0, 2]),
 (12, [739, 90, 0, 0, 1, 1374, 1495, 1, 1, 0, 2, 0, 0, 0, 0]),
 (16, [610, 71, 0, 1, 1, 705, 2041, 0, 0, 1, 4, 0, 2, 0, 1]),
 (12, [1900, 51, 1, 1, 1, 1177, 1776, 0, 0, 0, 3, 1, 0, 1, 2]),
 (12, [798, 49, 0, 1, 1, 1621, 538, 0, 0, 1, 1, 1, 0, 0, 2]),
 (12, [831, 119, 1, 0, 0, 1499, 1089, 1, 0, 2, 1, 0, 0, 1, 2]),
 (12, [831, 119, 1, 0, 0, 1499, 1089, 1, 0, 2, 1, 0, 0, 1, 2]),
 (12, [1297, 49, 1, 1, 1, 588, 1528, 0, 1, 1, 4, 0, 1, 1, 1]),
 (12, [1900, 51, 1, 1, 1, 1177, 1776, 0, 0, 0, 3, 1, 0, 1, 2]),
 (16, [1175, 83, 1, 1, 0, 1219, 1874, 0, 0, 1, 4, 0, 0, 0, 1]),
 (12, [831, 119, 1, 0, 0, 1499, 1089, 1, 0, 2, 1, 0, 0, 1, 2]),
 (12, [798, 49, 0, 1, 1, 1621, 538, 0, 0, 1, 1, 1, 0, 0, 2]),
 (16, [537, 100, 0, 1, 0, 1491, 1073, 0, 0, 0, 0, 0, 0, 0, 2]),
 (12, [831, 119, 1, 0, 0, 1499, 1089, 1, 0, 2, 1, 0, 0, 1, 2]),
 (12, [798, 49, 0, 1, 1, 1621, 538, 0, 0, 1, 1, 1, 0, 0, 2]),
 (12, [1212, 95, 0, 1, 1, 1675, 1066, 0, 0, 1, 3, 1, 1, 1, 2]),
 (12, [932, 27, 1, 0, 1, 562, 637, 0, 0, 0, 2, 1, 1, 1, 0]),
 (12, [932, 27, 1, 0, 1, 562, 637, 0, 0, 0, 2, 1, 1, 1, 0]),
 (16, [1177, 36, 0, 0, 0, 657, 616, 0, 0, 2, 4, 0, 1, 0, 1]),
 (12, [1212, 95, 0, 1, 1, 1675, 1066, 0, 0, 1, 3, 1, 1, 1, 2]),
 (12, [739, 90, 0, 0, 1, 1374, 1495, 1, 1, 0, 2, 0, 0, 0, 0]),
 (12, [1212, 95, 0, 1, 1, 1675, 1066, 0, 0, 1, 3, 1, 1, 1, 2])]
population
[(999, [1787, 11, 0, 0, 1, 1825, 1667, 1, 0, 3, 3, 1, 2, 0, 2]),
 (999, [1683, 59, 0, 1, 0, 634, 1908, 1, 1, 0, 5, 1, 1, 0, 0]),
 (999, [1221, 32, 1, 1, 1, 1904, 720, 1, 0, 3, 3, 0, 2, 2, 2]),
 (999, [1170, 36, 0, 1, 1, 1369, 653, 0, 1, 0, 5, 0, 1, 1, 0]),
 (999, [1037, 101, 0, 0, 1, 640, 971, 0, 1, 3, 5, 0, 1, 1, 2]),
 (999, [966, 81, 1, 0, 1, 1160, 793, 1, 0, 3, 2, 0, 1, 2, 0]),
 (16, [1931, 77, 1, 0, 1, 768, 771, 1, 0, 2, 4, 1, 1, 2, 1]),
 (16, [1887, 87, 0, 0, 0, 1293, 1706, 0, 0, 0, 0, 1, 0, 1, 0]),
 (16, [1815, 93, 1, 0, 1, 1984, 944, 1, 0, 1, 4, 1, 2, 1, 1]),
 (16, [1696, 24, 0, 1, 1, 1400, 1181, 1, 0, 0, 2, 0, 0, 0, 1]),
 (16, [1580, 21, 1, 0, 1, 2000, 1124, 1, 0, 0, 0, 1, 1, 2, 2]),
 (16, [1553, 18, 0, 1, 0, 1539, 1321, 1, 0, 1, 3, 0, 1, 2, 0]),
 (16, [1534, 69, 1, 1, 1, 712, 1380, 1, 1, 1, 4, 1, 2, 2, 0]),
 (16, [1446, 106, 1, 1, 0, 1139, 1143, 0, 1, 0, 0, 1, 2, 2, 1]),
 (16, [1265, 13, 0, 0, 0, 1081, 1477, 1, 1, 0, 1, 0, 1, 1, 0]),
 (16, [1182, 15, 0, 1, 1, 1004, 1503, 0, 1, 0, 3, 0, 2, 1, 2]),
 (16, [1177, 36, 0, 0, 0, 657, 616, 0, 0, 2, 4, 0, 1, 0, 1]),
 (16, [1175, 83, 1, 1, 0, 1219, 1874, 0, 0, 1, 4, 0, 0, 0, 1]),
 (16, [1022, 42, 0, 1, 1, 1915, 1028, 0, 0, 0, 2, 1, 1, 0, 0]),
 (16, [964, 33, 1, 1, 1, 1937, 1015, 0, 0, 1, 2, 1, 0, 2, 2]),
 (16, [846, 105, 0, 1, 0, 1370, 775, 1, 1, 1, 0, 0, 1, 2, 2]),
 (16, [610, 71, 0, 1, 1, 705, 2041, 0, 0, 1, 4, 0, 2, 0, 1]),
 (16, [537, 100, 0, 1, 0, 1491, 1073, 0, 0, 0, 0, 0, 0, 0, 2]),
 (12, [1900, 51, 1, 1, 1, 1177, 1776, 0, 0, 0, 3, 1, 0, 1, 2]),
 (12, [1350, 53, 1, 1, 1, 1511, 1690, 1, 1, 0, 0, 0, 0, 1, 1]),
 (12, [1297, 49, 1, 1, 1, 588, 1528, 0, 1, 1, 4, 0, 1, 1, 1]),
 (12, [1212, 95, 0, 1, 1, 1675, 1066, 0, 0, 1, 3, 1, 1, 1, 2]),
 (12, [974, 35, 1, 1, 0, 1285, 1222, 1, 1, 0, 2, 0, 0, 1, 1]),
 (12, [932, 27, 1, 0, 1, 562, 637, 0, 0, 0, 2, 1, 1, 1, 0]),
 (12, [831, 119, 1, 0, 0, 1499, 1089, 1, 0, 2, 1, 0, 0, 1, 2]),
 (12, [798, 49, 0, 1, 1, 1621, 538, 0, 0, 1, 1, 1, 0, 0, 2]),
 (12, [739, 90, 0, 0, 1, 1374, 1495, 1, 1, 0, 2, 0, 0, 0, 0])]
scored
[(12, [739, 90, 0, 0, 1, 1374, 1495, 1, 1, 0, 2, 0, 0, 0, 0]),
 (12, [798, 49, 0, 1, 1, 1621, 538, 0, 0, 1, 1, 1, 0, 0, 2]),
 (12, [831, 119, 1, 0, 0, 1499, 1089, 1, 0, 2, 1, 0, 0, 1, 2]),
 (12, [932, 27, 1, 0, 1, 562, 637, 0, 0, 0, 2, 1, 1, 1, 0]),
 (12, [974, 35, 1, 1, 0, 1285, 1222, 1, 1, 0, 2, 0, 0, 1, 1]),
 (12, [1212, 95, 0, 1, 1, 1675, 1066, 0, 0, 1, 3, 1, 1, 1, 2]),
 (12, [1297, 49, 1, 1, 1, 588, 1528, 0, 1, 1, 4, 0, 1, 1, 1]),
 (12, [1350, 53, 1, 1, 1, 1511, 1690, 1, 1, 0, 0, 0, 0, 1, 1]),
 (12, [1900, 51, 1, 1, 1, 1177, 1776, 0, 0, 0, 3, 1, 0, 1, 2]),
 (16, [537, 100, 0, 1, 0, 1491, 1073, 0, 0, 0, 0, 0, 0, 0, 2]),
 (16, [610, 71, 0, 1, 1, 705, 2041, 0, 0, 1, 4, 0, 2, 0, 1]),
 (16, [846, 105, 0, 1, 0, 1370, 775, 1, 1, 1, 0, 0, 1, 2, 2]),
 (16, [964, 33, 1, 1, 1, 1937, 1015, 0, 0, 1, 2, 1, 0, 2, 2]),
 (16, [1022, 42, 0, 1, 1, 1915, 1028, 0, 0, 0, 2, 1, 1, 0, 0]),
 (16, [1175, 83, 1, 1, 0, 1219, 1874, 0, 0, 1, 4, 0, 0, 0, 1]),
 (16, [1177, 36, 0, 0, 0, 657, 616, 0, 0, 2, 4, 0, 1, 0, 1]),
 (16, [1182, 15, 0, 1, 1, 1004, 1503, 0, 1, 0, 3, 0, 2, 1, 2]),
 (16, [1265, 13, 0, 0, 0, 1081, 1477, 1, 1, 0, 1, 0, 1, 1, 0]),
 (16, [1446, 106, 1, 1, 0, 1139, 1143, 0, 1, 0, 0, 1, 2, 2, 1]),
 (16, [1534, 69, 1, 1, 1, 712, 1380, 1, 1, 1, 4, 1, 2, 2, 0]),
 (16, [1553, 18, 0, 1, 0, 1539, 1321, 1, 0, 1, 3, 0, 1, 2, 0]),
 (16, [1580, 21, 1, 0, 1, 2000, 1124, 1, 0, 0, 0, 1, 1, 2, 2]),
 (16, [1696, 24, 0, 1, 1, 1400, 1181, 1, 0, 0, 2, 0, 0, 0, 1]),
 (16, [1815, 93, 1, 0, 1, 1984, 944, 1, 0, 1, 4, 1, 2, 1, 1]),
 (16, [1887, 87, 0, 0, 0, 1293, 1706, 0, 0, 0, 0, 1, 0, 1, 0]),
 (16, [1931, 77, 1, 0, 1, 768, 771, 1, 0, 2, 4, 1, 1, 2, 1]),
 (999, [966, 81, 1, 0, 1, 1160, 793, 1, 0, 3, 2, 0, 1, 2, 0]),
 (999, [1037, 101, 0, 0, 1, 640, 971, 0, 1, 3, 5, 0, 1, 1, 2]),
 (999, [1170, 36, 0, 1, 1, 1369, 653, 0, 1, 0, 5, 0, 1, 1, 0]),
 (999, [1221, 32, 1, 1, 1, 1904, 720, 1, 0, 3, 3, 0, 2, 2, 2]),
 (999, [1683, 59, 0, 1, 0, 634, 1908, 1, 1, 0, 5, 1, 1, 0, 0]),
 (999, [1787, 11, 0, 0, 1, 1825, 1667, 1, 0, 3, 3, 1, 2, 0, 2])]
Selected
[(12, [932, 27, 1, 0, 1, 562, 637, 0, 0, 0, 2, 1, 1, 1, 0]),
 (16, [1580, 21, 1, 0, 1, 2000, 1124, 1, 0, 0, 0, 1, 1, 2, 2]),
 (12, [739, 90, 0, 0, 1, 1374, 1495, 1, 1, 0, 2, 0, 0, 0, 0]),
 (12, [798, 49, 0, 1, 1, 1621, 538, 0, 0, 1, 1, 1, 0, 0, 2]),
 (12, [974, 35, 1, 1, 0, 1285, 1222, 1, 1, 0, 2, 0, 0, 1, 1]),
 (12, [798, 49, 0, 1, 1, 1621, 538, 0, 0, 1, 1, 1, 0, 0, 2]),
 (16, [537, 100, 0, 1, 0, 1491, 1073, 0, 0, 0, 0, 0, 0, 0, 2]),
 (12, [1297, 49, 1, 1, 1, 588, 1528, 0, 1, 1, 4, 0, 1, 1, 1]),
 (12, [831, 119, 1, 0, 0, 1499, 1089, 1, 0, 2, 1, 0, 0, 1, 2]),
 (12, [1297, 49, 1, 1, 1, 588, 1528, 0, 1, 1, 4, 0, 1, 1, 1]),
 (12, [1350, 53, 1, 1, 1, 1511, 1690, 1, 1, 0, 0, 0, 0, 1, 1]),
 (12, [831, 119, 1, 0, 0, 1499, 1089, 1, 0, 2, 1, 0, 0, 1, 2]),
 (12, [831, 119, 1, 0, 0, 1499, 1089, 1, 0, 2, 1, 0, 0, 1, 2]),
 (12, [798, 49, 0, 1, 1, 1621, 538, 0, 0, 1, 1, 1, 0, 0, 2]),
 (12, [798, 49, 0, 1, 1, 1621, 538, 0, 0, 1, 1, 1, 0, 0, 2]),
 (16, [1446, 106, 1, 1, 0, 1139, 1143, 0, 1, 0, 0, 1, 2, 2, 1]),
 (16, [846, 105, 0, 1, 0, 1370, 775, 1, 1, 1, 0, 0, 1, 2, 2]),
 (16, [1022, 42, 0, 1, 1, 1915, 1028, 0, 0, 0, 2, 1, 1, 0, 0]),
 (16, [1177, 36, 0, 0, 0, 657, 616, 0, 0, 2, 4, 0, 1, 0, 1]),
 (12, [739, 90, 0, 0, 1, 1374, 1495, 1, 1, 0, 2, 0, 0, 0, 0]),
 (12, [1900, 51, 1, 1, 1, 1177, 1776, 0, 0, 0, 3, 1, 0, 1, 2]),
 (16, [1580, 21, 1, 0, 1, 2000, 1124, 1, 0, 0, 0, 1, 1, 2, 2]),
 (12, [831, 119, 1, 0, 0, 1499, 1089, 1, 0, 2, 1, 0, 0, 1, 2]),
 (16, [537, 100, 0, 1, 0, 1491, 1073, 0, 0, 0, 0, 0, 0, 0, 2]),
 (16, [964, 33, 1, 1, 1, 1937, 1015, 0, 0, 1, 2, 1, 0, 2, 2]),
 (12, [1350, 53, 1, 1, 1, 1511, 1690, 1, 1, 0, 0, 0, 0, 1, 1]),
 (12, [974, 35, 1, 1, 0, 1285, 1222, 1, 1, 0, 2, 0, 0, 1, 1])]
population
[(999, [1787, 11, 0, 0, 1, 1825, 1667, 1, 0, 3, 3, 1, 2, 0, 2]),
 (999, [1683, 59, 0, 1, 0, 634, 1908, 1, 1, 0, 5, 1, 1, 0, 0]),
 (999, [1221, 32, 1, 1, 1, 1904, 720, 1, 0, 3, 3, 0, 2, 2, 2]),
 (999, [1170, 36, 0, 1, 1, 1369, 653, 0, 1, 0, 5, 0, 1, 1, 0]),
 (999, [1037, 101, 0, 0, 1, 640, 971, 0, 1, 3, 5, 0, 1, 1, 2]),
 (999, [966, 81, 1, 0, 1, 1160, 793, 1, 0, 3, 2, 0, 1, 2, 0]),
 (16, [1931, 77, 1, 0, 1, 768, 771, 1, 0, 2, 4, 1, 1, 2, 1]),
 (16, [1887, 87, 0, 0, 0, 1293, 1706, 0, 0, 0, 0, 1, 0, 1, 0]),
 (16, [1815, 93, 1, 0, 1, 1984, 944, 1, 0, 1, 4, 1, 2, 1, 1]),
 (16, [1696, 24, 0, 1, 1, 1400, 1181, 1, 0, 0, 2, 0, 0, 0, 1]),
 (16, [1580, 21, 1, 0, 1, 2000, 1124, 1, 0, 0, 0, 1, 1, 2, 2]),
 (16, [1553, 18, 0, 1, 0, 1539, 1321, 1, 0, 1, 3, 0, 1, 2, 0]),
 (16, [1534, 69, 1, 1, 1, 712, 1380, 1, 1, 1, 4, 1, 2, 2, 0]),
 (16, [1446, 106, 1, 1, 0, 1139, 1143, 0, 1, 0, 0, 1, 2, 2, 1]),
 (16, [1265, 13, 0, 0, 0, 1081, 1477, 1, 1, 0, 1, 0, 1, 1, 0]),
 (16, [1182, 15, 0, 1, 1, 1004, 1503, 0, 1, 0, 3, 0, 2, 1, 2]),
 (16, [1177, 36, 0, 0, 0, 657, 616, 0, 0, 2, 4, 0, 1, 0, 1]),
 (16, [1175, 83, 1, 1, 0, 1219, 1874, 0, 0, 1, 4, 0, 0, 0, 1]),
 (16, [1022, 42, 0, 1, 1, 1915, 1028, 0, 0, 0, 2, 1, 1, 0, 0]),
 (16, [964, 33, 1, 1, 1, 1937, 1015, 0, 0, 1, 2, 1, 0, 2, 2]),
 (16, [846, 105, 0, 1, 0, 1370, 775, 1, 1, 1, 0, 0, 1, 2, 2]),
 (16, [610, 71, 0, 1, 1, 705, 2041, 0, 0, 1, 4, 0, 2, 0, 1]),
 (16, [537, 100, 0, 1, 0, 1491, 1073, 0, 0, 0, 0, 0, 0, 0, 2]),
 (12, [1900, 51, 1, 1, 1, 1177, 1776, 0, 0, 0, 3, 1, 0, 1, 2]),
 (12, [1350, 53, 1, 1, 1, 1511, 1690, 1, 1, 0, 0, 0, 0, 1, 1]),
 (12, [1297, 49, 1, 1, 1, 588, 1528, 0, 1, 1, 4, 0, 1, 1, 1]),
 (12, [1212, 95, 0, 1, 1, 1675, 1066, 0, 0, 1, 3, 1, 1, 1, 2]),
 (12, [974, 35, 1, 1, 0, 1285, 1222, 1, 1, 0, 2, 0, 0, 1, 1]),
 (12, [932, 27, 1, 0, 1, 562, 637, 0, 0, 0, 2, 1, 1, 1, 0]),
 (12, [831, 119, 1, 0, 0, 1499, 1089, 1, 0, 2, 1, 0, 0, 1, 2]),
 (12, [798, 49, 0, 1, 1, 1621, 538, 0, 0, 1, 1, 1, 0, 0, 2]),
 (12, [739, 90, 0, 0, 1, 1374, 1495, 1, 1, 0, 2, 0, 0, 0, 0])]
scored
[(12, [739, 90, 0, 0, 1, 1374, 1495, 1, 1, 0, 2, 0, 0, 0, 0]),
 (12, [798, 49, 0, 1, 1, 1621, 538, 0, 0, 1, 1, 1, 0, 0, 2]),
 (12, [831, 119, 1, 0, 0, 1499, 1089, 1, 0, 2, 1, 0, 0, 1, 2]),
 (12, [932, 27, 1, 0, 1, 562, 637, 0, 0, 0, 2, 1, 1, 1, 0]),
 (12, [974, 35, 1, 1, 0, 1285, 1222, 1, 1, 0, 2, 0, 0, 1, 1]),
 (12, [1212, 95, 0, 1, 1, 1675, 1066, 0, 0, 1, 3, 1, 1, 1, 2]),
 (12, [1297, 49, 1, 1, 1, 588, 1528, 0, 1, 1, 4, 0, 1, 1, 1]),
 (12, [1350, 53, 1, 1, 1, 1511, 1690, 1, 1, 0, 0, 0, 0, 1, 1]),
 (12, [1900, 51, 1, 1, 1, 1177, 1776, 0, 0, 0, 3, 1, 0, 1, 2]),
 (16, [537, 100, 0, 1, 0, 1491, 1073, 0, 0, 0, 0, 0, 0, 0, 2]),
 (16, [610, 71, 0, 1, 1, 705, 2041, 0, 0, 1, 4, 0, 2, 0, 1]),
 (16, [846, 105, 0, 1, 0, 1370, 775, 1, 1, 1, 0, 0, 1, 2, 2]),
 (16, [964, 33, 1, 1, 1, 1937, 1015, 0, 0, 1, 2, 1, 0, 2, 2]),
 (16, [1022, 42, 0, 1, 1, 1915, 1028, 0, 0, 0, 2, 1, 1, 0, 0]),
 (16, [1175, 83, 1, 1, 0, 1219, 1874, 0, 0, 1, 4, 0, 0, 0, 1]),
 (16, [1177, 36, 0, 0, 0, 657, 616, 0, 0, 2, 4, 0, 1, 0, 1]),
 (16, [1182, 15, 0, 1, 1, 1004, 1503, 0, 1, 0, 3, 0, 2, 1, 2]),
 (16, [1265, 13, 0, 0, 0, 1081, 1477, 1, 1, 0, 1, 0, 1, 1, 0]),
 (16, [1446, 106, 1, 1, 0, 1139, 1143, 0, 1, 0, 0, 1, 2, 2, 1]),
 (16, [1534, 69, 1, 1, 1, 712, 1380, 1, 1, 1, 4, 1, 2, 2, 0]),
 (16, [1553, 18, 0, 1, 0, 1539, 1321, 1, 0, 1, 3, 0, 1, 2, 0]),
 (16, [1580, 21, 1, 0, 1, 2000, 1124, 1, 0, 0, 0, 1, 1, 2, 2]),
 (16, [1696, 24, 0, 1, 1, 1400, 1181, 1, 0, 0, 2, 0, 0, 0, 1]),
 (16, [1815, 93, 1, 0, 1, 1984, 944, 1, 0, 1, 4, 1, 2, 1, 1]),
 (16, [1887, 87, 0, 0, 0, 1293, 1706, 0, 0, 0, 0, 1, 0, 1, 0]),
 (16, [1931, 77, 1, 0, 1, 768, 771, 1, 0, 2, 4, 1, 1, 2, 1]),
 (999, [966, 81, 1, 0, 1, 1160, 793, 1, 0, 3, 2, 0, 1, 2, 0]),
 (999, [1037, 101, 0, 0, 1, 640, 971, 0, 1, 3, 5, 0, 1, 1, 2]),
 (999, [1170, 36, 0, 1, 1, 1369, 653, 0, 1, 0, 5, 0, 1, 1, 0]),
 (999, [1221, 32, 1, 1, 1, 1904, 720, 1, 0, 3, 3, 0, 2, 2, 2]),
 (999, [1683, 59, 0, 1, 0, 634, 1908, 1, 1, 0, 5, 1, 1, 0, 0]),
 (999, [1787, 11, 0, 0, 1, 1825, 1667, 1, 0, 3, 3, 1, 2, 0, 2])]
Selected
[(12, [1350, 53, 1, 1, 1, 1511, 1690, 1, 1, 0, 0, 0, 0, 1, 1]),
 (12, [798, 49, 0, 1, 1, 1621, 538, 0, 0, 1, 1, 1, 0, 0, 2]),
 (12, [974, 35, 1, 1, 0, 1285, 1222, 1, 1, 0, 2, 0, 0, 1, 1]),
 (12, [798, 49, 0, 1, 1, 1621, 538, 0, 0, 1, 1, 1, 0, 0, 2]),
 (12, [1212, 95, 0, 1, 1, 1675, 1066, 0, 0, 1, 3, 1, 1, 1, 2]),
 (12, [1297, 49, 1, 1, 1, 588, 1528, 0, 1, 1, 4, 0, 1, 1, 1]),
 (12, [831, 119, 1, 0, 0, 1499, 1089, 1, 0, 2, 1, 0, 0, 1, 2]),
 (12, [974, 35, 1, 1, 0, 1285, 1222, 1, 1, 0, 2, 0, 0, 1, 1]),
 (12, [1297, 49, 1, 1, 1, 588, 1528, 0, 1, 1, 4, 0, 1, 1, 1]),
 (12, [831, 119, 1, 0, 0, 1499, 1089, 1, 0, 2, 1, 0, 0, 1, 2]),
 (12, [932, 27, 1, 0, 1, 562, 637, 0, 0, 0, 2, 1, 1, 1, 0]),
 (12, [1212, 95, 0, 1, 1, 1675, 1066, 0, 0, 1, 3, 1, 1, 1, 2]),
 (12, [831, 119, 1, 0, 0, 1499, 1089, 1, 0, 2, 1, 0, 0, 1, 2]),
 (12, [739, 90, 0, 0, 1, 1374, 1495, 1, 1, 0, 2, 0, 0, 0, 0]),
 (12, [798, 49, 0, 1, 1, 1621, 538, 0, 0, 1, 1, 1, 0, 0, 2]),
 (16, [1022, 42, 0, 1, 1, 1915, 1028, 0, 0, 0, 2, 1, 1, 0, 0]),
 (12, [798, 49, 0, 1, 1, 1621, 538, 0, 0, 1, 1, 1, 0, 0, 2]),
 (12, [1297, 49, 1, 1, 1, 588, 1528, 0, 1, 1, 4, 0, 1, 1, 1]),
 (12, [831, 119, 1, 0, 0, 1499, 1089, 1, 0, 2, 1, 0, 0, 1, 2]),
 (12, [798, 49, 0, 1, 1, 1621, 538, 0, 0, 1, 1, 1, 0, 0, 2]),
 (12, [831, 119, 1, 0, 0, 1499, 1089, 1, 0, 2, 1, 0, 0, 1, 2]),
 (12, [739, 90, 0, 0, 1, 1374, 1495, 1, 1, 0, 2, 0, 0, 0, 0]),
 (12, [1900, 51, 1, 1, 1, 1177, 1776, 0, 0, 0, 3, 1, 0, 1, 2]),
 (16, [1177, 36, 0, 0, 0, 657, 616, 0, 0, 2, 4, 0, 1, 0, 1]),
 (12, [974, 35, 1, 1, 0, 1285, 1222, 1, 1, 0, 2, 0, 0, 1, 1]),
 (12, [1212, 95, 0, 1, 1, 1675, 1066, 0, 0, 1, 3, 1, 1, 1, 2]),
 (16, [1580, 21, 1, 0, 1, 2000, 1124, 1, 0, 0, 0, 1, 1, 2, 2])]
population
[(999, [1787, 11, 0, 0, 1, 1825, 1667, 1, 0, 3, 3, 1, 2, 0, 2]),
 (999, [1683, 59, 0, 1, 0, 634, 1908, 1, 1, 0, 5, 1, 1, 0, 0]),
 (999, [1221, 32, 1, 1, 1, 1904, 720, 1, 0, 3, 3, 0, 2, 2, 2]),
 (999, [1170, 36, 0, 1, 1, 1369, 653, 0, 1, 0, 5, 0, 1, 1, 0]),
 (999, [1037, 101, 0, 0, 1, 640, 971, 0, 1, 3, 5, 0, 1, 1, 2]),
 (999, [966, 81, 1, 0, 1, 1160, 793, 1, 0, 3, 2, 0, 1, 2, 0]),
 (16, [1931, 77, 1, 0, 1, 768, 771, 1, 0, 2, 4, 1, 1, 2, 1]),
 (16, [1887, 87, 0, 0, 0, 1293, 1706, 0, 0, 0, 0, 1, 0, 1, 0]),
 (16, [1815, 93, 1, 0, 1, 1984, 944, 1, 0, 1, 4, 1, 2, 1, 1]),
 (16, [1696, 24, 0, 1, 1, 1400, 1181, 1, 0, 0, 2, 0, 0, 0, 1]),
 (16, [1580, 21, 1, 0, 1, 2000, 1124, 1, 0, 0, 0, 1, 1, 2, 2]),
 (16, [1553, 18, 0, 1, 0, 1539, 1321, 1, 0, 1, 3, 0, 1, 2, 0]),
 (16, [1534, 69, 1, 1, 1, 712, 1380, 1, 1, 1, 4, 1, 2, 2, 0]),
 (16, [1446, 106, 1, 1, 0, 1139, 1143, 0, 1, 0, 0, 1, 2, 2, 1]),
 (16, [1265, 13, 0, 0, 0, 1081, 1477, 1, 1, 0, 1, 0, 1, 1, 0]),
 (16, [1182, 15, 0, 1, 1, 1004, 1503, 0, 1, 0, 3, 0, 2, 1, 2]),
 (16, [1177, 36, 0, 0, 0, 657, 616, 0, 0, 2, 4, 0, 1, 0, 1]),
 (16, [1175, 83, 1, 1, 0, 1219, 1874, 0, 0, 1, 4, 0, 0, 0, 1]),
 (16, [1022, 42, 0, 1, 1, 1915, 1028, 0, 0, 0, 2, 1, 1, 0, 0]),
 (16, [964, 33, 1, 1, 1, 1937, 1015, 0, 0, 1, 2, 1, 0, 2, 2]),
 (16, [846, 105, 0, 1, 0, 1370, 775, 1, 1, 1, 0, 0, 1, 2, 2]),
 (16, [610, 71, 0, 1, 1, 705, 2041, 0, 0, 1, 4, 0, 2, 0, 1]),
 (16, [537, 100, 0, 1, 0, 1491, 1073, 0, 0, 0, 0, 0, 0, 0, 2]),
 (12, [1900, 51, 1, 1, 1, 1177, 1776, 0, 0, 0, 3, 1, 0, 1, 2]),
 (12, [1350, 53, 1, 1, 1, 1511, 1690, 1, 1, 0, 0, 0, 0, 1, 1]),
 (12, [1297, 49, 1, 1, 1, 588, 1528, 0, 1, 1, 4, 0, 1, 1, 1]),
 (12, [1212, 95, 0, 1, 1, 1675, 1066, 0, 0, 1, 3, 1, 1, 1, 2]),
 (12, [974, 35, 1, 1, 0, 1285, 1222, 1, 1, 0, 2, 0, 0, 1, 1]),
 (12, [932, 27, 1, 0, 1, 562, 637, 0, 0, 0, 2, 1, 1, 1, 0]),
 (12, [831, 119, 1, 0, 0, 1499, 1089, 1, 0, 2, 1, 0, 0, 1, 2]),
 (12, [798, 49, 0, 1, 1, 1621, 538, 0, 0, 1, 1, 1, 0, 0, 2]),
 (12, [739, 90, 0, 0, 1, 1374, 1495, 1, 1, 0, 2, 0, 0, 0, 0])]
scored
[(12, [739, 90, 0, 0, 1, 1374, 1495, 1, 1, 0, 2, 0, 0, 0, 0]),
 (12, [798, 49, 0, 1, 1, 1621, 538, 0, 0, 1, 1, 1, 0, 0, 2]),
 (12, [831, 119, 1, 0, 0, 1499, 1089, 1, 0, 2, 1, 0, 0, 1, 2]),
 (12, [932, 27, 1, 0, 1, 562, 637, 0, 0, 0, 2, 1, 1, 1, 0]),
 (12, [974, 35, 1, 1, 0, 1285, 1222, 1, 1, 0, 2, 0, 0, 1, 1]),
 (12, [1212, 95, 0, 1, 1, 1675, 1066, 0, 0, 1, 3, 1, 1, 1, 2]),
 (12, [1297, 49, 1, 1, 1, 588, 1528, 0, 1, 1, 4, 0, 1, 1, 1]),
 (12, [1350, 53, 1, 1, 1, 1511, 1690, 1, 1, 0, 0, 0, 0, 1, 1]),
 (12, [1900, 51, 1, 1, 1, 1177, 1776, 0, 0, 0, 3, 1, 0, 1, 2]),
 (16, [537, 100, 0, 1, 0, 1491, 1073, 0, 0, 0, 0, 0, 0, 0, 2]),
 (16, [610, 71, 0, 1, 1, 705, 2041, 0, 0, 1, 4, 0, 2, 0, 1]),
 (16, [846, 105, 0, 1, 0, 1370, 775, 1, 1, 1, 0, 0, 1, 2, 2]),
 (16, [964, 33, 1, 1, 1, 1937, 1015, 0, 0, 1, 2, 1, 0, 2, 2]),
 (16, [1022, 42, 0, 1, 1, 1915, 1028, 0, 0, 0, 2, 1, 1, 0, 0]),
 (16, [1175, 83, 1, 1, 0, 1219, 1874, 0, 0, 1, 4, 0, 0, 0, 1]),
 (16, [1177, 36, 0, 0, 0, 657, 616, 0, 0, 2, 4, 0, 1, 0, 1]),
 (16, [1182, 15, 0, 1, 1, 1004, 1503, 0, 1, 0, 3, 0, 2, 1, 2]),
 (16, [1265, 13, 0, 0, 0, 1081, 1477, 1, 1, 0, 1, 0, 1, 1, 0]),
 (16, [1446, 106, 1, 1, 0, 1139, 1143, 0, 1, 0, 0, 1, 2, 2, 1]),
 (16, [1534, 69, 1, 1, 1, 712, 1380, 1, 1, 1, 4, 1, 2, 2, 0]),
 (16, [1553, 18, 0, 1, 0, 1539, 1321, 1, 0, 1, 3, 0, 1, 2, 0]),
 (16, [1580, 21, 1, 0, 1, 2000, 1124, 1, 0, 0, 0, 1, 1, 2, 2]),
 (16, [1696, 24, 0, 1, 1, 1400, 1181, 1, 0, 0, 2, 0, 0, 0, 1]),
 (16, [1815, 93, 1, 0, 1, 1984, 944, 1, 0, 1, 4, 1, 2, 1, 1]),
 (16, [1887, 87, 0, 0, 0, 1293, 1706, 0, 0, 0, 0, 1, 0, 1, 0]),
 (16, [1931, 77, 1, 0, 1, 768, 771, 1, 0, 2, 4, 1, 1, 2, 1]),
 (999, [966, 81, 1, 0, 1, 1160, 793, 1, 0, 3, 2, 0, 1, 2, 0]),
 (999, [1037, 101, 0, 0, 1, 640, 971, 0, 1, 3, 5, 0, 1, 1, 2]),
 (999, [1170, 36, 0, 1, 1, 1369, 653, 0, 1, 0, 5, 0, 1, 1, 0]),
 (999, [1221, 32, 1, 1, 1, 1904, 720, 1, 0, 3, 3, 0, 2, 2, 2]),
 (999, [1683, 59, 0, 1, 0, 634, 1908, 1, 1, 0, 5, 1, 1, 0, 0]),
 (999, [1787, 11, 0, 0, 1, 1825, 1667, 1, 0, 3, 3, 1, 2, 0, 2])]
Selected
[(12, [932, 27, 1, 0, 1, 562, 637, 0, 0, 0, 2, 1, 1, 1, 0]),
 (16, [846, 105, 0, 1, 0, 1370, 775, 1, 1, 1, 0, 0, 1, 2, 2]),
 (12, [798, 49, 0, 1, 1, 1621, 538, 0, 0, 1, 1, 1, 0, 0, 2]),
 (12, [798, 49, 0, 1, 1, 1621, 538, 0, 0, 1, 1, 1, 0, 0, 2]),
 (16, [537, 100, 0, 1, 0, 1491, 1073, 0, 0, 0, 0, 0, 0, 0, 2]),
 (12, [798, 49, 0, 1, 1, 1621, 538, 0, 0, 1, 1, 1, 0, 0, 2]),
 (12, [974, 35, 1, 1, 0, 1285, 1222, 1, 1, 0, 2, 0, 0, 1, 1]),
 (12, [1350, 53, 1, 1, 1, 1511, 1690, 1, 1, 0, 0, 0, 0, 1, 1]),
 (12, [739, 90, 0, 0, 1, 1374, 1495, 1, 1, 0, 2, 0, 0, 0, 0]),
 (12, [739, 90, 0, 0, 1, 1374, 1495, 1, 1, 0, 2, 0, 0, 0, 0]),
 (12, [798, 49, 0, 1, 1, 1621, 538, 0, 0, 1, 1, 1, 0, 0, 2]),
 (12, [1212, 95, 0, 1, 1, 1675, 1066, 0, 0, 1, 3, 1, 1, 1, 2]),
 (12, [1900, 51, 1, 1, 1, 1177, 1776, 0, 0, 0, 3, 1, 0, 1, 2]),
 (12, [739, 90, 0, 0, 1, 1374, 1495, 1, 1, 0, 2, 0, 0, 0, 0]),
 (12, [1297, 49, 1, 1, 1, 588, 1528, 0, 1, 1, 4, 0, 1, 1, 1]),
 (16, [610, 71, 0, 1, 1, 705, 2041, 0, 0, 1, 4, 0, 2, 0, 1]),
 (12, [831, 119, 1, 0, 0, 1499, 1089, 1, 0, 2, 1, 0, 0, 1, 2]),
 (12, [1297, 49, 1, 1, 1, 588, 1528, 0, 1, 1, 4, 0, 1, 1, 1]),
 (16, [610, 71, 0, 1, 1, 705, 2041, 0, 0, 1, 4, 0, 2, 0, 1]),
 (12, [1350, 53, 1, 1, 1, 1511, 1690, 1, 1, 0, 0, 0, 0, 1, 1]),
 (12, [932, 27, 1, 0, 1, 562, 637, 0, 0, 0, 2, 1, 1, 1, 0]),
 (16, [537, 100, 0, 1, 0, 1491, 1073, 0, 0, 0, 0, 0, 0, 0, 2]),
 (12, [831, 119, 1, 0, 0, 1499, 1089, 1, 0, 2, 1, 0, 0, 1, 2]),
 (12, [1900, 51, 1, 1, 1, 1177, 1776, 0, 0, 0, 3, 1, 0, 1, 2]),
 (12, [974, 35, 1, 1, 0, 1285, 1222, 1, 1, 0, 2, 0, 0, 1, 1]),
 (12, [1212, 95, 0, 1, 1, 1675, 1066, 0, 0, 1, 3, 1, 1, 1, 2]),
 (12, [974, 35, 1, 1, 0, 1285, 1222, 1, 1, 0, 2, 0, 0, 1, 1])]
population
[(999, [1787, 11, 0, 0, 1, 1825, 1667, 1, 0, 3, 3, 1, 2, 0, 2]),
 (999, [1683, 59, 0, 1, 0, 634, 1908, 1, 1, 0, 5, 1, 1, 0, 0]),
 (999, [1221, 32, 1, 1, 1, 1904, 720, 1, 0, 3, 3, 0, 2, 2, 2]),
 (999, [1170, 36, 0, 1, 1, 1369, 653, 0, 1, 0, 5, 0, 1, 1, 0]),
 (999, [1037, 101, 0, 0, 1, 640, 971, 0, 1, 3, 5, 0, 1, 1, 2]),
 (999, [966, 81, 1, 0, 1, 1160, 793, 1, 0, 3, 2, 0, 1, 2, 0]),
 (16, [1931, 77, 1, 0, 1, 768, 771, 1, 0, 2, 4, 1, 1, 2, 1]),
 (16, [1887, 87, 0, 0, 0, 1293, 1706, 0, 0, 0, 0, 1, 0, 1, 0]),
 (16, [1815, 93, 1, 0, 1, 1984, 944, 1, 0, 1, 4, 1, 2, 1, 1]),
 (16, [1696, 24, 0, 1, 1, 1400, 1181, 1, 0, 0, 2, 0, 0, 0, 1]),
 (16, [1580, 21, 1, 0, 1, 2000, 1124, 1, 0, 0, 0, 1, 1, 2, 2]),
 (16, [1553, 18, 0, 1, 0, 1539, 1321, 1, 0, 1, 3, 0, 1, 2, 0]),
 (16, [1534, 69, 1, 1, 1, 712, 1380, 1, 1, 1, 4, 1, 2, 2, 0]),
 (16, [1446, 106, 1, 1, 0, 1139, 1143, 0, 1, 0, 0, 1, 2, 2, 1]),
 (16, [1265, 13, 0, 0, 0, 1081, 1477, 1, 1, 0, 1, 0, 1, 1, 0]),
 (16, [1182, 15, 0, 1, 1, 1004, 1503, 0, 1, 0, 3, 0, 2, 1, 2]),
 (16, [1177, 36, 0, 0, 0, 657, 616, 0, 0, 2, 4, 0, 1, 0, 1]),
 (16, [1175, 83, 1, 1, 0, 1219, 1874, 0, 0, 1, 4, 0, 0, 0, 1]),
 (16, [1022, 42, 0, 1, 1, 1915, 1028, 0, 0, 0, 2, 1, 1, 0, 0]),
 (16, [964, 33, 1, 1, 1, 1937, 1015, 0, 0, 1, 2, 1, 0, 2, 2]),
 (16, [846, 105, 0, 1, 0, 1370, 775, 1, 1, 1, 0, 0, 1, 2, 2]),
 (16, [610, 71, 0, 1, 1, 705, 2041, 0, 0, 1, 4, 0, 2, 0, 1]),
 (16, [537, 100, 0, 1, 0, 1491, 1073, 0, 0, 0, 0, 0, 0, 0, 2]),
 (12, [1900, 51, 1, 1, 1, 1177, 1776, 0, 0, 0, 3, 1, 0, 1, 2]),
 (12, [1350, 53, 1, 1, 1, 1511, 1690, 1, 1, 0, 0, 0, 0, 1, 1]),
 (12, [1297, 49, 1, 1, 1, 588, 1528, 0, 1, 1, 4, 0, 1, 1, 1]),
 (12, [1212, 95, 0, 1, 1, 1675, 1066, 0, 0, 1, 3, 1, 1, 1, 2]),
 (12, [974, 35, 1, 1, 0, 1285, 1222, 1, 1, 0, 2, 0, 0, 1, 1]),
 (12, [932, 27, 1, 0, 1, 562, 637, 0, 0, 0, 2, 1, 1, 1, 0]),
 (12, [831, 119, 1, 0, 0, 1499, 1089, 1, 0, 2, 1, 0, 0, 1, 2]),
 (12, [798, 49, 0, 1, 1, 1621, 538, 0, 0, 1, 1, 1, 0, 0, 2]),
 (12, [739, 90, 0, 0, 1, 1374, 1495, 1, 1, 0, 2, 0, 0, 0, 0])]
scored
[(12, [739, 90, 0, 0, 1, 1374, 1495, 1, 1, 0, 2, 0, 0, 0, 0]),
 (12, [798, 49, 0, 1, 1, 1621, 538, 0, 0, 1, 1, 1, 0, 0, 2]),
 (12, [831, 119, 1, 0, 0, 1499, 1089, 1, 0, 2, 1, 0, 0, 1, 2]),
 (12, [932, 27, 1, 0, 1, 562, 637, 0, 0, 0, 2, 1, 1, 1, 0]),
 (12, [974, 35, 1, 1, 0, 1285, 1222, 1, 1, 0, 2, 0, 0, 1, 1]),
 (12, [1212, 95, 0, 1, 1, 1675, 1066, 0, 0, 1, 3, 1, 1, 1, 2]),
 (12, [1297, 49, 1, 1, 1, 588, 1528, 0, 1, 1, 4, 0, 1, 1, 1]),
 (12, [1350, 53, 1, 1, 1, 1511, 1690, 1, 1, 0, 0, 0, 0, 1, 1]),
 (12, [1900, 51, 1, 1, 1, 1177, 1776, 0, 0, 0, 3, 1, 0, 1, 2]),
 (16, [537, 100, 0, 1, 0, 1491, 1073, 0, 0, 0, 0, 0, 0, 0, 2]),
 (16, [610, 71, 0, 1, 1, 705, 2041, 0, 0, 1, 4, 0, 2, 0, 1]),
 (16, [846, 105, 0, 1, 0, 1370, 775, 1, 1, 1, 0, 0, 1, 2, 2]),
 (16, [964, 33, 1, 1, 1, 1937, 1015, 0, 0, 1, 2, 1, 0, 2, 2]),
 (16, [1022, 42, 0, 1, 1, 1915, 1028, 0, 0, 0, 2, 1, 1, 0, 0]),
 (16, [1175, 83, 1, 1, 0, 1219, 1874, 0, 0, 1, 4, 0, 0, 0, 1]),
 (16, [1177, 36, 0, 0, 0, 657, 616, 0, 0, 2, 4, 0, 1, 0, 1]),
 (16, [1182, 15, 0, 1, 1, 1004, 1503, 0, 1, 0, 3, 0, 2, 1, 2]),
 (16, [1265, 13, 0, 0, 0, 1081, 1477, 1, 1, 0, 1, 0, 1, 1, 0]),
 (16, [1446, 106, 1, 1, 0, 1139, 1143, 0, 1, 0, 0, 1, 2, 2, 1]),
 (16, [1534, 69, 1, 1, 1, 712, 1380, 1, 1, 1, 4, 1, 2, 2, 0]),
 (16, [1553, 18, 0, 1, 0, 1539, 1321, 1, 0, 1, 3, 0, 1, 2, 0]),
 (16, [1580, 21, 1, 0, 1, 2000, 1124, 1, 0, 0, 0, 1, 1, 2, 2]),
 (16, [1696, 24, 0, 1, 1, 1400, 1181, 1, 0, 0, 2, 0, 0, 0, 1]),
 (16, [1815, 93, 1, 0, 1, 1984, 944, 1, 0, 1, 4, 1, 2, 1, 1]),
 (16, [1887, 87, 0, 0, 0, 1293, 1706, 0, 0, 0, 0, 1, 0, 1, 0]),
 (16, [1931, 77, 1, 0, 1, 768, 771, 1, 0, 2, 4, 1, 1, 2, 1]),
 (999, [966, 81, 1, 0, 1, 1160, 793, 1, 0, 3, 2, 0, 1, 2, 0]),
 (999, [1037, 101, 0, 0, 1, 640, 971, 0, 1, 3, 5, 0, 1, 1, 2]),
 (999, [1170, 36, 0, 1, 1, 1369, 653, 0, 1, 0, 5, 0, 1, 1, 0]),
 (999, [1221, 32, 1, 1, 1, 1904, 720, 1, 0, 3, 3, 0, 2, 2, 2]),
 (999, [1683, 59, 0, 1, 0, 634, 1908, 1, 1, 0, 5, 1, 1, 0, 0]),
 (999, [1787, 11, 0, 0, 1, 1825, 1667, 1, 0, 3, 3, 1, 2, 0, 2])]
Selected
[(12, [1350, 53, 1, 1, 1, 1511, 1690, 1, 1, 0, 0, 0, 0, 1, 1]),
 (12, [798, 49, 0, 1, 1, 1621, 538, 0, 0, 1, 1, 1, 0, 0, 2]),
 (12, [1900, 51, 1, 1, 1, 1177, 1776, 0, 0, 0, 3, 1, 0, 1, 2]),
 (12, [974, 35, 1, 1, 0, 1285, 1222, 1, 1, 0, 2, 0, 0, 1, 1]),
 (12, [798, 49, 0, 1, 1, 1621, 538, 0, 0, 1, 1, 1, 0, 0, 2]),
 (16, [1534, 69, 1, 1, 1, 712, 1380, 1, 1, 1, 4, 1, 2, 2, 0]),
 (12, [1350, 53, 1, 1, 1, 1511, 1690, 1, 1, 0, 0, 0, 0, 1, 1]),
 (12, [1900, 51, 1, 1, 1, 1177, 1776, 0, 0, 0, 3, 1, 0, 1, 2]),
 (12, [932, 27, 1, 0, 1, 562, 637, 0, 0, 0, 2, 1, 1, 1, 0]),
 (12, [739, 90, 0, 0, 1, 1374, 1495, 1, 1, 0, 2, 0, 0, 0, 0]),
 (12, [974, 35, 1, 1, 0, 1285, 1222, 1, 1, 0, 2, 0, 0, 1, 1]),
 (12, [739, 90, 0, 0, 1, 1374, 1495, 1, 1, 0, 2, 0, 0, 0, 0]),
 (12, [932, 27, 1, 0, 1, 562, 637, 0, 0, 0, 2, 1, 1, 1, 0]),
 (12, [1297, 49, 1, 1, 1, 588, 1528, 0, 1, 1, 4, 0, 1, 1, 1]),
 (12, [739, 90, 0, 0, 1, 1374, 1495, 1, 1, 0, 2, 0, 0, 0, 0]),
 (12, [1297, 49, 1, 1, 1, 588, 1528, 0, 1, 1, 4, 0, 1, 1, 1]),
 (12, [974, 35, 1, 1, 0, 1285, 1222, 1, 1, 0, 2, 0, 0, 1, 1]),
 (16, [537, 100, 0, 1, 0, 1491, 1073, 0, 0, 0, 0, 0, 0, 0, 2]),
 (12, [1297, 49, 1, 1, 1, 588, 1528, 0, 1, 1, 4, 0, 1, 1, 1]),
 (12, [831, 119, 1, 0, 0, 1499, 1089, 1, 0, 2, 1, 0, 0, 1, 2]),
 (12, [1212, 95, 0, 1, 1, 1675, 1066, 0, 0, 1, 3, 1, 1, 1, 2]),
 (12, [974, 35, 1, 1, 0, 1285, 1222, 1, 1, 0, 2, 0, 0, 1, 1]),
 (12, [1350, 53, 1, 1, 1, 1511, 1690, 1, 1, 0, 0, 0, 0, 1, 1]),
 (12, [1212, 95, 0, 1, 1, 1675, 1066, 0, 0, 1, 3, 1, 1, 1, 2]),
 (12, [1900, 51, 1, 1, 1, 1177, 1776, 0, 0, 0, 3, 1, 0, 1, 2]),
 (12, [1212, 95, 0, 1, 1, 1675, 1066, 0, 0, 1, 3, 1, 1, 1, 2]),
 (12, [1350, 53, 1, 1, 1, 1511, 1690, 1, 1, 0, 0, 0, 0, 1, 1])]
population
[(999, [1787, 11, 0, 0, 1, 1825, 1667, 1, 0, 3, 3, 1, 2, 0, 2]),
 (999, [1683, 59, 0, 1, 0, 634, 1908, 1, 1, 0, 5, 1, 1, 0, 0]),
 (999, [1221, 32, 1, 1, 1, 1904, 720, 1, 0, 3, 3, 0, 2, 2, 2]),
 (999, [1170, 36, 0, 1, 1, 1369, 653, 0, 1, 0, 5, 0, 1, 1, 0]),
 (999, [1037, 101, 0, 0, 1, 640, 971, 0, 1, 3, 5, 0, 1, 1, 2]),
 (999, [966, 81, 1, 0, 1, 1160, 793, 1, 0, 3, 2, 0, 1, 2, 0]),
 (16, [1931, 77, 1, 0, 1, 768, 771, 1, 0, 2, 4, 1, 1, 2, 1]),
 (16, [1887, 87, 0, 0, 0, 1293, 1706, 0, 0, 0, 0, 1, 0, 1, 0]),
 (16, [1815, 93, 1, 0, 1, 1984, 944, 1, 0, 1, 4, 1, 2, 1, 1]),
 (16, [1696, 24, 0, 1, 1, 1400, 1181, 1, 0, 0, 2, 0, 0, 0, 1]),
 (16, [1580, 21, 1, 0, 1, 2000, 1124, 1, 0, 0, 0, 1, 1, 2, 2]),
 (16, [1553, 18, 0, 1, 0, 1539, 1321, 1, 0, 1, 3, 0, 1, 2, 0]),
 (16, [1534, 69, 1, 1, 1, 712, 1380, 1, 1, 1, 4, 1, 2, 2, 0]),
 (16, [1446, 106, 1, 1, 0, 1139, 1143, 0, 1, 0, 0, 1, 2, 2, 1]),
 (16, [1265, 13, 0, 0, 0, 1081, 1477, 1, 1, 0, 1, 0, 1, 1, 0]),
 (16, [1182, 15, 0, 1, 1, 1004, 1503, 0, 1, 0, 3, 0, 2, 1, 2]),
 (16, [1177, 36, 0, 0, 0, 657, 616, 0, 0, 2, 4, 0, 1, 0, 1]),
 (16, [1175, 83, 1, 1, 0, 1219, 1874, 0, 0, 1, 4, 0, 0, 0, 1]),
 (16, [1022, 42, 0, 1, 1, 1915, 1028, 0, 0, 0, 2, 1, 1, 0, 0]),
 (16, [964, 33, 1, 1, 1, 1937, 1015, 0, 0, 1, 2, 1, 0, 2, 2]),
 (16, [846, 105, 0, 1, 0, 1370, 775, 1, 1, 1, 0, 0, 1, 2, 2]),
 (16, [610, 71, 0, 1, 1, 705, 2041, 0, 0, 1, 4, 0, 2, 0, 1]),
 (16, [537, 100, 0, 1, 0, 1491, 1073, 0, 0, 0, 0, 0, 0, 0, 2]),
 (12, [1900, 51, 1, 1, 1, 1177, 1776, 0, 0, 0, 3, 1, 0, 1, 2]),
 (12, [1350, 53, 1, 1, 1, 1511, 1690, 1, 1, 0, 0, 0, 0, 1, 1]),
 (12, [1297, 49, 1, 1, 1, 588, 1528, 0, 1, 1, 4, 0, 1, 1, 1]),
 (12, [1212, 95, 0, 1, 1, 1675, 1066, 0, 0, 1, 3, 1, 1, 1, 2]),
 (12, [974, 35, 1, 1, 0, 1285, 1222, 1, 1, 0, 2, 0, 0, 1, 1]),
 (12, [932, 27, 1, 0, 1, 562, 637, 0, 0, 0, 2, 1, 1, 1, 0]),
 (12, [831, 119, 1, 0, 0, 1499, 1089, 1, 0, 2, 1, 0, 0, 1, 2]),
 (12, [798, 49, 0, 1, 1, 1621, 538, 0, 0, 1, 1, 1, 0, 0, 2]),
 (12, [739, 90, 0, 0, 1, 1374, 1495, 1, 1, 0, 2, 0, 0, 0, 0])]
scored
[(12, [739, 90, 0, 0, 1, 1374, 1495, 1, 1, 0, 2, 0, 0, 0, 0]),
 (12, [798, 49, 0, 1, 1, 1621, 538, 0, 0, 1, 1, 1, 0, 0, 2]),
 (12, [831, 119, 1, 0, 0, 1499, 1089, 1, 0, 2, 1, 0, 0, 1, 2]),
 (12, [932, 27, 1, 0, 1, 562, 637, 0, 0, 0, 2, 1, 1, 1, 0]),
 (12, [974, 35, 1, 1, 0, 1285, 1222, 1, 1, 0, 2, 0, 0, 1, 1]),
 (12, [1212, 95, 0, 1, 1, 1675, 1066, 0, 0, 1, 3, 1, 1, 1, 2]),
 (12, [1297, 49, 1, 1, 1, 588, 1528, 0, 1, 1, 4, 0, 1, 1, 1]),
 (12, [1350, 53, 1, 1, 1, 1511, 1690, 1, 1, 0, 0, 0, 0, 1, 1]),
 (12, [1900, 51, 1, 1, 1, 1177, 1776, 0, 0, 0, 3, 1, 0, 1, 2]),
 (16, [537, 100, 0, 1, 0, 1491, 1073, 0, 0, 0, 0, 0, 0, 0, 2]),
 (16, [610, 71, 0, 1, 1, 705, 2041, 0, 0, 1, 4, 0, 2, 0, 1]),
 (16, [846, 105, 0, 1, 0, 1370, 775, 1, 1, 1, 0, 0, 1, 2, 2]),
 (16, [964, 33, 1, 1, 1, 1937, 1015, 0, 0, 1, 2, 1, 0, 2, 2]),
 (16, [1022, 42, 0, 1, 1, 1915, 1028, 0, 0, 0, 2, 1, 1, 0, 0]),
 (16, [1175, 83, 1, 1, 0, 1219, 1874, 0, 0, 1, 4, 0, 0, 0, 1]),
 (16, [1177, 36, 0, 0, 0, 657, 616, 0, 0, 2, 4, 0, 1, 0, 1]),
 (16, [1182, 15, 0, 1, 1, 1004, 1503, 0, 1, 0, 3, 0, 2, 1, 2]),
 (16, [1265, 13, 0, 0, 0, 1081, 1477, 1, 1, 0, 1, 0, 1, 1, 0]),
 (16, [1446, 106, 1, 1, 0, 1139, 1143, 0, 1, 0, 0, 1, 2, 2, 1]),
 (16, [1534, 69, 1, 1, 1, 712, 1380, 1, 1, 1, 4, 1, 2, 2, 0]),
 (16, [1553, 18, 0, 1, 0, 1539, 1321, 1, 0, 1, 3, 0, 1, 2, 0]),
 (16, [1580, 21, 1, 0, 1, 2000, 1124, 1, 0, 0, 0, 1, 1, 2, 2]),
 (16, [1696, 24, 0, 1, 1, 1400, 1181, 1, 0, 0, 2, 0, 0, 0, 1]),
 (16, [1815, 93, 1, 0, 1, 1984, 944, 1, 0, 1, 4, 1, 2, 1, 1]),
 (16, [1887, 87, 0, 0, 0, 1293, 1706, 0, 0, 0, 0, 1, 0, 1, 0]),
 (16, [1931, 77, 1, 0, 1, 768, 771, 1, 0, 2, 4, 1, 1, 2, 1]),
 (999, [966, 81, 1, 0, 1, 1160, 793, 1, 0, 3, 2, 0, 1, 2, 0]),
 (999, [1037, 101, 0, 0, 1, 640, 971, 0, 1, 3, 5, 0, 1, 1, 2]),
 (999, [1170, 36, 0, 1, 1, 1369, 653, 0, 1, 0, 5, 0, 1, 1, 0]),
 (999, [1221, 32, 1, 1, 1, 1904, 720, 1, 0, 3, 3, 0, 2, 2, 2]),
 (999, [1683, 59, 0, 1, 0, 634, 1908, 1, 1, 0, 5, 1, 1, 0, 0]),
 (999, [1787, 11, 0, 0, 1, 1825, 1667, 1, 0, 3, 3, 1, 2, 0, 2])]
Selected
[(12, [831, 119, 1, 0, 0, 1499, 1089, 1, 0, 2, 1, 0, 0, 1, 2]),
 (12, [974, 35, 1, 1, 0, 1285, 1222, 1, 1, 0, 2, 0, 0, 1, 1]),
 (12, [932, 27, 1, 0, 1, 562, 637, 0, 0, 0, 2, 1, 1, 1, 0]),
 (12, [1212, 95, 0, 1, 1, 1675, 1066, 0, 0, 1, 3, 1, 1, 1, 2]),
 (16, [537, 100, 0, 1, 0, 1491, 1073, 0, 0, 0, 0, 0, 0, 0, 2]),
 (12, [739, 90, 0, 0, 1, 1374, 1495, 1, 1, 0, 2, 0, 0, 0, 0]),
 (12, [739, 90, 0, 0, 1, 1374, 1495, 1, 1, 0, 2, 0, 0, 0, 0]),
 (12, [739, 90, 0, 0, 1, 1374, 1495, 1, 1, 0, 2, 0, 0, 0, 0]),
 (12, [974, 35, 1, 1, 0, 1285, 1222, 1, 1, 0, 2, 0, 0, 1, 1]),
 (12, [974, 35, 1, 1, 0, 1285, 1222, 1, 1, 0, 2, 0, 0, 1, 1]),
 (12, [1350, 53, 1, 1, 1, 1511, 1690, 1, 1, 0, 0, 0, 0, 1, 1]),
 (12, [932, 27, 1, 0, 1, 562, 637, 0, 0, 0, 2, 1, 1, 1, 0]),
 (16, [537, 100, 0, 1, 0, 1491, 1073, 0, 0, 0, 0, 0, 0, 0, 2]),
 (12, [1900, 51, 1, 1, 1, 1177, 1776, 0, 0, 0, 3, 1, 0, 1, 2]),
 (12, [1900, 51, 1, 1, 1, 1177, 1776, 0, 0, 0, 3, 1, 0, 1, 2]),
 (12, [831, 119, 1, 0, 0, 1499, 1089, 1, 0, 2, 1, 0, 0, 1, 2]),
 (12, [831, 119, 1, 0, 0, 1499, 1089, 1, 0, 2, 1, 0, 0, 1, 2]),
 (16, [846, 105, 0, 1, 0, 1370, 775, 1, 1, 1, 0, 0, 1, 2, 2]),
 (12, [1212, 95, 0, 1, 1, 1675, 1066, 0, 0, 1, 3, 1, 1, 1, 2]),
 (12, [974, 35, 1, 1, 0, 1285, 1222, 1, 1, 0, 2, 0, 0, 1, 1]),
 (12, [1350, 53, 1, 1, 1, 1511, 1690, 1, 1, 0, 0, 0, 0, 1, 1]),
 (12, [974, 35, 1, 1, 0, 1285, 1222, 1, 1, 0, 2, 0, 0, 1, 1]),
 (12, [831, 119, 1, 0, 0, 1499, 1089, 1, 0, 2, 1, 0, 0, 1, 2]),
 (12, [798, 49, 0, 1, 1, 1621, 538, 0, 0, 1, 1, 1, 0, 0, 2]),
 (12, [739, 90, 0, 0, 1, 1374, 1495, 1, 1, 0, 2, 0, 0, 0, 0]),
 (16, [537, 100, 0, 1, 0, 1491, 1073, 0, 0, 0, 0, 0, 0, 0, 2]),
 (12, [739, 90, 0, 0, 1, 1374, 1495, 1, 1, 0, 2, 0, 0, 0, 0])]
population
[(999, [1787, 11, 0, 0, 1, 1825, 1667, 1, 0, 3, 3, 1, 2, 0, 2]),
 (999, [1683, 59, 0, 1, 0, 634, 1908, 1, 1, 0, 5, 1, 1, 0, 0]),
 (999, [1221, 32, 1, 1, 1, 1904, 720, 1, 0, 3, 3, 0, 2, 2, 2]),
 (999, [1170, 36, 0, 1, 1, 1369, 653, 0, 1, 0, 5, 0, 1, 1, 0]),
 (999, [1037, 101, 0, 0, 1, 640, 971, 0, 1, 3, 5, 0, 1, 1, 2]),
 (999, [966, 81, 1, 0, 1, 1160, 793, 1, 0, 3, 2, 0, 1, 2, 0]),
 (16, [1931, 77, 1, 0, 1, 768, 771, 1, 0, 2, 4, 1, 1, 2, 1]),
 (16, [1887, 87, 0, 0, 0, 1293, 1706, 0, 0, 0, 0, 1, 0, 1, 0]),
 (16, [1815, 93, 1, 0, 1, 1984, 944, 1, 0, 1, 4, 1, 2, 1, 1]),
 (16, [1696, 24, 0, 1, 1, 1400, 1181, 1, 0, 0, 2, 0, 0, 0, 1]),
 (16, [1580, 21, 1, 0, 1, 2000, 1124, 1, 0, 0, 0, 1, 1, 2, 2]),
 (16, [1553, 18, 0, 1, 0, 1539, 1321, 1, 0, 1, 3, 0, 1, 2, 0]),
 (16, [1534, 69, 1, 1, 1, 712, 1380, 1, 1, 1, 4, 1, 2, 2, 0]),
 (16, [1446, 106, 1, 1, 0, 1139, 1143, 0, 1, 0, 0, 1, 2, 2, 1]),
 (16, [1265, 13, 0, 0, 0, 1081, 1477, 1, 1, 0, 1, 0, 1, 1, 0]),
 (16, [1182, 15, 0, 1, 1, 1004, 1503, 0, 1, 0, 3, 0, 2, 1, 2]),
 (16, [1177, 36, 0, 0, 0, 657, 616, 0, 0, 2, 4, 0, 1, 0, 1]),
 (16, [1175, 83, 1, 1, 0, 1219, 1874, 0, 0, 1, 4, 0, 0, 0, 1]),
 (16, [1022, 42, 0, 1, 1, 1915, 1028, 0, 0, 0, 2, 1, 1, 0, 0]),
 (16, [964, 33, 1, 1, 1, 1937, 1015, 0, 0, 1, 2, 1, 0, 2, 2]),
 (16, [846, 105, 0, 1, 0, 1370, 775, 1, 1, 1, 0, 0, 1, 2, 2]),
 (16, [610, 71, 0, 1, 1, 705, 2041, 0, 0, 1, 4, 0, 2, 0, 1]),
 (16, [537, 100, 0, 1, 0, 1491, 1073, 0, 0, 0, 0, 0, 0, 0, 2]),
 (12, [1900, 51, 1, 1, 1, 1177, 1776, 0, 0, 0, 3, 1, 0, 1, 2]),
 (12, [1350, 53, 1, 1, 1, 1511, 1690, 1, 1, 0, 0, 0, 0, 1, 1]),
 (12, [1297, 49, 1, 1, 1, 588, 1528, 0, 1, 1, 4, 0, 1, 1, 1]),
 (12, [1212, 95, 0, 1, 1, 1675, 1066, 0, 0, 1, 3, 1, 1, 1, 2]),
 (12, [974, 35, 1, 1, 0, 1285, 1222, 1, 1, 0, 2, 0, 0, 1, 1]),
 (12, [932, 27, 1, 0, 1, 562, 637, 0, 0, 0, 2, 1, 1, 1, 0]),
 (12, [831, 119, 1, 0, 0, 1499, 1089, 1, 0, 2, 1, 0, 0, 1, 2]),
 (12, [798, 49, 0, 1, 1, 1621, 538, 0, 0, 1, 1, 1, 0, 0, 2]),
 (12, [739, 90, 0, 0, 1, 1374, 1495, 1, 1, 0, 2, 0, 0, 0, 0])]
scored
[(12, [739, 90, 0, 0, 1, 1374, 1495, 1, 1, 0, 2, 0, 0, 0, 0]),
 (12, [798, 49, 0, 1, 1, 1621, 538, 0, 0, 1, 1, 1, 0, 0, 2]),
 (12, [831, 119, 1, 0, 0, 1499, 1089, 1, 0, 2, 1, 0, 0, 1, 2]),
 (12, [932, 27, 1, 0, 1, 562, 637, 0, 0, 0, 2, 1, 1, 1, 0]),
 (12, [974, 35, 1, 1, 0, 1285, 1222, 1, 1, 0, 2, 0, 0, 1, 1]),
 (12, [1212, 95, 0, 1, 1, 1675, 1066, 0, 0, 1, 3, 1, 1, 1, 2]),
 (12, [1297, 49, 1, 1, 1, 588, 1528, 0, 1, 1, 4, 0, 1, 1, 1]),
 (12, [1350, 53, 1, 1, 1, 1511, 1690, 1, 1, 0, 0, 0, 0, 1, 1]),
 (12, [1900, 51, 1, 1, 1, 1177, 1776, 0, 0, 0, 3, 1, 0, 1, 2]),
 (16, [537, 100, 0, 1, 0, 1491, 1073, 0, 0, 0, 0, 0, 0, 0, 2]),
 (16, [610, 71, 0, 1, 1, 705, 2041, 0, 0, 1, 4, 0, 2, 0, 1]),
 (16, [846, 105, 0, 1, 0, 1370, 775, 1, 1, 1, 0, 0, 1, 2, 2]),
 (16, [964, 33, 1, 1, 1, 1937, 1015, 0, 0, 1, 2, 1, 0, 2, 2]),
 (16, [1022, 42, 0, 1, 1, 1915, 1028, 0, 0, 0, 2, 1, 1, 0, 0]),
 (16, [1175, 83, 1, 1, 0, 1219, 1874, 0, 0, 1, 4, 0, 0, 0, 1]),
 (16, [1177, 36, 0, 0, 0, 657, 616, 0, 0, 2, 4, 0, 1, 0, 1]),
 (16, [1182, 15, 0, 1, 1, 1004, 1503, 0, 1, 0, 3, 0, 2, 1, 2]),
 (16, [1265, 13, 0, 0, 0, 1081, 1477, 1, 1, 0, 1, 0, 1, 1, 0]),
 (16, [1446, 106, 1, 1, 0, 1139, 1143, 0, 1, 0, 0, 1, 2, 2, 1]),
 (16, [1534, 69, 1, 1, 1, 712, 1380, 1, 1, 1, 4, 1, 2, 2, 0]),
 (16, [1553, 18, 0, 1, 0, 1539, 1321, 1, 0, 1, 3, 0, 1, 2, 0]),
 (16, [1580, 21, 1, 0, 1, 2000, 1124, 1, 0, 0, 0, 1, 1, 2, 2]),
 (16, [1696, 24, 0, 1, 1, 1400, 1181, 1, 0, 0, 2, 0, 0, 0, 1]),
 (16, [1815, 93, 1, 0, 1, 1984, 944, 1, 0, 1, 4, 1, 2, 1, 1]),
 (16, [1887, 87, 0, 0, 0, 1293, 1706, 0, 0, 0, 0, 1, 0, 1, 0]),
 (16, [1931, 77, 1, 0, 1, 768, 771, 1, 0, 2, 4, 1, 1, 2, 1]),
 (999, [966, 81, 1, 0, 1, 1160, 793, 1, 0, 3, 2, 0, 1, 2, 0]),
 (999, [1037, 101, 0, 0, 1, 640, 971, 0, 1, 3, 5, 0, 1, 1, 2]),
 (999, [1170, 36, 0, 1, 1, 1369, 653, 0, 1, 0, 5, 0, 1, 1, 0]),
 (999, [1221, 32, 1, 1, 1, 1904, 720, 1, 0, 3, 3, 0, 2, 2, 2]),
 (999, [1683, 59, 0, 1, 0, 634, 1908, 1, 1, 0, 5, 1, 1, 0, 0]),
 (999, [1787, 11, 0, 0, 1, 1825, 1667, 1, 0, 3, 3, 1, 2, 0, 2])]
Selected
[(12, [974, 35, 1, 1, 0, 1285, 1222, 1, 1, 0, 2, 0, 0, 1, 1]),
 (12, [932, 27, 1, 0, 1, 562, 637, 0, 0, 0, 2, 1, 1, 1, 0]),
 (12, [1212, 95, 0, 1, 1, 1675, 1066, 0, 0, 1, 3, 1, 1, 1, 2]),
 (16, [1022, 42, 0, 1, 1, 1915, 1028, 0, 0, 0, 2, 1, 1, 0, 0]),
 (16, [1022, 42, 0, 1, 1, 1915, 1028, 0, 0, 0, 2, 1, 1, 0, 0]),
 (12, [739, 90, 0, 0, 1, 1374, 1495, 1, 1, 0, 2, 0, 0, 0, 0]),
 (16, [537, 100, 0, 1, 0, 1491, 1073, 0, 0, 0, 0, 0, 0, 0, 2]),
 (12, [739, 90, 0, 0, 1, 1374, 1495, 1, 1, 0, 2, 0, 0, 0, 0]),
 (12, [798, 49, 0, 1, 1, 1621, 538, 0, 0, 1, 1, 1, 0, 0, 2]),
 (16, [610, 71, 0, 1, 1, 705, 2041, 0, 0, 1, 4, 0, 2, 0, 1]),
 (12, [739, 90, 0, 0, 1, 1374, 1495, 1, 1, 0, 2, 0, 0, 0, 0]),
 (12, [831, 119, 1, 0, 0, 1499, 1089, 1, 0, 2, 1, 0, 0, 1, 2]),
 (16, [537, 100, 0, 1, 0, 1491, 1073, 0, 0, 0, 0, 0, 0, 0, 2]),
 (16, [964, 33, 1, 1, 1, 1937, 1015, 0, 0, 1, 2, 1, 0, 2, 2]),
 (12, [1212, 95, 0, 1, 1, 1675, 1066, 0, 0, 1, 3, 1, 1, 1, 2]),
 (12, [798, 49, 0, 1, 1, 1621, 538, 0, 0, 1, 1, 1, 0, 0, 2]),
 (12, [798, 49, 0, 1, 1, 1621, 538, 0, 0, 1, 1, 1, 0, 0, 2]),
 (16, [1175, 83, 1, 1, 0, 1219, 1874, 0, 0, 1, 4, 0, 0, 0, 1]),
 (12, [932, 27, 1, 0, 1, 562, 637, 0, 0, 0, 2, 1, 1, 1, 0]),
 (12, [831, 119, 1, 0, 0, 1499, 1089, 1, 0, 2, 1, 0, 0, 1, 2]),
 (12, [974, 35, 1, 1, 0, 1285, 1222, 1, 1, 0, 2, 0, 0, 1, 1]),
 (12, [974, 35, 1, 1, 0, 1285, 1222, 1, 1, 0, 2, 0, 0, 1, 1]),
 (12, [831, 119, 1, 0, 0, 1499, 1089, 1, 0, 2, 1, 0, 0, 1, 2]),
 (12, [831, 119, 1, 0, 0, 1499, 1089, 1, 0, 2, 1, 0, 0, 1, 2]),
 (12, [798, 49, 0, 1, 1, 1621, 538, 0, 0, 1, 1, 1, 0, 0, 2]),
 (12, [974, 35, 1, 1, 0, 1285, 1222, 1, 1, 0, 2, 0, 0, 1, 1]),
 (12, [1297, 49, 1, 1, 1, 588, 1528, 0, 1, 1, 4, 0, 1, 1, 1])]
population
[(999, [1787, 11, 0, 0, 1, 1825, 1667, 1, 0, 3, 3, 1, 2, 0, 2]),
 (999, [1683, 59, 0, 1, 0, 634, 1908, 1, 1, 0, 5, 1, 1, 0, 0]),
 (999, [1221, 32, 1, 1, 1, 1904, 720, 1, 0, 3, 3, 0, 2, 2, 2]),
 (999, [1170, 36, 0, 1, 1, 1369, 653, 0, 1, 0, 5, 0, 1, 1, 0]),
 (999, [1037, 101, 0, 0, 1, 640, 971, 0, 1, 3, 5, 0, 1, 1, 2]),
 (999, [966, 81, 1, 0, 1, 1160, 793, 1, 0, 3, 2, 0, 1, 2, 0]),
 (16, [1931, 77, 1, 0, 1, 768, 771, 1, 0, 2, 4, 1, 1, 2, 1]),
 (16, [1887, 87, 0, 0, 0, 1293, 1706, 0, 0, 0, 0, 1, 0, 1, 0]),
 (16, [1815, 93, 1, 0, 1, 1984, 944, 1, 0, 1, 4, 1, 2, 1, 1]),
 (16, [1696, 24, 0, 1, 1, 1400, 1181, 1, 0, 0, 2, 0, 0, 0, 1]),
 (16, [1580, 21, 1, 0, 1, 2000, 1124, 1, 0, 0, 0, 1, 1, 2, 2]),
 (16, [1553, 18, 0, 1, 0, 1539, 1321, 1, 0, 1, 3, 0, 1, 2, 0]),
 (16, [1534, 69, 1, 1, 1, 712, 1380, 1, 1, 1, 4, 1, 2, 2, 0]),
 (16, [1446, 106, 1, 1, 0, 1139, 1143, 0, 1, 0, 0, 1, 2, 2, 1]),
 (16, [1265, 13, 0, 0, 0, 1081, 1477, 1, 1, 0, 1, 0, 1, 1, 0]),
 (16, [1182, 15, 0, 1, 1, 1004, 1503, 0, 1, 0, 3, 0, 2, 1, 2]),
 (16, [1177, 36, 0, 0, 0, 657, 616, 0, 0, 2, 4, 0, 1, 0, 1]),
 (16, [1175, 83, 1, 1, 0, 1219, 1874, 0, 0, 1, 4, 0, 0, 0, 1]),
 (16, [1022, 42, 0, 1, 1, 1915, 1028, 0, 0, 0, 2, 1, 1, 0, 0]),
 (16, [964, 33, 1, 1, 1, 1937, 1015, 0, 0, 1, 2, 1, 0, 2, 2]),
 (16, [846, 105, 0, 1, 0, 1370, 775, 1, 1, 1, 0, 0, 1, 2, 2]),
 (16, [610, 71, 0, 1, 1, 705, 2041, 0, 0, 1, 4, 0, 2, 0, 1]),
 (16, [537, 100, 0, 1, 0, 1491, 1073, 0, 0, 0, 0, 0, 0, 0, 2]),
 (12, [1900, 51, 1, 1, 1, 1177, 1776, 0, 0, 0, 3, 1, 0, 1, 2]),
 (12, [1350, 53, 1, 1, 1, 1511, 1690, 1, 1, 0, 0, 0, 0, 1, 1]),
 (12, [1297, 49, 1, 1, 1, 588, 1528, 0, 1, 1, 4, 0, 1, 1, 1]),
 (12, [1212, 95, 0, 1, 1, 1675, 1066, 0, 0, 1, 3, 1, 1, 1, 2]),
 (12, [974, 35, 1, 1, 0, 1285, 1222, 1, 1, 0, 2, 0, 0, 1, 1]),
 (12, [932, 27, 1, 0, 1, 562, 637, 0, 0, 0, 2, 1, 1, 1, 0]),
 (12, [831, 119, 1, 0, 0, 1499, 1089, 1, 0, 2, 1, 0, 0, 1, 2]),
 (12, [798, 49, 0, 1, 1, 1621, 538, 0, 0, 1, 1, 1, 0, 0, 2]),
 (12, [739, 90, 0, 0, 1, 1374, 1495, 1, 1, 0, 2, 0, 0, 0, 0])]
scored
[(12, [739, 90, 0, 0, 1, 1374, 1495, 1, 1, 0, 2, 0, 0, 0, 0]),
 (12, [798, 49, 0, 1, 1, 1621, 538, 0, 0, 1, 1, 1, 0, 0, 2]),
 (12, [831, 119, 1, 0, 0, 1499, 1089, 1, 0, 2, 1, 0, 0, 1, 2]),
 (12, [932, 27, 1, 0, 1, 562, 637, 0, 0, 0, 2, 1, 1, 1, 0]),
 (12, [974, 35, 1, 1, 0, 1285, 1222, 1, 1, 0, 2, 0, 0, 1, 1]),
 (12, [1212, 95, 0, 1, 1, 1675, 1066, 0, 0, 1, 3, 1, 1, 1, 2]),
 (12, [1297, 49, 1, 1, 1, 588, 1528, 0, 1, 1, 4, 0, 1, 1, 1]),
 (12, [1350, 53, 1, 1, 1, 1511, 1690, 1, 1, 0, 0, 0, 0, 1, 1]),
 (12, [1900, 51, 1, 1, 1, 1177, 1776, 0, 0, 0, 3, 1, 0, 1, 2]),
 (16, [537, 100, 0, 1, 0, 1491, 1073, 0, 0, 0, 0, 0, 0, 0, 2]),
 (16, [610, 71, 0, 1, 1, 705, 2041, 0, 0, 1, 4, 0, 2, 0, 1]),
 (16, [846, 105, 0, 1, 0, 1370, 775, 1, 1, 1, 0, 0, 1, 2, 2]),
 (16, [964, 33, 1, 1, 1, 1937, 1015, 0, 0, 1, 2, 1, 0, 2, 2]),
 (16, [1022, 42, 0, 1, 1, 1915, 1028, 0, 0, 0, 2, 1, 1, 0, 0]),
 (16, [1175, 83, 1, 1, 0, 1219, 1874, 0, 0, 1, 4, 0, 0, 0, 1]),
 (16, [1177, 36, 0, 0, 0, 657, 616, 0, 0, 2, 4, 0, 1, 0, 1]),
 (16, [1182, 15, 0, 1, 1, 1004, 1503, 0, 1, 0, 3, 0, 2, 1, 2]),
 (16, [1265, 13, 0, 0, 0, 1081, 1477, 1, 1, 0, 1, 0, 1, 1, 0]),
 (16, [1446, 106, 1, 1, 0, 1139, 1143, 0, 1, 0, 0, 1, 2, 2, 1]),
 (16, [1534, 69, 1, 1, 1, 712, 1380, 1, 1, 1, 4, 1, 2, 2, 0]),
 (16, [1553, 18, 0, 1, 0, 1539, 1321, 1, 0, 1, 3, 0, 1, 2, 0]),
 (16, [1580, 21, 1, 0, 1, 2000, 1124, 1, 0, 0, 0, 1, 1, 2, 2]),
 (16, [1696, 24, 0, 1, 1, 1400, 1181, 1, 0, 0, 2, 0, 0, 0, 1]),
 (16, [1815, 93, 1, 0, 1, 1984, 944, 1, 0, 1, 4, 1, 2, 1, 1]),
 (16, [1887, 87, 0, 0, 0, 1293, 1706, 0, 0, 0, 0, 1, 0, 1, 0]),
 (16, [1931, 77, 1, 0, 1, 768, 771, 1, 0, 2, 4, 1, 1, 2, 1]),
 (999, [966, 81, 1, 0, 1, 1160, 793, 1, 0, 3, 2, 0, 1, 2, 0]),
 (999, [1037, 101, 0, 0, 1, 640, 971, 0, 1, 3, 5, 0, 1, 1, 2]),
 (999, [1170, 36, 0, 1, 1, 1369, 653, 0, 1, 0, 5, 0, 1, 1, 0]),
 (999, [1221, 32, 1, 1, 1, 1904, 720, 1, 0, 3, 3, 0, 2, 2, 2]),
 (999, [1683, 59, 0, 1, 0, 634, 1908, 1, 1, 0, 5, 1, 1, 0, 0]),
 (999, [1787, 11, 0, 0, 1, 1825, 1667, 1, 0, 3, 3, 1, 2, 0, 2])]
Selected
[(12, [739, 90, 0, 0, 1, 1374, 1495, 1, 1, 0, 2, 0, 0, 0, 0]),
 (12, [798, 49, 0, 1, 1, 1621, 538, 0, 0, 1, 1, 1, 0, 0, 2]),
 (16, [846, 105, 0, 1, 0, 1370, 775, 1, 1, 1, 0, 0, 1, 2, 2]),
 (12, [1350, 53, 1, 1, 1, 1511, 1690, 1, 1, 0, 0, 0, 0, 1, 1]),
 (12, [739, 90, 0, 0, 1, 1374, 1495, 1, 1, 0, 2, 0, 0, 0, 0]),
 (12, [1297, 49, 1, 1, 1, 588, 1528, 0, 1, 1, 4, 0, 1, 1, 1]),
 (12, [739, 90, 0, 0, 1, 1374, 1495, 1, 1, 0, 2, 0, 0, 0, 0]),
 (12, [831, 119, 1, 0, 0, 1499, 1089, 1, 0, 2, 1, 0, 0, 1, 2]),
 (12, [1900, 51, 1, 1, 1, 1177, 1776, 0, 0, 0, 3, 1, 0, 1, 2]),
 (12, [1212, 95, 0, 1, 1, 1675, 1066, 0, 0, 1, 3, 1, 1, 1, 2]),
 (12, [1350, 53, 1, 1, 1, 1511, 1690, 1, 1, 0, 0, 0, 0, 1, 1]),
 (16, [610, 71, 0, 1, 1, 705, 2041, 0, 0, 1, 4, 0, 2, 0, 1]),
 (12, [831, 119, 1, 0, 0, 1499, 1089, 1, 0, 2, 1, 0, 0, 1, 2]),
 (12, [831, 119, 1, 0, 0, 1499, 1089, 1, 0, 2, 1, 0, 0, 1, 2]),
 (12, [932, 27, 1, 0, 1, 562, 637, 0, 0, 0, 2, 1, 1, 1, 0]),
 (16, [610, 71, 0, 1, 1, 705, 2041, 0, 0, 1, 4, 0, 2, 0, 1]),
 (12, [739, 90, 0, 0, 1, 1374, 1495, 1, 1, 0, 2, 0, 0, 0, 0]),
 (12, [739, 90, 0, 0, 1, 1374, 1495, 1, 1, 0, 2, 0, 0, 0, 0]),
 (12, [1212, 95, 0, 1, 1, 1675, 1066, 0, 0, 1, 3, 1, 1, 1, 2]),
 (12, [1212, 95, 0, 1, 1, 1675, 1066, 0, 0, 1, 3, 1, 1, 1, 2]),
 (12, [739, 90, 0, 0, 1, 1374, 1495, 1, 1, 0, 2, 0, 0, 0, 0]),
 (12, [739, 90, 0, 0, 1, 1374, 1495, 1, 1, 0, 2, 0, 0, 0, 0]),
 (16, [846, 105, 0, 1, 0, 1370, 775, 1, 1, 1, 0, 0, 1, 2, 2]),
 (12, [831, 119, 1, 0, 0, 1499, 1089, 1, 0, 2, 1, 0, 0, 1, 2]),
 (12, [974, 35, 1, 1, 0, 1285, 1222, 1, 1, 0, 2, 0, 0, 1, 1]),
 (12, [831, 119, 1, 0, 0, 1499, 1089, 1, 0, 2, 1, 0, 0, 1, 2]),
 (12, [798, 49, 0, 1, 1, 1621, 538, 0, 0, 1, 1, 1, 0, 0, 2])]
population
[(999, [1787, 11, 0, 0, 1, 1825, 1667, 1, 0, 3, 3, 1, 2, 0, 2]),
 (999, [1683, 59, 0, 1, 0, 634, 1908, 1, 1, 0, 5, 1, 1, 0, 0]),
 (999, [1221, 32, 1, 1, 1, 1904, 720, 1, 0, 3, 3, 0, 2, 2, 2]),
 (999, [1170, 36, 0, 1, 1, 1369, 653, 0, 1, 0, 5, 0, 1, 1, 0]),
 (999, [1037, 101, 0, 0, 1, 640, 971, 0, 1, 3, 5, 0, 1, 1, 2]),
 (999, [966, 81, 1, 0, 1, 1160, 793, 1, 0, 3, 2, 0, 1, 2, 0]),
 (16, [1931, 77, 1, 0, 1, 768, 771, 1, 0, 2, 4, 1, 1, 2, 1]),
 (16, [1887, 87, 0, 0, 0, 1293, 1706, 0, 0, 0, 0, 1, 0, 1, 0]),
 (16, [1815, 93, 1, 0, 1, 1984, 944, 1, 0, 1, 4, 1, 2, 1, 1]),
 (16, [1696, 24, 0, 1, 1, 1400, 1181, 1, 0, 0, 2, 0, 0, 0, 1]),
 (16, [1580, 21, 1, 0, 1, 2000, 1124, 1, 0, 0, 0, 1, 1, 2, 2]),
 (16, [1553, 18, 0, 1, 0, 1539, 1321, 1, 0, 1, 3, 0, 1, 2, 0]),
 (16, [1534, 69, 1, 1, 1, 712, 1380, 1, 1, 1, 4, 1, 2, 2, 0]),
 (16, [1446, 106, 1, 1, 0, 1139, 1143, 0, 1, 0, 0, 1, 2, 2, 1]),
 (16, [1265, 13, 0, 0, 0, 1081, 1477, 1, 1, 0, 1, 0, 1, 1, 0]),
 (16, [1182, 15, 0, 1, 1, 1004, 1503, 0, 1, 0, 3, 0, 2, 1, 2]),
 (16, [1177, 36, 0, 0, 0, 657, 616, 0, 0, 2, 4, 0, 1, 0, 1]),
 (16, [1175, 83, 1, 1, 0, 1219, 1874, 0, 0, 1, 4, 0, 0, 0, 1]),
 (16, [1022, 42, 0, 1, 1, 1915, 1028, 0, 0, 0, 2, 1, 1, 0, 0]),
 (16, [964, 33, 1, 1, 1, 1937, 1015, 0, 0, 1, 2, 1, 0, 2, 2]),
 (16, [846, 105, 0, 1, 0, 1370, 775, 1, 1, 1, 0, 0, 1, 2, 2]),
 (16, [610, 71, 0, 1, 1, 705, 2041, 0, 0, 1, 4, 0, 2, 0, 1]),
 (16, [537, 100, 0, 1, 0, 1491, 1073, 0, 0, 0, 0, 0, 0, 0, 2]),
 (12, [1900, 51, 1, 1, 1, 1177, 1776, 0, 0, 0, 3, 1, 0, 1, 2]),
 (12, [1350, 53, 1, 1, 1, 1511, 1690, 1, 1, 0, 0, 0, 0, 1, 1]),
 (12, [1297, 49, 1, 1, 1, 588, 1528, 0, 1, 1, 4, 0, 1, 1, 1]),
 (12, [1212, 95, 0, 1, 1, 1675, 1066, 0, 0, 1, 3, 1, 1, 1, 2]),
 (12, [974, 35, 1, 1, 0, 1285, 1222, 1, 1, 0, 2, 0, 0, 1, 1]),
 (12, [932, 27, 1, 0, 1, 562, 637, 0, 0, 0, 2, 1, 1, 1, 0]),
 (12, [831, 119, 1, 0, 0, 1499, 1089, 1, 0, 2, 1, 0, 0, 1, 2]),
 (12, [798, 49, 0, 1, 1, 1621, 538, 0, 0, 1, 1, 1, 0, 0, 2]),
 (12, [739, 90, 0, 0, 1, 1374, 1495, 1, 1, 0, 2, 0, 0, 0, 0])]
scored
[(12, [739, 90, 0, 0, 1, 1374, 1495, 1, 1, 0, 2, 0, 0, 0, 0]),
 (12, [798, 49, 0, 1, 1, 1621, 538, 0, 0, 1, 1, 1, 0, 0, 2]),
 (12, [831, 119, 1, 0, 0, 1499, 1089, 1, 0, 2, 1, 0, 0, 1, 2]),
 (12, [932, 27, 1, 0, 1, 562, 637, 0, 0, 0, 2, 1, 1, 1, 0]),
 (12, [974, 35, 1, 1, 0, 1285, 1222, 1, 1, 0, 2, 0, 0, 1, 1]),
 (12, [1212, 95, 0, 1, 1, 1675, 1066, 0, 0, 1, 3, 1, 1, 1, 2]),
 (12, [1297, 49, 1, 1, 1, 588, 1528, 0, 1, 1, 4, 0, 1, 1, 1]),
 (12, [1350, 53, 1, 1, 1, 1511, 1690, 1, 1, 0, 0, 0, 0, 1, 1]),
 (12, [1900, 51, 1, 1, 1, 1177, 1776, 0, 0, 0, 3, 1, 0, 1, 2]),
 (16, [537, 100, 0, 1, 0, 1491, 1073, 0, 0, 0, 0, 0, 0, 0, 2]),
 (16, [610, 71, 0, 1, 1, 705, 2041, 0, 0, 1, 4, 0, 2, 0, 1]),
 (16, [846, 105, 0, 1, 0, 1370, 775, 1, 1, 1, 0, 0, 1, 2, 2]),
 (16, [964, 33, 1, 1, 1, 1937, 1015, 0, 0, 1, 2, 1, 0, 2, 2]),
 (16, [1022, 42, 0, 1, 1, 1915, 1028, 0, 0, 0, 2, 1, 1, 0, 0]),
 (16, [1175, 83, 1, 1, 0, 1219, 1874, 0, 0, 1, 4, 0, 0, 0, 1]),
 (16, [1177, 36, 0, 0, 0, 657, 616, 0, 0, 2, 4, 0, 1, 0, 1]),
 (16, [1182, 15, 0, 1, 1, 1004, 1503, 0, 1, 0, 3, 0, 2, 1, 2]),
 (16, [1265, 13, 0, 0, 0, 1081, 1477, 1, 1, 0, 1, 0, 1, 1, 0]),
 (16, [1446, 106, 1, 1, 0, 1139, 1143, 0, 1, 0, 0, 1, 2, 2, 1]),
 (16, [1534, 69, 1, 1, 1, 712, 1380, 1, 1, 1, 4, 1, 2, 2, 0]),
 (16, [1553, 18, 0, 1, 0, 1539, 1321, 1, 0, 1, 3, 0, 1, 2, 0]),
 (16, [1580, 21, 1, 0, 1, 2000, 1124, 1, 0, 0, 0, 1, 1, 2, 2]),
 (16, [1696, 24, 0, 1, 1, 1400, 1181, 1, 0, 0, 2, 0, 0, 0, 1]),
 (16, [1815, 93, 1, 0, 1, 1984, 944, 1, 0, 1, 4, 1, 2, 1, 1]),
 (16, [1887, 87, 0, 0, 0, 1293, 1706, 0, 0, 0, 0, 1, 0, 1, 0]),
 (16, [1931, 77, 1, 0, 1, 768, 771, 1, 0, 2, 4, 1, 1, 2, 1]),
 (999, [966, 81, 1, 0, 1, 1160, 793, 1, 0, 3, 2, 0, 1, 2, 0]),
 (999, [1037, 101, 0, 0, 1, 640, 971, 0, 1, 3, 5, 0, 1, 1, 2]),
 (999, [1170, 36, 0, 1, 1, 1369, 653, 0, 1, 0, 5, 0, 1, 1, 0]),
 (999, [1221, 32, 1, 1, 1, 1904, 720, 1, 0, 3, 3, 0, 2, 2, 2]),
 (999, [1683, 59, 0, 1, 0, 634, 1908, 1, 1, 0, 5, 1, 1, 0, 0]),
 (999, [1787, 11, 0, 0, 1, 1825, 1667, 1, 0, 3, 3, 1, 2, 0, 2])]
Selected
[(12, [1350, 53, 1, 1, 1, 1511, 1690, 1, 1, 0, 0, 0, 0, 1, 1]),
 (12, [739, 90, 0, 0, 1, 1374, 1495, 1, 1, 0, 2, 0, 0, 0, 0]),
 (12, [974, 35, 1, 1, 0, 1285, 1222, 1, 1, 0, 2, 0, 0, 1, 1]),
 (12, [798, 49, 0, 1, 1, 1621, 538, 0, 0, 1, 1, 1, 0, 0, 2]),
 (12, [739, 90, 0, 0, 1, 1374, 1495, 1, 1, 0, 2, 0, 0, 0, 0]),
 (16, [537, 100, 0, 1, 0, 1491, 1073, 0, 0, 0, 0, 0, 0, 0, 2]),
 (12, [739, 90, 0, 0, 1, 1374, 1495, 1, 1, 0, 2, 0, 0, 0, 0]),
 (16, [610, 71, 0, 1, 1, 705, 2041, 0, 0, 1, 4, 0, 2, 0, 1]),
 (12, [1212, 95, 0, 1, 1, 1675, 1066, 0, 0, 1, 3, 1, 1, 1, 2]),
 (16, [537, 100, 0, 1, 0, 1491, 1073, 0, 0, 0, 0, 0, 0, 0, 2]),
 (12, [1212, 95, 0, 1, 1, 1675, 1066, 0, 0, 1, 3, 1, 1, 1, 2]),
 (12, [798, 49, 0, 1, 1, 1621, 538, 0, 0, 1, 1, 1, 0, 0, 2]),
 (12, [1900, 51, 1, 1, 1, 1177, 1776, 0, 0, 0, 3, 1, 0, 1, 2]),
 (12, [739, 90, 0, 0, 1, 1374, 1495, 1, 1, 0, 2, 0, 0, 0, 0]),
 (12, [739, 90, 0, 0, 1, 1374, 1495, 1, 1, 0, 2, 0, 0, 0, 0]),
 (12, [739, 90, 0, 0, 1, 1374, 1495, 1, 1, 0, 2, 0, 0, 0, 0]),
 (16, [846, 105, 0, 1, 0, 1370, 775, 1, 1, 1, 0, 0, 1, 2, 2]),
 (12, [932, 27, 1, 0, 1, 562, 637, 0, 0, 0, 2, 1, 1, 1, 0]),
 (12, [798, 49, 0, 1, 1, 1621, 538, 0, 0, 1, 1, 1, 0, 0, 2]),
 (12, [739, 90, 0, 0, 1, 1374, 1495, 1, 1, 0, 2, 0, 0, 0, 0]),
 (12, [1297, 49, 1, 1, 1, 588, 1528, 0, 1, 1, 4, 0, 1, 1, 1]),
 (12, [739, 90, 0, 0, 1, 1374, 1495, 1, 1, 0, 2, 0, 0, 0, 0]),
 (12, [1212, 95, 0, 1, 1, 1675, 1066, 0, 0, 1, 3, 1, 1, 1, 2]),
 (12, [739, 90, 0, 0, 1, 1374, 1495, 1, 1, 0, 2, 0, 0, 0, 0]),
 (12, [798, 49, 0, 1, 1, 1621, 538, 0, 0, 1, 1, 1, 0, 0, 2]),
 (16, [537, 100, 0, 1, 0, 1491, 1073, 0, 0, 0, 0, 0, 0, 0, 2]),
 (16, [1265, 13, 0, 0, 0, 1081, 1477, 1, 1, 0, 1, 0, 1, 1, 0])]
population
[(999, [1787, 11, 0, 0, 1, 1825, 1667, 1, 0, 3, 3, 1, 2, 0, 2]),
 (999, [1683, 59, 0, 1, 0, 634, 1908, 1, 1, 0, 5, 1, 1, 0, 0]),
 (999, [1221, 32, 1, 1, 1, 1904, 720, 1, 0, 3, 3, 0, 2, 2, 2]),
 (999, [1170, 36, 0, 1, 1, 1369, 653, 0, 1, 0, 5, 0, 1, 1, 0]),
 (999, [1037, 101, 0, 0, 1, 640, 971, 0, 1, 3, 5, 0, 1, 1, 2]),
 (999, [966, 81, 1, 0, 1, 1160, 793, 1, 0, 3, 2, 0, 1, 2, 0]),
 (16, [1931, 77, 1, 0, 1, 768, 771, 1, 0, 2, 4, 1, 1, 2, 1]),
 (16, [1887, 87, 0, 0, 0, 1293, 1706, 0, 0, 0, 0, 1, 0, 1, 0]),
 (16, [1815, 93, 1, 0, 1, 1984, 944, 1, 0, 1, 4, 1, 2, 1, 1]),
 (16, [1696, 24, 0, 1, 1, 1400, 1181, 1, 0, 0, 2, 0, 0, 0, 1]),
 (16, [1580, 21, 1, 0, 1, 2000, 1124, 1, 0, 0, 0, 1, 1, 2, 2]),
 (16, [1553, 18, 0, 1, 0, 1539, 1321, 1, 0, 1, 3, 0, 1, 2, 0]),
 (16, [1534, 69, 1, 1, 1, 712, 1380, 1, 1, 1, 4, 1, 2, 2, 0]),
 (16, [1446, 106, 1, 1, 0, 1139, 1143, 0, 1, 0, 0, 1, 2, 2, 1]),
 (16, [1265, 13, 0, 0, 0, 1081, 1477, 1, 1, 0, 1, 0, 1, 1, 0]),
 (16, [1182, 15, 0, 1, 1, 1004, 1503, 0, 1, 0, 3, 0, 2, 1, 2]),
 (16, [1177, 36, 0, 0, 0, 657, 616, 0, 0, 2, 4, 0, 1, 0, 1]),
 (16, [1175, 83, 1, 1, 0, 1219, 1874, 0, 0, 1, 4, 0, 0, 0, 1]),
 (16, [1022, 42, 0, 1, 1, 1915, 1028, 0, 0, 0, 2, 1, 1, 0, 0]),
 (16, [964, 33, 1, 1, 1, 1937, 1015, 0, 0, 1, 2, 1, 0, 2, 2]),
 (16, [846, 105, 0, 1, 0, 1370, 775, 1, 1, 1, 0, 0, 1, 2, 2]),
 (16, [610, 71, 0, 1, 1, 705, 2041, 0, 0, 1, 4, 0, 2, 0, 1]),
 (16, [537, 100, 0, 1, 0, 1491, 1073, 0, 0, 0, 0, 0, 0, 0, 2]),
 (12, [1900, 51, 1, 1, 1, 1177, 1776, 0, 0, 0, 3, 1, 0, 1, 2]),
 (12, [1350, 53, 1, 1, 1, 1511, 1690, 1, 1, 0, 0, 0, 0, 1, 1]),
 (12, [1297, 49, 1, 1, 1, 588, 1528, 0, 1, 1, 4, 0, 1, 1, 1]),
 (12, [1212, 95, 0, 1, 1, 1675, 1066, 0, 0, 1, 3, 1, 1, 1, 2]),
 (12, [974, 35, 1, 1, 0, 1285, 1222, 1, 1, 0, 2, 0, 0, 1, 1]),
 (12, [932, 27, 1, 0, 1, 562, 637, 0, 0, 0, 2, 1, 1, 1, 0]),
 (12, [831, 119, 1, 0, 0, 1499, 1089, 1, 0, 2, 1, 0, 0, 1, 2]),
 (12, [798, 49, 0, 1, 1, 1621, 538, 0, 0, 1, 1, 1, 0, 0, 2]),
 (12, [739, 90, 0, 0, 1, 1374, 1495, 1, 1, 0, 2, 0, 0, 0, 0])]
scored
[(12, [739, 90, 0, 0, 1, 1374, 1495, 1, 1, 0, 2, 0, 0, 0, 0]),
 (12, [798, 49, 0, 1, 1, 1621, 538, 0, 0, 1, 1, 1, 0, 0, 2]),
 (12, [831, 119, 1, 0, 0, 1499, 1089, 1, 0, 2, 1, 0, 0, 1, 2]),
 (12, [932, 27, 1, 0, 1, 562, 637, 0, 0, 0, 2, 1, 1, 1, 0]),
 (12, [974, 35, 1, 1, 0, 1285, 1222, 1, 1, 0, 2, 0, 0, 1, 1]),
 (12, [1212, 95, 0, 1, 1, 1675, 1066, 0, 0, 1, 3, 1, 1, 1, 2]),
 (12, [1297, 49, 1, 1, 1, 588, 1528, 0, 1, 1, 4, 0, 1, 1, 1]),
 (12, [1350, 53, 1, 1, 1, 1511, 1690, 1, 1, 0, 0, 0, 0, 1, 1]),
 (12, [1900, 51, 1, 1, 1, 1177, 1776, 0, 0, 0, 3, 1, 0, 1, 2]),
 (16, [537, 100, 0, 1, 0, 1491, 1073, 0, 0, 0, 0, 0, 0, 0, 2]),
 (16, [610, 71, 0, 1, 1, 705, 2041, 0, 0, 1, 4, 0, 2, 0, 1]),
 (16, [846, 105, 0, 1, 0, 1370, 775, 1, 1, 1, 0, 0, 1, 2, 2]),
 (16, [964, 33, 1, 1, 1, 1937, 1015, 0, 0, 1, 2, 1, 0, 2, 2]),
 (16, [1022, 42, 0, 1, 1, 1915, 1028, 0, 0, 0, 2, 1, 1, 0, 0]),
 (16, [1175, 83, 1, 1, 0, 1219, 1874, 0, 0, 1, 4, 0, 0, 0, 1]),
 (16, [1177, 36, 0, 0, 0, 657, 616, 0, 0, 2, 4, 0, 1, 0, 1]),
 (16, [1182, 15, 0, 1, 1, 1004, 1503, 0, 1, 0, 3, 0, 2, 1, 2]),
 (16, [1265, 13, 0, 0, 0, 1081, 1477, 1, 1, 0, 1, 0, 1, 1, 0]),
 (16, [1446, 106, 1, 1, 0, 1139, 1143, 0, 1, 0, 0, 1, 2, 2, 1]),
 (16, [1534, 69, 1, 1, 1, 712, 1380, 1, 1, 1, 4, 1, 2, 2, 0]),
 (16, [1553, 18, 0, 1, 0, 1539, 1321, 1, 0, 1, 3, 0, 1, 2, 0]),
 (16, [1580, 21, 1, 0, 1, 2000, 1124, 1, 0, 0, 0, 1, 1, 2, 2]),
 (16, [1696, 24, 0, 1, 1, 1400, 1181, 1, 0, 0, 2, 0, 0, 0, 1]),
 (16, [1815, 93, 1, 0, 1, 1984, 944, 1, 0, 1, 4, 1, 2, 1, 1]),
 (16, [1887, 87, 0, 0, 0, 1293, 1706, 0, 0, 0, 0, 1, 0, 1, 0]),
 (16, [1931, 77, 1, 0, 1, 768, 771, 1, 0, 2, 4, 1, 1, 2, 1]),
 (999, [966, 81, 1, 0, 1, 1160, 793, 1, 0, 3, 2, 0, 1, 2, 0]),
 (999, [1037, 101, 0, 0, 1, 640, 971, 0, 1, 3, 5, 0, 1, 1, 2]),
 (999, [1170, 36, 0, 1, 1, 1369, 653, 0, 1, 0, 5, 0, 1, 1, 0]),
 (999, [1221, 32, 1, 1, 1, 1904, 720, 1, 0, 3, 3, 0, 2, 2, 2]),
 (999, [1683, 59, 0, 1, 0, 634, 1908, 1, 1, 0, 5, 1, 1, 0, 0]),
 (999, [1787, 11, 0, 0, 1, 1825, 1667, 1, 0, 3, 3, 1, 2, 0, 2])]
Selected
[(12, [739, 90, 0, 0, 1, 1374, 1495, 1, 1, 0, 2, 0, 0, 0, 0]),
 (12, [1212, 95, 0, 1, 1, 1675, 1066, 0, 0, 1, 3, 1, 1, 1, 2]),
 (12, [1350, 53, 1, 1, 1, 1511, 1690, 1, 1, 0, 0, 0, 0, 1, 1]),
 (12, [739, 90, 0, 0, 1, 1374, 1495, 1, 1, 0, 2, 0, 0, 0, 0]),
 (12, [739, 90, 0, 0, 1, 1374, 1495, 1, 1, 0, 2, 0, 0, 0, 0]),
 (12, [831, 119, 1, 0, 0, 1499, 1089, 1, 0, 2, 1, 0, 0, 1, 2]),
 (16, [1022, 42, 0, 1, 1, 1915, 1028, 0, 0, 0, 2, 1, 1, 0, 0]),
 (12, [831, 119, 1, 0, 0, 1499, 1089, 1, 0, 2, 1, 0, 0, 1, 2]),
 (12, [739, 90, 0, 0, 1, 1374, 1495, 1, 1, 0, 2, 0, 0, 0, 0]),
 (12, [798, 49, 0, 1, 1, 1621, 538, 0, 0, 1, 1, 1, 0, 0, 2]),
 (12, [739, 90, 0, 0, 1, 1374, 1495, 1, 1, 0, 2, 0, 0, 0, 0]),
 (16, [1022, 42, 0, 1, 1, 1915, 1028, 0, 0, 0, 2, 1, 1, 0, 0]),
 (12, [1297, 49, 1, 1, 1, 588, 1528, 0, 1, 1, 4, 0, 1, 1, 1]),
 (12, [1297, 49, 1, 1, 1, 588, 1528, 0, 1, 1, 4, 0, 1, 1, 1]),
 (12, [739, 90, 0, 0, 1, 1374, 1495, 1, 1, 0, 2, 0, 0, 0, 0]),
 (12, [974, 35, 1, 1, 0, 1285, 1222, 1, 1, 0, 2, 0, 0, 1, 1]),
 (12, [932, 27, 1, 0, 1, 562, 637, 0, 0, 0, 2, 1, 1, 1, 0]),
 (12, [932, 27, 1, 0, 1, 562, 637, 0, 0, 0, 2, 1, 1, 1, 0]),
 (12, [798, 49, 0, 1, 1, 1621, 538, 0, 0, 1, 1, 1, 0, 0, 2]),
 (12, [739, 90, 0, 0, 1, 1374, 1495, 1, 1, 0, 2, 0, 0, 0, 0]),
 (12, [798, 49, 0, 1, 1, 1621, 538, 0, 0, 1, 1, 1, 0, 0, 2]),
 (12, [932, 27, 1, 0, 1, 562, 637, 0, 0, 0, 2, 1, 1, 1, 0]),
 (12, [798, 49, 0, 1, 1, 1621, 538, 0, 0, 1, 1, 1, 0, 0, 2]),
 (12, [739, 90, 0, 0, 1, 1374, 1495, 1, 1, 0, 2, 0, 0, 0, 0]),
 (12, [739, 90, 0, 0, 1, 1374, 1495, 1, 1, 0, 2, 0, 0, 0, 0]),
 (12, [798, 49, 0, 1, 1, 1621, 538, 0, 0, 1, 1, 1, 0, 0, 2]),
 (12, [1212, 95, 0, 1, 1, 1675, 1066, 0, 0, 1, 3, 1, 1, 1, 2])]
population
[(999, [1787, 11, 0, 0, 1, 1825, 1667, 1, 0, 3, 3, 1, 2, 0, 2]),
 (999, [1683, 59, 0, 1, 0, 634, 1908, 1, 1, 0, 5, 1, 1, 0, 0]),
 (999, [1221, 32, 1, 1, 1, 1904, 720, 1, 0, 3, 3, 0, 2, 2, 2]),
 (999, [1170, 36, 0, 1, 1, 1369, 653, 0, 1, 0, 5, 0, 1, 1, 0]),
 (999, [1037, 101, 0, 0, 1, 640, 971, 0, 1, 3, 5, 0, 1, 1, 2]),
 (999, [966, 81, 1, 0, 1, 1160, 793, 1, 0, 3, 2, 0, 1, 2, 0]),
 (16, [1931, 77, 1, 0, 1, 768, 771, 1, 0, 2, 4, 1, 1, 2, 1]),
 (16, [1887, 87, 0, 0, 0, 1293, 1706, 0, 0, 0, 0, 1, 0, 1, 0]),
 (16, [1815, 93, 1, 0, 1, 1984, 944, 1, 0, 1, 4, 1, 2, 1, 1]),
 (16, [1696, 24, 0, 1, 1, 1400, 1181, 1, 0, 0, 2, 0, 0, 0, 1]),
 (16, [1580, 21, 1, 0, 1, 2000, 1124, 1, 0, 0, 0, 1, 1, 2, 2]),
 (16, [1553, 18, 0, 1, 0, 1539, 1321, 1, 0, 1, 3, 0, 1, 2, 0]),
 (16, [1534, 69, 1, 1, 1, 712, 1380, 1, 1, 1, 4, 1, 2, 2, 0]),
 (16, [1446, 106, 1, 1, 0, 1139, 1143, 0, 1, 0, 0, 1, 2, 2, 1]),
 (16, [1265, 13, 0, 0, 0, 1081, 1477, 1, 1, 0, 1, 0, 1, 1, 0]),
 (16, [1182, 15, 0, 1, 1, 1004, 1503, 0, 1, 0, 3, 0, 2, 1, 2]),
 (16, [1177, 36, 0, 0, 0, 657, 616, 0, 0, 2, 4, 0, 1, 0, 1]),
 (16, [1175, 83, 1, 1, 0, 1219, 1874, 0, 0, 1, 4, 0, 0, 0, 1]),
 (16, [1022, 42, 0, 1, 1, 1915, 1028, 0, 0, 0, 2, 1, 1, 0, 0]),
 (16, [964, 33, 1, 1, 1, 1937, 1015, 0, 0, 1, 2, 1, 0, 2, 2]),
 (16, [846, 105, 0, 1, 0, 1370, 775, 1, 1, 1, 0, 0, 1, 2, 2]),
 (16, [610, 71, 0, 1, 1, 705, 2041, 0, 0, 1, 4, 0, 2, 0, 1]),
 (16, [537, 100, 0, 1, 0, 1491, 1073, 0, 0, 0, 0, 0, 0, 0, 2]),
 (12, [1900, 51, 1, 1, 1, 1177, 1776, 0, 0, 0, 3, 1, 0, 1, 2]),
 (12, [1350, 53, 1, 1, 1, 1511, 1690, 1, 1, 0, 0, 0, 0, 1, 1]),
 (12, [1297, 49, 1, 1, 1, 588, 1528, 0, 1, 1, 4, 0, 1, 1, 1]),
 (12, [1212, 95, 0, 1, 1, 1675, 1066, 0, 0, 1, 3, 1, 1, 1, 2]),
 (12, [974, 35, 1, 1, 0, 1285, 1222, 1, 1, 0, 2, 0, 0, 1, 1]),
 (12, [932, 27, 1, 0, 1, 562, 637, 0, 0, 0, 2, 1, 1, 1, 0]),
 (12, [831, 119, 1, 0, 0, 1499, 1089, 1, 0, 2, 1, 0, 0, 1, 2]),
 (12, [798, 49, 0, 1, 1, 1621, 538, 0, 0, 1, 1, 1, 0, 0, 2]),
 (12, [739, 90, 0, 0, 1, 1374, 1495, 1, 1, 0, 2, 0, 0, 0, 0])]
scored
[(12, [739, 90, 0, 0, 1, 1374, 1495, 1, 1, 0, 2, 0, 0, 0, 0]),
 (12, [798, 49, 0, 1, 1, 1621, 538, 0, 0, 1, 1, 1, 0, 0, 2]),
 (12, [831, 119, 1, 0, 0, 1499, 1089, 1, 0, 2, 1, 0, 0, 1, 2]),
 (12, [932, 27, 1, 0, 1, 562, 637, 0, 0, 0, 2, 1, 1, 1, 0]),
 (12, [974, 35, 1, 1, 0, 1285, 1222, 1, 1, 0, 2, 0, 0, 1, 1]),
 (12, [1212, 95, 0, 1, 1, 1675, 1066, 0, 0, 1, 3, 1, 1, 1, 2]),
 (12, [1297, 49, 1, 1, 1, 588, 1528, 0, 1, 1, 4, 0, 1, 1, 1]),
 (12, [1350, 53, 1, 1, 1, 1511, 1690, 1, 1, 0, 0, 0, 0, 1, 1]),
 (12, [1900, 51, 1, 1, 1, 1177, 1776, 0, 0, 0, 3, 1, 0, 1, 2]),
 (16, [537, 100, 0, 1, 0, 1491, 1073, 0, 0, 0, 0, 0, 0, 0, 2]),
 (16, [610, 71, 0, 1, 1, 705, 2041, 0, 0, 1, 4, 0, 2, 0, 1]),
 (16, [846, 105, 0, 1, 0, 1370, 775, 1, 1, 1, 0, 0, 1, 2, 2]),
 (16, [964, 33, 1, 1, 1, 1937, 1015, 0, 0, 1, 2, 1, 0, 2, 2]),
 (16, [1022, 42, 0, 1, 1, 1915, 1028, 0, 0, 0, 2, 1, 1, 0, 0]),
 (16, [1175, 83, 1, 1, 0, 1219, 1874, 0, 0, 1, 4, 0, 0, 0, 1]),
 (16, [1177, 36, 0, 0, 0, 657, 616, 0, 0, 2, 4, 0, 1, 0, 1]),
 (16, [1182, 15, 0, 1, 1, 1004, 1503, 0, 1, 0, 3, 0, 2, 1, 2]),
 (16, [1265, 13, 0, 0, 0, 1081, 1477, 1, 1, 0, 1, 0, 1, 1, 0]),
 (16, [1446, 106, 1, 1, 0, 1139, 1143, 0, 1, 0, 0, 1, 2, 2, 1]),
 (16, [1534, 69, 1, 1, 1, 712, 1380, 1, 1, 1, 4, 1, 2, 2, 0]),
 (16, [1553, 18, 0, 1, 0, 1539, 1321, 1, 0, 1, 3, 0, 1, 2, 0]),
 (16, [1580, 21, 1, 0, 1, 2000, 1124, 1, 0, 0, 0, 1, 1, 2, 2]),
 (16, [1696, 24, 0, 1, 1, 1400, 1181, 1, 0, 0, 2, 0, 0, 0, 1]),
 (16, [1815, 93, 1, 0, 1, 1984, 944, 1, 0, 1, 4, 1, 2, 1, 1]),
 (16, [1887, 87, 0, 0, 0, 1293, 1706, 0, 0, 0, 0, 1, 0, 1, 0]),
 (16, [1931, 77, 1, 0, 1, 768, 771, 1, 0, 2, 4, 1, 1, 2, 1]),
 (999, [966, 81, 1, 0, 1, 1160, 793, 1, 0, 3, 2, 0, 1, 2, 0]),
 (999, [1037, 101, 0, 0, 1, 640, 971, 0, 1, 3, 5, 0, 1, 1, 2]),
 (999, [1170, 36, 0, 1, 1, 1369, 653, 0, 1, 0, 5, 0, 1, 1, 0]),
 (999, [1221, 32, 1, 1, 1, 1904, 720, 1, 0, 3, 3, 0, 2, 2, 2]),
 (999, [1683, 59, 0, 1, 0, 634, 1908, 1, 1, 0, 5, 1, 1, 0, 0]),
 (999, [1787, 11, 0, 0, 1, 1825, 1667, 1, 0, 3, 3, 1, 2, 0, 2])]
Selected
[(12, [739, 90, 0, 0, 1, 1374, 1495, 1, 1, 0, 2, 0, 0, 0, 0]),
 (12, [1212, 95, 0, 1, 1, 1675, 1066, 0, 0, 1, 3, 1, 1, 1, 2]),
 (12, [1297, 49, 1, 1, 1, 588, 1528, 0, 1, 1, 4, 0, 1, 1, 1]),
 (16, [610, 71, 0, 1, 1, 705, 2041, 0, 0, 1, 4, 0, 2, 0, 1]),
 (16, [610, 71, 0, 1, 1, 705, 2041, 0, 0, 1, 4, 0, 2, 0, 1]),
 (12, [1900, 51, 1, 1, 1, 1177, 1776, 0, 0, 0, 3, 1, 0, 1, 2]),
 (16, [846, 105, 0, 1, 0, 1370, 775, 1, 1, 1, 0, 0, 1, 2, 2]),
 (12, [739, 90, 0, 0, 1, 1374, 1495, 1, 1, 0, 2, 0, 0, 0, 0]),
 (12, [831, 119, 1, 0, 0, 1499, 1089, 1, 0, 2, 1, 0, 0, 1, 2]),
 (12, [1297, 49, 1, 1, 1, 588, 1528, 0, 1, 1, 4, 0, 1, 1, 1]),
 (12, [798, 49, 0, 1, 1, 1621, 538, 0, 0, 1, 1, 1, 0, 0, 2]),
 (12, [974, 35, 1, 1, 0, 1285, 1222, 1, 1, 0, 2, 0, 0, 1, 1]),
 (12, [932, 27, 1, 0, 1, 562, 637, 0, 0, 0, 2, 1, 1, 1, 0]),
 (16, [1182, 15, 0, 1, 1, 1004, 1503, 0, 1, 0, 3, 0, 2, 1, 2]),
 (12, [739, 90, 0, 0, 1, 1374, 1495, 1, 1, 0, 2, 0, 0, 0, 0]),
 (12, [1900, 51, 1, 1, 1, 1177, 1776, 0, 0, 0, 3, 1, 0, 1, 2]),
 (12, [974, 35, 1, 1, 0, 1285, 1222, 1, 1, 0, 2, 0, 0, 1, 1]),
 (12, [1350, 53, 1, 1, 1, 1511, 1690, 1, 1, 0, 0, 0, 0, 1, 1]),
 (12, [1900, 51, 1, 1, 1, 1177, 1776, 0, 0, 0, 3, 1, 0, 1, 2]),
 (12, [831, 119, 1, 0, 0, 1499, 1089, 1, 0, 2, 1, 0, 0, 1, 2]),
 (16, [846, 105, 0, 1, 0, 1370, 775, 1, 1, 1, 0, 0, 1, 2, 2]),
 (12, [1900, 51, 1, 1, 1, 1177, 1776, 0, 0, 0, 3, 1, 0, 1, 2]),
 (12, [932, 27, 1, 0, 1, 562, 637, 0, 0, 0, 2, 1, 1, 1, 0]),
 (16, [610, 71, 0, 1, 1, 705, 2041, 0, 0, 1, 4, 0, 2, 0, 1]),
 (12, [1297, 49, 1, 1, 1, 588, 1528, 0, 1, 1, 4, 0, 1, 1, 1]),
 (12, [932, 27, 1, 0, 1, 562, 637, 0, 0, 0, 2, 1, 1, 1, 0]),
 (12, [932, 27, 1, 0, 1, 562, 637, 0, 0, 0, 2, 1, 1, 1, 0])]
population
[(999, [1787, 11, 0, 0, 1, 1825, 1667, 1, 0, 3, 3, 1, 2, 0, 2]),
 (999, [1683, 59, 0, 1, 0, 634, 1908, 1, 1, 0, 5, 1, 1, 0, 0]),
 (999, [1221, 32, 1, 1, 1, 1904, 720, 1, 0, 3, 3, 0, 2, 2, 2]),
 (999, [1170, 36, 0, 1, 1, 1369, 653, 0, 1, 0, 5, 0, 1, 1, 0]),
 (999, [1037, 101, 0, 0, 1, 640, 971, 0, 1, 3, 5, 0, 1, 1, 2]),
 (999, [966, 81, 1, 0, 1, 1160, 793, 1, 0, 3, 2, 0, 1, 2, 0]),
 (16, [1931, 77, 1, 0, 1, 768, 771, 1, 0, 2, 4, 1, 1, 2, 1]),
 (16, [1887, 87, 0, 0, 0, 1293, 1706, 0, 0, 0, 0, 1, 0, 1, 0]),
 (16, [1815, 93, 1, 0, 1, 1984, 944, 1, 0, 1, 4, 1, 2, 1, 1]),
 (16, [1696, 24, 0, 1, 1, 1400, 1181, 1, 0, 0, 2, 0, 0, 0, 1]),
 (16, [1580, 21, 1, 0, 1, 2000, 1124, 1, 0, 0, 0, 1, 1, 2, 2]),
 (16, [1553, 18, 0, 1, 0, 1539, 1321, 1, 0, 1, 3, 0, 1, 2, 0]),
 (16, [1534, 69, 1, 1, 1, 712, 1380, 1, 1, 1, 4, 1, 2, 2, 0]),
 (16, [1446, 106, 1, 1, 0, 1139, 1143, 0, 1, 0, 0, 1, 2, 2, 1]),
 (16, [1265, 13, 0, 0, 0, 1081, 1477, 1, 1, 0, 1, 0, 1, 1, 0]),
 (16, [1182, 15, 0, 1, 1, 1004, 1503, 0, 1, 0, 3, 0, 2, 1, 2]),
 (16, [1177, 36, 0, 0, 0, 657, 616, 0, 0, 2, 4, 0, 1, 0, 1]),
 (16, [1175, 83, 1, 1, 0, 1219, 1874, 0, 0, 1, 4, 0, 0, 0, 1]),
 (16, [1022, 42, 0, 1, 1, 1915, 1028, 0, 0, 0, 2, 1, 1, 0, 0]),
 (16, [964, 33, 1, 1, 1, 1937, 1015, 0, 0, 1, 2, 1, 0, 2, 2]),
 (16, [846, 105, 0, 1, 0, 1370, 775, 1, 1, 1, 0, 0, 1, 2, 2]),
 (16, [610, 71, 0, 1, 1, 705, 2041, 0, 0, 1, 4, 0, 2, 0, 1]),
 (16, [537, 100, 0, 1, 0, 1491, 1073, 0, 0, 0, 0, 0, 0, 0, 2]),
 (12, [1900, 51, 1, 1, 1, 1177, 1776, 0, 0, 0, 3, 1, 0, 1, 2]),
 (12, [1350, 53, 1, 1, 1, 1511, 1690, 1, 1, 0, 0, 0, 0, 1, 1]),
 (12, [1297, 49, 1, 1, 1, 588, 1528, 0, 1, 1, 4, 0, 1, 1, 1]),
 (12, [1212, 95, 0, 1, 1, 1675, 1066, 0, 0, 1, 3, 1, 1, 1, 2]),
 (12, [974, 35, 1, 1, 0, 1285, 1222, 1, 1, 0, 2, 0, 0, 1, 1]),
 (12, [932, 27, 1, 0, 1, 562, 637, 0, 0, 0, 2, 1, 1, 1, 0]),
 (12, [831, 119, 1, 0, 0, 1499, 1089, 1, 0, 2, 1, 0, 0, 1, 2]),
 (12, [798, 49, 0, 1, 1, 1621, 538, 0, 0, 1, 1, 1, 0, 0, 2]),
 (12, [739, 90, 0, 0, 1, 1374, 1495, 1, 1, 0, 2, 0, 0, 0, 0])]
scored
[(12, [739, 90, 0, 0, 1, 1374, 1495, 1, 1, 0, 2, 0, 0, 0, 0]),
 (12, [798, 49, 0, 1, 1, 1621, 538, 0, 0, 1, 1, 1, 0, 0, 2]),
 (12, [831, 119, 1, 0, 0, 1499, 1089, 1, 0, 2, 1, 0, 0, 1, 2]),
 (12, [932, 27, 1, 0, 1, 562, 637, 0, 0, 0, 2, 1, 1, 1, 0]),
 (12, [974, 35, 1, 1, 0, 1285, 1222, 1, 1, 0, 2, 0, 0, 1, 1]),
 (12, [1212, 95, 0, 1, 1, 1675, 1066, 0, 0, 1, 3, 1, 1, 1, 2]),
 (12, [1297, 49, 1, 1, 1, 588, 1528, 0, 1, 1, 4, 0, 1, 1, 1]),
 (12, [1350, 53, 1, 1, 1, 1511, 1690, 1, 1, 0, 0, 0, 0, 1, 1]),
 (12, [1900, 51, 1, 1, 1, 1177, 1776, 0, 0, 0, 3, 1, 0, 1, 2]),
 (16, [537, 100, 0, 1, 0, 1491, 1073, 0, 0, 0, 0, 0, 0, 0, 2]),
 (16, [610, 71, 0, 1, 1, 705, 2041, 0, 0, 1, 4, 0, 2, 0, 1]),
 (16, [846, 105, 0, 1, 0, 1370, 775, 1, 1, 1, 0, 0, 1, 2, 2]),
 (16, [964, 33, 1, 1, 1, 1937, 1015, 0, 0, 1, 2, 1, 0, 2, 2]),
 (16, [1022, 42, 0, 1, 1, 1915, 1028, 0, 0, 0, 2, 1, 1, 0, 0]),
 (16, [1175, 83, 1, 1, 0, 1219, 1874, 0, 0, 1, 4, 0, 0, 0, 1]),
 (16, [1177, 36, 0, 0, 0, 657, 616, 0, 0, 2, 4, 0, 1, 0, 1]),
 (16, [1182, 15, 0, 1, 1, 1004, 1503, 0, 1, 0, 3, 0, 2, 1, 2]),
 (16, [1265, 13, 0, 0, 0, 1081, 1477, 1, 1, 0, 1, 0, 1, 1, 0]),
 (16, [1446, 106, 1, 1, 0, 1139, 1143, 0, 1, 0, 0, 1, 2, 2, 1]),
 (16, [1534, 69, 1, 1, 1, 712, 1380, 1, 1, 1, 4, 1, 2, 2, 0]),
 (16, [1553, 18, 0, 1, 0, 1539, 1321, 1, 0, 1, 3, 0, 1, 2, 0]),
 (16, [1580, 21, 1, 0, 1, 2000, 1124, 1, 0, 0, 0, 1, 1, 2, 2]),
 (16, [1696, 24, 0, 1, 1, 1400, 1181, 1, 0, 0, 2, 0, 0, 0, 1]),
 (16, [1815, 93, 1, 0, 1, 1984, 944, 1, 0, 1, 4, 1, 2, 1, 1]),
 (16, [1887, 87, 0, 0, 0, 1293, 1706, 0, 0, 0, 0, 1, 0, 1, 0]),
 (16, [1931, 77, 1, 0, 1, 768, 771, 1, 0, 2, 4, 1, 1, 2, 1]),
 (999, [966, 81, 1, 0, 1, 1160, 793, 1, 0, 3, 2, 0, 1, 2, 0]),
 (999, [1037, 101, 0, 0, 1, 640, 971, 0, 1, 3, 5, 0, 1, 1, 2]),
 (999, [1170, 36, 0, 1, 1, 1369, 653, 0, 1, 0, 5, 0, 1, 1, 0]),
 (999, [1221, 32, 1, 1, 1, 1904, 720, 1, 0, 3, 3, 0, 2, 2, 2]),
 (999, [1683, 59, 0, 1, 0, 634, 1908, 1, 1, 0, 5, 1, 1, 0, 0]),
 (999, [1787, 11, 0, 0, 1, 1825, 1667, 1, 0, 3, 3, 1, 2, 0, 2])]
Selected
[(16, [537, 100, 0, 1, 0, 1491, 1073, 0, 0, 0, 0, 0, 0, 0, 2]),
 (12, [1350, 53, 1, 1, 1, 1511, 1690, 1, 1, 0, 0, 0, 0, 1, 1]),
 (12, [1350, 53, 1, 1, 1, 1511, 1690, 1, 1, 0, 0, 0, 0, 1, 1]),
 (12, [1350, 53, 1, 1, 1, 1511, 1690, 1, 1, 0, 0, 0, 0, 1, 1]),
 (16, [1175, 83, 1, 1, 0, 1219, 1874, 0, 0, 1, 4, 0, 0, 0, 1]),
 (16, [1182, 15, 0, 1, 1, 1004, 1503, 0, 1, 0, 3, 0, 2, 1, 2]),
 (12, [1900, 51, 1, 1, 1, 1177, 1776, 0, 0, 0, 3, 1, 0, 1, 2]),
 (12, [1350, 53, 1, 1, 1, 1511, 1690, 1, 1, 0, 0, 0, 0, 1, 1]),
 (16, [1177, 36, 0, 0, 0, 657, 616, 0, 0, 2, 4, 0, 1, 0, 1]),
 (12, [1900, 51, 1, 1, 1, 1177, 1776, 0, 0, 0, 3, 1, 0, 1, 2]),
 (12, [739, 90, 0, 0, 1, 1374, 1495, 1, 1, 0, 2, 0, 0, 0, 0]),
 (12, [932, 27, 1, 0, 1, 562, 637, 0, 0, 0, 2, 1, 1, 1, 0]),
 (16, [1265, 13, 0, 0, 0, 1081, 1477, 1, 1, 0, 1, 0, 1, 1, 0]),
 (16, [537, 100, 0, 1, 0, 1491, 1073, 0, 0, 0, 0, 0, 0, 0, 2]),
 (16, [537, 100, 0, 1, 0, 1491, 1073, 0, 0, 0, 0, 0, 0, 0, 2]),
 (12, [932, 27, 1, 0, 1, 562, 637, 0, 0, 0, 2, 1, 1, 1, 0]),
 (12, [739, 90, 0, 0, 1, 1374, 1495, 1, 1, 0, 2, 0, 0, 0, 0]),
 (12, [932, 27, 1, 0, 1, 562, 637, 0, 0, 0, 2, 1, 1, 1, 0]),
 (16, [1182, 15, 0, 1, 1, 1004, 1503, 0, 1, 0, 3, 0, 2, 1, 2]),
 (12, [932, 27, 1, 0, 1, 562, 637, 0, 0, 0, 2, 1, 1, 1, 0]),
 (12, [932, 27, 1, 0, 1, 562, 637, 0, 0, 0, 2, 1, 1, 1, 0]),
 (12, [831, 119, 1, 0, 0, 1499, 1089, 1, 0, 2, 1, 0, 0, 1, 2]),
 (12, [739, 90, 0, 0, 1, 1374, 1495, 1, 1, 0, 2, 0, 0, 0, 0]),
 (16, [846, 105, 0, 1, 0, 1370, 775, 1, 1, 1, 0, 0, 1, 2, 2]),
 (12, [739, 90, 0, 0, 1, 1374, 1495, 1, 1, 0, 2, 0, 0, 0, 0]),
 (12, [932, 27, 1, 0, 1, 562, 637, 0, 0, 0, 2, 1, 1, 1, 0]),
 (16, [1446, 106, 1, 1, 0, 1139, 1143, 0, 1, 0, 0, 1, 2, 2, 1])]

Poblacin de 32 individuos durante 15 generaciones
Poblacin inicial:
[(999, [1787, 11, 0, 0, 1, 1825, 1667, 1, 0, 3, 3, 1, 2, 0, 2]),
 (999, [1683, 59, 0, 1, 0, 634, 1908, 1, 1, 0, 5, 1, 1, 0, 0]),
 (999, [1221, 32, 1, 1, 1, 1904, 720, 1, 0, 3, 3, 0, 2, 2, 2]),
 (999, [1170, 36, 0, 1, 1, 1369, 653, 0, 1, 0, 5, 0, 1, 1, 0]),
 (999, [1037, 101, 0, 0, 1, 640, 971, 0, 1, 3, 5, 0, 1, 1, 2]),
 (999, [966, 81, 1, 0, 1, 1160, 793, 1, 0, 3, 2, 0, 1, 2, 0]),
 (16, [1931, 77, 1, 0, 1, 768, 771, 1, 0, 2, 4, 1, 1, 2, 1]),
 (16, [1887, 87, 0, 0, 0, 1293, 1706, 0, 0, 0, 0, 1, 0, 1, 0]),
 (16, [1815, 93, 1, 0, 1, 1984, 944, 1, 0, 1, 4, 1, 2, 1, 1]),
 (16, [1696, 24, 0, 1, 1, 1400, 1181, 1, 0, 0, 2, 0, 0, 0, 1]),
 (16, [1580, 21, 1, 0, 1, 2000, 1124, 1, 0, 0, 0, 1, 1, 2, 2]),
 (16, [1553, 18, 0, 1, 0, 1539, 1321, 1, 0, 1, 3, 0, 1, 2, 0]),
 (16, [1534, 69, 1, 1, 1, 712, 1380, 1, 1, 1, 4, 1, 2, 2, 0]),
 (16, [1446, 106, 1, 1, 0, 1139, 1143, 0, 1, 0, 0, 1, 2, 2, 1]),
 (16, [1265, 13, 0, 0, 0, 1081, 1477, 1, 1, 0, 1, 0, 1, 1, 0]),
 (16, [1182, 15, 0, 1, 1, 1004, 1503, 0, 1, 0, 3, 0, 2, 1, 2]),
 (16, [1177, 36, 0, 0, 0, 657, 616, 0, 0, 2, 4, 0, 1, 0, 1]),
 (16, [1175, 83, 1, 1, 0, 1219, 1874, 0, 0, 1, 4, 0, 0, 0, 1]),
 (16, [1022, 42, 0, 1, 1, 1915, 1028, 0, 0, 0, 2, 1, 1, 0, 0]),
 (16, [964, 33, 1, 1, 1, 1937, 1015, 0, 0, 1, 2, 1, 0, 2, 2]),
 (16, [846, 105, 0, 1, 0, 1370, 775, 1, 1, 1, 0, 0, 1, 2, 2]),
 (16, [610, 71, 0, 1, 1, 705, 2041, 0, 0, 1, 4, 0, 2, 0, 1]),
 (16, [537, 100, 0, 1, 0, 1491, 1073, 0, 0, 0, 0, 0, 0, 0, 2]),
 (12, [1900, 51, 1, 1, 1, 1177, 1776, 0, 0, 0, 3, 1, 0, 1, 2]),
 (12, [1350, 53, 1, 1, 1, 1511, 1690, 1, 1, 0, 0, 0, 0, 1, 1]),
 (12, [1297, 49, 1, 1, 1, 588, 1528, 0, 1, 1, 4, 0, 1, 1, 1]),
 (12, [1212, 95, 0, 1, 1, 1675, 1066, 0, 0, 1, 3, 1, 1, 1, 2]),
 (12, [974, 35, 1, 1, 0, 1285, 1222, 1, 1, 0, 2, 0, 0, 1, 1]),
 (12, [932, 27, 1, 0, 1, 562, 637, 0, 0, 0, 2, 1, 1, 1, 0]),
 (12, [831, 119, 1, 0, 0, 1499, 1089, 1, 0, 2, 1, 0, 0, 1, 2]),
 (12, [798, 49, 0, 1, 1, 1621, 538, 0, 0, 1, 1, 1, 0, 0, 2]),
 (12, [739, 90, 0, 0, 1, 1374, 1495, 1, 1, 0, 2, 0, 0, 0, 0])]
Poblacin final:
[(999, [1787, 11, 0, 0, 1, 1825, 1667, 1, 0, 3, 3, 1, 2, 0, 2]),
 (999, [1683, 59, 0, 1, 0, 634, 1908, 1, 1, 0, 5, 1, 1, 0, 0]),
 (999, [1221, 32, 1, 1, 1, 1904, 720, 1, 0, 3, 3, 0, 2, 2, 2]),
 (999, [1170, 36, 0, 1, 1, 1369, 653, 0, 1, 0, 5, 0, 1, 1, 0]),
 (999, [1037, 101, 0, 0, 1, 640, 971, 0, 1, 3, 5, 0, 1, 1, 2]),
 (999, [966, 81, 1, 0, 1, 1160, 793, 1, 0, 3, 2, 0, 1, 2, 0]),
 (16, [1931, 77, 1, 0, 1, 768, 771, 1, 0, 2, 4, 1, 1, 2, 1]),
 (16, [1887, 87, 0, 0, 0, 1293, 1706, 0, 0, 0, 0, 1, 0, 1, 0]),
 (16, [1815, 93, 1, 0, 1, 1984, 944, 1, 0, 1, 4, 1, 2, 1, 1]),
 (16, [1696, 24, 0, 1, 1, 1400, 1181, 1, 0, 0, 2, 0, 0, 0, 1]),
 (16, [1580, 21, 1, 0, 1, 2000, 1124, 1, 0, 0, 0, 1, 1, 2, 2]),
 (16, [1553, 18, 0, 1, 0, 1539, 1321, 1, 0, 1, 3, 0, 1, 2, 0]),
 (16, [1534, 69, 1, 1, 1, 712, 1380, 1, 1, 1, 4, 1, 2, 2, 0]),
 (16, [1446, 106, 1, 1, 0, 1139, 1143, 0, 1, 0, 0, 1, 2, 2, 1]),
 (16, [1265, 13, 0, 0, 0, 1081, 1477, 1, 1, 0, 1, 0, 1, 1, 0]),
 (16, [1182, 15, 0, 1, 1, 1004, 1503, 0, 1, 0, 3, 0, 2, 1, 2]),
 (16, [1177, 36, 0, 0, 0, 657, 616, 0, 0, 2, 4, 0, 1, 0, 1]),
 (16, [1175, 83, 1, 1, 0, 1219, 1874, 0, 0, 1, 4, 0, 0, 0, 1]),
 (16, [1022, 42, 0, 1, 1, 1915, 1028, 0, 0, 0, 2, 1, 1, 0, 0]),
 (16, [964, 33, 1, 1, 1, 1937, 1015, 0, 0, 1, 2, 1, 0, 2, 2]),
 (16, [846, 105, 0, 1, 0, 1370, 775, 1, 1, 1, 0, 0, 1, 2, 2]),
 (16, [610, 71, 0, 1, 1, 705, 2041, 0, 0, 1, 4, 0, 2, 0, 1]),
 (16, [537, 100, 0, 1, 0, 1491, 1073, 0, 0, 0, 0, 0, 0, 0, 2]),
 (12, [1900, 51, 1, 1, 1, 1177, 1776, 0, 0, 0, 3, 1, 0, 1, 2]),
 (12, [1350, 53, 1, 1, 1, 1511, 1690, 1, 1, 0, 0, 0, 0, 1, 1]),
 (12, [1297, 49, 1, 1, 1, 588, 1528, 0, 1, 1, 4, 0, 1, 1, 1]),
 (12, [1212, 95, 0, 1, 1, 1675, 1066, 0, 0, 1, 3, 1, 1, 1, 2]),
 (12, [974, 35, 1, 1, 0, 1285, 1222, 1, 1, 0, 2, 0, 0, 1, 1]),
 (12, [932, 27, 1, 0, 1, 562, 637, 0, 0, 0, 2, 1, 1, 1, 0]),
 (12, [831, 119, 1, 0, 0, 1499, 1089, 1, 0, 2, 1, 0, 0, 1, 2]),
 (12, [798, 49, 0, 1, 1, 1621, 538, 0, 0, 1, 1, 1, 0, 0, 2]),
 (12, [739, 90, 0, 0, 1, 1374, 1495, 1, 1, 0, 2, 0, 0, 0, 0])]
Elapsed time is 982.691644 seconds.
