 * Manually resetting nginx to stopped state
 * Manually resetting nginx to stopped state
 * Manually resetting nginx to stopped state
 * Manually resetting nginx to stopped state
 * Manually resetting nginx to stopped state
 * Manually resetting nginx to stopped state
 * Manually resetting nginx to stopped state
 * Manually resetting nginx to stopped state
 * Manually resetting nginx to stopped state
 * Manually resetting nginx to stopped state
 * Manually resetting nginx to stopped state
 * Manually resetting nginx to stopped state
 * Manually resetting nginx to stopped state
 * Manually resetting nginx to stopped state
 * Manually resetting nginx to stopped state
 * Manually resetting nginx to stopped state
 * Manually resetting nginx to stopped state
 * Manually resetting nginx to stopped state
 * Manually resetting nginx to stopped state
 * Manually resetting nginx to stopped state
 * Manually resetting nginx to stopped state
 * Manually resetting nginx to stopped state
 * Manually resetting nginx to stopped state
 * Manually resetting nginx to stopped state
genes: 15
individuals : 32
pressure: 5
mutation_chance: 0
generations: 15
crossover_type: 2
mutation_type_random: 0
Alerts:
16
Alerts:
16
Alerts:
16
Alerts:
33
Alerts:
12
Alerts:
16
Alerts:
33
Alerts:
35
Alerts:
16
Alerts:
33
Alerts:
16
Alerts:
33
Alerts:
16
Alerts:
12
Alerts:
16
Alerts:
16
Alerts:
16
Alerts:
12
Alerts:
12
Alerts:
16
Alerts:
16
Alerts:
33
Alerts:
12
Alerts:
12
population
[(16, [734, 65, 1, 0, 0, 570, 1599, 1, 1, 0, 4, 0, 2, 0, 2]),
 (999, [1198, 16, 1, 1, 0, 1512, 946, 1, 1, 3, 2, 0, 2, 0, 2]),
 (16, [797, 37, 1, 1, 1, 1763, 1403, 0, 0, 1, 0, 1, 1, 1, 0]),
 (999, [1683, 19, 0, 0, 0, 1828, 1659, 0, 1, 3, 1, 0, 0, 2, 1]),
 (16, [1085, 48, 1, 0, 0, 1827, 832, 0, 1, 0, 0, 1, 1, 2, 1]),
 (33, [1226, 19, 0, 0, 0, 1095, 1876, 1, 1, 1, 3, 1, 2, 1, 2]),
 (999, [1348, 55, 0, 0, 1, 1080, 1943, 0, 1, 3, 1, 0, 1, 2, 1]),
 (12, [1927, 27, 1, 1, 1, 1447, 959, 0, 1, 0, 0, 0, 1, 1, 2]),
 (999, [621, 106, 0, 0, 1, 1513, 1513, 0, 1, 3, 0, 1, 2, 2, 2]),
 (16, [1108, 102, 1, 1, 1, 1837, 1158, 0, 1, 2, 3, 1, 1, 1, 0]),
 (33, [916, 116, 1, 0, 0, 1108, 1547, 0, 0, 2, 0, 0, 1, 0, 0]),
 (35, [1864, 69, 0, 0, 0, 2021, 743, 0, 1, 0, 1, 0, 2, 1, 1]),
 (999, [1606, 55, 1, 1, 0, 849, 1571, 0, 1, 3, 2, 0, 1, 1, 2]),
 (16, [1679, 52, 1, 0, 0, 1271, 958, 1, 0, 0, 3, 0, 2, 1, 2]),
 (33, [1867, 98, 0, 1, 0, 649, 537, 1, 0, 0, 4, 1, 1, 2, 0]),
 (16, [1004, 71, 0, 1, 0, 1016, 1186, 0, 0, 1, 0, 1, 1, 2, 2]),
 (33, [750, 49, 0, 1, 0, 730, 1273, 1, 0, 0, 4, 1, 1, 1, 2]),
 (999, [764, 42, 1, 1, 0, 1473, 1052, 0, 0, 3, 1, 1, 2, 1, 2]),
 (16, [1913, 75, 1, 1, 1, 1432, 999, 0, 0, 0, 0, 0, 1, 1, 2]),
 (999, [1252, 65, 0, 1, 1, 1673, 971, 1, 1, 3, 5, 0, 2, 0, 2]),
 (12, [598, 54, 0, 1, 1, 1505, 1911, 1, 0, 1, 4, 1, 2, 0, 0]),
 (16, [1509, 47, 1, 1, 1, 1023, 1908, 0, 1, 0, 3, 0, 2, 2, 0]),
 (16, [943, 104, 0, 0, 1, 1878, 1199, 0, 0, 0, 4, 1, 2, 1, 1]),
 (16, [1396, 108, 1, 0, 1, 721, 1582, 1, 0, 2, 4, 0, 2, 0, 2]),
 (12, [1626, 73, 0, 1, 1, 1295, 1700, 0, 0, 0, 3, 1, 2, 2, 1]),
 (12, [988, 49, 0, 0, 0, 930, 1935, 1, 0, 0, 1, 0, 2, 2, 0]),
 (16, [1696, 38, 1, 1, 1, 1400, 530, 1, 1, 0, 2, 1, 0, 1, 0]),
 (16, [1437, 81, 0, 0, 1, 652, 1693, 1, 0, 2, 0, 0, 2, 1, 2]),
 (999, [1010, 63, 1, 1, 1, 1481, 1999, 0, 0, 3, 3, 0, 0, 0, 1]),
 (33, [562, 83, 1, 0, 0, 1014, 1512, 1, 0, 1, 3, 0, 0, 0, 1]),
 (12, [1596, 65, 0, 1, 1, 1718, 806, 1, 0, 0, 1, 1, 2, 1, 2]),
 (12, [690, 107, 0, 1, 0, 1196, 1637, 1, 0, 1, 1, 0, 1, 2, 1])]
scored
[(12, [598, 54, 0, 1, 1, 1505, 1911, 1, 0, 1, 4, 1, 2, 0, 0]),
 (12, [690, 107, 0, 1, 0, 1196, 1637, 1, 0, 1, 1, 0, 1, 2, 1]),
 (12, [988, 49, 0, 0, 0, 930, 1935, 1, 0, 0, 1, 0, 2, 2, 0]),
 (12, [1596, 65, 0, 1, 1, 1718, 806, 1, 0, 0, 1, 1, 2, 1, 2]),
 (12, [1626, 73, 0, 1, 1, 1295, 1700, 0, 0, 0, 3, 1, 2, 2, 1]),
 (12, [1927, 27, 1, 1, 1, 1447, 959, 0, 1, 0, 0, 0, 1, 1, 2]),
 (16, [734, 65, 1, 0, 0, 570, 1599, 1, 1, 0, 4, 0, 2, 0, 2]),
 (16, [797, 37, 1, 1, 1, 1763, 1403, 0, 0, 1, 0, 1, 1, 1, 0]),
 (16, [943, 104, 0, 0, 1, 1878, 1199, 0, 0, 0, 4, 1, 2, 1, 1]),
 (16, [1004, 71, 0, 1, 0, 1016, 1186, 0, 0, 1, 0, 1, 1, 2, 2]),
 (16, [1085, 48, 1, 0, 0, 1827, 832, 0, 1, 0, 0, 1, 1, 2, 1]),
 (16, [1108, 102, 1, 1, 1, 1837, 1158, 0, 1, 2, 3, 1, 1, 1, 0]),
 (16, [1396, 108, 1, 0, 1, 721, 1582, 1, 0, 2, 4, 0, 2, 0, 2]),
 (16, [1437, 81, 0, 0, 1, 652, 1693, 1, 0, 2, 0, 0, 2, 1, 2]),
 (16, [1509, 47, 1, 1, 1, 1023, 1908, 0, 1, 0, 3, 0, 2, 2, 0]),
 (16, [1679, 52, 1, 0, 0, 1271, 958, 1, 0, 0, 3, 0, 2, 1, 2]),
 (16, [1696, 38, 1, 1, 1, 1400, 530, 1, 1, 0, 2, 1, 0, 1, 0]),
 (16, [1913, 75, 1, 1, 1, 1432, 999, 0, 0, 0, 0, 0, 1, 1, 2]),
 (33, [562, 83, 1, 0, 0, 1014, 1512, 1, 0, 1, 3, 0, 0, 0, 1]),
 (33, [750, 49, 0, 1, 0, 730, 1273, 1, 0, 0, 4, 1, 1, 1, 2]),
 (33, [916, 116, 1, 0, 0, 1108, 1547, 0, 0, 2, 0, 0, 1, 0, 0]),
 (33, [1226, 19, 0, 0, 0, 1095, 1876, 1, 1, 1, 3, 1, 2, 1, 2]),
 (33, [1867, 98, 0, 1, 0, 649, 537, 1, 0, 0, 4, 1, 1, 2, 0]),
 (35, [1864, 69, 0, 0, 0, 2021, 743, 0, 1, 0, 1, 0, 2, 1, 1]),
 (999, [621, 106, 0, 0, 1, 1513, 1513, 0, 1, 3, 0, 1, 2, 2, 2]),
 (999, [764, 42, 1, 1, 0, 1473, 1052, 0, 0, 3, 1, 1, 2, 1, 2]),
 (999, [1010, 63, 1, 1, 1, 1481, 1999, 0, 0, 3, 3, 0, 0, 0, 1]),
 (999, [1198, 16, 1, 1, 0, 1512, 946, 1, 1, 3, 2, 0, 2, 0, 2]),
 (999, [1252, 65, 0, 1, 1, 1673, 971, 1, 1, 3, 5, 0, 2, 0, 2]),
 (999, [1348, 55, 0, 0, 1, 1080, 1943, 0, 1, 3, 1, 0, 1, 2, 1]),
 (999, [1606, 55, 1, 1, 0, 849, 1571, 0, 1, 3, 2, 0, 1, 1, 2]),
 (999, [1683, 19, 0, 0, 0, 1828, 1659, 0, 1, 3, 1, 0, 0, 2, 1])]
Selected
[(16, [1004, 71, 0, 1, 0, 1016, 1186, 0, 0, 1, 0, 1, 1, 2, 2]),
 (16, [943, 104, 0, 0, 1, 1878, 1199, 0, 0, 0, 4, 1, 2, 1, 1]),
 (12, [598, 54, 0, 1, 1, 1505, 1911, 1, 0, 1, 4, 1, 2, 0, 0]),
 (16, [943, 104, 0, 0, 1, 1878, 1199, 0, 0, 0, 4, 1, 2, 1, 1]),
 (12, [690, 107, 0, 1, 0, 1196, 1637, 1, 0, 1, 1, 0, 1, 2, 1]),
 (12, [1927, 27, 1, 1, 1, 1447, 959, 0, 1, 0, 0, 0, 1, 1, 2]),
 (12, [988, 49, 0, 0, 0, 930, 1935, 1, 0, 0, 1, 0, 2, 2, 0]),
 (16, [734, 65, 1, 0, 0, 570, 1599, 1, 1, 0, 4, 0, 2, 0, 2]),
 (12, [598, 54, 0, 1, 1, 1505, 1911, 1, 0, 1, 4, 1, 2, 0, 0]),
 (16, [797, 37, 1, 1, 1, 1763, 1403, 0, 0, 1, 0, 1, 1, 1, 0]),
 (16, [797, 37, 1, 1, 1, 1763, 1403, 0, 0, 1, 0, 1, 1, 1, 0]),
 (16, [1396, 108, 1, 0, 1, 721, 1582, 1, 0, 2, 4, 0, 2, 0, 2]),
 (12, [690, 107, 0, 1, 0, 1196, 1637, 1, 0, 1, 1, 0, 1, 2, 1]),
 (12, [1596, 65, 0, 1, 1, 1718, 806, 1, 0, 0, 1, 1, 2, 1, 2]),
 (12, [1596, 65, 0, 1, 1, 1718, 806, 1, 0, 0, 1, 1, 2, 1, 2]),
 (12, [598, 54, 0, 1, 1, 1505, 1911, 1, 0, 1, 4, 1, 2, 0, 0]),
 (12, [690, 107, 0, 1, 0, 1196, 1637, 1, 0, 1, 1, 0, 1, 2, 1]),
 (16, [1085, 48, 1, 0, 0, 1827, 832, 0, 1, 0, 0, 1, 1, 2, 1]),
 (12, [988, 49, 0, 0, 0, 930, 1935, 1, 0, 0, 1, 0, 2, 2, 0]),
 (12, [598, 54, 0, 1, 1, 1505, 1911, 1, 0, 1, 4, 1, 2, 0, 0]),
 (12, [598, 54, 0, 1, 1, 1505, 1911, 1, 0, 1, 4, 1, 2, 0, 0]),
 (12, [988, 49, 0, 0, 0, 930, 1935, 1, 0, 0, 1, 0, 2, 2, 0]),
 (12, [1927, 27, 1, 1, 1, 1447, 959, 0, 1, 0, 0, 0, 1, 1, 2]),
 (12, [598, 54, 0, 1, 1, 1505, 1911, 1, 0, 1, 4, 1, 2, 0, 0]),
 (12, [988, 49, 0, 0, 0, 930, 1935, 1, 0, 0, 1, 0, 2, 2, 0]),
 (12, [1927, 27, 1, 1, 1, 1447, 959, 0, 1, 0, 0, 0, 1, 1, 2]),
 (12, [690, 107, 0, 1, 0, 1196, 1637, 1, 0, 1, 1, 0, 1, 2, 1])]
population
[(999, [1683, 19, 0, 0, 0, 1828, 1659, 0, 1, 3, 1, 0, 0, 2, 1]),
 (999, [1606, 55, 1, 1, 0, 849, 1571, 0, 1, 3, 2, 0, 1, 1, 2]),
 (999, [1348, 55, 0, 0, 1, 1080, 1943, 0, 1, 3, 1, 0, 1, 2, 1]),
 (999, [1252, 65, 0, 1, 1, 1673, 971, 1, 1, 3, 5, 0, 2, 0, 2]),
 (999, [1198, 16, 1, 1, 0, 1512, 946, 1, 1, 3, 2, 0, 2, 0, 2]),
 (999, [1010, 63, 1, 1, 1, 1481, 1999, 0, 0, 3, 3, 0, 0, 0, 1]),
 (999, [764, 42, 1, 1, 0, 1473, 1052, 0, 0, 3, 1, 1, 2, 1, 2]),
 (999, [621, 106, 0, 0, 1, 1513, 1513, 0, 1, 3, 0, 1, 2, 2, 2]),
 (35, [1864, 69, 0, 0, 0, 2021, 743, 0, 1, 0, 1, 0, 2, 1, 1]),
 (33, [1867, 98, 0, 1, 0, 649, 537, 1, 0, 0, 4, 1, 1, 2, 0]),
 (33, [1226, 19, 0, 0, 0, 1095, 1876, 1, 1, 1, 3, 1, 2, 1, 2]),
 (33, [916, 116, 1, 0, 0, 1108, 1547, 0, 0, 2, 0, 0, 1, 0, 0]),
 (33, [750, 49, 0, 1, 0, 730, 1273, 1, 0, 0, 4, 1, 1, 1, 2]),
 (33, [562, 83, 1, 0, 0, 1014, 1512, 1, 0, 1, 3, 0, 0, 0, 1]),
 (16, [1913, 75, 1, 1, 1, 1432, 999, 0, 0, 0, 0, 0, 1, 1, 2]),
 (16, [1696, 38, 1, 1, 1, 1400, 530, 1, 1, 0, 2, 1, 0, 1, 0]),
 (16, [1679, 52, 1, 0, 0, 1271, 958, 1, 0, 0, 3, 0, 2, 1, 2]),
 (16, [1509, 47, 1, 1, 1, 1023, 1908, 0, 1, 0, 3, 0, 2, 2, 0]),
 (16, [1437, 81, 0, 0, 1, 652, 1693, 1, 0, 2, 0, 0, 2, 1, 2]),
 (16, [1396, 108, 1, 0, 1, 721, 1582, 1, 0, 2, 4, 0, 2, 0, 2]),
 (16, [1108, 102, 1, 1, 1, 1837, 1158, 0, 1, 2, 3, 1, 1, 1, 0]),
 (16, [1085, 48, 1, 0, 0, 1827, 832, 0, 1, 0, 0, 1, 1, 2, 1]),
 (16, [1004, 71, 0, 1, 0, 1016, 1186, 0, 0, 1, 0, 1, 1, 2, 2]),
 (16, [943, 104, 0, 0, 1, 1878, 1199, 0, 0, 0, 4, 1, 2, 1, 1]),
 (16, [797, 37, 1, 1, 1, 1763, 1403, 0, 0, 1, 0, 1, 1, 1, 0]),
 (16, [734, 65, 1, 0, 0, 570, 1599, 1, 1, 0, 4, 0, 2, 0, 2]),
 (12, [1927, 27, 1, 1, 1, 1447, 959, 0, 1, 0, 0, 0, 1, 1, 2]),
 (12, [1626, 73, 0, 1, 1, 1295, 1700, 0, 0, 0, 3, 1, 2, 2, 1]),
 (12, [1596, 65, 0, 1, 1, 1718, 806, 1, 0, 0, 1, 1, 2, 1, 2]),
 (12, [988, 49, 0, 0, 0, 930, 1935, 1, 0, 0, 1, 0, 2, 2, 0]),
 (12, [690, 107, 0, 1, 0, 1196, 1637, 1, 0, 1, 1, 0, 1, 2, 1]),
 (12, [598, 54, 0, 1, 1, 1505, 1911, 1, 0, 1, 4, 1, 2, 0, 0])]
scored
[(12, [598, 54, 0, 1, 1, 1505, 1911, 1, 0, 1, 4, 1, 2, 0, 0]),
 (12, [690, 107, 0, 1, 0, 1196, 1637, 1, 0, 1, 1, 0, 1, 2, 1]),
 (12, [988, 49, 0, 0, 0, 930, 1935, 1, 0, 0, 1, 0, 2, 2, 0]),
 (12, [1596, 65, 0, 1, 1, 1718, 806, 1, 0, 0, 1, 1, 2, 1, 2]),
 (12, [1626, 73, 0, 1, 1, 1295, 1700, 0, 0, 0, 3, 1, 2, 2, 1]),
 (12, [1927, 27, 1, 1, 1, 1447, 959, 0, 1, 0, 0, 0, 1, 1, 2]),
 (16, [734, 65, 1, 0, 0, 570, 1599, 1, 1, 0, 4, 0, 2, 0, 2]),
 (16, [797, 37, 1, 1, 1, 1763, 1403, 0, 0, 1, 0, 1, 1, 1, 0]),
 (16, [943, 104, 0, 0, 1, 1878, 1199, 0, 0, 0, 4, 1, 2, 1, 1]),
 (16, [1004, 71, 0, 1, 0, 1016, 1186, 0, 0, 1, 0, 1, 1, 2, 2]),
 (16, [1085, 48, 1, 0, 0, 1827, 832, 0, 1, 0, 0, 1, 1, 2, 1]),
 (16, [1108, 102, 1, 1, 1, 1837, 1158, 0, 1, 2, 3, 1, 1, 1, 0]),
 (16, [1396, 108, 1, 0, 1, 721, 1582, 1, 0, 2, 4, 0, 2, 0, 2]),
 (16, [1437, 81, 0, 0, 1, 652, 1693, 1, 0, 2, 0, 0, 2, 1, 2]),
 (16, [1509, 47, 1, 1, 1, 1023, 1908, 0, 1, 0, 3, 0, 2, 2, 0]),
 (16, [1679, 52, 1, 0, 0, 1271, 958, 1, 0, 0, 3, 0, 2, 1, 2]),
 (16, [1696, 38, 1, 1, 1, 1400, 530, 1, 1, 0, 2, 1, 0, 1, 0]),
 (16, [1913, 75, 1, 1, 1, 1432, 999, 0, 0, 0, 0, 0, 1, 1, 2]),
 (33, [562, 83, 1, 0, 0, 1014, 1512, 1, 0, 1, 3, 0, 0, 0, 1]),
 (33, [750, 49, 0, 1, 0, 730, 1273, 1, 0, 0, 4, 1, 1, 1, 2]),
 (33, [916, 116, 1, 0, 0, 1108, 1547, 0, 0, 2, 0, 0, 1, 0, 0]),
 (33, [1226, 19, 0, 0, 0, 1095, 1876, 1, 1, 1, 3, 1, 2, 1, 2]),
 (33, [1867, 98, 0, 1, 0, 649, 537, 1, 0, 0, 4, 1, 1, 2, 0]),
 (35, [1864, 69, 0, 0, 0, 2021, 743, 0, 1, 0, 1, 0, 2, 1, 1]),
 (999, [621, 106, 0, 0, 1, 1513, 1513, 0, 1, 3, 0, 1, 2, 2, 2]),
 (999, [764, 42, 1, 1, 0, 1473, 1052, 0, 0, 3, 1, 1, 2, 1, 2]),
 (999, [1010, 63, 1, 1, 1, 1481, 1999, 0, 0, 3, 3, 0, 0, 0, 1]),
 (999, [1198, 16, 1, 1, 0, 1512, 946, 1, 1, 3, 2, 0, 2, 0, 2]),
 (999, [1252, 65, 0, 1, 1, 1673, 971, 1, 1, 3, 5, 0, 2, 0, 2]),
 (999, [1348, 55, 0, 0, 1, 1080, 1943, 0, 1, 3, 1, 0, 1, 2, 1]),
 (999, [1606, 55, 1, 1, 0, 849, 1571, 0, 1, 3, 2, 0, 1, 1, 2]),
 (999, [1683, 19, 0, 0, 0, 1828, 1659, 0, 1, 3, 1, 0, 0, 2, 1])]
Selected
[(12, [1626, 73, 0, 1, 1, 1295, 1700, 0, 0, 0, 3, 1, 2, 2, 1]),
 (16, [797, 37, 1, 1, 1, 1763, 1403, 0, 0, 1, 0, 1, 1, 1, 0]),
 (12, [1596, 65, 0, 1, 1, 1718, 806, 1, 0, 0, 1, 1, 2, 1, 2]),
 (16, [943, 104, 0, 0, 1, 1878, 1199, 0, 0, 0, 4, 1, 2, 1, 1]),
 (12, [690, 107, 0, 1, 0, 1196, 1637, 1, 0, 1, 1, 0, 1, 2, 1]),
 (12, [598, 54, 0, 1, 1, 1505, 1911, 1, 0, 1, 4, 1, 2, 0, 0]),
 (12, [690, 107, 0, 1, 0, 1196, 1637, 1, 0, 1, 1, 0, 1, 2, 1]),
 (12, [598, 54, 0, 1, 1, 1505, 1911, 1, 0, 1, 4, 1, 2, 0, 0]),
 (12, [1596, 65, 0, 1, 1, 1718, 806, 1, 0, 0, 1, 1, 2, 1, 2]),
 (16, [1085, 48, 1, 0, 0, 1827, 832, 0, 1, 0, 0, 1, 1, 2, 1]),
 (16, [734, 65, 1, 0, 0, 570, 1599, 1, 1, 0, 4, 0, 2, 0, 2]),
 (16, [1437, 81, 0, 0, 1, 652, 1693, 1, 0, 2, 0, 0, 2, 1, 2]),
 (12, [1626, 73, 0, 1, 1, 1295, 1700, 0, 0, 0, 3, 1, 2, 2, 1]),
 (12, [690, 107, 0, 1, 0, 1196, 1637, 1, 0, 1, 1, 0, 1, 2, 1]),
 (12, [1927, 27, 1, 1, 1, 1447, 959, 0, 1, 0, 0, 0, 1, 1, 2]),
 (12, [598, 54, 0, 1, 1, 1505, 1911, 1, 0, 1, 4, 1, 2, 0, 0]),
 (12, [1596, 65, 0, 1, 1, 1718, 806, 1, 0, 0, 1, 1, 2, 1, 2]),
 (12, [1626, 73, 0, 1, 1, 1295, 1700, 0, 0, 0, 3, 1, 2, 2, 1]),
 (16, [797, 37, 1, 1, 1, 1763, 1403, 0, 0, 1, 0, 1, 1, 1, 0]),
 (16, [734, 65, 1, 0, 0, 570, 1599, 1, 1, 0, 4, 0, 2, 0, 2]),
 (12, [598, 54, 0, 1, 1, 1505, 1911, 1, 0, 1, 4, 1, 2, 0, 0]),
 (16, [734, 65, 1, 0, 0, 570, 1599, 1, 1, 0, 4, 0, 2, 0, 2]),
 (12, [1626, 73, 0, 1, 1, 1295, 1700, 0, 0, 0, 3, 1, 2, 2, 1]),
 (12, [988, 49, 0, 0, 0, 930, 1935, 1, 0, 0, 1, 0, 2, 2, 0]),
 (12, [988, 49, 0, 0, 0, 930, 1935, 1, 0, 0, 1, 0, 2, 2, 0]),
 (12, [988, 49, 0, 0, 0, 930, 1935, 1, 0, 0, 1, 0, 2, 2, 0]),
 (16, [734, 65, 1, 0, 0, 570, 1599, 1, 1, 0, 4, 0, 2, 0, 2])]
population
[(999, [1683, 19, 0, 0, 0, 1828, 1659, 0, 1, 3, 1, 0, 0, 2, 1]),
 (999, [1606, 55, 1, 1, 0, 849, 1571, 0, 1, 3, 2, 0, 1, 1, 2]),
 (999, [1348, 55, 0, 0, 1, 1080, 1943, 0, 1, 3, 1, 0, 1, 2, 1]),
 (999, [1252, 65, 0, 1, 1, 1673, 971, 1, 1, 3, 5, 0, 2, 0, 2]),
 (999, [1198, 16, 1, 1, 0, 1512, 946, 1, 1, 3, 2, 0, 2, 0, 2]),
 (999, [1010, 63, 1, 1, 1, 1481, 1999, 0, 0, 3, 3, 0, 0, 0, 1]),
 (999, [764, 42, 1, 1, 0, 1473, 1052, 0, 0, 3, 1, 1, 2, 1, 2]),
 (999, [621, 106, 0, 0, 1, 1513, 1513, 0, 1, 3, 0, 1, 2, 2, 2]),
 (35, [1864, 69, 0, 0, 0, 2021, 743, 0, 1, 0, 1, 0, 2, 1, 1]),
 (33, [1867, 98, 0, 1, 0, 649, 537, 1, 0, 0, 4, 1, 1, 2, 0]),
 (33, [1226, 19, 0, 0, 0, 1095, 1876, 1, 1, 1, 3, 1, 2, 1, 2]),
 (33, [916, 116, 1, 0, 0, 1108, 1547, 0, 0, 2, 0, 0, 1, 0, 0]),
 (33, [750, 49, 0, 1, 0, 730, 1273, 1, 0, 0, 4, 1, 1, 1, 2]),
 (33, [562, 83, 1, 0, 0, 1014, 1512, 1, 0, 1, 3, 0, 0, 0, 1]),
 (16, [1913, 75, 1, 1, 1, 1432, 999, 0, 0, 0, 0, 0, 1, 1, 2]),
 (16, [1696, 38, 1, 1, 1, 1400, 530, 1, 1, 0, 2, 1, 0, 1, 0]),
 (16, [1679, 52, 1, 0, 0, 1271, 958, 1, 0, 0, 3, 0, 2, 1, 2]),
 (16, [1509, 47, 1, 1, 1, 1023, 1908, 0, 1, 0, 3, 0, 2, 2, 0]),
 (16, [1437, 81, 0, 0, 1, 652, 1693, 1, 0, 2, 0, 0, 2, 1, 2]),
 (16, [1396, 108, 1, 0, 1, 721, 1582, 1, 0, 2, 4, 0, 2, 0, 2]),
 (16, [1108, 102, 1, 1, 1, 1837, 1158, 0, 1, 2, 3, 1, 1, 1, 0]),
 (16, [1085, 48, 1, 0, 0, 1827, 832, 0, 1, 0, 0, 1, 1, 2, 1]),
 (16, [1004, 71, 0, 1, 0, 1016, 1186, 0, 0, 1, 0, 1, 1, 2, 2]),
 (16, [943, 104, 0, 0, 1, 1878, 1199, 0, 0, 0, 4, 1, 2, 1, 1]),
 (16, [797, 37, 1, 1, 1, 1763, 1403, 0, 0, 1, 0, 1, 1, 1, 0]),
 (16, [734, 65, 1, 0, 0, 570, 1599, 1, 1, 0, 4, 0, 2, 0, 2]),
 (12, [1927, 27, 1, 1, 1, 1447, 959, 0, 1, 0, 0, 0, 1, 1, 2]),
 (12, [1626, 73, 0, 1, 1, 1295, 1700, 0, 0, 0, 3, 1, 2, 2, 1]),
 (12, [1596, 65, 0, 1, 1, 1718, 806, 1, 0, 0, 1, 1, 2, 1, 2]),
 (12, [988, 49, 0, 0, 0, 930, 1935, 1, 0, 0, 1, 0, 2, 2, 0]),
 (12, [690, 107, 0, 1, 0, 1196, 1637, 1, 0, 1, 1, 0, 1, 2, 1]),
 (12, [598, 54, 0, 1, 1, 1505, 1911, 1, 0, 1, 4, 1, 2, 0, 0])]
scored
[(12, [598, 54, 0, 1, 1, 1505, 1911, 1, 0, 1, 4, 1, 2, 0, 0]),
 (12, [690, 107, 0, 1, 0, 1196, 1637, 1, 0, 1, 1, 0, 1, 2, 1]),
 (12, [988, 49, 0, 0, 0, 930, 1935, 1, 0, 0, 1, 0, 2, 2, 0]),
 (12, [1596, 65, 0, 1, 1, 1718, 806, 1, 0, 0, 1, 1, 2, 1, 2]),
 (12, [1626, 73, 0, 1, 1, 1295, 1700, 0, 0, 0, 3, 1, 2, 2, 1]),
 (12, [1927, 27, 1, 1, 1, 1447, 959, 0, 1, 0, 0, 0, 1, 1, 2]),
 (16, [734, 65, 1, 0, 0, 570, 1599, 1, 1, 0, 4, 0, 2, 0, 2]),
 (16, [797, 37, 1, 1, 1, 1763, 1403, 0, 0, 1, 0, 1, 1, 1, 0]),
 (16, [943, 104, 0, 0, 1, 1878, 1199, 0, 0, 0, 4, 1, 2, 1, 1]),
 (16, [1004, 71, 0, 1, 0, 1016, 1186, 0, 0, 1, 0, 1, 1, 2, 2]),
 (16, [1085, 48, 1, 0, 0, 1827, 832, 0, 1, 0, 0, 1, 1, 2, 1]),
 (16, [1108, 102, 1, 1, 1, 1837, 1158, 0, 1, 2, 3, 1, 1, 1, 0]),
 (16, [1396, 108, 1, 0, 1, 721, 1582, 1, 0, 2, 4, 0, 2, 0, 2]),
 (16, [1437, 81, 0, 0, 1, 652, 1693, 1, 0, 2, 0, 0, 2, 1, 2]),
 (16, [1509, 47, 1, 1, 1, 1023, 1908, 0, 1, 0, 3, 0, 2, 2, 0]),
 (16, [1679, 52, 1, 0, 0, 1271, 958, 1, 0, 0, 3, 0, 2, 1, 2]),
 (16, [1696, 38, 1, 1, 1, 1400, 530, 1, 1, 0, 2, 1, 0, 1, 0]),
 (16, [1913, 75, 1, 1, 1, 1432, 999, 0, 0, 0, 0, 0, 1, 1, 2]),
 (33, [562, 83, 1, 0, 0, 1014, 1512, 1, 0, 1, 3, 0, 0, 0, 1]),
 (33, [750, 49, 0, 1, 0, 730, 1273, 1, 0, 0, 4, 1, 1, 1, 2]),
 (33, [916, 116, 1, 0, 0, 1108, 1547, 0, 0, 2, 0, 0, 1, 0, 0]),
 (33, [1226, 19, 0, 0, 0, 1095, 1876, 1, 1, 1, 3, 1, 2, 1, 2]),
 (33, [1867, 98, 0, 1, 0, 649, 537, 1, 0, 0, 4, 1, 1, 2, 0]),
 (35, [1864, 69, 0, 0, 0, 2021, 743, 0, 1, 0, 1, 0, 2, 1, 1]),
 (999, [621, 106, 0, 0, 1, 1513, 1513, 0, 1, 3, 0, 1, 2, 2, 2]),
 (999, [764, 42, 1, 1, 0, 1473, 1052, 0, 0, 3, 1, 1, 2, 1, 2]),
 (999, [1010, 63, 1, 1, 1, 1481, 1999, 0, 0, 3, 3, 0, 0, 0, 1]),
 (999, [1198, 16, 1, 1, 0, 1512, 946, 1, 1, 3, 2, 0, 2, 0, 2]),
 (999, [1252, 65, 0, 1, 1, 1673, 971, 1, 1, 3, 5, 0, 2, 0, 2]),
 (999, [1348, 55, 0, 0, 1, 1080, 1943, 0, 1, 3, 1, 0, 1, 2, 1]),
 (999, [1606, 55, 1, 1, 0, 849, 1571, 0, 1, 3, 2, 0, 1, 1, 2]),
 (999, [1683, 19, 0, 0, 0, 1828, 1659, 0, 1, 3, 1, 0, 0, 2, 1])]
Selected
[(16, [1679, 52, 1, 0, 0, 1271, 958, 1, 0, 0, 3, 0, 2, 1, 2]),
 (12, [988, 49, 0, 0, 0, 930, 1935, 1, 0, 0, 1, 0, 2, 2, 0]),
 (12, [1596, 65, 0, 1, 1, 1718, 806, 1, 0, 0, 1, 1, 2, 1, 2]),
 (12, [1927, 27, 1, 1, 1, 1447, 959, 0, 1, 0, 0, 0, 1, 1, 2]),
 (12, [1626, 73, 0, 1, 1, 1295, 1700, 0, 0, 0, 3, 1, 2, 2, 1]),
 (12, [598, 54, 0, 1, 1, 1505, 1911, 1, 0, 1, 4, 1, 2, 0, 0]),
 (16, [1004, 71, 0, 1, 0, 1016, 1186, 0, 0, 1, 0, 1, 1, 2, 2]),
 (16, [734, 65, 1, 0, 0, 570, 1599, 1, 1, 0, 4, 0, 2, 0, 2]),
 (12, [1927, 27, 1, 1, 1, 1447, 959, 0, 1, 0, 0, 0, 1, 1, 2]),
 (12, [1626, 73, 0, 1, 1, 1295, 1700, 0, 0, 0, 3, 1, 2, 2, 1]),
 (12, [598, 54, 0, 1, 1, 1505, 1911, 1, 0, 1, 4, 1, 2, 0, 0]),
 (12, [1626, 73, 0, 1, 1, 1295, 1700, 0, 0, 0, 3, 1, 2, 2, 1]),
 (12, [690, 107, 0, 1, 0, 1196, 1637, 1, 0, 1, 1, 0, 1, 2, 1]),
 (16, [734, 65, 1, 0, 0, 570, 1599, 1, 1, 0, 4, 0, 2, 0, 2]),
 (12, [988, 49, 0, 0, 0, 930, 1935, 1, 0, 0, 1, 0, 2, 2, 0]),
 (16, [943, 104, 0, 0, 1, 1878, 1199, 0, 0, 0, 4, 1, 2, 1, 1]),
 (12, [690, 107, 0, 1, 0, 1196, 1637, 1, 0, 1, 1, 0, 1, 2, 1]),
 (16, [943, 104, 0, 0, 1, 1878, 1199, 0, 0, 0, 4, 1, 2, 1, 1]),
 (12, [598, 54, 0, 1, 1, 1505, 1911, 1, 0, 1, 4, 1, 2, 0, 0]),
 (12, [598, 54, 0, 1, 1, 1505, 1911, 1, 0, 1, 4, 1, 2, 0, 0]),
 (16, [797, 37, 1, 1, 1, 1763, 1403, 0, 0, 1, 0, 1, 1, 1, 0]),
 (16, [1437, 81, 0, 0, 1, 652, 1693, 1, 0, 2, 0, 0, 2, 1, 2]),
 (12, [598, 54, 0, 1, 1, 1505, 1911, 1, 0, 1, 4, 1, 2, 0, 0]),
 (12, [1596, 65, 0, 1, 1, 1718, 806, 1, 0, 0, 1, 1, 2, 1, 2]),
 (16, [1108, 102, 1, 1, 1, 1837, 1158, 0, 1, 2, 3, 1, 1, 1, 0]),
 (16, [1004, 71, 0, 1, 0, 1016, 1186, 0, 0, 1, 0, 1, 1, 2, 2]),
 (12, [690, 107, 0, 1, 0, 1196, 1637, 1, 0, 1, 1, 0, 1, 2, 1])]
population
[(999, [1683, 19, 0, 0, 0, 1828, 1659, 0, 1, 3, 1, 0, 0, 2, 1]),
 (999, [1606, 55, 1, 1, 0, 849, 1571, 0, 1, 3, 2, 0, 1, 1, 2]),
 (999, [1348, 55, 0, 0, 1, 1080, 1943, 0, 1, 3, 1, 0, 1, 2, 1]),
 (999, [1252, 65, 0, 1, 1, 1673, 971, 1, 1, 3, 5, 0, 2, 0, 2]),
 (999, [1198, 16, 1, 1, 0, 1512, 946, 1, 1, 3, 2, 0, 2, 0, 2]),
 (999, [1010, 63, 1, 1, 1, 1481, 1999, 0, 0, 3, 3, 0, 0, 0, 1]),
 (999, [764, 42, 1, 1, 0, 1473, 1052, 0, 0, 3, 1, 1, 2, 1, 2]),
 (999, [621, 106, 0, 0, 1, 1513, 1513, 0, 1, 3, 0, 1, 2, 2, 2]),
 (35, [1864, 69, 0, 0, 0, 2021, 743, 0, 1, 0, 1, 0, 2, 1, 1]),
 (33, [1867, 98, 0, 1, 0, 649, 537, 1, 0, 0, 4, 1, 1, 2, 0]),
 (33, [1226, 19, 0, 0, 0, 1095, 1876, 1, 1, 1, 3, 1, 2, 1, 2]),
 (33, [916, 116, 1, 0, 0, 1108, 1547, 0, 0, 2, 0, 0, 1, 0, 0]),
 (33, [750, 49, 0, 1, 0, 730, 1273, 1, 0, 0, 4, 1, 1, 1, 2]),
 (33, [562, 83, 1, 0, 0, 1014, 1512, 1, 0, 1, 3, 0, 0, 0, 1]),
 (16, [1913, 75, 1, 1, 1, 1432, 999, 0, 0, 0, 0, 0, 1, 1, 2]),
 (16, [1696, 38, 1, 1, 1, 1400, 530, 1, 1, 0, 2, 1, 0, 1, 0]),
 (16, [1679, 52, 1, 0, 0, 1271, 958, 1, 0, 0, 3, 0, 2, 1, 2]),
 (16, [1509, 47, 1, 1, 1, 1023, 1908, 0, 1, 0, 3, 0, 2, 2, 0]),
 (16, [1437, 81, 0, 0, 1, 652, 1693, 1, 0, 2, 0, 0, 2, 1, 2]),
 (16, [1396, 108, 1, 0, 1, 721, 1582, 1, 0, 2, 4, 0, 2, 0, 2]),
 (16, [1108, 102, 1, 1, 1, 1837, 1158, 0, 1, 2, 3, 1, 1, 1, 0]),
 (16, [1085, 48, 1, 0, 0, 1827, 832, 0, 1, 0, 0, 1, 1, 2, 1]),
 (16, [1004, 71, 0, 1, 0, 1016, 1186, 0, 0, 1, 0, 1, 1, 2, 2]),
 (16, [943, 104, 0, 0, 1, 1878, 1199, 0, 0, 0, 4, 1, 2, 1, 1]),
 (16, [797, 37, 1, 1, 1, 1763, 1403, 0, 0, 1, 0, 1, 1, 1, 0]),
 (16, [734, 65, 1, 0, 0, 570, 1599, 1, 1, 0, 4, 0, 2, 0, 2]),
 (12, [1927, 27, 1, 1, 1, 1447, 959, 0, 1, 0, 0, 0, 1, 1, 2]),
 (12, [1626, 73, 0, 1, 1, 1295, 1700, 0, 0, 0, 3, 1, 2, 2, 1]),
 (12, [1596, 65, 0, 1, 1, 1718, 806, 1, 0, 0, 1, 1, 2, 1, 2]),
 (12, [988, 49, 0, 0, 0, 930, 1935, 1, 0, 0, 1, 0, 2, 2, 0]),
 (12, [690, 107, 0, 1, 0, 1196, 1637, 1, 0, 1, 1, 0, 1, 2, 1]),
 (12, [598, 54, 0, 1, 1, 1505, 1911, 1, 0, 1, 4, 1, 2, 0, 0])]
scored
[(12, [598, 54, 0, 1, 1, 1505, 1911, 1, 0, 1, 4, 1, 2, 0, 0]),
 (12, [690, 107, 0, 1, 0, 1196, 1637, 1, 0, 1, 1, 0, 1, 2, 1]),
 (12, [988, 49, 0, 0, 0, 930, 1935, 1, 0, 0, 1, 0, 2, 2, 0]),
 (12, [1596, 65, 0, 1, 1, 1718, 806, 1, 0, 0, 1, 1, 2, 1, 2]),
 (12, [1626, 73, 0, 1, 1, 1295, 1700, 0, 0, 0, 3, 1, 2, 2, 1]),
 (12, [1927, 27, 1, 1, 1, 1447, 959, 0, 1, 0, 0, 0, 1, 1, 2]),
 (16, [734, 65, 1, 0, 0, 570, 1599, 1, 1, 0, 4, 0, 2, 0, 2]),
 (16, [797, 37, 1, 1, 1, 1763, 1403, 0, 0, 1, 0, 1, 1, 1, 0]),
 (16, [943, 104, 0, 0, 1, 1878, 1199, 0, 0, 0, 4, 1, 2, 1, 1]),
 (16, [1004, 71, 0, 1, 0, 1016, 1186, 0, 0, 1, 0, 1, 1, 2, 2]),
 (16, [1085, 48, 1, 0, 0, 1827, 832, 0, 1, 0, 0, 1, 1, 2, 1]),
 (16, [1108, 102, 1, 1, 1, 1837, 1158, 0, 1, 2, 3, 1, 1, 1, 0]),
 (16, [1396, 108, 1, 0, 1, 721, 1582, 1, 0, 2, 4, 0, 2, 0, 2]),
 (16, [1437, 81, 0, 0, 1, 652, 1693, 1, 0, 2, 0, 0, 2, 1, 2]),
 (16, [1509, 47, 1, 1, 1, 1023, 1908, 0, 1, 0, 3, 0, 2, 2, 0]),
 (16, [1679, 52, 1, 0, 0, 1271, 958, 1, 0, 0, 3, 0, 2, 1, 2]),
 (16, [1696, 38, 1, 1, 1, 1400, 530, 1, 1, 0, 2, 1, 0, 1, 0]),
 (16, [1913, 75, 1, 1, 1, 1432, 999, 0, 0, 0, 0, 0, 1, 1, 2]),
 (33, [562, 83, 1, 0, 0, 1014, 1512, 1, 0, 1, 3, 0, 0, 0, 1]),
 (33, [750, 49, 0, 1, 0, 730, 1273, 1, 0, 0, 4, 1, 1, 1, 2]),
 (33, [916, 116, 1, 0, 0, 1108, 1547, 0, 0, 2, 0, 0, 1, 0, 0]),
 (33, [1226, 19, 0, 0, 0, 1095, 1876, 1, 1, 1, 3, 1, 2, 1, 2]),
 (33, [1867, 98, 0, 1, 0, 649, 537, 1, 0, 0, 4, 1, 1, 2, 0]),
 (35, [1864, 69, 0, 0, 0, 2021, 743, 0, 1, 0, 1, 0, 2, 1, 1]),
 (999, [621, 106, 0, 0, 1, 1513, 1513, 0, 1, 3, 0, 1, 2, 2, 2]),
 (999, [764, 42, 1, 1, 0, 1473, 1052, 0, 0, 3, 1, 1, 2, 1, 2]),
 (999, [1010, 63, 1, 1, 1, 1481, 1999, 0, 0, 3, 3, 0, 0, 0, 1]),
 (999, [1198, 16, 1, 1, 0, 1512, 946, 1, 1, 3, 2, 0, 2, 0, 2]),
 (999, [1252, 65, 0, 1, 1, 1673, 971, 1, 1, 3, 5, 0, 2, 0, 2]),
 (999, [1348, 55, 0, 0, 1, 1080, 1943, 0, 1, 3, 1, 0, 1, 2, 1]),
 (999, [1606, 55, 1, 1, 0, 849, 1571, 0, 1, 3, 2, 0, 1, 1, 2]),
 (999, [1683, 19, 0, 0, 0, 1828, 1659, 0, 1, 3, 1, 0, 0, 2, 1])]
Selected
[(16, [943, 104, 0, 0, 1, 1878, 1199, 0, 0, 0, 4, 1, 2, 1, 1]),
 (12, [598, 54, 0, 1, 1, 1505, 1911, 1, 0, 1, 4, 1, 2, 0, 0]),
 (12, [1596, 65, 0, 1, 1, 1718, 806, 1, 0, 0, 1, 1, 2, 1, 2]),
 (12, [1596, 65, 0, 1, 1, 1718, 806, 1, 0, 0, 1, 1, 2, 1, 2]),
 (12, [598, 54, 0, 1, 1, 1505, 1911, 1, 0, 1, 4, 1, 2, 0, 0]),
 (12, [1596, 65, 0, 1, 1, 1718, 806, 1, 0, 0, 1, 1, 2, 1, 2]),
 (16, [797, 37, 1, 1, 1, 1763, 1403, 0, 0, 1, 0, 1, 1, 1, 0]),
 (12, [598, 54, 0, 1, 1, 1505, 1911, 1, 0, 1, 4, 1, 2, 0, 0]),
 (16, [1108, 102, 1, 1, 1, 1837, 1158, 0, 1, 2, 3, 1, 1, 1, 0]),
 (12, [1626, 73, 0, 1, 1, 1295, 1700, 0, 0, 0, 3, 1, 2, 2, 1]),
 (16, [1396, 108, 1, 0, 1, 721, 1582, 1, 0, 2, 4, 0, 2, 0, 2]),
 (16, [943, 104, 0, 0, 1, 1878, 1199, 0, 0, 0, 4, 1, 2, 1, 1]),
 (12, [1927, 27, 1, 1, 1, 1447, 959, 0, 1, 0, 0, 0, 1, 1, 2]),
 (16, [1004, 71, 0, 1, 0, 1016, 1186, 0, 0, 1, 0, 1, 1, 2, 2]),
 (12, [1596, 65, 0, 1, 1, 1718, 806, 1, 0, 0, 1, 1, 2, 1, 2]),
 (12, [988, 49, 0, 0, 0, 930, 1935, 1, 0, 0, 1, 0, 2, 2, 0]),
 (12, [988, 49, 0, 0, 0, 930, 1935, 1, 0, 0, 1, 0, 2, 2, 0]),
 (12, [1927, 27, 1, 1, 1, 1447, 959, 0, 1, 0, 0, 0, 1, 1, 2]),
 (16, [1108, 102, 1, 1, 1, 1837, 1158, 0, 1, 2, 3, 1, 1, 1, 0]),
 (16, [1108, 102, 1, 1, 1, 1837, 1158, 0, 1, 2, 3, 1, 1, 1, 0]),
 (12, [1927, 27, 1, 1, 1, 1447, 959, 0, 1, 0, 0, 0, 1, 1, 2]),
 (12, [1596, 65, 0, 1, 1, 1718, 806, 1, 0, 0, 1, 1, 2, 1, 2]),
 (16, [797, 37, 1, 1, 1, 1763, 1403, 0, 0, 1, 0, 1, 1, 1, 0]),
 (16, [797, 37, 1, 1, 1, 1763, 1403, 0, 0, 1, 0, 1, 1, 1, 0]),
 (12, [690, 107, 0, 1, 0, 1196, 1637, 1, 0, 1, 1, 0, 1, 2, 1]),
 (12, [988, 49, 0, 0, 0, 930, 1935, 1, 0, 0, 1, 0, 2, 2, 0]),
 (12, [1596, 65, 0, 1, 1, 1718, 806, 1, 0, 0, 1, 1, 2, 1, 2])]
population
[(999, [1683, 19, 0, 0, 0, 1828, 1659, 0, 1, 3, 1, 0, 0, 2, 1]),
 (999, [1606, 55, 1, 1, 0, 849, 1571, 0, 1, 3, 2, 0, 1, 1, 2]),
 (999, [1348, 55, 0, 0, 1, 1080, 1943, 0, 1, 3, 1, 0, 1, 2, 1]),
 (999, [1252, 65, 0, 1, 1, 1673, 971, 1, 1, 3, 5, 0, 2, 0, 2]),
 (999, [1198, 16, 1, 1, 0, 1512, 946, 1, 1, 3, 2, 0, 2, 0, 2]),
 (999, [1010, 63, 1, 1, 1, 1481, 1999, 0, 0, 3, 3, 0, 0, 0, 1]),
 (999, [764, 42, 1, 1, 0, 1473, 1052, 0, 0, 3, 1, 1, 2, 1, 2]),
 (999, [621, 106, 0, 0, 1, 1513, 1513, 0, 1, 3, 0, 1, 2, 2, 2]),
 (35, [1864, 69, 0, 0, 0, 2021, 743, 0, 1, 0, 1, 0, 2, 1, 1]),
 (33, [1867, 98, 0, 1, 0, 649, 537, 1, 0, 0, 4, 1, 1, 2, 0]),
 (33, [1226, 19, 0, 0, 0, 1095, 1876, 1, 1, 1, 3, 1, 2, 1, 2]),
 (33, [916, 116, 1, 0, 0, 1108, 1547, 0, 0, 2, 0, 0, 1, 0, 0]),
 (33, [750, 49, 0, 1, 0, 730, 1273, 1, 0, 0, 4, 1, 1, 1, 2]),
 (33, [562, 83, 1, 0, 0, 1014, 1512, 1, 0, 1, 3, 0, 0, 0, 1]),
 (16, [1913, 75, 1, 1, 1, 1432, 999, 0, 0, 0, 0, 0, 1, 1, 2]),
 (16, [1696, 38, 1, 1, 1, 1400, 530, 1, 1, 0, 2, 1, 0, 1, 0]),
 (16, [1679, 52, 1, 0, 0, 1271, 958, 1, 0, 0, 3, 0, 2, 1, 2]),
 (16, [1509, 47, 1, 1, 1, 1023, 1908, 0, 1, 0, 3, 0, 2, 2, 0]),
 (16, [1437, 81, 0, 0, 1, 652, 1693, 1, 0, 2, 0, 0, 2, 1, 2]),
 (16, [1396, 108, 1, 0, 1, 721, 1582, 1, 0, 2, 4, 0, 2, 0, 2]),
 (16, [1108, 102, 1, 1, 1, 1837, 1158, 0, 1, 2, 3, 1, 1, 1, 0]),
 (16, [1085, 48, 1, 0, 0, 1827, 832, 0, 1, 0, 0, 1, 1, 2, 1]),
 (16, [1004, 71, 0, 1, 0, 1016, 1186, 0, 0, 1, 0, 1, 1, 2, 2]),
 (16, [943, 104, 0, 0, 1, 1878, 1199, 0, 0, 0, 4, 1, 2, 1, 1]),
 (16, [797, 37, 1, 1, 1, 1763, 1403, 0, 0, 1, 0, 1, 1, 1, 0]),
 (16, [734, 65, 1, 0, 0, 570, 1599, 1, 1, 0, 4, 0, 2, 0, 2]),
 (12, [1927, 27, 1, 1, 1, 1447, 959, 0, 1, 0, 0, 0, 1, 1, 2]),
 (12, [1626, 73, 0, 1, 1, 1295, 1700, 0, 0, 0, 3, 1, 2, 2, 1]),
 (12, [1596, 65, 0, 1, 1, 1718, 806, 1, 0, 0, 1, 1, 2, 1, 2]),
 (12, [988, 49, 0, 0, 0, 930, 1935, 1, 0, 0, 1, 0, 2, 2, 0]),
 (12, [690, 107, 0, 1, 0, 1196, 1637, 1, 0, 1, 1, 0, 1, 2, 1]),
 (12, [598, 54, 0, 1, 1, 1505, 1911, 1, 0, 1, 4, 1, 2, 0, 0])]
scored
[(12, [598, 54, 0, 1, 1, 1505, 1911, 1, 0, 1, 4, 1, 2, 0, 0]),
 (12, [690, 107, 0, 1, 0, 1196, 1637, 1, 0, 1, 1, 0, 1, 2, 1]),
 (12, [988, 49, 0, 0, 0, 930, 1935, 1, 0, 0, 1, 0, 2, 2, 0]),
 (12, [1596, 65, 0, 1, 1, 1718, 806, 1, 0, 0, 1, 1, 2, 1, 2]),
 (12, [1626, 73, 0, 1, 1, 1295, 1700, 0, 0, 0, 3, 1, 2, 2, 1]),
 (12, [1927, 27, 1, 1, 1, 1447, 959, 0, 1, 0, 0, 0, 1, 1, 2]),
 (16, [734, 65, 1, 0, 0, 570, 1599, 1, 1, 0, 4, 0, 2, 0, 2]),
 (16, [797, 37, 1, 1, 1, 1763, 1403, 0, 0, 1, 0, 1, 1, 1, 0]),
 (16, [943, 104, 0, 0, 1, 1878, 1199, 0, 0, 0, 4, 1, 2, 1, 1]),
 (16, [1004, 71, 0, 1, 0, 1016, 1186, 0, 0, 1, 0, 1, 1, 2, 2]),
 (16, [1085, 48, 1, 0, 0, 1827, 832, 0, 1, 0, 0, 1, 1, 2, 1]),
 (16, [1108, 102, 1, 1, 1, 1837, 1158, 0, 1, 2, 3, 1, 1, 1, 0]),
 (16, [1396, 108, 1, 0, 1, 721, 1582, 1, 0, 2, 4, 0, 2, 0, 2]),
 (16, [1437, 81, 0, 0, 1, 652, 1693, 1, 0, 2, 0, 0, 2, 1, 2]),
 (16, [1509, 47, 1, 1, 1, 1023, 1908, 0, 1, 0, 3, 0, 2, 2, 0]),
 (16, [1679, 52, 1, 0, 0, 1271, 958, 1, 0, 0, 3, 0, 2, 1, 2]),
 (16, [1696, 38, 1, 1, 1, 1400, 530, 1, 1, 0, 2, 1, 0, 1, 0]),
 (16, [1913, 75, 1, 1, 1, 1432, 999, 0, 0, 0, 0, 0, 1, 1, 2]),
 (33, [562, 83, 1, 0, 0, 1014, 1512, 1, 0, 1, 3, 0, 0, 0, 1]),
 (33, [750, 49, 0, 1, 0, 730, 1273, 1, 0, 0, 4, 1, 1, 1, 2]),
 (33, [916, 116, 1, 0, 0, 1108, 1547, 0, 0, 2, 0, 0, 1, 0, 0]),
 (33, [1226, 19, 0, 0, 0, 1095, 1876, 1, 1, 1, 3, 1, 2, 1, 2]),
 (33, [1867, 98, 0, 1, 0, 649, 537, 1, 0, 0, 4, 1, 1, 2, 0]),
 (35, [1864, 69, 0, 0, 0, 2021, 743, 0, 1, 0, 1, 0, 2, 1, 1]),
 (999, [621, 106, 0, 0, 1, 1513, 1513, 0, 1, 3, 0, 1, 2, 2, 2]),
 (999, [764, 42, 1, 1, 0, 1473, 1052, 0, 0, 3, 1, 1, 2, 1, 2]),
 (999, [1010, 63, 1, 1, 1, 1481, 1999, 0, 0, 3, 3, 0, 0, 0, 1]),
 (999, [1198, 16, 1, 1, 0, 1512, 946, 1, 1, 3, 2, 0, 2, 0, 2]),
 (999, [1252, 65, 0, 1, 1, 1673, 971, 1, 1, 3, 5, 0, 2, 0, 2]),
 (999, [1348, 55, 0, 0, 1, 1080, 1943, 0, 1, 3, 1, 0, 1, 2, 1]),
 (999, [1606, 55, 1, 1, 0, 849, 1571, 0, 1, 3, 2, 0, 1, 1, 2]),
 (999, [1683, 19, 0, 0, 0, 1828, 1659, 0, 1, 3, 1, 0, 0, 2, 1])]
Selected
[(12, [1927, 27, 1, 1, 1, 1447, 959, 0, 1, 0, 0, 0, 1, 1, 2]),
 (12, [988, 49, 0, 0, 0, 930, 1935, 1, 0, 0, 1, 0, 2, 2, 0]),
 (12, [690, 107, 0, 1, 0, 1196, 1637, 1, 0, 1, 1, 0, 1, 2, 1]),
 (16, [797, 37, 1, 1, 1, 1763, 1403, 0, 0, 1, 0, 1, 1, 1, 0]),
 (16, [734, 65, 1, 0, 0, 570, 1599, 1, 1, 0, 4, 0, 2, 0, 2]),
 (12, [1626, 73, 0, 1, 1, 1295, 1700, 0, 0, 0, 3, 1, 2, 2, 1]),
 (12, [690, 107, 0, 1, 0, 1196, 1637, 1, 0, 1, 1, 0, 1, 2, 1]),
 (12, [988, 49, 0, 0, 0, 930, 1935, 1, 0, 0, 1, 0, 2, 2, 0]),
 (12, [690, 107, 0, 1, 0, 1196, 1637, 1, 0, 1, 1, 0, 1, 2, 1]),
 (12, [1927, 27, 1, 1, 1, 1447, 959, 0, 1, 0, 0, 0, 1, 1, 2]),
 (12, [1596, 65, 0, 1, 1, 1718, 806, 1, 0, 0, 1, 1, 2, 1, 2]),
 (12, [598, 54, 0, 1, 1, 1505, 1911, 1, 0, 1, 4, 1, 2, 0, 0]),
 (12, [988, 49, 0, 0, 0, 930, 1935, 1, 0, 0, 1, 0, 2, 2, 0]),
 (16, [943, 104, 0, 0, 1, 1878, 1199, 0, 0, 0, 4, 1, 2, 1, 1]),
 (33, [916, 116, 1, 0, 0, 1108, 1547, 0, 0, 2, 0, 0, 1, 0, 0]),
 (12, [1626, 73, 0, 1, 1, 1295, 1700, 0, 0, 0, 3, 1, 2, 2, 1]),
 (12, [598, 54, 0, 1, 1, 1505, 1911, 1, 0, 1, 4, 1, 2, 0, 0]),
 (12, [690, 107, 0, 1, 0, 1196, 1637, 1, 0, 1, 1, 0, 1, 2, 1]),
 (12, [1927, 27, 1, 1, 1, 1447, 959, 0, 1, 0, 0, 0, 1, 1, 2]),
 (12, [1927, 27, 1, 1, 1, 1447, 959, 0, 1, 0, 0, 0, 1, 1, 2]),
 (12, [598, 54, 0, 1, 1, 1505, 1911, 1, 0, 1, 4, 1, 2, 0, 0]),
 (16, [734, 65, 1, 0, 0, 570, 1599, 1, 1, 0, 4, 0, 2, 0, 2]),
 (16, [1108, 102, 1, 1, 1, 1837, 1158, 0, 1, 2, 3, 1, 1, 1, 0]),
 (12, [1596, 65, 0, 1, 1, 1718, 806, 1, 0, 0, 1, 1, 2, 1, 2]),
 (12, [1927, 27, 1, 1, 1, 1447, 959, 0, 1, 0, 0, 0, 1, 1, 2]),
 (12, [1626, 73, 0, 1, 1, 1295, 1700, 0, 0, 0, 3, 1, 2, 2, 1]),
 (16, [1004, 71, 0, 1, 0, 1016, 1186, 0, 0, 1, 0, 1, 1, 2, 2])]
population
[(999, [1683, 19, 0, 0, 0, 1828, 1659, 0, 1, 3, 1, 0, 0, 2, 1]),
 (999, [1606, 55, 1, 1, 0, 849, 1571, 0, 1, 3, 2, 0, 1, 1, 2]),
 (999, [1348, 55, 0, 0, 1, 1080, 1943, 0, 1, 3, 1, 0, 1, 2, 1]),
 (999, [1252, 65, 0, 1, 1, 1673, 971, 1, 1, 3, 5, 0, 2, 0, 2]),
 (999, [1198, 16, 1, 1, 0, 1512, 946, 1, 1, 3, 2, 0, 2, 0, 2]),
 (999, [1010, 63, 1, 1, 1, 1481, 1999, 0, 0, 3, 3, 0, 0, 0, 1]),
 (999, [764, 42, 1, 1, 0, 1473, 1052, 0, 0, 3, 1, 1, 2, 1, 2]),
 (999, [621, 106, 0, 0, 1, 1513, 1513, 0, 1, 3, 0, 1, 2, 2, 2]),
 (35, [1864, 69, 0, 0, 0, 2021, 743, 0, 1, 0, 1, 0, 2, 1, 1]),
 (33, [1867, 98, 0, 1, 0, 649, 537, 1, 0, 0, 4, 1, 1, 2, 0]),
 (33, [1226, 19, 0, 0, 0, 1095, 1876, 1, 1, 1, 3, 1, 2, 1, 2]),
 (33, [916, 116, 1, 0, 0, 1108, 1547, 0, 0, 2, 0, 0, 1, 0, 0]),
 (33, [750, 49, 0, 1, 0, 730, 1273, 1, 0, 0, 4, 1, 1, 1, 2]),
 (33, [562, 83, 1, 0, 0, 1014, 1512, 1, 0, 1, 3, 0, 0, 0, 1]),
 (16, [1913, 75, 1, 1, 1, 1432, 999, 0, 0, 0, 0, 0, 1, 1, 2]),
 (16, [1696, 38, 1, 1, 1, 1400, 530, 1, 1, 0, 2, 1, 0, 1, 0]),
 (16, [1679, 52, 1, 0, 0, 1271, 958, 1, 0, 0, 3, 0, 2, 1, 2]),
 (16, [1509, 47, 1, 1, 1, 1023, 1908, 0, 1, 0, 3, 0, 2, 2, 0]),
 (16, [1437, 81, 0, 0, 1, 652, 1693, 1, 0, 2, 0, 0, 2, 1, 2]),
 (16, [1396, 108, 1, 0, 1, 721, 1582, 1, 0, 2, 4, 0, 2, 0, 2]),
 (16, [1108, 102, 1, 1, 1, 1837, 1158, 0, 1, 2, 3, 1, 1, 1, 0]),
 (16, [1085, 48, 1, 0, 0, 1827, 832, 0, 1, 0, 0, 1, 1, 2, 1]),
 (16, [1004, 71, 0, 1, 0, 1016, 1186, 0, 0, 1, 0, 1, 1, 2, 2]),
 (16, [943, 104, 0, 0, 1, 1878, 1199, 0, 0, 0, 4, 1, 2, 1, 1]),
 (16, [797, 37, 1, 1, 1, 1763, 1403, 0, 0, 1, 0, 1, 1, 1, 0]),
 (16, [734, 65, 1, 0, 0, 570, 1599, 1, 1, 0, 4, 0, 2, 0, 2]),
 (12, [1927, 27, 1, 1, 1, 1447, 959, 0, 1, 0, 0, 0, 1, 1, 2]),
 (12, [1626, 73, 0, 1, 1, 1295, 1700, 0, 0, 0, 3, 1, 2, 2, 1]),
 (12, [1596, 65, 0, 1, 1, 1718, 806, 1, 0, 0, 1, 1, 2, 1, 2]),
 (12, [988, 49, 0, 0, 0, 930, 1935, 1, 0, 0, 1, 0, 2, 2, 0]),
 (12, [690, 107, 0, 1, 0, 1196, 1637, 1, 0, 1, 1, 0, 1, 2, 1]),
 (12, [598, 54, 0, 1, 1, 1505, 1911, 1, 0, 1, 4, 1, 2, 0, 0])]
scored
[(12, [598, 54, 0, 1, 1, 1505, 1911, 1, 0, 1, 4, 1, 2, 0, 0]),
 (12, [690, 107, 0, 1, 0, 1196, 1637, 1, 0, 1, 1, 0, 1, 2, 1]),
 (12, [988, 49, 0, 0, 0, 930, 1935, 1, 0, 0, 1, 0, 2, 2, 0]),
 (12, [1596, 65, 0, 1, 1, 1718, 806, 1, 0, 0, 1, 1, 2, 1, 2]),
 (12, [1626, 73, 0, 1, 1, 1295, 1700, 0, 0, 0, 3, 1, 2, 2, 1]),
 (12, [1927, 27, 1, 1, 1, 1447, 959, 0, 1, 0, 0, 0, 1, 1, 2]),
 (16, [734, 65, 1, 0, 0, 570, 1599, 1, 1, 0, 4, 0, 2, 0, 2]),
 (16, [797, 37, 1, 1, 1, 1763, 1403, 0, 0, 1, 0, 1, 1, 1, 0]),
 (16, [943, 104, 0, 0, 1, 1878, 1199, 0, 0, 0, 4, 1, 2, 1, 1]),
 (16, [1004, 71, 0, 1, 0, 1016, 1186, 0, 0, 1, 0, 1, 1, 2, 2]),
 (16, [1085, 48, 1, 0, 0, 1827, 832, 0, 1, 0, 0, 1, 1, 2, 1]),
 (16, [1108, 102, 1, 1, 1, 1837, 1158, 0, 1, 2, 3, 1, 1, 1, 0]),
 (16, [1396, 108, 1, 0, 1, 721, 1582, 1, 0, 2, 4, 0, 2, 0, 2]),
 (16, [1437, 81, 0, 0, 1, 652, 1693, 1, 0, 2, 0, 0, 2, 1, 2]),
 (16, [1509, 47, 1, 1, 1, 1023, 1908, 0, 1, 0, 3, 0, 2, 2, 0]),
 (16, [1679, 52, 1, 0, 0, 1271, 958, 1, 0, 0, 3, 0, 2, 1, 2]),
 (16, [1696, 38, 1, 1, 1, 1400, 530, 1, 1, 0, 2, 1, 0, 1, 0]),
 (16, [1913, 75, 1, 1, 1, 1432, 999, 0, 0, 0, 0, 0, 1, 1, 2]),
 (33, [562, 83, 1, 0, 0, 1014, 1512, 1, 0, 1, 3, 0, 0, 0, 1]),
 (33, [750, 49, 0, 1, 0, 730, 1273, 1, 0, 0, 4, 1, 1, 1, 2]),
 (33, [916, 116, 1, 0, 0, 1108, 1547, 0, 0, 2, 0, 0, 1, 0, 0]),
 (33, [1226, 19, 0, 0, 0, 1095, 1876, 1, 1, 1, 3, 1, 2, 1, 2]),
 (33, [1867, 98, 0, 1, 0, 649, 537, 1, 0, 0, 4, 1, 1, 2, 0]),
 (35, [1864, 69, 0, 0, 0, 2021, 743, 0, 1, 0, 1, 0, 2, 1, 1]),
 (999, [621, 106, 0, 0, 1, 1513, 1513, 0, 1, 3, 0, 1, 2, 2, 2]),
 (999, [764, 42, 1, 1, 0, 1473, 1052, 0, 0, 3, 1, 1, 2, 1, 2]),
 (999, [1010, 63, 1, 1, 1, 1481, 1999, 0, 0, 3, 3, 0, 0, 0, 1]),
 (999, [1198, 16, 1, 1, 0, 1512, 946, 1, 1, 3, 2, 0, 2, 0, 2]),
 (999, [1252, 65, 0, 1, 1, 1673, 971, 1, 1, 3, 5, 0, 2, 0, 2]),
 (999, [1348, 55, 0, 0, 1, 1080, 1943, 0, 1, 3, 1, 0, 1, 2, 1]),
 (999, [1606, 55, 1, 1, 0, 849, 1571, 0, 1, 3, 2, 0, 1, 1, 2]),
 (999, [1683, 19, 0, 0, 0, 1828, 1659, 0, 1, 3, 1, 0, 0, 2, 1])]
Selected
[(16, [734, 65, 1, 0, 0, 570, 1599, 1, 1, 0, 4, 0, 2, 0, 2]),
 (12, [1927, 27, 1, 1, 1, 1447, 959, 0, 1, 0, 0, 0, 1, 1, 2]),
 (12, [1626, 73, 0, 1, 1, 1295, 1700, 0, 0, 0, 3, 1, 2, 2, 1]),
 (12, [598, 54, 0, 1, 1, 1505, 1911, 1, 0, 1, 4, 1, 2, 0, 0]),
 (12, [598, 54, 0, 1, 1, 1505, 1911, 1, 0, 1, 4, 1, 2, 0, 0]),
 (12, [1927, 27, 1, 1, 1, 1447, 959, 0, 1, 0, 0, 0, 1, 1, 2]),
 (12, [1927, 27, 1, 1, 1, 1447, 959, 0, 1, 0, 0, 0, 1, 1, 2]),
 (12, [1927, 27, 1, 1, 1, 1447, 959, 0, 1, 0, 0, 0, 1, 1, 2]),
 (16, [1108, 102, 1, 1, 1, 1837, 1158, 0, 1, 2, 3, 1, 1, 1, 0]),
 (12, [690, 107, 0, 1, 0, 1196, 1637, 1, 0, 1, 1, 0, 1, 2, 1]),
 (12, [1596, 65, 0, 1, 1, 1718, 806, 1, 0, 0, 1, 1, 2, 1, 2]),
 (12, [988, 49, 0, 0, 0, 930, 1935, 1, 0, 0, 1, 0, 2, 2, 0]),
 (12, [598, 54, 0, 1, 1, 1505, 1911, 1, 0, 1, 4, 1, 2, 0, 0]),
 (12, [598, 54, 0, 1, 1, 1505, 1911, 1, 0, 1, 4, 1, 2, 0, 0]),
 (16, [1679, 52, 1, 0, 0, 1271, 958, 1, 0, 0, 3, 0, 2, 1, 2]),
 (16, [943, 104, 0, 0, 1, 1878, 1199, 0, 0, 0, 4, 1, 2, 1, 1]),
 (12, [1596, 65, 0, 1, 1, 1718, 806, 1, 0, 0, 1, 1, 2, 1, 2]),
 (12, [988, 49, 0, 0, 0, 930, 1935, 1, 0, 0, 1, 0, 2, 2, 0]),
 (16, [1004, 71, 0, 1, 0, 1016, 1186, 0, 0, 1, 0, 1, 1, 2, 2]),
 (12, [1626, 73, 0, 1, 1, 1295, 1700, 0, 0, 0, 3, 1, 2, 2, 1]),
 (16, [734, 65, 1, 0, 0, 570, 1599, 1, 1, 0, 4, 0, 2, 0, 2]),
 (12, [1596, 65, 0, 1, 1, 1718, 806, 1, 0, 0, 1, 1, 2, 1, 2]),
 (16, [1004, 71, 0, 1, 0, 1016, 1186, 0, 0, 1, 0, 1, 1, 2, 2]),
 (12, [1596, 65, 0, 1, 1, 1718, 806, 1, 0, 0, 1, 1, 2, 1, 2]),
 (12, [988, 49, 0, 0, 0, 930, 1935, 1, 0, 0, 1, 0, 2, 2, 0]),
 (16, [1509, 47, 1, 1, 1, 1023, 1908, 0, 1, 0, 3, 0, 2, 2, 0]),
 (12, [598, 54, 0, 1, 1, 1505, 1911, 1, 0, 1, 4, 1, 2, 0, 0])]
population
[(999, [1683, 19, 0, 0, 0, 1828, 1659, 0, 1, 3, 1, 0, 0, 2, 1]),
 (999, [1606, 55, 1, 1, 0, 849, 1571, 0, 1, 3, 2, 0, 1, 1, 2]),
 (999, [1348, 55, 0, 0, 1, 1080, 1943, 0, 1, 3, 1, 0, 1, 2, 1]),
 (999, [1252, 65, 0, 1, 1, 1673, 971, 1, 1, 3, 5, 0, 2, 0, 2]),
 (999, [1198, 16, 1, 1, 0, 1512, 946, 1, 1, 3, 2, 0, 2, 0, 2]),
 (999, [1010, 63, 1, 1, 1, 1481, 1999, 0, 0, 3, 3, 0, 0, 0, 1]),
 (999, [764, 42, 1, 1, 0, 1473, 1052, 0, 0, 3, 1, 1, 2, 1, 2]),
 (999, [621, 106, 0, 0, 1, 1513, 1513, 0, 1, 3, 0, 1, 2, 2, 2]),
 (35, [1864, 69, 0, 0, 0, 2021, 743, 0, 1, 0, 1, 0, 2, 1, 1]),
 (33, [1867, 98, 0, 1, 0, 649, 537, 1, 0, 0, 4, 1, 1, 2, 0]),
 (33, [1226, 19, 0, 0, 0, 1095, 1876, 1, 1, 1, 3, 1, 2, 1, 2]),
 (33, [916, 116, 1, 0, 0, 1108, 1547, 0, 0, 2, 0, 0, 1, 0, 0]),
 (33, [750, 49, 0, 1, 0, 730, 1273, 1, 0, 0, 4, 1, 1, 1, 2]),
 (33, [562, 83, 1, 0, 0, 1014, 1512, 1, 0, 1, 3, 0, 0, 0, 1]),
 (16, [1913, 75, 1, 1, 1, 1432, 999, 0, 0, 0, 0, 0, 1, 1, 2]),
 (16, [1696, 38, 1, 1, 1, 1400, 530, 1, 1, 0, 2, 1, 0, 1, 0]),
 (16, [1679, 52, 1, 0, 0, 1271, 958, 1, 0, 0, 3, 0, 2, 1, 2]),
 (16, [1509, 47, 1, 1, 1, 1023, 1908, 0, 1, 0, 3, 0, 2, 2, 0]),
 (16, [1437, 81, 0, 0, 1, 652, 1693, 1, 0, 2, 0, 0, 2, 1, 2]),
 (16, [1396, 108, 1, 0, 1, 721, 1582, 1, 0, 2, 4, 0, 2, 0, 2]),
 (16, [1108, 102, 1, 1, 1, 1837, 1158, 0, 1, 2, 3, 1, 1, 1, 0]),
 (16, [1085, 48, 1, 0, 0, 1827, 832, 0, 1, 0, 0, 1, 1, 2, 1]),
 (16, [1004, 71, 0, 1, 0, 1016, 1186, 0, 0, 1, 0, 1, 1, 2, 2]),
 (16, [943, 104, 0, 0, 1, 1878, 1199, 0, 0, 0, 4, 1, 2, 1, 1]),
 (16, [797, 37, 1, 1, 1, 1763, 1403, 0, 0, 1, 0, 1, 1, 1, 0]),
 (16, [734, 65, 1, 0, 0, 570, 1599, 1, 1, 0, 4, 0, 2, 0, 2]),
 (12, [1927, 27, 1, 1, 1, 1447, 959, 0, 1, 0, 0, 0, 1, 1, 2]),
 (12, [1626, 73, 0, 1, 1, 1295, 1700, 0, 0, 0, 3, 1, 2, 2, 1]),
 (12, [1596, 65, 0, 1, 1, 1718, 806, 1, 0, 0, 1, 1, 2, 1, 2]),
 (12, [988, 49, 0, 0, 0, 930, 1935, 1, 0, 0, 1, 0, 2, 2, 0]),
 (12, [690, 107, 0, 1, 0, 1196, 1637, 1, 0, 1, 1, 0, 1, 2, 1]),
 (12, [598, 54, 0, 1, 1, 1505, 1911, 1, 0, 1, 4, 1, 2, 0, 0])]
scored
[(12, [598, 54, 0, 1, 1, 1505, 1911, 1, 0, 1, 4, 1, 2, 0, 0]),
 (12, [690, 107, 0, 1, 0, 1196, 1637, 1, 0, 1, 1, 0, 1, 2, 1]),
 (12, [988, 49, 0, 0, 0, 930, 1935, 1, 0, 0, 1, 0, 2, 2, 0]),
 (12, [1596, 65, 0, 1, 1, 1718, 806, 1, 0, 0, 1, 1, 2, 1, 2]),
 (12, [1626, 73, 0, 1, 1, 1295, 1700, 0, 0, 0, 3, 1, 2, 2, 1]),
 (12, [1927, 27, 1, 1, 1, 1447, 959, 0, 1, 0, 0, 0, 1, 1, 2]),
 (16, [734, 65, 1, 0, 0, 570, 1599, 1, 1, 0, 4, 0, 2, 0, 2]),
 (16, [797, 37, 1, 1, 1, 1763, 1403, 0, 0, 1, 0, 1, 1, 1, 0]),
 (16, [943, 104, 0, 0, 1, 1878, 1199, 0, 0, 0, 4, 1, 2, 1, 1]),
 (16, [1004, 71, 0, 1, 0, 1016, 1186, 0, 0, 1, 0, 1, 1, 2, 2]),
 (16, [1085, 48, 1, 0, 0, 1827, 832, 0, 1, 0, 0, 1, 1, 2, 1]),
 (16, [1108, 102, 1, 1, 1, 1837, 1158, 0, 1, 2, 3, 1, 1, 1, 0]),
 (16, [1396, 108, 1, 0, 1, 721, 1582, 1, 0, 2, 4, 0, 2, 0, 2]),
 (16, [1437, 81, 0, 0, 1, 652, 1693, 1, 0, 2, 0, 0, 2, 1, 2]),
 (16, [1509, 47, 1, 1, 1, 1023, 1908, 0, 1, 0, 3, 0, 2, 2, 0]),
 (16, [1679, 52, 1, 0, 0, 1271, 958, 1, 0, 0, 3, 0, 2, 1, 2]),
 (16, [1696, 38, 1, 1, 1, 1400, 530, 1, 1, 0, 2, 1, 0, 1, 0]),
 (16, [1913, 75, 1, 1, 1, 1432, 999, 0, 0, 0, 0, 0, 1, 1, 2]),
 (33, [562, 83, 1, 0, 0, 1014, 1512, 1, 0, 1, 3, 0, 0, 0, 1]),
 (33, [750, 49, 0, 1, 0, 730, 1273, 1, 0, 0, 4, 1, 1, 1, 2]),
 (33, [916, 116, 1, 0, 0, 1108, 1547, 0, 0, 2, 0, 0, 1, 0, 0]),
 (33, [1226, 19, 0, 0, 0, 1095, 1876, 1, 1, 1, 3, 1, 2, 1, 2]),
 (33, [1867, 98, 0, 1, 0, 649, 537, 1, 0, 0, 4, 1, 1, 2, 0]),
 (35, [1864, 69, 0, 0, 0, 2021, 743, 0, 1, 0, 1, 0, 2, 1, 1]),
 (999, [621, 106, 0, 0, 1, 1513, 1513, 0, 1, 3, 0, 1, 2, 2, 2]),
 (999, [764, 42, 1, 1, 0, 1473, 1052, 0, 0, 3, 1, 1, 2, 1, 2]),
 (999, [1010, 63, 1, 1, 1, 1481, 1999, 0, 0, 3, 3, 0, 0, 0, 1]),
 (999, [1198, 16, 1, 1, 0, 1512, 946, 1, 1, 3, 2, 0, 2, 0, 2]),
 (999, [1252, 65, 0, 1, 1, 1673, 971, 1, 1, 3, 5, 0, 2, 0, 2]),
 (999, [1348, 55, 0, 0, 1, 1080, 1943, 0, 1, 3, 1, 0, 1, 2, 1]),
 (999, [1606, 55, 1, 1, 0, 849, 1571, 0, 1, 3, 2, 0, 1, 1, 2]),
 (999, [1683, 19, 0, 0, 0, 1828, 1659, 0, 1, 3, 1, 0, 0, 2, 1])]
Selected
[(12, [1596, 65, 0, 1, 1, 1718, 806, 1, 0, 0, 1, 1, 2, 1, 2]),
 (12, [988, 49, 0, 0, 0, 930, 1935, 1, 0, 0, 1, 0, 2, 2, 0]),
 (16, [1396, 108, 1, 0, 1, 721, 1582, 1, 0, 2, 4, 0, 2, 0, 2]),
 (12, [1626, 73, 0, 1, 1, 1295, 1700, 0, 0, 0, 3, 1, 2, 2, 1]),
 (12, [1626, 73, 0, 1, 1, 1295, 1700, 0, 0, 0, 3, 1, 2, 2, 1]),
 (12, [598, 54, 0, 1, 1, 1505, 1911, 1, 0, 1, 4, 1, 2, 0, 0]),
 (12, [1626, 73, 0, 1, 1, 1295, 1700, 0, 0, 0, 3, 1, 2, 2, 1]),
 (12, [598, 54, 0, 1, 1, 1505, 1911, 1, 0, 1, 4, 1, 2, 0, 0]),
 (12, [690, 107, 0, 1, 0, 1196, 1637, 1, 0, 1, 1, 0, 1, 2, 1]),
 (12, [1626, 73, 0, 1, 1, 1295, 1700, 0, 0, 0, 3, 1, 2, 2, 1]),
 (12, [690, 107, 0, 1, 0, 1196, 1637, 1, 0, 1, 1, 0, 1, 2, 1]),
 (12, [1927, 27, 1, 1, 1, 1447, 959, 0, 1, 0, 0, 0, 1, 1, 2]),
 (12, [690, 107, 0, 1, 0, 1196, 1637, 1, 0, 1, 1, 0, 1, 2, 1]),
 (12, [1596, 65, 0, 1, 1, 1718, 806, 1, 0, 0, 1, 1, 2, 1, 2]),
 (16, [797, 37, 1, 1, 1, 1763, 1403, 0, 0, 1, 0, 1, 1, 1, 0]),
 (12, [1927, 27, 1, 1, 1, 1447, 959, 0, 1, 0, 0, 0, 1, 1, 2]),
 (16, [734, 65, 1, 0, 0, 570, 1599, 1, 1, 0, 4, 0, 2, 0, 2]),
 (12, [598, 54, 0, 1, 1, 1505, 1911, 1, 0, 1, 4, 1, 2, 0, 0]),
 (12, [1927, 27, 1, 1, 1, 1447, 959, 0, 1, 0, 0, 0, 1, 1, 2]),
 (16, [943, 104, 0, 0, 1, 1878, 1199, 0, 0, 0, 4, 1, 2, 1, 1]),
 (12, [598, 54, 0, 1, 1, 1505, 1911, 1, 0, 1, 4, 1, 2, 0, 0]),
 (12, [1596, 65, 0, 1, 1, 1718, 806, 1, 0, 0, 1, 1, 2, 1, 2]),
 (12, [1626, 73, 0, 1, 1, 1295, 1700, 0, 0, 0, 3, 1, 2, 2, 1]),
 (12, [690, 107, 0, 1, 0, 1196, 1637, 1, 0, 1, 1, 0, 1, 2, 1]),
 (12, [598, 54, 0, 1, 1, 1505, 1911, 1, 0, 1, 4, 1, 2, 0, 0]),
 (12, [1596, 65, 0, 1, 1, 1718, 806, 1, 0, 0, 1, 1, 2, 1, 2]),
 (12, [1596, 65, 0, 1, 1, 1718, 806, 1, 0, 0, 1, 1, 2, 1, 2])]
population
[(999, [1683, 19, 0, 0, 0, 1828, 1659, 0, 1, 3, 1, 0, 0, 2, 1]),
 (999, [1606, 55, 1, 1, 0, 849, 1571, 0, 1, 3, 2, 0, 1, 1, 2]),
 (999, [1348, 55, 0, 0, 1, 1080, 1943, 0, 1, 3, 1, 0, 1, 2, 1]),
 (999, [1252, 65, 0, 1, 1, 1673, 971, 1, 1, 3, 5, 0, 2, 0, 2]),
 (999, [1198, 16, 1, 1, 0, 1512, 946, 1, 1, 3, 2, 0, 2, 0, 2]),
 (999, [1010, 63, 1, 1, 1, 1481, 1999, 0, 0, 3, 3, 0, 0, 0, 1]),
 (999, [764, 42, 1, 1, 0, 1473, 1052, 0, 0, 3, 1, 1, 2, 1, 2]),
 (999, [621, 106, 0, 0, 1, 1513, 1513, 0, 1, 3, 0, 1, 2, 2, 2]),
 (35, [1864, 69, 0, 0, 0, 2021, 743, 0, 1, 0, 1, 0, 2, 1, 1]),
 (33, [1867, 98, 0, 1, 0, 649, 537, 1, 0, 0, 4, 1, 1, 2, 0]),
 (33, [1226, 19, 0, 0, 0, 1095, 1876, 1, 1, 1, 3, 1, 2, 1, 2]),
 (33, [916, 116, 1, 0, 0, 1108, 1547, 0, 0, 2, 0, 0, 1, 0, 0]),
 (33, [750, 49, 0, 1, 0, 730, 1273, 1, 0, 0, 4, 1, 1, 1, 2]),
 (33, [562, 83, 1, 0, 0, 1014, 1512, 1, 0, 1, 3, 0, 0, 0, 1]),
 (16, [1913, 75, 1, 1, 1, 1432, 999, 0, 0, 0, 0, 0, 1, 1, 2]),
 (16, [1696, 38, 1, 1, 1, 1400, 530, 1, 1, 0, 2, 1, 0, 1, 0]),
 (16, [1679, 52, 1, 0, 0, 1271, 958, 1, 0, 0, 3, 0, 2, 1, 2]),
 (16, [1509, 47, 1, 1, 1, 1023, 1908, 0, 1, 0, 3, 0, 2, 2, 0]),
 (16, [1437, 81, 0, 0, 1, 652, 1693, 1, 0, 2, 0, 0, 2, 1, 2]),
 (16, [1396, 108, 1, 0, 1, 721, 1582, 1, 0, 2, 4, 0, 2, 0, 2]),
 (16, [1108, 102, 1, 1, 1, 1837, 1158, 0, 1, 2, 3, 1, 1, 1, 0]),
 (16, [1085, 48, 1, 0, 0, 1827, 832, 0, 1, 0, 0, 1, 1, 2, 1]),
 (16, [1004, 71, 0, 1, 0, 1016, 1186, 0, 0, 1, 0, 1, 1, 2, 2]),
 (16, [943, 104, 0, 0, 1, 1878, 1199, 0, 0, 0, 4, 1, 2, 1, 1]),
 (16, [797, 37, 1, 1, 1, 1763, 1403, 0, 0, 1, 0, 1, 1, 1, 0]),
 (16, [734, 65, 1, 0, 0, 570, 1599, 1, 1, 0, 4, 0, 2, 0, 2]),
 (12, [1927, 27, 1, 1, 1, 1447, 959, 0, 1, 0, 0, 0, 1, 1, 2]),
 (12, [1626, 73, 0, 1, 1, 1295, 1700, 0, 0, 0, 3, 1, 2, 2, 1]),
 (12, [1596, 65, 0, 1, 1, 1718, 806, 1, 0, 0, 1, 1, 2, 1, 2]),
 (12, [988, 49, 0, 0, 0, 930, 1935, 1, 0, 0, 1, 0, 2, 2, 0]),
 (12, [690, 107, 0, 1, 0, 1196, 1637, 1, 0, 1, 1, 0, 1, 2, 1]),
 (12, [598, 54, 0, 1, 1, 1505, 1911, 1, 0, 1, 4, 1, 2, 0, 0])]
scored
[(12, [598, 54, 0, 1, 1, 1505, 1911, 1, 0, 1, 4, 1, 2, 0, 0]),
 (12, [690, 107, 0, 1, 0, 1196, 1637, 1, 0, 1, 1, 0, 1, 2, 1]),
 (12, [988, 49, 0, 0, 0, 930, 1935, 1, 0, 0, 1, 0, 2, 2, 0]),
 (12, [1596, 65, 0, 1, 1, 1718, 806, 1, 0, 0, 1, 1, 2, 1, 2]),
 (12, [1626, 73, 0, 1, 1, 1295, 1700, 0, 0, 0, 3, 1, 2, 2, 1]),
 (12, [1927, 27, 1, 1, 1, 1447, 959, 0, 1, 0, 0, 0, 1, 1, 2]),
 (16, [734, 65, 1, 0, 0, 570, 1599, 1, 1, 0, 4, 0, 2, 0, 2]),
 (16, [797, 37, 1, 1, 1, 1763, 1403, 0, 0, 1, 0, 1, 1, 1, 0]),
 (16, [943, 104, 0, 0, 1, 1878, 1199, 0, 0, 0, 4, 1, 2, 1, 1]),
 (16, [1004, 71, 0, 1, 0, 1016, 1186, 0, 0, 1, 0, 1, 1, 2, 2]),
 (16, [1085, 48, 1, 0, 0, 1827, 832, 0, 1, 0, 0, 1, 1, 2, 1]),
 (16, [1108, 102, 1, 1, 1, 1837, 1158, 0, 1, 2, 3, 1, 1, 1, 0]),
 (16, [1396, 108, 1, 0, 1, 721, 1582, 1, 0, 2, 4, 0, 2, 0, 2]),
 (16, [1437, 81, 0, 0, 1, 652, 1693, 1, 0, 2, 0, 0, 2, 1, 2]),
 (16, [1509, 47, 1, 1, 1, 1023, 1908, 0, 1, 0, 3, 0, 2, 2, 0]),
 (16, [1679, 52, 1, 0, 0, 1271, 958, 1, 0, 0, 3, 0, 2, 1, 2]),
 (16, [1696, 38, 1, 1, 1, 1400, 530, 1, 1, 0, 2, 1, 0, 1, 0]),
 (16, [1913, 75, 1, 1, 1, 1432, 999, 0, 0, 0, 0, 0, 1, 1, 2]),
 (33, [562, 83, 1, 0, 0, 1014, 1512, 1, 0, 1, 3, 0, 0, 0, 1]),
 (33, [750, 49, 0, 1, 0, 730, 1273, 1, 0, 0, 4, 1, 1, 1, 2]),
 (33, [916, 116, 1, 0, 0, 1108, 1547, 0, 0, 2, 0, 0, 1, 0, 0]),
 (33, [1226, 19, 0, 0, 0, 1095, 1876, 1, 1, 1, 3, 1, 2, 1, 2]),
 (33, [1867, 98, 0, 1, 0, 649, 537, 1, 0, 0, 4, 1, 1, 2, 0]),
 (35, [1864, 69, 0, 0, 0, 2021, 743, 0, 1, 0, 1, 0, 2, 1, 1]),
 (999, [621, 106, 0, 0, 1, 1513, 1513, 0, 1, 3, 0, 1, 2, 2, 2]),
 (999, [764, 42, 1, 1, 0, 1473, 1052, 0, 0, 3, 1, 1, 2, 1, 2]),
 (999, [1010, 63, 1, 1, 1, 1481, 1999, 0, 0, 3, 3, 0, 0, 0, 1]),
 (999, [1198, 16, 1, 1, 0, 1512, 946, 1, 1, 3, 2, 0, 2, 0, 2]),
 (999, [1252, 65, 0, 1, 1, 1673, 971, 1, 1, 3, 5, 0, 2, 0, 2]),
 (999, [1348, 55, 0, 0, 1, 1080, 1943, 0, 1, 3, 1, 0, 1, 2, 1]),
 (999, [1606, 55, 1, 1, 0, 849, 1571, 0, 1, 3, 2, 0, 1, 1, 2]),
 (999, [1683, 19, 0, 0, 0, 1828, 1659, 0, 1, 3, 1, 0, 0, 2, 1])]
Selected
[(16, [1004, 71, 0, 1, 0, 1016, 1186, 0, 0, 1, 0, 1, 1, 2, 2]),
 (12, [1596, 65, 0, 1, 1, 1718, 806, 1, 0, 0, 1, 1, 2, 1, 2]),
 (16, [943, 104, 0, 0, 1, 1878, 1199, 0, 0, 0, 4, 1, 2, 1, 1]),
 (12, [1927, 27, 1, 1, 1, 1447, 959, 0, 1, 0, 0, 0, 1, 1, 2]),
 (12, [1626, 73, 0, 1, 1, 1295, 1700, 0, 0, 0, 3, 1, 2, 2, 1]),
 (12, [690, 107, 0, 1, 0, 1196, 1637, 1, 0, 1, 1, 0, 1, 2, 1]),
 (12, [598, 54, 0, 1, 1, 1505, 1911, 1, 0, 1, 4, 1, 2, 0, 0]),
 (16, [1396, 108, 1, 0, 1, 721, 1582, 1, 0, 2, 4, 0, 2, 0, 2]),
 (16, [1696, 38, 1, 1, 1, 1400, 530, 1, 1, 0, 2, 1, 0, 1, 0]),
 (12, [1927, 27, 1, 1, 1, 1447, 959, 0, 1, 0, 0, 0, 1, 1, 2]),
 (12, [690, 107, 0, 1, 0, 1196, 1637, 1, 0, 1, 1, 0, 1, 2, 1]),
 (12, [988, 49, 0, 0, 0, 930, 1935, 1, 0, 0, 1, 0, 2, 2, 0]),
 (12, [598, 54, 0, 1, 1, 1505, 1911, 1, 0, 1, 4, 1, 2, 0, 0]),
 (12, [690, 107, 0, 1, 0, 1196, 1637, 1, 0, 1, 1, 0, 1, 2, 1]),
 (12, [1626, 73, 0, 1, 1, 1295, 1700, 0, 0, 0, 3, 1, 2, 2, 1]),
 (12, [598, 54, 0, 1, 1, 1505, 1911, 1, 0, 1, 4, 1, 2, 0, 0]),
 (12, [1927, 27, 1, 1, 1, 1447, 959, 0, 1, 0, 0, 0, 1, 1, 2]),
 (12, [1626, 73, 0, 1, 1, 1295, 1700, 0, 0, 0, 3, 1, 2, 2, 1]),
 (16, [734, 65, 1, 0, 0, 570, 1599, 1, 1, 0, 4, 0, 2, 0, 2]),
 (12, [690, 107, 0, 1, 0, 1196, 1637, 1, 0, 1, 1, 0, 1, 2, 1]),
 (12, [1626, 73, 0, 1, 1, 1295, 1700, 0, 0, 0, 3, 1, 2, 2, 1]),
 (16, [1913, 75, 1, 1, 1, 1432, 999, 0, 0, 0, 0, 0, 1, 1, 2]),
 (16, [797, 37, 1, 1, 1, 1763, 1403, 0, 0, 1, 0, 1, 1, 1, 0]),
 (12, [690, 107, 0, 1, 0, 1196, 1637, 1, 0, 1, 1, 0, 1, 2, 1]),
 (16, [1108, 102, 1, 1, 1, 1837, 1158, 0, 1, 2, 3, 1, 1, 1, 0]),
 (16, [1437, 81, 0, 0, 1, 652, 1693, 1, 0, 2, 0, 0, 2, 1, 2]),
 (12, [690, 107, 0, 1, 0, 1196, 1637, 1, 0, 1, 1, 0, 1, 2, 1])]
population
[(999, [1683, 19, 0, 0, 0, 1828, 1659, 0, 1, 3, 1, 0, 0, 2, 1]),
 (999, [1606, 55, 1, 1, 0, 849, 1571, 0, 1, 3, 2, 0, 1, 1, 2]),
 (999, [1348, 55, 0, 0, 1, 1080, 1943, 0, 1, 3, 1, 0, 1, 2, 1]),
 (999, [1252, 65, 0, 1, 1, 1673, 971, 1, 1, 3, 5, 0, 2, 0, 2]),
 (999, [1198, 16, 1, 1, 0, 1512, 946, 1, 1, 3, 2, 0, 2, 0, 2]),
 (999, [1010, 63, 1, 1, 1, 1481, 1999, 0, 0, 3, 3, 0, 0, 0, 1]),
 (999, [764, 42, 1, 1, 0, 1473, 1052, 0, 0, 3, 1, 1, 2, 1, 2]),
 (999, [621, 106, 0, 0, 1, 1513, 1513, 0, 1, 3, 0, 1, 2, 2, 2]),
 (35, [1864, 69, 0, 0, 0, 2021, 743, 0, 1, 0, 1, 0, 2, 1, 1]),
 (33, [1867, 98, 0, 1, 0, 649, 537, 1, 0, 0, 4, 1, 1, 2, 0]),
 (33, [1226, 19, 0, 0, 0, 1095, 1876, 1, 1, 1, 3, 1, 2, 1, 2]),
 (33, [916, 116, 1, 0, 0, 1108, 1547, 0, 0, 2, 0, 0, 1, 0, 0]),
 (33, [750, 49, 0, 1, 0, 730, 1273, 1, 0, 0, 4, 1, 1, 1, 2]),
 (33, [562, 83, 1, 0, 0, 1014, 1512, 1, 0, 1, 3, 0, 0, 0, 1]),
 (16, [1913, 75, 1, 1, 1, 1432, 999, 0, 0, 0, 0, 0, 1, 1, 2]),
 (16, [1696, 38, 1, 1, 1, 1400, 530, 1, 1, 0, 2, 1, 0, 1, 0]),
 (16, [1679, 52, 1, 0, 0, 1271, 958, 1, 0, 0, 3, 0, 2, 1, 2]),
 (16, [1509, 47, 1, 1, 1, 1023, 1908, 0, 1, 0, 3, 0, 2, 2, 0]),
 (16, [1437, 81, 0, 0, 1, 652, 1693, 1, 0, 2, 0, 0, 2, 1, 2]),
 (16, [1396, 108, 1, 0, 1, 721, 1582, 1, 0, 2, 4, 0, 2, 0, 2]),
 (16, [1108, 102, 1, 1, 1, 1837, 1158, 0, 1, 2, 3, 1, 1, 1, 0]),
 (16, [1085, 48, 1, 0, 0, 1827, 832, 0, 1, 0, 0, 1, 1, 2, 1]),
 (16, [1004, 71, 0, 1, 0, 1016, 1186, 0, 0, 1, 0, 1, 1, 2, 2]),
 (16, [943, 104, 0, 0, 1, 1878, 1199, 0, 0, 0, 4, 1, 2, 1, 1]),
 (16, [797, 37, 1, 1, 1, 1763, 1403, 0, 0, 1, 0, 1, 1, 1, 0]),
 (16, [734, 65, 1, 0, 0, 570, 1599, 1, 1, 0, 4, 0, 2, 0, 2]),
 (12, [1927, 27, 1, 1, 1, 1447, 959, 0, 1, 0, 0, 0, 1, 1, 2]),
 (12, [1626, 73, 0, 1, 1, 1295, 1700, 0, 0, 0, 3, 1, 2, 2, 1]),
 (12, [1596, 65, 0, 1, 1, 1718, 806, 1, 0, 0, 1, 1, 2, 1, 2]),
 (12, [988, 49, 0, 0, 0, 930, 1935, 1, 0, 0, 1, 0, 2, 2, 0]),
 (12, [690, 107, 0, 1, 0, 1196, 1637, 1, 0, 1, 1, 0, 1, 2, 1]),
 (12, [598, 54, 0, 1, 1, 1505, 1911, 1, 0, 1, 4, 1, 2, 0, 0])]
scored
[(12, [598, 54, 0, 1, 1, 1505, 1911, 1, 0, 1, 4, 1, 2, 0, 0]),
 (12, [690, 107, 0, 1, 0, 1196, 1637, 1, 0, 1, 1, 0, 1, 2, 1]),
 (12, [988, 49, 0, 0, 0, 930, 1935, 1, 0, 0, 1, 0, 2, 2, 0]),
 (12, [1596, 65, 0, 1, 1, 1718, 806, 1, 0, 0, 1, 1, 2, 1, 2]),
 (12, [1626, 73, 0, 1, 1, 1295, 1700, 0, 0, 0, 3, 1, 2, 2, 1]),
 (12, [1927, 27, 1, 1, 1, 1447, 959, 0, 1, 0, 0, 0, 1, 1, 2]),
 (16, [734, 65, 1, 0, 0, 570, 1599, 1, 1, 0, 4, 0, 2, 0, 2]),
 (16, [797, 37, 1, 1, 1, 1763, 1403, 0, 0, 1, 0, 1, 1, 1, 0]),
 (16, [943, 104, 0, 0, 1, 1878, 1199, 0, 0, 0, 4, 1, 2, 1, 1]),
 (16, [1004, 71, 0, 1, 0, 1016, 1186, 0, 0, 1, 0, 1, 1, 2, 2]),
 (16, [1085, 48, 1, 0, 0, 1827, 832, 0, 1, 0, 0, 1, 1, 2, 1]),
 (16, [1108, 102, 1, 1, 1, 1837, 1158, 0, 1, 2, 3, 1, 1, 1, 0]),
 (16, [1396, 108, 1, 0, 1, 721, 1582, 1, 0, 2, 4, 0, 2, 0, 2]),
 (16, [1437, 81, 0, 0, 1, 652, 1693, 1, 0, 2, 0, 0, 2, 1, 2]),
 (16, [1509, 47, 1, 1, 1, 1023, 1908, 0, 1, 0, 3, 0, 2, 2, 0]),
 (16, [1679, 52, 1, 0, 0, 1271, 958, 1, 0, 0, 3, 0, 2, 1, 2]),
 (16, [1696, 38, 1, 1, 1, 1400, 530, 1, 1, 0, 2, 1, 0, 1, 0]),
 (16, [1913, 75, 1, 1, 1, 1432, 999, 0, 0, 0, 0, 0, 1, 1, 2]),
 (33, [562, 83, 1, 0, 0, 1014, 1512, 1, 0, 1, 3, 0, 0, 0, 1]),
 (33, [750, 49, 0, 1, 0, 730, 1273, 1, 0, 0, 4, 1, 1, 1, 2]),
 (33, [916, 116, 1, 0, 0, 1108, 1547, 0, 0, 2, 0, 0, 1, 0, 0]),
 (33, [1226, 19, 0, 0, 0, 1095, 1876, 1, 1, 1, 3, 1, 2, 1, 2]),
 (33, [1867, 98, 0, 1, 0, 649, 537, 1, 0, 0, 4, 1, 1, 2, 0]),
 (35, [1864, 69, 0, 0, 0, 2021, 743, 0, 1, 0, 1, 0, 2, 1, 1]),
 (999, [621, 106, 0, 0, 1, 1513, 1513, 0, 1, 3, 0, 1, 2, 2, 2]),
 (999, [764, 42, 1, 1, 0, 1473, 1052, 0, 0, 3, 1, 1, 2, 1, 2]),
 (999, [1010, 63, 1, 1, 1, 1481, 1999, 0, 0, 3, 3, 0, 0, 0, 1]),
 (999, [1198, 16, 1, 1, 0, 1512, 946, 1, 1, 3, 2, 0, 2, 0, 2]),
 (999, [1252, 65, 0, 1, 1, 1673, 971, 1, 1, 3, 5, 0, 2, 0, 2]),
 (999, [1348, 55, 0, 0, 1, 1080, 1943, 0, 1, 3, 1, 0, 1, 2, 1]),
 (999, [1606, 55, 1, 1, 0, 849, 1571, 0, 1, 3, 2, 0, 1, 1, 2]),
 (999, [1683, 19, 0, 0, 0, 1828, 1659, 0, 1, 3, 1, 0, 0, 2, 1])]
Selected
[(12, [598, 54, 0, 1, 1, 1505, 1911, 1, 0, 1, 4, 1, 2, 0, 0]),
 (12, [690, 107, 0, 1, 0, 1196, 1637, 1, 0, 1, 1, 0, 1, 2, 1]),
 (16, [1004, 71, 0, 1, 0, 1016, 1186, 0, 0, 1, 0, 1, 1, 2, 2]),
 (16, [1085, 48, 1, 0, 0, 1827, 832, 0, 1, 0, 0, 1, 1, 2, 1]),
 (12, [598, 54, 0, 1, 1, 1505, 1911, 1, 0, 1, 4, 1, 2, 0, 0]),
 (12, [988, 49, 0, 0, 0, 930, 1935, 1, 0, 0, 1, 0, 2, 2, 0]),
 (12, [690, 107, 0, 1, 0, 1196, 1637, 1, 0, 1, 1, 0, 1, 2, 1]),
 (12, [1626, 73, 0, 1, 1, 1295, 1700, 0, 0, 0, 3, 1, 2, 2, 1]),
 (16, [1396, 108, 1, 0, 1, 721, 1582, 1, 0, 2, 4, 0, 2, 0, 2]),
 (12, [1626, 73, 0, 1, 1, 1295, 1700, 0, 0, 0, 3, 1, 2, 2, 1]),
 (12, [988, 49, 0, 0, 0, 930, 1935, 1, 0, 0, 1, 0, 2, 2, 0]),
 (12, [690, 107, 0, 1, 0, 1196, 1637, 1, 0, 1, 1, 0, 1, 2, 1]),
 (12, [1596, 65, 0, 1, 1, 1718, 806, 1, 0, 0, 1, 1, 2, 1, 2]),
 (16, [797, 37, 1, 1, 1, 1763, 1403, 0, 0, 1, 0, 1, 1, 1, 0]),
 (12, [690, 107, 0, 1, 0, 1196, 1637, 1, 0, 1, 1, 0, 1, 2, 1]),
 (12, [1626, 73, 0, 1, 1, 1295, 1700, 0, 0, 0, 3, 1, 2, 2, 1]),
 (12, [1596, 65, 0, 1, 1, 1718, 806, 1, 0, 0, 1, 1, 2, 1, 2]),
 (16, [734, 65, 1, 0, 0, 570, 1599, 1, 1, 0, 4, 0, 2, 0, 2]),
 (16, [797, 37, 1, 1, 1, 1763, 1403, 0, 0, 1, 0, 1, 1, 1, 0]),
 (16, [797, 37, 1, 1, 1, 1763, 1403, 0, 0, 1, 0, 1, 1, 1, 0]),
 (16, [734, 65, 1, 0, 0, 570, 1599, 1, 1, 0, 4, 0, 2, 0, 2]),
 (16, [734, 65, 1, 0, 0, 570, 1599, 1, 1, 0, 4, 0, 2, 0, 2]),
 (16, [797, 37, 1, 1, 1, 1763, 1403, 0, 0, 1, 0, 1, 1, 1, 0]),
 (16, [734, 65, 1, 0, 0, 570, 1599, 1, 1, 0, 4, 0, 2, 0, 2]),
 (16, [734, 65, 1, 0, 0, 570, 1599, 1, 1, 0, 4, 0, 2, 0, 2]),
 (12, [598, 54, 0, 1, 1, 1505, 1911, 1, 0, 1, 4, 1, 2, 0, 0]),
 (12, [1596, 65, 0, 1, 1, 1718, 806, 1, 0, 0, 1, 1, 2, 1, 2])]
population
[(999, [1683, 19, 0, 0, 0, 1828, 1659, 0, 1, 3, 1, 0, 0, 2, 1]),
 (999, [1606, 55, 1, 1, 0, 849, 1571, 0, 1, 3, 2, 0, 1, 1, 2]),
 (999, [1348, 55, 0, 0, 1, 1080, 1943, 0, 1, 3, 1, 0, 1, 2, 1]),
 (999, [1252, 65, 0, 1, 1, 1673, 971, 1, 1, 3, 5, 0, 2, 0, 2]),
 (999, [1198, 16, 1, 1, 0, 1512, 946, 1, 1, 3, 2, 0, 2, 0, 2]),
 (999, [1010, 63, 1, 1, 1, 1481, 1999, 0, 0, 3, 3, 0, 0, 0, 1]),
 (999, [764, 42, 1, 1, 0, 1473, 1052, 0, 0, 3, 1, 1, 2, 1, 2]),
 (999, [621, 106, 0, 0, 1, 1513, 1513, 0, 1, 3, 0, 1, 2, 2, 2]),
 (35, [1864, 69, 0, 0, 0, 2021, 743, 0, 1, 0, 1, 0, 2, 1, 1]),
 (33, [1867, 98, 0, 1, 0, 649, 537, 1, 0, 0, 4, 1, 1, 2, 0]),
 (33, [1226, 19, 0, 0, 0, 1095, 1876, 1, 1, 1, 3, 1, 2, 1, 2]),
 (33, [916, 116, 1, 0, 0, 1108, 1547, 0, 0, 2, 0, 0, 1, 0, 0]),
 (33, [750, 49, 0, 1, 0, 730, 1273, 1, 0, 0, 4, 1, 1, 1, 2]),
 (33, [562, 83, 1, 0, 0, 1014, 1512, 1, 0, 1, 3, 0, 0, 0, 1]),
 (16, [1913, 75, 1, 1, 1, 1432, 999, 0, 0, 0, 0, 0, 1, 1, 2]),
 (16, [1696, 38, 1, 1, 1, 1400, 530, 1, 1, 0, 2, 1, 0, 1, 0]),
 (16, [1679, 52, 1, 0, 0, 1271, 958, 1, 0, 0, 3, 0, 2, 1, 2]),
 (16, [1509, 47, 1, 1, 1, 1023, 1908, 0, 1, 0, 3, 0, 2, 2, 0]),
 (16, [1437, 81, 0, 0, 1, 652, 1693, 1, 0, 2, 0, 0, 2, 1, 2]),
 (16, [1396, 108, 1, 0, 1, 721, 1582, 1, 0, 2, 4, 0, 2, 0, 2]),
 (16, [1108, 102, 1, 1, 1, 1837, 1158, 0, 1, 2, 3, 1, 1, 1, 0]),
 (16, [1085, 48, 1, 0, 0, 1827, 832, 0, 1, 0, 0, 1, 1, 2, 1]),
 (16, [1004, 71, 0, 1, 0, 1016, 1186, 0, 0, 1, 0, 1, 1, 2, 2]),
 (16, [943, 104, 0, 0, 1, 1878, 1199, 0, 0, 0, 4, 1, 2, 1, 1]),
 (16, [797, 37, 1, 1, 1, 1763, 1403, 0, 0, 1, 0, 1, 1, 1, 0]),
 (16, [734, 65, 1, 0, 0, 570, 1599, 1, 1, 0, 4, 0, 2, 0, 2]),
 (12, [1927, 27, 1, 1, 1, 1447, 959, 0, 1, 0, 0, 0, 1, 1, 2]),
 (12, [1626, 73, 0, 1, 1, 1295, 1700, 0, 0, 0, 3, 1, 2, 2, 1]),
 (12, [1596, 65, 0, 1, 1, 1718, 806, 1, 0, 0, 1, 1, 2, 1, 2]),
 (12, [988, 49, 0, 0, 0, 930, 1935, 1, 0, 0, 1, 0, 2, 2, 0]),
 (12, [690, 107, 0, 1, 0, 1196, 1637, 1, 0, 1, 1, 0, 1, 2, 1]),
 (12, [598, 54, 0, 1, 1, 1505, 1911, 1, 0, 1, 4, 1, 2, 0, 0])]
scored
[(12, [598, 54, 0, 1, 1, 1505, 1911, 1, 0, 1, 4, 1, 2, 0, 0]),
 (12, [690, 107, 0, 1, 0, 1196, 1637, 1, 0, 1, 1, 0, 1, 2, 1]),
 (12, [988, 49, 0, 0, 0, 930, 1935, 1, 0, 0, 1, 0, 2, 2, 0]),
 (12, [1596, 65, 0, 1, 1, 1718, 806, 1, 0, 0, 1, 1, 2, 1, 2]),
 (12, [1626, 73, 0, 1, 1, 1295, 1700, 0, 0, 0, 3, 1, 2, 2, 1]),
 (12, [1927, 27, 1, 1, 1, 1447, 959, 0, 1, 0, 0, 0, 1, 1, 2]),
 (16, [734, 65, 1, 0, 0, 570, 1599, 1, 1, 0, 4, 0, 2, 0, 2]),
 (16, [797, 37, 1, 1, 1, 1763, 1403, 0, 0, 1, 0, 1, 1, 1, 0]),
 (16, [943, 104, 0, 0, 1, 1878, 1199, 0, 0, 0, 4, 1, 2, 1, 1]),
 (16, [1004, 71, 0, 1, 0, 1016, 1186, 0, 0, 1, 0, 1, 1, 2, 2]),
 (16, [1085, 48, 1, 0, 0, 1827, 832, 0, 1, 0, 0, 1, 1, 2, 1]),
 (16, [1108, 102, 1, 1, 1, 1837, 1158, 0, 1, 2, 3, 1, 1, 1, 0]),
 (16, [1396, 108, 1, 0, 1, 721, 1582, 1, 0, 2, 4, 0, 2, 0, 2]),
 (16, [1437, 81, 0, 0, 1, 652, 1693, 1, 0, 2, 0, 0, 2, 1, 2]),
 (16, [1509, 47, 1, 1, 1, 1023, 1908, 0, 1, 0, 3, 0, 2, 2, 0]),
 (16, [1679, 52, 1, 0, 0, 1271, 958, 1, 0, 0, 3, 0, 2, 1, 2]),
 (16, [1696, 38, 1, 1, 1, 1400, 530, 1, 1, 0, 2, 1, 0, 1, 0]),
 (16, [1913, 75, 1, 1, 1, 1432, 999, 0, 0, 0, 0, 0, 1, 1, 2]),
 (33, [562, 83, 1, 0, 0, 1014, 1512, 1, 0, 1, 3, 0, 0, 0, 1]),
 (33, [750, 49, 0, 1, 0, 730, 1273, 1, 0, 0, 4, 1, 1, 1, 2]),
 (33, [916, 116, 1, 0, 0, 1108, 1547, 0, 0, 2, 0, 0, 1, 0, 0]),
 (33, [1226, 19, 0, 0, 0, 1095, 1876, 1, 1, 1, 3, 1, 2, 1, 2]),
 (33, [1867, 98, 0, 1, 0, 649, 537, 1, 0, 0, 4, 1, 1, 2, 0]),
 (35, [1864, 69, 0, 0, 0, 2021, 743, 0, 1, 0, 1, 0, 2, 1, 1]),
 (999, [621, 106, 0, 0, 1, 1513, 1513, 0, 1, 3, 0, 1, 2, 2, 2]),
 (999, [764, 42, 1, 1, 0, 1473, 1052, 0, 0, 3, 1, 1, 2, 1, 2]),
 (999, [1010, 63, 1, 1, 1, 1481, 1999, 0, 0, 3, 3, 0, 0, 0, 1]),
 (999, [1198, 16, 1, 1, 0, 1512, 946, 1, 1, 3, 2, 0, 2, 0, 2]),
 (999, [1252, 65, 0, 1, 1, 1673, 971, 1, 1, 3, 5, 0, 2, 0, 2]),
 (999, [1348, 55, 0, 0, 1, 1080, 1943, 0, 1, 3, 1, 0, 1, 2, 1]),
 (999, [1606, 55, 1, 1, 0, 849, 1571, 0, 1, 3, 2, 0, 1, 1, 2]),
 (999, [1683, 19, 0, 0, 0, 1828, 1659, 0, 1, 3, 1, 0, 0, 2, 1])]
Selected
[(16, [797, 37, 1, 1, 1, 1763, 1403, 0, 0, 1, 0, 1, 1, 1, 0]),
 (12, [1596, 65, 0, 1, 1, 1718, 806, 1, 0, 0, 1, 1, 2, 1, 2]),
 (12, [1626, 73, 0, 1, 1, 1295, 1700, 0, 0, 0, 3, 1, 2, 2, 1]),
 (16, [943, 104, 0, 0, 1, 1878, 1199, 0, 0, 0, 4, 1, 2, 1, 1]),
 (12, [988, 49, 0, 0, 0, 930, 1935, 1, 0, 0, 1, 0, 2, 2, 0]),
 (16, [943, 104, 0, 0, 1, 1878, 1199, 0, 0, 0, 4, 1, 2, 1, 1]),
 (12, [1596, 65, 0, 1, 1, 1718, 806, 1, 0, 0, 1, 1, 2, 1, 2]),
 (12, [988, 49, 0, 0, 0, 930, 1935, 1, 0, 0, 1, 0, 2, 2, 0]),
 (12, [690, 107, 0, 1, 0, 1196, 1637, 1, 0, 1, 1, 0, 1, 2, 1]),
 (12, [1596, 65, 0, 1, 1, 1718, 806, 1, 0, 0, 1, 1, 2, 1, 2]),
 (16, [943, 104, 0, 0, 1, 1878, 1199, 0, 0, 0, 4, 1, 2, 1, 1]),
 (16, [1085, 48, 1, 0, 0, 1827, 832, 0, 1, 0, 0, 1, 1, 2, 1]),
 (12, [598, 54, 0, 1, 1, 1505, 1911, 1, 0, 1, 4, 1, 2, 0, 0]),
 (12, [690, 107, 0, 1, 0, 1196, 1637, 1, 0, 1, 1, 0, 1, 2, 1]),
 (12, [1596, 65, 0, 1, 1, 1718, 806, 1, 0, 0, 1, 1, 2, 1, 2]),
 (12, [1626, 73, 0, 1, 1, 1295, 1700, 0, 0, 0, 3, 1, 2, 2, 1]),
 (12, [598, 54, 0, 1, 1, 1505, 1911, 1, 0, 1, 4, 1, 2, 0, 0]),
 (12, [1596, 65, 0, 1, 1, 1718, 806, 1, 0, 0, 1, 1, 2, 1, 2]),
 (16, [734, 65, 1, 0, 0, 570, 1599, 1, 1, 0, 4, 0, 2, 0, 2]),
 (16, [943, 104, 0, 0, 1, 1878, 1199, 0, 0, 0, 4, 1, 2, 1, 1]),
 (16, [734, 65, 1, 0, 0, 570, 1599, 1, 1, 0, 4, 0, 2, 0, 2]),
 (12, [598, 54, 0, 1, 1, 1505, 1911, 1, 0, 1, 4, 1, 2, 0, 0]),
 (16, [734, 65, 1, 0, 0, 570, 1599, 1, 1, 0, 4, 0, 2, 0, 2]),
 (12, [690, 107, 0, 1, 0, 1196, 1637, 1, 0, 1, 1, 0, 1, 2, 1]),
 (12, [1596, 65, 0, 1, 1, 1718, 806, 1, 0, 0, 1, 1, 2, 1, 2]),
 (12, [988, 49, 0, 0, 0, 930, 1935, 1, 0, 0, 1, 0, 2, 2, 0]),
 (12, [1927, 27, 1, 1, 1, 1447, 959, 0, 1, 0, 0, 0, 1, 1, 2])]
population
[(999, [1683, 19, 0, 0, 0, 1828, 1659, 0, 1, 3, 1, 0, 0, 2, 1]),
 (999, [1606, 55, 1, 1, 0, 849, 1571, 0, 1, 3, 2, 0, 1, 1, 2]),
 (999, [1348, 55, 0, 0, 1, 1080, 1943, 0, 1, 3, 1, 0, 1, 2, 1]),
 (999, [1252, 65, 0, 1, 1, 1673, 971, 1, 1, 3, 5, 0, 2, 0, 2]),
 (999, [1198, 16, 1, 1, 0, 1512, 946, 1, 1, 3, 2, 0, 2, 0, 2]),
 (999, [1010, 63, 1, 1, 1, 1481, 1999, 0, 0, 3, 3, 0, 0, 0, 1]),
 (999, [764, 42, 1, 1, 0, 1473, 1052, 0, 0, 3, 1, 1, 2, 1, 2]),
 (999, [621, 106, 0, 0, 1, 1513, 1513, 0, 1, 3, 0, 1, 2, 2, 2]),
 (35, [1864, 69, 0, 0, 0, 2021, 743, 0, 1, 0, 1, 0, 2, 1, 1]),
 (33, [1867, 98, 0, 1, 0, 649, 537, 1, 0, 0, 4, 1, 1, 2, 0]),
 (33, [1226, 19, 0, 0, 0, 1095, 1876, 1, 1, 1, 3, 1, 2, 1, 2]),
 (33, [916, 116, 1, 0, 0, 1108, 1547, 0, 0, 2, 0, 0, 1, 0, 0]),
 (33, [750, 49, 0, 1, 0, 730, 1273, 1, 0, 0, 4, 1, 1, 1, 2]),
 (33, [562, 83, 1, 0, 0, 1014, 1512, 1, 0, 1, 3, 0, 0, 0, 1]),
 (16, [1913, 75, 1, 1, 1, 1432, 999, 0, 0, 0, 0, 0, 1, 1, 2]),
 (16, [1696, 38, 1, 1, 1, 1400, 530, 1, 1, 0, 2, 1, 0, 1, 0]),
 (16, [1679, 52, 1, 0, 0, 1271, 958, 1, 0, 0, 3, 0, 2, 1, 2]),
 (16, [1509, 47, 1, 1, 1, 1023, 1908, 0, 1, 0, 3, 0, 2, 2, 0]),
 (16, [1437, 81, 0, 0, 1, 652, 1693, 1, 0, 2, 0, 0, 2, 1, 2]),
 (16, [1396, 108, 1, 0, 1, 721, 1582, 1, 0, 2, 4, 0, 2, 0, 2]),
 (16, [1108, 102, 1, 1, 1, 1837, 1158, 0, 1, 2, 3, 1, 1, 1, 0]),
 (16, [1085, 48, 1, 0, 0, 1827, 832, 0, 1, 0, 0, 1, 1, 2, 1]),
 (16, [1004, 71, 0, 1, 0, 1016, 1186, 0, 0, 1, 0, 1, 1, 2, 2]),
 (16, [943, 104, 0, 0, 1, 1878, 1199, 0, 0, 0, 4, 1, 2, 1, 1]),
 (16, [797, 37, 1, 1, 1, 1763, 1403, 0, 0, 1, 0, 1, 1, 1, 0]),
 (16, [734, 65, 1, 0, 0, 570, 1599, 1, 1, 0, 4, 0, 2, 0, 2]),
 (12, [1927, 27, 1, 1, 1, 1447, 959, 0, 1, 0, 0, 0, 1, 1, 2]),
 (12, [1626, 73, 0, 1, 1, 1295, 1700, 0, 0, 0, 3, 1, 2, 2, 1]),
 (12, [1596, 65, 0, 1, 1, 1718, 806, 1, 0, 0, 1, 1, 2, 1, 2]),
 (12, [988, 49, 0, 0, 0, 930, 1935, 1, 0, 0, 1, 0, 2, 2, 0]),
 (12, [690, 107, 0, 1, 0, 1196, 1637, 1, 0, 1, 1, 0, 1, 2, 1]),
 (12, [598, 54, 0, 1, 1, 1505, 1911, 1, 0, 1, 4, 1, 2, 0, 0])]
scored
[(12, [598, 54, 0, 1, 1, 1505, 1911, 1, 0, 1, 4, 1, 2, 0, 0]),
 (12, [690, 107, 0, 1, 0, 1196, 1637, 1, 0, 1, 1, 0, 1, 2, 1]),
 (12, [988, 49, 0, 0, 0, 930, 1935, 1, 0, 0, 1, 0, 2, 2, 0]),
 (12, [1596, 65, 0, 1, 1, 1718, 806, 1, 0, 0, 1, 1, 2, 1, 2]),
 (12, [1626, 73, 0, 1, 1, 1295, 1700, 0, 0, 0, 3, 1, 2, 2, 1]),
 (12, [1927, 27, 1, 1, 1, 1447, 959, 0, 1, 0, 0, 0, 1, 1, 2]),
 (16, [734, 65, 1, 0, 0, 570, 1599, 1, 1, 0, 4, 0, 2, 0, 2]),
 (16, [797, 37, 1, 1, 1, 1763, 1403, 0, 0, 1, 0, 1, 1, 1, 0]),
 (16, [943, 104, 0, 0, 1, 1878, 1199, 0, 0, 0, 4, 1, 2, 1, 1]),
 (16, [1004, 71, 0, 1, 0, 1016, 1186, 0, 0, 1, 0, 1, 1, 2, 2]),
 (16, [1085, 48, 1, 0, 0, 1827, 832, 0, 1, 0, 0, 1, 1, 2, 1]),
 (16, [1108, 102, 1, 1, 1, 1837, 1158, 0, 1, 2, 3, 1, 1, 1, 0]),
 (16, [1396, 108, 1, 0, 1, 721, 1582, 1, 0, 2, 4, 0, 2, 0, 2]),
 (16, [1437, 81, 0, 0, 1, 652, 1693, 1, 0, 2, 0, 0, 2, 1, 2]),
 (16, [1509, 47, 1, 1, 1, 1023, 1908, 0, 1, 0, 3, 0, 2, 2, 0]),
 (16, [1679, 52, 1, 0, 0, 1271, 958, 1, 0, 0, 3, 0, 2, 1, 2]),
 (16, [1696, 38, 1, 1, 1, 1400, 530, 1, 1, 0, 2, 1, 0, 1, 0]),
 (16, [1913, 75, 1, 1, 1, 1432, 999, 0, 0, 0, 0, 0, 1, 1, 2]),
 (33, [562, 83, 1, 0, 0, 1014, 1512, 1, 0, 1, 3, 0, 0, 0, 1]),
 (33, [750, 49, 0, 1, 0, 730, 1273, 1, 0, 0, 4, 1, 1, 1, 2]),
 (33, [916, 116, 1, 0, 0, 1108, 1547, 0, 0, 2, 0, 0, 1, 0, 0]),
 (33, [1226, 19, 0, 0, 0, 1095, 1876, 1, 1, 1, 3, 1, 2, 1, 2]),
 (33, [1867, 98, 0, 1, 0, 649, 537, 1, 0, 0, 4, 1, 1, 2, 0]),
 (35, [1864, 69, 0, 0, 0, 2021, 743, 0, 1, 0, 1, 0, 2, 1, 1]),
 (999, [621, 106, 0, 0, 1, 1513, 1513, 0, 1, 3, 0, 1, 2, 2, 2]),
 (999, [764, 42, 1, 1, 0, 1473, 1052, 0, 0, 3, 1, 1, 2, 1, 2]),
 (999, [1010, 63, 1, 1, 1, 1481, 1999, 0, 0, 3, 3, 0, 0, 0, 1]),
 (999, [1198, 16, 1, 1, 0, 1512, 946, 1, 1, 3, 2, 0, 2, 0, 2]),
 (999, [1252, 65, 0, 1, 1, 1673, 971, 1, 1, 3, 5, 0, 2, 0, 2]),
 (999, [1348, 55, 0, 0, 1, 1080, 1943, 0, 1, 3, 1, 0, 1, 2, 1]),
 (999, [1606, 55, 1, 1, 0, 849, 1571, 0, 1, 3, 2, 0, 1, 1, 2]),
 (999, [1683, 19, 0, 0, 0, 1828, 1659, 0, 1, 3, 1, 0, 0, 2, 1])]
Selected
[(12, [1596, 65, 0, 1, 1, 1718, 806, 1, 0, 0, 1, 1, 2, 1, 2]),
 (12, [690, 107, 0, 1, 0, 1196, 1637, 1, 0, 1, 1, 0, 1, 2, 1]),
 (12, [1596, 65, 0, 1, 1, 1718, 806, 1, 0, 0, 1, 1, 2, 1, 2]),
 (12, [988, 49, 0, 0, 0, 930, 1935, 1, 0, 0, 1, 0, 2, 2, 0]),
 (16, [734, 65, 1, 0, 0, 570, 1599, 1, 1, 0, 4, 0, 2, 0, 2]),
 (16, [734, 65, 1, 0, 0, 570, 1599, 1, 1, 0, 4, 0, 2, 0, 2]),
 (12, [1596, 65, 0, 1, 1, 1718, 806, 1, 0, 0, 1, 1, 2, 1, 2]),
 (16, [797, 37, 1, 1, 1, 1763, 1403, 0, 0, 1, 0, 1, 1, 1, 0]),
 (12, [1927, 27, 1, 1, 1, 1447, 959, 0, 1, 0, 0, 0, 1, 1, 2]),
 (12, [598, 54, 0, 1, 1, 1505, 1911, 1, 0, 1, 4, 1, 2, 0, 0]),
 (12, [598, 54, 0, 1, 1, 1505, 1911, 1, 0, 1, 4, 1, 2, 0, 0]),
 (12, [1596, 65, 0, 1, 1, 1718, 806, 1, 0, 0, 1, 1, 2, 1, 2]),
 (12, [988, 49, 0, 0, 0, 930, 1935, 1, 0, 0, 1, 0, 2, 2, 0]),
 (16, [1679, 52, 1, 0, 0, 1271, 958, 1, 0, 0, 3, 0, 2, 1, 2]),
 (16, [1004, 71, 0, 1, 0, 1016, 1186, 0, 0, 1, 0, 1, 1, 2, 2]),
 (12, [988, 49, 0, 0, 0, 930, 1935, 1, 0, 0, 1, 0, 2, 2, 0]),
 (12, [988, 49, 0, 0, 0, 930, 1935, 1, 0, 0, 1, 0, 2, 2, 0]),
 (16, [1085, 48, 1, 0, 0, 1827, 832, 0, 1, 0, 0, 1, 1, 2, 1]),
 (16, [734, 65, 1, 0, 0, 570, 1599, 1, 1, 0, 4, 0, 2, 0, 2]),
 (12, [598, 54, 0, 1, 1, 1505, 1911, 1, 0, 1, 4, 1, 2, 0, 0]),
 (12, [1927, 27, 1, 1, 1, 1447, 959, 0, 1, 0, 0, 0, 1, 1, 2]),
 (12, [1596, 65, 0, 1, 1, 1718, 806, 1, 0, 0, 1, 1, 2, 1, 2]),
 (16, [1085, 48, 1, 0, 0, 1827, 832, 0, 1, 0, 0, 1, 1, 2, 1]),
 (12, [598, 54, 0, 1, 1, 1505, 1911, 1, 0, 1, 4, 1, 2, 0, 0]),
 (16, [1085, 48, 1, 0, 0, 1827, 832, 0, 1, 0, 0, 1, 1, 2, 1]),
 (12, [598, 54, 0, 1, 1, 1505, 1911, 1, 0, 1, 4, 1, 2, 0, 0]),
 (12, [690, 107, 0, 1, 0, 1196, 1637, 1, 0, 1, 1, 0, 1, 2, 1])]
population
[(999, [1683, 19, 0, 0, 0, 1828, 1659, 0, 1, 3, 1, 0, 0, 2, 1]),
 (999, [1606, 55, 1, 1, 0, 849, 1571, 0, 1, 3, 2, 0, 1, 1, 2]),
 (999, [1348, 55, 0, 0, 1, 1080, 1943, 0, 1, 3, 1, 0, 1, 2, 1]),
 (999, [1252, 65, 0, 1, 1, 1673, 971, 1, 1, 3, 5, 0, 2, 0, 2]),
 (999, [1198, 16, 1, 1, 0, 1512, 946, 1, 1, 3, 2, 0, 2, 0, 2]),
 (999, [1010, 63, 1, 1, 1, 1481, 1999, 0, 0, 3, 3, 0, 0, 0, 1]),
 (999, [764, 42, 1, 1, 0, 1473, 1052, 0, 0, 3, 1, 1, 2, 1, 2]),
 (999, [621, 106, 0, 0, 1, 1513, 1513, 0, 1, 3, 0, 1, 2, 2, 2]),
 (35, [1864, 69, 0, 0, 0, 2021, 743, 0, 1, 0, 1, 0, 2, 1, 1]),
 (33, [1867, 98, 0, 1, 0, 649, 537, 1, 0, 0, 4, 1, 1, 2, 0]),
 (33, [1226, 19, 0, 0, 0, 1095, 1876, 1, 1, 1, 3, 1, 2, 1, 2]),
 (33, [916, 116, 1, 0, 0, 1108, 1547, 0, 0, 2, 0, 0, 1, 0, 0]),
 (33, [750, 49, 0, 1, 0, 730, 1273, 1, 0, 0, 4, 1, 1, 1, 2]),
 (33, [562, 83, 1, 0, 0, 1014, 1512, 1, 0, 1, 3, 0, 0, 0, 1]),
 (16, [1913, 75, 1, 1, 1, 1432, 999, 0, 0, 0, 0, 0, 1, 1, 2]),
 (16, [1696, 38, 1, 1, 1, 1400, 530, 1, 1, 0, 2, 1, 0, 1, 0]),
 (16, [1679, 52, 1, 0, 0, 1271, 958, 1, 0, 0, 3, 0, 2, 1, 2]),
 (16, [1509, 47, 1, 1, 1, 1023, 1908, 0, 1, 0, 3, 0, 2, 2, 0]),
 (16, [1437, 81, 0, 0, 1, 652, 1693, 1, 0, 2, 0, 0, 2, 1, 2]),
 (16, [1396, 108, 1, 0, 1, 721, 1582, 1, 0, 2, 4, 0, 2, 0, 2]),
 (16, [1108, 102, 1, 1, 1, 1837, 1158, 0, 1, 2, 3, 1, 1, 1, 0]),
 (16, [1085, 48, 1, 0, 0, 1827, 832, 0, 1, 0, 0, 1, 1, 2, 1]),
 (16, [1004, 71, 0, 1, 0, 1016, 1186, 0, 0, 1, 0, 1, 1, 2, 2]),
 (16, [943, 104, 0, 0, 1, 1878, 1199, 0, 0, 0, 4, 1, 2, 1, 1]),
 (16, [797, 37, 1, 1, 1, 1763, 1403, 0, 0, 1, 0, 1, 1, 1, 0]),
 (16, [734, 65, 1, 0, 0, 570, 1599, 1, 1, 0, 4, 0, 2, 0, 2]),
 (12, [1927, 27, 1, 1, 1, 1447, 959, 0, 1, 0, 0, 0, 1, 1, 2]),
 (12, [1626, 73, 0, 1, 1, 1295, 1700, 0, 0, 0, 3, 1, 2, 2, 1]),
 (12, [1596, 65, 0, 1, 1, 1718, 806, 1, 0, 0, 1, 1, 2, 1, 2]),
 (12, [988, 49, 0, 0, 0, 930, 1935, 1, 0, 0, 1, 0, 2, 2, 0]),
 (12, [690, 107, 0, 1, 0, 1196, 1637, 1, 0, 1, 1, 0, 1, 2, 1]),
 (12, [598, 54, 0, 1, 1, 1505, 1911, 1, 0, 1, 4, 1, 2, 0, 0])]
scored
[(12, [598, 54, 0, 1, 1, 1505, 1911, 1, 0, 1, 4, 1, 2, 0, 0]),
 (12, [690, 107, 0, 1, 0, 1196, 1637, 1, 0, 1, 1, 0, 1, 2, 1]),
 (12, [988, 49, 0, 0, 0, 930, 1935, 1, 0, 0, 1, 0, 2, 2, 0]),
 (12, [1596, 65, 0, 1, 1, 1718, 806, 1, 0, 0, 1, 1, 2, 1, 2]),
 (12, [1626, 73, 0, 1, 1, 1295, 1700, 0, 0, 0, 3, 1, 2, 2, 1]),
 (12, [1927, 27, 1, 1, 1, 1447, 959, 0, 1, 0, 0, 0, 1, 1, 2]),
 (16, [734, 65, 1, 0, 0, 570, 1599, 1, 1, 0, 4, 0, 2, 0, 2]),
 (16, [797, 37, 1, 1, 1, 1763, 1403, 0, 0, 1, 0, 1, 1, 1, 0]),
 (16, [943, 104, 0, 0, 1, 1878, 1199, 0, 0, 0, 4, 1, 2, 1, 1]),
 (16, [1004, 71, 0, 1, 0, 1016, 1186, 0, 0, 1, 0, 1, 1, 2, 2]),
 (16, [1085, 48, 1, 0, 0, 1827, 832, 0, 1, 0, 0, 1, 1, 2, 1]),
 (16, [1108, 102, 1, 1, 1, 1837, 1158, 0, 1, 2, 3, 1, 1, 1, 0]),
 (16, [1396, 108, 1, 0, 1, 721, 1582, 1, 0, 2, 4, 0, 2, 0, 2]),
 (16, [1437, 81, 0, 0, 1, 652, 1693, 1, 0, 2, 0, 0, 2, 1, 2]),
 (16, [1509, 47, 1, 1, 1, 1023, 1908, 0, 1, 0, 3, 0, 2, 2, 0]),
 (16, [1679, 52, 1, 0, 0, 1271, 958, 1, 0, 0, 3, 0, 2, 1, 2]),
 (16, [1696, 38, 1, 1, 1, 1400, 530, 1, 1, 0, 2, 1, 0, 1, 0]),
 (16, [1913, 75, 1, 1, 1, 1432, 999, 0, 0, 0, 0, 0, 1, 1, 2]),
 (33, [562, 83, 1, 0, 0, 1014, 1512, 1, 0, 1, 3, 0, 0, 0, 1]),
 (33, [750, 49, 0, 1, 0, 730, 1273, 1, 0, 0, 4, 1, 1, 1, 2]),
 (33, [916, 116, 1, 0, 0, 1108, 1547, 0, 0, 2, 0, 0, 1, 0, 0]),
 (33, [1226, 19, 0, 0, 0, 1095, 1876, 1, 1, 1, 3, 1, 2, 1, 2]),
 (33, [1867, 98, 0, 1, 0, 649, 537, 1, 0, 0, 4, 1, 1, 2, 0]),
 (35, [1864, 69, 0, 0, 0, 2021, 743, 0, 1, 0, 1, 0, 2, 1, 1]),
 (999, [621, 106, 0, 0, 1, 1513, 1513, 0, 1, 3, 0, 1, 2, 2, 2]),
 (999, [764, 42, 1, 1, 0, 1473, 1052, 0, 0, 3, 1, 1, 2, 1, 2]),
 (999, [1010, 63, 1, 1, 1, 1481, 1999, 0, 0, 3, 3, 0, 0, 0, 1]),
 (999, [1198, 16, 1, 1, 0, 1512, 946, 1, 1, 3, 2, 0, 2, 0, 2]),
 (999, [1252, 65, 0, 1, 1, 1673, 971, 1, 1, 3, 5, 0, 2, 0, 2]),
 (999, [1348, 55, 0, 0, 1, 1080, 1943, 0, 1, 3, 1, 0, 1, 2, 1]),
 (999, [1606, 55, 1, 1, 0, 849, 1571, 0, 1, 3, 2, 0, 1, 1, 2]),
 (999, [1683, 19, 0, 0, 0, 1828, 1659, 0, 1, 3, 1, 0, 0, 2, 1])]
Selected
[(12, [1596, 65, 0, 1, 1, 1718, 806, 1, 0, 0, 1, 1, 2, 1, 2]),
 (12, [1596, 65, 0, 1, 1, 1718, 806, 1, 0, 0, 1, 1, 2, 1, 2]),
 (12, [1927, 27, 1, 1, 1, 1447, 959, 0, 1, 0, 0, 0, 1, 1, 2]),
 (12, [598, 54, 0, 1, 1, 1505, 1911, 1, 0, 1, 4, 1, 2, 0, 0]),
 (12, [988, 49, 0, 0, 0, 930, 1935, 1, 0, 0, 1, 0, 2, 2, 0]),
 (16, [797, 37, 1, 1, 1, 1763, 1403, 0, 0, 1, 0, 1, 1, 1, 0]),
 (12, [988, 49, 0, 0, 0, 930, 1935, 1, 0, 0, 1, 0, 2, 2, 0]),
 (12, [1596, 65, 0, 1, 1, 1718, 806, 1, 0, 0, 1, 1, 2, 1, 2]),
 (12, [988, 49, 0, 0, 0, 930, 1935, 1, 0, 0, 1, 0, 2, 2, 0]),
 (16, [1085, 48, 1, 0, 0, 1827, 832, 0, 1, 0, 0, 1, 1, 2, 1]),
 (12, [1626, 73, 0, 1, 1, 1295, 1700, 0, 0, 0, 3, 1, 2, 2, 1]),
 (16, [797, 37, 1, 1, 1, 1763, 1403, 0, 0, 1, 0, 1, 1, 1, 0]),
 (12, [598, 54, 0, 1, 1, 1505, 1911, 1, 0, 1, 4, 1, 2, 0, 0]),
 (12, [1626, 73, 0, 1, 1, 1295, 1700, 0, 0, 0, 3, 1, 2, 2, 1]),
 (12, [1596, 65, 0, 1, 1, 1718, 806, 1, 0, 0, 1, 1, 2, 1, 2]),
 (16, [1004, 71, 0, 1, 0, 1016, 1186, 0, 0, 1, 0, 1, 1, 2, 2]),
 (16, [797, 37, 1, 1, 1, 1763, 1403, 0, 0, 1, 0, 1, 1, 1, 0]),
 (12, [598, 54, 0, 1, 1, 1505, 1911, 1, 0, 1, 4, 1, 2, 0, 0]),
 (12, [690, 107, 0, 1, 0, 1196, 1637, 1, 0, 1, 1, 0, 1, 2, 1]),
 (12, [988, 49, 0, 0, 0, 930, 1935, 1, 0, 0, 1, 0, 2, 2, 0]),
 (16, [797, 37, 1, 1, 1, 1763, 1403, 0, 0, 1, 0, 1, 1, 1, 0]),
 (16, [943, 104, 0, 0, 1, 1878, 1199, 0, 0, 0, 4, 1, 2, 1, 1]),
 (12, [1596, 65, 0, 1, 1, 1718, 806, 1, 0, 0, 1, 1, 2, 1, 2]),
 (12, [988, 49, 0, 0, 0, 930, 1935, 1, 0, 0, 1, 0, 2, 2, 0]),
 (16, [943, 104, 0, 0, 1, 1878, 1199, 0, 0, 0, 4, 1, 2, 1, 1]),
 (16, [797, 37, 1, 1, 1, 1763, 1403, 0, 0, 1, 0, 1, 1, 1, 0]),
 (12, [1927, 27, 1, 1, 1, 1447, 959, 0, 1, 0, 0, 0, 1, 1, 2])]
population
[(999, [1683, 19, 0, 0, 0, 1828, 1659, 0, 1, 3, 1, 0, 0, 2, 1]),
 (999, [1606, 55, 1, 1, 0, 849, 1571, 0, 1, 3, 2, 0, 1, 1, 2]),
 (999, [1348, 55, 0, 0, 1, 1080, 1943, 0, 1, 3, 1, 0, 1, 2, 1]),
 (999, [1252, 65, 0, 1, 1, 1673, 971, 1, 1, 3, 5, 0, 2, 0, 2]),
 (999, [1198, 16, 1, 1, 0, 1512, 946, 1, 1, 3, 2, 0, 2, 0, 2]),
 (999, [1010, 63, 1, 1, 1, 1481, 1999, 0, 0, 3, 3, 0, 0, 0, 1]),
 (999, [764, 42, 1, 1, 0, 1473, 1052, 0, 0, 3, 1, 1, 2, 1, 2]),
 (999, [621, 106, 0, 0, 1, 1513, 1513, 0, 1, 3, 0, 1, 2, 2, 2]),
 (35, [1864, 69, 0, 0, 0, 2021, 743, 0, 1, 0, 1, 0, 2, 1, 1]),
 (33, [1867, 98, 0, 1, 0, 649, 537, 1, 0, 0, 4, 1, 1, 2, 0]),
 (33, [1226, 19, 0, 0, 0, 1095, 1876, 1, 1, 1, 3, 1, 2, 1, 2]),
 (33, [916, 116, 1, 0, 0, 1108, 1547, 0, 0, 2, 0, 0, 1, 0, 0]),
 (33, [750, 49, 0, 1, 0, 730, 1273, 1, 0, 0, 4, 1, 1, 1, 2]),
 (33, [562, 83, 1, 0, 0, 1014, 1512, 1, 0, 1, 3, 0, 0, 0, 1]),
 (16, [1913, 75, 1, 1, 1, 1432, 999, 0, 0, 0, 0, 0, 1, 1, 2]),
 (16, [1696, 38, 1, 1, 1, 1400, 530, 1, 1, 0, 2, 1, 0, 1, 0]),
 (16, [1679, 52, 1, 0, 0, 1271, 958, 1, 0, 0, 3, 0, 2, 1, 2]),
 (16, [1509, 47, 1, 1, 1, 1023, 1908, 0, 1, 0, 3, 0, 2, 2, 0]),
 (16, [1437, 81, 0, 0, 1, 652, 1693, 1, 0, 2, 0, 0, 2, 1, 2]),
 (16, [1396, 108, 1, 0, 1, 721, 1582, 1, 0, 2, 4, 0, 2, 0, 2]),
 (16, [1108, 102, 1, 1, 1, 1837, 1158, 0, 1, 2, 3, 1, 1, 1, 0]),
 (16, [1085, 48, 1, 0, 0, 1827, 832, 0, 1, 0, 0, 1, 1, 2, 1]),
 (16, [1004, 71, 0, 1, 0, 1016, 1186, 0, 0, 1, 0, 1, 1, 2, 2]),
 (16, [943, 104, 0, 0, 1, 1878, 1199, 0, 0, 0, 4, 1, 2, 1, 1]),
 (16, [797, 37, 1, 1, 1, 1763, 1403, 0, 0, 1, 0, 1, 1, 1, 0]),
 (16, [734, 65, 1, 0, 0, 570, 1599, 1, 1, 0, 4, 0, 2, 0, 2]),
 (12, [1927, 27, 1, 1, 1, 1447, 959, 0, 1, 0, 0, 0, 1, 1, 2]),
 (12, [1626, 73, 0, 1, 1, 1295, 1700, 0, 0, 0, 3, 1, 2, 2, 1]),
 (12, [1596, 65, 0, 1, 1, 1718, 806, 1, 0, 0, 1, 1, 2, 1, 2]),
 (12, [988, 49, 0, 0, 0, 930, 1935, 1, 0, 0, 1, 0, 2, 2, 0]),
 (12, [690, 107, 0, 1, 0, 1196, 1637, 1, 0, 1, 1, 0, 1, 2, 1]),
 (12, [598, 54, 0, 1, 1, 1505, 1911, 1, 0, 1, 4, 1, 2, 0, 0])]
scored
[(12, [598, 54, 0, 1, 1, 1505, 1911, 1, 0, 1, 4, 1, 2, 0, 0]),
 (12, [690, 107, 0, 1, 0, 1196, 1637, 1, 0, 1, 1, 0, 1, 2, 1]),
 (12, [988, 49, 0, 0, 0, 930, 1935, 1, 0, 0, 1, 0, 2, 2, 0]),
 (12, [1596, 65, 0, 1, 1, 1718, 806, 1, 0, 0, 1, 1, 2, 1, 2]),
 (12, [1626, 73, 0, 1, 1, 1295, 1700, 0, 0, 0, 3, 1, 2, 2, 1]),
 (12, [1927, 27, 1, 1, 1, 1447, 959, 0, 1, 0, 0, 0, 1, 1, 2]),
 (16, [734, 65, 1, 0, 0, 570, 1599, 1, 1, 0, 4, 0, 2, 0, 2]),
 (16, [797, 37, 1, 1, 1, 1763, 1403, 0, 0, 1, 0, 1, 1, 1, 0]),
 (16, [943, 104, 0, 0, 1, 1878, 1199, 0, 0, 0, 4, 1, 2, 1, 1]),
 (16, [1004, 71, 0, 1, 0, 1016, 1186, 0, 0, 1, 0, 1, 1, 2, 2]),
 (16, [1085, 48, 1, 0, 0, 1827, 832, 0, 1, 0, 0, 1, 1, 2, 1]),
 (16, [1108, 102, 1, 1, 1, 1837, 1158, 0, 1, 2, 3, 1, 1, 1, 0]),
 (16, [1396, 108, 1, 0, 1, 721, 1582, 1, 0, 2, 4, 0, 2, 0, 2]),
 (16, [1437, 81, 0, 0, 1, 652, 1693, 1, 0, 2, 0, 0, 2, 1, 2]),
 (16, [1509, 47, 1, 1, 1, 1023, 1908, 0, 1, 0, 3, 0, 2, 2, 0]),
 (16, [1679, 52, 1, 0, 0, 1271, 958, 1, 0, 0, 3, 0, 2, 1, 2]),
 (16, [1696, 38, 1, 1, 1, 1400, 530, 1, 1, 0, 2, 1, 0, 1, 0]),
 (16, [1913, 75, 1, 1, 1, 1432, 999, 0, 0, 0, 0, 0, 1, 1, 2]),
 (33, [562, 83, 1, 0, 0, 1014, 1512, 1, 0, 1, 3, 0, 0, 0, 1]),
 (33, [750, 49, 0, 1, 0, 730, 1273, 1, 0, 0, 4, 1, 1, 1, 2]),
 (33, [916, 116, 1, 0, 0, 1108, 1547, 0, 0, 2, 0, 0, 1, 0, 0]),
 (33, [1226, 19, 0, 0, 0, 1095, 1876, 1, 1, 1, 3, 1, 2, 1, 2]),
 (33, [1867, 98, 0, 1, 0, 649, 537, 1, 0, 0, 4, 1, 1, 2, 0]),
 (35, [1864, 69, 0, 0, 0, 2021, 743, 0, 1, 0, 1, 0, 2, 1, 1]),
 (999, [621, 106, 0, 0, 1, 1513, 1513, 0, 1, 3, 0, 1, 2, 2, 2]),
 (999, [764, 42, 1, 1, 0, 1473, 1052, 0, 0, 3, 1, 1, 2, 1, 2]),
 (999, [1010, 63, 1, 1, 1, 1481, 1999, 0, 0, 3, 3, 0, 0, 0, 1]),
 (999, [1198, 16, 1, 1, 0, 1512, 946, 1, 1, 3, 2, 0, 2, 0, 2]),
 (999, [1252, 65, 0, 1, 1, 1673, 971, 1, 1, 3, 5, 0, 2, 0, 2]),
 (999, [1348, 55, 0, 0, 1, 1080, 1943, 0, 1, 3, 1, 0, 1, 2, 1]),
 (999, [1606, 55, 1, 1, 0, 849, 1571, 0, 1, 3, 2, 0, 1, 1, 2]),
 (999, [1683, 19, 0, 0, 0, 1828, 1659, 0, 1, 3, 1, 0, 0, 2, 1])]
Selected
[(12, [988, 49, 0, 0, 0, 930, 1935, 1, 0, 0, 1, 0, 2, 2, 0]),
 (12, [690, 107, 0, 1, 0, 1196, 1637, 1, 0, 1, 1, 0, 1, 2, 1]),
 (12, [598, 54, 0, 1, 1, 1505, 1911, 1, 0, 1, 4, 1, 2, 0, 0]),
 (12, [598, 54, 0, 1, 1, 1505, 1911, 1, 0, 1, 4, 1, 2, 0, 0]),
 (16, [1396, 108, 1, 0, 1, 721, 1582, 1, 0, 2, 4, 0, 2, 0, 2]),
 (12, [1927, 27, 1, 1, 1, 1447, 959, 0, 1, 0, 0, 0, 1, 1, 2]),
 (16, [1396, 108, 1, 0, 1, 721, 1582, 1, 0, 2, 4, 0, 2, 0, 2]),
 (12, [1927, 27, 1, 1, 1, 1447, 959, 0, 1, 0, 0, 0, 1, 1, 2]),
 (12, [690, 107, 0, 1, 0, 1196, 1637, 1, 0, 1, 1, 0, 1, 2, 1]),
 (12, [598, 54, 0, 1, 1, 1505, 1911, 1, 0, 1, 4, 1, 2, 0, 0]),
 (12, [1596, 65, 0, 1, 1, 1718, 806, 1, 0, 0, 1, 1, 2, 1, 2]),
 (12, [1626, 73, 0, 1, 1, 1295, 1700, 0, 0, 0, 3, 1, 2, 2, 1]),
 (16, [1509, 47, 1, 1, 1, 1023, 1908, 0, 1, 0, 3, 0, 2, 2, 0]),
 (12, [988, 49, 0, 0, 0, 930, 1935, 1, 0, 0, 1, 0, 2, 2, 0]),
 (16, [734, 65, 1, 0, 0, 570, 1599, 1, 1, 0, 4, 0, 2, 0, 2]),
 (16, [1108, 102, 1, 1, 1, 1837, 1158, 0, 1, 2, 3, 1, 1, 1, 0]),
 (12, [1626, 73, 0, 1, 1, 1295, 1700, 0, 0, 0, 3, 1, 2, 2, 1]),
 (12, [690, 107, 0, 1, 0, 1196, 1637, 1, 0, 1, 1, 0, 1, 2, 1]),
 (12, [690, 107, 0, 1, 0, 1196, 1637, 1, 0, 1, 1, 0, 1, 2, 1]),
 (16, [1108, 102, 1, 1, 1, 1837, 1158, 0, 1, 2, 3, 1, 1, 1, 0]),
 (16, [734, 65, 1, 0, 0, 570, 1599, 1, 1, 0, 4, 0, 2, 0, 2]),
 (16, [1004, 71, 0, 1, 0, 1016, 1186, 0, 0, 1, 0, 1, 1, 2, 2]),
 (16, [1396, 108, 1, 0, 1, 721, 1582, 1, 0, 2, 4, 0, 2, 0, 2]),
 (12, [690, 107, 0, 1, 0, 1196, 1637, 1, 0, 1, 1, 0, 1, 2, 1]),
 (12, [1927, 27, 1, 1, 1, 1447, 959, 0, 1, 0, 0, 0, 1, 1, 2]),
 (12, [988, 49, 0, 0, 0, 930, 1935, 1, 0, 0, 1, 0, 2, 2, 0]),
 (12, [598, 54, 0, 1, 1, 1505, 1911, 1, 0, 1, 4, 1, 2, 0, 0])]
population
[(999, [1683, 19, 0, 0, 0, 1828, 1659, 0, 1, 3, 1, 0, 0, 2, 1]),
 (999, [1606, 55, 1, 1, 0, 849, 1571, 0, 1, 3, 2, 0, 1, 1, 2]),
 (999, [1348, 55, 0, 0, 1, 1080, 1943, 0, 1, 3, 1, 0, 1, 2, 1]),
 (999, [1252, 65, 0, 1, 1, 1673, 971, 1, 1, 3, 5, 0, 2, 0, 2]),
 (999, [1198, 16, 1, 1, 0, 1512, 946, 1, 1, 3, 2, 0, 2, 0, 2]),
 (999, [1010, 63, 1, 1, 1, 1481, 1999, 0, 0, 3, 3, 0, 0, 0, 1]),
 (999, [764, 42, 1, 1, 0, 1473, 1052, 0, 0, 3, 1, 1, 2, 1, 2]),
 (999, [621, 106, 0, 0, 1, 1513, 1513, 0, 1, 3, 0, 1, 2, 2, 2]),
 (35, [1864, 69, 0, 0, 0, 2021, 743, 0, 1, 0, 1, 0, 2, 1, 1]),
 (33, [1867, 98, 0, 1, 0, 649, 537, 1, 0, 0, 4, 1, 1, 2, 0]),
 (33, [1226, 19, 0, 0, 0, 1095, 1876, 1, 1, 1, 3, 1, 2, 1, 2]),
 (33, [916, 116, 1, 0, 0, 1108, 1547, 0, 0, 2, 0, 0, 1, 0, 0]),
 (33, [750, 49, 0, 1, 0, 730, 1273, 1, 0, 0, 4, 1, 1, 1, 2]),
 (33, [562, 83, 1, 0, 0, 1014, 1512, 1, 0, 1, 3, 0, 0, 0, 1]),
 (16, [1913, 75, 1, 1, 1, 1432, 999, 0, 0, 0, 0, 0, 1, 1, 2]),
 (16, [1696, 38, 1, 1, 1, 1400, 530, 1, 1, 0, 2, 1, 0, 1, 0]),
 (16, [1679, 52, 1, 0, 0, 1271, 958, 1, 0, 0, 3, 0, 2, 1, 2]),
 (16, [1509, 47, 1, 1, 1, 1023, 1908, 0, 1, 0, 3, 0, 2, 2, 0]),
 (16, [1437, 81, 0, 0, 1, 652, 1693, 1, 0, 2, 0, 0, 2, 1, 2]),
 (16, [1396, 108, 1, 0, 1, 721, 1582, 1, 0, 2, 4, 0, 2, 0, 2]),
 (16, [1108, 102, 1, 1, 1, 1837, 1158, 0, 1, 2, 3, 1, 1, 1, 0]),
 (16, [1085, 48, 1, 0, 0, 1827, 832, 0, 1, 0, 0, 1, 1, 2, 1]),
 (16, [1004, 71, 0, 1, 0, 1016, 1186, 0, 0, 1, 0, 1, 1, 2, 2]),
 (16, [943, 104, 0, 0, 1, 1878, 1199, 0, 0, 0, 4, 1, 2, 1, 1]),
 (16, [797, 37, 1, 1, 1, 1763, 1403, 0, 0, 1, 0, 1, 1, 1, 0]),
 (16, [734, 65, 1, 0, 0, 570, 1599, 1, 1, 0, 4, 0, 2, 0, 2]),
 (12, [1927, 27, 1, 1, 1, 1447, 959, 0, 1, 0, 0, 0, 1, 1, 2]),
 (12, [1626, 73, 0, 1, 1, 1295, 1700, 0, 0, 0, 3, 1, 2, 2, 1]),
 (12, [1596, 65, 0, 1, 1, 1718, 806, 1, 0, 0, 1, 1, 2, 1, 2]),
 (12, [988, 49, 0, 0, 0, 930, 1935, 1, 0, 0, 1, 0, 2, 2, 0]),
 (12, [690, 107, 0, 1, 0, 1196, 1637, 1, 0, 1, 1, 0, 1, 2, 1]),
 (12, [598, 54, 0, 1, 1, 1505, 1911, 1, 0, 1, 4, 1, 2, 0, 0])]
scored
[(12, [598, 54, 0, 1, 1, 1505, 1911, 1, 0, 1, 4, 1, 2, 0, 0]),
 (12, [690, 107, 0, 1, 0, 1196, 1637, 1, 0, 1, 1, 0, 1, 2, 1]),
 (12, [988, 49, 0, 0, 0, 930, 1935, 1, 0, 0, 1, 0, 2, 2, 0]),
 (12, [1596, 65, 0, 1, 1, 1718, 806, 1, 0, 0, 1, 1, 2, 1, 2]),
 (12, [1626, 73, 0, 1, 1, 1295, 1700, 0, 0, 0, 3, 1, 2, 2, 1]),
 (12, [1927, 27, 1, 1, 1, 1447, 959, 0, 1, 0, 0, 0, 1, 1, 2]),
 (16, [734, 65, 1, 0, 0, 570, 1599, 1, 1, 0, 4, 0, 2, 0, 2]),
 (16, [797, 37, 1, 1, 1, 1763, 1403, 0, 0, 1, 0, 1, 1, 1, 0]),
 (16, [943, 104, 0, 0, 1, 1878, 1199, 0, 0, 0, 4, 1, 2, 1, 1]),
 (16, [1004, 71, 0, 1, 0, 1016, 1186, 0, 0, 1, 0, 1, 1, 2, 2]),
 (16, [1085, 48, 1, 0, 0, 1827, 832, 0, 1, 0, 0, 1, 1, 2, 1]),
 (16, [1108, 102, 1, 1, 1, 1837, 1158, 0, 1, 2, 3, 1, 1, 1, 0]),
 (16, [1396, 108, 1, 0, 1, 721, 1582, 1, 0, 2, 4, 0, 2, 0, 2]),
 (16, [1437, 81, 0, 0, 1, 652, 1693, 1, 0, 2, 0, 0, 2, 1, 2]),
 (16, [1509, 47, 1, 1, 1, 1023, 1908, 0, 1, 0, 3, 0, 2, 2, 0]),
 (16, [1679, 52, 1, 0, 0, 1271, 958, 1, 0, 0, 3, 0, 2, 1, 2]),
 (16, [1696, 38, 1, 1, 1, 1400, 530, 1, 1, 0, 2, 1, 0, 1, 0]),
 (16, [1913, 75, 1, 1, 1, 1432, 999, 0, 0, 0, 0, 0, 1, 1, 2]),
 (33, [562, 83, 1, 0, 0, 1014, 1512, 1, 0, 1, 3, 0, 0, 0, 1]),
 (33, [750, 49, 0, 1, 0, 730, 1273, 1, 0, 0, 4, 1, 1, 1, 2]),
 (33, [916, 116, 1, 0, 0, 1108, 1547, 0, 0, 2, 0, 0, 1, 0, 0]),
 (33, [1226, 19, 0, 0, 0, 1095, 1876, 1, 1, 1, 3, 1, 2, 1, 2]),
 (33, [1867, 98, 0, 1, 0, 649, 537, 1, 0, 0, 4, 1, 1, 2, 0]),
 (35, [1864, 69, 0, 0, 0, 2021, 743, 0, 1, 0, 1, 0, 2, 1, 1]),
 (999, [621, 106, 0, 0, 1, 1513, 1513, 0, 1, 3, 0, 1, 2, 2, 2]),
 (999, [764, 42, 1, 1, 0, 1473, 1052, 0, 0, 3, 1, 1, 2, 1, 2]),
 (999, [1010, 63, 1, 1, 1, 1481, 1999, 0, 0, 3, 3, 0, 0, 0, 1]),
 (999, [1198, 16, 1, 1, 0, 1512, 946, 1, 1, 3, 2, 0, 2, 0, 2]),
 (999, [1252, 65, 0, 1, 1, 1673, 971, 1, 1, 3, 5, 0, 2, 0, 2]),
 (999, [1348, 55, 0, 0, 1, 1080, 1943, 0, 1, 3, 1, 0, 1, 2, 1]),
 (999, [1606, 55, 1, 1, 0, 849, 1571, 0, 1, 3, 2, 0, 1, 1, 2]),
 (999, [1683, 19, 0, 0, 0, 1828, 1659, 0, 1, 3, 1, 0, 0, 2, 1])]
Selected
[(12, [598, 54, 0, 1, 1, 1505, 1911, 1, 0, 1, 4, 1, 2, 0, 0]),
 (16, [797, 37, 1, 1, 1, 1763, 1403, 0, 0, 1, 0, 1, 1, 1, 0]),
 (16, [797, 37, 1, 1, 1, 1763, 1403, 0, 0, 1, 0, 1, 1, 1, 0]),
 (12, [1596, 65, 0, 1, 1, 1718, 806, 1, 0, 0, 1, 1, 2, 1, 2]),
 (16, [1085, 48, 1, 0, 0, 1827, 832, 0, 1, 0, 0, 1, 1, 2, 1]),
 (12, [598, 54, 0, 1, 1, 1505, 1911, 1, 0, 1, 4, 1, 2, 0, 0]),
 (16, [734, 65, 1, 0, 0, 570, 1599, 1, 1, 0, 4, 0, 2, 0, 2]),
 (12, [988, 49, 0, 0, 0, 930, 1935, 1, 0, 0, 1, 0, 2, 2, 0]),
 (12, [1596, 65, 0, 1, 1, 1718, 806, 1, 0, 0, 1, 1, 2, 1, 2]),
 (12, [690, 107, 0, 1, 0, 1196, 1637, 1, 0, 1, 1, 0, 1, 2, 1]),
 (16, [1004, 71, 0, 1, 0, 1016, 1186, 0, 0, 1, 0, 1, 1, 2, 2]),
 (12, [988, 49, 0, 0, 0, 930, 1935, 1, 0, 0, 1, 0, 2, 2, 0]),
 (12, [1927, 27, 1, 1, 1, 1447, 959, 0, 1, 0, 0, 0, 1, 1, 2]),
 (16, [1004, 71, 0, 1, 0, 1016, 1186, 0, 0, 1, 0, 1, 1, 2, 2]),
 (12, [1626, 73, 0, 1, 1, 1295, 1700, 0, 0, 0, 3, 1, 2, 2, 1]),
 (16, [943, 104, 0, 0, 1, 1878, 1199, 0, 0, 0, 4, 1, 2, 1, 1]),
 (12, [988, 49, 0, 0, 0, 930, 1935, 1, 0, 0, 1, 0, 2, 2, 0]),
 (12, [988, 49, 0, 0, 0, 930, 1935, 1, 0, 0, 1, 0, 2, 2, 0]),
 (12, [1927, 27, 1, 1, 1, 1447, 959, 0, 1, 0, 0, 0, 1, 1, 2]),
 (16, [734, 65, 1, 0, 0, 570, 1599, 1, 1, 0, 4, 0, 2, 0, 2]),
 (12, [988, 49, 0, 0, 0, 930, 1935, 1, 0, 0, 1, 0, 2, 2, 0]),
 (12, [988, 49, 0, 0, 0, 930, 1935, 1, 0, 0, 1, 0, 2, 2, 0]),
 (16, [797, 37, 1, 1, 1, 1763, 1403, 0, 0, 1, 0, 1, 1, 1, 0]),
 (12, [690, 107, 0, 1, 0, 1196, 1637, 1, 0, 1, 1, 0, 1, 2, 1]),
 (12, [1626, 73, 0, 1, 1, 1295, 1700, 0, 0, 0, 3, 1, 2, 2, 1]),
 (12, [988, 49, 0, 0, 0, 930, 1935, 1, 0, 0, 1, 0, 2, 2, 0]),
 (16, [943, 104, 0, 0, 1, 1878, 1199, 0, 0, 0, 4, 1, 2, 1, 1])]
population
[(999, [1683, 19, 0, 0, 0, 1828, 1659, 0, 1, 3, 1, 0, 0, 2, 1]),
 (999, [1606, 55, 1, 1, 0, 849, 1571, 0, 1, 3, 2, 0, 1, 1, 2]),
 (999, [1348, 55, 0, 0, 1, 1080, 1943, 0, 1, 3, 1, 0, 1, 2, 1]),
 (999, [1252, 65, 0, 1, 1, 1673, 971, 1, 1, 3, 5, 0, 2, 0, 2]),
 (999, [1198, 16, 1, 1, 0, 1512, 946, 1, 1, 3, 2, 0, 2, 0, 2]),
 (999, [1010, 63, 1, 1, 1, 1481, 1999, 0, 0, 3, 3, 0, 0, 0, 1]),
 (999, [764, 42, 1, 1, 0, 1473, 1052, 0, 0, 3, 1, 1, 2, 1, 2]),
 (999, [621, 106, 0, 0, 1, 1513, 1513, 0, 1, 3, 0, 1, 2, 2, 2]),
 (35, [1864, 69, 0, 0, 0, 2021, 743, 0, 1, 0, 1, 0, 2, 1, 1]),
 (33, [1867, 98, 0, 1, 0, 649, 537, 1, 0, 0, 4, 1, 1, 2, 0]),
 (33, [1226, 19, 0, 0, 0, 1095, 1876, 1, 1, 1, 3, 1, 2, 1, 2]),
 (33, [916, 116, 1, 0, 0, 1108, 1547, 0, 0, 2, 0, 0, 1, 0, 0]),
 (33, [750, 49, 0, 1, 0, 730, 1273, 1, 0, 0, 4, 1, 1, 1, 2]),
 (33, [562, 83, 1, 0, 0, 1014, 1512, 1, 0, 1, 3, 0, 0, 0, 1]),
 (16, [1913, 75, 1, 1, 1, 1432, 999, 0, 0, 0, 0, 0, 1, 1, 2]),
 (16, [1696, 38, 1, 1, 1, 1400, 530, 1, 1, 0, 2, 1, 0, 1, 0]),
 (16, [1679, 52, 1, 0, 0, 1271, 958, 1, 0, 0, 3, 0, 2, 1, 2]),
 (16, [1509, 47, 1, 1, 1, 1023, 1908, 0, 1, 0, 3, 0, 2, 2, 0]),
 (16, [1437, 81, 0, 0, 1, 652, 1693, 1, 0, 2, 0, 0, 2, 1, 2]),
 (16, [1396, 108, 1, 0, 1, 721, 1582, 1, 0, 2, 4, 0, 2, 0, 2]),
 (16, [1108, 102, 1, 1, 1, 1837, 1158, 0, 1, 2, 3, 1, 1, 1, 0]),
 (16, [1085, 48, 1, 0, 0, 1827, 832, 0, 1, 0, 0, 1, 1, 2, 1]),
 (16, [1004, 71, 0, 1, 0, 1016, 1186, 0, 0, 1, 0, 1, 1, 2, 2]),
 (16, [943, 104, 0, 0, 1, 1878, 1199, 0, 0, 0, 4, 1, 2, 1, 1]),
 (16, [797, 37, 1, 1, 1, 1763, 1403, 0, 0, 1, 0, 1, 1, 1, 0]),
 (16, [734, 65, 1, 0, 0, 570, 1599, 1, 1, 0, 4, 0, 2, 0, 2]),
 (12, [1927, 27, 1, 1, 1, 1447, 959, 0, 1, 0, 0, 0, 1, 1, 2]),
 (12, [1626, 73, 0, 1, 1, 1295, 1700, 0, 0, 0, 3, 1, 2, 2, 1]),
 (12, [1596, 65, 0, 1, 1, 1718, 806, 1, 0, 0, 1, 1, 2, 1, 2]),
 (12, [988, 49, 0, 0, 0, 930, 1935, 1, 0, 0, 1, 0, 2, 2, 0]),
 (12, [690, 107, 0, 1, 0, 1196, 1637, 1, 0, 1, 1, 0, 1, 2, 1]),
 (12, [598, 54, 0, 1, 1, 1505, 1911, 1, 0, 1, 4, 1, 2, 0, 0])]
scored
[(12, [598, 54, 0, 1, 1, 1505, 1911, 1, 0, 1, 4, 1, 2, 0, 0]),
 (12, [690, 107, 0, 1, 0, 1196, 1637, 1, 0, 1, 1, 0, 1, 2, 1]),
 (12, [988, 49, 0, 0, 0, 930, 1935, 1, 0, 0, 1, 0, 2, 2, 0]),
 (12, [1596, 65, 0, 1, 1, 1718, 806, 1, 0, 0, 1, 1, 2, 1, 2]),
 (12, [1626, 73, 0, 1, 1, 1295, 1700, 0, 0, 0, 3, 1, 2, 2, 1]),
 (12, [1927, 27, 1, 1, 1, 1447, 959, 0, 1, 0, 0, 0, 1, 1, 2]),
 (16, [734, 65, 1, 0, 0, 570, 1599, 1, 1, 0, 4, 0, 2, 0, 2]),
 (16, [797, 37, 1, 1, 1, 1763, 1403, 0, 0, 1, 0, 1, 1, 1, 0]),
 (16, [943, 104, 0, 0, 1, 1878, 1199, 0, 0, 0, 4, 1, 2, 1, 1]),
 (16, [1004, 71, 0, 1, 0, 1016, 1186, 0, 0, 1, 0, 1, 1, 2, 2]),
 (16, [1085, 48, 1, 0, 0, 1827, 832, 0, 1, 0, 0, 1, 1, 2, 1]),
 (16, [1108, 102, 1, 1, 1, 1837, 1158, 0, 1, 2, 3, 1, 1, 1, 0]),
 (16, [1396, 108, 1, 0, 1, 721, 1582, 1, 0, 2, 4, 0, 2, 0, 2]),
 (16, [1437, 81, 0, 0, 1, 652, 1693, 1, 0, 2, 0, 0, 2, 1, 2]),
 (16, [1509, 47, 1, 1, 1, 1023, 1908, 0, 1, 0, 3, 0, 2, 2, 0]),
 (16, [1679, 52, 1, 0, 0, 1271, 958, 1, 0, 0, 3, 0, 2, 1, 2]),
 (16, [1696, 38, 1, 1, 1, 1400, 530, 1, 1, 0, 2, 1, 0, 1, 0]),
 (16, [1913, 75, 1, 1, 1, 1432, 999, 0, 0, 0, 0, 0, 1, 1, 2]),
 (33, [562, 83, 1, 0, 0, 1014, 1512, 1, 0, 1, 3, 0, 0, 0, 1]),
 (33, [750, 49, 0, 1, 0, 730, 1273, 1, 0, 0, 4, 1, 1, 1, 2]),
 (33, [916, 116, 1, 0, 0, 1108, 1547, 0, 0, 2, 0, 0, 1, 0, 0]),
 (33, [1226, 19, 0, 0, 0, 1095, 1876, 1, 1, 1, 3, 1, 2, 1, 2]),
 (33, [1867, 98, 0, 1, 0, 649, 537, 1, 0, 0, 4, 1, 1, 2, 0]),
 (35, [1864, 69, 0, 0, 0, 2021, 743, 0, 1, 0, 1, 0, 2, 1, 1]),
 (999, [621, 106, 0, 0, 1, 1513, 1513, 0, 1, 3, 0, 1, 2, 2, 2]),
 (999, [764, 42, 1, 1, 0, 1473, 1052, 0, 0, 3, 1, 1, 2, 1, 2]),
 (999, [1010, 63, 1, 1, 1, 1481, 1999, 0, 0, 3, 3, 0, 0, 0, 1]),
 (999, [1198, 16, 1, 1, 0, 1512, 946, 1, 1, 3, 2, 0, 2, 0, 2]),
 (999, [1252, 65, 0, 1, 1, 1673, 971, 1, 1, 3, 5, 0, 2, 0, 2]),
 (999, [1348, 55, 0, 0, 1, 1080, 1943, 0, 1, 3, 1, 0, 1, 2, 1]),
 (999, [1606, 55, 1, 1, 0, 849, 1571, 0, 1, 3, 2, 0, 1, 1, 2]),
 (999, [1683, 19, 0, 0, 0, 1828, 1659, 0, 1, 3, 1, 0, 0, 2, 1])]
Selected
[(12, [598, 54, 0, 1, 1, 1505, 1911, 1, 0, 1, 4, 1, 2, 0, 0]),
 (12, [598, 54, 0, 1, 1, 1505, 1911, 1, 0, 1, 4, 1, 2, 0, 0]),
 (12, [690, 107, 0, 1, 0, 1196, 1637, 1, 0, 1, 1, 0, 1, 2, 1]),
 (16, [1085, 48, 1, 0, 0, 1827, 832, 0, 1, 0, 0, 1, 1, 2, 1]),
 (16, [1004, 71, 0, 1, 0, 1016, 1186, 0, 0, 1, 0, 1, 1, 2, 2]),
 (12, [598, 54, 0, 1, 1, 1505, 1911, 1, 0, 1, 4, 1, 2, 0, 0]),
 (16, [797, 37, 1, 1, 1, 1763, 1403, 0, 0, 1, 0, 1, 1, 1, 0]),
 (12, [1596, 65, 0, 1, 1, 1718, 806, 1, 0, 0, 1, 1, 2, 1, 2]),
 (12, [988, 49, 0, 0, 0, 930, 1935, 1, 0, 0, 1, 0, 2, 2, 0]),
 (12, [690, 107, 0, 1, 0, 1196, 1637, 1, 0, 1, 1, 0, 1, 2, 1]),
 (16, [1913, 75, 1, 1, 1, 1432, 999, 0, 0, 0, 0, 0, 1, 1, 2]),
 (12, [1626, 73, 0, 1, 1, 1295, 1700, 0, 0, 0, 3, 1, 2, 2, 1]),
 (12, [598, 54, 0, 1, 1, 1505, 1911, 1, 0, 1, 4, 1, 2, 0, 0]),
 (12, [598, 54, 0, 1, 1, 1505, 1911, 1, 0, 1, 4, 1, 2, 0, 0]),
 (12, [598, 54, 0, 1, 1, 1505, 1911, 1, 0, 1, 4, 1, 2, 0, 0]),
 (16, [1108, 102, 1, 1, 1, 1837, 1158, 0, 1, 2, 3, 1, 1, 1, 0]),
 (12, [988, 49, 0, 0, 0, 930, 1935, 1, 0, 0, 1, 0, 2, 2, 0]),
 (12, [598, 54, 0, 1, 1, 1505, 1911, 1, 0, 1, 4, 1, 2, 0, 0]),
 (12, [1596, 65, 0, 1, 1, 1718, 806, 1, 0, 0, 1, 1, 2, 1, 2]),
 (12, [690, 107, 0, 1, 0, 1196, 1637, 1, 0, 1, 1, 0, 1, 2, 1]),
 (16, [734, 65, 1, 0, 0, 570, 1599, 1, 1, 0, 4, 0, 2, 0, 2]),
 (12, [598, 54, 0, 1, 1, 1505, 1911, 1, 0, 1, 4, 1, 2, 0, 0]),
 (12, [1626, 73, 0, 1, 1, 1295, 1700, 0, 0, 0, 3, 1, 2, 2, 1]),
 (12, [988, 49, 0, 0, 0, 930, 1935, 1, 0, 0, 1, 0, 2, 2, 0]),
 (16, [943, 104, 0, 0, 1, 1878, 1199, 0, 0, 0, 4, 1, 2, 1, 1]),
 (12, [598, 54, 0, 1, 1, 1505, 1911, 1, 0, 1, 4, 1, 2, 0, 0]),
 (12, [988, 49, 0, 0, 0, 930, 1935, 1, 0, 0, 1, 0, 2, 2, 0])]

Poblacin de 32 individuos durante 15 generaciones
Poblacin inicial:
[(999, [1683, 19, 0, 0, 0, 1828, 1659, 0, 1, 3, 1, 0, 0, 2, 1]),
 (999, [1606, 55, 1, 1, 0, 849, 1571, 0, 1, 3, 2, 0, 1, 1, 2]),
 (999, [1348, 55, 0, 0, 1, 1080, 1943, 0, 1, 3, 1, 0, 1, 2, 1]),
 (999, [1252, 65, 0, 1, 1, 1673, 971, 1, 1, 3, 5, 0, 2, 0, 2]),
 (999, [1198, 16, 1, 1, 0, 1512, 946, 1, 1, 3, 2, 0, 2, 0, 2]),
 (999, [1010, 63, 1, 1, 1, 1481, 1999, 0, 0, 3, 3, 0, 0, 0, 1]),
 (999, [764, 42, 1, 1, 0, 1473, 1052, 0, 0, 3, 1, 1, 2, 1, 2]),
 (999, [621, 106, 0, 0, 1, 1513, 1513, 0, 1, 3, 0, 1, 2, 2, 2]),
 (35, [1864, 69, 0, 0, 0, 2021, 743, 0, 1, 0, 1, 0, 2, 1, 1]),
 (33, [1867, 98, 0, 1, 0, 649, 537, 1, 0, 0, 4, 1, 1, 2, 0]),
 (33, [1226, 19, 0, 0, 0, 1095, 1876, 1, 1, 1, 3, 1, 2, 1, 2]),
 (33, [916, 116, 1, 0, 0, 1108, 1547, 0, 0, 2, 0, 0, 1, 0, 0]),
 (33, [750, 49, 0, 1, 0, 730, 1273, 1, 0, 0, 4, 1, 1, 1, 2]),
 (33, [562, 83, 1, 0, 0, 1014, 1512, 1, 0, 1, 3, 0, 0, 0, 1]),
 (16, [1913, 75, 1, 1, 1, 1432, 999, 0, 0, 0, 0, 0, 1, 1, 2]),
 (16, [1696, 38, 1, 1, 1, 1400, 530, 1, 1, 0, 2, 1, 0, 1, 0]),
 (16, [1679, 52, 1, 0, 0, 1271, 958, 1, 0, 0, 3, 0, 2, 1, 2]),
 (16, [1509, 47, 1, 1, 1, 1023, 1908, 0, 1, 0, 3, 0, 2, 2, 0]),
 (16, [1437, 81, 0, 0, 1, 652, 1693, 1, 0, 2, 0, 0, 2, 1, 2]),
 (16, [1396, 108, 1, 0, 1, 721, 1582, 1, 0, 2, 4, 0, 2, 0, 2]),
 (16, [1108, 102, 1, 1, 1, 1837, 1158, 0, 1, 2, 3, 1, 1, 1, 0]),
 (16, [1085, 48, 1, 0, 0, 1827, 832, 0, 1, 0, 0, 1, 1, 2, 1]),
 (16, [1004, 71, 0, 1, 0, 1016, 1186, 0, 0, 1, 0, 1, 1, 2, 2]),
 (16, [943, 104, 0, 0, 1, 1878, 1199, 0, 0, 0, 4, 1, 2, 1, 1]),
 (16, [797, 37, 1, 1, 1, 1763, 1403, 0, 0, 1, 0, 1, 1, 1, 0]),
 (16, [734, 65, 1, 0, 0, 570, 1599, 1, 1, 0, 4, 0, 2, 0, 2]),
 (12, [1927, 27, 1, 1, 1, 1447, 959, 0, 1, 0, 0, 0, 1, 1, 2]),
 (12, [1626, 73, 0, 1, 1, 1295, 1700, 0, 0, 0, 3, 1, 2, 2, 1]),
 (12, [1596, 65, 0, 1, 1, 1718, 806, 1, 0, 0, 1, 1, 2, 1, 2]),
 (12, [988, 49, 0, 0, 0, 930, 1935, 1, 0, 0, 1, 0, 2, 2, 0]),
 (12, [690, 107, 0, 1, 0, 1196, 1637, 1, 0, 1, 1, 0, 1, 2, 1]),
 (12, [598, 54, 0, 1, 1, 1505, 1911, 1, 0, 1, 4, 1, 2, 0, 0])]
Poblacin final:
[(999, [1683, 19, 0, 0, 0, 1828, 1659, 0, 1, 3, 1, 0, 0, 2, 1]),
 (999, [1606, 55, 1, 1, 0, 849, 1571, 0, 1, 3, 2, 0, 1, 1, 2]),
 (999, [1348, 55, 0, 0, 1, 1080, 1943, 0, 1, 3, 1, 0, 1, 2, 1]),
 (999, [1252, 65, 0, 1, 1, 1673, 971, 1, 1, 3, 5, 0, 2, 0, 2]),
 (999, [1198, 16, 1, 1, 0, 1512, 946, 1, 1, 3, 2, 0, 2, 0, 2]),
 (999, [1010, 63, 1, 1, 1, 1481, 1999, 0, 0, 3, 3, 0, 0, 0, 1]),
 (999, [764, 42, 1, 1, 0, 1473, 1052, 0, 0, 3, 1, 1, 2, 1, 2]),
 (999, [621, 106, 0, 0, 1, 1513, 1513, 0, 1, 3, 0, 1, 2, 2, 2]),
 (35, [1864, 69, 0, 0, 0, 2021, 743, 0, 1, 0, 1, 0, 2, 1, 1]),
 (33, [1867, 98, 0, 1, 0, 649, 537, 1, 0, 0, 4, 1, 1, 2, 0]),
 (33, [1226, 19, 0, 0, 0, 1095, 1876, 1, 1, 1, 3, 1, 2, 1, 2]),
 (33, [916, 116, 1, 0, 0, 1108, 1547, 0, 0, 2, 0, 0, 1, 0, 0]),
 (33, [750, 49, 0, 1, 0, 730, 1273, 1, 0, 0, 4, 1, 1, 1, 2]),
 (33, [562, 83, 1, 0, 0, 1014, 1512, 1, 0, 1, 3, 0, 0, 0, 1]),
 (16, [1913, 75, 1, 1, 1, 1432, 999, 0, 0, 0, 0, 0, 1, 1, 2]),
 (16, [1696, 38, 1, 1, 1, 1400, 530, 1, 1, 0, 2, 1, 0, 1, 0]),
 (16, [1679, 52, 1, 0, 0, 1271, 958, 1, 0, 0, 3, 0, 2, 1, 2]),
 (16, [1509, 47, 1, 1, 1, 1023, 1908, 0, 1, 0, 3, 0, 2, 2, 0]),
 (16, [1437, 81, 0, 0, 1, 652, 1693, 1, 0, 2, 0, 0, 2, 1, 2]),
 (16, [1396, 108, 1, 0, 1, 721, 1582, 1, 0, 2, 4, 0, 2, 0, 2]),
 (16, [1108, 102, 1, 1, 1, 1837, 1158, 0, 1, 2, 3, 1, 1, 1, 0]),
 (16, [1085, 48, 1, 0, 0, 1827, 832, 0, 1, 0, 0, 1, 1, 2, 1]),
 (16, [1004, 71, 0, 1, 0, 1016, 1186, 0, 0, 1, 0, 1, 1, 2, 2]),
 (16, [943, 104, 0, 0, 1, 1878, 1199, 0, 0, 0, 4, 1, 2, 1, 1]),
 (16, [797, 37, 1, 1, 1, 1763, 1403, 0, 0, 1, 0, 1, 1, 1, 0]),
 (16, [734, 65, 1, 0, 0, 570, 1599, 1, 1, 0, 4, 0, 2, 0, 2]),
 (12, [1927, 27, 1, 1, 1, 1447, 959, 0, 1, 0, 0, 0, 1, 1, 2]),
 (12, [1626, 73, 0, 1, 1, 1295, 1700, 0, 0, 0, 3, 1, 2, 2, 1]),
 (12, [1596, 65, 0, 1, 1, 1718, 806, 1, 0, 0, 1, 1, 2, 1, 2]),
 (12, [988, 49, 0, 0, 0, 930, 1935, 1, 0, 0, 1, 0, 2, 2, 0]),
 (12, [690, 107, 0, 1, 0, 1196, 1637, 1, 0, 1, 1, 0, 1, 2, 1]),
 (12, [598, 54, 0, 1, 1, 1505, 1911, 1, 0, 1, 4, 1, 2, 0, 0])]
Elapsed time is 535.112664 seconds.
