 * Manually resetting nginx to stopped state
 * Manually resetting nginx to stopped state
 * Manually resetting nginx to stopped state
 * Manually resetting nginx to stopped state
 * Manually resetting nginx to stopped state
 * Manually resetting nginx to stopped state
 * Manually resetting nginx to stopped state
 * Manually resetting nginx to stopped state
 * Manually resetting nginx to stopped state
 * Manually resetting nginx to stopped state
 * Manually resetting nginx to stopped state
 * Manually resetting nginx to stopped state
 * Manually resetting nginx to stopped state
 * Manually resetting nginx to stopped state
 * Manually resetting nginx to stopped state
 * Manually resetting nginx to stopped state
 * Manually resetting nginx to stopped state
 * Manually resetting nginx to stopped state
 * Manually resetting nginx to stopped state
 * Manually resetting nginx to stopped state
 * Manually resetting nginx to stopped state
 * Manually resetting nginx to stopped state
 * Manually resetting nginx to stopped state
genes: 15
individuals : 32
pressure: 5
mutation_chance: 0
generations: 15
crossover_type: 1
mutation_type_random: 1
Alerts:
16
Alerts:
16
Alerts:
12
Alerts:
16
Alerts:
12
Alerts:
12
Alerts:
33
Alerts:
12
Alerts:
16
Alerts:
16
Alerts:
16
Alerts:
12
Alerts:
16
Alerts:
12
Alerts:
16
Alerts:
12
Alerts:
12
Alerts:
16
Alerts:
12
Alerts:
16
Alerts:
16
Alerts:
12
Alerts:
16
population
[(16, [763, 79, 0, 0, 0, 1667, 2025, 1, 1, 1, 3, 1, 0, 1, 1]),
 (16, [668, 14, 1, 1, 1, 716, 745, 0, 1, 1, 4, 0, 1, 2, 0]),
 (12, [1923, 87, 1, 1, 1, 790, 1447, 0, 0, 2, 3, 0, 1, 0, 0]),
 (16, [1883, 30, 0, 0, 1, 2039, 1627, 1, 1, 1, 3, 1, 2, 2, 0]),
 (12, [2031, 42, 1, 1, 0, 1009, 1394, 1, 1, 2, 3, 1, 2, 2, 0]),
 (12, [595, 112, 1, 1, 0, 691, 1882, 0, 0, 1, 4, 0, 0, 1, 2]),
 (999, [1076, 80, 0, 0, 1, 990, 2005, 1, 0, 3, 4, 0, 0, 0, 0]),
 (33, [1689, 118, 0, 0, 0, 583, 1762, 0, 0, 2, 4, 0, 0, 2, 0]),
 (12, [1401, 92, 0, 1, 0, 1104, 728, 0, 0, 1, 3, 0, 0, 0, 0]),
 (999, [1662, 82, 1, 1, 1, 935, 1512, 1, 1, 2, 5, 1, 2, 2, 1]),
 (999, [1328, 101, 1, 1, 1, 1497, 1543, 1, 0, 2, 5, 1, 1, 2, 0]),
 (999, [1846, 75, 0, 0, 1, 545, 942, 1, 1, 3, 3, 1, 2, 1, 0]),
 (16, [659, 45, 1, 1, 1, 1199, 697, 0, 0, 2, 1, 1, 0, 2, 0]),
 (999, [1092, 55, 1, 0, 0, 1502, 1428, 0, 1, 3, 0, 0, 2, 1, 1]),
 (16, [1281, 18, 0, 1, 0, 1274, 1582, 0, 0, 2, 3, 0, 0, 1, 0]),
 (16, [1078, 15, 0, 0, 0, 1880, 809, 0, 0, 0, 3, 0, 0, 2, 2]),
 (12, [1720, 95, 0, 0, 0, 1344, 1813, 1, 0, 0, 0, 0, 2, 2, 2]),
 (16, [1645, 62, 0, 0, 0, 1656, 918, 1, 1, 2, 2, 0, 0, 1, 2]),
 (999, [1054, 68, 1, 1, 1, 1938, 1372, 1, 1, 3, 3, 0, 0, 1, 2]),
 (12, [1445, 118, 1, 1, 1, 1950, 676, 1, 1, 1, 2, 0, 2, 2, 2]),
 (16, [1964, 79, 1, 1, 1, 1172, 519, 1, 1, 0, 1, 0, 2, 1, 0]),
 (12, [646, 109, 0, 1, 1, 1010, 1594, 0, 1, 1, 4, 0, 0, 0, 0]),
 (12, [1388, 90, 1, 0, 0, 1886, 953, 0, 1, 1, 1, 0, 0, 0, 1]),
 (16, [1003, 99, 1, 1, 1, 778, 1472, 1, 1, 0, 4, 1, 0, 0, 0]),
 (12, [1960, 16, 0, 0, 0, 1635, 716, 0, 1, 1, 0, 0, 0, 2, 0]),
 (999, [1454, 83, 1, 0, 0, 1030, 798, 0, 1, 2, 5, 0, 1, 0, 0]),
 (16, [1288, 25, 0, 1, 1, 1900, 1926, 1, 1, 2, 2, 1, 1, 2, 2]),
 (16, [1975, 114, 0, 0, 1, 1890, 687, 0, 1, 2, 0, 1, 1, 0, 0]),
 (999, [951, 46, 0, 0, 1, 978, 1842, 0, 0, 3, 4, 1, 0, 0, 1]),
 (12, [591, 100, 0, 0, 1, 1847, 1400, 0, 1, 2, 4, 0, 1, 1, 1]),
 (999, [624, 33, 1, 1, 1, 1778, 643, 1, 1, 1, 5, 0, 0, 0, 0]),
 (16, [1778, 69, 0, 0, 0, 739, 1337, 1, 0, 1, 2, 1, 0, 2, 0])]
scored
[(12, [591, 100, 0, 0, 1, 1847, 1400, 0, 1, 2, 4, 0, 1, 1, 1]),
 (12, [595, 112, 1, 1, 0, 691, 1882, 0, 0, 1, 4, 0, 0, 1, 2]),
 (12, [646, 109, 0, 1, 1, 1010, 1594, 0, 1, 1, 4, 0, 0, 0, 0]),
 (12, [1388, 90, 1, 0, 0, 1886, 953, 0, 1, 1, 1, 0, 0, 0, 1]),
 (12, [1401, 92, 0, 1, 0, 1104, 728, 0, 0, 1, 3, 0, 0, 0, 0]),
 (12, [1445, 118, 1, 1, 1, 1950, 676, 1, 1, 1, 2, 0, 2, 2, 2]),
 (12, [1720, 95, 0, 0, 0, 1344, 1813, 1, 0, 0, 0, 0, 2, 2, 2]),
 (12, [1923, 87, 1, 1, 1, 790, 1447, 0, 0, 2, 3, 0, 1, 0, 0]),
 (12, [1960, 16, 0, 0, 0, 1635, 716, 0, 1, 1, 0, 0, 0, 2, 0]),
 (12, [2031, 42, 1, 1, 0, 1009, 1394, 1, 1, 2, 3, 1, 2, 2, 0]),
 (16, [659, 45, 1, 1, 1, 1199, 697, 0, 0, 2, 1, 1, 0, 2, 0]),
 (16, [668, 14, 1, 1, 1, 716, 745, 0, 1, 1, 4, 0, 1, 2, 0]),
 (16, [763, 79, 0, 0, 0, 1667, 2025, 1, 1, 1, 3, 1, 0, 1, 1]),
 (16, [1003, 99, 1, 1, 1, 778, 1472, 1, 1, 0, 4, 1, 0, 0, 0]),
 (16, [1078, 15, 0, 0, 0, 1880, 809, 0, 0, 0, 3, 0, 0, 2, 2]),
 (16, [1281, 18, 0, 1, 0, 1274, 1582, 0, 0, 2, 3, 0, 0, 1, 0]),
 (16, [1288, 25, 0, 1, 1, 1900, 1926, 1, 1, 2, 2, 1, 1, 2, 2]),
 (16, [1645, 62, 0, 0, 0, 1656, 918, 1, 1, 2, 2, 0, 0, 1, 2]),
 (16, [1778, 69, 0, 0, 0, 739, 1337, 1, 0, 1, 2, 1, 0, 2, 0]),
 (16, [1883, 30, 0, 0, 1, 2039, 1627, 1, 1, 1, 3, 1, 2, 2, 0]),
 (16, [1964, 79, 1, 1, 1, 1172, 519, 1, 1, 0, 1, 0, 2, 1, 0]),
 (16, [1975, 114, 0, 0, 1, 1890, 687, 0, 1, 2, 0, 1, 1, 0, 0]),
 (33, [1689, 118, 0, 0, 0, 583, 1762, 0, 0, 2, 4, 0, 0, 2, 0]),
 (999, [624, 33, 1, 1, 1, 1778, 643, 1, 1, 1, 5, 0, 0, 0, 0]),
 (999, [951, 46, 0, 0, 1, 978, 1842, 0, 0, 3, 4, 1, 0, 0, 1]),
 (999, [1054, 68, 1, 1, 1, 1938, 1372, 1, 1, 3, 3, 0, 0, 1, 2]),
 (999, [1076, 80, 0, 0, 1, 990, 2005, 1, 0, 3, 4, 0, 0, 0, 0]),
 (999, [1092, 55, 1, 0, 0, 1502, 1428, 0, 1, 3, 0, 0, 2, 1, 1]),
 (999, [1328, 101, 1, 1, 1, 1497, 1543, 1, 0, 2, 5, 1, 1, 2, 0]),
 (999, [1454, 83, 1, 0, 0, 1030, 798, 0, 1, 2, 5, 0, 1, 0, 0]),
 (999, [1662, 82, 1, 1, 1, 935, 1512, 1, 1, 2, 5, 1, 2, 2, 1]),
 (999, [1846, 75, 0, 0, 1, 545, 942, 1, 1, 3, 3, 1, 2, 1, 0])]
Selected
[(12, [595, 112, 1, 1, 0, 691, 1882, 0, 0, 1, 4, 0, 0, 1, 2]),
 (12, [646, 109, 0, 1, 1, 1010, 1594, 0, 1, 1, 4, 0, 0, 0, 0]),
 (12, [1720, 95, 0, 0, 0, 1344, 1813, 1, 0, 0, 0, 0, 2, 2, 2]),
 (12, [591, 100, 0, 0, 1, 1847, 1400, 0, 1, 2, 4, 0, 1, 1, 1]),
 (12, [1923, 87, 1, 1, 1, 790, 1447, 0, 0, 2, 3, 0, 1, 0, 0]),
 (12, [595, 112, 1, 1, 0, 691, 1882, 0, 0, 1, 4, 0, 0, 1, 2]),
 (12, [646, 109, 0, 1, 1, 1010, 1594, 0, 1, 1, 4, 0, 0, 0, 0]),
 (12, [1401, 92, 0, 1, 0, 1104, 728, 0, 0, 1, 3, 0, 0, 0, 0]),
 (12, [1720, 95, 0, 0, 0, 1344, 1813, 1, 0, 0, 0, 0, 2, 2, 2]),
 (12, [595, 112, 1, 1, 0, 691, 1882, 0, 0, 1, 4, 0, 0, 1, 2]),
 (16, [1078, 15, 0, 0, 0, 1880, 809, 0, 0, 0, 3, 0, 0, 2, 2]),
 (12, [646, 109, 0, 1, 1, 1010, 1594, 0, 1, 1, 4, 0, 0, 0, 0]),
 (12, [591, 100, 0, 0, 1, 1847, 1400, 0, 1, 2, 4, 0, 1, 1, 1]),
 (12, [1388, 90, 1, 0, 0, 1886, 953, 0, 1, 1, 1, 0, 0, 0, 1]),
 (16, [1078, 15, 0, 0, 0, 1880, 809, 0, 0, 0, 3, 0, 0, 2, 2]),
 (12, [595, 112, 1, 1, 0, 691, 1882, 0, 0, 1, 4, 0, 0, 1, 2]),
 (12, [1923, 87, 1, 1, 1, 790, 1447, 0, 0, 2, 3, 0, 1, 0, 0]),
 (12, [591, 100, 0, 0, 1, 1847, 1400, 0, 1, 2, 4, 0, 1, 1, 1]),
 (12, [1388, 90, 1, 0, 0, 1886, 953, 0, 1, 1, 1, 0, 0, 0, 1]),
 (12, [591, 100, 0, 0, 1, 1847, 1400, 0, 1, 2, 4, 0, 1, 1, 1]),
 (12, [1720, 95, 0, 0, 0, 1344, 1813, 1, 0, 0, 0, 0, 2, 2, 2]),
 (12, [591, 100, 0, 0, 1, 1847, 1400, 0, 1, 2, 4, 0, 1, 1, 1]),
 (12, [595, 112, 1, 1, 0, 691, 1882, 0, 0, 1, 4, 0, 0, 1, 2]),
 (12, [1923, 87, 1, 1, 1, 790, 1447, 0, 0, 2, 3, 0, 1, 0, 0]),
 (12, [595, 112, 1, 1, 0, 691, 1882, 0, 0, 1, 4, 0, 0, 1, 2]),
 (12, [591, 100, 0, 0, 1, 1847, 1400, 0, 1, 2, 4, 0, 1, 1, 1]),
 (12, [1720, 95, 0, 0, 0, 1344, 1813, 1, 0, 0, 0, 0, 2, 2, 2])]
population
[(999, [1846, 75, 0, 0, 1, 545, 942, 1, 1, 3, 3, 1, 2, 1, 0]),
 (999, [1662, 82, 1, 1, 1, 935, 1512, 1, 1, 2, 5, 1, 2, 2, 1]),
 (999, [1454, 83, 1, 0, 0, 1030, 798, 0, 1, 2, 5, 0, 1, 0, 0]),
 (999, [1328, 101, 1, 1, 1, 1497, 1543, 1, 0, 2, 5, 1, 1, 2, 0]),
 (999, [1092, 55, 1, 0, 0, 1502, 1428, 0, 1, 3, 0, 0, 2, 1, 1]),
 (999, [1076, 80, 0, 0, 1, 990, 2005, 1, 0, 3, 4, 0, 0, 0, 0]),
 (999, [1054, 68, 1, 1, 1, 1938, 1372, 1, 1, 3, 3, 0, 0, 1, 2]),
 (999, [951, 46, 0, 0, 1, 978, 1842, 0, 0, 3, 4, 1, 0, 0, 1]),
 (999, [624, 33, 1, 1, 1, 1778, 643, 1, 1, 1, 5, 0, 0, 0, 0]),
 (33, [1689, 118, 0, 0, 0, 583, 1762, 0, 0, 2, 4, 0, 0, 2, 0]),
 (16, [1975, 114, 0, 0, 1, 1890, 687, 0, 1, 2, 0, 1, 1, 0, 0]),
 (16, [1964, 79, 1, 1, 1, 1172, 519, 1, 1, 0, 1, 0, 2, 1, 0]),
 (16, [1883, 30, 0, 0, 1, 2039, 1627, 1, 1, 1, 3, 1, 2, 2, 0]),
 (16, [1778, 69, 0, 0, 0, 739, 1337, 1, 0, 1, 2, 1, 0, 2, 0]),
 (16, [1645, 62, 0, 0, 0, 1656, 918, 1, 1, 2, 2, 0, 0, 1, 2]),
 (16, [1288, 25, 0, 1, 1, 1900, 1926, 1, 1, 2, 2, 1, 1, 2, 2]),
 (16, [1281, 18, 0, 1, 0, 1274, 1582, 0, 0, 2, 3, 0, 0, 1, 0]),
 (16, [1078, 15, 0, 0, 0, 1880, 809, 0, 0, 0, 3, 0, 0, 2, 2]),
 (16, [1003, 99, 1, 1, 1, 778, 1472, 1, 1, 0, 4, 1, 0, 0, 0]),
 (16, [763, 79, 0, 0, 0, 1667, 2025, 1, 1, 1, 3, 1, 0, 1, 1]),
 (16, [668, 14, 1, 1, 1, 716, 745, 0, 1, 1, 4, 0, 1, 2, 0]),
 (16, [659, 45, 1, 1, 1, 1199, 697, 0, 0, 2, 1, 1, 0, 2, 0]),
 (12, [2031, 42, 1, 1, 0, 1009, 1394, 1, 1, 2, 3, 1, 2, 2, 0]),
 (12, [1960, 16, 0, 0, 0, 1635, 716, 0, 1, 1, 0, 0, 0, 2, 0]),
 (12, [1923, 87, 1, 1, 1, 790, 1447, 0, 0, 2, 3, 0, 1, 0, 0]),
 (12, [1720, 95, 0, 0, 0, 1344, 1813, 1, 0, 0, 0, 0, 2, 2, 2]),
 (12, [1445, 118, 1, 1, 1, 1950, 676, 1, 1, 1, 2, 0, 2, 2, 2]),
 (12, [1401, 92, 0, 1, 0, 1104, 728, 0, 0, 1, 3, 0, 0, 0, 0]),
 (12, [1388, 90, 1, 0, 0, 1886, 953, 0, 1, 1, 1, 0, 0, 0, 1]),
 (12, [646, 109, 0, 1, 1, 1010, 1594, 0, 1, 1, 4, 0, 0, 0, 0]),
 (12, [595, 112, 1, 1, 0, 691, 1882, 0, 0, 1, 4, 0, 0, 1, 2]),
 (12, [591, 100, 0, 0, 1, 1847, 1400, 0, 1, 2, 4, 0, 1, 1, 1])]
scored
[(12, [591, 100, 0, 0, 1, 1847, 1400, 0, 1, 2, 4, 0, 1, 1, 1]),
 (12, [595, 112, 1, 1, 0, 691, 1882, 0, 0, 1, 4, 0, 0, 1, 2]),
 (12, [646, 109, 0, 1, 1, 1010, 1594, 0, 1, 1, 4, 0, 0, 0, 0]),
 (12, [1388, 90, 1, 0, 0, 1886, 953, 0, 1, 1, 1, 0, 0, 0, 1]),
 (12, [1401, 92, 0, 1, 0, 1104, 728, 0, 0, 1, 3, 0, 0, 0, 0]),
 (12, [1445, 118, 1, 1, 1, 1950, 676, 1, 1, 1, 2, 0, 2, 2, 2]),
 (12, [1720, 95, 0, 0, 0, 1344, 1813, 1, 0, 0, 0, 0, 2, 2, 2]),
 (12, [1923, 87, 1, 1, 1, 790, 1447, 0, 0, 2, 3, 0, 1, 0, 0]),
 (12, [1960, 16, 0, 0, 0, 1635, 716, 0, 1, 1, 0, 0, 0, 2, 0]),
 (12, [2031, 42, 1, 1, 0, 1009, 1394, 1, 1, 2, 3, 1, 2, 2, 0]),
 (16, [659, 45, 1, 1, 1, 1199, 697, 0, 0, 2, 1, 1, 0, 2, 0]),
 (16, [668, 14, 1, 1, 1, 716, 745, 0, 1, 1, 4, 0, 1, 2, 0]),
 (16, [763, 79, 0, 0, 0, 1667, 2025, 1, 1, 1, 3, 1, 0, 1, 1]),
 (16, [1003, 99, 1, 1, 1, 778, 1472, 1, 1, 0, 4, 1, 0, 0, 0]),
 (16, [1078, 15, 0, 0, 0, 1880, 809, 0, 0, 0, 3, 0, 0, 2, 2]),
 (16, [1281, 18, 0, 1, 0, 1274, 1582, 0, 0, 2, 3, 0, 0, 1, 0]),
 (16, [1288, 25, 0, 1, 1, 1900, 1926, 1, 1, 2, 2, 1, 1, 2, 2]),
 (16, [1645, 62, 0, 0, 0, 1656, 918, 1, 1, 2, 2, 0, 0, 1, 2]),
 (16, [1778, 69, 0, 0, 0, 739, 1337, 1, 0, 1, 2, 1, 0, 2, 0]),
 (16, [1883, 30, 0, 0, 1, 2039, 1627, 1, 1, 1, 3, 1, 2, 2, 0]),
 (16, [1964, 79, 1, 1, 1, 1172, 519, 1, 1, 0, 1, 0, 2, 1, 0]),
 (16, [1975, 114, 0, 0, 1, 1890, 687, 0, 1, 2, 0, 1, 1, 0, 0]),
 (33, [1689, 118, 0, 0, 0, 583, 1762, 0, 0, 2, 4, 0, 0, 2, 0]),
 (999, [624, 33, 1, 1, 1, 1778, 643, 1, 1, 1, 5, 0, 0, 0, 0]),
 (999, [951, 46, 0, 0, 1, 978, 1842, 0, 0, 3, 4, 1, 0, 0, 1]),
 (999, [1054, 68, 1, 1, 1, 1938, 1372, 1, 1, 3, 3, 0, 0, 1, 2]),
 (999, [1076, 80, 0, 0, 1, 990, 2005, 1, 0, 3, 4, 0, 0, 0, 0]),
 (999, [1092, 55, 1, 0, 0, 1502, 1428, 0, 1, 3, 0, 0, 2, 1, 1]),
 (999, [1328, 101, 1, 1, 1, 1497, 1543, 1, 0, 2, 5, 1, 1, 2, 0]),
 (999, [1454, 83, 1, 0, 0, 1030, 798, 0, 1, 2, 5, 0, 1, 0, 0]),
 (999, [1662, 82, 1, 1, 1, 935, 1512, 1, 1, 2, 5, 1, 2, 2, 1]),
 (999, [1846, 75, 0, 0, 1, 545, 942, 1, 1, 3, 3, 1, 2, 1, 0])]
Selected
[(12, [646, 109, 0, 1, 1, 1010, 1594, 0, 1, 1, 4, 0, 0, 0, 0]),
 (12, [591, 100, 0, 0, 1, 1847, 1400, 0, 1, 2, 4, 0, 1, 1, 1]),
 (12, [1401, 92, 0, 1, 0, 1104, 728, 0, 0, 1, 3, 0, 0, 0, 0]),
 (12, [1445, 118, 1, 1, 1, 1950, 676, 1, 1, 1, 2, 0, 2, 2, 2]),
 (12, [595, 112, 1, 1, 0, 691, 1882, 0, 0, 1, 4, 0, 0, 1, 2]),
 (12, [591, 100, 0, 0, 1, 1847, 1400, 0, 1, 2, 4, 0, 1, 1, 1]),
 (12, [595, 112, 1, 1, 0, 691, 1882, 0, 0, 1, 4, 0, 0, 1, 2]),
 (16, [1288, 25, 0, 1, 1, 1900, 1926, 1, 1, 2, 2, 1, 1, 2, 2]),
 (12, [595, 112, 1, 1, 0, 691, 1882, 0, 0, 1, 4, 0, 0, 1, 2]),
 (12, [1388, 90, 1, 0, 0, 1886, 953, 0, 1, 1, 1, 0, 0, 0, 1]),
 (12, [1388, 90, 1, 0, 0, 1886, 953, 0, 1, 1, 1, 0, 0, 0, 1]),
 (12, [1401, 92, 0, 1, 0, 1104, 728, 0, 0, 1, 3, 0, 0, 0, 0]),
 (12, [591, 100, 0, 0, 1, 1847, 1400, 0, 1, 2, 4, 0, 1, 1, 1]),
 (12, [2031, 42, 1, 1, 0, 1009, 1394, 1, 1, 2, 3, 1, 2, 2, 0]),
 (12, [1923, 87, 1, 1, 1, 790, 1447, 0, 0, 2, 3, 0, 1, 0, 0]),
 (16, [659, 45, 1, 1, 1, 1199, 697, 0, 0, 2, 1, 1, 0, 2, 0]),
 (12, [646, 109, 0, 1, 1, 1010, 1594, 0, 1, 1, 4, 0, 0, 0, 0]),
 (12, [1445, 118, 1, 1, 1, 1950, 676, 1, 1, 1, 2, 0, 2, 2, 2]),
 (12, [1720, 95, 0, 0, 0, 1344, 1813, 1, 0, 0, 0, 0, 2, 2, 2]),
 (12, [591, 100, 0, 0, 1, 1847, 1400, 0, 1, 2, 4, 0, 1, 1, 1]),
 (12, [646, 109, 0, 1, 1, 1010, 1594, 0, 1, 1, 4, 0, 0, 0, 0]),
 (12, [646, 109, 0, 1, 1, 1010, 1594, 0, 1, 1, 4, 0, 0, 0, 0]),
 (12, [591, 100, 0, 0, 1, 1847, 1400, 0, 1, 2, 4, 0, 1, 1, 1]),
 (12, [591, 100, 0, 0, 1, 1847, 1400, 0, 1, 2, 4, 0, 1, 1, 1]),
 (12, [1720, 95, 0, 0, 0, 1344, 1813, 1, 0, 0, 0, 0, 2, 2, 2]),
 (12, [1960, 16, 0, 0, 0, 1635, 716, 0, 1, 1, 0, 0, 0, 2, 0]),
 (16, [1288, 25, 0, 1, 1, 1900, 1926, 1, 1, 2, 2, 1, 1, 2, 2])]
population
[(999, [1846, 75, 0, 0, 1, 545, 942, 1, 1, 3, 3, 1, 2, 1, 0]),
 (999, [1662, 82, 1, 1, 1, 935, 1512, 1, 1, 2, 5, 1, 2, 2, 1]),
 (999, [1454, 83, 1, 0, 0, 1030, 798, 0, 1, 2, 5, 0, 1, 0, 0]),
 (999, [1328, 101, 1, 1, 1, 1497, 1543, 1, 0, 2, 5, 1, 1, 2, 0]),
 (999, [1092, 55, 1, 0, 0, 1502, 1428, 0, 1, 3, 0, 0, 2, 1, 1]),
 (999, [1076, 80, 0, 0, 1, 990, 2005, 1, 0, 3, 4, 0, 0, 0, 0]),
 (999, [1054, 68, 1, 1, 1, 1938, 1372, 1, 1, 3, 3, 0, 0, 1, 2]),
 (999, [951, 46, 0, 0, 1, 978, 1842, 0, 0, 3, 4, 1, 0, 0, 1]),
 (999, [624, 33, 1, 1, 1, 1778, 643, 1, 1, 1, 5, 0, 0, 0, 0]),
 (33, [1689, 118, 0, 0, 0, 583, 1762, 0, 0, 2, 4, 0, 0, 2, 0]),
 (16, [1975, 114, 0, 0, 1, 1890, 687, 0, 1, 2, 0, 1, 1, 0, 0]),
 (16, [1964, 79, 1, 1, 1, 1172, 519, 1, 1, 0, 1, 0, 2, 1, 0]),
 (16, [1883, 30, 0, 0, 1, 2039, 1627, 1, 1, 1, 3, 1, 2, 2, 0]),
 (16, [1778, 69, 0, 0, 0, 739, 1337, 1, 0, 1, 2, 1, 0, 2, 0]),
 (16, [1645, 62, 0, 0, 0, 1656, 918, 1, 1, 2, 2, 0, 0, 1, 2]),
 (16, [1288, 25, 0, 1, 1, 1900, 1926, 1, 1, 2, 2, 1, 1, 2, 2]),
 (16, [1281, 18, 0, 1, 0, 1274, 1582, 0, 0, 2, 3, 0, 0, 1, 0]),
 (16, [1078, 15, 0, 0, 0, 1880, 809, 0, 0, 0, 3, 0, 0, 2, 2]),
 (16, [1003, 99, 1, 1, 1, 778, 1472, 1, 1, 0, 4, 1, 0, 0, 0]),
 (16, [763, 79, 0, 0, 0, 1667, 2025, 1, 1, 1, 3, 1, 0, 1, 1]),
 (16, [668, 14, 1, 1, 1, 716, 745, 0, 1, 1, 4, 0, 1, 2, 0]),
 (16, [659, 45, 1, 1, 1, 1199, 697, 0, 0, 2, 1, 1, 0, 2, 0]),
 (12, [2031, 42, 1, 1, 0, 1009, 1394, 1, 1, 2, 3, 1, 2, 2, 0]),
 (12, [1960, 16, 0, 0, 0, 1635, 716, 0, 1, 1, 0, 0, 0, 2, 0]),
 (12, [1923, 87, 1, 1, 1, 790, 1447, 0, 0, 2, 3, 0, 1, 0, 0]),
 (12, [1720, 95, 0, 0, 0, 1344, 1813, 1, 0, 0, 0, 0, 2, 2, 2]),
 (12, [1445, 118, 1, 1, 1, 1950, 676, 1, 1, 1, 2, 0, 2, 2, 2]),
 (12, [1401, 92, 0, 1, 0, 1104, 728, 0, 0, 1, 3, 0, 0, 0, 0]),
 (12, [1388, 90, 1, 0, 0, 1886, 953, 0, 1, 1, 1, 0, 0, 0, 1]),
 (12, [646, 109, 0, 1, 1, 1010, 1594, 0, 1, 1, 4, 0, 0, 0, 0]),
 (12, [595, 112, 1, 1, 0, 691, 1882, 0, 0, 1, 4, 0, 0, 1, 2]),
 (12, [591, 100, 0, 0, 1, 1847, 1400, 0, 1, 2, 4, 0, 1, 1, 1])]
scored
[(12, [591, 100, 0, 0, 1, 1847, 1400, 0, 1, 2, 4, 0, 1, 1, 1]),
 (12, [595, 112, 1, 1, 0, 691, 1882, 0, 0, 1, 4, 0, 0, 1, 2]),
 (12, [646, 109, 0, 1, 1, 1010, 1594, 0, 1, 1, 4, 0, 0, 0, 0]),
 (12, [1388, 90, 1, 0, 0, 1886, 953, 0, 1, 1, 1, 0, 0, 0, 1]),
 (12, [1401, 92, 0, 1, 0, 1104, 728, 0, 0, 1, 3, 0, 0, 0, 0]),
 (12, [1445, 118, 1, 1, 1, 1950, 676, 1, 1, 1, 2, 0, 2, 2, 2]),
 (12, [1720, 95, 0, 0, 0, 1344, 1813, 1, 0, 0, 0, 0, 2, 2, 2]),
 (12, [1923, 87, 1, 1, 1, 790, 1447, 0, 0, 2, 3, 0, 1, 0, 0]),
 (12, [1960, 16, 0, 0, 0, 1635, 716, 0, 1, 1, 0, 0, 0, 2, 0]),
 (12, [2031, 42, 1, 1, 0, 1009, 1394, 1, 1, 2, 3, 1, 2, 2, 0]),
 (16, [659, 45, 1, 1, 1, 1199, 697, 0, 0, 2, 1, 1, 0, 2, 0]),
 (16, [668, 14, 1, 1, 1, 716, 745, 0, 1, 1, 4, 0, 1, 2, 0]),
 (16, [763, 79, 0, 0, 0, 1667, 2025, 1, 1, 1, 3, 1, 0, 1, 1]),
 (16, [1003, 99, 1, 1, 1, 778, 1472, 1, 1, 0, 4, 1, 0, 0, 0]),
 (16, [1078, 15, 0, 0, 0, 1880, 809, 0, 0, 0, 3, 0, 0, 2, 2]),
 (16, [1281, 18, 0, 1, 0, 1274, 1582, 0, 0, 2, 3, 0, 0, 1, 0]),
 (16, [1288, 25, 0, 1, 1, 1900, 1926, 1, 1, 2, 2, 1, 1, 2, 2]),
 (16, [1645, 62, 0, 0, 0, 1656, 918, 1, 1, 2, 2, 0, 0, 1, 2]),
 (16, [1778, 69, 0, 0, 0, 739, 1337, 1, 0, 1, 2, 1, 0, 2, 0]),
 (16, [1883, 30, 0, 0, 1, 2039, 1627, 1, 1, 1, 3, 1, 2, 2, 0]),
 (16, [1964, 79, 1, 1, 1, 1172, 519, 1, 1, 0, 1, 0, 2, 1, 0]),
 (16, [1975, 114, 0, 0, 1, 1890, 687, 0, 1, 2, 0, 1, 1, 0, 0]),
 (33, [1689, 118, 0, 0, 0, 583, 1762, 0, 0, 2, 4, 0, 0, 2, 0]),
 (999, [624, 33, 1, 1, 1, 1778, 643, 1, 1, 1, 5, 0, 0, 0, 0]),
 (999, [951, 46, 0, 0, 1, 978, 1842, 0, 0, 3, 4, 1, 0, 0, 1]),
 (999, [1054, 68, 1, 1, 1, 1938, 1372, 1, 1, 3, 3, 0, 0, 1, 2]),
 (999, [1076, 80, 0, 0, 1, 990, 2005, 1, 0, 3, 4, 0, 0, 0, 0]),
 (999, [1092, 55, 1, 0, 0, 1502, 1428, 0, 1, 3, 0, 0, 2, 1, 1]),
 (999, [1328, 101, 1, 1, 1, 1497, 1543, 1, 0, 2, 5, 1, 1, 2, 0]),
 (999, [1454, 83, 1, 0, 0, 1030, 798, 0, 1, 2, 5, 0, 1, 0, 0]),
 (999, [1662, 82, 1, 1, 1, 935, 1512, 1, 1, 2, 5, 1, 2, 2, 1]),
 (999, [1846, 75, 0, 0, 1, 545, 942, 1, 1, 3, 3, 1, 2, 1, 0])]
Selected
[(16, [1778, 69, 0, 0, 0, 739, 1337, 1, 0, 1, 2, 1, 0, 2, 0]),
 (12, [1720, 95, 0, 0, 0, 1344, 1813, 1, 0, 0, 0, 0, 2, 2, 2]),
 (12, [595, 112, 1, 1, 0, 691, 1882, 0, 0, 1, 4, 0, 0, 1, 2]),
 (12, [1445, 118, 1, 1, 1, 1950, 676, 1, 1, 1, 2, 0, 2, 2, 2]),
 (12, [591, 100, 0, 0, 1, 1847, 1400, 0, 1, 2, 4, 0, 1, 1, 1]),
 (12, [591, 100, 0, 0, 1, 1847, 1400, 0, 1, 2, 4, 0, 1, 1, 1]),
 (12, [1445, 118, 1, 1, 1, 1950, 676, 1, 1, 1, 2, 0, 2, 2, 2]),
 (12, [1388, 90, 1, 0, 0, 1886, 953, 0, 1, 1, 1, 0, 0, 0, 1]),
 (12, [595, 112, 1, 1, 0, 691, 1882, 0, 0, 1, 4, 0, 0, 1, 2]),
 (12, [646, 109, 0, 1, 1, 1010, 1594, 0, 1, 1, 4, 0, 0, 0, 0]),
 (12, [646, 109, 0, 1, 1, 1010, 1594, 0, 1, 1, 4, 0, 0, 0, 0]),
 (16, [1078, 15, 0, 0, 0, 1880, 809, 0, 0, 0, 3, 0, 0, 2, 2]),
 (12, [595, 112, 1, 1, 0, 691, 1882, 0, 0, 1, 4, 0, 0, 1, 2]),
 (12, [591, 100, 0, 0, 1, 1847, 1400, 0, 1, 2, 4, 0, 1, 1, 1]),
 (12, [591, 100, 0, 0, 1, 1847, 1400, 0, 1, 2, 4, 0, 1, 1, 1]),
 (12, [1720, 95, 0, 0, 0, 1344, 1813, 1, 0, 0, 0, 0, 2, 2, 2]),
 (12, [591, 100, 0, 0, 1, 1847, 1400, 0, 1, 2, 4, 0, 1, 1, 1]),
 (12, [1720, 95, 0, 0, 0, 1344, 1813, 1, 0, 0, 0, 0, 2, 2, 2]),
 (12, [1923, 87, 1, 1, 1, 790, 1447, 0, 0, 2, 3, 0, 1, 0, 0]),
 (12, [591, 100, 0, 0, 1, 1847, 1400, 0, 1, 2, 4, 0, 1, 1, 1]),
 (12, [1960, 16, 0, 0, 0, 1635, 716, 0, 1, 1, 0, 0, 0, 2, 0]),
 (12, [2031, 42, 1, 1, 0, 1009, 1394, 1, 1, 2, 3, 1, 2, 2, 0]),
 (12, [591, 100, 0, 0, 1, 1847, 1400, 0, 1, 2, 4, 0, 1, 1, 1]),
 (12, [1401, 92, 0, 1, 0, 1104, 728, 0, 0, 1, 3, 0, 0, 0, 0]),
 (12, [1401, 92, 0, 1, 0, 1104, 728, 0, 0, 1, 3, 0, 0, 0, 0]),
 (12, [1923, 87, 1, 1, 1, 790, 1447, 0, 0, 2, 3, 0, 1, 0, 0]),
 (12, [595, 112, 1, 1, 0, 691, 1882, 0, 0, 1, 4, 0, 0, 1, 2])]
population
[(999, [1846, 75, 0, 0, 1, 545, 942, 1, 1, 3, 3, 1, 2, 1, 0]),
 (999, [1662, 82, 1, 1, 1, 935, 1512, 1, 1, 2, 5, 1, 2, 2, 1]),
 (999, [1454, 83, 1, 0, 0, 1030, 798, 0, 1, 2, 5, 0, 1, 0, 0]),
 (999, [1328, 101, 1, 1, 1, 1497, 1543, 1, 0, 2, 5, 1, 1, 2, 0]),
 (999, [1092, 55, 1, 0, 0, 1502, 1428, 0, 1, 3, 0, 0, 2, 1, 1]),
 (999, [1076, 80, 0, 0, 1, 990, 2005, 1, 0, 3, 4, 0, 0, 0, 0]),
 (999, [1054, 68, 1, 1, 1, 1938, 1372, 1, 1, 3, 3, 0, 0, 1, 2]),
 (999, [951, 46, 0, 0, 1, 978, 1842, 0, 0, 3, 4, 1, 0, 0, 1]),
 (999, [624, 33, 1, 1, 1, 1778, 643, 1, 1, 1, 5, 0, 0, 0, 0]),
 (33, [1689, 118, 0, 0, 0, 583, 1762, 0, 0, 2, 4, 0, 0, 2, 0]),
 (16, [1975, 114, 0, 0, 1, 1890, 687, 0, 1, 2, 0, 1, 1, 0, 0]),
 (16, [1964, 79, 1, 1, 1, 1172, 519, 1, 1, 0, 1, 0, 2, 1, 0]),
 (16, [1883, 30, 0, 0, 1, 2039, 1627, 1, 1, 1, 3, 1, 2, 2, 0]),
 (16, [1778, 69, 0, 0, 0, 739, 1337, 1, 0, 1, 2, 1, 0, 2, 0]),
 (16, [1645, 62, 0, 0, 0, 1656, 918, 1, 1, 2, 2, 0, 0, 1, 2]),
 (16, [1288, 25, 0, 1, 1, 1900, 1926, 1, 1, 2, 2, 1, 1, 2, 2]),
 (16, [1281, 18, 0, 1, 0, 1274, 1582, 0, 0, 2, 3, 0, 0, 1, 0]),
 (16, [1078, 15, 0, 0, 0, 1880, 809, 0, 0, 0, 3, 0, 0, 2, 2]),
 (16, [1003, 99, 1, 1, 1, 778, 1472, 1, 1, 0, 4, 1, 0, 0, 0]),
 (16, [763, 79, 0, 0, 0, 1667, 2025, 1, 1, 1, 3, 1, 0, 1, 1]),
 (16, [668, 14, 1, 1, 1, 716, 745, 0, 1, 1, 4, 0, 1, 2, 0]),
 (16, [659, 45, 1, 1, 1, 1199, 697, 0, 0, 2, 1, 1, 0, 2, 0]),
 (12, [2031, 42, 1, 1, 0, 1009, 1394, 1, 1, 2, 3, 1, 2, 2, 0]),
 (12, [1960, 16, 0, 0, 0, 1635, 716, 0, 1, 1, 0, 0, 0, 2, 0]),
 (12, [1923, 87, 1, 1, 1, 790, 1447, 0, 0, 2, 3, 0, 1, 0, 0]),
 (12, [1720, 95, 0, 0, 0, 1344, 1813, 1, 0, 0, 0, 0, 2, 2, 2]),
 (12, [1445, 118, 1, 1, 1, 1950, 676, 1, 1, 1, 2, 0, 2, 2, 2]),
 (12, [1401, 92, 0, 1, 0, 1104, 728, 0, 0, 1, 3, 0, 0, 0, 0]),
 (12, [1388, 90, 1, 0, 0, 1886, 953, 0, 1, 1, 1, 0, 0, 0, 1]),
 (12, [646, 109, 0, 1, 1, 1010, 1594, 0, 1, 1, 4, 0, 0, 0, 0]),
 (12, [595, 112, 1, 1, 0, 691, 1882, 0, 0, 1, 4, 0, 0, 1, 2]),
 (12, [591, 100, 0, 0, 1, 1847, 1400, 0, 1, 2, 4, 0, 1, 1, 1])]
scored
[(12, [591, 100, 0, 0, 1, 1847, 1400, 0, 1, 2, 4, 0, 1, 1, 1]),
 (12, [595, 112, 1, 1, 0, 691, 1882, 0, 0, 1, 4, 0, 0, 1, 2]),
 (12, [646, 109, 0, 1, 1, 1010, 1594, 0, 1, 1, 4, 0, 0, 0, 0]),
 (12, [1388, 90, 1, 0, 0, 1886, 953, 0, 1, 1, 1, 0, 0, 0, 1]),
 (12, [1401, 92, 0, 1, 0, 1104, 728, 0, 0, 1, 3, 0, 0, 0, 0]),
 (12, [1445, 118, 1, 1, 1, 1950, 676, 1, 1, 1, 2, 0, 2, 2, 2]),
 (12, [1720, 95, 0, 0, 0, 1344, 1813, 1, 0, 0, 0, 0, 2, 2, 2]),
 (12, [1923, 87, 1, 1, 1, 790, 1447, 0, 0, 2, 3, 0, 1, 0, 0]),
 (12, [1960, 16, 0, 0, 0, 1635, 716, 0, 1, 1, 0, 0, 0, 2, 0]),
 (12, [2031, 42, 1, 1, 0, 1009, 1394, 1, 1, 2, 3, 1, 2, 2, 0]),
 (16, [659, 45, 1, 1, 1, 1199, 697, 0, 0, 2, 1, 1, 0, 2, 0]),
 (16, [668, 14, 1, 1, 1, 716, 745, 0, 1, 1, 4, 0, 1, 2, 0]),
 (16, [763, 79, 0, 0, 0, 1667, 2025, 1, 1, 1, 3, 1, 0, 1, 1]),
 (16, [1003, 99, 1, 1, 1, 778, 1472, 1, 1, 0, 4, 1, 0, 0, 0]),
 (16, [1078, 15, 0, 0, 0, 1880, 809, 0, 0, 0, 3, 0, 0, 2, 2]),
 (16, [1281, 18, 0, 1, 0, 1274, 1582, 0, 0, 2, 3, 0, 0, 1, 0]),
 (16, [1288, 25, 0, 1, 1, 1900, 1926, 1, 1, 2, 2, 1, 1, 2, 2]),
 (16, [1645, 62, 0, 0, 0, 1656, 918, 1, 1, 2, 2, 0, 0, 1, 2]),
 (16, [1778, 69, 0, 0, 0, 739, 1337, 1, 0, 1, 2, 1, 0, 2, 0]),
 (16, [1883, 30, 0, 0, 1, 2039, 1627, 1, 1, 1, 3, 1, 2, 2, 0]),
 (16, [1964, 79, 1, 1, 1, 1172, 519, 1, 1, 0, 1, 0, 2, 1, 0]),
 (16, [1975, 114, 0, 0, 1, 1890, 687, 0, 1, 2, 0, 1, 1, 0, 0]),
 (33, [1689, 118, 0, 0, 0, 583, 1762, 0, 0, 2, 4, 0, 0, 2, 0]),
 (999, [624, 33, 1, 1, 1, 1778, 643, 1, 1, 1, 5, 0, 0, 0, 0]),
 (999, [951, 46, 0, 0, 1, 978, 1842, 0, 0, 3, 4, 1, 0, 0, 1]),
 (999, [1054, 68, 1, 1, 1, 1938, 1372, 1, 1, 3, 3, 0, 0, 1, 2]),
 (999, [1076, 80, 0, 0, 1, 990, 2005, 1, 0, 3, 4, 0, 0, 0, 0]),
 (999, [1092, 55, 1, 0, 0, 1502, 1428, 0, 1, 3, 0, 0, 2, 1, 1]),
 (999, [1328, 101, 1, 1, 1, 1497, 1543, 1, 0, 2, 5, 1, 1, 2, 0]),
 (999, [1454, 83, 1, 0, 0, 1030, 798, 0, 1, 2, 5, 0, 1, 0, 0]),
 (999, [1662, 82, 1, 1, 1, 935, 1512, 1, 1, 2, 5, 1, 2, 2, 1]),
 (999, [1846, 75, 0, 0, 1, 545, 942, 1, 1, 3, 3, 1, 2, 1, 0])]
Selected
[(12, [1960, 16, 0, 0, 0, 1635, 716, 0, 1, 1, 0, 0, 0, 2, 0]),
 (12, [646, 109, 0, 1, 1, 1010, 1594, 0, 1, 1, 4, 0, 0, 0, 0]),
 (12, [591, 100, 0, 0, 1, 1847, 1400, 0, 1, 2, 4, 0, 1, 1, 1]),
 (12, [646, 109, 0, 1, 1, 1010, 1594, 0, 1, 1, 4, 0, 0, 0, 0]),
 (12, [1401, 92, 0, 1, 0, 1104, 728, 0, 0, 1, 3, 0, 0, 0, 0]),
 (12, [1388, 90, 1, 0, 0, 1886, 953, 0, 1, 1, 1, 0, 0, 0, 1]),
 (12, [1923, 87, 1, 1, 1, 790, 1447, 0, 0, 2, 3, 0, 1, 0, 0]),
 (12, [591, 100, 0, 0, 1, 1847, 1400, 0, 1, 2, 4, 0, 1, 1, 1]),
 (12, [595, 112, 1, 1, 0, 691, 1882, 0, 0, 1, 4, 0, 0, 1, 2]),
 (12, [1923, 87, 1, 1, 1, 790, 1447, 0, 0, 2, 3, 0, 1, 0, 0]),
 (12, [1401, 92, 0, 1, 0, 1104, 728, 0, 0, 1, 3, 0, 0, 0, 0]),
 (12, [595, 112, 1, 1, 0, 691, 1882, 0, 0, 1, 4, 0, 0, 1, 2]),
 (16, [668, 14, 1, 1, 1, 716, 745, 0, 1, 1, 4, 0, 1, 2, 0]),
 (16, [659, 45, 1, 1, 1, 1199, 697, 0, 0, 2, 1, 1, 0, 2, 0]),
 (12, [1445, 118, 1, 1, 1, 1950, 676, 1, 1, 1, 2, 0, 2, 2, 2]),
 (12, [1923, 87, 1, 1, 1, 790, 1447, 0, 0, 2, 3, 0, 1, 0, 0]),
 (12, [646, 109, 0, 1, 1, 1010, 1594, 0, 1, 1, 4, 0, 0, 0, 0]),
 (12, [646, 109, 0, 1, 1, 1010, 1594, 0, 1, 1, 4, 0, 0, 0, 0]),
 (16, [1078, 15, 0, 0, 0, 1880, 809, 0, 0, 0, 3, 0, 0, 2, 2]),
 (12, [646, 109, 0, 1, 1, 1010, 1594, 0, 1, 1, 4, 0, 0, 0, 0]),
 (12, [591, 100, 0, 0, 1, 1847, 1400, 0, 1, 2, 4, 0, 1, 1, 1]),
 (12, [1960, 16, 0, 0, 0, 1635, 716, 0, 1, 1, 0, 0, 0, 2, 0]),
 (12, [1401, 92, 0, 1, 0, 1104, 728, 0, 0, 1, 3, 0, 0, 0, 0]),
 (16, [668, 14, 1, 1, 1, 716, 745, 0, 1, 1, 4, 0, 1, 2, 0]),
 (12, [595, 112, 1, 1, 0, 691, 1882, 0, 0, 1, 4, 0, 0, 1, 2]),
 (12, [1720, 95, 0, 0, 0, 1344, 1813, 1, 0, 0, 0, 0, 2, 2, 2]),
 (12, [646, 109, 0, 1, 1, 1010, 1594, 0, 1, 1, 4, 0, 0, 0, 0])]
population
[(999, [1846, 75, 0, 0, 1, 545, 942, 1, 1, 3, 3, 1, 2, 1, 0]),
 (999, [1662, 82, 1, 1, 1, 935, 1512, 1, 1, 2, 5, 1, 2, 2, 1]),
 (999, [1454, 83, 1, 0, 0, 1030, 798, 0, 1, 2, 5, 0, 1, 0, 0]),
 (999, [1328, 101, 1, 1, 1, 1497, 1543, 1, 0, 2, 5, 1, 1, 2, 0]),
 (999, [1092, 55, 1, 0, 0, 1502, 1428, 0, 1, 3, 0, 0, 2, 1, 1]),
 (999, [1076, 80, 0, 0, 1, 990, 2005, 1, 0, 3, 4, 0, 0, 0, 0]),
 (999, [1054, 68, 1, 1, 1, 1938, 1372, 1, 1, 3, 3, 0, 0, 1, 2]),
 (999, [951, 46, 0, 0, 1, 978, 1842, 0, 0, 3, 4, 1, 0, 0, 1]),
 (999, [624, 33, 1, 1, 1, 1778, 643, 1, 1, 1, 5, 0, 0, 0, 0]),
 (33, [1689, 118, 0, 0, 0, 583, 1762, 0, 0, 2, 4, 0, 0, 2, 0]),
 (16, [1975, 114, 0, 0, 1, 1890, 687, 0, 1, 2, 0, 1, 1, 0, 0]),
 (16, [1964, 79, 1, 1, 1, 1172, 519, 1, 1, 0, 1, 0, 2, 1, 0]),
 (16, [1883, 30, 0, 0, 1, 2039, 1627, 1, 1, 1, 3, 1, 2, 2, 0]),
 (16, [1778, 69, 0, 0, 0, 739, 1337, 1, 0, 1, 2, 1, 0, 2, 0]),
 (16, [1645, 62, 0, 0, 0, 1656, 918, 1, 1, 2, 2, 0, 0, 1, 2]),
 (16, [1288, 25, 0, 1, 1, 1900, 1926, 1, 1, 2, 2, 1, 1, 2, 2]),
 (16, [1281, 18, 0, 1, 0, 1274, 1582, 0, 0, 2, 3, 0, 0, 1, 0]),
 (16, [1078, 15, 0, 0, 0, 1880, 809, 0, 0, 0, 3, 0, 0, 2, 2]),
 (16, [1003, 99, 1, 1, 1, 778, 1472, 1, 1, 0, 4, 1, 0, 0, 0]),
 (16, [763, 79, 0, 0, 0, 1667, 2025, 1, 1, 1, 3, 1, 0, 1, 1]),
 (16, [668, 14, 1, 1, 1, 716, 745, 0, 1, 1, 4, 0, 1, 2, 0]),
 (16, [659, 45, 1, 1, 1, 1199, 697, 0, 0, 2, 1, 1, 0, 2, 0]),
 (12, [2031, 42, 1, 1, 0, 1009, 1394, 1, 1, 2, 3, 1, 2, 2, 0]),
 (12, [1960, 16, 0, 0, 0, 1635, 716, 0, 1, 1, 0, 0, 0, 2, 0]),
 (12, [1923, 87, 1, 1, 1, 790, 1447, 0, 0, 2, 3, 0, 1, 0, 0]),
 (12, [1720, 95, 0, 0, 0, 1344, 1813, 1, 0, 0, 0, 0, 2, 2, 2]),
 (12, [1445, 118, 1, 1, 1, 1950, 676, 1, 1, 1, 2, 0, 2, 2, 2]),
 (12, [1401, 92, 0, 1, 0, 1104, 728, 0, 0, 1, 3, 0, 0, 0, 0]),
 (12, [1388, 90, 1, 0, 0, 1886, 953, 0, 1, 1, 1, 0, 0, 0, 1]),
 (12, [646, 109, 0, 1, 1, 1010, 1594, 0, 1, 1, 4, 0, 0, 0, 0]),
 (12, [595, 112, 1, 1, 0, 691, 1882, 0, 0, 1, 4, 0, 0, 1, 2]),
 (12, [591, 100, 0, 0, 1, 1847, 1400, 0, 1, 2, 4, 0, 1, 1, 1])]
scored
[(12, [591, 100, 0, 0, 1, 1847, 1400, 0, 1, 2, 4, 0, 1, 1, 1]),
 (12, [595, 112, 1, 1, 0, 691, 1882, 0, 0, 1, 4, 0, 0, 1, 2]),
 (12, [646, 109, 0, 1, 1, 1010, 1594, 0, 1, 1, 4, 0, 0, 0, 0]),
 (12, [1388, 90, 1, 0, 0, 1886, 953, 0, 1, 1, 1, 0, 0, 0, 1]),
 (12, [1401, 92, 0, 1, 0, 1104, 728, 0, 0, 1, 3, 0, 0, 0, 0]),
 (12, [1445, 118, 1, 1, 1, 1950, 676, 1, 1, 1, 2, 0, 2, 2, 2]),
 (12, [1720, 95, 0, 0, 0, 1344, 1813, 1, 0, 0, 0, 0, 2, 2, 2]),
 (12, [1923, 87, 1, 1, 1, 790, 1447, 0, 0, 2, 3, 0, 1, 0, 0]),
 (12, [1960, 16, 0, 0, 0, 1635, 716, 0, 1, 1, 0, 0, 0, 2, 0]),
 (12, [2031, 42, 1, 1, 0, 1009, 1394, 1, 1, 2, 3, 1, 2, 2, 0]),
 (16, [659, 45, 1, 1, 1, 1199, 697, 0, 0, 2, 1, 1, 0, 2, 0]),
 (16, [668, 14, 1, 1, 1, 716, 745, 0, 1, 1, 4, 0, 1, 2, 0]),
 (16, [763, 79, 0, 0, 0, 1667, 2025, 1, 1, 1, 3, 1, 0, 1, 1]),
 (16, [1003, 99, 1, 1, 1, 778, 1472, 1, 1, 0, 4, 1, 0, 0, 0]),
 (16, [1078, 15, 0, 0, 0, 1880, 809, 0, 0, 0, 3, 0, 0, 2, 2]),
 (16, [1281, 18, 0, 1, 0, 1274, 1582, 0, 0, 2, 3, 0, 0, 1, 0]),
 (16, [1288, 25, 0, 1, 1, 1900, 1926, 1, 1, 2, 2, 1, 1, 2, 2]),
 (16, [1645, 62, 0, 0, 0, 1656, 918, 1, 1, 2, 2, 0, 0, 1, 2]),
 (16, [1778, 69, 0, 0, 0, 739, 1337, 1, 0, 1, 2, 1, 0, 2, 0]),
 (16, [1883, 30, 0, 0, 1, 2039, 1627, 1, 1, 1, 3, 1, 2, 2, 0]),
 (16, [1964, 79, 1, 1, 1, 1172, 519, 1, 1, 0, 1, 0, 2, 1, 0]),
 (16, [1975, 114, 0, 0, 1, 1890, 687, 0, 1, 2, 0, 1, 1, 0, 0]),
 (33, [1689, 118, 0, 0, 0, 583, 1762, 0, 0, 2, 4, 0, 0, 2, 0]),
 (999, [624, 33, 1, 1, 1, 1778, 643, 1, 1, 1, 5, 0, 0, 0, 0]),
 (999, [951, 46, 0, 0, 1, 978, 1842, 0, 0, 3, 4, 1, 0, 0, 1]),
 (999, [1054, 68, 1, 1, 1, 1938, 1372, 1, 1, 3, 3, 0, 0, 1, 2]),
 (999, [1076, 80, 0, 0, 1, 990, 2005, 1, 0, 3, 4, 0, 0, 0, 0]),
 (999, [1092, 55, 1, 0, 0, 1502, 1428, 0, 1, 3, 0, 0, 2, 1, 1]),
 (999, [1328, 101, 1, 1, 1, 1497, 1543, 1, 0, 2, 5, 1, 1, 2, 0]),
 (999, [1454, 83, 1, 0, 0, 1030, 798, 0, 1, 2, 5, 0, 1, 0, 0]),
 (999, [1662, 82, 1, 1, 1, 935, 1512, 1, 1, 2, 5, 1, 2, 2, 1]),
 (999, [1846, 75, 0, 0, 1, 545, 942, 1, 1, 3, 3, 1, 2, 1, 0])]
Selected
[(12, [1401, 92, 0, 1, 0, 1104, 728, 0, 0, 1, 3, 0, 0, 0, 0]),
 (12, [591, 100, 0, 0, 1, 1847, 1400, 0, 1, 2, 4, 0, 1, 1, 1]),
 (12, [595, 112, 1, 1, 0, 691, 1882, 0, 0, 1, 4, 0, 0, 1, 2]),
 (12, [591, 100, 0, 0, 1, 1847, 1400, 0, 1, 2, 4, 0, 1, 1, 1]),
 (12, [1720, 95, 0, 0, 0, 1344, 1813, 1, 0, 0, 0, 0, 2, 2, 2]),
 (12, [595, 112, 1, 1, 0, 691, 1882, 0, 0, 1, 4, 0, 0, 1, 2]),
 (12, [1720, 95, 0, 0, 0, 1344, 1813, 1, 0, 0, 0, 0, 2, 2, 2]),
 (12, [1388, 90, 1, 0, 0, 1886, 953, 0, 1, 1, 1, 0, 0, 0, 1]),
 (12, [1960, 16, 0, 0, 0, 1635, 716, 0, 1, 1, 0, 0, 0, 2, 0]),
 (12, [1388, 90, 1, 0, 0, 1886, 953, 0, 1, 1, 1, 0, 0, 0, 1]),
 (12, [595, 112, 1, 1, 0, 691, 1882, 0, 0, 1, 4, 0, 0, 1, 2]),
 (12, [595, 112, 1, 1, 0, 691, 1882, 0, 0, 1, 4, 0, 0, 1, 2]),
 (12, [591, 100, 0, 0, 1, 1847, 1400, 0, 1, 2, 4, 0, 1, 1, 1]),
 (12, [1960, 16, 0, 0, 0, 1635, 716, 0, 1, 1, 0, 0, 0, 2, 0]),
 (12, [591, 100, 0, 0, 1, 1847, 1400, 0, 1, 2, 4, 0, 1, 1, 1]),
 (12, [1388, 90, 1, 0, 0, 1886, 953, 0, 1, 1, 1, 0, 0, 0, 1]),
 (12, [595, 112, 1, 1, 0, 691, 1882, 0, 0, 1, 4, 0, 0, 1, 2]),
 (12, [591, 100, 0, 0, 1, 1847, 1400, 0, 1, 2, 4, 0, 1, 1, 1]),
 (12, [1720, 95, 0, 0, 0, 1344, 1813, 1, 0, 0, 0, 0, 2, 2, 2]),
 (12, [2031, 42, 1, 1, 0, 1009, 1394, 1, 1, 2, 3, 1, 2, 2, 0]),
 (16, [1003, 99, 1, 1, 1, 778, 1472, 1, 1, 0, 4, 1, 0, 0, 0]),
 (12, [1720, 95, 0, 0, 0, 1344, 1813, 1, 0, 0, 0, 0, 2, 2, 2]),
 (12, [1960, 16, 0, 0, 0, 1635, 716, 0, 1, 1, 0, 0, 0, 2, 0]),
 (12, [1923, 87, 1, 1, 1, 790, 1447, 0, 0, 2, 3, 0, 1, 0, 0]),
 (12, [591, 100, 0, 0, 1, 1847, 1400, 0, 1, 2, 4, 0, 1, 1, 1]),
 (12, [595, 112, 1, 1, 0, 691, 1882, 0, 0, 1, 4, 0, 0, 1, 2]),
 (16, [668, 14, 1, 1, 1, 716, 745, 0, 1, 1, 4, 0, 1, 2, 0])]
population
[(999, [1846, 75, 0, 0, 1, 545, 942, 1, 1, 3, 3, 1, 2, 1, 0]),
 (999, [1662, 82, 1, 1, 1, 935, 1512, 1, 1, 2, 5, 1, 2, 2, 1]),
 (999, [1454, 83, 1, 0, 0, 1030, 798, 0, 1, 2, 5, 0, 1, 0, 0]),
 (999, [1328, 101, 1, 1, 1, 1497, 1543, 1, 0, 2, 5, 1, 1, 2, 0]),
 (999, [1092, 55, 1, 0, 0, 1502, 1428, 0, 1, 3, 0, 0, 2, 1, 1]),
 (999, [1076, 80, 0, 0, 1, 990, 2005, 1, 0, 3, 4, 0, 0, 0, 0]),
 (999, [1054, 68, 1, 1, 1, 1938, 1372, 1, 1, 3, 3, 0, 0, 1, 2]),
 (999, [951, 46, 0, 0, 1, 978, 1842, 0, 0, 3, 4, 1, 0, 0, 1]),
 (999, [624, 33, 1, 1, 1, 1778, 643, 1, 1, 1, 5, 0, 0, 0, 0]),
 (33, [1689, 118, 0, 0, 0, 583, 1762, 0, 0, 2, 4, 0, 0, 2, 0]),
 (16, [1975, 114, 0, 0, 1, 1890, 687, 0, 1, 2, 0, 1, 1, 0, 0]),
 (16, [1964, 79, 1, 1, 1, 1172, 519, 1, 1, 0, 1, 0, 2, 1, 0]),
 (16, [1883, 30, 0, 0, 1, 2039, 1627, 1, 1, 1, 3, 1, 2, 2, 0]),
 (16, [1778, 69, 0, 0, 0, 739, 1337, 1, 0, 1, 2, 1, 0, 2, 0]),
 (16, [1645, 62, 0, 0, 0, 1656, 918, 1, 1, 2, 2, 0, 0, 1, 2]),
 (16, [1288, 25, 0, 1, 1, 1900, 1926, 1, 1, 2, 2, 1, 1, 2, 2]),
 (16, [1281, 18, 0, 1, 0, 1274, 1582, 0, 0, 2, 3, 0, 0, 1, 0]),
 (16, [1078, 15, 0, 0, 0, 1880, 809, 0, 0, 0, 3, 0, 0, 2, 2]),
 (16, [1003, 99, 1, 1, 1, 778, 1472, 1, 1, 0, 4, 1, 0, 0, 0]),
 (16, [763, 79, 0, 0, 0, 1667, 2025, 1, 1, 1, 3, 1, 0, 1, 1]),
 (16, [668, 14, 1, 1, 1, 716, 745, 0, 1, 1, 4, 0, 1, 2, 0]),
 (16, [659, 45, 1, 1, 1, 1199, 697, 0, 0, 2, 1, 1, 0, 2, 0]),
 (12, [2031, 42, 1, 1, 0, 1009, 1394, 1, 1, 2, 3, 1, 2, 2, 0]),
 (12, [1960, 16, 0, 0, 0, 1635, 716, 0, 1, 1, 0, 0, 0, 2, 0]),
 (12, [1923, 87, 1, 1, 1, 790, 1447, 0, 0, 2, 3, 0, 1, 0, 0]),
 (12, [1720, 95, 0, 0, 0, 1344, 1813, 1, 0, 0, 0, 0, 2, 2, 2]),
 (12, [1445, 118, 1, 1, 1, 1950, 676, 1, 1, 1, 2, 0, 2, 2, 2]),
 (12, [1401, 92, 0, 1, 0, 1104, 728, 0, 0, 1, 3, 0, 0, 0, 0]),
 (12, [1388, 90, 1, 0, 0, 1886, 953, 0, 1, 1, 1, 0, 0, 0, 1]),
 (12, [646, 109, 0, 1, 1, 1010, 1594, 0, 1, 1, 4, 0, 0, 0, 0]),
 (12, [595, 112, 1, 1, 0, 691, 1882, 0, 0, 1, 4, 0, 0, 1, 2]),
 (12, [591, 100, 0, 0, 1, 1847, 1400, 0, 1, 2, 4, 0, 1, 1, 1])]
scored
[(12, [591, 100, 0, 0, 1, 1847, 1400, 0, 1, 2, 4, 0, 1, 1, 1]),
 (12, [595, 112, 1, 1, 0, 691, 1882, 0, 0, 1, 4, 0, 0, 1, 2]),
 (12, [646, 109, 0, 1, 1, 1010, 1594, 0, 1, 1, 4, 0, 0, 0, 0]),
 (12, [1388, 90, 1, 0, 0, 1886, 953, 0, 1, 1, 1, 0, 0, 0, 1]),
 (12, [1401, 92, 0, 1, 0, 1104, 728, 0, 0, 1, 3, 0, 0, 0, 0]),
 (12, [1445, 118, 1, 1, 1, 1950, 676, 1, 1, 1, 2, 0, 2, 2, 2]),
 (12, [1720, 95, 0, 0, 0, 1344, 1813, 1, 0, 0, 0, 0, 2, 2, 2]),
 (12, [1923, 87, 1, 1, 1, 790, 1447, 0, 0, 2, 3, 0, 1, 0, 0]),
 (12, [1960, 16, 0, 0, 0, 1635, 716, 0, 1, 1, 0, 0, 0, 2, 0]),
 (12, [2031, 42, 1, 1, 0, 1009, 1394, 1, 1, 2, 3, 1, 2, 2, 0]),
 (16, [659, 45, 1, 1, 1, 1199, 697, 0, 0, 2, 1, 1, 0, 2, 0]),
 (16, [668, 14, 1, 1, 1, 716, 745, 0, 1, 1, 4, 0, 1, 2, 0]),
 (16, [763, 79, 0, 0, 0, 1667, 2025, 1, 1, 1, 3, 1, 0, 1, 1]),
 (16, [1003, 99, 1, 1, 1, 778, 1472, 1, 1, 0, 4, 1, 0, 0, 0]),
 (16, [1078, 15, 0, 0, 0, 1880, 809, 0, 0, 0, 3, 0, 0, 2, 2]),
 (16, [1281, 18, 0, 1, 0, 1274, 1582, 0, 0, 2, 3, 0, 0, 1, 0]),
 (16, [1288, 25, 0, 1, 1, 1900, 1926, 1, 1, 2, 2, 1, 1, 2, 2]),
 (16, [1645, 62, 0, 0, 0, 1656, 918, 1, 1, 2, 2, 0, 0, 1, 2]),
 (16, [1778, 69, 0, 0, 0, 739, 1337, 1, 0, 1, 2, 1, 0, 2, 0]),
 (16, [1883, 30, 0, 0, 1, 2039, 1627, 1, 1, 1, 3, 1, 2, 2, 0]),
 (16, [1964, 79, 1, 1, 1, 1172, 519, 1, 1, 0, 1, 0, 2, 1, 0]),
 (16, [1975, 114, 0, 0, 1, 1890, 687, 0, 1, 2, 0, 1, 1, 0, 0]),
 (33, [1689, 118, 0, 0, 0, 583, 1762, 0, 0, 2, 4, 0, 0, 2, 0]),
 (999, [624, 33, 1, 1, 1, 1778, 643, 1, 1, 1, 5, 0, 0, 0, 0]),
 (999, [951, 46, 0, 0, 1, 978, 1842, 0, 0, 3, 4, 1, 0, 0, 1]),
 (999, [1054, 68, 1, 1, 1, 1938, 1372, 1, 1, 3, 3, 0, 0, 1, 2]),
 (999, [1076, 80, 0, 0, 1, 990, 2005, 1, 0, 3, 4, 0, 0, 0, 0]),
 (999, [1092, 55, 1, 0, 0, 1502, 1428, 0, 1, 3, 0, 0, 2, 1, 1]),
 (999, [1328, 101, 1, 1, 1, 1497, 1543, 1, 0, 2, 5, 1, 1, 2, 0]),
 (999, [1454, 83, 1, 0, 0, 1030, 798, 0, 1, 2, 5, 0, 1, 0, 0]),
 (999, [1662, 82, 1, 1, 1, 935, 1512, 1, 1, 2, 5, 1, 2, 2, 1]),
 (999, [1846, 75, 0, 0, 1, 545, 942, 1, 1, 3, 3, 1, 2, 1, 0])]
Selected
[(12, [595, 112, 1, 1, 0, 691, 1882, 0, 0, 1, 4, 0, 0, 1, 2]),
 (12, [1445, 118, 1, 1, 1, 1950, 676, 1, 1, 1, 2, 0, 2, 2, 2]),
 (12, [1445, 118, 1, 1, 1, 1950, 676, 1, 1, 1, 2, 0, 2, 2, 2]),
 (12, [591, 100, 0, 0, 1, 1847, 1400, 0, 1, 2, 4, 0, 1, 1, 1]),
 (12, [1923, 87, 1, 1, 1, 790, 1447, 0, 0, 2, 3, 0, 1, 0, 0]),
 (12, [1720, 95, 0, 0, 0, 1344, 1813, 1, 0, 0, 0, 0, 2, 2, 2]),
 (12, [646, 109, 0, 1, 1, 1010, 1594, 0, 1, 1, 4, 0, 0, 0, 0]),
 (12, [1720, 95, 0, 0, 0, 1344, 1813, 1, 0, 0, 0, 0, 2, 2, 2]),
 (12, [1923, 87, 1, 1, 1, 790, 1447, 0, 0, 2, 3, 0, 1, 0, 0]),
 (12, [1445, 118, 1, 1, 1, 1950, 676, 1, 1, 1, 2, 0, 2, 2, 2]),
 (12, [1960, 16, 0, 0, 0, 1635, 716, 0, 1, 1, 0, 0, 0, 2, 0]),
 (16, [1883, 30, 0, 0, 1, 2039, 1627, 1, 1, 1, 3, 1, 2, 2, 0]),
 (12, [646, 109, 0, 1, 1, 1010, 1594, 0, 1, 1, 4, 0, 0, 0, 0]),
 (12, [1401, 92, 0, 1, 0, 1104, 728, 0, 0, 1, 3, 0, 0, 0, 0]),
 (12, [1401, 92, 0, 1, 0, 1104, 728, 0, 0, 1, 3, 0, 0, 0, 0]),
 (12, [1388, 90, 1, 0, 0, 1886, 953, 0, 1, 1, 1, 0, 0, 0, 1]),
 (12, [1720, 95, 0, 0, 0, 1344, 1813, 1, 0, 0, 0, 0, 2, 2, 2]),
 (12, [591, 100, 0, 0, 1, 1847, 1400, 0, 1, 2, 4, 0, 1, 1, 1]),
 (16, [659, 45, 1, 1, 1, 1199, 697, 0, 0, 2, 1, 1, 0, 2, 0]),
 (12, [646, 109, 0, 1, 1, 1010, 1594, 0, 1, 1, 4, 0, 0, 0, 0]),
 (12, [646, 109, 0, 1, 1, 1010, 1594, 0, 1, 1, 4, 0, 0, 0, 0]),
 (12, [595, 112, 1, 1, 0, 691, 1882, 0, 0, 1, 4, 0, 0, 1, 2]),
 (12, [1388, 90, 1, 0, 0, 1886, 953, 0, 1, 1, 1, 0, 0, 0, 1]),
 (12, [2031, 42, 1, 1, 0, 1009, 1394, 1, 1, 2, 3, 1, 2, 2, 0]),
 (12, [1960, 16, 0, 0, 0, 1635, 716, 0, 1, 1, 0, 0, 0, 2, 0]),
 (12, [2031, 42, 1, 1, 0, 1009, 1394, 1, 1, 2, 3, 1, 2, 2, 0]),
 (12, [2031, 42, 1, 1, 0, 1009, 1394, 1, 1, 2, 3, 1, 2, 2, 0])]
population
[(999, [1846, 75, 0, 0, 1, 545, 942, 1, 1, 3, 3, 1, 2, 1, 0]),
 (999, [1662, 82, 1, 1, 1, 935, 1512, 1, 1, 2, 5, 1, 2, 2, 1]),
 (999, [1454, 83, 1, 0, 0, 1030, 798, 0, 1, 2, 5, 0, 1, 0, 0]),
 (999, [1328, 101, 1, 1, 1, 1497, 1543, 1, 0, 2, 5, 1, 1, 2, 0]),
 (999, [1092, 55, 1, 0, 0, 1502, 1428, 0, 1, 3, 0, 0, 2, 1, 1]),
 (999, [1076, 80, 0, 0, 1, 990, 2005, 1, 0, 3, 4, 0, 0, 0, 0]),
 (999, [1054, 68, 1, 1, 1, 1938, 1372, 1, 1, 3, 3, 0, 0, 1, 2]),
 (999, [951, 46, 0, 0, 1, 978, 1842, 0, 0, 3, 4, 1, 0, 0, 1]),
 (999, [624, 33, 1, 1, 1, 1778, 643, 1, 1, 1, 5, 0, 0, 0, 0]),
 (33, [1689, 118, 0, 0, 0, 583, 1762, 0, 0, 2, 4, 0, 0, 2, 0]),
 (16, [1975, 114, 0, 0, 1, 1890, 687, 0, 1, 2, 0, 1, 1, 0, 0]),
 (16, [1964, 79, 1, 1, 1, 1172, 519, 1, 1, 0, 1, 0, 2, 1, 0]),
 (16, [1883, 30, 0, 0, 1, 2039, 1627, 1, 1, 1, 3, 1, 2, 2, 0]),
 (16, [1778, 69, 0, 0, 0, 739, 1337, 1, 0, 1, 2, 1, 0, 2, 0]),
 (16, [1645, 62, 0, 0, 0, 1656, 918, 1, 1, 2, 2, 0, 0, 1, 2]),
 (16, [1288, 25, 0, 1, 1, 1900, 1926, 1, 1, 2, 2, 1, 1, 2, 2]),
 (16, [1281, 18, 0, 1, 0, 1274, 1582, 0, 0, 2, 3, 0, 0, 1, 0]),
 (16, [1078, 15, 0, 0, 0, 1880, 809, 0, 0, 0, 3, 0, 0, 2, 2]),
 (16, [1003, 99, 1, 1, 1, 778, 1472, 1, 1, 0, 4, 1, 0, 0, 0]),
 (16, [763, 79, 0, 0, 0, 1667, 2025, 1, 1, 1, 3, 1, 0, 1, 1]),
 (16, [668, 14, 1, 1, 1, 716, 745, 0, 1, 1, 4, 0, 1, 2, 0]),
 (16, [659, 45, 1, 1, 1, 1199, 697, 0, 0, 2, 1, 1, 0, 2, 0]),
 (12, [2031, 42, 1, 1, 0, 1009, 1394, 1, 1, 2, 3, 1, 2, 2, 0]),
 (12, [1960, 16, 0, 0, 0, 1635, 716, 0, 1, 1, 0, 0, 0, 2, 0]),
 (12, [1923, 87, 1, 1, 1, 790, 1447, 0, 0, 2, 3, 0, 1, 0, 0]),
 (12, [1720, 95, 0, 0, 0, 1344, 1813, 1, 0, 0, 0, 0, 2, 2, 2]),
 (12, [1445, 118, 1, 1, 1, 1950, 676, 1, 1, 1, 2, 0, 2, 2, 2]),
 (12, [1401, 92, 0, 1, 0, 1104, 728, 0, 0, 1, 3, 0, 0, 0, 0]),
 (12, [1388, 90, 1, 0, 0, 1886, 953, 0, 1, 1, 1, 0, 0, 0, 1]),
 (12, [646, 109, 0, 1, 1, 1010, 1594, 0, 1, 1, 4, 0, 0, 0, 0]),
 (12, [595, 112, 1, 1, 0, 691, 1882, 0, 0, 1, 4, 0, 0, 1, 2]),
 (12, [591, 100, 0, 0, 1, 1847, 1400, 0, 1, 2, 4, 0, 1, 1, 1])]
scored
[(12, [591, 100, 0, 0, 1, 1847, 1400, 0, 1, 2, 4, 0, 1, 1, 1]),
 (12, [595, 112, 1, 1, 0, 691, 1882, 0, 0, 1, 4, 0, 0, 1, 2]),
 (12, [646, 109, 0, 1, 1, 1010, 1594, 0, 1, 1, 4, 0, 0, 0, 0]),
 (12, [1388, 90, 1, 0, 0, 1886, 953, 0, 1, 1, 1, 0, 0, 0, 1]),
 (12, [1401, 92, 0, 1, 0, 1104, 728, 0, 0, 1, 3, 0, 0, 0, 0]),
 (12, [1445, 118, 1, 1, 1, 1950, 676, 1, 1, 1, 2, 0, 2, 2, 2]),
 (12, [1720, 95, 0, 0, 0, 1344, 1813, 1, 0, 0, 0, 0, 2, 2, 2]),
 (12, [1923, 87, 1, 1, 1, 790, 1447, 0, 0, 2, 3, 0, 1, 0, 0]),
 (12, [1960, 16, 0, 0, 0, 1635, 716, 0, 1, 1, 0, 0, 0, 2, 0]),
 (12, [2031, 42, 1, 1, 0, 1009, 1394, 1, 1, 2, 3, 1, 2, 2, 0]),
 (16, [659, 45, 1, 1, 1, 1199, 697, 0, 0, 2, 1, 1, 0, 2, 0]),
 (16, [668, 14, 1, 1, 1, 716, 745, 0, 1, 1, 4, 0, 1, 2, 0]),
 (16, [763, 79, 0, 0, 0, 1667, 2025, 1, 1, 1, 3, 1, 0, 1, 1]),
 (16, [1003, 99, 1, 1, 1, 778, 1472, 1, 1, 0, 4, 1, 0, 0, 0]),
 (16, [1078, 15, 0, 0, 0, 1880, 809, 0, 0, 0, 3, 0, 0, 2, 2]),
 (16, [1281, 18, 0, 1, 0, 1274, 1582, 0, 0, 2, 3, 0, 0, 1, 0]),
 (16, [1288, 25, 0, 1, 1, 1900, 1926, 1, 1, 2, 2, 1, 1, 2, 2]),
 (16, [1645, 62, 0, 0, 0, 1656, 918, 1, 1, 2, 2, 0, 0, 1, 2]),
 (16, [1778, 69, 0, 0, 0, 739, 1337, 1, 0, 1, 2, 1, 0, 2, 0]),
 (16, [1883, 30, 0, 0, 1, 2039, 1627, 1, 1, 1, 3, 1, 2, 2, 0]),
 (16, [1964, 79, 1, 1, 1, 1172, 519, 1, 1, 0, 1, 0, 2, 1, 0]),
 (16, [1975, 114, 0, 0, 1, 1890, 687, 0, 1, 2, 0, 1, 1, 0, 0]),
 (33, [1689, 118, 0, 0, 0, 583, 1762, 0, 0, 2, 4, 0, 0, 2, 0]),
 (999, [624, 33, 1, 1, 1, 1778, 643, 1, 1, 1, 5, 0, 0, 0, 0]),
 (999, [951, 46, 0, 0, 1, 978, 1842, 0, 0, 3, 4, 1, 0, 0, 1]),
 (999, [1054, 68, 1, 1, 1, 1938, 1372, 1, 1, 3, 3, 0, 0, 1, 2]),
 (999, [1076, 80, 0, 0, 1, 990, 2005, 1, 0, 3, 4, 0, 0, 0, 0]),
 (999, [1092, 55, 1, 0, 0, 1502, 1428, 0, 1, 3, 0, 0, 2, 1, 1]),
 (999, [1328, 101, 1, 1, 1, 1497, 1543, 1, 0, 2, 5, 1, 1, 2, 0]),
 (999, [1454, 83, 1, 0, 0, 1030, 798, 0, 1, 2, 5, 0, 1, 0, 0]),
 (999, [1662, 82, 1, 1, 1, 935, 1512, 1, 1, 2, 5, 1, 2, 2, 1]),
 (999, [1846, 75, 0, 0, 1, 545, 942, 1, 1, 3, 3, 1, 2, 1, 0])]
Selected
[(12, [1388, 90, 1, 0, 0, 1886, 953, 0, 1, 1, 1, 0, 0, 0, 1]),
 (12, [1445, 118, 1, 1, 1, 1950, 676, 1, 1, 1, 2, 0, 2, 2, 2]),
 (12, [646, 109, 0, 1, 1, 1010, 1594, 0, 1, 1, 4, 0, 0, 0, 0]),
 (12, [1445, 118, 1, 1, 1, 1950, 676, 1, 1, 1, 2, 0, 2, 2, 2]),
 (12, [646, 109, 0, 1, 1, 1010, 1594, 0, 1, 1, 4, 0, 0, 0, 0]),
 (12, [646, 109, 0, 1, 1, 1010, 1594, 0, 1, 1, 4, 0, 0, 0, 0]),
 (12, [1720, 95, 0, 0, 0, 1344, 1813, 1, 0, 0, 0, 0, 2, 2, 2]),
 (16, [1003, 99, 1, 1, 1, 778, 1472, 1, 1, 0, 4, 1, 0, 0, 0]),
 (12, [595, 112, 1, 1, 0, 691, 1882, 0, 0, 1, 4, 0, 0, 1, 2]),
 (12, [646, 109, 0, 1, 1, 1010, 1594, 0, 1, 1, 4, 0, 0, 0, 0]),
 (12, [2031, 42, 1, 1, 0, 1009, 1394, 1, 1, 2, 3, 1, 2, 2, 0]),
 (12, [1401, 92, 0, 1, 0, 1104, 728, 0, 0, 1, 3, 0, 0, 0, 0]),
 (16, [1281, 18, 0, 1, 0, 1274, 1582, 0, 0, 2, 3, 0, 0, 1, 0]),
 (12, [1445, 118, 1, 1, 1, 1950, 676, 1, 1, 1, 2, 0, 2, 2, 2]),
 (12, [591, 100, 0, 0, 1, 1847, 1400, 0, 1, 2, 4, 0, 1, 1, 1]),
 (12, [646, 109, 0, 1, 1, 1010, 1594, 0, 1, 1, 4, 0, 0, 0, 0]),
 (12, [1401, 92, 0, 1, 0, 1104, 728, 0, 0, 1, 3, 0, 0, 0, 0]),
 (12, [591, 100, 0, 0, 1, 1847, 1400, 0, 1, 2, 4, 0, 1, 1, 1]),
 (12, [1401, 92, 0, 1, 0, 1104, 728, 0, 0, 1, 3, 0, 0, 0, 0]),
 (16, [659, 45, 1, 1, 1, 1199, 697, 0, 0, 2, 1, 1, 0, 2, 0]),
 (16, [1778, 69, 0, 0, 0, 739, 1337, 1, 0, 1, 2, 1, 0, 2, 0]),
 (12, [591, 100, 0, 0, 1, 1847, 1400, 0, 1, 2, 4, 0, 1, 1, 1]),
 (12, [1923, 87, 1, 1, 1, 790, 1447, 0, 0, 2, 3, 0, 1, 0, 0]),
 (12, [595, 112, 1, 1, 0, 691, 1882, 0, 0, 1, 4, 0, 0, 1, 2]),
 (12, [1388, 90, 1, 0, 0, 1886, 953, 0, 1, 1, 1, 0, 0, 0, 1]),
 (12, [1401, 92, 0, 1, 0, 1104, 728, 0, 0, 1, 3, 0, 0, 0, 0]),
 (12, [2031, 42, 1, 1, 0, 1009, 1394, 1, 1, 2, 3, 1, 2, 2, 0])]
population
[(999, [1846, 75, 0, 0, 1, 545, 942, 1, 1, 3, 3, 1, 2, 1, 0]),
 (999, [1662, 82, 1, 1, 1, 935, 1512, 1, 1, 2, 5, 1, 2, 2, 1]),
 (999, [1454, 83, 1, 0, 0, 1030, 798, 0, 1, 2, 5, 0, 1, 0, 0]),
 (999, [1328, 101, 1, 1, 1, 1497, 1543, 1, 0, 2, 5, 1, 1, 2, 0]),
 (999, [1092, 55, 1, 0, 0, 1502, 1428, 0, 1, 3, 0, 0, 2, 1, 1]),
 (999, [1076, 80, 0, 0, 1, 990, 2005, 1, 0, 3, 4, 0, 0, 0, 0]),
 (999, [1054, 68, 1, 1, 1, 1938, 1372, 1, 1, 3, 3, 0, 0, 1, 2]),
 (999, [951, 46, 0, 0, 1, 978, 1842, 0, 0, 3, 4, 1, 0, 0, 1]),
 (999, [624, 33, 1, 1, 1, 1778, 643, 1, 1, 1, 5, 0, 0, 0, 0]),
 (33, [1689, 118, 0, 0, 0, 583, 1762, 0, 0, 2, 4, 0, 0, 2, 0]),
 (16, [1975, 114, 0, 0, 1, 1890, 687, 0, 1, 2, 0, 1, 1, 0, 0]),
 (16, [1964, 79, 1, 1, 1, 1172, 519, 1, 1, 0, 1, 0, 2, 1, 0]),
 (16, [1883, 30, 0, 0, 1, 2039, 1627, 1, 1, 1, 3, 1, 2, 2, 0]),
 (16, [1778, 69, 0, 0, 0, 739, 1337, 1, 0, 1, 2, 1, 0, 2, 0]),
 (16, [1645, 62, 0, 0, 0, 1656, 918, 1, 1, 2, 2, 0, 0, 1, 2]),
 (16, [1288, 25, 0, 1, 1, 1900, 1926, 1, 1, 2, 2, 1, 1, 2, 2]),
 (16, [1281, 18, 0, 1, 0, 1274, 1582, 0, 0, 2, 3, 0, 0, 1, 0]),
 (16, [1078, 15, 0, 0, 0, 1880, 809, 0, 0, 0, 3, 0, 0, 2, 2]),
 (16, [1003, 99, 1, 1, 1, 778, 1472, 1, 1, 0, 4, 1, 0, 0, 0]),
 (16, [763, 79, 0, 0, 0, 1667, 2025, 1, 1, 1, 3, 1, 0, 1, 1]),
 (16, [668, 14, 1, 1, 1, 716, 745, 0, 1, 1, 4, 0, 1, 2, 0]),
 (16, [659, 45, 1, 1, 1, 1199, 697, 0, 0, 2, 1, 1, 0, 2, 0]),
 (12, [2031, 42, 1, 1, 0, 1009, 1394, 1, 1, 2, 3, 1, 2, 2, 0]),
 (12, [1960, 16, 0, 0, 0, 1635, 716, 0, 1, 1, 0, 0, 0, 2, 0]),
 (12, [1923, 87, 1, 1, 1, 790, 1447, 0, 0, 2, 3, 0, 1, 0, 0]),
 (12, [1720, 95, 0, 0, 0, 1344, 1813, 1, 0, 0, 0, 0, 2, 2, 2]),
 (12, [1445, 118, 1, 1, 1, 1950, 676, 1, 1, 1, 2, 0, 2, 2, 2]),
 (12, [1401, 92, 0, 1, 0, 1104, 728, 0, 0, 1, 3, 0, 0, 0, 0]),
 (12, [1388, 90, 1, 0, 0, 1886, 953, 0, 1, 1, 1, 0, 0, 0, 1]),
 (12, [646, 109, 0, 1, 1, 1010, 1594, 0, 1, 1, 4, 0, 0, 0, 0]),
 (12, [595, 112, 1, 1, 0, 691, 1882, 0, 0, 1, 4, 0, 0, 1, 2]),
 (12, [591, 100, 0, 0, 1, 1847, 1400, 0, 1, 2, 4, 0, 1, 1, 1])]
scored
[(12, [591, 100, 0, 0, 1, 1847, 1400, 0, 1, 2, 4, 0, 1, 1, 1]),
 (12, [595, 112, 1, 1, 0, 691, 1882, 0, 0, 1, 4, 0, 0, 1, 2]),
 (12, [646, 109, 0, 1, 1, 1010, 1594, 0, 1, 1, 4, 0, 0, 0, 0]),
 (12, [1388, 90, 1, 0, 0, 1886, 953, 0, 1, 1, 1, 0, 0, 0, 1]),
 (12, [1401, 92, 0, 1, 0, 1104, 728, 0, 0, 1, 3, 0, 0, 0, 0]),
 (12, [1445, 118, 1, 1, 1, 1950, 676, 1, 1, 1, 2, 0, 2, 2, 2]),
 (12, [1720, 95, 0, 0, 0, 1344, 1813, 1, 0, 0, 0, 0, 2, 2, 2]),
 (12, [1923, 87, 1, 1, 1, 790, 1447, 0, 0, 2, 3, 0, 1, 0, 0]),
 (12, [1960, 16, 0, 0, 0, 1635, 716, 0, 1, 1, 0, 0, 0, 2, 0]),
 (12, [2031, 42, 1, 1, 0, 1009, 1394, 1, 1, 2, 3, 1, 2, 2, 0]),
 (16, [659, 45, 1, 1, 1, 1199, 697, 0, 0, 2, 1, 1, 0, 2, 0]),
 (16, [668, 14, 1, 1, 1, 716, 745, 0, 1, 1, 4, 0, 1, 2, 0]),
 (16, [763, 79, 0, 0, 0, 1667, 2025, 1, 1, 1, 3, 1, 0, 1, 1]),
 (16, [1003, 99, 1, 1, 1, 778, 1472, 1, 1, 0, 4, 1, 0, 0, 0]),
 (16, [1078, 15, 0, 0, 0, 1880, 809, 0, 0, 0, 3, 0, 0, 2, 2]),
 (16, [1281, 18, 0, 1, 0, 1274, 1582, 0, 0, 2, 3, 0, 0, 1, 0]),
 (16, [1288, 25, 0, 1, 1, 1900, 1926, 1, 1, 2, 2, 1, 1, 2, 2]),
 (16, [1645, 62, 0, 0, 0, 1656, 918, 1, 1, 2, 2, 0, 0, 1, 2]),
 (16, [1778, 69, 0, 0, 0, 739, 1337, 1, 0, 1, 2, 1, 0, 2, 0]),
 (16, [1883, 30, 0, 0, 1, 2039, 1627, 1, 1, 1, 3, 1, 2, 2, 0]),
 (16, [1964, 79, 1, 1, 1, 1172, 519, 1, 1, 0, 1, 0, 2, 1, 0]),
 (16, [1975, 114, 0, 0, 1, 1890, 687, 0, 1, 2, 0, 1, 1, 0, 0]),
 (33, [1689, 118, 0, 0, 0, 583, 1762, 0, 0, 2, 4, 0, 0, 2, 0]),
 (999, [624, 33, 1, 1, 1, 1778, 643, 1, 1, 1, 5, 0, 0, 0, 0]),
 (999, [951, 46, 0, 0, 1, 978, 1842, 0, 0, 3, 4, 1, 0, 0, 1]),
 (999, [1054, 68, 1, 1, 1, 1938, 1372, 1, 1, 3, 3, 0, 0, 1, 2]),
 (999, [1076, 80, 0, 0, 1, 990, 2005, 1, 0, 3, 4, 0, 0, 0, 0]),
 (999, [1092, 55, 1, 0, 0, 1502, 1428, 0, 1, 3, 0, 0, 2, 1, 1]),
 (999, [1328, 101, 1, 1, 1, 1497, 1543, 1, 0, 2, 5, 1, 1, 2, 0]),
 (999, [1454, 83, 1, 0, 0, 1030, 798, 0, 1, 2, 5, 0, 1, 0, 0]),
 (999, [1662, 82, 1, 1, 1, 935, 1512, 1, 1, 2, 5, 1, 2, 2, 1]),
 (999, [1846, 75, 0, 0, 1, 545, 942, 1, 1, 3, 3, 1, 2, 1, 0])]
Selected
[(12, [1960, 16, 0, 0, 0, 1635, 716, 0, 1, 1, 0, 0, 0, 2, 0]),
 (12, [595, 112, 1, 1, 0, 691, 1882, 0, 0, 1, 4, 0, 0, 1, 2]),
 (12, [591, 100, 0, 0, 1, 1847, 1400, 0, 1, 2, 4, 0, 1, 1, 1]),
 (12, [591, 100, 0, 0, 1, 1847, 1400, 0, 1, 2, 4, 0, 1, 1, 1]),
 (12, [1388, 90, 1, 0, 0, 1886, 953, 0, 1, 1, 1, 0, 0, 0, 1]),
 (12, [595, 112, 1, 1, 0, 691, 1882, 0, 0, 1, 4, 0, 0, 1, 2]),
 (16, [668, 14, 1, 1, 1, 716, 745, 0, 1, 1, 4, 0, 1, 2, 0]),
 (12, [1445, 118, 1, 1, 1, 1950, 676, 1, 1, 1, 2, 0, 2, 2, 2]),
 (12, [1923, 87, 1, 1, 1, 790, 1447, 0, 0, 2, 3, 0, 1, 0, 0]),
 (12, [591, 100, 0, 0, 1, 1847, 1400, 0, 1, 2, 4, 0, 1, 1, 1]),
 (12, [591, 100, 0, 0, 1, 1847, 1400, 0, 1, 2, 4, 0, 1, 1, 1]),
 (12, [591, 100, 0, 0, 1, 1847, 1400, 0, 1, 2, 4, 0, 1, 1, 1]),
 (12, [1445, 118, 1, 1, 1, 1950, 676, 1, 1, 1, 2, 0, 2, 2, 2]),
 (16, [659, 45, 1, 1, 1, 1199, 697, 0, 0, 2, 1, 1, 0, 2, 0]),
 (12, [646, 109, 0, 1, 1, 1010, 1594, 0, 1, 1, 4, 0, 0, 0, 0]),
 (12, [1960, 16, 0, 0, 0, 1635, 716, 0, 1, 1, 0, 0, 0, 2, 0]),
 (12, [1388, 90, 1, 0, 0, 1886, 953, 0, 1, 1, 1, 0, 0, 0, 1]),
 (12, [595, 112, 1, 1, 0, 691, 1882, 0, 0, 1, 4, 0, 0, 1, 2]),
 (12, [595, 112, 1, 1, 0, 691, 1882, 0, 0, 1, 4, 0, 0, 1, 2]),
 (12, [595, 112, 1, 1, 0, 691, 1882, 0, 0, 1, 4, 0, 0, 1, 2]),
 (12, [646, 109, 0, 1, 1, 1010, 1594, 0, 1, 1, 4, 0, 0, 0, 0]),
 (12, [595, 112, 1, 1, 0, 691, 1882, 0, 0, 1, 4, 0, 0, 1, 2]),
 (12, [1388, 90, 1, 0, 0, 1886, 953, 0, 1, 1, 1, 0, 0, 0, 1]),
 (12, [1445, 118, 1, 1, 1, 1950, 676, 1, 1, 1, 2, 0, 2, 2, 2]),
 (12, [1720, 95, 0, 0, 0, 1344, 1813, 1, 0, 0, 0, 0, 2, 2, 2]),
 (12, [646, 109, 0, 1, 1, 1010, 1594, 0, 1, 1, 4, 0, 0, 0, 0]),
 (12, [595, 112, 1, 1, 0, 691, 1882, 0, 0, 1, 4, 0, 0, 1, 2])]
population
[(999, [1846, 75, 0, 0, 1, 545, 942, 1, 1, 3, 3, 1, 2, 1, 0]),
 (999, [1662, 82, 1, 1, 1, 935, 1512, 1, 1, 2, 5, 1, 2, 2, 1]),
 (999, [1454, 83, 1, 0, 0, 1030, 798, 0, 1, 2, 5, 0, 1, 0, 0]),
 (999, [1328, 101, 1, 1, 1, 1497, 1543, 1, 0, 2, 5, 1, 1, 2, 0]),
 (999, [1092, 55, 1, 0, 0, 1502, 1428, 0, 1, 3, 0, 0, 2, 1, 1]),
 (999, [1076, 80, 0, 0, 1, 990, 2005, 1, 0, 3, 4, 0, 0, 0, 0]),
 (999, [1054, 68, 1, 1, 1, 1938, 1372, 1, 1, 3, 3, 0, 0, 1, 2]),
 (999, [951, 46, 0, 0, 1, 978, 1842, 0, 0, 3, 4, 1, 0, 0, 1]),
 (999, [624, 33, 1, 1, 1, 1778, 643, 1, 1, 1, 5, 0, 0, 0, 0]),
 (33, [1689, 118, 0, 0, 0, 583, 1762, 0, 0, 2, 4, 0, 0, 2, 0]),
 (16, [1975, 114, 0, 0, 1, 1890, 687, 0, 1, 2, 0, 1, 1, 0, 0]),
 (16, [1964, 79, 1, 1, 1, 1172, 519, 1, 1, 0, 1, 0, 2, 1, 0]),
 (16, [1883, 30, 0, 0, 1, 2039, 1627, 1, 1, 1, 3, 1, 2, 2, 0]),
 (16, [1778, 69, 0, 0, 0, 739, 1337, 1, 0, 1, 2, 1, 0, 2, 0]),
 (16, [1645, 62, 0, 0, 0, 1656, 918, 1, 1, 2, 2, 0, 0, 1, 2]),
 (16, [1288, 25, 0, 1, 1, 1900, 1926, 1, 1, 2, 2, 1, 1, 2, 2]),
 (16, [1281, 18, 0, 1, 0, 1274, 1582, 0, 0, 2, 3, 0, 0, 1, 0]),
 (16, [1078, 15, 0, 0, 0, 1880, 809, 0, 0, 0, 3, 0, 0, 2, 2]),
 (16, [1003, 99, 1, 1, 1, 778, 1472, 1, 1, 0, 4, 1, 0, 0, 0]),
 (16, [763, 79, 0, 0, 0, 1667, 2025, 1, 1, 1, 3, 1, 0, 1, 1]),
 (16, [668, 14, 1, 1, 1, 716, 745, 0, 1, 1, 4, 0, 1, 2, 0]),
 (16, [659, 45, 1, 1, 1, 1199, 697, 0, 0, 2, 1, 1, 0, 2, 0]),
 (12, [2031, 42, 1, 1, 0, 1009, 1394, 1, 1, 2, 3, 1, 2, 2, 0]),
 (12, [1960, 16, 0, 0, 0, 1635, 716, 0, 1, 1, 0, 0, 0, 2, 0]),
 (12, [1923, 87, 1, 1, 1, 790, 1447, 0, 0, 2, 3, 0, 1, 0, 0]),
 (12, [1720, 95, 0, 0, 0, 1344, 1813, 1, 0, 0, 0, 0, 2, 2, 2]),
 (12, [1445, 118, 1, 1, 1, 1950, 676, 1, 1, 1, 2, 0, 2, 2, 2]),
 (12, [1401, 92, 0, 1, 0, 1104, 728, 0, 0, 1, 3, 0, 0, 0, 0]),
 (12, [1388, 90, 1, 0, 0, 1886, 953, 0, 1, 1, 1, 0, 0, 0, 1]),
 (12, [646, 109, 0, 1, 1, 1010, 1594, 0, 1, 1, 4, 0, 0, 0, 0]),
 (12, [595, 112, 1, 1, 0, 691, 1882, 0, 0, 1, 4, 0, 0, 1, 2]),
 (12, [591, 100, 0, 0, 1, 1847, 1400, 0, 1, 2, 4, 0, 1, 1, 1])]
scored
[(12, [591, 100, 0, 0, 1, 1847, 1400, 0, 1, 2, 4, 0, 1, 1, 1]),
 (12, [595, 112, 1, 1, 0, 691, 1882, 0, 0, 1, 4, 0, 0, 1, 2]),
 (12, [646, 109, 0, 1, 1, 1010, 1594, 0, 1, 1, 4, 0, 0, 0, 0]),
 (12, [1388, 90, 1, 0, 0, 1886, 953, 0, 1, 1, 1, 0, 0, 0, 1]),
 (12, [1401, 92, 0, 1, 0, 1104, 728, 0, 0, 1, 3, 0, 0, 0, 0]),
 (12, [1445, 118, 1, 1, 1, 1950, 676, 1, 1, 1, 2, 0, 2, 2, 2]),
 (12, [1720, 95, 0, 0, 0, 1344, 1813, 1, 0, 0, 0, 0, 2, 2, 2]),
 (12, [1923, 87, 1, 1, 1, 790, 1447, 0, 0, 2, 3, 0, 1, 0, 0]),
 (12, [1960, 16, 0, 0, 0, 1635, 716, 0, 1, 1, 0, 0, 0, 2, 0]),
 (12, [2031, 42, 1, 1, 0, 1009, 1394, 1, 1, 2, 3, 1, 2, 2, 0]),
 (16, [659, 45, 1, 1, 1, 1199, 697, 0, 0, 2, 1, 1, 0, 2, 0]),
 (16, [668, 14, 1, 1, 1, 716, 745, 0, 1, 1, 4, 0, 1, 2, 0]),
 (16, [763, 79, 0, 0, 0, 1667, 2025, 1, 1, 1, 3, 1, 0, 1, 1]),
 (16, [1003, 99, 1, 1, 1, 778, 1472, 1, 1, 0, 4, 1, 0, 0, 0]),
 (16, [1078, 15, 0, 0, 0, 1880, 809, 0, 0, 0, 3, 0, 0, 2, 2]),
 (16, [1281, 18, 0, 1, 0, 1274, 1582, 0, 0, 2, 3, 0, 0, 1, 0]),
 (16, [1288, 25, 0, 1, 1, 1900, 1926, 1, 1, 2, 2, 1, 1, 2, 2]),
 (16, [1645, 62, 0, 0, 0, 1656, 918, 1, 1, 2, 2, 0, 0, 1, 2]),
 (16, [1778, 69, 0, 0, 0, 739, 1337, 1, 0, 1, 2, 1, 0, 2, 0]),
 (16, [1883, 30, 0, 0, 1, 2039, 1627, 1, 1, 1, 3, 1, 2, 2, 0]),
 (16, [1964, 79, 1, 1, 1, 1172, 519, 1, 1, 0, 1, 0, 2, 1, 0]),
 (16, [1975, 114, 0, 0, 1, 1890, 687, 0, 1, 2, 0, 1, 1, 0, 0]),
 (33, [1689, 118, 0, 0, 0, 583, 1762, 0, 0, 2, 4, 0, 0, 2, 0]),
 (999, [624, 33, 1, 1, 1, 1778, 643, 1, 1, 1, 5, 0, 0, 0, 0]),
 (999, [951, 46, 0, 0, 1, 978, 1842, 0, 0, 3, 4, 1, 0, 0, 1]),
 (999, [1054, 68, 1, 1, 1, 1938, 1372, 1, 1, 3, 3, 0, 0, 1, 2]),
 (999, [1076, 80, 0, 0, 1, 990, 2005, 1, 0, 3, 4, 0, 0, 0, 0]),
 (999, [1092, 55, 1, 0, 0, 1502, 1428, 0, 1, 3, 0, 0, 2, 1, 1]),
 (999, [1328, 101, 1, 1, 1, 1497, 1543, 1, 0, 2, 5, 1, 1, 2, 0]),
 (999, [1454, 83, 1, 0, 0, 1030, 798, 0, 1, 2, 5, 0, 1, 0, 0]),
 (999, [1662, 82, 1, 1, 1, 935, 1512, 1, 1, 2, 5, 1, 2, 2, 1]),
 (999, [1846, 75, 0, 0, 1, 545, 942, 1, 1, 3, 3, 1, 2, 1, 0])]
Selected
[(12, [1445, 118, 1, 1, 1, 1950, 676, 1, 1, 1, 2, 0, 2, 2, 2]),
 (12, [1923, 87, 1, 1, 1, 790, 1447, 0, 0, 2, 3, 0, 1, 0, 0]),
 (12, [595, 112, 1, 1, 0, 691, 1882, 0, 0, 1, 4, 0, 0, 1, 2]),
 (12, [1445, 118, 1, 1, 1, 1950, 676, 1, 1, 1, 2, 0, 2, 2, 2]),
 (12, [1960, 16, 0, 0, 0, 1635, 716, 0, 1, 1, 0, 0, 0, 2, 0]),
 (12, [591, 100, 0, 0, 1, 1847, 1400, 0, 1, 2, 4, 0, 1, 1, 1]),
 (12, [1388, 90, 1, 0, 0, 1886, 953, 0, 1, 1, 1, 0, 0, 0, 1]),
 (12, [591, 100, 0, 0, 1, 1847, 1400, 0, 1, 2, 4, 0, 1, 1, 1]),
 (12, [595, 112, 1, 1, 0, 691, 1882, 0, 0, 1, 4, 0, 0, 1, 2]),
 (12, [595, 112, 1, 1, 0, 691, 1882, 0, 0, 1, 4, 0, 0, 1, 2]),
 (12, [646, 109, 0, 1, 1, 1010, 1594, 0, 1, 1, 4, 0, 0, 0, 0]),
 (16, [668, 14, 1, 1, 1, 716, 745, 0, 1, 1, 4, 0, 1, 2, 0]),
 (12, [1388, 90, 1, 0, 0, 1886, 953, 0, 1, 1, 1, 0, 0, 0, 1]),
 (16, [659, 45, 1, 1, 1, 1199, 697, 0, 0, 2, 1, 1, 0, 2, 0]),
 (12, [591, 100, 0, 0, 1, 1847, 1400, 0, 1, 2, 4, 0, 1, 1, 1]),
 (12, [1401, 92, 0, 1, 0, 1104, 728, 0, 0, 1, 3, 0, 0, 0, 0]),
 (12, [1720, 95, 0, 0, 0, 1344, 1813, 1, 0, 0, 0, 0, 2, 2, 2]),
 (12, [591, 100, 0, 0, 1, 1847, 1400, 0, 1, 2, 4, 0, 1, 1, 1]),
 (12, [591, 100, 0, 0, 1, 1847, 1400, 0, 1, 2, 4, 0, 1, 1, 1]),
 (12, [1923, 87, 1, 1, 1, 790, 1447, 0, 0, 2, 3, 0, 1, 0, 0]),
 (12, [1445, 118, 1, 1, 1, 1950, 676, 1, 1, 1, 2, 0, 2, 2, 2]),
 (12, [1388, 90, 1, 0, 0, 1886, 953, 0, 1, 1, 1, 0, 0, 0, 1]),
 (12, [646, 109, 0, 1, 1, 1010, 1594, 0, 1, 1, 4, 0, 0, 0, 0]),
 (12, [1720, 95, 0, 0, 0, 1344, 1813, 1, 0, 0, 0, 0, 2, 2, 2]),
 (12, [595, 112, 1, 1, 0, 691, 1882, 0, 0, 1, 4, 0, 0, 1, 2]),
 (12, [2031, 42, 1, 1, 0, 1009, 1394, 1, 1, 2, 3, 1, 2, 2, 0]),
 (12, [1401, 92, 0, 1, 0, 1104, 728, 0, 0, 1, 3, 0, 0, 0, 0])]
population
[(999, [1846, 75, 0, 0, 1, 545, 942, 1, 1, 3, 3, 1, 2, 1, 0]),
 (999, [1662, 82, 1, 1, 1, 935, 1512, 1, 1, 2, 5, 1, 2, 2, 1]),
 (999, [1454, 83, 1, 0, 0, 1030, 798, 0, 1, 2, 5, 0, 1, 0, 0]),
 (999, [1328, 101, 1, 1, 1, 1497, 1543, 1, 0, 2, 5, 1, 1, 2, 0]),
 (999, [1092, 55, 1, 0, 0, 1502, 1428, 0, 1, 3, 0, 0, 2, 1, 1]),
 (999, [1076, 80, 0, 0, 1, 990, 2005, 1, 0, 3, 4, 0, 0, 0, 0]),
 (999, [1054, 68, 1, 1, 1, 1938, 1372, 1, 1, 3, 3, 0, 0, 1, 2]),
 (999, [951, 46, 0, 0, 1, 978, 1842, 0, 0, 3, 4, 1, 0, 0, 1]),
 (999, [624, 33, 1, 1, 1, 1778, 643, 1, 1, 1, 5, 0, 0, 0, 0]),
 (33, [1689, 118, 0, 0, 0, 583, 1762, 0, 0, 2, 4, 0, 0, 2, 0]),
 (16, [1975, 114, 0, 0, 1, 1890, 687, 0, 1, 2, 0, 1, 1, 0, 0]),
 (16, [1964, 79, 1, 1, 1, 1172, 519, 1, 1, 0, 1, 0, 2, 1, 0]),
 (16, [1883, 30, 0, 0, 1, 2039, 1627, 1, 1, 1, 3, 1, 2, 2, 0]),
 (16, [1778, 69, 0, 0, 0, 739, 1337, 1, 0, 1, 2, 1, 0, 2, 0]),
 (16, [1645, 62, 0, 0, 0, 1656, 918, 1, 1, 2, 2, 0, 0, 1, 2]),
 (16, [1288, 25, 0, 1, 1, 1900, 1926, 1, 1, 2, 2, 1, 1, 2, 2]),
 (16, [1281, 18, 0, 1, 0, 1274, 1582, 0, 0, 2, 3, 0, 0, 1, 0]),
 (16, [1078, 15, 0, 0, 0, 1880, 809, 0, 0, 0, 3, 0, 0, 2, 2]),
 (16, [1003, 99, 1, 1, 1, 778, 1472, 1, 1, 0, 4, 1, 0, 0, 0]),
 (16, [763, 79, 0, 0, 0, 1667, 2025, 1, 1, 1, 3, 1, 0, 1, 1]),
 (16, [668, 14, 1, 1, 1, 716, 745, 0, 1, 1, 4, 0, 1, 2, 0]),
 (16, [659, 45, 1, 1, 1, 1199, 697, 0, 0, 2, 1, 1, 0, 2, 0]),
 (12, [2031, 42, 1, 1, 0, 1009, 1394, 1, 1, 2, 3, 1, 2, 2, 0]),
 (12, [1960, 16, 0, 0, 0, 1635, 716, 0, 1, 1, 0, 0, 0, 2, 0]),
 (12, [1923, 87, 1, 1, 1, 790, 1447, 0, 0, 2, 3, 0, 1, 0, 0]),
 (12, [1720, 95, 0, 0, 0, 1344, 1813, 1, 0, 0, 0, 0, 2, 2, 2]),
 (12, [1445, 118, 1, 1, 1, 1950, 676, 1, 1, 1, 2, 0, 2, 2, 2]),
 (12, [1401, 92, 0, 1, 0, 1104, 728, 0, 0, 1, 3, 0, 0, 0, 0]),
 (12, [1388, 90, 1, 0, 0, 1886, 953, 0, 1, 1, 1, 0, 0, 0, 1]),
 (12, [646, 109, 0, 1, 1, 1010, 1594, 0, 1, 1, 4, 0, 0, 0, 0]),
 (12, [595, 112, 1, 1, 0, 691, 1882, 0, 0, 1, 4, 0, 0, 1, 2]),
 (12, [591, 100, 0, 0, 1, 1847, 1400, 0, 1, 2, 4, 0, 1, 1, 1])]
scored
[(12, [591, 100, 0, 0, 1, 1847, 1400, 0, 1, 2, 4, 0, 1, 1, 1]),
 (12, [595, 112, 1, 1, 0, 691, 1882, 0, 0, 1, 4, 0, 0, 1, 2]),
 (12, [646, 109, 0, 1, 1, 1010, 1594, 0, 1, 1, 4, 0, 0, 0, 0]),
 (12, [1388, 90, 1, 0, 0, 1886, 953, 0, 1, 1, 1, 0, 0, 0, 1]),
 (12, [1401, 92, 0, 1, 0, 1104, 728, 0, 0, 1, 3, 0, 0, 0, 0]),
 (12, [1445, 118, 1, 1, 1, 1950, 676, 1, 1, 1, 2, 0, 2, 2, 2]),
 (12, [1720, 95, 0, 0, 0, 1344, 1813, 1, 0, 0, 0, 0, 2, 2, 2]),
 (12, [1923, 87, 1, 1, 1, 790, 1447, 0, 0, 2, 3, 0, 1, 0, 0]),
 (12, [1960, 16, 0, 0, 0, 1635, 716, 0, 1, 1, 0, 0, 0, 2, 0]),
 (12, [2031, 42, 1, 1, 0, 1009, 1394, 1, 1, 2, 3, 1, 2, 2, 0]),
 (16, [659, 45, 1, 1, 1, 1199, 697, 0, 0, 2, 1, 1, 0, 2, 0]),
 (16, [668, 14, 1, 1, 1, 716, 745, 0, 1, 1, 4, 0, 1, 2, 0]),
 (16, [763, 79, 0, 0, 0, 1667, 2025, 1, 1, 1, 3, 1, 0, 1, 1]),
 (16, [1003, 99, 1, 1, 1, 778, 1472, 1, 1, 0, 4, 1, 0, 0, 0]),
 (16, [1078, 15, 0, 0, 0, 1880, 809, 0, 0, 0, 3, 0, 0, 2, 2]),
 (16, [1281, 18, 0, 1, 0, 1274, 1582, 0, 0, 2, 3, 0, 0, 1, 0]),
 (16, [1288, 25, 0, 1, 1, 1900, 1926, 1, 1, 2, 2, 1, 1, 2, 2]),
 (16, [1645, 62, 0, 0, 0, 1656, 918, 1, 1, 2, 2, 0, 0, 1, 2]),
 (16, [1778, 69, 0, 0, 0, 739, 1337, 1, 0, 1, 2, 1, 0, 2, 0]),
 (16, [1883, 30, 0, 0, 1, 2039, 1627, 1, 1, 1, 3, 1, 2, 2, 0]),
 (16, [1964, 79, 1, 1, 1, 1172, 519, 1, 1, 0, 1, 0, 2, 1, 0]),
 (16, [1975, 114, 0, 0, 1, 1890, 687, 0, 1, 2, 0, 1, 1, 0, 0]),
 (33, [1689, 118, 0, 0, 0, 583, 1762, 0, 0, 2, 4, 0, 0, 2, 0]),
 (999, [624, 33, 1, 1, 1, 1778, 643, 1, 1, 1, 5, 0, 0, 0, 0]),
 (999, [951, 46, 0, 0, 1, 978, 1842, 0, 0, 3, 4, 1, 0, 0, 1]),
 (999, [1054, 68, 1, 1, 1, 1938, 1372, 1, 1, 3, 3, 0, 0, 1, 2]),
 (999, [1076, 80, 0, 0, 1, 990, 2005, 1, 0, 3, 4, 0, 0, 0, 0]),
 (999, [1092, 55, 1, 0, 0, 1502, 1428, 0, 1, 3, 0, 0, 2, 1, 1]),
 (999, [1328, 101, 1, 1, 1, 1497, 1543, 1, 0, 2, 5, 1, 1, 2, 0]),
 (999, [1454, 83, 1, 0, 0, 1030, 798, 0, 1, 2, 5, 0, 1, 0, 0]),
 (999, [1662, 82, 1, 1, 1, 935, 1512, 1, 1, 2, 5, 1, 2, 2, 1]),
 (999, [1846, 75, 0, 0, 1, 545, 942, 1, 1, 3, 3, 1, 2, 1, 0])]
Selected
[(12, [1401, 92, 0, 1, 0, 1104, 728, 0, 0, 1, 3, 0, 0, 0, 0]),
 (12, [1960, 16, 0, 0, 0, 1635, 716, 0, 1, 1, 0, 0, 0, 2, 0]),
 (12, [1401, 92, 0, 1, 0, 1104, 728, 0, 0, 1, 3, 0, 0, 0, 0]),
 (12, [595, 112, 1, 1, 0, 691, 1882, 0, 0, 1, 4, 0, 0, 1, 2]),
 (12, [646, 109, 0, 1, 1, 1010, 1594, 0, 1, 1, 4, 0, 0, 0, 0]),
 (12, [1960, 16, 0, 0, 0, 1635, 716, 0, 1, 1, 0, 0, 0, 2, 0]),
 (12, [591, 100, 0, 0, 1, 1847, 1400, 0, 1, 2, 4, 0, 1, 1, 1]),
 (12, [1445, 118, 1, 1, 1, 1950, 676, 1, 1, 1, 2, 0, 2, 2, 2]),
 (12, [1960, 16, 0, 0, 0, 1635, 716, 0, 1, 1, 0, 0, 0, 2, 0]),
 (12, [646, 109, 0, 1, 1, 1010, 1594, 0, 1, 1, 4, 0, 0, 0, 0]),
 (12, [1388, 90, 1, 0, 0, 1886, 953, 0, 1, 1, 1, 0, 0, 0, 1]),
 (16, [1964, 79, 1, 1, 1, 1172, 519, 1, 1, 0, 1, 0, 2, 1, 0]),
 (12, [595, 112, 1, 1, 0, 691, 1882, 0, 0, 1, 4, 0, 0, 1, 2]),
 (12, [591, 100, 0, 0, 1, 1847, 1400, 0, 1, 2, 4, 0, 1, 1, 1]),
 (12, [1923, 87, 1, 1, 1, 790, 1447, 0, 0, 2, 3, 0, 1, 0, 0]),
 (12, [1720, 95, 0, 0, 0, 1344, 1813, 1, 0, 0, 0, 0, 2, 2, 2]),
 (12, [1923, 87, 1, 1, 1, 790, 1447, 0, 0, 2, 3, 0, 1, 0, 0]),
 (12, [1445, 118, 1, 1, 1, 1950, 676, 1, 1, 1, 2, 0, 2, 2, 2]),
 (12, [1923, 87, 1, 1, 1, 790, 1447, 0, 0, 2, 3, 0, 1, 0, 0]),
 (12, [646, 109, 0, 1, 1, 1010, 1594, 0, 1, 1, 4, 0, 0, 0, 0]),
 (12, [591, 100, 0, 0, 1, 1847, 1400, 0, 1, 2, 4, 0, 1, 1, 1]),
 (12, [646, 109, 0, 1, 1, 1010, 1594, 0, 1, 1, 4, 0, 0, 0, 0]),
 (12, [591, 100, 0, 0, 1, 1847, 1400, 0, 1, 2, 4, 0, 1, 1, 1]),
 (12, [1401, 92, 0, 1, 0, 1104, 728, 0, 0, 1, 3, 0, 0, 0, 0]),
 (12, [646, 109, 0, 1, 1, 1010, 1594, 0, 1, 1, 4, 0, 0, 0, 0]),
 (12, [591, 100, 0, 0, 1, 1847, 1400, 0, 1, 2, 4, 0, 1, 1, 1]),
 (12, [1445, 118, 1, 1, 1, 1950, 676, 1, 1, 1, 2, 0, 2, 2, 2])]
population
[(999, [1846, 75, 0, 0, 1, 545, 942, 1, 1, 3, 3, 1, 2, 1, 0]),
 (999, [1662, 82, 1, 1, 1, 935, 1512, 1, 1, 2, 5, 1, 2, 2, 1]),
 (999, [1454, 83, 1, 0, 0, 1030, 798, 0, 1, 2, 5, 0, 1, 0, 0]),
 (999, [1328, 101, 1, 1, 1, 1497, 1543, 1, 0, 2, 5, 1, 1, 2, 0]),
 (999, [1092, 55, 1, 0, 0, 1502, 1428, 0, 1, 3, 0, 0, 2, 1, 1]),
 (999, [1076, 80, 0, 0, 1, 990, 2005, 1, 0, 3, 4, 0, 0, 0, 0]),
 (999, [1054, 68, 1, 1, 1, 1938, 1372, 1, 1, 3, 3, 0, 0, 1, 2]),
 (999, [951, 46, 0, 0, 1, 978, 1842, 0, 0, 3, 4, 1, 0, 0, 1]),
 (999, [624, 33, 1, 1, 1, 1778, 643, 1, 1, 1, 5, 0, 0, 0, 0]),
 (33, [1689, 118, 0, 0, 0, 583, 1762, 0, 0, 2, 4, 0, 0, 2, 0]),
 (16, [1975, 114, 0, 0, 1, 1890, 687, 0, 1, 2, 0, 1, 1, 0, 0]),
 (16, [1964, 79, 1, 1, 1, 1172, 519, 1, 1, 0, 1, 0, 2, 1, 0]),
 (16, [1883, 30, 0, 0, 1, 2039, 1627, 1, 1, 1, 3, 1, 2, 2, 0]),
 (16, [1778, 69, 0, 0, 0, 739, 1337, 1, 0, 1, 2, 1, 0, 2, 0]),
 (16, [1645, 62, 0, 0, 0, 1656, 918, 1, 1, 2, 2, 0, 0, 1, 2]),
 (16, [1288, 25, 0, 1, 1, 1900, 1926, 1, 1, 2, 2, 1, 1, 2, 2]),
 (16, [1281, 18, 0, 1, 0, 1274, 1582, 0, 0, 2, 3, 0, 0, 1, 0]),
 (16, [1078, 15, 0, 0, 0, 1880, 809, 0, 0, 0, 3, 0, 0, 2, 2]),
 (16, [1003, 99, 1, 1, 1, 778, 1472, 1, 1, 0, 4, 1, 0, 0, 0]),
 (16, [763, 79, 0, 0, 0, 1667, 2025, 1, 1, 1, 3, 1, 0, 1, 1]),
 (16, [668, 14, 1, 1, 1, 716, 745, 0, 1, 1, 4, 0, 1, 2, 0]),
 (16, [659, 45, 1, 1, 1, 1199, 697, 0, 0, 2, 1, 1, 0, 2, 0]),
 (12, [2031, 42, 1, 1, 0, 1009, 1394, 1, 1, 2, 3, 1, 2, 2, 0]),
 (12, [1960, 16, 0, 0, 0, 1635, 716, 0, 1, 1, 0, 0, 0, 2, 0]),
 (12, [1923, 87, 1, 1, 1, 790, 1447, 0, 0, 2, 3, 0, 1, 0, 0]),
 (12, [1720, 95, 0, 0, 0, 1344, 1813, 1, 0, 0, 0, 0, 2, 2, 2]),
 (12, [1445, 118, 1, 1, 1, 1950, 676, 1, 1, 1, 2, 0, 2, 2, 2]),
 (12, [1401, 92, 0, 1, 0, 1104, 728, 0, 0, 1, 3, 0, 0, 0, 0]),
 (12, [1388, 90, 1, 0, 0, 1886, 953, 0, 1, 1, 1, 0, 0, 0, 1]),
 (12, [646, 109, 0, 1, 1, 1010, 1594, 0, 1, 1, 4, 0, 0, 0, 0]),
 (12, [595, 112, 1, 1, 0, 691, 1882, 0, 0, 1, 4, 0, 0, 1, 2]),
 (12, [591, 100, 0, 0, 1, 1847, 1400, 0, 1, 2, 4, 0, 1, 1, 1])]
scored
[(12, [591, 100, 0, 0, 1, 1847, 1400, 0, 1, 2, 4, 0, 1, 1, 1]),
 (12, [595, 112, 1, 1, 0, 691, 1882, 0, 0, 1, 4, 0, 0, 1, 2]),
 (12, [646, 109, 0, 1, 1, 1010, 1594, 0, 1, 1, 4, 0, 0, 0, 0]),
 (12, [1388, 90, 1, 0, 0, 1886, 953, 0, 1, 1, 1, 0, 0, 0, 1]),
 (12, [1401, 92, 0, 1, 0, 1104, 728, 0, 0, 1, 3, 0, 0, 0, 0]),
 (12, [1445, 118, 1, 1, 1, 1950, 676, 1, 1, 1, 2, 0, 2, 2, 2]),
 (12, [1720, 95, 0, 0, 0, 1344, 1813, 1, 0, 0, 0, 0, 2, 2, 2]),
 (12, [1923, 87, 1, 1, 1, 790, 1447, 0, 0, 2, 3, 0, 1, 0, 0]),
 (12, [1960, 16, 0, 0, 0, 1635, 716, 0, 1, 1, 0, 0, 0, 2, 0]),
 (12, [2031, 42, 1, 1, 0, 1009, 1394, 1, 1, 2, 3, 1, 2, 2, 0]),
 (16, [659, 45, 1, 1, 1, 1199, 697, 0, 0, 2, 1, 1, 0, 2, 0]),
 (16, [668, 14, 1, 1, 1, 716, 745, 0, 1, 1, 4, 0, 1, 2, 0]),
 (16, [763, 79, 0, 0, 0, 1667, 2025, 1, 1, 1, 3, 1, 0, 1, 1]),
 (16, [1003, 99, 1, 1, 1, 778, 1472, 1, 1, 0, 4, 1, 0, 0, 0]),
 (16, [1078, 15, 0, 0, 0, 1880, 809, 0, 0, 0, 3, 0, 0, 2, 2]),
 (16, [1281, 18, 0, 1, 0, 1274, 1582, 0, 0, 2, 3, 0, 0, 1, 0]),
 (16, [1288, 25, 0, 1, 1, 1900, 1926, 1, 1, 2, 2, 1, 1, 2, 2]),
 (16, [1645, 62, 0, 0, 0, 1656, 918, 1, 1, 2, 2, 0, 0, 1, 2]),
 (16, [1778, 69, 0, 0, 0, 739, 1337, 1, 0, 1, 2, 1, 0, 2, 0]),
 (16, [1883, 30, 0, 0, 1, 2039, 1627, 1, 1, 1, 3, 1, 2, 2, 0]),
 (16, [1964, 79, 1, 1, 1, 1172, 519, 1, 1, 0, 1, 0, 2, 1, 0]),
 (16, [1975, 114, 0, 0, 1, 1890, 687, 0, 1, 2, 0, 1, 1, 0, 0]),
 (33, [1689, 118, 0, 0, 0, 583, 1762, 0, 0, 2, 4, 0, 0, 2, 0]),
 (999, [624, 33, 1, 1, 1, 1778, 643, 1, 1, 1, 5, 0, 0, 0, 0]),
 (999, [951, 46, 0, 0, 1, 978, 1842, 0, 0, 3, 4, 1, 0, 0, 1]),
 (999, [1054, 68, 1, 1, 1, 1938, 1372, 1, 1, 3, 3, 0, 0, 1, 2]),
 (999, [1076, 80, 0, 0, 1, 990, 2005, 1, 0, 3, 4, 0, 0, 0, 0]),
 (999, [1092, 55, 1, 0, 0, 1502, 1428, 0, 1, 3, 0, 0, 2, 1, 1]),
 (999, [1328, 101, 1, 1, 1, 1497, 1543, 1, 0, 2, 5, 1, 1, 2, 0]),
 (999, [1454, 83, 1, 0, 0, 1030, 798, 0, 1, 2, 5, 0, 1, 0, 0]),
 (999, [1662, 82, 1, 1, 1, 935, 1512, 1, 1, 2, 5, 1, 2, 2, 1]),
 (999, [1846, 75, 0, 0, 1, 545, 942, 1, 1, 3, 3, 1, 2, 1, 0])]
Selected
[(12, [595, 112, 1, 1, 0, 691, 1882, 0, 0, 1, 4, 0, 0, 1, 2]),
 (12, [595, 112, 1, 1, 0, 691, 1882, 0, 0, 1, 4, 0, 0, 1, 2]),
 (12, [1388, 90, 1, 0, 0, 1886, 953, 0, 1, 1, 1, 0, 0, 0, 1]),
 (12, [591, 100, 0, 0, 1, 1847, 1400, 0, 1, 2, 4, 0, 1, 1, 1]),
 (12, [1720, 95, 0, 0, 0, 1344, 1813, 1, 0, 0, 0, 0, 2, 2, 2]),
 (12, [1923, 87, 1, 1, 1, 790, 1447, 0, 0, 2, 3, 0, 1, 0, 0]),
 (12, [2031, 42, 1, 1, 0, 1009, 1394, 1, 1, 2, 3, 1, 2, 2, 0]),
 (16, [668, 14, 1, 1, 1, 716, 745, 0, 1, 1, 4, 0, 1, 2, 0]),
 (12, [1960, 16, 0, 0, 0, 1635, 716, 0, 1, 1, 0, 0, 0, 2, 0]),
 (12, [1388, 90, 1, 0, 0, 1886, 953, 0, 1, 1, 1, 0, 0, 0, 1]),
 (12, [646, 109, 0, 1, 1, 1010, 1594, 0, 1, 1, 4, 0, 0, 0, 0]),
 (12, [595, 112, 1, 1, 0, 691, 1882, 0, 0, 1, 4, 0, 0, 1, 2]),
 (16, [1003, 99, 1, 1, 1, 778, 1472, 1, 1, 0, 4, 1, 0, 0, 0]),
 (12, [591, 100, 0, 0, 1, 1847, 1400, 0, 1, 2, 4, 0, 1, 1, 1]),
 (12, [1388, 90, 1, 0, 0, 1886, 953, 0, 1, 1, 1, 0, 0, 0, 1]),
 (12, [591, 100, 0, 0, 1, 1847, 1400, 0, 1, 2, 4, 0, 1, 1, 1]),
 (12, [591, 100, 0, 0, 1, 1847, 1400, 0, 1, 2, 4, 0, 1, 1, 1]),
 (16, [668, 14, 1, 1, 1, 716, 745, 0, 1, 1, 4, 0, 1, 2, 0]),
 (12, [646, 109, 0, 1, 1, 1010, 1594, 0, 1, 1, 4, 0, 0, 0, 0]),
 (12, [1388, 90, 1, 0, 0, 1886, 953, 0, 1, 1, 1, 0, 0, 0, 1]),
 (12, [646, 109, 0, 1, 1, 1010, 1594, 0, 1, 1, 4, 0, 0, 0, 0]),
 (12, [646, 109, 0, 1, 1, 1010, 1594, 0, 1, 1, 4, 0, 0, 0, 0]),
 (12, [1388, 90, 1, 0, 0, 1886, 953, 0, 1, 1, 1, 0, 0, 0, 1]),
 (12, [1923, 87, 1, 1, 1, 790, 1447, 0, 0, 2, 3, 0, 1, 0, 0]),
 (12, [595, 112, 1, 1, 0, 691, 1882, 0, 0, 1, 4, 0, 0, 1, 2]),
 (12, [1401, 92, 0, 1, 0, 1104, 728, 0, 0, 1, 3, 0, 0, 0, 0]),
 (16, [1883, 30, 0, 0, 1, 2039, 1627, 1, 1, 1, 3, 1, 2, 2, 0])]
population
[(999, [1846, 75, 0, 0, 1, 545, 942, 1, 1, 3, 3, 1, 2, 1, 0]),
 (999, [1662, 82, 1, 1, 1, 935, 1512, 1, 1, 2, 5, 1, 2, 2, 1]),
 (999, [1454, 83, 1, 0, 0, 1030, 798, 0, 1, 2, 5, 0, 1, 0, 0]),
 (999, [1328, 101, 1, 1, 1, 1497, 1543, 1, 0, 2, 5, 1, 1, 2, 0]),
 (999, [1092, 55, 1, 0, 0, 1502, 1428, 0, 1, 3, 0, 0, 2, 1, 1]),
 (999, [1076, 80, 0, 0, 1, 990, 2005, 1, 0, 3, 4, 0, 0, 0, 0]),
 (999, [1054, 68, 1, 1, 1, 1938, 1372, 1, 1, 3, 3, 0, 0, 1, 2]),
 (999, [951, 46, 0, 0, 1, 978, 1842, 0, 0, 3, 4, 1, 0, 0, 1]),
 (999, [624, 33, 1, 1, 1, 1778, 643, 1, 1, 1, 5, 0, 0, 0, 0]),
 (33, [1689, 118, 0, 0, 0, 583, 1762, 0, 0, 2, 4, 0, 0, 2, 0]),
 (16, [1975, 114, 0, 0, 1, 1890, 687, 0, 1, 2, 0, 1, 1, 0, 0]),
 (16, [1964, 79, 1, 1, 1, 1172, 519, 1, 1, 0, 1, 0, 2, 1, 0]),
 (16, [1883, 30, 0, 0, 1, 2039, 1627, 1, 1, 1, 3, 1, 2, 2, 0]),
 (16, [1778, 69, 0, 0, 0, 739, 1337, 1, 0, 1, 2, 1, 0, 2, 0]),
 (16, [1645, 62, 0, 0, 0, 1656, 918, 1, 1, 2, 2, 0, 0, 1, 2]),
 (16, [1288, 25, 0, 1, 1, 1900, 1926, 1, 1, 2, 2, 1, 1, 2, 2]),
 (16, [1281, 18, 0, 1, 0, 1274, 1582, 0, 0, 2, 3, 0, 0, 1, 0]),
 (16, [1078, 15, 0, 0, 0, 1880, 809, 0, 0, 0, 3, 0, 0, 2, 2]),
 (16, [1003, 99, 1, 1, 1, 778, 1472, 1, 1, 0, 4, 1, 0, 0, 0]),
 (16, [763, 79, 0, 0, 0, 1667, 2025, 1, 1, 1, 3, 1, 0, 1, 1]),
 (16, [668, 14, 1, 1, 1, 716, 745, 0, 1, 1, 4, 0, 1, 2, 0]),
 (16, [659, 45, 1, 1, 1, 1199, 697, 0, 0, 2, 1, 1, 0, 2, 0]),
 (12, [2031, 42, 1, 1, 0, 1009, 1394, 1, 1, 2, 3, 1, 2, 2, 0]),
 (12, [1960, 16, 0, 0, 0, 1635, 716, 0, 1, 1, 0, 0, 0, 2, 0]),
 (12, [1923, 87, 1, 1, 1, 790, 1447, 0, 0, 2, 3, 0, 1, 0, 0]),
 (12, [1720, 95, 0, 0, 0, 1344, 1813, 1, 0, 0, 0, 0, 2, 2, 2]),
 (12, [1445, 118, 1, 1, 1, 1950, 676, 1, 1, 1, 2, 0, 2, 2, 2]),
 (12, [1401, 92, 0, 1, 0, 1104, 728, 0, 0, 1, 3, 0, 0, 0, 0]),
 (12, [1388, 90, 1, 0, 0, 1886, 953, 0, 1, 1, 1, 0, 0, 0, 1]),
 (12, [646, 109, 0, 1, 1, 1010, 1594, 0, 1, 1, 4, 0, 0, 0, 0]),
 (12, [595, 112, 1, 1, 0, 691, 1882, 0, 0, 1, 4, 0, 0, 1, 2]),
 (12, [591, 100, 0, 0, 1, 1847, 1400, 0, 1, 2, 4, 0, 1, 1, 1])]
scored
[(12, [591, 100, 0, 0, 1, 1847, 1400, 0, 1, 2, 4, 0, 1, 1, 1]),
 (12, [595, 112, 1, 1, 0, 691, 1882, 0, 0, 1, 4, 0, 0, 1, 2]),
 (12, [646, 109, 0, 1, 1, 1010, 1594, 0, 1, 1, 4, 0, 0, 0, 0]),
 (12, [1388, 90, 1, 0, 0, 1886, 953, 0, 1, 1, 1, 0, 0, 0, 1]),
 (12, [1401, 92, 0, 1, 0, 1104, 728, 0, 0, 1, 3, 0, 0, 0, 0]),
 (12, [1445, 118, 1, 1, 1, 1950, 676, 1, 1, 1, 2, 0, 2, 2, 2]),
 (12, [1720, 95, 0, 0, 0, 1344, 1813, 1, 0, 0, 0, 0, 2, 2, 2]),
 (12, [1923, 87, 1, 1, 1, 790, 1447, 0, 0, 2, 3, 0, 1, 0, 0]),
 (12, [1960, 16, 0, 0, 0, 1635, 716, 0, 1, 1, 0, 0, 0, 2, 0]),
 (12, [2031, 42, 1, 1, 0, 1009, 1394, 1, 1, 2, 3, 1, 2, 2, 0]),
 (16, [659, 45, 1, 1, 1, 1199, 697, 0, 0, 2, 1, 1, 0, 2, 0]),
 (16, [668, 14, 1, 1, 1, 716, 745, 0, 1, 1, 4, 0, 1, 2, 0]),
 (16, [763, 79, 0, 0, 0, 1667, 2025, 1, 1, 1, 3, 1, 0, 1, 1]),
 (16, [1003, 99, 1, 1, 1, 778, 1472, 1, 1, 0, 4, 1, 0, 0, 0]),
 (16, [1078, 15, 0, 0, 0, 1880, 809, 0, 0, 0, 3, 0, 0, 2, 2]),
 (16, [1281, 18, 0, 1, 0, 1274, 1582, 0, 0, 2, 3, 0, 0, 1, 0]),
 (16, [1288, 25, 0, 1, 1, 1900, 1926, 1, 1, 2, 2, 1, 1, 2, 2]),
 (16, [1645, 62, 0, 0, 0, 1656, 918, 1, 1, 2, 2, 0, 0, 1, 2]),
 (16, [1778, 69, 0, 0, 0, 739, 1337, 1, 0, 1, 2, 1, 0, 2, 0]),
 (16, [1883, 30, 0, 0, 1, 2039, 1627, 1, 1, 1, 3, 1, 2, 2, 0]),
 (16, [1964, 79, 1, 1, 1, 1172, 519, 1, 1, 0, 1, 0, 2, 1, 0]),
 (16, [1975, 114, 0, 0, 1, 1890, 687, 0, 1, 2, 0, 1, 1, 0, 0]),
 (33, [1689, 118, 0, 0, 0, 583, 1762, 0, 0, 2, 4, 0, 0, 2, 0]),
 (999, [624, 33, 1, 1, 1, 1778, 643, 1, 1, 1, 5, 0, 0, 0, 0]),
 (999, [951, 46, 0, 0, 1, 978, 1842, 0, 0, 3, 4, 1, 0, 0, 1]),
 (999, [1054, 68, 1, 1, 1, 1938, 1372, 1, 1, 3, 3, 0, 0, 1, 2]),
 (999, [1076, 80, 0, 0, 1, 990, 2005, 1, 0, 3, 4, 0, 0, 0, 0]),
 (999, [1092, 55, 1, 0, 0, 1502, 1428, 0, 1, 3, 0, 0, 2, 1, 1]),
 (999, [1328, 101, 1, 1, 1, 1497, 1543, 1, 0, 2, 5, 1, 1, 2, 0]),
 (999, [1454, 83, 1, 0, 0, 1030, 798, 0, 1, 2, 5, 0, 1, 0, 0]),
 (999, [1662, 82, 1, 1, 1, 935, 1512, 1, 1, 2, 5, 1, 2, 2, 1]),
 (999, [1846, 75, 0, 0, 1, 545, 942, 1, 1, 3, 3, 1, 2, 1, 0])]
Selected
[(12, [1388, 90, 1, 0, 0, 1886, 953, 0, 1, 1, 1, 0, 0, 0, 1]),
 (12, [1388, 90, 1, 0, 0, 1886, 953, 0, 1, 1, 1, 0, 0, 0, 1]),
 (12, [1923, 87, 1, 1, 1, 790, 1447, 0, 0, 2, 3, 0, 1, 0, 0]),
 (12, [646, 109, 0, 1, 1, 1010, 1594, 0, 1, 1, 4, 0, 0, 0, 0]),
 (12, [1388, 90, 1, 0, 0, 1886, 953, 0, 1, 1, 1, 0, 0, 0, 1]),
 (12, [2031, 42, 1, 1, 0, 1009, 1394, 1, 1, 2, 3, 1, 2, 2, 0]),
 (12, [595, 112, 1, 1, 0, 691, 1882, 0, 0, 1, 4, 0, 0, 1, 2]),
 (12, [591, 100, 0, 0, 1, 1847, 1400, 0, 1, 2, 4, 0, 1, 1, 1]),
 (12, [1445, 118, 1, 1, 1, 1950, 676, 1, 1, 1, 2, 0, 2, 2, 2]),
 (12, [2031, 42, 1, 1, 0, 1009, 1394, 1, 1, 2, 3, 1, 2, 2, 0]),
 (12, [591, 100, 0, 0, 1, 1847, 1400, 0, 1, 2, 4, 0, 1, 1, 1]),
 (16, [1281, 18, 0, 1, 0, 1274, 1582, 0, 0, 2, 3, 0, 0, 1, 0]),
 (12, [2031, 42, 1, 1, 0, 1009, 1394, 1, 1, 2, 3, 1, 2, 2, 0]),
 (12, [595, 112, 1, 1, 0, 691, 1882, 0, 0, 1, 4, 0, 0, 1, 2]),
 (12, [1388, 90, 1, 0, 0, 1886, 953, 0, 1, 1, 1, 0, 0, 0, 1]),
 (12, [1388, 90, 1, 0, 0, 1886, 953, 0, 1, 1, 1, 0, 0, 0, 1]),
 (12, [1401, 92, 0, 1, 0, 1104, 728, 0, 0, 1, 3, 0, 0, 0, 0]),
 (12, [1401, 92, 0, 1, 0, 1104, 728, 0, 0, 1, 3, 0, 0, 0, 0]),
 (16, [659, 45, 1, 1, 1, 1199, 697, 0, 0, 2, 1, 1, 0, 2, 0]),
 (12, [595, 112, 1, 1, 0, 691, 1882, 0, 0, 1, 4, 0, 0, 1, 2]),
 (16, [1003, 99, 1, 1, 1, 778, 1472, 1, 1, 0, 4, 1, 0, 0, 0]),
 (12, [1445, 118, 1, 1, 1, 1950, 676, 1, 1, 1, 2, 0, 2, 2, 2]),
 (12, [1445, 118, 1, 1, 1, 1950, 676, 1, 1, 1, 2, 0, 2, 2, 2]),
 (16, [668, 14, 1, 1, 1, 716, 745, 0, 1, 1, 4, 0, 1, 2, 0]),
 (12, [1388, 90, 1, 0, 0, 1886, 953, 0, 1, 1, 1, 0, 0, 0, 1]),
 (16, [668, 14, 1, 1, 1, 716, 745, 0, 1, 1, 4, 0, 1, 2, 0]),
 (12, [1388, 90, 1, 0, 0, 1886, 953, 0, 1, 1, 1, 0, 0, 0, 1])]
population
[(999, [1846, 75, 0, 0, 1, 545, 942, 1, 1, 3, 3, 1, 2, 1, 0]),
 (999, [1662, 82, 1, 1, 1, 935, 1512, 1, 1, 2, 5, 1, 2, 2, 1]),
 (999, [1454, 83, 1, 0, 0, 1030, 798, 0, 1, 2, 5, 0, 1, 0, 0]),
 (999, [1328, 101, 1, 1, 1, 1497, 1543, 1, 0, 2, 5, 1, 1, 2, 0]),
 (999, [1092, 55, 1, 0, 0, 1502, 1428, 0, 1, 3, 0, 0, 2, 1, 1]),
 (999, [1076, 80, 0, 0, 1, 990, 2005, 1, 0, 3, 4, 0, 0, 0, 0]),
 (999, [1054, 68, 1, 1, 1, 1938, 1372, 1, 1, 3, 3, 0, 0, 1, 2]),
 (999, [951, 46, 0, 0, 1, 978, 1842, 0, 0, 3, 4, 1, 0, 0, 1]),
 (999, [624, 33, 1, 1, 1, 1778, 643, 1, 1, 1, 5, 0, 0, 0, 0]),
 (33, [1689, 118, 0, 0, 0, 583, 1762, 0, 0, 2, 4, 0, 0, 2, 0]),
 (16, [1975, 114, 0, 0, 1, 1890, 687, 0, 1, 2, 0, 1, 1, 0, 0]),
 (16, [1964, 79, 1, 1, 1, 1172, 519, 1, 1, 0, 1, 0, 2, 1, 0]),
 (16, [1883, 30, 0, 0, 1, 2039, 1627, 1, 1, 1, 3, 1, 2, 2, 0]),
 (16, [1778, 69, 0, 0, 0, 739, 1337, 1, 0, 1, 2, 1, 0, 2, 0]),
 (16, [1645, 62, 0, 0, 0, 1656, 918, 1, 1, 2, 2, 0, 0, 1, 2]),
 (16, [1288, 25, 0, 1, 1, 1900, 1926, 1, 1, 2, 2, 1, 1, 2, 2]),
 (16, [1281, 18, 0, 1, 0, 1274, 1582, 0, 0, 2, 3, 0, 0, 1, 0]),
 (16, [1078, 15, 0, 0, 0, 1880, 809, 0, 0, 0, 3, 0, 0, 2, 2]),
 (16, [1003, 99, 1, 1, 1, 778, 1472, 1, 1, 0, 4, 1, 0, 0, 0]),
 (16, [763, 79, 0, 0, 0, 1667, 2025, 1, 1, 1, 3, 1, 0, 1, 1]),
 (16, [668, 14, 1, 1, 1, 716, 745, 0, 1, 1, 4, 0, 1, 2, 0]),
 (16, [659, 45, 1, 1, 1, 1199, 697, 0, 0, 2, 1, 1, 0, 2, 0]),
 (12, [2031, 42, 1, 1, 0, 1009, 1394, 1, 1, 2, 3, 1, 2, 2, 0]),
 (12, [1960, 16, 0, 0, 0, 1635, 716, 0, 1, 1, 0, 0, 0, 2, 0]),
 (12, [1923, 87, 1, 1, 1, 790, 1447, 0, 0, 2, 3, 0, 1, 0, 0]),
 (12, [1720, 95, 0, 0, 0, 1344, 1813, 1, 0, 0, 0, 0, 2, 2, 2]),
 (12, [1445, 118, 1, 1, 1, 1950, 676, 1, 1, 1, 2, 0, 2, 2, 2]),
 (12, [1401, 92, 0, 1, 0, 1104, 728, 0, 0, 1, 3, 0, 0, 0, 0]),
 (12, [1388, 90, 1, 0, 0, 1886, 953, 0, 1, 1, 1, 0, 0, 0, 1]),
 (12, [646, 109, 0, 1, 1, 1010, 1594, 0, 1, 1, 4, 0, 0, 0, 0]),
 (12, [595, 112, 1, 1, 0, 691, 1882, 0, 0, 1, 4, 0, 0, 1, 2]),
 (12, [591, 100, 0, 0, 1, 1847, 1400, 0, 1, 2, 4, 0, 1, 1, 1])]
scored
[(12, [591, 100, 0, 0, 1, 1847, 1400, 0, 1, 2, 4, 0, 1, 1, 1]),
 (12, [595, 112, 1, 1, 0, 691, 1882, 0, 0, 1, 4, 0, 0, 1, 2]),
 (12, [646, 109, 0, 1, 1, 1010, 1594, 0, 1, 1, 4, 0, 0, 0, 0]),
 (12, [1388, 90, 1, 0, 0, 1886, 953, 0, 1, 1, 1, 0, 0, 0, 1]),
 (12, [1401, 92, 0, 1, 0, 1104, 728, 0, 0, 1, 3, 0, 0, 0, 0]),
 (12, [1445, 118, 1, 1, 1, 1950, 676, 1, 1, 1, 2, 0, 2, 2, 2]),
 (12, [1720, 95, 0, 0, 0, 1344, 1813, 1, 0, 0, 0, 0, 2, 2, 2]),
 (12, [1923, 87, 1, 1, 1, 790, 1447, 0, 0, 2, 3, 0, 1, 0, 0]),
 (12, [1960, 16, 0, 0, 0, 1635, 716, 0, 1, 1, 0, 0, 0, 2, 0]),
 (12, [2031, 42, 1, 1, 0, 1009, 1394, 1, 1, 2, 3, 1, 2, 2, 0]),
 (16, [659, 45, 1, 1, 1, 1199, 697, 0, 0, 2, 1, 1, 0, 2, 0]),
 (16, [668, 14, 1, 1, 1, 716, 745, 0, 1, 1, 4, 0, 1, 2, 0]),
 (16, [763, 79, 0, 0, 0, 1667, 2025, 1, 1, 1, 3, 1, 0, 1, 1]),
 (16, [1003, 99, 1, 1, 1, 778, 1472, 1, 1, 0, 4, 1, 0, 0, 0]),
 (16, [1078, 15, 0, 0, 0, 1880, 809, 0, 0, 0, 3, 0, 0, 2, 2]),
 (16, [1281, 18, 0, 1, 0, 1274, 1582, 0, 0, 2, 3, 0, 0, 1, 0]),
 (16, [1288, 25, 0, 1, 1, 1900, 1926, 1, 1, 2, 2, 1, 1, 2, 2]),
 (16, [1645, 62, 0, 0, 0, 1656, 918, 1, 1, 2, 2, 0, 0, 1, 2]),
 (16, [1778, 69, 0, 0, 0, 739, 1337, 1, 0, 1, 2, 1, 0, 2, 0]),
 (16, [1883, 30, 0, 0, 1, 2039, 1627, 1, 1, 1, 3, 1, 2, 2, 0]),
 (16, [1964, 79, 1, 1, 1, 1172, 519, 1, 1, 0, 1, 0, 2, 1, 0]),
 (16, [1975, 114, 0, 0, 1, 1890, 687, 0, 1, 2, 0, 1, 1, 0, 0]),
 (33, [1689, 118, 0, 0, 0, 583, 1762, 0, 0, 2, 4, 0, 0, 2, 0]),
 (999, [624, 33, 1, 1, 1, 1778, 643, 1, 1, 1, 5, 0, 0, 0, 0]),
 (999, [951, 46, 0, 0, 1, 978, 1842, 0, 0, 3, 4, 1, 0, 0, 1]),
 (999, [1054, 68, 1, 1, 1, 1938, 1372, 1, 1, 3, 3, 0, 0, 1, 2]),
 (999, [1076, 80, 0, 0, 1, 990, 2005, 1, 0, 3, 4, 0, 0, 0, 0]),
 (999, [1092, 55, 1, 0, 0, 1502, 1428, 0, 1, 3, 0, 0, 2, 1, 1]),
 (999, [1328, 101, 1, 1, 1, 1497, 1543, 1, 0, 2, 5, 1, 1, 2, 0]),
 (999, [1454, 83, 1, 0, 0, 1030, 798, 0, 1, 2, 5, 0, 1, 0, 0]),
 (999, [1662, 82, 1, 1, 1, 935, 1512, 1, 1, 2, 5, 1, 2, 2, 1]),
 (999, [1846, 75, 0, 0, 1, 545, 942, 1, 1, 3, 3, 1, 2, 1, 0])]
Selected
[(12, [595, 112, 1, 1, 0, 691, 1882, 0, 0, 1, 4, 0, 0, 1, 2]),
 (12, [591, 100, 0, 0, 1, 1847, 1400, 0, 1, 2, 4, 0, 1, 1, 1]),
 (12, [1960, 16, 0, 0, 0, 1635, 716, 0, 1, 1, 0, 0, 0, 2, 0]),
 (12, [1720, 95, 0, 0, 0, 1344, 1813, 1, 0, 0, 0, 0, 2, 2, 2]),
 (12, [591, 100, 0, 0, 1, 1847, 1400, 0, 1, 2, 4, 0, 1, 1, 1]),
 (16, [1975, 114, 0, 0, 1, 1890, 687, 0, 1, 2, 0, 1, 1, 0, 0]),
 (12, [1445, 118, 1, 1, 1, 1950, 676, 1, 1, 1, 2, 0, 2, 2, 2]),
 (12, [591, 100, 0, 0, 1, 1847, 1400, 0, 1, 2, 4, 0, 1, 1, 1]),
 (12, [646, 109, 0, 1, 1, 1010, 1594, 0, 1, 1, 4, 0, 0, 0, 0]),
 (12, [595, 112, 1, 1, 0, 691, 1882, 0, 0, 1, 4, 0, 0, 1, 2]),
 (12, [591, 100, 0, 0, 1, 1847, 1400, 0, 1, 2, 4, 0, 1, 1, 1]),
 (12, [2031, 42, 1, 1, 0, 1009, 1394, 1, 1, 2, 3, 1, 2, 2, 0]),
 (12, [1401, 92, 0, 1, 0, 1104, 728, 0, 0, 1, 3, 0, 0, 0, 0]),
 (12, [1445, 118, 1, 1, 1, 1950, 676, 1, 1, 1, 2, 0, 2, 2, 2]),
 (12, [1720, 95, 0, 0, 0, 1344, 1813, 1, 0, 0, 0, 0, 2, 2, 2]),
 (12, [1388, 90, 1, 0, 0, 1886, 953, 0, 1, 1, 1, 0, 0, 0, 1]),
 (12, [1445, 118, 1, 1, 1, 1950, 676, 1, 1, 1, 2, 0, 2, 2, 2]),
 (12, [591, 100, 0, 0, 1, 1847, 1400, 0, 1, 2, 4, 0, 1, 1, 1]),
 (12, [591, 100, 0, 0, 1, 1847, 1400, 0, 1, 2, 4, 0, 1, 1, 1]),
 (12, [2031, 42, 1, 1, 0, 1009, 1394, 1, 1, 2, 3, 1, 2, 2, 0]),
 (12, [595, 112, 1, 1, 0, 691, 1882, 0, 0, 1, 4, 0, 0, 1, 2]),
 (12, [591, 100, 0, 0, 1, 1847, 1400, 0, 1, 2, 4, 0, 1, 1, 1]),
 (12, [591, 100, 0, 0, 1, 1847, 1400, 0, 1, 2, 4, 0, 1, 1, 1]),
 (16, [1281, 18, 0, 1, 0, 1274, 1582, 0, 0, 2, 3, 0, 0, 1, 0]),
 (12, [595, 112, 1, 1, 0, 691, 1882, 0, 0, 1, 4, 0, 0, 1, 2]),
 (12, [1923, 87, 1, 1, 1, 790, 1447, 0, 0, 2, 3, 0, 1, 0, 0]),
 (12, [1720, 95, 0, 0, 0, 1344, 1813, 1, 0, 0, 0, 0, 2, 2, 2])]
population
[(999, [1846, 75, 0, 0, 1, 545, 942, 1, 1, 3, 3, 1, 2, 1, 0]),
 (999, [1662, 82, 1, 1, 1, 935, 1512, 1, 1, 2, 5, 1, 2, 2, 1]),
 (999, [1454, 83, 1, 0, 0, 1030, 798, 0, 1, 2, 5, 0, 1, 0, 0]),
 (999, [1328, 101, 1, 1, 1, 1497, 1543, 1, 0, 2, 5, 1, 1, 2, 0]),
 (999, [1092, 55, 1, 0, 0, 1502, 1428, 0, 1, 3, 0, 0, 2, 1, 1]),
 (999, [1076, 80, 0, 0, 1, 990, 2005, 1, 0, 3, 4, 0, 0, 0, 0]),
 (999, [1054, 68, 1, 1, 1, 1938, 1372, 1, 1, 3, 3, 0, 0, 1, 2]),
 (999, [951, 46, 0, 0, 1, 978, 1842, 0, 0, 3, 4, 1, 0, 0, 1]),
 (999, [624, 33, 1, 1, 1, 1778, 643, 1, 1, 1, 5, 0, 0, 0, 0]),
 (33, [1689, 118, 0, 0, 0, 583, 1762, 0, 0, 2, 4, 0, 0, 2, 0]),
 (16, [1975, 114, 0, 0, 1, 1890, 687, 0, 1, 2, 0, 1, 1, 0, 0]),
 (16, [1964, 79, 1, 1, 1, 1172, 519, 1, 1, 0, 1, 0, 2, 1, 0]),
 (16, [1883, 30, 0, 0, 1, 2039, 1627, 1, 1, 1, 3, 1, 2, 2, 0]),
 (16, [1778, 69, 0, 0, 0, 739, 1337, 1, 0, 1, 2, 1, 0, 2, 0]),
 (16, [1645, 62, 0, 0, 0, 1656, 918, 1, 1, 2, 2, 0, 0, 1, 2]),
 (16, [1288, 25, 0, 1, 1, 1900, 1926, 1, 1, 2, 2, 1, 1, 2, 2]),
 (16, [1281, 18, 0, 1, 0, 1274, 1582, 0, 0, 2, 3, 0, 0, 1, 0]),
 (16, [1078, 15, 0, 0, 0, 1880, 809, 0, 0, 0, 3, 0, 0, 2, 2]),
 (16, [1003, 99, 1, 1, 1, 778, 1472, 1, 1, 0, 4, 1, 0, 0, 0]),
 (16, [763, 79, 0, 0, 0, 1667, 2025, 1, 1, 1, 3, 1, 0, 1, 1]),
 (16, [668, 14, 1, 1, 1, 716, 745, 0, 1, 1, 4, 0, 1, 2, 0]),
 (16, [659, 45, 1, 1, 1, 1199, 697, 0, 0, 2, 1, 1, 0, 2, 0]),
 (12, [2031, 42, 1, 1, 0, 1009, 1394, 1, 1, 2, 3, 1, 2, 2, 0]),
 (12, [1960, 16, 0, 0, 0, 1635, 716, 0, 1, 1, 0, 0, 0, 2, 0]),
 (12, [1923, 87, 1, 1, 1, 790, 1447, 0, 0, 2, 3, 0, 1, 0, 0]),
 (12, [1720, 95, 0, 0, 0, 1344, 1813, 1, 0, 0, 0, 0, 2, 2, 2]),
 (12, [1445, 118, 1, 1, 1, 1950, 676, 1, 1, 1, 2, 0, 2, 2, 2]),
 (12, [1401, 92, 0, 1, 0, 1104, 728, 0, 0, 1, 3, 0, 0, 0, 0]),
 (12, [1388, 90, 1, 0, 0, 1886, 953, 0, 1, 1, 1, 0, 0, 0, 1]),
 (12, [646, 109, 0, 1, 1, 1010, 1594, 0, 1, 1, 4, 0, 0, 0, 0]),
 (12, [595, 112, 1, 1, 0, 691, 1882, 0, 0, 1, 4, 0, 0, 1, 2]),
 (12, [591, 100, 0, 0, 1, 1847, 1400, 0, 1, 2, 4, 0, 1, 1, 1])]
scored
[(12, [591, 100, 0, 0, 1, 1847, 1400, 0, 1, 2, 4, 0, 1, 1, 1]),
 (12, [595, 112, 1, 1, 0, 691, 1882, 0, 0, 1, 4, 0, 0, 1, 2]),
 (12, [646, 109, 0, 1, 1, 1010, 1594, 0, 1, 1, 4, 0, 0, 0, 0]),
 (12, [1388, 90, 1, 0, 0, 1886, 953, 0, 1, 1, 1, 0, 0, 0, 1]),
 (12, [1401, 92, 0, 1, 0, 1104, 728, 0, 0, 1, 3, 0, 0, 0, 0]),
 (12, [1445, 118, 1, 1, 1, 1950, 676, 1, 1, 1, 2, 0, 2, 2, 2]),
 (12, [1720, 95, 0, 0, 0, 1344, 1813, 1, 0, 0, 0, 0, 2, 2, 2]),
 (12, [1923, 87, 1, 1, 1, 790, 1447, 0, 0, 2, 3, 0, 1, 0, 0]),
 (12, [1960, 16, 0, 0, 0, 1635, 716, 0, 1, 1, 0, 0, 0, 2, 0]),
 (12, [2031, 42, 1, 1, 0, 1009, 1394, 1, 1, 2, 3, 1, 2, 2, 0]),
 (16, [659, 45, 1, 1, 1, 1199, 697, 0, 0, 2, 1, 1, 0, 2, 0]),
 (16, [668, 14, 1, 1, 1, 716, 745, 0, 1, 1, 4, 0, 1, 2, 0]),
 (16, [763, 79, 0, 0, 0, 1667, 2025, 1, 1, 1, 3, 1, 0, 1, 1]),
 (16, [1003, 99, 1, 1, 1, 778, 1472, 1, 1, 0, 4, 1, 0, 0, 0]),
 (16, [1078, 15, 0, 0, 0, 1880, 809, 0, 0, 0, 3, 0, 0, 2, 2]),
 (16, [1281, 18, 0, 1, 0, 1274, 1582, 0, 0, 2, 3, 0, 0, 1, 0]),
 (16, [1288, 25, 0, 1, 1, 1900, 1926, 1, 1, 2, 2, 1, 1, 2, 2]),
 (16, [1645, 62, 0, 0, 0, 1656, 918, 1, 1, 2, 2, 0, 0, 1, 2]),
 (16, [1778, 69, 0, 0, 0, 739, 1337, 1, 0, 1, 2, 1, 0, 2, 0]),
 (16, [1883, 30, 0, 0, 1, 2039, 1627, 1, 1, 1, 3, 1, 2, 2, 0]),
 (16, [1964, 79, 1, 1, 1, 1172, 519, 1, 1, 0, 1, 0, 2, 1, 0]),
 (16, [1975, 114, 0, 0, 1, 1890, 687, 0, 1, 2, 0, 1, 1, 0, 0]),
 (33, [1689, 118, 0, 0, 0, 583, 1762, 0, 0, 2, 4, 0, 0, 2, 0]),
 (999, [624, 33, 1, 1, 1, 1778, 643, 1, 1, 1, 5, 0, 0, 0, 0]),
 (999, [951, 46, 0, 0, 1, 978, 1842, 0, 0, 3, 4, 1, 0, 0, 1]),
 (999, [1054, 68, 1, 1, 1, 1938, 1372, 1, 1, 3, 3, 0, 0, 1, 2]),
 (999, [1076, 80, 0, 0, 1, 990, 2005, 1, 0, 3, 4, 0, 0, 0, 0]),
 (999, [1092, 55, 1, 0, 0, 1502, 1428, 0, 1, 3, 0, 0, 2, 1, 1]),
 (999, [1328, 101, 1, 1, 1, 1497, 1543, 1, 0, 2, 5, 1, 1, 2, 0]),
 (999, [1454, 83, 1, 0, 0, 1030, 798, 0, 1, 2, 5, 0, 1, 0, 0]),
 (999, [1662, 82, 1, 1, 1, 935, 1512, 1, 1, 2, 5, 1, 2, 2, 1]),
 (999, [1846, 75, 0, 0, 1, 545, 942, 1, 1, 3, 3, 1, 2, 1, 0])]
Selected
[(12, [646, 109, 0, 1, 1, 1010, 1594, 0, 1, 1, 4, 0, 0, 0, 0]),
 (12, [595, 112, 1, 1, 0, 691, 1882, 0, 0, 1, 4, 0, 0, 1, 2]),
 (12, [1960, 16, 0, 0, 0, 1635, 716, 0, 1, 1, 0, 0, 0, 2, 0]),
 (12, [595, 112, 1, 1, 0, 691, 1882, 0, 0, 1, 4, 0, 0, 1, 2]),
 (12, [1720, 95, 0, 0, 0, 1344, 1813, 1, 0, 0, 0, 0, 2, 2, 2]),
 (12, [595, 112, 1, 1, 0, 691, 1882, 0, 0, 1, 4, 0, 0, 1, 2]),
 (12, [1720, 95, 0, 0, 0, 1344, 1813, 1, 0, 0, 0, 0, 2, 2, 2]),
 (12, [646, 109, 0, 1, 1, 1010, 1594, 0, 1, 1, 4, 0, 0, 0, 0]),
 (12, [1388, 90, 1, 0, 0, 1886, 953, 0, 1, 1, 1, 0, 0, 0, 1]),
 (12, [1445, 118, 1, 1, 1, 1950, 676, 1, 1, 1, 2, 0, 2, 2, 2]),
 (12, [591, 100, 0, 0, 1, 1847, 1400, 0, 1, 2, 4, 0, 1, 1, 1]),
 (12, [1720, 95, 0, 0, 0, 1344, 1813, 1, 0, 0, 0, 0, 2, 2, 2]),
 (12, [646, 109, 0, 1, 1, 1010, 1594, 0, 1, 1, 4, 0, 0, 0, 0]),
 (16, [659, 45, 1, 1, 1, 1199, 697, 0, 0, 2, 1, 1, 0, 2, 0]),
 (12, [646, 109, 0, 1, 1, 1010, 1594, 0, 1, 1, 4, 0, 0, 0, 0]),
 (12, [1401, 92, 0, 1, 0, 1104, 728, 0, 0, 1, 3, 0, 0, 0, 0]),
 (12, [595, 112, 1, 1, 0, 691, 1882, 0, 0, 1, 4, 0, 0, 1, 2]),
 (12, [591, 100, 0, 0, 1, 1847, 1400, 0, 1, 2, 4, 0, 1, 1, 1]),
 (12, [646, 109, 0, 1, 1, 1010, 1594, 0, 1, 1, 4, 0, 0, 0, 0]),
 (12, [1960, 16, 0, 0, 0, 1635, 716, 0, 1, 1, 0, 0, 0, 2, 0]),
 (12, [646, 109, 0, 1, 1, 1010, 1594, 0, 1, 1, 4, 0, 0, 0, 0]),
 (12, [1960, 16, 0, 0, 0, 1635, 716, 0, 1, 1, 0, 0, 0, 2, 0]),
 (16, [1288, 25, 0, 1, 1, 1900, 1926, 1, 1, 2, 2, 1, 1, 2, 2]),
 (12, [591, 100, 0, 0, 1, 1847, 1400, 0, 1, 2, 4, 0, 1, 1, 1]),
 (16, [668, 14, 1, 1, 1, 716, 745, 0, 1, 1, 4, 0, 1, 2, 0]),
 (12, [1960, 16, 0, 0, 0, 1635, 716, 0, 1, 1, 0, 0, 0, 2, 0]),
 (12, [2031, 42, 1, 1, 0, 1009, 1394, 1, 1, 2, 3, 1, 2, 2, 0])]
population
[(999, [1846, 75, 0, 0, 1, 545, 942, 1, 1, 3, 3, 1, 2, 1, 0]),
 (999, [1662, 82, 1, 1, 1, 935, 1512, 1, 1, 2, 5, 1, 2, 2, 1]),
 (999, [1454, 83, 1, 0, 0, 1030, 798, 0, 1, 2, 5, 0, 1, 0, 0]),
 (999, [1328, 101, 1, 1, 1, 1497, 1543, 1, 0, 2, 5, 1, 1, 2, 0]),
 (999, [1092, 55, 1, 0, 0, 1502, 1428, 0, 1, 3, 0, 0, 2, 1, 1]),
 (999, [1076, 80, 0, 0, 1, 990, 2005, 1, 0, 3, 4, 0, 0, 0, 0]),
 (999, [1054, 68, 1, 1, 1, 1938, 1372, 1, 1, 3, 3, 0, 0, 1, 2]),
 (999, [951, 46, 0, 0, 1, 978, 1842, 0, 0, 3, 4, 1, 0, 0, 1]),
 (999, [624, 33, 1, 1, 1, 1778, 643, 1, 1, 1, 5, 0, 0, 0, 0]),
 (33, [1689, 118, 0, 0, 0, 583, 1762, 0, 0, 2, 4, 0, 0, 2, 0]),
 (16, [1975, 114, 0, 0, 1, 1890, 687, 0, 1, 2, 0, 1, 1, 0, 0]),
 (16, [1964, 79, 1, 1, 1, 1172, 519, 1, 1, 0, 1, 0, 2, 1, 0]),
 (16, [1883, 30, 0, 0, 1, 2039, 1627, 1, 1, 1, 3, 1, 2, 2, 0]),
 (16, [1778, 69, 0, 0, 0, 739, 1337, 1, 0, 1, 2, 1, 0, 2, 0]),
 (16, [1645, 62, 0, 0, 0, 1656, 918, 1, 1, 2, 2, 0, 0, 1, 2]),
 (16, [1288, 25, 0, 1, 1, 1900, 1926, 1, 1, 2, 2, 1, 1, 2, 2]),
 (16, [1281, 18, 0, 1, 0, 1274, 1582, 0, 0, 2, 3, 0, 0, 1, 0]),
 (16, [1078, 15, 0, 0, 0, 1880, 809, 0, 0, 0, 3, 0, 0, 2, 2]),
 (16, [1003, 99, 1, 1, 1, 778, 1472, 1, 1, 0, 4, 1, 0, 0, 0]),
 (16, [763, 79, 0, 0, 0, 1667, 2025, 1, 1, 1, 3, 1, 0, 1, 1]),
 (16, [668, 14, 1, 1, 1, 716, 745, 0, 1, 1, 4, 0, 1, 2, 0]),
 (16, [659, 45, 1, 1, 1, 1199, 697, 0, 0, 2, 1, 1, 0, 2, 0]),
 (12, [2031, 42, 1, 1, 0, 1009, 1394, 1, 1, 2, 3, 1, 2, 2, 0]),
 (12, [1960, 16, 0, 0, 0, 1635, 716, 0, 1, 1, 0, 0, 0, 2, 0]),
 (12, [1923, 87, 1, 1, 1, 790, 1447, 0, 0, 2, 3, 0, 1, 0, 0]),
 (12, [1720, 95, 0, 0, 0, 1344, 1813, 1, 0, 0, 0, 0, 2, 2, 2]),
 (12, [1445, 118, 1, 1, 1, 1950, 676, 1, 1, 1, 2, 0, 2, 2, 2]),
 (12, [1401, 92, 0, 1, 0, 1104, 728, 0, 0, 1, 3, 0, 0, 0, 0]),
 (12, [1388, 90, 1, 0, 0, 1886, 953, 0, 1, 1, 1, 0, 0, 0, 1]),
 (12, [646, 109, 0, 1, 1, 1010, 1594, 0, 1, 1, 4, 0, 0, 0, 0]),
 (12, [595, 112, 1, 1, 0, 691, 1882, 0, 0, 1, 4, 0, 0, 1, 2]),
 (12, [591, 100, 0, 0, 1, 1847, 1400, 0, 1, 2, 4, 0, 1, 1, 1])]
scored
[(12, [591, 100, 0, 0, 1, 1847, 1400, 0, 1, 2, 4, 0, 1, 1, 1]),
 (12, [595, 112, 1, 1, 0, 691, 1882, 0, 0, 1, 4, 0, 0, 1, 2]),
 (12, [646, 109, 0, 1, 1, 1010, 1594, 0, 1, 1, 4, 0, 0, 0, 0]),
 (12, [1388, 90, 1, 0, 0, 1886, 953, 0, 1, 1, 1, 0, 0, 0, 1]),
 (12, [1401, 92, 0, 1, 0, 1104, 728, 0, 0, 1, 3, 0, 0, 0, 0]),
 (12, [1445, 118, 1, 1, 1, 1950, 676, 1, 1, 1, 2, 0, 2, 2, 2]),
 (12, [1720, 95, 0, 0, 0, 1344, 1813, 1, 0, 0, 0, 0, 2, 2, 2]),
 (12, [1923, 87, 1, 1, 1, 790, 1447, 0, 0, 2, 3, 0, 1, 0, 0]),
 (12, [1960, 16, 0, 0, 0, 1635, 716, 0, 1, 1, 0, 0, 0, 2, 0]),
 (12, [2031, 42, 1, 1, 0, 1009, 1394, 1, 1, 2, 3, 1, 2, 2, 0]),
 (16, [659, 45, 1, 1, 1, 1199, 697, 0, 0, 2, 1, 1, 0, 2, 0]),
 (16, [668, 14, 1, 1, 1, 716, 745, 0, 1, 1, 4, 0, 1, 2, 0]),
 (16, [763, 79, 0, 0, 0, 1667, 2025, 1, 1, 1, 3, 1, 0, 1, 1]),
 (16, [1003, 99, 1, 1, 1, 778, 1472, 1, 1, 0, 4, 1, 0, 0, 0]),
 (16, [1078, 15, 0, 0, 0, 1880, 809, 0, 0, 0, 3, 0, 0, 2, 2]),
 (16, [1281, 18, 0, 1, 0, 1274, 1582, 0, 0, 2, 3, 0, 0, 1, 0]),
 (16, [1288, 25, 0, 1, 1, 1900, 1926, 1, 1, 2, 2, 1, 1, 2, 2]),
 (16, [1645, 62, 0, 0, 0, 1656, 918, 1, 1, 2, 2, 0, 0, 1, 2]),
 (16, [1778, 69, 0, 0, 0, 739, 1337, 1, 0, 1, 2, 1, 0, 2, 0]),
 (16, [1883, 30, 0, 0, 1, 2039, 1627, 1, 1, 1, 3, 1, 2, 2, 0]),
 (16, [1964, 79, 1, 1, 1, 1172, 519, 1, 1, 0, 1, 0, 2, 1, 0]),
 (16, [1975, 114, 0, 0, 1, 1890, 687, 0, 1, 2, 0, 1, 1, 0, 0]),
 (33, [1689, 118, 0, 0, 0, 583, 1762, 0, 0, 2, 4, 0, 0, 2, 0]),
 (999, [624, 33, 1, 1, 1, 1778, 643, 1, 1, 1, 5, 0, 0, 0, 0]),
 (999, [951, 46, 0, 0, 1, 978, 1842, 0, 0, 3, 4, 1, 0, 0, 1]),
 (999, [1054, 68, 1, 1, 1, 1938, 1372, 1, 1, 3, 3, 0, 0, 1, 2]),
 (999, [1076, 80, 0, 0, 1, 990, 2005, 1, 0, 3, 4, 0, 0, 0, 0]),
 (999, [1092, 55, 1, 0, 0, 1502, 1428, 0, 1, 3, 0, 0, 2, 1, 1]),
 (999, [1328, 101, 1, 1, 1, 1497, 1543, 1, 0, 2, 5, 1, 1, 2, 0]),
 (999, [1454, 83, 1, 0, 0, 1030, 798, 0, 1, 2, 5, 0, 1, 0, 0]),
 (999, [1662, 82, 1, 1, 1, 935, 1512, 1, 1, 2, 5, 1, 2, 2, 1]),
 (999, [1846, 75, 0, 0, 1, 545, 942, 1, 1, 3, 3, 1, 2, 1, 0])]
Selected
[(12, [646, 109, 0, 1, 1, 1010, 1594, 0, 1, 1, 4, 0, 0, 0, 0]),
 (12, [646, 109, 0, 1, 1, 1010, 1594, 0, 1, 1, 4, 0, 0, 0, 0]),
 (16, [668, 14, 1, 1, 1, 716, 745, 0, 1, 1, 4, 0, 1, 2, 0]),
 (16, [1078, 15, 0, 0, 0, 1880, 809, 0, 0, 0, 3, 0, 0, 2, 2]),
 (12, [595, 112, 1, 1, 0, 691, 1882, 0, 0, 1, 4, 0, 0, 1, 2]),
 (16, [1281, 18, 0, 1, 0, 1274, 1582, 0, 0, 2, 3, 0, 0, 1, 0]),
 (12, [591, 100, 0, 0, 1, 1847, 1400, 0, 1, 2, 4, 0, 1, 1, 1]),
 (12, [591, 100, 0, 0, 1, 1847, 1400, 0, 1, 2, 4, 0, 1, 1, 1]),
 (12, [1445, 118, 1, 1, 1, 1950, 676, 1, 1, 1, 2, 0, 2, 2, 2]),
 (16, [1288, 25, 0, 1, 1, 1900, 1926, 1, 1, 2, 2, 1, 1, 2, 2]),
 (12, [595, 112, 1, 1, 0, 691, 1882, 0, 0, 1, 4, 0, 0, 1, 2]),
 (12, [646, 109, 0, 1, 1, 1010, 1594, 0, 1, 1, 4, 0, 0, 0, 0]),
 (12, [595, 112, 1, 1, 0, 691, 1882, 0, 0, 1, 4, 0, 0, 1, 2]),
 (16, [659, 45, 1, 1, 1, 1199, 697, 0, 0, 2, 1, 1, 0, 2, 0]),
 (12, [595, 112, 1, 1, 0, 691, 1882, 0, 0, 1, 4, 0, 0, 1, 2]),
 (12, [646, 109, 0, 1, 1, 1010, 1594, 0, 1, 1, 4, 0, 0, 0, 0]),
 (16, [1288, 25, 0, 1, 1, 1900, 1926, 1, 1, 2, 2, 1, 1, 2, 2]),
 (16, [659, 45, 1, 1, 1, 1199, 697, 0, 0, 2, 1, 1, 0, 2, 0]),
 (12, [646, 109, 0, 1, 1, 1010, 1594, 0, 1, 1, 4, 0, 0, 0, 0]),
 (12, [1445, 118, 1, 1, 1, 1950, 676, 1, 1, 1, 2, 0, 2, 2, 2]),
 (12, [1960, 16, 0, 0, 0, 1635, 716, 0, 1, 1, 0, 0, 0, 2, 0]),
 (12, [1923, 87, 1, 1, 1, 790, 1447, 0, 0, 2, 3, 0, 1, 0, 0]),
 (12, [2031, 42, 1, 1, 0, 1009, 1394, 1, 1, 2, 3, 1, 2, 2, 0]),
 (12, [591, 100, 0, 0, 1, 1847, 1400, 0, 1, 2, 4, 0, 1, 1, 1]),
 (12, [1445, 118, 1, 1, 1, 1950, 676, 1, 1, 1, 2, 0, 2, 2, 2]),
 (12, [1388, 90, 1, 0, 0, 1886, 953, 0, 1, 1, 1, 0, 0, 0, 1]),
 (12, [1388, 90, 1, 0, 0, 1886, 953, 0, 1, 1, 1, 0, 0, 0, 1])]

Poblacin de 32 individuos durante 15 generaciones
Poblacin inicial:
[(999, [1846, 75, 0, 0, 1, 545, 942, 1, 1, 3, 3, 1, 2, 1, 0]),
 (999, [1662, 82, 1, 1, 1, 935, 1512, 1, 1, 2, 5, 1, 2, 2, 1]),
 (999, [1454, 83, 1, 0, 0, 1030, 798, 0, 1, 2, 5, 0, 1, 0, 0]),
 (999, [1328, 101, 1, 1, 1, 1497, 1543, 1, 0, 2, 5, 1, 1, 2, 0]),
 (999, [1092, 55, 1, 0, 0, 1502, 1428, 0, 1, 3, 0, 0, 2, 1, 1]),
 (999, [1076, 80, 0, 0, 1, 990, 2005, 1, 0, 3, 4, 0, 0, 0, 0]),
 (999, [1054, 68, 1, 1, 1, 1938, 1372, 1, 1, 3, 3, 0, 0, 1, 2]),
 (999, [951, 46, 0, 0, 1, 978, 1842, 0, 0, 3, 4, 1, 0, 0, 1]),
 (999, [624, 33, 1, 1, 1, 1778, 643, 1, 1, 1, 5, 0, 0, 0, 0]),
 (33, [1689, 118, 0, 0, 0, 583, 1762, 0, 0, 2, 4, 0, 0, 2, 0]),
 (16, [1975, 114, 0, 0, 1, 1890, 687, 0, 1, 2, 0, 1, 1, 0, 0]),
 (16, [1964, 79, 1, 1, 1, 1172, 519, 1, 1, 0, 1, 0, 2, 1, 0]),
 (16, [1883, 30, 0, 0, 1, 2039, 1627, 1, 1, 1, 3, 1, 2, 2, 0]),
 (16, [1778, 69, 0, 0, 0, 739, 1337, 1, 0, 1, 2, 1, 0, 2, 0]),
 (16, [1645, 62, 0, 0, 0, 1656, 918, 1, 1, 2, 2, 0, 0, 1, 2]),
 (16, [1288, 25, 0, 1, 1, 1900, 1926, 1, 1, 2, 2, 1, 1, 2, 2]),
 (16, [1281, 18, 0, 1, 0, 1274, 1582, 0, 0, 2, 3, 0, 0, 1, 0]),
 (16, [1078, 15, 0, 0, 0, 1880, 809, 0, 0, 0, 3, 0, 0, 2, 2]),
 (16, [1003, 99, 1, 1, 1, 778, 1472, 1, 1, 0, 4, 1, 0, 0, 0]),
 (16, [763, 79, 0, 0, 0, 1667, 2025, 1, 1, 1, 3, 1, 0, 1, 1]),
 (16, [668, 14, 1, 1, 1, 716, 745, 0, 1, 1, 4, 0, 1, 2, 0]),
 (16, [659, 45, 1, 1, 1, 1199, 697, 0, 0, 2, 1, 1, 0, 2, 0]),
 (12, [2031, 42, 1, 1, 0, 1009, 1394, 1, 1, 2, 3, 1, 2, 2, 0]),
 (12, [1960, 16, 0, 0, 0, 1635, 716, 0, 1, 1, 0, 0, 0, 2, 0]),
 (12, [1923, 87, 1, 1, 1, 790, 1447, 0, 0, 2, 3, 0, 1, 0, 0]),
 (12, [1720, 95, 0, 0, 0, 1344, 1813, 1, 0, 0, 0, 0, 2, 2, 2]),
 (12, [1445, 118, 1, 1, 1, 1950, 676, 1, 1, 1, 2, 0, 2, 2, 2]),
 (12, [1401, 92, 0, 1, 0, 1104, 728, 0, 0, 1, 3, 0, 0, 0, 0]),
 (12, [1388, 90, 1, 0, 0, 1886, 953, 0, 1, 1, 1, 0, 0, 0, 1]),
 (12, [646, 109, 0, 1, 1, 1010, 1594, 0, 1, 1, 4, 0, 0, 0, 0]),
 (12, [595, 112, 1, 1, 0, 691, 1882, 0, 0, 1, 4, 0, 0, 1, 2]),
 (12, [591, 100, 0, 0, 1, 1847, 1400, 0, 1, 2, 4, 0, 1, 1, 1])]
Poblacin final:
[(999, [1846, 75, 0, 0, 1, 545, 942, 1, 1, 3, 3, 1, 2, 1, 0]),
 (999, [1662, 82, 1, 1, 1, 935, 1512, 1, 1, 2, 5, 1, 2, 2, 1]),
 (999, [1454, 83, 1, 0, 0, 1030, 798, 0, 1, 2, 5, 0, 1, 0, 0]),
 (999, [1328, 101, 1, 1, 1, 1497, 1543, 1, 0, 2, 5, 1, 1, 2, 0]),
 (999, [1092, 55, 1, 0, 0, 1502, 1428, 0, 1, 3, 0, 0, 2, 1, 1]),
 (999, [1076, 80, 0, 0, 1, 990, 2005, 1, 0, 3, 4, 0, 0, 0, 0]),
 (999, [1054, 68, 1, 1, 1, 1938, 1372, 1, 1, 3, 3, 0, 0, 1, 2]),
 (999, [951, 46, 0, 0, 1, 978, 1842, 0, 0, 3, 4, 1, 0, 0, 1]),
 (999, [624, 33, 1, 1, 1, 1778, 643, 1, 1, 1, 5, 0, 0, 0, 0]),
 (33, [1689, 118, 0, 0, 0, 583, 1762, 0, 0, 2, 4, 0, 0, 2, 0]),
 (16, [1975, 114, 0, 0, 1, 1890, 687, 0, 1, 2, 0, 1, 1, 0, 0]),
 (16, [1964, 79, 1, 1, 1, 1172, 519, 1, 1, 0, 1, 0, 2, 1, 0]),
 (16, [1883, 30, 0, 0, 1, 2039, 1627, 1, 1, 1, 3, 1, 2, 2, 0]),
 (16, [1778, 69, 0, 0, 0, 739, 1337, 1, 0, 1, 2, 1, 0, 2, 0]),
 (16, [1645, 62, 0, 0, 0, 1656, 918, 1, 1, 2, 2, 0, 0, 1, 2]),
 (16, [1288, 25, 0, 1, 1, 1900, 1926, 1, 1, 2, 2, 1, 1, 2, 2]),
 (16, [1281, 18, 0, 1, 0, 1274, 1582, 0, 0, 2, 3, 0, 0, 1, 0]),
 (16, [1078, 15, 0, 0, 0, 1880, 809, 0, 0, 0, 3, 0, 0, 2, 2]),
 (16, [1003, 99, 1, 1, 1, 778, 1472, 1, 1, 0, 4, 1, 0, 0, 0]),
 (16, [763, 79, 0, 0, 0, 1667, 2025, 1, 1, 1, 3, 1, 0, 1, 1]),
 (16, [668, 14, 1, 1, 1, 716, 745, 0, 1, 1, 4, 0, 1, 2, 0]),
 (16, [659, 45, 1, 1, 1, 1199, 697, 0, 0, 2, 1, 1, 0, 2, 0]),
 (12, [2031, 42, 1, 1, 0, 1009, 1394, 1, 1, 2, 3, 1, 2, 2, 0]),
 (12, [1960, 16, 0, 0, 0, 1635, 716, 0, 1, 1, 0, 0, 0, 2, 0]),
 (12, [1923, 87, 1, 1, 1, 790, 1447, 0, 0, 2, 3, 0, 1, 0, 0]),
 (12, [1720, 95, 0, 0, 0, 1344, 1813, 1, 0, 0, 0, 0, 2, 2, 2]),
 (12, [1445, 118, 1, 1, 1, 1950, 676, 1, 1, 1, 2, 0, 2, 2, 2]),
 (12, [1401, 92, 0, 1, 0, 1104, 728, 0, 0, 1, 3, 0, 0, 0, 0]),
 (12, [1388, 90, 1, 0, 0, 1886, 953, 0, 1, 1, 1, 0, 0, 0, 1]),
 (12, [646, 109, 0, 1, 1, 1010, 1594, 0, 1, 1, 4, 0, 0, 0, 0]),
 (12, [595, 112, 1, 1, 0, 691, 1882, 0, 0, 1, 4, 0, 0, 1, 2]),
 (12, [591, 100, 0, 0, 1, 1847, 1400, 0, 1, 2, 4, 0, 1, 1, 1])]
Elapsed time is 834.823693 seconds.
