 * Manually resetting nginx to stopped state
 * Manually resetting nginx to stopped state
 * Manually resetting nginx to stopped state
 * Manually resetting nginx to stopped state
 * Manually resetting nginx to stopped state
 * Manually resetting nginx to stopped state
 * Manually resetting nginx to stopped state
 * Manually resetting nginx to stopped state
 * Manually resetting nginx to stopped state
 * Manually resetting nginx to stopped state
 * Manually resetting nginx to stopped state
 * Manually resetting nginx to stopped state
 * Manually resetting nginx to stopped state
 * Manually resetting nginx to stopped state
 * Manually resetting nginx to stopped state
 * Manually resetting nginx to stopped state
 * Manually resetting nginx to stopped state
 * Manually resetting nginx to stopped state
 * Manually resetting nginx to stopped state
 * Manually resetting nginx to stopped state
genes: 15
individuals : 32
pressure: 5
mutation_chance: 0
generations: 15
crossover_type: 2
mutation_type_random: 1
Alerts:
12
Alerts:
34
Alerts:
16
Alerts:
16
Alerts:
16
Alerts:
12
Alerts:
12
Alerts:
12
Alerts:
16
Alerts:
12
Alerts:
16
Alerts:
12
Alerts:
16
Alerts:
16
Alerts:
12
Alerts:
16
Alerts:
12
Alerts:
16
Alerts:
12
Alerts:
16
population
[(999, [875, 54, 0, 0, 0, 1500, 1453, 0, 0, 3, 3, 1, 2, 2, 1]),
 (12, [761, 41, 0, 0, 1, 1111, 1364, 1, 1, 1, 2, 0, 2, 2, 1]),
 (999, [1779, 24, 0, 0, 1, 887, 1801, 1, 1, 2, 5, 0, 1, 2, 2]),
 (34, [1915, 37, 0, 0, 0, 820, 1151, 1, 0, 0, 0, 0, 0, 1, 1]),
 (16, [997, 85, 0, 0, 0, 1290, 1038, 0, 1, 1, 4, 0, 0, 1, 0]),
 (16, [1837, 90, 0, 0, 0, 1722, 1438, 1, 1, 2, 2, 1, 2, 2, 1]),
 (16, [1036, 115, 1, 0, 1, 770, 1997, 1, 1, 2, 3, 0, 0, 1, 1]),
 (12, [937, 119, 1, 1, 1, 1127, 1236, 0, 0, 1, 2, 0, 0, 0, 2]),
 (12, [1502, 97, 1, 0, 0, 1081, 1662, 1, 1, 1, 4, 1, 1, 2, 2]),
 (999, [1309, 73, 0, 1, 0, 642, 641, 1, 0, 3, 5, 0, 0, 1, 2]),
 (12, [1789, 39, 1, 0, 0, 1200, 1875, 1, 0, 0, 4, 0, 1, 0, 0]),
 (16, [1740, 110, 1, 1, 0, 865, 1384, 0, 1, 0, 1, 0, 0, 2, 2]),
 (999, [1554, 110, 1, 1, 0, 1343, 572, 1, 1, 3, 5, 0, 0, 2, 1]),
 (999, [1059, 107, 1, 1, 0, 722, 1375, 0, 1, 2, 5, 0, 2, 0, 2]),
 (999, [1672, 47, 1, 1, 0, 1423, 1809, 1, 1, 3, 5, 0, 1, 1, 2]),
 (12, [1161, 26, 1, 0, 0, 1590, 1915, 1, 1, 2, 1, 0, 1, 1, 1]),
 (16, [1028, 19, 1, 0, 0, 1632, 2042, 1, 1, 1, 0, 1, 2, 0, 2]),
 (12, [2006, 89, 0, 1, 1, 1278, 1955, 1, 1, 0, 4, 0, 2, 2, 0]),
 (16, [1185, 71, 0, 0, 0, 1600, 1570, 1, 0, 0, 1, 0, 1, 0, 0]),
 (999, [1092, 12, 1, 0, 0, 1574, 1612, 0, 0, 3, 0, 1, 2, 2, 0]),
 (16, [1180, 27, 0, 0, 1, 559, 1532, 0, 1, 1, 0, 0, 1, 1, 1]),
 (12, [1240, 10, 0, 0, 1, 1814, 1530, 1, 1, 2, 0, 0, 0, 1, 1]),
 (999, [1405, 74, 1, 0, 0, 1583, 1389, 0, 0, 1, 5, 0, 0, 2, 2]),
 (999, [1112, 48, 1, 1, 0, 1504, 686, 1, 0, 3, 0, 0, 1, 0, 1]),
 (16, [1509, 81, 0, 1, 1, 1839, 1004, 0, 0, 0, 3, 0, 1, 2, 2]),
 (12, [1047, 79, 0, 0, 0, 1001, 2034, 0, 1, 0, 2, 0, 0, 1, 1]),
 (999, [1209, 22, 0, 0, 0, 1952, 985, 0, 0, 3, 4, 1, 2, 0, 1]),
 (999, [1182, 85, 1, 1, 0, 662, 1170, 1, 1, 3, 1, 1, 2, 2, 1]),
 (16, [1682, 16, 0, 1, 0, 534, 1720, 1, 1, 1, 2, 1, 0, 0, 0]),
 (12, [1806, 44, 1, 1, 1, 851, 1903, 1, 0, 1, 0, 0, 1, 2, 2]),
 (999, [651, 53, 1, 0, 0, 542, 761, 1, 1, 3, 1, 1, 0, 1, 2]),
 (16, [1475, 79, 0, 0, 1, 895, 1007, 1, 1, 0, 2, 0, 0, 1, 0])]
scored
[(12, [761, 41, 0, 0, 1, 1111, 1364, 1, 1, 1, 2, 0, 2, 2, 1]),
 (12, [937, 119, 1, 1, 1, 1127, 1236, 0, 0, 1, 2, 0, 0, 0, 2]),
 (12, [1047, 79, 0, 0, 0, 1001, 2034, 0, 1, 0, 2, 0, 0, 1, 1]),
 (12, [1161, 26, 1, 0, 0, 1590, 1915, 1, 1, 2, 1, 0, 1, 1, 1]),
 (12, [1240, 10, 0, 0, 1, 1814, 1530, 1, 1, 2, 0, 0, 0, 1, 1]),
 (12, [1502, 97, 1, 0, 0, 1081, 1662, 1, 1, 1, 4, 1, 1, 2, 2]),
 (12, [1789, 39, 1, 0, 0, 1200, 1875, 1, 0, 0, 4, 0, 1, 0, 0]),
 (12, [1806, 44, 1, 1, 1, 851, 1903, 1, 0, 1, 0, 0, 1, 2, 2]),
 (12, [2006, 89, 0, 1, 1, 1278, 1955, 1, 1, 0, 4, 0, 2, 2, 0]),
 (16, [997, 85, 0, 0, 0, 1290, 1038, 0, 1, 1, 4, 0, 0, 1, 0]),
 (16, [1028, 19, 1, 0, 0, 1632, 2042, 1, 1, 1, 0, 1, 2, 0, 2]),
 (16, [1036, 115, 1, 0, 1, 770, 1997, 1, 1, 2, 3, 0, 0, 1, 1]),
 (16, [1180, 27, 0, 0, 1, 559, 1532, 0, 1, 1, 0, 0, 1, 1, 1]),
 (16, [1185, 71, 0, 0, 0, 1600, 1570, 1, 0, 0, 1, 0, 1, 0, 0]),
 (16, [1475, 79, 0, 0, 1, 895, 1007, 1, 1, 0, 2, 0, 0, 1, 0]),
 (16, [1509, 81, 0, 1, 1, 1839, 1004, 0, 0, 0, 3, 0, 1, 2, 2]),
 (16, [1682, 16, 0, 1, 0, 534, 1720, 1, 1, 1, 2, 1, 0, 0, 0]),
 (16, [1740, 110, 1, 1, 0, 865, 1384, 0, 1, 0, 1, 0, 0, 2, 2]),
 (16, [1837, 90, 0, 0, 0, 1722, 1438, 1, 1, 2, 2, 1, 2, 2, 1]),
 (34, [1915, 37, 0, 0, 0, 820, 1151, 1, 0, 0, 0, 0, 0, 1, 1]),
 (999, [651, 53, 1, 0, 0, 542, 761, 1, 1, 3, 1, 1, 0, 1, 2]),
 (999, [875, 54, 0, 0, 0, 1500, 1453, 0, 0, 3, 3, 1, 2, 2, 1]),
 (999, [1059, 107, 1, 1, 0, 722, 1375, 0, 1, 2, 5, 0, 2, 0, 2]),
 (999, [1092, 12, 1, 0, 0, 1574, 1612, 0, 0, 3, 0, 1, 2, 2, 0]),
 (999, [1112, 48, 1, 1, 0, 1504, 686, 1, 0, 3, 0, 0, 1, 0, 1]),
 (999, [1182, 85, 1, 1, 0, 662, 1170, 1, 1, 3, 1, 1, 2, 2, 1]),
 (999, [1209, 22, 0, 0, 0, 1952, 985, 0, 0, 3, 4, 1, 2, 0, 1]),
 (999, [1309, 73, 0, 1, 0, 642, 641, 1, 0, 3, 5, 0, 0, 1, 2]),
 (999, [1405, 74, 1, 0, 0, 1583, 1389, 0, 0, 1, 5, 0, 0, 2, 2]),
 (999, [1554, 110, 1, 1, 0, 1343, 572, 1, 1, 3, 5, 0, 0, 2, 1]),
 (999, [1672, 47, 1, 1, 0, 1423, 1809, 1, 1, 3, 5, 0, 1, 1, 2]),
 (999, [1779, 24, 0, 0, 1, 887, 1801, 1, 1, 2, 5, 0, 1, 2, 2])]
Selected
[(12, [761, 41, 0, 0, 1, 1111, 1364, 1, 1, 1, 2, 0, 2, 2, 1]),
 (12, [1161, 26, 1, 0, 0, 1590, 1915, 1, 1, 2, 1, 0, 1, 1, 1]),
 (12, [1161, 26, 1, 0, 0, 1590, 1915, 1, 1, 2, 1, 0, 1, 1, 1]),
 (12, [1789, 39, 1, 0, 0, 1200, 1875, 1, 0, 0, 4, 0, 1, 0, 0]),
 (16, [1185, 71, 0, 0, 0, 1600, 1570, 1, 0, 0, 1, 0, 1, 0, 0]),
 (16, [1028, 19, 1, 0, 0, 1632, 2042, 1, 1, 1, 0, 1, 2, 0, 2]),
 (12, [1240, 10, 0, 0, 1, 1814, 1530, 1, 1, 2, 0, 0, 0, 1, 1]),
 (12, [937, 119, 1, 1, 1, 1127, 1236, 0, 0, 1, 2, 0, 0, 0, 2]),
 (12, [1047, 79, 0, 0, 0, 1001, 2034, 0, 1, 0, 2, 0, 0, 1, 1]),
 (12, [1240, 10, 0, 0, 1, 1814, 1530, 1, 1, 2, 0, 0, 0, 1, 1]),
 (12, [937, 119, 1, 1, 1, 1127, 1236, 0, 0, 1, 2, 0, 0, 0, 2]),
 (12, [1161, 26, 1, 0, 0, 1590, 1915, 1, 1, 2, 1, 0, 1, 1, 1]),
 (12, [937, 119, 1, 1, 1, 1127, 1236, 0, 0, 1, 2, 0, 0, 0, 2]),
 (12, [1806, 44, 1, 1, 1, 851, 1903, 1, 0, 1, 0, 0, 1, 2, 2]),
 (12, [1789, 39, 1, 0, 0, 1200, 1875, 1, 0, 0, 4, 0, 1, 0, 0]),
 (12, [761, 41, 0, 0, 1, 1111, 1364, 1, 1, 1, 2, 0, 2, 2, 1]),
 (12, [1047, 79, 0, 0, 0, 1001, 2034, 0, 1, 0, 2, 0, 0, 1, 1]),
 (12, [1789, 39, 1, 0, 0, 1200, 1875, 1, 0, 0, 4, 0, 1, 0, 0]),
 (12, [937, 119, 1, 1, 1, 1127, 1236, 0, 0, 1, 2, 0, 0, 0, 2]),
 (12, [1161, 26, 1, 0, 0, 1590, 1915, 1, 1, 2, 1, 0, 1, 1, 1]),
 (12, [1047, 79, 0, 0, 0, 1001, 2034, 0, 1, 0, 2, 0, 0, 1, 1]),
 (16, [1180, 27, 0, 0, 1, 559, 1532, 0, 1, 1, 0, 0, 1, 1, 1]),
 (12, [1047, 79, 0, 0, 0, 1001, 2034, 0, 1, 0, 2, 0, 0, 1, 1]),
 (16, [1028, 19, 1, 0, 0, 1632, 2042, 1, 1, 1, 0, 1, 2, 0, 2]),
 (12, [1161, 26, 1, 0, 0, 1590, 1915, 1, 1, 2, 1, 0, 1, 1, 1]),
 (12, [937, 119, 1, 1, 1, 1127, 1236, 0, 0, 1, 2, 0, 0, 0, 2]),
 (12, [1161, 26, 1, 0, 0, 1590, 1915, 1, 1, 2, 1, 0, 1, 1, 1])]
population
[(999, [1779, 24, 0, 0, 1, 887, 1801, 1, 1, 2, 5, 0, 1, 2, 2]),
 (999, [1672, 47, 1, 1, 0, 1423, 1809, 1, 1, 3, 5, 0, 1, 1, 2]),
 (999, [1554, 110, 1, 1, 0, 1343, 572, 1, 1, 3, 5, 0, 0, 2, 1]),
 (999, [1405, 74, 1, 0, 0, 1583, 1389, 0, 0, 1, 5, 0, 0, 2, 2]),
 (999, [1309, 73, 0, 1, 0, 642, 641, 1, 0, 3, 5, 0, 0, 1, 2]),
 (999, [1209, 22, 0, 0, 0, 1952, 985, 0, 0, 3, 4, 1, 2, 0, 1]),
 (999, [1182, 85, 1, 1, 0, 662, 1170, 1, 1, 3, 1, 1, 2, 2, 1]),
 (999, [1112, 48, 1, 1, 0, 1504, 686, 1, 0, 3, 0, 0, 1, 0, 1]),
 (999, [1092, 12, 1, 0, 0, 1574, 1612, 0, 0, 3, 0, 1, 2, 2, 0]),
 (999, [1059, 107, 1, 1, 0, 722, 1375, 0, 1, 2, 5, 0, 2, 0, 2]),
 (999, [875, 54, 0, 0, 0, 1500, 1453, 0, 0, 3, 3, 1, 2, 2, 1]),
 (999, [651, 53, 1, 0, 0, 542, 761, 1, 1, 3, 1, 1, 0, 1, 2]),
 (34, [1915, 37, 0, 0, 0, 820, 1151, 1, 0, 0, 0, 0, 0, 1, 1]),
 (16, [1837, 90, 0, 0, 0, 1722, 1438, 1, 1, 2, 2, 1, 2, 2, 1]),
 (16, [1740, 110, 1, 1, 0, 865, 1384, 0, 1, 0, 1, 0, 0, 2, 2]),
 (16, [1682, 16, 0, 1, 0, 534, 1720, 1, 1, 1, 2, 1, 0, 0, 0]),
 (16, [1509, 81, 0, 1, 1, 1839, 1004, 0, 0, 0, 3, 0, 1, 2, 2]),
 (16, [1475, 79, 0, 0, 1, 895, 1007, 1, 1, 0, 2, 0, 0, 1, 0]),
 (16, [1185, 71, 0, 0, 0, 1600, 1570, 1, 0, 0, 1, 0, 1, 0, 0]),
 (16, [1180, 27, 0, 0, 1, 559, 1532, 0, 1, 1, 0, 0, 1, 1, 1]),
 (16, [1036, 115, 1, 0, 1, 770, 1997, 1, 1, 2, 3, 0, 0, 1, 1]),
 (16, [1028, 19, 1, 0, 0, 1632, 2042, 1, 1, 1, 0, 1, 2, 0, 2]),
 (16, [997, 85, 0, 0, 0, 1290, 1038, 0, 1, 1, 4, 0, 0, 1, 0]),
 (12, [2006, 89, 0, 1, 1, 1278, 1955, 1, 1, 0, 4, 0, 2, 2, 0]),
 (12, [1806, 44, 1, 1, 1, 851, 1903, 1, 0, 1, 0, 0, 1, 2, 2]),
 (12, [1789, 39, 1, 0, 0, 1200, 1875, 1, 0, 0, 4, 0, 1, 0, 0]),
 (12, [1502, 97, 1, 0, 0, 1081, 1662, 1, 1, 1, 4, 1, 1, 2, 2]),
 (12, [1240, 10, 0, 0, 1, 1814, 1530, 1, 1, 2, 0, 0, 0, 1, 1]),
 (12, [1161, 26, 1, 0, 0, 1590, 1915, 1, 1, 2, 1, 0, 1, 1, 1]),
 (12, [1047, 79, 0, 0, 0, 1001, 2034, 0, 1, 0, 2, 0, 0, 1, 1]),
 (12, [937, 119, 1, 1, 1, 1127, 1236, 0, 0, 1, 2, 0, 0, 0, 2]),
 (12, [761, 41, 0, 0, 1, 1111, 1364, 1, 1, 1, 2, 0, 2, 2, 1])]
scored
[(12, [761, 41, 0, 0, 1, 1111, 1364, 1, 1, 1, 2, 0, 2, 2, 1]),
 (12, [937, 119, 1, 1, 1, 1127, 1236, 0, 0, 1, 2, 0, 0, 0, 2]),
 (12, [1047, 79, 0, 0, 0, 1001, 2034, 0, 1, 0, 2, 0, 0, 1, 1]),
 (12, [1161, 26, 1, 0, 0, 1590, 1915, 1, 1, 2, 1, 0, 1, 1, 1]),
 (12, [1240, 10, 0, 0, 1, 1814, 1530, 1, 1, 2, 0, 0, 0, 1, 1]),
 (12, [1502, 97, 1, 0, 0, 1081, 1662, 1, 1, 1, 4, 1, 1, 2, 2]),
 (12, [1789, 39, 1, 0, 0, 1200, 1875, 1, 0, 0, 4, 0, 1, 0, 0]),
 (12, [1806, 44, 1, 1, 1, 851, 1903, 1, 0, 1, 0, 0, 1, 2, 2]),
 (12, [2006, 89, 0, 1, 1, 1278, 1955, 1, 1, 0, 4, 0, 2, 2, 0]),
 (16, [997, 85, 0, 0, 0, 1290, 1038, 0, 1, 1, 4, 0, 0, 1, 0]),
 (16, [1028, 19, 1, 0, 0, 1632, 2042, 1, 1, 1, 0, 1, 2, 0, 2]),
 (16, [1036, 115, 1, 0, 1, 770, 1997, 1, 1, 2, 3, 0, 0, 1, 1]),
 (16, [1180, 27, 0, 0, 1, 559, 1532, 0, 1, 1, 0, 0, 1, 1, 1]),
 (16, [1185, 71, 0, 0, 0, 1600, 1570, 1, 0, 0, 1, 0, 1, 0, 0]),
 (16, [1475, 79, 0, 0, 1, 895, 1007, 1, 1, 0, 2, 0, 0, 1, 0]),
 (16, [1509, 81, 0, 1, 1, 1839, 1004, 0, 0, 0, 3, 0, 1, 2, 2]),
 (16, [1682, 16, 0, 1, 0, 534, 1720, 1, 1, 1, 2, 1, 0, 0, 0]),
 (16, [1740, 110, 1, 1, 0, 865, 1384, 0, 1, 0, 1, 0, 0, 2, 2]),
 (16, [1837, 90, 0, 0, 0, 1722, 1438, 1, 1, 2, 2, 1, 2, 2, 1]),
 (34, [1915, 37, 0, 0, 0, 820, 1151, 1, 0, 0, 0, 0, 0, 1, 1]),
 (999, [651, 53, 1, 0, 0, 542, 761, 1, 1, 3, 1, 1, 0, 1, 2]),
 (999, [875, 54, 0, 0, 0, 1500, 1453, 0, 0, 3, 3, 1, 2, 2, 1]),
 (999, [1059, 107, 1, 1, 0, 722, 1375, 0, 1, 2, 5, 0, 2, 0, 2]),
 (999, [1092, 12, 1, 0, 0, 1574, 1612, 0, 0, 3, 0, 1, 2, 2, 0]),
 (999, [1112, 48, 1, 1, 0, 1504, 686, 1, 0, 3, 0, 0, 1, 0, 1]),
 (999, [1182, 85, 1, 1, 0, 662, 1170, 1, 1, 3, 1, 1, 2, 2, 1]),
 (999, [1209, 22, 0, 0, 0, 1952, 985, 0, 0, 3, 4, 1, 2, 0, 1]),
 (999, [1309, 73, 0, 1, 0, 642, 641, 1, 0, 3, 5, 0, 0, 1, 2]),
 (999, [1405, 74, 1, 0, 0, 1583, 1389, 0, 0, 1, 5, 0, 0, 2, 2]),
 (999, [1554, 110, 1, 1, 0, 1343, 572, 1, 1, 3, 5, 0, 0, 2, 1]),
 (999, [1672, 47, 1, 1, 0, 1423, 1809, 1, 1, 3, 5, 0, 1, 1, 2]),
 (999, [1779, 24, 0, 0, 1, 887, 1801, 1, 1, 2, 5, 0, 1, 2, 2])]
Selected
[(12, [761, 41, 0, 0, 1, 1111, 1364, 1, 1, 1, 2, 0, 2, 2, 1]),
 (12, [937, 119, 1, 1, 1, 1127, 1236, 0, 0, 1, 2, 0, 0, 0, 2]),
 (16, [997, 85, 0, 0, 0, 1290, 1038, 0, 1, 1, 4, 0, 0, 1, 0]),
 (12, [937, 119, 1, 1, 1, 1127, 1236, 0, 0, 1, 2, 0, 0, 0, 2]),
 (12, [937, 119, 1, 1, 1, 1127, 1236, 0, 0, 1, 2, 0, 0, 0, 2]),
 (12, [937, 119, 1, 1, 1, 1127, 1236, 0, 0, 1, 2, 0, 0, 0, 2]),
 (12, [1789, 39, 1, 0, 0, 1200, 1875, 1, 0, 0, 4, 0, 1, 0, 0]),
 (12, [761, 41, 0, 0, 1, 1111, 1364, 1, 1, 1, 2, 0, 2, 2, 1]),
 (12, [1161, 26, 1, 0, 0, 1590, 1915, 1, 1, 2, 1, 0, 1, 1, 1]),
 (16, [997, 85, 0, 0, 0, 1290, 1038, 0, 1, 1, 4, 0, 0, 1, 0]),
 (12, [1047, 79, 0, 0, 0, 1001, 2034, 0, 1, 0, 2, 0, 0, 1, 1]),
 (12, [937, 119, 1, 1, 1, 1127, 1236, 0, 0, 1, 2, 0, 0, 0, 2]),
 (16, [1036, 115, 1, 0, 1, 770, 1997, 1, 1, 2, 3, 0, 0, 1, 1]),
 (12, [1789, 39, 1, 0, 0, 1200, 1875, 1, 0, 0, 4, 0, 1, 0, 0]),
 (12, [937, 119, 1, 1, 1, 1127, 1236, 0, 0, 1, 2, 0, 0, 0, 2]),
 (12, [1047, 79, 0, 0, 0, 1001, 2034, 0, 1, 0, 2, 0, 0, 1, 1]),
 (12, [761, 41, 0, 0, 1, 1111, 1364, 1, 1, 1, 2, 0, 2, 2, 1]),
 (12, [1047, 79, 0, 0, 0, 1001, 2034, 0, 1, 0, 2, 0, 0, 1, 1]),
 (12, [1047, 79, 0, 0, 0, 1001, 2034, 0, 1, 0, 2, 0, 0, 1, 1]),
 (12, [2006, 89, 0, 1, 1, 1278, 1955, 1, 1, 0, 4, 0, 2, 2, 0]),
 (12, [761, 41, 0, 0, 1, 1111, 1364, 1, 1, 1, 2, 0, 2, 2, 1]),
 (12, [1806, 44, 1, 1, 1, 851, 1903, 1, 0, 1, 0, 0, 1, 2, 2]),
 (12, [1240, 10, 0, 0, 1, 1814, 1530, 1, 1, 2, 0, 0, 0, 1, 1]),
 (12, [761, 41, 0, 0, 1, 1111, 1364, 1, 1, 1, 2, 0, 2, 2, 1]),
 (12, [1240, 10, 0, 0, 1, 1814, 1530, 1, 1, 2, 0, 0, 0, 1, 1]),
 (12, [1047, 79, 0, 0, 0, 1001, 2034, 0, 1, 0, 2, 0, 0, 1, 1]),
 (12, [1240, 10, 0, 0, 1, 1814, 1530, 1, 1, 2, 0, 0, 0, 1, 1])]
population
[(999, [1779, 24, 0, 0, 1, 887, 1801, 1, 1, 2, 5, 0, 1, 2, 2]),
 (999, [1672, 47, 1, 1, 0, 1423, 1809, 1, 1, 3, 5, 0, 1, 1, 2]),
 (999, [1554, 110, 1, 1, 0, 1343, 572, 1, 1, 3, 5, 0, 0, 2, 1]),
 (999, [1405, 74, 1, 0, 0, 1583, 1389, 0, 0, 1, 5, 0, 0, 2, 2]),
 (999, [1309, 73, 0, 1, 0, 642, 641, 1, 0, 3, 5, 0, 0, 1, 2]),
 (999, [1209, 22, 0, 0, 0, 1952, 985, 0, 0, 3, 4, 1, 2, 0, 1]),
 (999, [1182, 85, 1, 1, 0, 662, 1170, 1, 1, 3, 1, 1, 2, 2, 1]),
 (999, [1112, 48, 1, 1, 0, 1504, 686, 1, 0, 3, 0, 0, 1, 0, 1]),
 (999, [1092, 12, 1, 0, 0, 1574, 1612, 0, 0, 3, 0, 1, 2, 2, 0]),
 (999, [1059, 107, 1, 1, 0, 722, 1375, 0, 1, 2, 5, 0, 2, 0, 2]),
 (999, [875, 54, 0, 0, 0, 1500, 1453, 0, 0, 3, 3, 1, 2, 2, 1]),
 (999, [651, 53, 1, 0, 0, 542, 761, 1, 1, 3, 1, 1, 0, 1, 2]),
 (34, [1915, 37, 0, 0, 0, 820, 1151, 1, 0, 0, 0, 0, 0, 1, 1]),
 (16, [1837, 90, 0, 0, 0, 1722, 1438, 1, 1, 2, 2, 1, 2, 2, 1]),
 (16, [1740, 110, 1, 1, 0, 865, 1384, 0, 1, 0, 1, 0, 0, 2, 2]),
 (16, [1682, 16, 0, 1, 0, 534, 1720, 1, 1, 1, 2, 1, 0, 0, 0]),
 (16, [1509, 81, 0, 1, 1, 1839, 1004, 0, 0, 0, 3, 0, 1, 2, 2]),
 (16, [1475, 79, 0, 0, 1, 895, 1007, 1, 1, 0, 2, 0, 0, 1, 0]),
 (16, [1185, 71, 0, 0, 0, 1600, 1570, 1, 0, 0, 1, 0, 1, 0, 0]),
 (16, [1180, 27, 0, 0, 1, 559, 1532, 0, 1, 1, 0, 0, 1, 1, 1]),
 (16, [1036, 115, 1, 0, 1, 770, 1997, 1, 1, 2, 3, 0, 0, 1, 1]),
 (16, [1028, 19, 1, 0, 0, 1632, 2042, 1, 1, 1, 0, 1, 2, 0, 2]),
 (16, [997, 85, 0, 0, 0, 1290, 1038, 0, 1, 1, 4, 0, 0, 1, 0]),
 (12, [2006, 89, 0, 1, 1, 1278, 1955, 1, 1, 0, 4, 0, 2, 2, 0]),
 (12, [1806, 44, 1, 1, 1, 851, 1903, 1, 0, 1, 0, 0, 1, 2, 2]),
 (12, [1789, 39, 1, 0, 0, 1200, 1875, 1, 0, 0, 4, 0, 1, 0, 0]),
 (12, [1502, 97, 1, 0, 0, 1081, 1662, 1, 1, 1, 4, 1, 1, 2, 2]),
 (12, [1240, 10, 0, 0, 1, 1814, 1530, 1, 1, 2, 0, 0, 0, 1, 1]),
 (12, [1161, 26, 1, 0, 0, 1590, 1915, 1, 1, 2, 1, 0, 1, 1, 1]),
 (12, [1047, 79, 0, 0, 0, 1001, 2034, 0, 1, 0, 2, 0, 0, 1, 1]),
 (12, [937, 119, 1, 1, 1, 1127, 1236, 0, 0, 1, 2, 0, 0, 0, 2]),
 (12, [761, 41, 0, 0, 1, 1111, 1364, 1, 1, 1, 2, 0, 2, 2, 1])]
scored
[(12, [761, 41, 0, 0, 1, 1111, 1364, 1, 1, 1, 2, 0, 2, 2, 1]),
 (12, [937, 119, 1, 1, 1, 1127, 1236, 0, 0, 1, 2, 0, 0, 0, 2]),
 (12, [1047, 79, 0, 0, 0, 1001, 2034, 0, 1, 0, 2, 0, 0, 1, 1]),
 (12, [1161, 26, 1, 0, 0, 1590, 1915, 1, 1, 2, 1, 0, 1, 1, 1]),
 (12, [1240, 10, 0, 0, 1, 1814, 1530, 1, 1, 2, 0, 0, 0, 1, 1]),
 (12, [1502, 97, 1, 0, 0, 1081, 1662, 1, 1, 1, 4, 1, 1, 2, 2]),
 (12, [1789, 39, 1, 0, 0, 1200, 1875, 1, 0, 0, 4, 0, 1, 0, 0]),
 (12, [1806, 44, 1, 1, 1, 851, 1903, 1, 0, 1, 0, 0, 1, 2, 2]),
 (12, [2006, 89, 0, 1, 1, 1278, 1955, 1, 1, 0, 4, 0, 2, 2, 0]),
 (16, [997, 85, 0, 0, 0, 1290, 1038, 0, 1, 1, 4, 0, 0, 1, 0]),
 (16, [1028, 19, 1, 0, 0, 1632, 2042, 1, 1, 1, 0, 1, 2, 0, 2]),
 (16, [1036, 115, 1, 0, 1, 770, 1997, 1, 1, 2, 3, 0, 0, 1, 1]),
 (16, [1180, 27, 0, 0, 1, 559, 1532, 0, 1, 1, 0, 0, 1, 1, 1]),
 (16, [1185, 71, 0, 0, 0, 1600, 1570, 1, 0, 0, 1, 0, 1, 0, 0]),
 (16, [1475, 79, 0, 0, 1, 895, 1007, 1, 1, 0, 2, 0, 0, 1, 0]),
 (16, [1509, 81, 0, 1, 1, 1839, 1004, 0, 0, 0, 3, 0, 1, 2, 2]),
 (16, [1682, 16, 0, 1, 0, 534, 1720, 1, 1, 1, 2, 1, 0, 0, 0]),
 (16, [1740, 110, 1, 1, 0, 865, 1384, 0, 1, 0, 1, 0, 0, 2, 2]),
 (16, [1837, 90, 0, 0, 0, 1722, 1438, 1, 1, 2, 2, 1, 2, 2, 1]),
 (34, [1915, 37, 0, 0, 0, 820, 1151, 1, 0, 0, 0, 0, 0, 1, 1]),
 (999, [651, 53, 1, 0, 0, 542, 761, 1, 1, 3, 1, 1, 0, 1, 2]),
 (999, [875, 54, 0, 0, 0, 1500, 1453, 0, 0, 3, 3, 1, 2, 2, 1]),
 (999, [1059, 107, 1, 1, 0, 722, 1375, 0, 1, 2, 5, 0, 2, 0, 2]),
 (999, [1092, 12, 1, 0, 0, 1574, 1612, 0, 0, 3, 0, 1, 2, 2, 0]),
 (999, [1112, 48, 1, 1, 0, 1504, 686, 1, 0, 3, 0, 0, 1, 0, 1]),
 (999, [1182, 85, 1, 1, 0, 662, 1170, 1, 1, 3, 1, 1, 2, 2, 1]),
 (999, [1209, 22, 0, 0, 0, 1952, 985, 0, 0, 3, 4, 1, 2, 0, 1]),
 (999, [1309, 73, 0, 1, 0, 642, 641, 1, 0, 3, 5, 0, 0, 1, 2]),
 (999, [1405, 74, 1, 0, 0, 1583, 1389, 0, 0, 1, 5, 0, 0, 2, 2]),
 (999, [1554, 110, 1, 1, 0, 1343, 572, 1, 1, 3, 5, 0, 0, 2, 1]),
 (999, [1672, 47, 1, 1, 0, 1423, 1809, 1, 1, 3, 5, 0, 1, 1, 2]),
 (999, [1779, 24, 0, 0, 1, 887, 1801, 1, 1, 2, 5, 0, 1, 2, 2])]
Selected
[(12, [937, 119, 1, 1, 1, 1127, 1236, 0, 0, 1, 2, 0, 0, 0, 2]),
 (12, [1502, 97, 1, 0, 0, 1081, 1662, 1, 1, 1, 4, 1, 1, 2, 2]),
 (12, [761, 41, 0, 0, 1, 1111, 1364, 1, 1, 1, 2, 0, 2, 2, 1]),
 (16, [1028, 19, 1, 0, 0, 1632, 2042, 1, 1, 1, 0, 1, 2, 0, 2]),
 (12, [1789, 39, 1, 0, 0, 1200, 1875, 1, 0, 0, 4, 0, 1, 0, 0]),
 (12, [2006, 89, 0, 1, 1, 1278, 1955, 1, 1, 0, 4, 0, 2, 2, 0]),
 (12, [1502, 97, 1, 0, 0, 1081, 1662, 1, 1, 1, 4, 1, 1, 2, 2]),
 (12, [761, 41, 0, 0, 1, 1111, 1364, 1, 1, 1, 2, 0, 2, 2, 1]),
 (12, [761, 41, 0, 0, 1, 1111, 1364, 1, 1, 1, 2, 0, 2, 2, 1]),
 (12, [1240, 10, 0, 0, 1, 1814, 1530, 1, 1, 2, 0, 0, 0, 1, 1]),
 (12, [1240, 10, 0, 0, 1, 1814, 1530, 1, 1, 2, 0, 0, 0, 1, 1]),
 (12, [937, 119, 1, 1, 1, 1127, 1236, 0, 0, 1, 2, 0, 0, 0, 2]),
 (12, [937, 119, 1, 1, 1, 1127, 1236, 0, 0, 1, 2, 0, 0, 0, 2]),
 (16, [1509, 81, 0, 1, 1, 1839, 1004, 0, 0, 0, 3, 0, 1, 2, 2]),
 (12, [1161, 26, 1, 0, 0, 1590, 1915, 1, 1, 2, 1, 0, 1, 1, 1]),
 (12, [761, 41, 0, 0, 1, 1111, 1364, 1, 1, 1, 2, 0, 2, 2, 1]),
 (16, [1180, 27, 0, 0, 1, 559, 1532, 0, 1, 1, 0, 0, 1, 1, 1]),
 (12, [1806, 44, 1, 1, 1, 851, 1903, 1, 0, 1, 0, 0, 1, 2, 2]),
 (12, [761, 41, 0, 0, 1, 1111, 1364, 1, 1, 1, 2, 0, 2, 2, 1]),
 (12, [1240, 10, 0, 0, 1, 1814, 1530, 1, 1, 2, 0, 0, 0, 1, 1]),
 (12, [1161, 26, 1, 0, 0, 1590, 1915, 1, 1, 2, 1, 0, 1, 1, 1]),
 (12, [937, 119, 1, 1, 1, 1127, 1236, 0, 0, 1, 2, 0, 0, 0, 2]),
 (16, [1180, 27, 0, 0, 1, 559, 1532, 0, 1, 1, 0, 0, 1, 1, 1]),
 (12, [937, 119, 1, 1, 1, 1127, 1236, 0, 0, 1, 2, 0, 0, 0, 2]),
 (12, [1161, 26, 1, 0, 0, 1590, 1915, 1, 1, 2, 1, 0, 1, 1, 1]),
 (12, [1240, 10, 0, 0, 1, 1814, 1530, 1, 1, 2, 0, 0, 0, 1, 1]),
 (12, [937, 119, 1, 1, 1, 1127, 1236, 0, 0, 1, 2, 0, 0, 0, 2])]
population
[(999, [1779, 24, 0, 0, 1, 887, 1801, 1, 1, 2, 5, 0, 1, 2, 2]),
 (999, [1672, 47, 1, 1, 0, 1423, 1809, 1, 1, 3, 5, 0, 1, 1, 2]),
 (999, [1554, 110, 1, 1, 0, 1343, 572, 1, 1, 3, 5, 0, 0, 2, 1]),
 (999, [1405, 74, 1, 0, 0, 1583, 1389, 0, 0, 1, 5, 0, 0, 2, 2]),
 (999, [1309, 73, 0, 1, 0, 642, 641, 1, 0, 3, 5, 0, 0, 1, 2]),
 (999, [1209, 22, 0, 0, 0, 1952, 985, 0, 0, 3, 4, 1, 2, 0, 1]),
 (999, [1182, 85, 1, 1, 0, 662, 1170, 1, 1, 3, 1, 1, 2, 2, 1]),
 (999, [1112, 48, 1, 1, 0, 1504, 686, 1, 0, 3, 0, 0, 1, 0, 1]),
 (999, [1092, 12, 1, 0, 0, 1574, 1612, 0, 0, 3, 0, 1, 2, 2, 0]),
 (999, [1059, 107, 1, 1, 0, 722, 1375, 0, 1, 2, 5, 0, 2, 0, 2]),
 (999, [875, 54, 0, 0, 0, 1500, 1453, 0, 0, 3, 3, 1, 2, 2, 1]),
 (999, [651, 53, 1, 0, 0, 542, 761, 1, 1, 3, 1, 1, 0, 1, 2]),
 (34, [1915, 37, 0, 0, 0, 820, 1151, 1, 0, 0, 0, 0, 0, 1, 1]),
 (16, [1837, 90, 0, 0, 0, 1722, 1438, 1, 1, 2, 2, 1, 2, 2, 1]),
 (16, [1740, 110, 1, 1, 0, 865, 1384, 0, 1, 0, 1, 0, 0, 2, 2]),
 (16, [1682, 16, 0, 1, 0, 534, 1720, 1, 1, 1, 2, 1, 0, 0, 0]),
 (16, [1509, 81, 0, 1, 1, 1839, 1004, 0, 0, 0, 3, 0, 1, 2, 2]),
 (16, [1475, 79, 0, 0, 1, 895, 1007, 1, 1, 0, 2, 0, 0, 1, 0]),
 (16, [1185, 71, 0, 0, 0, 1600, 1570, 1, 0, 0, 1, 0, 1, 0, 0]),
 (16, [1180, 27, 0, 0, 1, 559, 1532, 0, 1, 1, 0, 0, 1, 1, 1]),
 (16, [1036, 115, 1, 0, 1, 770, 1997, 1, 1, 2, 3, 0, 0, 1, 1]),
 (16, [1028, 19, 1, 0, 0, 1632, 2042, 1, 1, 1, 0, 1, 2, 0, 2]),
 (16, [997, 85, 0, 0, 0, 1290, 1038, 0, 1, 1, 4, 0, 0, 1, 0]),
 (12, [2006, 89, 0, 1, 1, 1278, 1955, 1, 1, 0, 4, 0, 2, 2, 0]),
 (12, [1806, 44, 1, 1, 1, 851, 1903, 1, 0, 1, 0, 0, 1, 2, 2]),
 (12, [1789, 39, 1, 0, 0, 1200, 1875, 1, 0, 0, 4, 0, 1, 0, 0]),
 (12, [1502, 97, 1, 0, 0, 1081, 1662, 1, 1, 1, 4, 1, 1, 2, 2]),
 (12, [1240, 10, 0, 0, 1, 1814, 1530, 1, 1, 2, 0, 0, 0, 1, 1]),
 (12, [1161, 26, 1, 0, 0, 1590, 1915, 1, 1, 2, 1, 0, 1, 1, 1]),
 (12, [1047, 79, 0, 0, 0, 1001, 2034, 0, 1, 0, 2, 0, 0, 1, 1]),
 (12, [937, 119, 1, 1, 1, 1127, 1236, 0, 0, 1, 2, 0, 0, 0, 2]),
 (12, [761, 41, 0, 0, 1, 1111, 1364, 1, 1, 1, 2, 0, 2, 2, 1])]
scored
[(12, [761, 41, 0, 0, 1, 1111, 1364, 1, 1, 1, 2, 0, 2, 2, 1]),
 (12, [937, 119, 1, 1, 1, 1127, 1236, 0, 0, 1, 2, 0, 0, 0, 2]),
 (12, [1047, 79, 0, 0, 0, 1001, 2034, 0, 1, 0, 2, 0, 0, 1, 1]),
 (12, [1161, 26, 1, 0, 0, 1590, 1915, 1, 1, 2, 1, 0, 1, 1, 1]),
 (12, [1240, 10, 0, 0, 1, 1814, 1530, 1, 1, 2, 0, 0, 0, 1, 1]),
 (12, [1502, 97, 1, 0, 0, 1081, 1662, 1, 1, 1, 4, 1, 1, 2, 2]),
 (12, [1789, 39, 1, 0, 0, 1200, 1875, 1, 0, 0, 4, 0, 1, 0, 0]),
 (12, [1806, 44, 1, 1, 1, 851, 1903, 1, 0, 1, 0, 0, 1, 2, 2]),
 (12, [2006, 89, 0, 1, 1, 1278, 1955, 1, 1, 0, 4, 0, 2, 2, 0]),
 (16, [997, 85, 0, 0, 0, 1290, 1038, 0, 1, 1, 4, 0, 0, 1, 0]),
 (16, [1028, 19, 1, 0, 0, 1632, 2042, 1, 1, 1, 0, 1, 2, 0, 2]),
 (16, [1036, 115, 1, 0, 1, 770, 1997, 1, 1, 2, 3, 0, 0, 1, 1]),
 (16, [1180, 27, 0, 0, 1, 559, 1532, 0, 1, 1, 0, 0, 1, 1, 1]),
 (16, [1185, 71, 0, 0, 0, 1600, 1570, 1, 0, 0, 1, 0, 1, 0, 0]),
 (16, [1475, 79, 0, 0, 1, 895, 1007, 1, 1, 0, 2, 0, 0, 1, 0]),
 (16, [1509, 81, 0, 1, 1, 1839, 1004, 0, 0, 0, 3, 0, 1, 2, 2]),
 (16, [1682, 16, 0, 1, 0, 534, 1720, 1, 1, 1, 2, 1, 0, 0, 0]),
 (16, [1740, 110, 1, 1, 0, 865, 1384, 0, 1, 0, 1, 0, 0, 2, 2]),
 (16, [1837, 90, 0, 0, 0, 1722, 1438, 1, 1, 2, 2, 1, 2, 2, 1]),
 (34, [1915, 37, 0, 0, 0, 820, 1151, 1, 0, 0, 0, 0, 0, 1, 1]),
 (999, [651, 53, 1, 0, 0, 542, 761, 1, 1, 3, 1, 1, 0, 1, 2]),
 (999, [875, 54, 0, 0, 0, 1500, 1453, 0, 0, 3, 3, 1, 2, 2, 1]),
 (999, [1059, 107, 1, 1, 0, 722, 1375, 0, 1, 2, 5, 0, 2, 0, 2]),
 (999, [1092, 12, 1, 0, 0, 1574, 1612, 0, 0, 3, 0, 1, 2, 2, 0]),
 (999, [1112, 48, 1, 1, 0, 1504, 686, 1, 0, 3, 0, 0, 1, 0, 1]),
 (999, [1182, 85, 1, 1, 0, 662, 1170, 1, 1, 3, 1, 1, 2, 2, 1]),
 (999, [1209, 22, 0, 0, 0, 1952, 985, 0, 0, 3, 4, 1, 2, 0, 1]),
 (999, [1309, 73, 0, 1, 0, 642, 641, 1, 0, 3, 5, 0, 0, 1, 2]),
 (999, [1405, 74, 1, 0, 0, 1583, 1389, 0, 0, 1, 5, 0, 0, 2, 2]),
 (999, [1554, 110, 1, 1, 0, 1343, 572, 1, 1, 3, 5, 0, 0, 2, 1]),
 (999, [1672, 47, 1, 1, 0, 1423, 1809, 1, 1, 3, 5, 0, 1, 1, 2]),
 (999, [1779, 24, 0, 0, 1, 887, 1801, 1, 1, 2, 5, 0, 1, 2, 2])]
Selected
[(12, [761, 41, 0, 0, 1, 1111, 1364, 1, 1, 1, 2, 0, 2, 2, 1]),
 (12, [1240, 10, 0, 0, 1, 1814, 1530, 1, 1, 2, 0, 0, 0, 1, 1]),
 (12, [761, 41, 0, 0, 1, 1111, 1364, 1, 1, 1, 2, 0, 2, 2, 1]),
 (12, [937, 119, 1, 1, 1, 1127, 1236, 0, 0, 1, 2, 0, 0, 0, 2]),
 (12, [1240, 10, 0, 0, 1, 1814, 1530, 1, 1, 2, 0, 0, 0, 1, 1]),
 (12, [2006, 89, 0, 1, 1, 1278, 1955, 1, 1, 0, 4, 0, 2, 2, 0]),
 (12, [937, 119, 1, 1, 1, 1127, 1236, 0, 0, 1, 2, 0, 0, 0, 2]),
 (12, [1502, 97, 1, 0, 0, 1081, 1662, 1, 1, 1, 4, 1, 1, 2, 2]),
 (12, [1806, 44, 1, 1, 1, 851, 1903, 1, 0, 1, 0, 0, 1, 2, 2]),
 (12, [937, 119, 1, 1, 1, 1127, 1236, 0, 0, 1, 2, 0, 0, 0, 2]),
 (12, [1806, 44, 1, 1, 1, 851, 1903, 1, 0, 1, 0, 0, 1, 2, 2]),
 (12, [761, 41, 0, 0, 1, 1111, 1364, 1, 1, 1, 2, 0, 2, 2, 1]),
 (12, [937, 119, 1, 1, 1, 1127, 1236, 0, 0, 1, 2, 0, 0, 0, 2]),
 (12, [937, 119, 1, 1, 1, 1127, 1236, 0, 0, 1, 2, 0, 0, 0, 2]),
 (12, [1502, 97, 1, 0, 0, 1081, 1662, 1, 1, 1, 4, 1, 1, 2, 2]),
 (12, [1161, 26, 1, 0, 0, 1590, 1915, 1, 1, 2, 1, 0, 1, 1, 1]),
 (12, [937, 119, 1, 1, 1, 1127, 1236, 0, 0, 1, 2, 0, 0, 0, 2]),
 (12, [1047, 79, 0, 0, 0, 1001, 2034, 0, 1, 0, 2, 0, 0, 1, 1]),
 (12, [1161, 26, 1, 0, 0, 1590, 1915, 1, 1, 2, 1, 0, 1, 1, 1]),
 (16, [1740, 110, 1, 1, 0, 865, 1384, 0, 1, 0, 1, 0, 0, 2, 2]),
 (12, [761, 41, 0, 0, 1, 1111, 1364, 1, 1, 1, 2, 0, 2, 2, 1]),
 (16, [1036, 115, 1, 0, 1, 770, 1997, 1, 1, 2, 3, 0, 0, 1, 1]),
 (12, [761, 41, 0, 0, 1, 1111, 1364, 1, 1, 1, 2, 0, 2, 2, 1]),
 (12, [761, 41, 0, 0, 1, 1111, 1364, 1, 1, 1, 2, 0, 2, 2, 1]),
 (12, [761, 41, 0, 0, 1, 1111, 1364, 1, 1, 1, 2, 0, 2, 2, 1]),
 (12, [761, 41, 0, 0, 1, 1111, 1364, 1, 1, 1, 2, 0, 2, 2, 1]),
 (12, [1240, 10, 0, 0, 1, 1814, 1530, 1, 1, 2, 0, 0, 0, 1, 1])]
population
[(999, [1779, 24, 0, 0, 1, 887, 1801, 1, 1, 2, 5, 0, 1, 2, 2]),
 (999, [1672, 47, 1, 1, 0, 1423, 1809, 1, 1, 3, 5, 0, 1, 1, 2]),
 (999, [1554, 110, 1, 1, 0, 1343, 572, 1, 1, 3, 5, 0, 0, 2, 1]),
 (999, [1405, 74, 1, 0, 0, 1583, 1389, 0, 0, 1, 5, 0, 0, 2, 2]),
 (999, [1309, 73, 0, 1, 0, 642, 641, 1, 0, 3, 5, 0, 0, 1, 2]),
 (999, [1209, 22, 0, 0, 0, 1952, 985, 0, 0, 3, 4, 1, 2, 0, 1]),
 (999, [1182, 85, 1, 1, 0, 662, 1170, 1, 1, 3, 1, 1, 2, 2, 1]),
 (999, [1112, 48, 1, 1, 0, 1504, 686, 1, 0, 3, 0, 0, 1, 0, 1]),
 (999, [1092, 12, 1, 0, 0, 1574, 1612, 0, 0, 3, 0, 1, 2, 2, 0]),
 (999, [1059, 107, 1, 1, 0, 722, 1375, 0, 1, 2, 5, 0, 2, 0, 2]),
 (999, [875, 54, 0, 0, 0, 1500, 1453, 0, 0, 3, 3, 1, 2, 2, 1]),
 (999, [651, 53, 1, 0, 0, 542, 761, 1, 1, 3, 1, 1, 0, 1, 2]),
 (34, [1915, 37, 0, 0, 0, 820, 1151, 1, 0, 0, 0, 0, 0, 1, 1]),
 (16, [1837, 90, 0, 0, 0, 1722, 1438, 1, 1, 2, 2, 1, 2, 2, 1]),
 (16, [1740, 110, 1, 1, 0, 865, 1384, 0, 1, 0, 1, 0, 0, 2, 2]),
 (16, [1682, 16, 0, 1, 0, 534, 1720, 1, 1, 1, 2, 1, 0, 0, 0]),
 (16, [1509, 81, 0, 1, 1, 1839, 1004, 0, 0, 0, 3, 0, 1, 2, 2]),
 (16, [1475, 79, 0, 0, 1, 895, 1007, 1, 1, 0, 2, 0, 0, 1, 0]),
 (16, [1185, 71, 0, 0, 0, 1600, 1570, 1, 0, 0, 1, 0, 1, 0, 0]),
 (16, [1180, 27, 0, 0, 1, 559, 1532, 0, 1, 1, 0, 0, 1, 1, 1]),
 (16, [1036, 115, 1, 0, 1, 770, 1997, 1, 1, 2, 3, 0, 0, 1, 1]),
 (16, [1028, 19, 1, 0, 0, 1632, 2042, 1, 1, 1, 0, 1, 2, 0, 2]),
 (16, [997, 85, 0, 0, 0, 1290, 1038, 0, 1, 1, 4, 0, 0, 1, 0]),
 (12, [2006, 89, 0, 1, 1, 1278, 1955, 1, 1, 0, 4, 0, 2, 2, 0]),
 (12, [1806, 44, 1, 1, 1, 851, 1903, 1, 0, 1, 0, 0, 1, 2, 2]),
 (12, [1789, 39, 1, 0, 0, 1200, 1875, 1, 0, 0, 4, 0, 1, 0, 0]),
 (12, [1502, 97, 1, 0, 0, 1081, 1662, 1, 1, 1, 4, 1, 1, 2, 2]),
 (12, [1240, 10, 0, 0, 1, 1814, 1530, 1, 1, 2, 0, 0, 0, 1, 1]),
 (12, [1161, 26, 1, 0, 0, 1590, 1915, 1, 1, 2, 1, 0, 1, 1, 1]),
 (12, [1047, 79, 0, 0, 0, 1001, 2034, 0, 1, 0, 2, 0, 0, 1, 1]),
 (12, [937, 119, 1, 1, 1, 1127, 1236, 0, 0, 1, 2, 0, 0, 0, 2]),
 (12, [761, 41, 0, 0, 1, 1111, 1364, 1, 1, 1, 2, 0, 2, 2, 1])]
scored
[(12, [761, 41, 0, 0, 1, 1111, 1364, 1, 1, 1, 2, 0, 2, 2, 1]),
 (12, [937, 119, 1, 1, 1, 1127, 1236, 0, 0, 1, 2, 0, 0, 0, 2]),
 (12, [1047, 79, 0, 0, 0, 1001, 2034, 0, 1, 0, 2, 0, 0, 1, 1]),
 (12, [1161, 26, 1, 0, 0, 1590, 1915, 1, 1, 2, 1, 0, 1, 1, 1]),
 (12, [1240, 10, 0, 0, 1, 1814, 1530, 1, 1, 2, 0, 0, 0, 1, 1]),
 (12, [1502, 97, 1, 0, 0, 1081, 1662, 1, 1, 1, 4, 1, 1, 2, 2]),
 (12, [1789, 39, 1, 0, 0, 1200, 1875, 1, 0, 0, 4, 0, 1, 0, 0]),
 (12, [1806, 44, 1, 1, 1, 851, 1903, 1, 0, 1, 0, 0, 1, 2, 2]),
 (12, [2006, 89, 0, 1, 1, 1278, 1955, 1, 1, 0, 4, 0, 2, 2, 0]),
 (16, [997, 85, 0, 0, 0, 1290, 1038, 0, 1, 1, 4, 0, 0, 1, 0]),
 (16, [1028, 19, 1, 0, 0, 1632, 2042, 1, 1, 1, 0, 1, 2, 0, 2]),
 (16, [1036, 115, 1, 0, 1, 770, 1997, 1, 1, 2, 3, 0, 0, 1, 1]),
 (16, [1180, 27, 0, 0, 1, 559, 1532, 0, 1, 1, 0, 0, 1, 1, 1]),
 (16, [1185, 71, 0, 0, 0, 1600, 1570, 1, 0, 0, 1, 0, 1, 0, 0]),
 (16, [1475, 79, 0, 0, 1, 895, 1007, 1, 1, 0, 2, 0, 0, 1, 0]),
 (16, [1509, 81, 0, 1, 1, 1839, 1004, 0, 0, 0, 3, 0, 1, 2, 2]),
 (16, [1682, 16, 0, 1, 0, 534, 1720, 1, 1, 1, 2, 1, 0, 0, 0]),
 (16, [1740, 110, 1, 1, 0, 865, 1384, 0, 1, 0, 1, 0, 0, 2, 2]),
 (16, [1837, 90, 0, 0, 0, 1722, 1438, 1, 1, 2, 2, 1, 2, 2, 1]),
 (34, [1915, 37, 0, 0, 0, 820, 1151, 1, 0, 0, 0, 0, 0, 1, 1]),
 (999, [651, 53, 1, 0, 0, 542, 761, 1, 1, 3, 1, 1, 0, 1, 2]),
 (999, [875, 54, 0, 0, 0, 1500, 1453, 0, 0, 3, 3, 1, 2, 2, 1]),
 (999, [1059, 107, 1, 1, 0, 722, 1375, 0, 1, 2, 5, 0, 2, 0, 2]),
 (999, [1092, 12, 1, 0, 0, 1574, 1612, 0, 0, 3, 0, 1, 2, 2, 0]),
 (999, [1112, 48, 1, 1, 0, 1504, 686, 1, 0, 3, 0, 0, 1, 0, 1]),
 (999, [1182, 85, 1, 1, 0, 662, 1170, 1, 1, 3, 1, 1, 2, 2, 1]),
 (999, [1209, 22, 0, 0, 0, 1952, 985, 0, 0, 3, 4, 1, 2, 0, 1]),
 (999, [1309, 73, 0, 1, 0, 642, 641, 1, 0, 3, 5, 0, 0, 1, 2]),
 (999, [1405, 74, 1, 0, 0, 1583, 1389, 0, 0, 1, 5, 0, 0, 2, 2]),
 (999, [1554, 110, 1, 1, 0, 1343, 572, 1, 1, 3, 5, 0, 0, 2, 1]),
 (999, [1672, 47, 1, 1, 0, 1423, 1809, 1, 1, 3, 5, 0, 1, 1, 2]),
 (999, [1779, 24, 0, 0, 1, 887, 1801, 1, 1, 2, 5, 0, 1, 2, 2])]
Selected
[(12, [937, 119, 1, 1, 1, 1127, 1236, 0, 0, 1, 2, 0, 0, 0, 2]),
 (12, [1047, 79, 0, 0, 0, 1001, 2034, 0, 1, 0, 2, 0, 0, 1, 1]),
 (12, [1161, 26, 1, 0, 0, 1590, 1915, 1, 1, 2, 1, 0, 1, 1, 1]),
 (12, [937, 119, 1, 1, 1, 1127, 1236, 0, 0, 1, 2, 0, 0, 0, 2]),
 (16, [1509, 81, 0, 1, 1, 1839, 1004, 0, 0, 0, 3, 0, 1, 2, 2]),
 (16, [1036, 115, 1, 0, 1, 770, 1997, 1, 1, 2, 3, 0, 0, 1, 1]),
 (12, [761, 41, 0, 0, 1, 1111, 1364, 1, 1, 1, 2, 0, 2, 2, 1]),
 (16, [1028, 19, 1, 0, 0, 1632, 2042, 1, 1, 1, 0, 1, 2, 0, 2]),
 (12, [1047, 79, 0, 0, 0, 1001, 2034, 0, 1, 0, 2, 0, 0, 1, 1]),
 (16, [1837, 90, 0, 0, 0, 1722, 1438, 1, 1, 2, 2, 1, 2, 2, 1]),
 (12, [1806, 44, 1, 1, 1, 851, 1903, 1, 0, 1, 0, 0, 1, 2, 2]),
 (12, [1047, 79, 0, 0, 0, 1001, 2034, 0, 1, 0, 2, 0, 0, 1, 1]),
 (12, [937, 119, 1, 1, 1, 1127, 1236, 0, 0, 1, 2, 0, 0, 0, 2]),
 (16, [1028, 19, 1, 0, 0, 1632, 2042, 1, 1, 1, 0, 1, 2, 0, 2]),
 (12, [761, 41, 0, 0, 1, 1111, 1364, 1, 1, 1, 2, 0, 2, 2, 1]),
 (12, [1806, 44, 1, 1, 1, 851, 1903, 1, 0, 1, 0, 0, 1, 2, 2]),
 (12, [1240, 10, 0, 0, 1, 1814, 1530, 1, 1, 2, 0, 0, 0, 1, 1]),
 (16, [997, 85, 0, 0, 0, 1290, 1038, 0, 1, 1, 4, 0, 0, 1, 0]),
 (12, [1789, 39, 1, 0, 0, 1200, 1875, 1, 0, 0, 4, 0, 1, 0, 0]),
 (12, [1789, 39, 1, 0, 0, 1200, 1875, 1, 0, 0, 4, 0, 1, 0, 0]),
 (12, [937, 119, 1, 1, 1, 1127, 1236, 0, 0, 1, 2, 0, 0, 0, 2]),
 (12, [937, 119, 1, 1, 1, 1127, 1236, 0, 0, 1, 2, 0, 0, 0, 2]),
 (12, [1789, 39, 1, 0, 0, 1200, 1875, 1, 0, 0, 4, 0, 1, 0, 0]),
 (12, [1047, 79, 0, 0, 0, 1001, 2034, 0, 1, 0, 2, 0, 0, 1, 1]),
 (12, [761, 41, 0, 0, 1, 1111, 1364, 1, 1, 1, 2, 0, 2, 2, 1]),
 (12, [1789, 39, 1, 0, 0, 1200, 1875, 1, 0, 0, 4, 0, 1, 0, 0]),
 (12, [761, 41, 0, 0, 1, 1111, 1364, 1, 1, 1, 2, 0, 2, 2, 1])]
population
[(999, [1779, 24, 0, 0, 1, 887, 1801, 1, 1, 2, 5, 0, 1, 2, 2]),
 (999, [1672, 47, 1, 1, 0, 1423, 1809, 1, 1, 3, 5, 0, 1, 1, 2]),
 (999, [1554, 110, 1, 1, 0, 1343, 572, 1, 1, 3, 5, 0, 0, 2, 1]),
 (999, [1405, 74, 1, 0, 0, 1583, 1389, 0, 0, 1, 5, 0, 0, 2, 2]),
 (999, [1309, 73, 0, 1, 0, 642, 641, 1, 0, 3, 5, 0, 0, 1, 2]),
 (999, [1209, 22, 0, 0, 0, 1952, 985, 0, 0, 3, 4, 1, 2, 0, 1]),
 (999, [1182, 85, 1, 1, 0, 662, 1170, 1, 1, 3, 1, 1, 2, 2, 1]),
 (999, [1112, 48, 1, 1, 0, 1504, 686, 1, 0, 3, 0, 0, 1, 0, 1]),
 (999, [1092, 12, 1, 0, 0, 1574, 1612, 0, 0, 3, 0, 1, 2, 2, 0]),
 (999, [1059, 107, 1, 1, 0, 722, 1375, 0, 1, 2, 5, 0, 2, 0, 2]),
 (999, [875, 54, 0, 0, 0, 1500, 1453, 0, 0, 3, 3, 1, 2, 2, 1]),
 (999, [651, 53, 1, 0, 0, 542, 761, 1, 1, 3, 1, 1, 0, 1, 2]),
 (34, [1915, 37, 0, 0, 0, 820, 1151, 1, 0, 0, 0, 0, 0, 1, 1]),
 (16, [1837, 90, 0, 0, 0, 1722, 1438, 1, 1, 2, 2, 1, 2, 2, 1]),
 (16, [1740, 110, 1, 1, 0, 865, 1384, 0, 1, 0, 1, 0, 0, 2, 2]),
 (16, [1682, 16, 0, 1, 0, 534, 1720, 1, 1, 1, 2, 1, 0, 0, 0]),
 (16, [1509, 81, 0, 1, 1, 1839, 1004, 0, 0, 0, 3, 0, 1, 2, 2]),
 (16, [1475, 79, 0, 0, 1, 895, 1007, 1, 1, 0, 2, 0, 0, 1, 0]),
 (16, [1185, 71, 0, 0, 0, 1600, 1570, 1, 0, 0, 1, 0, 1, 0, 0]),
 (16, [1180, 27, 0, 0, 1, 559, 1532, 0, 1, 1, 0, 0, 1, 1, 1]),
 (16, [1036, 115, 1, 0, 1, 770, 1997, 1, 1, 2, 3, 0, 0, 1, 1]),
 (16, [1028, 19, 1, 0, 0, 1632, 2042, 1, 1, 1, 0, 1, 2, 0, 2]),
 (16, [997, 85, 0, 0, 0, 1290, 1038, 0, 1, 1, 4, 0, 0, 1, 0]),
 (12, [2006, 89, 0, 1, 1, 1278, 1955, 1, 1, 0, 4, 0, 2, 2, 0]),
 (12, [1806, 44, 1, 1, 1, 851, 1903, 1, 0, 1, 0, 0, 1, 2, 2]),
 (12, [1789, 39, 1, 0, 0, 1200, 1875, 1, 0, 0, 4, 0, 1, 0, 0]),
 (12, [1502, 97, 1, 0, 0, 1081, 1662, 1, 1, 1, 4, 1, 1, 2, 2]),
 (12, [1240, 10, 0, 0, 1, 1814, 1530, 1, 1, 2, 0, 0, 0, 1, 1]),
 (12, [1161, 26, 1, 0, 0, 1590, 1915, 1, 1, 2, 1, 0, 1, 1, 1]),
 (12, [1047, 79, 0, 0, 0, 1001, 2034, 0, 1, 0, 2, 0, 0, 1, 1]),
 (12, [937, 119, 1, 1, 1, 1127, 1236, 0, 0, 1, 2, 0, 0, 0, 2]),
 (12, [761, 41, 0, 0, 1, 1111, 1364, 1, 1, 1, 2, 0, 2, 2, 1])]
scored
[(12, [761, 41, 0, 0, 1, 1111, 1364, 1, 1, 1, 2, 0, 2, 2, 1]),
 (12, [937, 119, 1, 1, 1, 1127, 1236, 0, 0, 1, 2, 0, 0, 0, 2]),
 (12, [1047, 79, 0, 0, 0, 1001, 2034, 0, 1, 0, 2, 0, 0, 1, 1]),
 (12, [1161, 26, 1, 0, 0, 1590, 1915, 1, 1, 2, 1, 0, 1, 1, 1]),
 (12, [1240, 10, 0, 0, 1, 1814, 1530, 1, 1, 2, 0, 0, 0, 1, 1]),
 (12, [1502, 97, 1, 0, 0, 1081, 1662, 1, 1, 1, 4, 1, 1, 2, 2]),
 (12, [1789, 39, 1, 0, 0, 1200, 1875, 1, 0, 0, 4, 0, 1, 0, 0]),
 (12, [1806, 44, 1, 1, 1, 851, 1903, 1, 0, 1, 0, 0, 1, 2, 2]),
 (12, [2006, 89, 0, 1, 1, 1278, 1955, 1, 1, 0, 4, 0, 2, 2, 0]),
 (16, [997, 85, 0, 0, 0, 1290, 1038, 0, 1, 1, 4, 0, 0, 1, 0]),
 (16, [1028, 19, 1, 0, 0, 1632, 2042, 1, 1, 1, 0, 1, 2, 0, 2]),
 (16, [1036, 115, 1, 0, 1, 770, 1997, 1, 1, 2, 3, 0, 0, 1, 1]),
 (16, [1180, 27, 0, 0, 1, 559, 1532, 0, 1, 1, 0, 0, 1, 1, 1]),
 (16, [1185, 71, 0, 0, 0, 1600, 1570, 1, 0, 0, 1, 0, 1, 0, 0]),
 (16, [1475, 79, 0, 0, 1, 895, 1007, 1, 1, 0, 2, 0, 0, 1, 0]),
 (16, [1509, 81, 0, 1, 1, 1839, 1004, 0, 0, 0, 3, 0, 1, 2, 2]),
 (16, [1682, 16, 0, 1, 0, 534, 1720, 1, 1, 1, 2, 1, 0, 0, 0]),
 (16, [1740, 110, 1, 1, 0, 865, 1384, 0, 1, 0, 1, 0, 0, 2, 2]),
 (16, [1837, 90, 0, 0, 0, 1722, 1438, 1, 1, 2, 2, 1, 2, 2, 1]),
 (34, [1915, 37, 0, 0, 0, 820, 1151, 1, 0, 0, 0, 0, 0, 1, 1]),
 (999, [651, 53, 1, 0, 0, 542, 761, 1, 1, 3, 1, 1, 0, 1, 2]),
 (999, [875, 54, 0, 0, 0, 1500, 1453, 0, 0, 3, 3, 1, 2, 2, 1]),
 (999, [1059, 107, 1, 1, 0, 722, 1375, 0, 1, 2, 5, 0, 2, 0, 2]),
 (999, [1092, 12, 1, 0, 0, 1574, 1612, 0, 0, 3, 0, 1, 2, 2, 0]),
 (999, [1112, 48, 1, 1, 0, 1504, 686, 1, 0, 3, 0, 0, 1, 0, 1]),
 (999, [1182, 85, 1, 1, 0, 662, 1170, 1, 1, 3, 1, 1, 2, 2, 1]),
 (999, [1209, 22, 0, 0, 0, 1952, 985, 0, 0, 3, 4, 1, 2, 0, 1]),
 (999, [1309, 73, 0, 1, 0, 642, 641, 1, 0, 3, 5, 0, 0, 1, 2]),
 (999, [1405, 74, 1, 0, 0, 1583, 1389, 0, 0, 1, 5, 0, 0, 2, 2]),
 (999, [1554, 110, 1, 1, 0, 1343, 572, 1, 1, 3, 5, 0, 0, 2, 1]),
 (999, [1672, 47, 1, 1, 0, 1423, 1809, 1, 1, 3, 5, 0, 1, 1, 2]),
 (999, [1779, 24, 0, 0, 1, 887, 1801, 1, 1, 2, 5, 0, 1, 2, 2])]
Selected
[(16, [1028, 19, 1, 0, 0, 1632, 2042, 1, 1, 1, 0, 1, 2, 0, 2]),
 (16, [997, 85, 0, 0, 0, 1290, 1038, 0, 1, 1, 4, 0, 0, 1, 0]),
 (12, [761, 41, 0, 0, 1, 1111, 1364, 1, 1, 1, 2, 0, 2, 2, 1]),
 (12, [1161, 26, 1, 0, 0, 1590, 1915, 1, 1, 2, 1, 0, 1, 1, 1]),
 (12, [761, 41, 0, 0, 1, 1111, 1364, 1, 1, 1, 2, 0, 2, 2, 1]),
 (12, [1240, 10, 0, 0, 1, 1814, 1530, 1, 1, 2, 0, 0, 0, 1, 1]),
 (12, [937, 119, 1, 1, 1, 1127, 1236, 0, 0, 1, 2, 0, 0, 0, 2]),
 (16, [997, 85, 0, 0, 0, 1290, 1038, 0, 1, 1, 4, 0, 0, 1, 0]),
 (12, [1047, 79, 0, 0, 0, 1001, 2034, 0, 1, 0, 2, 0, 0, 1, 1]),
 (12, [937, 119, 1, 1, 1, 1127, 1236, 0, 0, 1, 2, 0, 0, 0, 2]),
 (16, [997, 85, 0, 0, 0, 1290, 1038, 0, 1, 1, 4, 0, 0, 1, 0]),
 (12, [1789, 39, 1, 0, 0, 1200, 1875, 1, 0, 0, 4, 0, 1, 0, 0]),
 (12, [937, 119, 1, 1, 1, 1127, 1236, 0, 0, 1, 2, 0, 0, 0, 2]),
 (16, [1028, 19, 1, 0, 0, 1632, 2042, 1, 1, 1, 0, 1, 2, 0, 2]),
 (12, [1789, 39, 1, 0, 0, 1200, 1875, 1, 0, 0, 4, 0, 1, 0, 0]),
 (12, [937, 119, 1, 1, 1, 1127, 1236, 0, 0, 1, 2, 0, 0, 0, 2]),
 (12, [1789, 39, 1, 0, 0, 1200, 1875, 1, 0, 0, 4, 0, 1, 0, 0]),
 (16, [997, 85, 0, 0, 0, 1290, 1038, 0, 1, 1, 4, 0, 0, 1, 0]),
 (12, [2006, 89, 0, 1, 1, 1278, 1955, 1, 1, 0, 4, 0, 2, 2, 0]),
 (12, [937, 119, 1, 1, 1, 1127, 1236, 0, 0, 1, 2, 0, 0, 0, 2]),
 (12, [1047, 79, 0, 0, 0, 1001, 2034, 0, 1, 0, 2, 0, 0, 1, 1]),
 (12, [1806, 44, 1, 1, 1, 851, 1903, 1, 0, 1, 0, 0, 1, 2, 2]),
 (16, [1028, 19, 1, 0, 0, 1632, 2042, 1, 1, 1, 0, 1, 2, 0, 2]),
 (12, [937, 119, 1, 1, 1, 1127, 1236, 0, 0, 1, 2, 0, 0, 0, 2]),
 (12, [1047, 79, 0, 0, 0, 1001, 2034, 0, 1, 0, 2, 0, 0, 1, 1]),
 (12, [1240, 10, 0, 0, 1, 1814, 1530, 1, 1, 2, 0, 0, 0, 1, 1]),
 (16, [1682, 16, 0, 1, 0, 534, 1720, 1, 1, 1, 2, 1, 0, 0, 0])]
population
[(999, [1779, 24, 0, 0, 1, 887, 1801, 1, 1, 2, 5, 0, 1, 2, 2]),
 (999, [1672, 47, 1, 1, 0, 1423, 1809, 1, 1, 3, 5, 0, 1, 1, 2]),
 (999, [1554, 110, 1, 1, 0, 1343, 572, 1, 1, 3, 5, 0, 0, 2, 1]),
 (999, [1405, 74, 1, 0, 0, 1583, 1389, 0, 0, 1, 5, 0, 0, 2, 2]),
 (999, [1309, 73, 0, 1, 0, 642, 641, 1, 0, 3, 5, 0, 0, 1, 2]),
 (999, [1209, 22, 0, 0, 0, 1952, 985, 0, 0, 3, 4, 1, 2, 0, 1]),
 (999, [1182, 85, 1, 1, 0, 662, 1170, 1, 1, 3, 1, 1, 2, 2, 1]),
 (999, [1112, 48, 1, 1, 0, 1504, 686, 1, 0, 3, 0, 0, 1, 0, 1]),
 (999, [1092, 12, 1, 0, 0, 1574, 1612, 0, 0, 3, 0, 1, 2, 2, 0]),
 (999, [1059, 107, 1, 1, 0, 722, 1375, 0, 1, 2, 5, 0, 2, 0, 2]),
 (999, [875, 54, 0, 0, 0, 1500, 1453, 0, 0, 3, 3, 1, 2, 2, 1]),
 (999, [651, 53, 1, 0, 0, 542, 761, 1, 1, 3, 1, 1, 0, 1, 2]),
 (34, [1915, 37, 0, 0, 0, 820, 1151, 1, 0, 0, 0, 0, 0, 1, 1]),
 (16, [1837, 90, 0, 0, 0, 1722, 1438, 1, 1, 2, 2, 1, 2, 2, 1]),
 (16, [1740, 110, 1, 1, 0, 865, 1384, 0, 1, 0, 1, 0, 0, 2, 2]),
 (16, [1682, 16, 0, 1, 0, 534, 1720, 1, 1, 1, 2, 1, 0, 0, 0]),
 (16, [1509, 81, 0, 1, 1, 1839, 1004, 0, 0, 0, 3, 0, 1, 2, 2]),
 (16, [1475, 79, 0, 0, 1, 895, 1007, 1, 1, 0, 2, 0, 0, 1, 0]),
 (16, [1185, 71, 0, 0, 0, 1600, 1570, 1, 0, 0, 1, 0, 1, 0, 0]),
 (16, [1180, 27, 0, 0, 1, 559, 1532, 0, 1, 1, 0, 0, 1, 1, 1]),
 (16, [1036, 115, 1, 0, 1, 770, 1997, 1, 1, 2, 3, 0, 0, 1, 1]),
 (16, [1028, 19, 1, 0, 0, 1632, 2042, 1, 1, 1, 0, 1, 2, 0, 2]),
 (16, [997, 85, 0, 0, 0, 1290, 1038, 0, 1, 1, 4, 0, 0, 1, 0]),
 (12, [2006, 89, 0, 1, 1, 1278, 1955, 1, 1, 0, 4, 0, 2, 2, 0]),
 (12, [1806, 44, 1, 1, 1, 851, 1903, 1, 0, 1, 0, 0, 1, 2, 2]),
 (12, [1789, 39, 1, 0, 0, 1200, 1875, 1, 0, 0, 4, 0, 1, 0, 0]),
 (12, [1502, 97, 1, 0, 0, 1081, 1662, 1, 1, 1, 4, 1, 1, 2, 2]),
 (12, [1240, 10, 0, 0, 1, 1814, 1530, 1, 1, 2, 0, 0, 0, 1, 1]),
 (12, [1161, 26, 1, 0, 0, 1590, 1915, 1, 1, 2, 1, 0, 1, 1, 1]),
 (12, [1047, 79, 0, 0, 0, 1001, 2034, 0, 1, 0, 2, 0, 0, 1, 1]),
 (12, [937, 119, 1, 1, 1, 1127, 1236, 0, 0, 1, 2, 0, 0, 0, 2]),
 (12, [761, 41, 0, 0, 1, 1111, 1364, 1, 1, 1, 2, 0, 2, 2, 1])]
scored
[(12, [761, 41, 0, 0, 1, 1111, 1364, 1, 1, 1, 2, 0, 2, 2, 1]),
 (12, [937, 119, 1, 1, 1, 1127, 1236, 0, 0, 1, 2, 0, 0, 0, 2]),
 (12, [1047, 79, 0, 0, 0, 1001, 2034, 0, 1, 0, 2, 0, 0, 1, 1]),
 (12, [1161, 26, 1, 0, 0, 1590, 1915, 1, 1, 2, 1, 0, 1, 1, 1]),
 (12, [1240, 10, 0, 0, 1, 1814, 1530, 1, 1, 2, 0, 0, 0, 1, 1]),
 (12, [1502, 97, 1, 0, 0, 1081, 1662, 1, 1, 1, 4, 1, 1, 2, 2]),
 (12, [1789, 39, 1, 0, 0, 1200, 1875, 1, 0, 0, 4, 0, 1, 0, 0]),
 (12, [1806, 44, 1, 1, 1, 851, 1903, 1, 0, 1, 0, 0, 1, 2, 2]),
 (12, [2006, 89, 0, 1, 1, 1278, 1955, 1, 1, 0, 4, 0, 2, 2, 0]),
 (16, [997, 85, 0, 0, 0, 1290, 1038, 0, 1, 1, 4, 0, 0, 1, 0]),
 (16, [1028, 19, 1, 0, 0, 1632, 2042, 1, 1, 1, 0, 1, 2, 0, 2]),
 (16, [1036, 115, 1, 0, 1, 770, 1997, 1, 1, 2, 3, 0, 0, 1, 1]),
 (16, [1180, 27, 0, 0, 1, 559, 1532, 0, 1, 1, 0, 0, 1, 1, 1]),
 (16, [1185, 71, 0, 0, 0, 1600, 1570, 1, 0, 0, 1, 0, 1, 0, 0]),
 (16, [1475, 79, 0, 0, 1, 895, 1007, 1, 1, 0, 2, 0, 0, 1, 0]),
 (16, [1509, 81, 0, 1, 1, 1839, 1004, 0, 0, 0, 3, 0, 1, 2, 2]),
 (16, [1682, 16, 0, 1, 0, 534, 1720, 1, 1, 1, 2, 1, 0, 0, 0]),
 (16, [1740, 110, 1, 1, 0, 865, 1384, 0, 1, 0, 1, 0, 0, 2, 2]),
 (16, [1837, 90, 0, 0, 0, 1722, 1438, 1, 1, 2, 2, 1, 2, 2, 1]),
 (34, [1915, 37, 0, 0, 0, 820, 1151, 1, 0, 0, 0, 0, 0, 1, 1]),
 (999, [651, 53, 1, 0, 0, 542, 761, 1, 1, 3, 1, 1, 0, 1, 2]),
 (999, [875, 54, 0, 0, 0, 1500, 1453, 0, 0, 3, 3, 1, 2, 2, 1]),
 (999, [1059, 107, 1, 1, 0, 722, 1375, 0, 1, 2, 5, 0, 2, 0, 2]),
 (999, [1092, 12, 1, 0, 0, 1574, 1612, 0, 0, 3, 0, 1, 2, 2, 0]),
 (999, [1112, 48, 1, 1, 0, 1504, 686, 1, 0, 3, 0, 0, 1, 0, 1]),
 (999, [1182, 85, 1, 1, 0, 662, 1170, 1, 1, 3, 1, 1, 2, 2, 1]),
 (999, [1209, 22, 0, 0, 0, 1952, 985, 0, 0, 3, 4, 1, 2, 0, 1]),
 (999, [1309, 73, 0, 1, 0, 642, 641, 1, 0, 3, 5, 0, 0, 1, 2]),
 (999, [1405, 74, 1, 0, 0, 1583, 1389, 0, 0, 1, 5, 0, 0, 2, 2]),
 (999, [1554, 110, 1, 1, 0, 1343, 572, 1, 1, 3, 5, 0, 0, 2, 1]),
 (999, [1672, 47, 1, 1, 0, 1423, 1809, 1, 1, 3, 5, 0, 1, 1, 2]),
 (999, [1779, 24, 0, 0, 1, 887, 1801, 1, 1, 2, 5, 0, 1, 2, 2])]
Selected
[(12, [2006, 89, 0, 1, 1, 1278, 1955, 1, 1, 0, 4, 0, 2, 2, 0]),
 (12, [761, 41, 0, 0, 1, 1111, 1364, 1, 1, 1, 2, 0, 2, 2, 1]),
 (12, [761, 41, 0, 0, 1, 1111, 1364, 1, 1, 1, 2, 0, 2, 2, 1]),
 (12, [761, 41, 0, 0, 1, 1111, 1364, 1, 1, 1, 2, 0, 2, 2, 1]),
 (12, [1806, 44, 1, 1, 1, 851, 1903, 1, 0, 1, 0, 0, 1, 2, 2]),
 (12, [937, 119, 1, 1, 1, 1127, 1236, 0, 0, 1, 2, 0, 0, 0, 2]),
 (12, [937, 119, 1, 1, 1, 1127, 1236, 0, 0, 1, 2, 0, 0, 0, 2]),
 (12, [1240, 10, 0, 0, 1, 1814, 1530, 1, 1, 2, 0, 0, 0, 1, 1]),
 (12, [1806, 44, 1, 1, 1, 851, 1903, 1, 0, 1, 0, 0, 1, 2, 2]),
 (12, [761, 41, 0, 0, 1, 1111, 1364, 1, 1, 1, 2, 0, 2, 2, 1]),
 (12, [937, 119, 1, 1, 1, 1127, 1236, 0, 0, 1, 2, 0, 0, 0, 2]),
 (12, [937, 119, 1, 1, 1, 1127, 1236, 0, 0, 1, 2, 0, 0, 0, 2]),
 (12, [1161, 26, 1, 0, 0, 1590, 1915, 1, 1, 2, 1, 0, 1, 1, 1]),
 (12, [1806, 44, 1, 1, 1, 851, 1903, 1, 0, 1, 0, 0, 1, 2, 2]),
 (12, [1502, 97, 1, 0, 0, 1081, 1662, 1, 1, 1, 4, 1, 1, 2, 2]),
 (12, [1502, 97, 1, 0, 0, 1081, 1662, 1, 1, 1, 4, 1, 1, 2, 2]),
 (12, [1240, 10, 0, 0, 1, 1814, 1530, 1, 1, 2, 0, 0, 0, 1, 1]),
 (12, [1240, 10, 0, 0, 1, 1814, 1530, 1, 1, 2, 0, 0, 0, 1, 1]),
 (12, [761, 41, 0, 0, 1, 1111, 1364, 1, 1, 1, 2, 0, 2, 2, 1]),
 (16, [1682, 16, 0, 1, 0, 534, 1720, 1, 1, 1, 2, 1, 0, 0, 0]),
 (12, [1806, 44, 1, 1, 1, 851, 1903, 1, 0, 1, 0, 0, 1, 2, 2]),
 (16, [1180, 27, 0, 0, 1, 559, 1532, 0, 1, 1, 0, 0, 1, 1, 1]),
 (12, [761, 41, 0, 0, 1, 1111, 1364, 1, 1, 1, 2, 0, 2, 2, 1]),
 (12, [761, 41, 0, 0, 1, 1111, 1364, 1, 1, 1, 2, 0, 2, 2, 1]),
 (12, [2006, 89, 0, 1, 1, 1278, 1955, 1, 1, 0, 4, 0, 2, 2, 0]),
 (12, [937, 119, 1, 1, 1, 1127, 1236, 0, 0, 1, 2, 0, 0, 0, 2]),
 (12, [1789, 39, 1, 0, 0, 1200, 1875, 1, 0, 0, 4, 0, 1, 0, 0])]
population
[(999, [1779, 24, 0, 0, 1, 887, 1801, 1, 1, 2, 5, 0, 1, 2, 2]),
 (999, [1672, 47, 1, 1, 0, 1423, 1809, 1, 1, 3, 5, 0, 1, 1, 2]),
 (999, [1554, 110, 1, 1, 0, 1343, 572, 1, 1, 3, 5, 0, 0, 2, 1]),
 (999, [1405, 74, 1, 0, 0, 1583, 1389, 0, 0, 1, 5, 0, 0, 2, 2]),
 (999, [1309, 73, 0, 1, 0, 642, 641, 1, 0, 3, 5, 0, 0, 1, 2]),
 (999, [1209, 22, 0, 0, 0, 1952, 985, 0, 0, 3, 4, 1, 2, 0, 1]),
 (999, [1182, 85, 1, 1, 0, 662, 1170, 1, 1, 3, 1, 1, 2, 2, 1]),
 (999, [1112, 48, 1, 1, 0, 1504, 686, 1, 0, 3, 0, 0, 1, 0, 1]),
 (999, [1092, 12, 1, 0, 0, 1574, 1612, 0, 0, 3, 0, 1, 2, 2, 0]),
 (999, [1059, 107, 1, 1, 0, 722, 1375, 0, 1, 2, 5, 0, 2, 0, 2]),
 (999, [875, 54, 0, 0, 0, 1500, 1453, 0, 0, 3, 3, 1, 2, 2, 1]),
 (999, [651, 53, 1, 0, 0, 542, 761, 1, 1, 3, 1, 1, 0, 1, 2]),
 (34, [1915, 37, 0, 0, 0, 820, 1151, 1, 0, 0, 0, 0, 0, 1, 1]),
 (16, [1837, 90, 0, 0, 0, 1722, 1438, 1, 1, 2, 2, 1, 2, 2, 1]),
 (16, [1740, 110, 1, 1, 0, 865, 1384, 0, 1, 0, 1, 0, 0, 2, 2]),
 (16, [1682, 16, 0, 1, 0, 534, 1720, 1, 1, 1, 2, 1, 0, 0, 0]),
 (16, [1509, 81, 0, 1, 1, 1839, 1004, 0, 0, 0, 3, 0, 1, 2, 2]),
 (16, [1475, 79, 0, 0, 1, 895, 1007, 1, 1, 0, 2, 0, 0, 1, 0]),
 (16, [1185, 71, 0, 0, 0, 1600, 1570, 1, 0, 0, 1, 0, 1, 0, 0]),
 (16, [1180, 27, 0, 0, 1, 559, 1532, 0, 1, 1, 0, 0, 1, 1, 1]),
 (16, [1036, 115, 1, 0, 1, 770, 1997, 1, 1, 2, 3, 0, 0, 1, 1]),
 (16, [1028, 19, 1, 0, 0, 1632, 2042, 1, 1, 1, 0, 1, 2, 0, 2]),
 (16, [997, 85, 0, 0, 0, 1290, 1038, 0, 1, 1, 4, 0, 0, 1, 0]),
 (12, [2006, 89, 0, 1, 1, 1278, 1955, 1, 1, 0, 4, 0, 2, 2, 0]),
 (12, [1806, 44, 1, 1, 1, 851, 1903, 1, 0, 1, 0, 0, 1, 2, 2]),
 (12, [1789, 39, 1, 0, 0, 1200, 1875, 1, 0, 0, 4, 0, 1, 0, 0]),
 (12, [1502, 97, 1, 0, 0, 1081, 1662, 1, 1, 1, 4, 1, 1, 2, 2]),
 (12, [1240, 10, 0, 0, 1, 1814, 1530, 1, 1, 2, 0, 0, 0, 1, 1]),
 (12, [1161, 26, 1, 0, 0, 1590, 1915, 1, 1, 2, 1, 0, 1, 1, 1]),
 (12, [1047, 79, 0, 0, 0, 1001, 2034, 0, 1, 0, 2, 0, 0, 1, 1]),
 (12, [937, 119, 1, 1, 1, 1127, 1236, 0, 0, 1, 2, 0, 0, 0, 2]),
 (12, [761, 41, 0, 0, 1, 1111, 1364, 1, 1, 1, 2, 0, 2, 2, 1])]
scored
[(12, [761, 41, 0, 0, 1, 1111, 1364, 1, 1, 1, 2, 0, 2, 2, 1]),
 (12, [937, 119, 1, 1, 1, 1127, 1236, 0, 0, 1, 2, 0, 0, 0, 2]),
 (12, [1047, 79, 0, 0, 0, 1001, 2034, 0, 1, 0, 2, 0, 0, 1, 1]),
 (12, [1161, 26, 1, 0, 0, 1590, 1915, 1, 1, 2, 1, 0, 1, 1, 1]),
 (12, [1240, 10, 0, 0, 1, 1814, 1530, 1, 1, 2, 0, 0, 0, 1, 1]),
 (12, [1502, 97, 1, 0, 0, 1081, 1662, 1, 1, 1, 4, 1, 1, 2, 2]),
 (12, [1789, 39, 1, 0, 0, 1200, 1875, 1, 0, 0, 4, 0, 1, 0, 0]),
 (12, [1806, 44, 1, 1, 1, 851, 1903, 1, 0, 1, 0, 0, 1, 2, 2]),
 (12, [2006, 89, 0, 1, 1, 1278, 1955, 1, 1, 0, 4, 0, 2, 2, 0]),
 (16, [997, 85, 0, 0, 0, 1290, 1038, 0, 1, 1, 4, 0, 0, 1, 0]),
 (16, [1028, 19, 1, 0, 0, 1632, 2042, 1, 1, 1, 0, 1, 2, 0, 2]),
 (16, [1036, 115, 1, 0, 1, 770, 1997, 1, 1, 2, 3, 0, 0, 1, 1]),
 (16, [1180, 27, 0, 0, 1, 559, 1532, 0, 1, 1, 0, 0, 1, 1, 1]),
 (16, [1185, 71, 0, 0, 0, 1600, 1570, 1, 0, 0, 1, 0, 1, 0, 0]),
 (16, [1475, 79, 0, 0, 1, 895, 1007, 1, 1, 0, 2, 0, 0, 1, 0]),
 (16, [1509, 81, 0, 1, 1, 1839, 1004, 0, 0, 0, 3, 0, 1, 2, 2]),
 (16, [1682, 16, 0, 1, 0, 534, 1720, 1, 1, 1, 2, 1, 0, 0, 0]),
 (16, [1740, 110, 1, 1, 0, 865, 1384, 0, 1, 0, 1, 0, 0, 2, 2]),
 (16, [1837, 90, 0, 0, 0, 1722, 1438, 1, 1, 2, 2, 1, 2, 2, 1]),
 (34, [1915, 37, 0, 0, 0, 820, 1151, 1, 0, 0, 0, 0, 0, 1, 1]),
 (999, [651, 53, 1, 0, 0, 542, 761, 1, 1, 3, 1, 1, 0, 1, 2]),
 (999, [875, 54, 0, 0, 0, 1500, 1453, 0, 0, 3, 3, 1, 2, 2, 1]),
 (999, [1059, 107, 1, 1, 0, 722, 1375, 0, 1, 2, 5, 0, 2, 0, 2]),
 (999, [1092, 12, 1, 0, 0, 1574, 1612, 0, 0, 3, 0, 1, 2, 2, 0]),
 (999, [1112, 48, 1, 1, 0, 1504, 686, 1, 0, 3, 0, 0, 1, 0, 1]),
 (999, [1182, 85, 1, 1, 0, 662, 1170, 1, 1, 3, 1, 1, 2, 2, 1]),
 (999, [1209, 22, 0, 0, 0, 1952, 985, 0, 0, 3, 4, 1, 2, 0, 1]),
 (999, [1309, 73, 0, 1, 0, 642, 641, 1, 0, 3, 5, 0, 0, 1, 2]),
 (999, [1405, 74, 1, 0, 0, 1583, 1389, 0, 0, 1, 5, 0, 0, 2, 2]),
 (999, [1554, 110, 1, 1, 0, 1343, 572, 1, 1, 3, 5, 0, 0, 2, 1]),
 (999, [1672, 47, 1, 1, 0, 1423, 1809, 1, 1, 3, 5, 0, 1, 1, 2]),
 (999, [1779, 24, 0, 0, 1, 887, 1801, 1, 1, 2, 5, 0, 1, 2, 2])]
Selected
[(12, [937, 119, 1, 1, 1, 1127, 1236, 0, 0, 1, 2, 0, 0, 0, 2]),
 (12, [1161, 26, 1, 0, 0, 1590, 1915, 1, 1, 2, 1, 0, 1, 1, 1]),
 (12, [1047, 79, 0, 0, 0, 1001, 2034, 0, 1, 0, 2, 0, 0, 1, 1]),
 (12, [1502, 97, 1, 0, 0, 1081, 1662, 1, 1, 1, 4, 1, 1, 2, 2]),
 (16, [1185, 71, 0, 0, 0, 1600, 1570, 1, 0, 0, 1, 0, 1, 0, 0]),
 (12, [1161, 26, 1, 0, 0, 1590, 1915, 1, 1, 2, 1, 0, 1, 1, 1]),
 (12, [1502, 97, 1, 0, 0, 1081, 1662, 1, 1, 1, 4, 1, 1, 2, 2]),
 (12, [1047, 79, 0, 0, 0, 1001, 2034, 0, 1, 0, 2, 0, 0, 1, 1]),
 (12, [1047, 79, 0, 0, 0, 1001, 2034, 0, 1, 0, 2, 0, 0, 1, 1]),
 (12, [1240, 10, 0, 0, 1, 1814, 1530, 1, 1, 2, 0, 0, 0, 1, 1]),
 (12, [1789, 39, 1, 0, 0, 1200, 1875, 1, 0, 0, 4, 0, 1, 0, 0]),
 (12, [1789, 39, 1, 0, 0, 1200, 1875, 1, 0, 0, 4, 0, 1, 0, 0]),
 (12, [1047, 79, 0, 0, 0, 1001, 2034, 0, 1, 0, 2, 0, 0, 1, 1]),
 (12, [1240, 10, 0, 0, 1, 1814, 1530, 1, 1, 2, 0, 0, 0, 1, 1]),
 (12, [1161, 26, 1, 0, 0, 1590, 1915, 1, 1, 2, 1, 0, 1, 1, 1]),
 (12, [1047, 79, 0, 0, 0, 1001, 2034, 0, 1, 0, 2, 0, 0, 1, 1]),
 (12, [1047, 79, 0, 0, 0, 1001, 2034, 0, 1, 0, 2, 0, 0, 1, 1]),
 (12, [1240, 10, 0, 0, 1, 1814, 1530, 1, 1, 2, 0, 0, 0, 1, 1]),
 (12, [937, 119, 1, 1, 1, 1127, 1236, 0, 0, 1, 2, 0, 0, 0, 2]),
 (12, [937, 119, 1, 1, 1, 1127, 1236, 0, 0, 1, 2, 0, 0, 0, 2]),
 (12, [937, 119, 1, 1, 1, 1127, 1236, 0, 0, 1, 2, 0, 0, 0, 2]),
 (12, [1806, 44, 1, 1, 1, 851, 1903, 1, 0, 1, 0, 0, 1, 2, 2]),
 (12, [1047, 79, 0, 0, 0, 1001, 2034, 0, 1, 0, 2, 0, 0, 1, 1]),
 (12, [937, 119, 1, 1, 1, 1127, 1236, 0, 0, 1, 2, 0, 0, 0, 2]),
 (12, [1240, 10, 0, 0, 1, 1814, 1530, 1, 1, 2, 0, 0, 0, 1, 1]),
 (12, [761, 41, 0, 0, 1, 1111, 1364, 1, 1, 1, 2, 0, 2, 2, 1]),
 (12, [761, 41, 0, 0, 1, 1111, 1364, 1, 1, 1, 2, 0, 2, 2, 1])]
population
[(999, [1779, 24, 0, 0, 1, 887, 1801, 1, 1, 2, 5, 0, 1, 2, 2]),
 (999, [1672, 47, 1, 1, 0, 1423, 1809, 1, 1, 3, 5, 0, 1, 1, 2]),
 (999, [1554, 110, 1, 1, 0, 1343, 572, 1, 1, 3, 5, 0, 0, 2, 1]),
 (999, [1405, 74, 1, 0, 0, 1583, 1389, 0, 0, 1, 5, 0, 0, 2, 2]),
 (999, [1309, 73, 0, 1, 0, 642, 641, 1, 0, 3, 5, 0, 0, 1, 2]),
 (999, [1209, 22, 0, 0, 0, 1952, 985, 0, 0, 3, 4, 1, 2, 0, 1]),
 (999, [1182, 85, 1, 1, 0, 662, 1170, 1, 1, 3, 1, 1, 2, 2, 1]),
 (999, [1112, 48, 1, 1, 0, 1504, 686, 1, 0, 3, 0, 0, 1, 0, 1]),
 (999, [1092, 12, 1, 0, 0, 1574, 1612, 0, 0, 3, 0, 1, 2, 2, 0]),
 (999, [1059, 107, 1, 1, 0, 722, 1375, 0, 1, 2, 5, 0, 2, 0, 2]),
 (999, [875, 54, 0, 0, 0, 1500, 1453, 0, 0, 3, 3, 1, 2, 2, 1]),
 (999, [651, 53, 1, 0, 0, 542, 761, 1, 1, 3, 1, 1, 0, 1, 2]),
 (34, [1915, 37, 0, 0, 0, 820, 1151, 1, 0, 0, 0, 0, 0, 1, 1]),
 (16, [1837, 90, 0, 0, 0, 1722, 1438, 1, 1, 2, 2, 1, 2, 2, 1]),
 (16, [1740, 110, 1, 1, 0, 865, 1384, 0, 1, 0, 1, 0, 0, 2, 2]),
 (16, [1682, 16, 0, 1, 0, 534, 1720, 1, 1, 1, 2, 1, 0, 0, 0]),
 (16, [1509, 81, 0, 1, 1, 1839, 1004, 0, 0, 0, 3, 0, 1, 2, 2]),
 (16, [1475, 79, 0, 0, 1, 895, 1007, 1, 1, 0, 2, 0, 0, 1, 0]),
 (16, [1185, 71, 0, 0, 0, 1600, 1570, 1, 0, 0, 1, 0, 1, 0, 0]),
 (16, [1180, 27, 0, 0, 1, 559, 1532, 0, 1, 1, 0, 0, 1, 1, 1]),
 (16, [1036, 115, 1, 0, 1, 770, 1997, 1, 1, 2, 3, 0, 0, 1, 1]),
 (16, [1028, 19, 1, 0, 0, 1632, 2042, 1, 1, 1, 0, 1, 2, 0, 2]),
 (16, [997, 85, 0, 0, 0, 1290, 1038, 0, 1, 1, 4, 0, 0, 1, 0]),
 (12, [2006, 89, 0, 1, 1, 1278, 1955, 1, 1, 0, 4, 0, 2, 2, 0]),
 (12, [1806, 44, 1, 1, 1, 851, 1903, 1, 0, 1, 0, 0, 1, 2, 2]),
 (12, [1789, 39, 1, 0, 0, 1200, 1875, 1, 0, 0, 4, 0, 1, 0, 0]),
 (12, [1502, 97, 1, 0, 0, 1081, 1662, 1, 1, 1, 4, 1, 1, 2, 2]),
 (12, [1240, 10, 0, 0, 1, 1814, 1530, 1, 1, 2, 0, 0, 0, 1, 1]),
 (12, [1161, 26, 1, 0, 0, 1590, 1915, 1, 1, 2, 1, 0, 1, 1, 1]),
 (12, [1047, 79, 0, 0, 0, 1001, 2034, 0, 1, 0, 2, 0, 0, 1, 1]),
 (12, [937, 119, 1, 1, 1, 1127, 1236, 0, 0, 1, 2, 0, 0, 0, 2]),
 (12, [761, 41, 0, 0, 1, 1111, 1364, 1, 1, 1, 2, 0, 2, 2, 1])]
scored
[(12, [761, 41, 0, 0, 1, 1111, 1364, 1, 1, 1, 2, 0, 2, 2, 1]),
 (12, [937, 119, 1, 1, 1, 1127, 1236, 0, 0, 1, 2, 0, 0, 0, 2]),
 (12, [1047, 79, 0, 0, 0, 1001, 2034, 0, 1, 0, 2, 0, 0, 1, 1]),
 (12, [1161, 26, 1, 0, 0, 1590, 1915, 1, 1, 2, 1, 0, 1, 1, 1]),
 (12, [1240, 10, 0, 0, 1, 1814, 1530, 1, 1, 2, 0, 0, 0, 1, 1]),
 (12, [1502, 97, 1, 0, 0, 1081, 1662, 1, 1, 1, 4, 1, 1, 2, 2]),
 (12, [1789, 39, 1, 0, 0, 1200, 1875, 1, 0, 0, 4, 0, 1, 0, 0]),
 (12, [1806, 44, 1, 1, 1, 851, 1903, 1, 0, 1, 0, 0, 1, 2, 2]),
 (12, [2006, 89, 0, 1, 1, 1278, 1955, 1, 1, 0, 4, 0, 2, 2, 0]),
 (16, [997, 85, 0, 0, 0, 1290, 1038, 0, 1, 1, 4, 0, 0, 1, 0]),
 (16, [1028, 19, 1, 0, 0, 1632, 2042, 1, 1, 1, 0, 1, 2, 0, 2]),
 (16, [1036, 115, 1, 0, 1, 770, 1997, 1, 1, 2, 3, 0, 0, 1, 1]),
 (16, [1180, 27, 0, 0, 1, 559, 1532, 0, 1, 1, 0, 0, 1, 1, 1]),
 (16, [1185, 71, 0, 0, 0, 1600, 1570, 1, 0, 0, 1, 0, 1, 0, 0]),
 (16, [1475, 79, 0, 0, 1, 895, 1007, 1, 1, 0, 2, 0, 0, 1, 0]),
 (16, [1509, 81, 0, 1, 1, 1839, 1004, 0, 0, 0, 3, 0, 1, 2, 2]),
 (16, [1682, 16, 0, 1, 0, 534, 1720, 1, 1, 1, 2, 1, 0, 0, 0]),
 (16, [1740, 110, 1, 1, 0, 865, 1384, 0, 1, 0, 1, 0, 0, 2, 2]),
 (16, [1837, 90, 0, 0, 0, 1722, 1438, 1, 1, 2, 2, 1, 2, 2, 1]),
 (34, [1915, 37, 0, 0, 0, 820, 1151, 1, 0, 0, 0, 0, 0, 1, 1]),
 (999, [651, 53, 1, 0, 0, 542, 761, 1, 1, 3, 1, 1, 0, 1, 2]),
 (999, [875, 54, 0, 0, 0, 1500, 1453, 0, 0, 3, 3, 1, 2, 2, 1]),
 (999, [1059, 107, 1, 1, 0, 722, 1375, 0, 1, 2, 5, 0, 2, 0, 2]),
 (999, [1092, 12, 1, 0, 0, 1574, 1612, 0, 0, 3, 0, 1, 2, 2, 0]),
 (999, [1112, 48, 1, 1, 0, 1504, 686, 1, 0, 3, 0, 0, 1, 0, 1]),
 (999, [1182, 85, 1, 1, 0, 662, 1170, 1, 1, 3, 1, 1, 2, 2, 1]),
 (999, [1209, 22, 0, 0, 0, 1952, 985, 0, 0, 3, 4, 1, 2, 0, 1]),
 (999, [1309, 73, 0, 1, 0, 642, 641, 1, 0, 3, 5, 0, 0, 1, 2]),
 (999, [1405, 74, 1, 0, 0, 1583, 1389, 0, 0, 1, 5, 0, 0, 2, 2]),
 (999, [1554, 110, 1, 1, 0, 1343, 572, 1, 1, 3, 5, 0, 0, 2, 1]),
 (999, [1672, 47, 1, 1, 0, 1423, 1809, 1, 1, 3, 5, 0, 1, 1, 2]),
 (999, [1779, 24, 0, 0, 1, 887, 1801, 1, 1, 2, 5, 0, 1, 2, 2])]
Selected
[(12, [1047, 79, 0, 0, 0, 1001, 2034, 0, 1, 0, 2, 0, 0, 1, 1]),
 (12, [761, 41, 0, 0, 1, 1111, 1364, 1, 1, 1, 2, 0, 2, 2, 1]),
 (12, [1047, 79, 0, 0, 0, 1001, 2034, 0, 1, 0, 2, 0, 0, 1, 1]),
 (12, [1161, 26, 1, 0, 0, 1590, 1915, 1, 1, 2, 1, 0, 1, 1, 1]),
 (12, [1047, 79, 0, 0, 0, 1001, 2034, 0, 1, 0, 2, 0, 0, 1, 1]),
 (16, [1028, 19, 1, 0, 0, 1632, 2042, 1, 1, 1, 0, 1, 2, 0, 2]),
 (12, [761, 41, 0, 0, 1, 1111, 1364, 1, 1, 1, 2, 0, 2, 2, 1]),
 (12, [1502, 97, 1, 0, 0, 1081, 1662, 1, 1, 1, 4, 1, 1, 2, 2]),
 (12, [761, 41, 0, 0, 1, 1111, 1364, 1, 1, 1, 2, 0, 2, 2, 1]),
 (12, [1047, 79, 0, 0, 0, 1001, 2034, 0, 1, 0, 2, 0, 0, 1, 1]),
 (12, [761, 41, 0, 0, 1, 1111, 1364, 1, 1, 1, 2, 0, 2, 2, 1]),
 (12, [761, 41, 0, 0, 1, 1111, 1364, 1, 1, 1, 2, 0, 2, 2, 1]),
 (12, [1161, 26, 1, 0, 0, 1590, 1915, 1, 1, 2, 1, 0, 1, 1, 1]),
 (12, [1240, 10, 0, 0, 1, 1814, 1530, 1, 1, 2, 0, 0, 0, 1, 1]),
 (12, [761, 41, 0, 0, 1, 1111, 1364, 1, 1, 1, 2, 0, 2, 2, 1]),
 (12, [761, 41, 0, 0, 1, 1111, 1364, 1, 1, 1, 2, 0, 2, 2, 1]),
 (12, [1047, 79, 0, 0, 0, 1001, 2034, 0, 1, 0, 2, 0, 0, 1, 1]),
 (12, [1047, 79, 0, 0, 0, 1001, 2034, 0, 1, 0, 2, 0, 0, 1, 1]),
 (12, [937, 119, 1, 1, 1, 1127, 1236, 0, 0, 1, 2, 0, 0, 0, 2]),
 (12, [1502, 97, 1, 0, 0, 1081, 1662, 1, 1, 1, 4, 1, 1, 2, 2]),
 (12, [1161, 26, 1, 0, 0, 1590, 1915, 1, 1, 2, 1, 0, 1, 1, 1]),
 (12, [1240, 10, 0, 0, 1, 1814, 1530, 1, 1, 2, 0, 0, 0, 1, 1]),
 (12, [937, 119, 1, 1, 1, 1127, 1236, 0, 0, 1, 2, 0, 0, 0, 2]),
 (12, [1161, 26, 1, 0, 0, 1590, 1915, 1, 1, 2, 1, 0, 1, 1, 1]),
 (16, [1682, 16, 0, 1, 0, 534, 1720, 1, 1, 1, 2, 1, 0, 0, 0]),
 (16, [1028, 19, 1, 0, 0, 1632, 2042, 1, 1, 1, 0, 1, 2, 0, 2]),
 (12, [1161, 26, 1, 0, 0, 1590, 1915, 1, 1, 2, 1, 0, 1, 1, 1])]
population
[(999, [1779, 24, 0, 0, 1, 887, 1801, 1, 1, 2, 5, 0, 1, 2, 2]),
 (999, [1672, 47, 1, 1, 0, 1423, 1809, 1, 1, 3, 5, 0, 1, 1, 2]),
 (999, [1554, 110, 1, 1, 0, 1343, 572, 1, 1, 3, 5, 0, 0, 2, 1]),
 (999, [1405, 74, 1, 0, 0, 1583, 1389, 0, 0, 1, 5, 0, 0, 2, 2]),
 (999, [1309, 73, 0, 1, 0, 642, 641, 1, 0, 3, 5, 0, 0, 1, 2]),
 (999, [1209, 22, 0, 0, 0, 1952, 985, 0, 0, 3, 4, 1, 2, 0, 1]),
 (999, [1182, 85, 1, 1, 0, 662, 1170, 1, 1, 3, 1, 1, 2, 2, 1]),
 (999, [1112, 48, 1, 1, 0, 1504, 686, 1, 0, 3, 0, 0, 1, 0, 1]),
 (999, [1092, 12, 1, 0, 0, 1574, 1612, 0, 0, 3, 0, 1, 2, 2, 0]),
 (999, [1059, 107, 1, 1, 0, 722, 1375, 0, 1, 2, 5, 0, 2, 0, 2]),
 (999, [875, 54, 0, 0, 0, 1500, 1453, 0, 0, 3, 3, 1, 2, 2, 1]),
 (999, [651, 53, 1, 0, 0, 542, 761, 1, 1, 3, 1, 1, 0, 1, 2]),
 (34, [1915, 37, 0, 0, 0, 820, 1151, 1, 0, 0, 0, 0, 0, 1, 1]),
 (16, [1837, 90, 0, 0, 0, 1722, 1438, 1, 1, 2, 2, 1, 2, 2, 1]),
 (16, [1740, 110, 1, 1, 0, 865, 1384, 0, 1, 0, 1, 0, 0, 2, 2]),
 (16, [1682, 16, 0, 1, 0, 534, 1720, 1, 1, 1, 2, 1, 0, 0, 0]),
 (16, [1509, 81, 0, 1, 1, 1839, 1004, 0, 0, 0, 3, 0, 1, 2, 2]),
 (16, [1475, 79, 0, 0, 1, 895, 1007, 1, 1, 0, 2, 0, 0, 1, 0]),
 (16, [1185, 71, 0, 0, 0, 1600, 1570, 1, 0, 0, 1, 0, 1, 0, 0]),
 (16, [1180, 27, 0, 0, 1, 559, 1532, 0, 1, 1, 0, 0, 1, 1, 1]),
 (16, [1036, 115, 1, 0, 1, 770, 1997, 1, 1, 2, 3, 0, 0, 1, 1]),
 (16, [1028, 19, 1, 0, 0, 1632, 2042, 1, 1, 1, 0, 1, 2, 0, 2]),
 (16, [997, 85, 0, 0, 0, 1290, 1038, 0, 1, 1, 4, 0, 0, 1, 0]),
 (12, [2006, 89, 0, 1, 1, 1278, 1955, 1, 1, 0, 4, 0, 2, 2, 0]),
 (12, [1806, 44, 1, 1, 1, 851, 1903, 1, 0, 1, 0, 0, 1, 2, 2]),
 (12, [1789, 39, 1, 0, 0, 1200, 1875, 1, 0, 0, 4, 0, 1, 0, 0]),
 (12, [1502, 97, 1, 0, 0, 1081, 1662, 1, 1, 1, 4, 1, 1, 2, 2]),
 (12, [1240, 10, 0, 0, 1, 1814, 1530, 1, 1, 2, 0, 0, 0, 1, 1]),
 (12, [1161, 26, 1, 0, 0, 1590, 1915, 1, 1, 2, 1, 0, 1, 1, 1]),
 (12, [1047, 79, 0, 0, 0, 1001, 2034, 0, 1, 0, 2, 0, 0, 1, 1]),
 (12, [937, 119, 1, 1, 1, 1127, 1236, 0, 0, 1, 2, 0, 0, 0, 2]),
 (12, [761, 41, 0, 0, 1, 1111, 1364, 1, 1, 1, 2, 0, 2, 2, 1])]
scored
[(12, [761, 41, 0, 0, 1, 1111, 1364, 1, 1, 1, 2, 0, 2, 2, 1]),
 (12, [937, 119, 1, 1, 1, 1127, 1236, 0, 0, 1, 2, 0, 0, 0, 2]),
 (12, [1047, 79, 0, 0, 0, 1001, 2034, 0, 1, 0, 2, 0, 0, 1, 1]),
 (12, [1161, 26, 1, 0, 0, 1590, 1915, 1, 1, 2, 1, 0, 1, 1, 1]),
 (12, [1240, 10, 0, 0, 1, 1814, 1530, 1, 1, 2, 0, 0, 0, 1, 1]),
 (12, [1502, 97, 1, 0, 0, 1081, 1662, 1, 1, 1, 4, 1, 1, 2, 2]),
 (12, [1789, 39, 1, 0, 0, 1200, 1875, 1, 0, 0, 4, 0, 1, 0, 0]),
 (12, [1806, 44, 1, 1, 1, 851, 1903, 1, 0, 1, 0, 0, 1, 2, 2]),
 (12, [2006, 89, 0, 1, 1, 1278, 1955, 1, 1, 0, 4, 0, 2, 2, 0]),
 (16, [997, 85, 0, 0, 0, 1290, 1038, 0, 1, 1, 4, 0, 0, 1, 0]),
 (16, [1028, 19, 1, 0, 0, 1632, 2042, 1, 1, 1, 0, 1, 2, 0, 2]),
 (16, [1036, 115, 1, 0, 1, 770, 1997, 1, 1, 2, 3, 0, 0, 1, 1]),
 (16, [1180, 27, 0, 0, 1, 559, 1532, 0, 1, 1, 0, 0, 1, 1, 1]),
 (16, [1185, 71, 0, 0, 0, 1600, 1570, 1, 0, 0, 1, 0, 1, 0, 0]),
 (16, [1475, 79, 0, 0, 1, 895, 1007, 1, 1, 0, 2, 0, 0, 1, 0]),
 (16, [1509, 81, 0, 1, 1, 1839, 1004, 0, 0, 0, 3, 0, 1, 2, 2]),
 (16, [1682, 16, 0, 1, 0, 534, 1720, 1, 1, 1, 2, 1, 0, 0, 0]),
 (16, [1740, 110, 1, 1, 0, 865, 1384, 0, 1, 0, 1, 0, 0, 2, 2]),
 (16, [1837, 90, 0, 0, 0, 1722, 1438, 1, 1, 2, 2, 1, 2, 2, 1]),
 (34, [1915, 37, 0, 0, 0, 820, 1151, 1, 0, 0, 0, 0, 0, 1, 1]),
 (999, [651, 53, 1, 0, 0, 542, 761, 1, 1, 3, 1, 1, 0, 1, 2]),
 (999, [875, 54, 0, 0, 0, 1500, 1453, 0, 0, 3, 3, 1, 2, 2, 1]),
 (999, [1059, 107, 1, 1, 0, 722, 1375, 0, 1, 2, 5, 0, 2, 0, 2]),
 (999, [1092, 12, 1, 0, 0, 1574, 1612, 0, 0, 3, 0, 1, 2, 2, 0]),
 (999, [1112, 48, 1, 1, 0, 1504, 686, 1, 0, 3, 0, 0, 1, 0, 1]),
 (999, [1182, 85, 1, 1, 0, 662, 1170, 1, 1, 3, 1, 1, 2, 2, 1]),
 (999, [1209, 22, 0, 0, 0, 1952, 985, 0, 0, 3, 4, 1, 2, 0, 1]),
 (999, [1309, 73, 0, 1, 0, 642, 641, 1, 0, 3, 5, 0, 0, 1, 2]),
 (999, [1405, 74, 1, 0, 0, 1583, 1389, 0, 0, 1, 5, 0, 0, 2, 2]),
 (999, [1554, 110, 1, 1, 0, 1343, 572, 1, 1, 3, 5, 0, 0, 2, 1]),
 (999, [1672, 47, 1, 1, 0, 1423, 1809, 1, 1, 3, 5, 0, 1, 1, 2]),
 (999, [1779, 24, 0, 0, 1, 887, 1801, 1, 1, 2, 5, 0, 1, 2, 2])]
Selected
[(12, [761, 41, 0, 0, 1, 1111, 1364, 1, 1, 1, 2, 0, 2, 2, 1]),
 (12, [1047, 79, 0, 0, 0, 1001, 2034, 0, 1, 0, 2, 0, 0, 1, 1]),
 (16, [1028, 19, 1, 0, 0, 1632, 2042, 1, 1, 1, 0, 1, 2, 0, 2]),
 (12, [1806, 44, 1, 1, 1, 851, 1903, 1, 0, 1, 0, 0, 1, 2, 2]),
 (12, [761, 41, 0, 0, 1, 1111, 1364, 1, 1, 1, 2, 0, 2, 2, 1]),
 (12, [937, 119, 1, 1, 1, 1127, 1236, 0, 0, 1, 2, 0, 0, 0, 2]),
 (16, [1509, 81, 0, 1, 1, 1839, 1004, 0, 0, 0, 3, 0, 1, 2, 2]),
 (12, [1047, 79, 0, 0, 0, 1001, 2034, 0, 1, 0, 2, 0, 0, 1, 1]),
 (16, [1185, 71, 0, 0, 0, 1600, 1570, 1, 0, 0, 1, 0, 1, 0, 0]),
 (12, [1047, 79, 0, 0, 0, 1001, 2034, 0, 1, 0, 2, 0, 0, 1, 1]),
 (12, [1240, 10, 0, 0, 1, 1814, 1530, 1, 1, 2, 0, 0, 0, 1, 1]),
 (12, [1240, 10, 0, 0, 1, 1814, 1530, 1, 1, 2, 0, 0, 0, 1, 1]),
 (16, [1028, 19, 1, 0, 0, 1632, 2042, 1, 1, 1, 0, 1, 2, 0, 2]),
 (16, [1475, 79, 0, 0, 1, 895, 1007, 1, 1, 0, 2, 0, 0, 1, 0]),
 (16, [1475, 79, 0, 0, 1, 895, 1007, 1, 1, 0, 2, 0, 0, 1, 0]),
 (12, [1240, 10, 0, 0, 1, 1814, 1530, 1, 1, 2, 0, 0, 0, 1, 1]),
 (16, [1036, 115, 1, 0, 1, 770, 1997, 1, 1, 2, 3, 0, 0, 1, 1]),
 (12, [761, 41, 0, 0, 1, 1111, 1364, 1, 1, 1, 2, 0, 2, 2, 1]),
 (12, [937, 119, 1, 1, 1, 1127, 1236, 0, 0, 1, 2, 0, 0, 0, 2]),
 (12, [1240, 10, 0, 0, 1, 1814, 1530, 1, 1, 2, 0, 0, 0, 1, 1]),
 (12, [2006, 89, 0, 1, 1, 1278, 1955, 1, 1, 0, 4, 0, 2, 2, 0]),
 (12, [1047, 79, 0, 0, 0, 1001, 2034, 0, 1, 0, 2, 0, 0, 1, 1]),
 (12, [1047, 79, 0, 0, 0, 1001, 2034, 0, 1, 0, 2, 0, 0, 1, 1]),
 (12, [1789, 39, 1, 0, 0, 1200, 1875, 1, 0, 0, 4, 0, 1, 0, 0]),
 (16, [1180, 27, 0, 0, 1, 559, 1532, 0, 1, 1, 0, 0, 1, 1, 1]),
 (12, [761, 41, 0, 0, 1, 1111, 1364, 1, 1, 1, 2, 0, 2, 2, 1]),
 (12, [1240, 10, 0, 0, 1, 1814, 1530, 1, 1, 2, 0, 0, 0, 1, 1])]
population
[(999, [1779, 24, 0, 0, 1, 887, 1801, 1, 1, 2, 5, 0, 1, 2, 2]),
 (999, [1672, 47, 1, 1, 0, 1423, 1809, 1, 1, 3, 5, 0, 1, 1, 2]),
 (999, [1554, 110, 1, 1, 0, 1343, 572, 1, 1, 3, 5, 0, 0, 2, 1]),
 (999, [1405, 74, 1, 0, 0, 1583, 1389, 0, 0, 1, 5, 0, 0, 2, 2]),
 (999, [1309, 73, 0, 1, 0, 642, 641, 1, 0, 3, 5, 0, 0, 1, 2]),
 (999, [1209, 22, 0, 0, 0, 1952, 985, 0, 0, 3, 4, 1, 2, 0, 1]),
 (999, [1182, 85, 1, 1, 0, 662, 1170, 1, 1, 3, 1, 1, 2, 2, 1]),
 (999, [1112, 48, 1, 1, 0, 1504, 686, 1, 0, 3, 0, 0, 1, 0, 1]),
 (999, [1092, 12, 1, 0, 0, 1574, 1612, 0, 0, 3, 0, 1, 2, 2, 0]),
 (999, [1059, 107, 1, 1, 0, 722, 1375, 0, 1, 2, 5, 0, 2, 0, 2]),
 (999, [875, 54, 0, 0, 0, 1500, 1453, 0, 0, 3, 3, 1, 2, 2, 1]),
 (999, [651, 53, 1, 0, 0, 542, 761, 1, 1, 3, 1, 1, 0, 1, 2]),
 (34, [1915, 37, 0, 0, 0, 820, 1151, 1, 0, 0, 0, 0, 0, 1, 1]),
 (16, [1837, 90, 0, 0, 0, 1722, 1438, 1, 1, 2, 2, 1, 2, 2, 1]),
 (16, [1740, 110, 1, 1, 0, 865, 1384, 0, 1, 0, 1, 0, 0, 2, 2]),
 (16, [1682, 16, 0, 1, 0, 534, 1720, 1, 1, 1, 2, 1, 0, 0, 0]),
 (16, [1509, 81, 0, 1, 1, 1839, 1004, 0, 0, 0, 3, 0, 1, 2, 2]),
 (16, [1475, 79, 0, 0, 1, 895, 1007, 1, 1, 0, 2, 0, 0, 1, 0]),
 (16, [1185, 71, 0, 0, 0, 1600, 1570, 1, 0, 0, 1, 0, 1, 0, 0]),
 (16, [1180, 27, 0, 0, 1, 559, 1532, 0, 1, 1, 0, 0, 1, 1, 1]),
 (16, [1036, 115, 1, 0, 1, 770, 1997, 1, 1, 2, 3, 0, 0, 1, 1]),
 (16, [1028, 19, 1, 0, 0, 1632, 2042, 1, 1, 1, 0, 1, 2, 0, 2]),
 (16, [997, 85, 0, 0, 0, 1290, 1038, 0, 1, 1, 4, 0, 0, 1, 0]),
 (12, [2006, 89, 0, 1, 1, 1278, 1955, 1, 1, 0, 4, 0, 2, 2, 0]),
 (12, [1806, 44, 1, 1, 1, 851, 1903, 1, 0, 1, 0, 0, 1, 2, 2]),
 (12, [1789, 39, 1, 0, 0, 1200, 1875, 1, 0, 0, 4, 0, 1, 0, 0]),
 (12, [1502, 97, 1, 0, 0, 1081, 1662, 1, 1, 1, 4, 1, 1, 2, 2]),
 (12, [1240, 10, 0, 0, 1, 1814, 1530, 1, 1, 2, 0, 0, 0, 1, 1]),
 (12, [1161, 26, 1, 0, 0, 1590, 1915, 1, 1, 2, 1, 0, 1, 1, 1]),
 (12, [1047, 79, 0, 0, 0, 1001, 2034, 0, 1, 0, 2, 0, 0, 1, 1]),
 (12, [937, 119, 1, 1, 1, 1127, 1236, 0, 0, 1, 2, 0, 0, 0, 2]),
 (12, [761, 41, 0, 0, 1, 1111, 1364, 1, 1, 1, 2, 0, 2, 2, 1])]
scored
[(12, [761, 41, 0, 0, 1, 1111, 1364, 1, 1, 1, 2, 0, 2, 2, 1]),
 (12, [937, 119, 1, 1, 1, 1127, 1236, 0, 0, 1, 2, 0, 0, 0, 2]),
 (12, [1047, 79, 0, 0, 0, 1001, 2034, 0, 1, 0, 2, 0, 0, 1, 1]),
 (12, [1161, 26, 1, 0, 0, 1590, 1915, 1, 1, 2, 1, 0, 1, 1, 1]),
 (12, [1240, 10, 0, 0, 1, 1814, 1530, 1, 1, 2, 0, 0, 0, 1, 1]),
 (12, [1502, 97, 1, 0, 0, 1081, 1662, 1, 1, 1, 4, 1, 1, 2, 2]),
 (12, [1789, 39, 1, 0, 0, 1200, 1875, 1, 0, 0, 4, 0, 1, 0, 0]),
 (12, [1806, 44, 1, 1, 1, 851, 1903, 1, 0, 1, 0, 0, 1, 2, 2]),
 (12, [2006, 89, 0, 1, 1, 1278, 1955, 1, 1, 0, 4, 0, 2, 2, 0]),
 (16, [997, 85, 0, 0, 0, 1290, 1038, 0, 1, 1, 4, 0, 0, 1, 0]),
 (16, [1028, 19, 1, 0, 0, 1632, 2042, 1, 1, 1, 0, 1, 2, 0, 2]),
 (16, [1036, 115, 1, 0, 1, 770, 1997, 1, 1, 2, 3, 0, 0, 1, 1]),
 (16, [1180, 27, 0, 0, 1, 559, 1532, 0, 1, 1, 0, 0, 1, 1, 1]),
 (16, [1185, 71, 0, 0, 0, 1600, 1570, 1, 0, 0, 1, 0, 1, 0, 0]),
 (16, [1475, 79, 0, 0, 1, 895, 1007, 1, 1, 0, 2, 0, 0, 1, 0]),
 (16, [1509, 81, 0, 1, 1, 1839, 1004, 0, 0, 0, 3, 0, 1, 2, 2]),
 (16, [1682, 16, 0, 1, 0, 534, 1720, 1, 1, 1, 2, 1, 0, 0, 0]),
 (16, [1740, 110, 1, 1, 0, 865, 1384, 0, 1, 0, 1, 0, 0, 2, 2]),
 (16, [1837, 90, 0, 0, 0, 1722, 1438, 1, 1, 2, 2, 1, 2, 2, 1]),
 (34, [1915, 37, 0, 0, 0, 820, 1151, 1, 0, 0, 0, 0, 0, 1, 1]),
 (999, [651, 53, 1, 0, 0, 542, 761, 1, 1, 3, 1, 1, 0, 1, 2]),
 (999, [875, 54, 0, 0, 0, 1500, 1453, 0, 0, 3, 3, 1, 2, 2, 1]),
 (999, [1059, 107, 1, 1, 0, 722, 1375, 0, 1, 2, 5, 0, 2, 0, 2]),
 (999, [1092, 12, 1, 0, 0, 1574, 1612, 0, 0, 3, 0, 1, 2, 2, 0]),
 (999, [1112, 48, 1, 1, 0, 1504, 686, 1, 0, 3, 0, 0, 1, 0, 1]),
 (999, [1182, 85, 1, 1, 0, 662, 1170, 1, 1, 3, 1, 1, 2, 2, 1]),
 (999, [1209, 22, 0, 0, 0, 1952, 985, 0, 0, 3, 4, 1, 2, 0, 1]),
 (999, [1309, 73, 0, 1, 0, 642, 641, 1, 0, 3, 5, 0, 0, 1, 2]),
 (999, [1405, 74, 1, 0, 0, 1583, 1389, 0, 0, 1, 5, 0, 0, 2, 2]),
 (999, [1554, 110, 1, 1, 0, 1343, 572, 1, 1, 3, 5, 0, 0, 2, 1]),
 (999, [1672, 47, 1, 1, 0, 1423, 1809, 1, 1, 3, 5, 0, 1, 1, 2]),
 (999, [1779, 24, 0, 0, 1, 887, 1801, 1, 1, 2, 5, 0, 1, 2, 2])]
Selected
[(12, [937, 119, 1, 1, 1, 1127, 1236, 0, 0, 1, 2, 0, 0, 0, 2]),
 (12, [1161, 26, 1, 0, 0, 1590, 1915, 1, 1, 2, 1, 0, 1, 1, 1]),
 (12, [1240, 10, 0, 0, 1, 1814, 1530, 1, 1, 2, 0, 0, 0, 1, 1]),
 (12, [1240, 10, 0, 0, 1, 1814, 1530, 1, 1, 2, 0, 0, 0, 1, 1]),
 (999, [651, 53, 1, 0, 0, 542, 761, 1, 1, 3, 1, 1, 0, 1, 2]),
 (12, [937, 119, 1, 1, 1, 1127, 1236, 0, 0, 1, 2, 0, 0, 0, 2]),
 (12, [1806, 44, 1, 1, 1, 851, 1903, 1, 0, 1, 0, 0, 1, 2, 2]),
 (12, [761, 41, 0, 0, 1, 1111, 1364, 1, 1, 1, 2, 0, 2, 2, 1]),
 (12, [937, 119, 1, 1, 1, 1127, 1236, 0, 0, 1, 2, 0, 0, 0, 2]),
 (16, [1036, 115, 1, 0, 1, 770, 1997, 1, 1, 2, 3, 0, 0, 1, 1]),
 (12, [1047, 79, 0, 0, 0, 1001, 2034, 0, 1, 0, 2, 0, 0, 1, 1]),
 (16, [1036, 115, 1, 0, 1, 770, 1997, 1, 1, 2, 3, 0, 0, 1, 1]),
 (16, [1028, 19, 1, 0, 0, 1632, 2042, 1, 1, 1, 0, 1, 2, 0, 2]),
 (12, [1502, 97, 1, 0, 0, 1081, 1662, 1, 1, 1, 4, 1, 1, 2, 2]),
 (16, [997, 85, 0, 0, 0, 1290, 1038, 0, 1, 1, 4, 0, 0, 1, 0]),
 (12, [1502, 97, 1, 0, 0, 1081, 1662, 1, 1, 1, 4, 1, 1, 2, 2]),
 (12, [1806, 44, 1, 1, 1, 851, 1903, 1, 0, 1, 0, 0, 1, 2, 2]),
 (12, [1047, 79, 0, 0, 0, 1001, 2034, 0, 1, 0, 2, 0, 0, 1, 1]),
 (12, [2006, 89, 0, 1, 1, 1278, 1955, 1, 1, 0, 4, 0, 2, 2, 0]),
 (12, [937, 119, 1, 1, 1, 1127, 1236, 0, 0, 1, 2, 0, 0, 0, 2]),
 (12, [1161, 26, 1, 0, 0, 1590, 1915, 1, 1, 2, 1, 0, 1, 1, 1]),
 (12, [1240, 10, 0, 0, 1, 1814, 1530, 1, 1, 2, 0, 0, 0, 1, 1]),
 (12, [937, 119, 1, 1, 1, 1127, 1236, 0, 0, 1, 2, 0, 0, 0, 2]),
 (12, [761, 41, 0, 0, 1, 1111, 1364, 1, 1, 1, 2, 0, 2, 2, 1]),
 (12, [761, 41, 0, 0, 1, 1111, 1364, 1, 1, 1, 2, 0, 2, 2, 1]),
 (12, [937, 119, 1, 1, 1, 1127, 1236, 0, 0, 1, 2, 0, 0, 0, 2]),
 (12, [1502, 97, 1, 0, 0, 1081, 1662, 1, 1, 1, 4, 1, 1, 2, 2])]
population
[(999, [1779, 24, 0, 0, 1, 887, 1801, 1, 1, 2, 5, 0, 1, 2, 2]),
 (999, [1672, 47, 1, 1, 0, 1423, 1809, 1, 1, 3, 5, 0, 1, 1, 2]),
 (999, [1554, 110, 1, 1, 0, 1343, 572, 1, 1, 3, 5, 0, 0, 2, 1]),
 (999, [1405, 74, 1, 0, 0, 1583, 1389, 0, 0, 1, 5, 0, 0, 2, 2]),
 (999, [1309, 73, 0, 1, 0, 642, 641, 1, 0, 3, 5, 0, 0, 1, 2]),
 (999, [1209, 22, 0, 0, 0, 1952, 985, 0, 0, 3, 4, 1, 2, 0, 1]),
 (999, [1182, 85, 1, 1, 0, 662, 1170, 1, 1, 3, 1, 1, 2, 2, 1]),
 (999, [1112, 48, 1, 1, 0, 1504, 686, 1, 0, 3, 0, 0, 1, 0, 1]),
 (999, [1092, 12, 1, 0, 0, 1574, 1612, 0, 0, 3, 0, 1, 2, 2, 0]),
 (999, [1059, 107, 1, 1, 0, 722, 1375, 0, 1, 2, 5, 0, 2, 0, 2]),
 (999, [875, 54, 0, 0, 0, 1500, 1453, 0, 0, 3, 3, 1, 2, 2, 1]),
 (999, [651, 53, 1, 0, 0, 542, 761, 1, 1, 3, 1, 1, 0, 1, 2]),
 (34, [1915, 37, 0, 0, 0, 820, 1151, 1, 0, 0, 0, 0, 0, 1, 1]),
 (16, [1837, 90, 0, 0, 0, 1722, 1438, 1, 1, 2, 2, 1, 2, 2, 1]),
 (16, [1740, 110, 1, 1, 0, 865, 1384, 0, 1, 0, 1, 0, 0, 2, 2]),
 (16, [1682, 16, 0, 1, 0, 534, 1720, 1, 1, 1, 2, 1, 0, 0, 0]),
 (16, [1509, 81, 0, 1, 1, 1839, 1004, 0, 0, 0, 3, 0, 1, 2, 2]),
 (16, [1475, 79, 0, 0, 1, 895, 1007, 1, 1, 0, 2, 0, 0, 1, 0]),
 (16, [1185, 71, 0, 0, 0, 1600, 1570, 1, 0, 0, 1, 0, 1, 0, 0]),
 (16, [1180, 27, 0, 0, 1, 559, 1532, 0, 1, 1, 0, 0, 1, 1, 1]),
 (16, [1036, 115, 1, 0, 1, 770, 1997, 1, 1, 2, 3, 0, 0, 1, 1]),
 (16, [1028, 19, 1, 0, 0, 1632, 2042, 1, 1, 1, 0, 1, 2, 0, 2]),
 (16, [997, 85, 0, 0, 0, 1290, 1038, 0, 1, 1, 4, 0, 0, 1, 0]),
 (12, [2006, 89, 0, 1, 1, 1278, 1955, 1, 1, 0, 4, 0, 2, 2, 0]),
 (12, [1806, 44, 1, 1, 1, 851, 1903, 1, 0, 1, 0, 0, 1, 2, 2]),
 (12, [1789, 39, 1, 0, 0, 1200, 1875, 1, 0, 0, 4, 0, 1, 0, 0]),
 (12, [1502, 97, 1, 0, 0, 1081, 1662, 1, 1, 1, 4, 1, 1, 2, 2]),
 (12, [1240, 10, 0, 0, 1, 1814, 1530, 1, 1, 2, 0, 0, 0, 1, 1]),
 (12, [1161, 26, 1, 0, 0, 1590, 1915, 1, 1, 2, 1, 0, 1, 1, 1]),
 (12, [1047, 79, 0, 0, 0, 1001, 2034, 0, 1, 0, 2, 0, 0, 1, 1]),
 (12, [937, 119, 1, 1, 1, 1127, 1236, 0, 0, 1, 2, 0, 0, 0, 2]),
 (12, [761, 41, 0, 0, 1, 1111, 1364, 1, 1, 1, 2, 0, 2, 2, 1])]
scored
[(12, [761, 41, 0, 0, 1, 1111, 1364, 1, 1, 1, 2, 0, 2, 2, 1]),
 (12, [937, 119, 1, 1, 1, 1127, 1236, 0, 0, 1, 2, 0, 0, 0, 2]),
 (12, [1047, 79, 0, 0, 0, 1001, 2034, 0, 1, 0, 2, 0, 0, 1, 1]),
 (12, [1161, 26, 1, 0, 0, 1590, 1915, 1, 1, 2, 1, 0, 1, 1, 1]),
 (12, [1240, 10, 0, 0, 1, 1814, 1530, 1, 1, 2, 0, 0, 0, 1, 1]),
 (12, [1502, 97, 1, 0, 0, 1081, 1662, 1, 1, 1, 4, 1, 1, 2, 2]),
 (12, [1789, 39, 1, 0, 0, 1200, 1875, 1, 0, 0, 4, 0, 1, 0, 0]),
 (12, [1806, 44, 1, 1, 1, 851, 1903, 1, 0, 1, 0, 0, 1, 2, 2]),
 (12, [2006, 89, 0, 1, 1, 1278, 1955, 1, 1, 0, 4, 0, 2, 2, 0]),
 (16, [997, 85, 0, 0, 0, 1290, 1038, 0, 1, 1, 4, 0, 0, 1, 0]),
 (16, [1028, 19, 1, 0, 0, 1632, 2042, 1, 1, 1, 0, 1, 2, 0, 2]),
 (16, [1036, 115, 1, 0, 1, 770, 1997, 1, 1, 2, 3, 0, 0, 1, 1]),
 (16, [1180, 27, 0, 0, 1, 559, 1532, 0, 1, 1, 0, 0, 1, 1, 1]),
 (16, [1185, 71, 0, 0, 0, 1600, 1570, 1, 0, 0, 1, 0, 1, 0, 0]),
 (16, [1475, 79, 0, 0, 1, 895, 1007, 1, 1, 0, 2, 0, 0, 1, 0]),
 (16, [1509, 81, 0, 1, 1, 1839, 1004, 0, 0, 0, 3, 0, 1, 2, 2]),
 (16, [1682, 16, 0, 1, 0, 534, 1720, 1, 1, 1, 2, 1, 0, 0, 0]),
 (16, [1740, 110, 1, 1, 0, 865, 1384, 0, 1, 0, 1, 0, 0, 2, 2]),
 (16, [1837, 90, 0, 0, 0, 1722, 1438, 1, 1, 2, 2, 1, 2, 2, 1]),
 (34, [1915, 37, 0, 0, 0, 820, 1151, 1, 0, 0, 0, 0, 0, 1, 1]),
 (999, [651, 53, 1, 0, 0, 542, 761, 1, 1, 3, 1, 1, 0, 1, 2]),
 (999, [875, 54, 0, 0, 0, 1500, 1453, 0, 0, 3, 3, 1, 2, 2, 1]),
 (999, [1059, 107, 1, 1, 0, 722, 1375, 0, 1, 2, 5, 0, 2, 0, 2]),
 (999, [1092, 12, 1, 0, 0, 1574, 1612, 0, 0, 3, 0, 1, 2, 2, 0]),
 (999, [1112, 48, 1, 1, 0, 1504, 686, 1, 0, 3, 0, 0, 1, 0, 1]),
 (999, [1182, 85, 1, 1, 0, 662, 1170, 1, 1, 3, 1, 1, 2, 2, 1]),
 (999, [1209, 22, 0, 0, 0, 1952, 985, 0, 0, 3, 4, 1, 2, 0, 1]),
 (999, [1309, 73, 0, 1, 0, 642, 641, 1, 0, 3, 5, 0, 0, 1, 2]),
 (999, [1405, 74, 1, 0, 0, 1583, 1389, 0, 0, 1, 5, 0, 0, 2, 2]),
 (999, [1554, 110, 1, 1, 0, 1343, 572, 1, 1, 3, 5, 0, 0, 2, 1]),
 (999, [1672, 47, 1, 1, 0, 1423, 1809, 1, 1, 3, 5, 0, 1, 1, 2]),
 (999, [1779, 24, 0, 0, 1, 887, 1801, 1, 1, 2, 5, 0, 1, 2, 2])]
Selected
[(12, [761, 41, 0, 0, 1, 1111, 1364, 1, 1, 1, 2, 0, 2, 2, 1]),
 (12, [1161, 26, 1, 0, 0, 1590, 1915, 1, 1, 2, 1, 0, 1, 1, 1]),
 (12, [1502, 97, 1, 0, 0, 1081, 1662, 1, 1, 1, 4, 1, 1, 2, 2]),
 (12, [1047, 79, 0, 0, 0, 1001, 2034, 0, 1, 0, 2, 0, 0, 1, 1]),
 (12, [1161, 26, 1, 0, 0, 1590, 1915, 1, 1, 2, 1, 0, 1, 1, 1]),
 (12, [761, 41, 0, 0, 1, 1111, 1364, 1, 1, 1, 2, 0, 2, 2, 1]),
 (12, [1047, 79, 0, 0, 0, 1001, 2034, 0, 1, 0, 2, 0, 0, 1, 1]),
 (12, [761, 41, 0, 0, 1, 1111, 1364, 1, 1, 1, 2, 0, 2, 2, 1]),
 (12, [1047, 79, 0, 0, 0, 1001, 2034, 0, 1, 0, 2, 0, 0, 1, 1]),
 (12, [1240, 10, 0, 0, 1, 1814, 1530, 1, 1, 2, 0, 0, 0, 1, 1]),
 (16, [1180, 27, 0, 0, 1, 559, 1532, 0, 1, 1, 0, 0, 1, 1, 1]),
 (12, [1047, 79, 0, 0, 0, 1001, 2034, 0, 1, 0, 2, 0, 0, 1, 1]),
 (12, [1789, 39, 1, 0, 0, 1200, 1875, 1, 0, 0, 4, 0, 1, 0, 0]),
 (12, [1806, 44, 1, 1, 1, 851, 1903, 1, 0, 1, 0, 0, 1, 2, 2]),
 (12, [761, 41, 0, 0, 1, 1111, 1364, 1, 1, 1, 2, 0, 2, 2, 1]),
 (12, [1047, 79, 0, 0, 0, 1001, 2034, 0, 1, 0, 2, 0, 0, 1, 1]),
 (12, [1806, 44, 1, 1, 1, 851, 1903, 1, 0, 1, 0, 0, 1, 2, 2]),
 (12, [937, 119, 1, 1, 1, 1127, 1236, 0, 0, 1, 2, 0, 0, 0, 2]),
 (12, [1806, 44, 1, 1, 1, 851, 1903, 1, 0, 1, 0, 0, 1, 2, 2]),
 (12, [937, 119, 1, 1, 1, 1127, 1236, 0, 0, 1, 2, 0, 0, 0, 2]),
 (16, [1180, 27, 0, 0, 1, 559, 1532, 0, 1, 1, 0, 0, 1, 1, 1]),
 (12, [1240, 10, 0, 0, 1, 1814, 1530, 1, 1, 2, 0, 0, 0, 1, 1]),
 (12, [1240, 10, 0, 0, 1, 1814, 1530, 1, 1, 2, 0, 0, 0, 1, 1]),
 (12, [1047, 79, 0, 0, 0, 1001, 2034, 0, 1, 0, 2, 0, 0, 1, 1]),
 (12, [1161, 26, 1, 0, 0, 1590, 1915, 1, 1, 2, 1, 0, 1, 1, 1]),
 (12, [937, 119, 1, 1, 1, 1127, 1236, 0, 0, 1, 2, 0, 0, 0, 2]),
 (12, [1789, 39, 1, 0, 0, 1200, 1875, 1, 0, 0, 4, 0, 1, 0, 0])]
population
[(999, [1779, 24, 0, 0, 1, 887, 1801, 1, 1, 2, 5, 0, 1, 2, 2]),
 (999, [1672, 47, 1, 1, 0, 1423, 1809, 1, 1, 3, 5, 0, 1, 1, 2]),
 (999, [1554, 110, 1, 1, 0, 1343, 572, 1, 1, 3, 5, 0, 0, 2, 1]),
 (999, [1405, 74, 1, 0, 0, 1583, 1389, 0, 0, 1, 5, 0, 0, 2, 2]),
 (999, [1309, 73, 0, 1, 0, 642, 641, 1, 0, 3, 5, 0, 0, 1, 2]),
 (999, [1209, 22, 0, 0, 0, 1952, 985, 0, 0, 3, 4, 1, 2, 0, 1]),
 (999, [1182, 85, 1, 1, 0, 662, 1170, 1, 1, 3, 1, 1, 2, 2, 1]),
 (999, [1112, 48, 1, 1, 0, 1504, 686, 1, 0, 3, 0, 0, 1, 0, 1]),
 (999, [1092, 12, 1, 0, 0, 1574, 1612, 0, 0, 3, 0, 1, 2, 2, 0]),
 (999, [1059, 107, 1, 1, 0, 722, 1375, 0, 1, 2, 5, 0, 2, 0, 2]),
 (999, [875, 54, 0, 0, 0, 1500, 1453, 0, 0, 3, 3, 1, 2, 2, 1]),
 (999, [651, 53, 1, 0, 0, 542, 761, 1, 1, 3, 1, 1, 0, 1, 2]),
 (34, [1915, 37, 0, 0, 0, 820, 1151, 1, 0, 0, 0, 0, 0, 1, 1]),
 (16, [1837, 90, 0, 0, 0, 1722, 1438, 1, 1, 2, 2, 1, 2, 2, 1]),
 (16, [1740, 110, 1, 1, 0, 865, 1384, 0, 1, 0, 1, 0, 0, 2, 2]),
 (16, [1682, 16, 0, 1, 0, 534, 1720, 1, 1, 1, 2, 1, 0, 0, 0]),
 (16, [1509, 81, 0, 1, 1, 1839, 1004, 0, 0, 0, 3, 0, 1, 2, 2]),
 (16, [1475, 79, 0, 0, 1, 895, 1007, 1, 1, 0, 2, 0, 0, 1, 0]),
 (16, [1185, 71, 0, 0, 0, 1600, 1570, 1, 0, 0, 1, 0, 1, 0, 0]),
 (16, [1180, 27, 0, 0, 1, 559, 1532, 0, 1, 1, 0, 0, 1, 1, 1]),
 (16, [1036, 115, 1, 0, 1, 770, 1997, 1, 1, 2, 3, 0, 0, 1, 1]),
 (16, [1028, 19, 1, 0, 0, 1632, 2042, 1, 1, 1, 0, 1, 2, 0, 2]),
 (16, [997, 85, 0, 0, 0, 1290, 1038, 0, 1, 1, 4, 0, 0, 1, 0]),
 (12, [2006, 89, 0, 1, 1, 1278, 1955, 1, 1, 0, 4, 0, 2, 2, 0]),
 (12, [1806, 44, 1, 1, 1, 851, 1903, 1, 0, 1, 0, 0, 1, 2, 2]),
 (12, [1789, 39, 1, 0, 0, 1200, 1875, 1, 0, 0, 4, 0, 1, 0, 0]),
 (12, [1502, 97, 1, 0, 0, 1081, 1662, 1, 1, 1, 4, 1, 1, 2, 2]),
 (12, [1240, 10, 0, 0, 1, 1814, 1530, 1, 1, 2, 0, 0, 0, 1, 1]),
 (12, [1161, 26, 1, 0, 0, 1590, 1915, 1, 1, 2, 1, 0, 1, 1, 1]),
 (12, [1047, 79, 0, 0, 0, 1001, 2034, 0, 1, 0, 2, 0, 0, 1, 1]),
 (12, [937, 119, 1, 1, 1, 1127, 1236, 0, 0, 1, 2, 0, 0, 0, 2]),
 (12, [761, 41, 0, 0, 1, 1111, 1364, 1, 1, 1, 2, 0, 2, 2, 1])]
scored
[(12, [761, 41, 0, 0, 1, 1111, 1364, 1, 1, 1, 2, 0, 2, 2, 1]),
 (12, [937, 119, 1, 1, 1, 1127, 1236, 0, 0, 1, 2, 0, 0, 0, 2]),
 (12, [1047, 79, 0, 0, 0, 1001, 2034, 0, 1, 0, 2, 0, 0, 1, 1]),
 (12, [1161, 26, 1, 0, 0, 1590, 1915, 1, 1, 2, 1, 0, 1, 1, 1]),
 (12, [1240, 10, 0, 0, 1, 1814, 1530, 1, 1, 2, 0, 0, 0, 1, 1]),
 (12, [1502, 97, 1, 0, 0, 1081, 1662, 1, 1, 1, 4, 1, 1, 2, 2]),
 (12, [1789, 39, 1, 0, 0, 1200, 1875, 1, 0, 0, 4, 0, 1, 0, 0]),
 (12, [1806, 44, 1, 1, 1, 851, 1903, 1, 0, 1, 0, 0, 1, 2, 2]),
 (12, [2006, 89, 0, 1, 1, 1278, 1955, 1, 1, 0, 4, 0, 2, 2, 0]),
 (16, [997, 85, 0, 0, 0, 1290, 1038, 0, 1, 1, 4, 0, 0, 1, 0]),
 (16, [1028, 19, 1, 0, 0, 1632, 2042, 1, 1, 1, 0, 1, 2, 0, 2]),
 (16, [1036, 115, 1, 0, 1, 770, 1997, 1, 1, 2, 3, 0, 0, 1, 1]),
 (16, [1180, 27, 0, 0, 1, 559, 1532, 0, 1, 1, 0, 0, 1, 1, 1]),
 (16, [1185, 71, 0, 0, 0, 1600, 1570, 1, 0, 0, 1, 0, 1, 0, 0]),
 (16, [1475, 79, 0, 0, 1, 895, 1007, 1, 1, 0, 2, 0, 0, 1, 0]),
 (16, [1509, 81, 0, 1, 1, 1839, 1004, 0, 0, 0, 3, 0, 1, 2, 2]),
 (16, [1682, 16, 0, 1, 0, 534, 1720, 1, 1, 1, 2, 1, 0, 0, 0]),
 (16, [1740, 110, 1, 1, 0, 865, 1384, 0, 1, 0, 1, 0, 0, 2, 2]),
 (16, [1837, 90, 0, 0, 0, 1722, 1438, 1, 1, 2, 2, 1, 2, 2, 1]),
 (34, [1915, 37, 0, 0, 0, 820, 1151, 1, 0, 0, 0, 0, 0, 1, 1]),
 (999, [651, 53, 1, 0, 0, 542, 761, 1, 1, 3, 1, 1, 0, 1, 2]),
 (999, [875, 54, 0, 0, 0, 1500, 1453, 0, 0, 3, 3, 1, 2, 2, 1]),
 (999, [1059, 107, 1, 1, 0, 722, 1375, 0, 1, 2, 5, 0, 2, 0, 2]),
 (999, [1092, 12, 1, 0, 0, 1574, 1612, 0, 0, 3, 0, 1, 2, 2, 0]),
 (999, [1112, 48, 1, 1, 0, 1504, 686, 1, 0, 3, 0, 0, 1, 0, 1]),
 (999, [1182, 85, 1, 1, 0, 662, 1170, 1, 1, 3, 1, 1, 2, 2, 1]),
 (999, [1209, 22, 0, 0, 0, 1952, 985, 0, 0, 3, 4, 1, 2, 0, 1]),
 (999, [1309, 73, 0, 1, 0, 642, 641, 1, 0, 3, 5, 0, 0, 1, 2]),
 (999, [1405, 74, 1, 0, 0, 1583, 1389, 0, 0, 1, 5, 0, 0, 2, 2]),
 (999, [1554, 110, 1, 1, 0, 1343, 572, 1, 1, 3, 5, 0, 0, 2, 1]),
 (999, [1672, 47, 1, 1, 0, 1423, 1809, 1, 1, 3, 5, 0, 1, 1, 2]),
 (999, [1779, 24, 0, 0, 1, 887, 1801, 1, 1, 2, 5, 0, 1, 2, 2])]
Selected
[(12, [1161, 26, 1, 0, 0, 1590, 1915, 1, 1, 2, 1, 0, 1, 1, 1]),
 (12, [761, 41, 0, 0, 1, 1111, 1364, 1, 1, 1, 2, 0, 2, 2, 1]),
 (12, [1789, 39, 1, 0, 0, 1200, 1875, 1, 0, 0, 4, 0, 1, 0, 0]),
 (12, [1047, 79, 0, 0, 0, 1001, 2034, 0, 1, 0, 2, 0, 0, 1, 1]),
 (12, [1047, 79, 0, 0, 0, 1001, 2034, 0, 1, 0, 2, 0, 0, 1, 1]),
 (12, [937, 119, 1, 1, 1, 1127, 1236, 0, 0, 1, 2, 0, 0, 0, 2]),
 (12, [1047, 79, 0, 0, 0, 1001, 2034, 0, 1, 0, 2, 0, 0, 1, 1]),
 (12, [1047, 79, 0, 0, 0, 1001, 2034, 0, 1, 0, 2, 0, 0, 1, 1]),
 (16, [1036, 115, 1, 0, 1, 770, 1997, 1, 1, 2, 3, 0, 0, 1, 1]),
 (12, [937, 119, 1, 1, 1, 1127, 1236, 0, 0, 1, 2, 0, 0, 0, 2]),
 (12, [2006, 89, 0, 1, 1, 1278, 1955, 1, 1, 0, 4, 0, 2, 2, 0]),
 (16, [1509, 81, 0, 1, 1, 1839, 1004, 0, 0, 0, 3, 0, 1, 2, 2]),
 (12, [1806, 44, 1, 1, 1, 851, 1903, 1, 0, 1, 0, 0, 1, 2, 2]),
 (12, [1047, 79, 0, 0, 0, 1001, 2034, 0, 1, 0, 2, 0, 0, 1, 1]),
 (12, [1240, 10, 0, 0, 1, 1814, 1530, 1, 1, 2, 0, 0, 0, 1, 1]),
 (16, [997, 85, 0, 0, 0, 1290, 1038, 0, 1, 1, 4, 0, 0, 1, 0]),
 (12, [1240, 10, 0, 0, 1, 1814, 1530, 1, 1, 2, 0, 0, 0, 1, 1]),
 (12, [1806, 44, 1, 1, 1, 851, 1903, 1, 0, 1, 0, 0, 1, 2, 2]),
 (16, [1028, 19, 1, 0, 0, 1632, 2042, 1, 1, 1, 0, 1, 2, 0, 2]),
 (12, [1240, 10, 0, 0, 1, 1814, 1530, 1, 1, 2, 0, 0, 0, 1, 1]),
 (12, [2006, 89, 0, 1, 1, 1278, 1955, 1, 1, 0, 4, 0, 2, 2, 0]),
 (12, [1161, 26, 1, 0, 0, 1590, 1915, 1, 1, 2, 1, 0, 1, 1, 1]),
 (12, [1240, 10, 0, 0, 1, 1814, 1530, 1, 1, 2, 0, 0, 0, 1, 1]),
 (12, [1047, 79, 0, 0, 0, 1001, 2034, 0, 1, 0, 2, 0, 0, 1, 1]),
 (12, [1047, 79, 0, 0, 0, 1001, 2034, 0, 1, 0, 2, 0, 0, 1, 1]),
 (12, [937, 119, 1, 1, 1, 1127, 1236, 0, 0, 1, 2, 0, 0, 0, 2]),
 (16, [1837, 90, 0, 0, 0, 1722, 1438, 1, 1, 2, 2, 1, 2, 2, 1])]
population
[(999, [1779, 24, 0, 0, 1, 887, 1801, 1, 1, 2, 5, 0, 1, 2, 2]),
 (999, [1672, 47, 1, 1, 0, 1423, 1809, 1, 1, 3, 5, 0, 1, 1, 2]),
 (999, [1554, 110, 1, 1, 0, 1343, 572, 1, 1, 3, 5, 0, 0, 2, 1]),
 (999, [1405, 74, 1, 0, 0, 1583, 1389, 0, 0, 1, 5, 0, 0, 2, 2]),
 (999, [1309, 73, 0, 1, 0, 642, 641, 1, 0, 3, 5, 0, 0, 1, 2]),
 (999, [1209, 22, 0, 0, 0, 1952, 985, 0, 0, 3, 4, 1, 2, 0, 1]),
 (999, [1182, 85, 1, 1, 0, 662, 1170, 1, 1, 3, 1, 1, 2, 2, 1]),
 (999, [1112, 48, 1, 1, 0, 1504, 686, 1, 0, 3, 0, 0, 1, 0, 1]),
 (999, [1092, 12, 1, 0, 0, 1574, 1612, 0, 0, 3, 0, 1, 2, 2, 0]),
 (999, [1059, 107, 1, 1, 0, 722, 1375, 0, 1, 2, 5, 0, 2, 0, 2]),
 (999, [875, 54, 0, 0, 0, 1500, 1453, 0, 0, 3, 3, 1, 2, 2, 1]),
 (999, [651, 53, 1, 0, 0, 542, 761, 1, 1, 3, 1, 1, 0, 1, 2]),
 (34, [1915, 37, 0, 0, 0, 820, 1151, 1, 0, 0, 0, 0, 0, 1, 1]),
 (16, [1837, 90, 0, 0, 0, 1722, 1438, 1, 1, 2, 2, 1, 2, 2, 1]),
 (16, [1740, 110, 1, 1, 0, 865, 1384, 0, 1, 0, 1, 0, 0, 2, 2]),
 (16, [1682, 16, 0, 1, 0, 534, 1720, 1, 1, 1, 2, 1, 0, 0, 0]),
 (16, [1509, 81, 0, 1, 1, 1839, 1004, 0, 0, 0, 3, 0, 1, 2, 2]),
 (16, [1475, 79, 0, 0, 1, 895, 1007, 1, 1, 0, 2, 0, 0, 1, 0]),
 (16, [1185, 71, 0, 0, 0, 1600, 1570, 1, 0, 0, 1, 0, 1, 0, 0]),
 (16, [1180, 27, 0, 0, 1, 559, 1532, 0, 1, 1, 0, 0, 1, 1, 1]),
 (16, [1036, 115, 1, 0, 1, 770, 1997, 1, 1, 2, 3, 0, 0, 1, 1]),
 (16, [1028, 19, 1, 0, 0, 1632, 2042, 1, 1, 1, 0, 1, 2, 0, 2]),
 (16, [997, 85, 0, 0, 0, 1290, 1038, 0, 1, 1, 4, 0, 0, 1, 0]),
 (12, [2006, 89, 0, 1, 1, 1278, 1955, 1, 1, 0, 4, 0, 2, 2, 0]),
 (12, [1806, 44, 1, 1, 1, 851, 1903, 1, 0, 1, 0, 0, 1, 2, 2]),
 (12, [1789, 39, 1, 0, 0, 1200, 1875, 1, 0, 0, 4, 0, 1, 0, 0]),
 (12, [1502, 97, 1, 0, 0, 1081, 1662, 1, 1, 1, 4, 1, 1, 2, 2]),
 (12, [1240, 10, 0, 0, 1, 1814, 1530, 1, 1, 2, 0, 0, 0, 1, 1]),
 (12, [1161, 26, 1, 0, 0, 1590, 1915, 1, 1, 2, 1, 0, 1, 1, 1]),
 (12, [1047, 79, 0, 0, 0, 1001, 2034, 0, 1, 0, 2, 0, 0, 1, 1]),
 (12, [937, 119, 1, 1, 1, 1127, 1236, 0, 0, 1, 2, 0, 0, 0, 2]),
 (12, [761, 41, 0, 0, 1, 1111, 1364, 1, 1, 1, 2, 0, 2, 2, 1])]
scored
[(12, [761, 41, 0, 0, 1, 1111, 1364, 1, 1, 1, 2, 0, 2, 2, 1]),
 (12, [937, 119, 1, 1, 1, 1127, 1236, 0, 0, 1, 2, 0, 0, 0, 2]),
 (12, [1047, 79, 0, 0, 0, 1001, 2034, 0, 1, 0, 2, 0, 0, 1, 1]),
 (12, [1161, 26, 1, 0, 0, 1590, 1915, 1, 1, 2, 1, 0, 1, 1, 1]),
 (12, [1240, 10, 0, 0, 1, 1814, 1530, 1, 1, 2, 0, 0, 0, 1, 1]),
 (12, [1502, 97, 1, 0, 0, 1081, 1662, 1, 1, 1, 4, 1, 1, 2, 2]),
 (12, [1789, 39, 1, 0, 0, 1200, 1875, 1, 0, 0, 4, 0, 1, 0, 0]),
 (12, [1806, 44, 1, 1, 1, 851, 1903, 1, 0, 1, 0, 0, 1, 2, 2]),
 (12, [2006, 89, 0, 1, 1, 1278, 1955, 1, 1, 0, 4, 0, 2, 2, 0]),
 (16, [997, 85, 0, 0, 0, 1290, 1038, 0, 1, 1, 4, 0, 0, 1, 0]),
 (16, [1028, 19, 1, 0, 0, 1632, 2042, 1, 1, 1, 0, 1, 2, 0, 2]),
 (16, [1036, 115, 1, 0, 1, 770, 1997, 1, 1, 2, 3, 0, 0, 1, 1]),
 (16, [1180, 27, 0, 0, 1, 559, 1532, 0, 1, 1, 0, 0, 1, 1, 1]),
 (16, [1185, 71, 0, 0, 0, 1600, 1570, 1, 0, 0, 1, 0, 1, 0, 0]),
 (16, [1475, 79, 0, 0, 1, 895, 1007, 1, 1, 0, 2, 0, 0, 1, 0]),
 (16, [1509, 81, 0, 1, 1, 1839, 1004, 0, 0, 0, 3, 0, 1, 2, 2]),
 (16, [1682, 16, 0, 1, 0, 534, 1720, 1, 1, 1, 2, 1, 0, 0, 0]),
 (16, [1740, 110, 1, 1, 0, 865, 1384, 0, 1, 0, 1, 0, 0, 2, 2]),
 (16, [1837, 90, 0, 0, 0, 1722, 1438, 1, 1, 2, 2, 1, 2, 2, 1]),
 (34, [1915, 37, 0, 0, 0, 820, 1151, 1, 0, 0, 0, 0, 0, 1, 1]),
 (999, [651, 53, 1, 0, 0, 542, 761, 1, 1, 3, 1, 1, 0, 1, 2]),
 (999, [875, 54, 0, 0, 0, 1500, 1453, 0, 0, 3, 3, 1, 2, 2, 1]),
 (999, [1059, 107, 1, 1, 0, 722, 1375, 0, 1, 2, 5, 0, 2, 0, 2]),
 (999, [1092, 12, 1, 0, 0, 1574, 1612, 0, 0, 3, 0, 1, 2, 2, 0]),
 (999, [1112, 48, 1, 1, 0, 1504, 686, 1, 0, 3, 0, 0, 1, 0, 1]),
 (999, [1182, 85, 1, 1, 0, 662, 1170, 1, 1, 3, 1, 1, 2, 2, 1]),
 (999, [1209, 22, 0, 0, 0, 1952, 985, 0, 0, 3, 4, 1, 2, 0, 1]),
 (999, [1309, 73, 0, 1, 0, 642, 641, 1, 0, 3, 5, 0, 0, 1, 2]),
 (999, [1405, 74, 1, 0, 0, 1583, 1389, 0, 0, 1, 5, 0, 0, 2, 2]),
 (999, [1554, 110, 1, 1, 0, 1343, 572, 1, 1, 3, 5, 0, 0, 2, 1]),
 (999, [1672, 47, 1, 1, 0, 1423, 1809, 1, 1, 3, 5, 0, 1, 1, 2]),
 (999, [1779, 24, 0, 0, 1, 887, 1801, 1, 1, 2, 5, 0, 1, 2, 2])]
Selected
[(12, [1047, 79, 0, 0, 0, 1001, 2034, 0, 1, 0, 2, 0, 0, 1, 1]),
 (12, [937, 119, 1, 1, 1, 1127, 1236, 0, 0, 1, 2, 0, 0, 0, 2]),
 (12, [1240, 10, 0, 0, 1, 1814, 1530, 1, 1, 2, 0, 0, 0, 1, 1]),
 (12, [937, 119, 1, 1, 1, 1127, 1236, 0, 0, 1, 2, 0, 0, 0, 2]),
 (12, [1806, 44, 1, 1, 1, 851, 1903, 1, 0, 1, 0, 0, 1, 2, 2]),
 (12, [1047, 79, 0, 0, 0, 1001, 2034, 0, 1, 0, 2, 0, 0, 1, 1]),
 (12, [761, 41, 0, 0, 1, 1111, 1364, 1, 1, 1, 2, 0, 2, 2, 1]),
 (12, [937, 119, 1, 1, 1, 1127, 1236, 0, 0, 1, 2, 0, 0, 0, 2]),
 (12, [1789, 39, 1, 0, 0, 1200, 1875, 1, 0, 0, 4, 0, 1, 0, 0]),
 (12, [1161, 26, 1, 0, 0, 1590, 1915, 1, 1, 2, 1, 0, 1, 1, 1]),
 (16, [997, 85, 0, 0, 0, 1290, 1038, 0, 1, 1, 4, 0, 0, 1, 0]),
 (12, [1789, 39, 1, 0, 0, 1200, 1875, 1, 0, 0, 4, 0, 1, 0, 0]),
 (12, [1789, 39, 1, 0, 0, 1200, 1875, 1, 0, 0, 4, 0, 1, 0, 0]),
 (12, [2006, 89, 0, 1, 1, 1278, 1955, 1, 1, 0, 4, 0, 2, 2, 0]),
 (12, [937, 119, 1, 1, 1, 1127, 1236, 0, 0, 1, 2, 0, 0, 0, 2]),
 (12, [1789, 39, 1, 0, 0, 1200, 1875, 1, 0, 0, 4, 0, 1, 0, 0]),
 (12, [1161, 26, 1, 0, 0, 1590, 1915, 1, 1, 2, 1, 0, 1, 1, 1]),
 (12, [1806, 44, 1, 1, 1, 851, 1903, 1, 0, 1, 0, 0, 1, 2, 2]),
 (12, [1502, 97, 1, 0, 0, 1081, 1662, 1, 1, 1, 4, 1, 1, 2, 2]),
 (12, [1789, 39, 1, 0, 0, 1200, 1875, 1, 0, 0, 4, 0, 1, 0, 0]),
 (12, [761, 41, 0, 0, 1, 1111, 1364, 1, 1, 1, 2, 0, 2, 2, 1]),
 (16, [1185, 71, 0, 0, 0, 1600, 1570, 1, 0, 0, 1, 0, 1, 0, 0]),
 (12, [761, 41, 0, 0, 1, 1111, 1364, 1, 1, 1, 2, 0, 2, 2, 1]),
 (12, [2006, 89, 0, 1, 1, 1278, 1955, 1, 1, 0, 4, 0, 2, 2, 0]),
 (12, [1161, 26, 1, 0, 0, 1590, 1915, 1, 1, 2, 1, 0, 1, 1, 1]),
 (12, [1161, 26, 1, 0, 0, 1590, 1915, 1, 1, 2, 1, 0, 1, 1, 1]),
 (12, [1047, 79, 0, 0, 0, 1001, 2034, 0, 1, 0, 2, 0, 0, 1, 1])]
population
[(999, [1779, 24, 0, 0, 1, 887, 1801, 1, 1, 2, 5, 0, 1, 2, 2]),
 (999, [1672, 47, 1, 1, 0, 1423, 1809, 1, 1, 3, 5, 0, 1, 1, 2]),
 (999, [1554, 110, 1, 1, 0, 1343, 572, 1, 1, 3, 5, 0, 0, 2, 1]),
 (999, [1405, 74, 1, 0, 0, 1583, 1389, 0, 0, 1, 5, 0, 0, 2, 2]),
 (999, [1309, 73, 0, 1, 0, 642, 641, 1, 0, 3, 5, 0, 0, 1, 2]),
 (999, [1209, 22, 0, 0, 0, 1952, 985, 0, 0, 3, 4, 1, 2, 0, 1]),
 (999, [1182, 85, 1, 1, 0, 662, 1170, 1, 1, 3, 1, 1, 2, 2, 1]),
 (999, [1112, 48, 1, 1, 0, 1504, 686, 1, 0, 3, 0, 0, 1, 0, 1]),
 (999, [1092, 12, 1, 0, 0, 1574, 1612, 0, 0, 3, 0, 1, 2, 2, 0]),
 (999, [1059, 107, 1, 1, 0, 722, 1375, 0, 1, 2, 5, 0, 2, 0, 2]),
 (999, [875, 54, 0, 0, 0, 1500, 1453, 0, 0, 3, 3, 1, 2, 2, 1]),
 (999, [651, 53, 1, 0, 0, 542, 761, 1, 1, 3, 1, 1, 0, 1, 2]),
 (34, [1915, 37, 0, 0, 0, 820, 1151, 1, 0, 0, 0, 0, 0, 1, 1]),
 (16, [1837, 90, 0, 0, 0, 1722, 1438, 1, 1, 2, 2, 1, 2, 2, 1]),
 (16, [1740, 110, 1, 1, 0, 865, 1384, 0, 1, 0, 1, 0, 0, 2, 2]),
 (16, [1682, 16, 0, 1, 0, 534, 1720, 1, 1, 1, 2, 1, 0, 0, 0]),
 (16, [1509, 81, 0, 1, 1, 1839, 1004, 0, 0, 0, 3, 0, 1, 2, 2]),
 (16, [1475, 79, 0, 0, 1, 895, 1007, 1, 1, 0, 2, 0, 0, 1, 0]),
 (16, [1185, 71, 0, 0, 0, 1600, 1570, 1, 0, 0, 1, 0, 1, 0, 0]),
 (16, [1180, 27, 0, 0, 1, 559, 1532, 0, 1, 1, 0, 0, 1, 1, 1]),
 (16, [1036, 115, 1, 0, 1, 770, 1997, 1, 1, 2, 3, 0, 0, 1, 1]),
 (16, [1028, 19, 1, 0, 0, 1632, 2042, 1, 1, 1, 0, 1, 2, 0, 2]),
 (16, [997, 85, 0, 0, 0, 1290, 1038, 0, 1, 1, 4, 0, 0, 1, 0]),
 (12, [2006, 89, 0, 1, 1, 1278, 1955, 1, 1, 0, 4, 0, 2, 2, 0]),
 (12, [1806, 44, 1, 1, 1, 851, 1903, 1, 0, 1, 0, 0, 1, 2, 2]),
 (12, [1789, 39, 1, 0, 0, 1200, 1875, 1, 0, 0, 4, 0, 1, 0, 0]),
 (12, [1502, 97, 1, 0, 0, 1081, 1662, 1, 1, 1, 4, 1, 1, 2, 2]),
 (12, [1240, 10, 0, 0, 1, 1814, 1530, 1, 1, 2, 0, 0, 0, 1, 1]),
 (12, [1161, 26, 1, 0, 0, 1590, 1915, 1, 1, 2, 1, 0, 1, 1, 1]),
 (12, [1047, 79, 0, 0, 0, 1001, 2034, 0, 1, 0, 2, 0, 0, 1, 1]),
 (12, [937, 119, 1, 1, 1, 1127, 1236, 0, 0, 1, 2, 0, 0, 0, 2]),
 (12, [761, 41, 0, 0, 1, 1111, 1364, 1, 1, 1, 2, 0, 2, 2, 1])]
scored
[(12, [761, 41, 0, 0, 1, 1111, 1364, 1, 1, 1, 2, 0, 2, 2, 1]),
 (12, [937, 119, 1, 1, 1, 1127, 1236, 0, 0, 1, 2, 0, 0, 0, 2]),
 (12, [1047, 79, 0, 0, 0, 1001, 2034, 0, 1, 0, 2, 0, 0, 1, 1]),
 (12, [1161, 26, 1, 0, 0, 1590, 1915, 1, 1, 2, 1, 0, 1, 1, 1]),
 (12, [1240, 10, 0, 0, 1, 1814, 1530, 1, 1, 2, 0, 0, 0, 1, 1]),
 (12, [1502, 97, 1, 0, 0, 1081, 1662, 1, 1, 1, 4, 1, 1, 2, 2]),
 (12, [1789, 39, 1, 0, 0, 1200, 1875, 1, 0, 0, 4, 0, 1, 0, 0]),
 (12, [1806, 44, 1, 1, 1, 851, 1903, 1, 0, 1, 0, 0, 1, 2, 2]),
 (12, [2006, 89, 0, 1, 1, 1278, 1955, 1, 1, 0, 4, 0, 2, 2, 0]),
 (16, [997, 85, 0, 0, 0, 1290, 1038, 0, 1, 1, 4, 0, 0, 1, 0]),
 (16, [1028, 19, 1, 0, 0, 1632, 2042, 1, 1, 1, 0, 1, 2, 0, 2]),
 (16, [1036, 115, 1, 0, 1, 770, 1997, 1, 1, 2, 3, 0, 0, 1, 1]),
 (16, [1180, 27, 0, 0, 1, 559, 1532, 0, 1, 1, 0, 0, 1, 1, 1]),
 (16, [1185, 71, 0, 0, 0, 1600, 1570, 1, 0, 0, 1, 0, 1, 0, 0]),
 (16, [1475, 79, 0, 0, 1, 895, 1007, 1, 1, 0, 2, 0, 0, 1, 0]),
 (16, [1509, 81, 0, 1, 1, 1839, 1004, 0, 0, 0, 3, 0, 1, 2, 2]),
 (16, [1682, 16, 0, 1, 0, 534, 1720, 1, 1, 1, 2, 1, 0, 0, 0]),
 (16, [1740, 110, 1, 1, 0, 865, 1384, 0, 1, 0, 1, 0, 0, 2, 2]),
 (16, [1837, 90, 0, 0, 0, 1722, 1438, 1, 1, 2, 2, 1, 2, 2, 1]),
 (34, [1915, 37, 0, 0, 0, 820, 1151, 1, 0, 0, 0, 0, 0, 1, 1]),
 (999, [651, 53, 1, 0, 0, 542, 761, 1, 1, 3, 1, 1, 0, 1, 2]),
 (999, [875, 54, 0, 0, 0, 1500, 1453, 0, 0, 3, 3, 1, 2, 2, 1]),
 (999, [1059, 107, 1, 1, 0, 722, 1375, 0, 1, 2, 5, 0, 2, 0, 2]),
 (999, [1092, 12, 1, 0, 0, 1574, 1612, 0, 0, 3, 0, 1, 2, 2, 0]),
 (999, [1112, 48, 1, 1, 0, 1504, 686, 1, 0, 3, 0, 0, 1, 0, 1]),
 (999, [1182, 85, 1, 1, 0, 662, 1170, 1, 1, 3, 1, 1, 2, 2, 1]),
 (999, [1209, 22, 0, 0, 0, 1952, 985, 0, 0, 3, 4, 1, 2, 0, 1]),
 (999, [1309, 73, 0, 1, 0, 642, 641, 1, 0, 3, 5, 0, 0, 1, 2]),
 (999, [1405, 74, 1, 0, 0, 1583, 1389, 0, 0, 1, 5, 0, 0, 2, 2]),
 (999, [1554, 110, 1, 1, 0, 1343, 572, 1, 1, 3, 5, 0, 0, 2, 1]),
 (999, [1672, 47, 1, 1, 0, 1423, 1809, 1, 1, 3, 5, 0, 1, 1, 2]),
 (999, [1779, 24, 0, 0, 1, 887, 1801, 1, 1, 2, 5, 0, 1, 2, 2])]
Selected
[(12, [761, 41, 0, 0, 1, 1111, 1364, 1, 1, 1, 2, 0, 2, 2, 1]),
 (12, [937, 119, 1, 1, 1, 1127, 1236, 0, 0, 1, 2, 0, 0, 0, 2]),
 (12, [1047, 79, 0, 0, 0, 1001, 2034, 0, 1, 0, 2, 0, 0, 1, 1]),
 (12, [937, 119, 1, 1, 1, 1127, 1236, 0, 0, 1, 2, 0, 0, 0, 2]),
 (12, [1806, 44, 1, 1, 1, 851, 1903, 1, 0, 1, 0, 0, 1, 2, 2]),
 (16, [997, 85, 0, 0, 0, 1290, 1038, 0, 1, 1, 4, 0, 0, 1, 0]),
 (12, [1161, 26, 1, 0, 0, 1590, 1915, 1, 1, 2, 1, 0, 1, 1, 1]),
 (12, [1161, 26, 1, 0, 0, 1590, 1915, 1, 1, 2, 1, 0, 1, 1, 1]),
 (12, [937, 119, 1, 1, 1, 1127, 1236, 0, 0, 1, 2, 0, 0, 0, 2]),
 (12, [1502, 97, 1, 0, 0, 1081, 1662, 1, 1, 1, 4, 1, 1, 2, 2]),
 (12, [1161, 26, 1, 0, 0, 1590, 1915, 1, 1, 2, 1, 0, 1, 1, 1]),
 (12, [1161, 26, 1, 0, 0, 1590, 1915, 1, 1, 2, 1, 0, 1, 1, 1]),
 (12, [1502, 97, 1, 0, 0, 1081, 1662, 1, 1, 1, 4, 1, 1, 2, 2]),
 (12, [1240, 10, 0, 0, 1, 1814, 1530, 1, 1, 2, 0, 0, 0, 1, 1]),
 (12, [761, 41, 0, 0, 1, 1111, 1364, 1, 1, 1, 2, 0, 2, 2, 1]),
 (12, [1806, 44, 1, 1, 1, 851, 1903, 1, 0, 1, 0, 0, 1, 2, 2]),
 (12, [1240, 10, 0, 0, 1, 1814, 1530, 1, 1, 2, 0, 0, 0, 1, 1]),
 (16, [997, 85, 0, 0, 0, 1290, 1038, 0, 1, 1, 4, 0, 0, 1, 0]),
 (12, [1047, 79, 0, 0, 0, 1001, 2034, 0, 1, 0, 2, 0, 0, 1, 1]),
 (12, [1240, 10, 0, 0, 1, 1814, 1530, 1, 1, 2, 0, 0, 0, 1, 1]),
 (12, [1502, 97, 1, 0, 0, 1081, 1662, 1, 1, 1, 4, 1, 1, 2, 2]),
 (12, [2006, 89, 0, 1, 1, 1278, 1955, 1, 1, 0, 4, 0, 2, 2, 0]),
 (16, [1837, 90, 0, 0, 0, 1722, 1438, 1, 1, 2, 2, 1, 2, 2, 1]),
 (12, [761, 41, 0, 0, 1, 1111, 1364, 1, 1, 1, 2, 0, 2, 2, 1]),
 (12, [761, 41, 0, 0, 1, 1111, 1364, 1, 1, 1, 2, 0, 2, 2, 1]),
 (12, [761, 41, 0, 0, 1, 1111, 1364, 1, 1, 1, 2, 0, 2, 2, 1]),
 (12, [937, 119, 1, 1, 1, 1127, 1236, 0, 0, 1, 2, 0, 0, 0, 2])]

Poblacin de 32 individuos durante 15 generaciones
Poblacin inicial:
[(999, [1779, 24, 0, 0, 1, 887, 1801, 1, 1, 2, 5, 0, 1, 2, 2]),
 (999, [1672, 47, 1, 1, 0, 1423, 1809, 1, 1, 3, 5, 0, 1, 1, 2]),
 (999, [1554, 110, 1, 1, 0, 1343, 572, 1, 1, 3, 5, 0, 0, 2, 1]),
 (999, [1405, 74, 1, 0, 0, 1583, 1389, 0, 0, 1, 5, 0, 0, 2, 2]),
 (999, [1309, 73, 0, 1, 0, 642, 641, 1, 0, 3, 5, 0, 0, 1, 2]),
 (999, [1209, 22, 0, 0, 0, 1952, 985, 0, 0, 3, 4, 1, 2, 0, 1]),
 (999, [1182, 85, 1, 1, 0, 662, 1170, 1, 1, 3, 1, 1, 2, 2, 1]),
 (999, [1112, 48, 1, 1, 0, 1504, 686, 1, 0, 3, 0, 0, 1, 0, 1]),
 (999, [1092, 12, 1, 0, 0, 1574, 1612, 0, 0, 3, 0, 1, 2, 2, 0]),
 (999, [1059, 107, 1, 1, 0, 722, 1375, 0, 1, 2, 5, 0, 2, 0, 2]),
 (999, [875, 54, 0, 0, 0, 1500, 1453, 0, 0, 3, 3, 1, 2, 2, 1]),
 (999, [651, 53, 1, 0, 0, 542, 761, 1, 1, 3, 1, 1, 0, 1, 2]),
 (34, [1915, 37, 0, 0, 0, 820, 1151, 1, 0, 0, 0, 0, 0, 1, 1]),
 (16, [1837, 90, 0, 0, 0, 1722, 1438, 1, 1, 2, 2, 1, 2, 2, 1]),
 (16, [1740, 110, 1, 1, 0, 865, 1384, 0, 1, 0, 1, 0, 0, 2, 2]),
 (16, [1682, 16, 0, 1, 0, 534, 1720, 1, 1, 1, 2, 1, 0, 0, 0]),
 (16, [1509, 81, 0, 1, 1, 1839, 1004, 0, 0, 0, 3, 0, 1, 2, 2]),
 (16, [1475, 79, 0, 0, 1, 895, 1007, 1, 1, 0, 2, 0, 0, 1, 0]),
 (16, [1185, 71, 0, 0, 0, 1600, 1570, 1, 0, 0, 1, 0, 1, 0, 0]),
 (16, [1180, 27, 0, 0, 1, 559, 1532, 0, 1, 1, 0, 0, 1, 1, 1]),
 (16, [1036, 115, 1, 0, 1, 770, 1997, 1, 1, 2, 3, 0, 0, 1, 1]),
 (16, [1028, 19, 1, 0, 0, 1632, 2042, 1, 1, 1, 0, 1, 2, 0, 2]),
 (16, [997, 85, 0, 0, 0, 1290, 1038, 0, 1, 1, 4, 0, 0, 1, 0]),
 (12, [2006, 89, 0, 1, 1, 1278, 1955, 1, 1, 0, 4, 0, 2, 2, 0]),
 (12, [1806, 44, 1, 1, 1, 851, 1903, 1, 0, 1, 0, 0, 1, 2, 2]),
 (12, [1789, 39, 1, 0, 0, 1200, 1875, 1, 0, 0, 4, 0, 1, 0, 0]),
 (12, [1502, 97, 1, 0, 0, 1081, 1662, 1, 1, 1, 4, 1, 1, 2, 2]),
 (12, [1240, 10, 0, 0, 1, 1814, 1530, 1, 1, 2, 0, 0, 0, 1, 1]),
 (12, [1161, 26, 1, 0, 0, 1590, 1915, 1, 1, 2, 1, 0, 1, 1, 1]),
 (12, [1047, 79, 0, 0, 0, 1001, 2034, 0, 1, 0, 2, 0, 0, 1, 1]),
 (12, [937, 119, 1, 1, 1, 1127, 1236, 0, 0, 1, 2, 0, 0, 0, 2]),
 (12, [761, 41, 0, 0, 1, 1111, 1364, 1, 1, 1, 2, 0, 2, 2, 1])]
Poblacin final:
[(999, [1779, 24, 0, 0, 1, 887, 1801, 1, 1, 2, 5, 0, 1, 2, 2]),
 (999, [1672, 47, 1, 1, 0, 1423, 1809, 1, 1, 3, 5, 0, 1, 1, 2]),
 (999, [1554, 110, 1, 1, 0, 1343, 572, 1, 1, 3, 5, 0, 0, 2, 1]),
 (999, [1405, 74, 1, 0, 0, 1583, 1389, 0, 0, 1, 5, 0, 0, 2, 2]),
 (999, [1309, 73, 0, 1, 0, 642, 641, 1, 0, 3, 5, 0, 0, 1, 2]),
 (999, [1209, 22, 0, 0, 0, 1952, 985, 0, 0, 3, 4, 1, 2, 0, 1]),
 (999, [1182, 85, 1, 1, 0, 662, 1170, 1, 1, 3, 1, 1, 2, 2, 1]),
 (999, [1112, 48, 1, 1, 0, 1504, 686, 1, 0, 3, 0, 0, 1, 0, 1]),
 (999, [1092, 12, 1, 0, 0, 1574, 1612, 0, 0, 3, 0, 1, 2, 2, 0]),
 (999, [1059, 107, 1, 1, 0, 722, 1375, 0, 1, 2, 5, 0, 2, 0, 2]),
 (999, [875, 54, 0, 0, 0, 1500, 1453, 0, 0, 3, 3, 1, 2, 2, 1]),
 (999, [651, 53, 1, 0, 0, 542, 761, 1, 1, 3, 1, 1, 0, 1, 2]),
 (34, [1915, 37, 0, 0, 0, 820, 1151, 1, 0, 0, 0, 0, 0, 1, 1]),
 (16, [1837, 90, 0, 0, 0, 1722, 1438, 1, 1, 2, 2, 1, 2, 2, 1]),
 (16, [1740, 110, 1, 1, 0, 865, 1384, 0, 1, 0, 1, 0, 0, 2, 2]),
 (16, [1682, 16, 0, 1, 0, 534, 1720, 1, 1, 1, 2, 1, 0, 0, 0]),
 (16, [1509, 81, 0, 1, 1, 1839, 1004, 0, 0, 0, 3, 0, 1, 2, 2]),
 (16, [1475, 79, 0, 0, 1, 895, 1007, 1, 1, 0, 2, 0, 0, 1, 0]),
 (16, [1185, 71, 0, 0, 0, 1600, 1570, 1, 0, 0, 1, 0, 1, 0, 0]),
 (16, [1180, 27, 0, 0, 1, 559, 1532, 0, 1, 1, 0, 0, 1, 1, 1]),
 (16, [1036, 115, 1, 0, 1, 770, 1997, 1, 1, 2, 3, 0, 0, 1, 1]),
 (16, [1028, 19, 1, 0, 0, 1632, 2042, 1, 1, 1, 0, 1, 2, 0, 2]),
 (16, [997, 85, 0, 0, 0, 1290, 1038, 0, 1, 1, 4, 0, 0, 1, 0]),
 (12, [2006, 89, 0, 1, 1, 1278, 1955, 1, 1, 0, 4, 0, 2, 2, 0]),
 (12, [1806, 44, 1, 1, 1, 851, 1903, 1, 0, 1, 0, 0, 1, 2, 2]),
 (12, [1789, 39, 1, 0, 0, 1200, 1875, 1, 0, 0, 4, 0, 1, 0, 0]),
 (12, [1502, 97, 1, 0, 0, 1081, 1662, 1, 1, 1, 4, 1, 1, 2, 2]),
 (12, [1240, 10, 0, 0, 1, 1814, 1530, 1, 1, 2, 0, 0, 0, 1, 1]),
 (12, [1161, 26, 1, 0, 0, 1590, 1915, 1, 1, 2, 1, 0, 1, 1, 1]),
 (12, [1047, 79, 0, 0, 0, 1001, 2034, 0, 1, 0, 2, 0, 0, 1, 1]),
 (12, [937, 119, 1, 1, 1, 1127, 1236, 0, 0, 1, 2, 0, 0, 0, 2]),
 (12, [761, 41, 0, 0, 1, 1111, 1364, 1, 1, 1, 2, 0, 2, 2, 1])]
Elapsed time is 745.220785 seconds.
