 * Manually resetting nginx to stopped state
 * Manually resetting nginx to stopped state
 * Manually resetting nginx to stopped state
 * Manually resetting nginx to stopped state
 * Manually resetting nginx to stopped state
 * Manually resetting nginx to stopped state
 * Manually resetting nginx to stopped state
 * Manually resetting nginx to stopped state
 * Manually resetting nginx to stopped state
 * Manually resetting nginx to stopped state
 * Manually resetting nginx to stopped state
 * Manually resetting nginx to stopped state
 * Manually resetting nginx to stopped state
 * Manually resetting nginx to stopped state
 * Manually resetting nginx to stopped state
genes: 15
individuals : 32
pressure: 5
mutation_chance: 0
generations: 15
crossover_type: 2
mutation_type_random: 0
Alerts:
16
Alerts:
16
Alerts:
16
Alerts:
12
Alerts:
16
Alerts:
16
Alerts:
12
Alerts:
16
Alerts:
12
Alerts:
16
Alerts:
16
Alerts:
16
Alerts:
12
Alerts:
16
Alerts:
16
population
[(16, [1263, 36, 1, 0, 1, 1221, 1151, 0, 0, 1, 0, 1, 2, 0, 0]),
 (16, [755, 35, 1, 1, 1, 1228, 521, 0, 1, 0, 0, 1, 2, 2, 2]),
 (999, [708, 97, 1, 1, 1, 701, 1286, 0, 0, 0, 5, 1, 1, 2, 1]),
 (999, [1477, 75, 0, 1, 0, 678, 824, 0, 1, 3, 1, 1, 2, 0, 0]),
 (16, [1789, 38, 1, 0, 1, 1806, 567, 0, 0, 2, 2, 0, 0, 0, 1]),
 (999, [1563, 19, 0, 1, 1, 1878, 2005, 0, 0, 0, 5, 0, 1, 0, 2]),
 (999, [1768, 28, 1, 1, 0, 585, 1773, 0, 0, 3, 1, 0, 0, 2, 1]),
 (999, [1724, 88, 0, 1, 1, 1693, 1235, 1, 1, 2, 5, 0, 0, 0, 0]),
 (999, [1132, 19, 0, 1, 0, 633, 1316, 0, 1, 3, 2, 1, 2, 1, 2]),
 (999, [554, 25, 0, 0, 0, 1336, 1803, 1, 0, 3, 2, 0, 0, 0, 0]),
 (999, [528, 111, 1, 0, 1, 1325, 1394, 0, 1, 3, 0, 0, 2, 1, 2]),
 (999, [1997, 43, 0, 0, 0, 1427, 1675, 0, 1, 3, 1, 1, 1, 1, 2]),
 (12, [698, 13, 1, 0, 0, 1422, 1771, 1, 0, 2, 0, 0, 2, 1, 0]),
 (16, [748, 109, 0, 1, 1, 638, 871, 1, 0, 1, 0, 1, 2, 1, 1]),
 (16, [854, 62, 1, 0, 1, 1138, 953, 1, 0, 1, 1, 0, 1, 2, 1]),
 (12, [1195, 85, 0, 1, 0, 1950, 761, 0, 0, 2, 4, 0, 1, 2, 1]),
 (16, [1035, 43, 0, 0, 1, 885, 1039, 1, 1, 0, 0, 0, 2, 2, 1]),
 (999, [807, 27, 1, 1, 1, 965, 616, 0, 1, 2, 5, 0, 1, 0, 2]),
 (999, [769, 103, 0, 1, 0, 1787, 804, 0, 1, 3, 3, 0, 0, 0, 0]),
 (12, [618, 46, 0, 0, 0, 1008, 1906, 0, 1, 1, 2, 1, 1, 0, 2]),
 (16, [1775, 62, 0, 1, 0, 1826, 833, 1, 1, 0, 3, 1, 2, 2, 2]),
 (999, [754, 117, 0, 1, 1, 948, 1155, 0, 0, 0, 5, 0, 2, 2, 1]),
 (16, [914, 110, 1, 1, 0, 1844, 1987, 0, 1, 0, 2, 1, 1, 0, 1]),
 (999, [1301, 20, 0, 0, 0, 558, 1085, 1, 1, 1, 5, 1, 0, 1, 1]),
 (999, [663, 107, 1, 0, 0, 1530, 846, 0, 1, 3, 5, 0, 1, 2, 1]),
 (16, [1075, 102, 0, 1, 0, 1041, 2025, 0, 1, 0, 2, 1, 0, 0, 0]),
 (12, [1715, 115, 1, 1, 1, 1916, 1700, 0, 1, 2, 2, 0, 2, 0, 2]),
 (999, [1792, 101, 0, 1, 1, 1449, 1567, 1, 0, 3, 5, 1, 1, 2, 0]),
 (16, [1450, 70, 1, 1, 0, 1778, 912, 1, 1, 2, 4, 1, 0, 2, 1]),
 (999, [678, 59, 0, 1, 0, 1275, 561, 1, 1, 1, 5, 1, 1, 2, 2]),
 (999, [1098, 75, 0, 0, 1, 1819, 1851, 0, 0, 2, 5, 0, 2, 2, 1]),
 (16, [804, 24, 1, 0, 0, 1500, 765, 0, 0, 2, 3, 0, 1, 0, 2])]
scored
[(12, [618, 46, 0, 0, 0, 1008, 1906, 0, 1, 1, 2, 1, 1, 0, 2]),
 (12, [698, 13, 1, 0, 0, 1422, 1771, 1, 0, 2, 0, 0, 2, 1, 0]),
 (12, [1195, 85, 0, 1, 0, 1950, 761, 0, 0, 2, 4, 0, 1, 2, 1]),
 (12, [1715, 115, 1, 1, 1, 1916, 1700, 0, 1, 2, 2, 0, 2, 0, 2]),
 (16, [748, 109, 0, 1, 1, 638, 871, 1, 0, 1, 0, 1, 2, 1, 1]),
 (16, [755, 35, 1, 1, 1, 1228, 521, 0, 1, 0, 0, 1, 2, 2, 2]),
 (16, [804, 24, 1, 0, 0, 1500, 765, 0, 0, 2, 3, 0, 1, 0, 2]),
 (16, [854, 62, 1, 0, 1, 1138, 953, 1, 0, 1, 1, 0, 1, 2, 1]),
 (16, [914, 110, 1, 1, 0, 1844, 1987, 0, 1, 0, 2, 1, 1, 0, 1]),
 (16, [1035, 43, 0, 0, 1, 885, 1039, 1, 1, 0, 0, 0, 2, 2, 1]),
 (16, [1075, 102, 0, 1, 0, 1041, 2025, 0, 1, 0, 2, 1, 0, 0, 0]),
 (16, [1263, 36, 1, 0, 1, 1221, 1151, 0, 0, 1, 0, 1, 2, 0, 0]),
 (16, [1450, 70, 1, 1, 0, 1778, 912, 1, 1, 2, 4, 1, 0, 2, 1]),
 (16, [1775, 62, 0, 1, 0, 1826, 833, 1, 1, 0, 3, 1, 2, 2, 2]),
 (16, [1789, 38, 1, 0, 1, 1806, 567, 0, 0, 2, 2, 0, 0, 0, 1]),
 (999, [528, 111, 1, 0, 1, 1325, 1394, 0, 1, 3, 0, 0, 2, 1, 2]),
 (999, [554, 25, 0, 0, 0, 1336, 1803, 1, 0, 3, 2, 0, 0, 0, 0]),
 (999, [663, 107, 1, 0, 0, 1530, 846, 0, 1, 3, 5, 0, 1, 2, 1]),
 (999, [678, 59, 0, 1, 0, 1275, 561, 1, 1, 1, 5, 1, 1, 2, 2]),
 (999, [708, 97, 1, 1, 1, 701, 1286, 0, 0, 0, 5, 1, 1, 2, 1]),
 (999, [754, 117, 0, 1, 1, 948, 1155, 0, 0, 0, 5, 0, 2, 2, 1]),
 (999, [769, 103, 0, 1, 0, 1787, 804, 0, 1, 3, 3, 0, 0, 0, 0]),
 (999, [807, 27, 1, 1, 1, 965, 616, 0, 1, 2, 5, 0, 1, 0, 2]),
 (999, [1098, 75, 0, 0, 1, 1819, 1851, 0, 0, 2, 5, 0, 2, 2, 1]),
 (999, [1132, 19, 0, 1, 0, 633, 1316, 0, 1, 3, 2, 1, 2, 1, 2]),
 (999, [1301, 20, 0, 0, 0, 558, 1085, 1, 1, 1, 5, 1, 0, 1, 1]),
 (999, [1477, 75, 0, 1, 0, 678, 824, 0, 1, 3, 1, 1, 2, 0, 0]),
 (999, [1563, 19, 0, 1, 1, 1878, 2005, 0, 0, 0, 5, 0, 1, 0, 2]),
 (999, [1724, 88, 0, 1, 1, 1693, 1235, 1, 1, 2, 5, 0, 0, 0, 0]),
 (999, [1768, 28, 1, 1, 0, 585, 1773, 0, 0, 3, 1, 0, 0, 2, 1]),
 (999, [1792, 101, 0, 1, 1, 1449, 1567, 1, 0, 3, 5, 1, 1, 2, 0]),
 (999, [1997, 43, 0, 0, 0, 1427, 1675, 0, 1, 3, 1, 1, 1, 1, 2])]
Selected
[(12, [698, 13, 1, 0, 0, 1422, 1771, 1, 0, 2, 0, 0, 2, 1, 0]),
 (12, [698, 13, 1, 0, 0, 1422, 1771, 1, 0, 2, 0, 0, 2, 1, 0]),
 (12, [1195, 85, 0, 1, 0, 1950, 761, 0, 0, 2, 4, 0, 1, 2, 1]),
 (12, [1715, 115, 1, 1, 1, 1916, 1700, 0, 1, 2, 2, 0, 2, 0, 2]),
 (16, [748, 109, 0, 1, 1, 638, 871, 1, 0, 1, 0, 1, 2, 1, 1]),
 (12, [618, 46, 0, 0, 0, 1008, 1906, 0, 1, 1, 2, 1, 1, 0, 2]),
 (16, [1035, 43, 0, 0, 1, 885, 1039, 1, 1, 0, 0, 0, 2, 2, 1]),
 (16, [755, 35, 1, 1, 1, 1228, 521, 0, 1, 0, 0, 1, 2, 2, 2]),
 (12, [1715, 115, 1, 1, 1, 1916, 1700, 0, 1, 2, 2, 0, 2, 0, 2]),
 (16, [854, 62, 1, 0, 1, 1138, 953, 1, 0, 1, 1, 0, 1, 2, 1]),
 (16, [1035, 43, 0, 0, 1, 885, 1039, 1, 1, 0, 0, 0, 2, 2, 1]),
 (16, [1263, 36, 1, 0, 1, 1221, 1151, 0, 0, 1, 0, 1, 2, 0, 0]),
 (16, [1450, 70, 1, 1, 0, 1778, 912, 1, 1, 2, 4, 1, 0, 2, 1]),
 (12, [698, 13, 1, 0, 0, 1422, 1771, 1, 0, 2, 0, 0, 2, 1, 0]),
 (16, [804, 24, 1, 0, 0, 1500, 765, 0, 0, 2, 3, 0, 1, 0, 2]),
 (12, [698, 13, 1, 0, 0, 1422, 1771, 1, 0, 2, 0, 0, 2, 1, 0]),
 (16, [804, 24, 1, 0, 0, 1500, 765, 0, 0, 2, 3, 0, 1, 0, 2]),
 (12, [618, 46, 0, 0, 0, 1008, 1906, 0, 1, 1, 2, 1, 1, 0, 2]),
 (16, [804, 24, 1, 0, 0, 1500, 765, 0, 0, 2, 3, 0, 1, 0, 2]),
 (12, [1715, 115, 1, 1, 1, 1916, 1700, 0, 1, 2, 2, 0, 2, 0, 2]),
 (12, [1195, 85, 0, 1, 0, 1950, 761, 0, 0, 2, 4, 0, 1, 2, 1]),
 (12, [1715, 115, 1, 1, 1, 1916, 1700, 0, 1, 2, 2, 0, 2, 0, 2]),
 (16, [1075, 102, 0, 1, 0, 1041, 2025, 0, 1, 0, 2, 1, 0, 0, 0]),
 (16, [748, 109, 0, 1, 1, 638, 871, 1, 0, 1, 0, 1, 2, 1, 1]),
 (16, [748, 109, 0, 1, 1, 638, 871, 1, 0, 1, 0, 1, 2, 1, 1]),
 (16, [804, 24, 1, 0, 0, 1500, 765, 0, 0, 2, 3, 0, 1, 0, 2]),
 (12, [618, 46, 0, 0, 0, 1008, 1906, 0, 1, 1, 2, 1, 1, 0, 2])]
population
[(999, [1997, 43, 0, 0, 0, 1427, 1675, 0, 1, 3, 1, 1, 1, 1, 2]),
 (999, [1792, 101, 0, 1, 1, 1449, 1567, 1, 0, 3, 5, 1, 1, 2, 0]),
 (999, [1768, 28, 1, 1, 0, 585, 1773, 0, 0, 3, 1, 0, 0, 2, 1]),
 (999, [1724, 88, 0, 1, 1, 1693, 1235, 1, 1, 2, 5, 0, 0, 0, 0]),
 (999, [1563, 19, 0, 1, 1, 1878, 2005, 0, 0, 0, 5, 0, 1, 0, 2]),
 (999, [1477, 75, 0, 1, 0, 678, 824, 0, 1, 3, 1, 1, 2, 0, 0]),
 (999, [1301, 20, 0, 0, 0, 558, 1085, 1, 1, 1, 5, 1, 0, 1, 1]),
 (999, [1132, 19, 0, 1, 0, 633, 1316, 0, 1, 3, 2, 1, 2, 1, 2]),
 (999, [1098, 75, 0, 0, 1, 1819, 1851, 0, 0, 2, 5, 0, 2, 2, 1]),
 (999, [807, 27, 1, 1, 1, 965, 616, 0, 1, 2, 5, 0, 1, 0, 2]),
 (999, [769, 103, 0, 1, 0, 1787, 804, 0, 1, 3, 3, 0, 0, 0, 0]),
 (999, [754, 117, 0, 1, 1, 948, 1155, 0, 0, 0, 5, 0, 2, 2, 1]),
 (999, [708, 97, 1, 1, 1, 701, 1286, 0, 0, 0, 5, 1, 1, 2, 1]),
 (999, [678, 59, 0, 1, 0, 1275, 561, 1, 1, 1, 5, 1, 1, 2, 2]),
 (999, [663, 107, 1, 0, 0, 1530, 846, 0, 1, 3, 5, 0, 1, 2, 1]),
 (999, [554, 25, 0, 0, 0, 1336, 1803, 1, 0, 3, 2, 0, 0, 0, 0]),
 (999, [528, 111, 1, 0, 1, 1325, 1394, 0, 1, 3, 0, 0, 2, 1, 2]),
 (16, [1789, 38, 1, 0, 1, 1806, 567, 0, 0, 2, 2, 0, 0, 0, 1]),
 (16, [1775, 62, 0, 1, 0, 1826, 833, 1, 1, 0, 3, 1, 2, 2, 2]),
 (16, [1450, 70, 1, 1, 0, 1778, 912, 1, 1, 2, 4, 1, 0, 2, 1]),
 (16, [1263, 36, 1, 0, 1, 1221, 1151, 0, 0, 1, 0, 1, 2, 0, 0]),
 (16, [1075, 102, 0, 1, 0, 1041, 2025, 0, 1, 0, 2, 1, 0, 0, 0]),
 (16, [1035, 43, 0, 0, 1, 885, 1039, 1, 1, 0, 0, 0, 2, 2, 1]),
 (16, [914, 110, 1, 1, 0, 1844, 1987, 0, 1, 0, 2, 1, 1, 0, 1]),
 (16, [854, 62, 1, 0, 1, 1138, 953, 1, 0, 1, 1, 0, 1, 2, 1]),
 (16, [804, 24, 1, 0, 0, 1500, 765, 0, 0, 2, 3, 0, 1, 0, 2]),
 (16, [755, 35, 1, 1, 1, 1228, 521, 0, 1, 0, 0, 1, 2, 2, 2]),
 (16, [748, 109, 0, 1, 1, 638, 871, 1, 0, 1, 0, 1, 2, 1, 1]),
 (12, [1715, 115, 1, 1, 1, 1916, 1700, 0, 1, 2, 2, 0, 2, 0, 2]),
 (12, [1195, 85, 0, 1, 0, 1950, 761, 0, 0, 2, 4, 0, 1, 2, 1]),
 (12, [698, 13, 1, 0, 0, 1422, 1771, 1, 0, 2, 0, 0, 2, 1, 0]),
 (12, [618, 46, 0, 0, 0, 1008, 1906, 0, 1, 1, 2, 1, 1, 0, 2])]
scored
[(12, [618, 46, 0, 0, 0, 1008, 1906, 0, 1, 1, 2, 1, 1, 0, 2]),
 (12, [698, 13, 1, 0, 0, 1422, 1771, 1, 0, 2, 0, 0, 2, 1, 0]),
 (12, [1195, 85, 0, 1, 0, 1950, 761, 0, 0, 2, 4, 0, 1, 2, 1]),
 (12, [1715, 115, 1, 1, 1, 1916, 1700, 0, 1, 2, 2, 0, 2, 0, 2]),
 (16, [748, 109, 0, 1, 1, 638, 871, 1, 0, 1, 0, 1, 2, 1, 1]),
 (16, [755, 35, 1, 1, 1, 1228, 521, 0, 1, 0, 0, 1, 2, 2, 2]),
 (16, [804, 24, 1, 0, 0, 1500, 765, 0, 0, 2, 3, 0, 1, 0, 2]),
 (16, [854, 62, 1, 0, 1, 1138, 953, 1, 0, 1, 1, 0, 1, 2, 1]),
 (16, [914, 110, 1, 1, 0, 1844, 1987, 0, 1, 0, 2, 1, 1, 0, 1]),
 (16, [1035, 43, 0, 0, 1, 885, 1039, 1, 1, 0, 0, 0, 2, 2, 1]),
 (16, [1075, 102, 0, 1, 0, 1041, 2025, 0, 1, 0, 2, 1, 0, 0, 0]),
 (16, [1263, 36, 1, 0, 1, 1221, 1151, 0, 0, 1, 0, 1, 2, 0, 0]),
 (16, [1450, 70, 1, 1, 0, 1778, 912, 1, 1, 2, 4, 1, 0, 2, 1]),
 (16, [1775, 62, 0, 1, 0, 1826, 833, 1, 1, 0, 3, 1, 2, 2, 2]),
 (16, [1789, 38, 1, 0, 1, 1806, 567, 0, 0, 2, 2, 0, 0, 0, 1]),
 (999, [528, 111, 1, 0, 1, 1325, 1394, 0, 1, 3, 0, 0, 2, 1, 2]),
 (999, [554, 25, 0, 0, 0, 1336, 1803, 1, 0, 3, 2, 0, 0, 0, 0]),
 (999, [663, 107, 1, 0, 0, 1530, 846, 0, 1, 3, 5, 0, 1, 2, 1]),
 (999, [678, 59, 0, 1, 0, 1275, 561, 1, 1, 1, 5, 1, 1, 2, 2]),
 (999, [708, 97, 1, 1, 1, 701, 1286, 0, 0, 0, 5, 1, 1, 2, 1]),
 (999, [754, 117, 0, 1, 1, 948, 1155, 0, 0, 0, 5, 0, 2, 2, 1]),
 (999, [769, 103, 0, 1, 0, 1787, 804, 0, 1, 3, 3, 0, 0, 0, 0]),
 (999, [807, 27, 1, 1, 1, 965, 616, 0, 1, 2, 5, 0, 1, 0, 2]),
 (999, [1098, 75, 0, 0, 1, 1819, 1851, 0, 0, 2, 5, 0, 2, 2, 1]),
 (999, [1132, 19, 0, 1, 0, 633, 1316, 0, 1, 3, 2, 1, 2, 1, 2]),
 (999, [1301, 20, 0, 0, 0, 558, 1085, 1, 1, 1, 5, 1, 0, 1, 1]),
 (999, [1477, 75, 0, 1, 0, 678, 824, 0, 1, 3, 1, 1, 2, 0, 0]),
 (999, [1563, 19, 0, 1, 1, 1878, 2005, 0, 0, 0, 5, 0, 1, 0, 2]),
 (999, [1724, 88, 0, 1, 1, 1693, 1235, 1, 1, 2, 5, 0, 0, 0, 0]),
 (999, [1768, 28, 1, 1, 0, 585, 1773, 0, 0, 3, 1, 0, 0, 2, 1]),
 (999, [1792, 101, 0, 1, 1, 1449, 1567, 1, 0, 3, 5, 1, 1, 2, 0]),
 (999, [1997, 43, 0, 0, 0, 1427, 1675, 0, 1, 3, 1, 1, 1, 1, 2])]
Selected
[(16, [755, 35, 1, 1, 1, 1228, 521, 0, 1, 0, 0, 1, 2, 2, 2]),
 (12, [618, 46, 0, 0, 0, 1008, 1906, 0, 1, 1, 2, 1, 1, 0, 2]),
 (12, [618, 46, 0, 0, 0, 1008, 1906, 0, 1, 1, 2, 1, 1, 0, 2]),
 (16, [755, 35, 1, 1, 1, 1228, 521, 0, 1, 0, 0, 1, 2, 2, 2]),
 (12, [1195, 85, 0, 1, 0, 1950, 761, 0, 0, 2, 4, 0, 1, 2, 1]),
 (12, [1715, 115, 1, 1, 1, 1916, 1700, 0, 1, 2, 2, 0, 2, 0, 2]),
 (16, [854, 62, 1, 0, 1, 1138, 953, 1, 0, 1, 1, 0, 1, 2, 1]),
 (16, [804, 24, 1, 0, 0, 1500, 765, 0, 0, 2, 3, 0, 1, 0, 2]),
 (12, [698, 13, 1, 0, 0, 1422, 1771, 1, 0, 2, 0, 0, 2, 1, 0]),
 (12, [1195, 85, 0, 1, 0, 1950, 761, 0, 0, 2, 4, 0, 1, 2, 1]),
 (12, [618, 46, 0, 0, 0, 1008, 1906, 0, 1, 1, 2, 1, 1, 0, 2]),
 (16, [755, 35, 1, 1, 1, 1228, 521, 0, 1, 0, 0, 1, 2, 2, 2]),
 (12, [1715, 115, 1, 1, 1, 1916, 1700, 0, 1, 2, 2, 0, 2, 0, 2]),
 (999, [754, 117, 0, 1, 1, 948, 1155, 0, 0, 0, 5, 0, 2, 2, 1]),
 (12, [618, 46, 0, 0, 0, 1008, 1906, 0, 1, 1, 2, 1, 1, 0, 2]),
 (16, [854, 62, 1, 0, 1, 1138, 953, 1, 0, 1, 1, 0, 1, 2, 1]),
 (12, [698, 13, 1, 0, 0, 1422, 1771, 1, 0, 2, 0, 0, 2, 1, 0]),
 (16, [914, 110, 1, 1, 0, 1844, 1987, 0, 1, 0, 2, 1, 1, 0, 1]),
 (12, [618, 46, 0, 0, 0, 1008, 1906, 0, 1, 1, 2, 1, 1, 0, 2]),
 (16, [804, 24, 1, 0, 0, 1500, 765, 0, 0, 2, 3, 0, 1, 0, 2]),
 (999, [678, 59, 0, 1, 0, 1275, 561, 1, 1, 1, 5, 1, 1, 2, 2]),
 (12, [618, 46, 0, 0, 0, 1008, 1906, 0, 1, 1, 2, 1, 1, 0, 2]),
 (12, [618, 46, 0, 0, 0, 1008, 1906, 0, 1, 1, 2, 1, 1, 0, 2]),
 (12, [698, 13, 1, 0, 0, 1422, 1771, 1, 0, 2, 0, 0, 2, 1, 0]),
 (12, [618, 46, 0, 0, 0, 1008, 1906, 0, 1, 1, 2, 1, 1, 0, 2]),
 (12, [1715, 115, 1, 1, 1, 1916, 1700, 0, 1, 2, 2, 0, 2, 0, 2]),
 (16, [748, 109, 0, 1, 1, 638, 871, 1, 0, 1, 0, 1, 2, 1, 1])]
population
[(999, [1997, 43, 0, 0, 0, 1427, 1675, 0, 1, 3, 1, 1, 1, 1, 2]),
 (999, [1792, 101, 0, 1, 1, 1449, 1567, 1, 0, 3, 5, 1, 1, 2, 0]),
 (999, [1768, 28, 1, 1, 0, 585, 1773, 0, 0, 3, 1, 0, 0, 2, 1]),
 (999, [1724, 88, 0, 1, 1, 1693, 1235, 1, 1, 2, 5, 0, 0, 0, 0]),
 (999, [1563, 19, 0, 1, 1, 1878, 2005, 0, 0, 0, 5, 0, 1, 0, 2]),
 (999, [1477, 75, 0, 1, 0, 678, 824, 0, 1, 3, 1, 1, 2, 0, 0]),
 (999, [1301, 20, 0, 0, 0, 558, 1085, 1, 1, 1, 5, 1, 0, 1, 1]),
 (999, [1132, 19, 0, 1, 0, 633, 1316, 0, 1, 3, 2, 1, 2, 1, 2]),
 (999, [1098, 75, 0, 0, 1, 1819, 1851, 0, 0, 2, 5, 0, 2, 2, 1]),
 (999, [807, 27, 1, 1, 1, 965, 616, 0, 1, 2, 5, 0, 1, 0, 2]),
 (999, [769, 103, 0, 1, 0, 1787, 804, 0, 1, 3, 3, 0, 0, 0, 0]),
 (999, [754, 117, 0, 1, 1, 948, 1155, 0, 0, 0, 5, 0, 2, 2, 1]),
 (999, [708, 97, 1, 1, 1, 701, 1286, 0, 0, 0, 5, 1, 1, 2, 1]),
 (999, [678, 59, 0, 1, 0, 1275, 561, 1, 1, 1, 5, 1, 1, 2, 2]),
 (999, [663, 107, 1, 0, 0, 1530, 846, 0, 1, 3, 5, 0, 1, 2, 1]),
 (999, [554, 25, 0, 0, 0, 1336, 1803, 1, 0, 3, 2, 0, 0, 0, 0]),
 (999, [528, 111, 1, 0, 1, 1325, 1394, 0, 1, 3, 0, 0, 2, 1, 2]),
 (16, [1789, 38, 1, 0, 1, 1806, 567, 0, 0, 2, 2, 0, 0, 0, 1]),
 (16, [1775, 62, 0, 1, 0, 1826, 833, 1, 1, 0, 3, 1, 2, 2, 2]),
 (16, [1450, 70, 1, 1, 0, 1778, 912, 1, 1, 2, 4, 1, 0, 2, 1]),
 (16, [1263, 36, 1, 0, 1, 1221, 1151, 0, 0, 1, 0, 1, 2, 0, 0]),
 (16, [1075, 102, 0, 1, 0, 1041, 2025, 0, 1, 0, 2, 1, 0, 0, 0]),
 (16, [1035, 43, 0, 0, 1, 885, 1039, 1, 1, 0, 0, 0, 2, 2, 1]),
 (16, [914, 110, 1, 1, 0, 1844, 1987, 0, 1, 0, 2, 1, 1, 0, 1]),
 (16, [854, 62, 1, 0, 1, 1138, 953, 1, 0, 1, 1, 0, 1, 2, 1]),
 (16, [804, 24, 1, 0, 0, 1500, 765, 0, 0, 2, 3, 0, 1, 0, 2]),
 (16, [755, 35, 1, 1, 1, 1228, 521, 0, 1, 0, 0, 1, 2, 2, 2]),
 (16, [748, 109, 0, 1, 1, 638, 871, 1, 0, 1, 0, 1, 2, 1, 1]),
 (12, [1715, 115, 1, 1, 1, 1916, 1700, 0, 1, 2, 2, 0, 2, 0, 2]),
 (12, [1195, 85, 0, 1, 0, 1950, 761, 0, 0, 2, 4, 0, 1, 2, 1]),
 (12, [698, 13, 1, 0, 0, 1422, 1771, 1, 0, 2, 0, 0, 2, 1, 0]),
 (12, [618, 46, 0, 0, 0, 1008, 1906, 0, 1, 1, 2, 1, 1, 0, 2])]
scored
[(12, [618, 46, 0, 0, 0, 1008, 1906, 0, 1, 1, 2, 1, 1, 0, 2]),
 (12, [698, 13, 1, 0, 0, 1422, 1771, 1, 0, 2, 0, 0, 2, 1, 0]),
 (12, [1195, 85, 0, 1, 0, 1950, 761, 0, 0, 2, 4, 0, 1, 2, 1]),
 (12, [1715, 115, 1, 1, 1, 1916, 1700, 0, 1, 2, 2, 0, 2, 0, 2]),
 (16, [748, 109, 0, 1, 1, 638, 871, 1, 0, 1, 0, 1, 2, 1, 1]),
 (16, [755, 35, 1, 1, 1, 1228, 521, 0, 1, 0, 0, 1, 2, 2, 2]),
 (16, [804, 24, 1, 0, 0, 1500, 765, 0, 0, 2, 3, 0, 1, 0, 2]),
 (16, [854, 62, 1, 0, 1, 1138, 953, 1, 0, 1, 1, 0, 1, 2, 1]),
 (16, [914, 110, 1, 1, 0, 1844, 1987, 0, 1, 0, 2, 1, 1, 0, 1]),
 (16, [1035, 43, 0, 0, 1, 885, 1039, 1, 1, 0, 0, 0, 2, 2, 1]),
 (16, [1075, 102, 0, 1, 0, 1041, 2025, 0, 1, 0, 2, 1, 0, 0, 0]),
 (16, [1263, 36, 1, 0, 1, 1221, 1151, 0, 0, 1, 0, 1, 2, 0, 0]),
 (16, [1450, 70, 1, 1, 0, 1778, 912, 1, 1, 2, 4, 1, 0, 2, 1]),
 (16, [1775, 62, 0, 1, 0, 1826, 833, 1, 1, 0, 3, 1, 2, 2, 2]),
 (16, [1789, 38, 1, 0, 1, 1806, 567, 0, 0, 2, 2, 0, 0, 0, 1]),
 (999, [528, 111, 1, 0, 1, 1325, 1394, 0, 1, 3, 0, 0, 2, 1, 2]),
 (999, [554, 25, 0, 0, 0, 1336, 1803, 1, 0, 3, 2, 0, 0, 0, 0]),
 (999, [663, 107, 1, 0, 0, 1530, 846, 0, 1, 3, 5, 0, 1, 2, 1]),
 (999, [678, 59, 0, 1, 0, 1275, 561, 1, 1, 1, 5, 1, 1, 2, 2]),
 (999, [708, 97, 1, 1, 1, 701, 1286, 0, 0, 0, 5, 1, 1, 2, 1]),
 (999, [754, 117, 0, 1, 1, 948, 1155, 0, 0, 0, 5, 0, 2, 2, 1]),
 (999, [769, 103, 0, 1, 0, 1787, 804, 0, 1, 3, 3, 0, 0, 0, 0]),
 (999, [807, 27, 1, 1, 1, 965, 616, 0, 1, 2, 5, 0, 1, 0, 2]),
 (999, [1098, 75, 0, 0, 1, 1819, 1851, 0, 0, 2, 5, 0, 2, 2, 1]),
 (999, [1132, 19, 0, 1, 0, 633, 1316, 0, 1, 3, 2, 1, 2, 1, 2]),
 (999, [1301, 20, 0, 0, 0, 558, 1085, 1, 1, 1, 5, 1, 0, 1, 1]),
 (999, [1477, 75, 0, 1, 0, 678, 824, 0, 1, 3, 1, 1, 2, 0, 0]),
 (999, [1563, 19, 0, 1, 1, 1878, 2005, 0, 0, 0, 5, 0, 1, 0, 2]),
 (999, [1724, 88, 0, 1, 1, 1693, 1235, 1, 1, 2, 5, 0, 0, 0, 0]),
 (999, [1768, 28, 1, 1, 0, 585, 1773, 0, 0, 3, 1, 0, 0, 2, 1]),
 (999, [1792, 101, 0, 1, 1, 1449, 1567, 1, 0, 3, 5, 1, 1, 2, 0]),
 (999, [1997, 43, 0, 0, 0, 1427, 1675, 0, 1, 3, 1, 1, 1, 1, 2])]
Selected
[(16, [854, 62, 1, 0, 1, 1138, 953, 1, 0, 1, 1, 0, 1, 2, 1]),
 (16, [748, 109, 0, 1, 1, 638, 871, 1, 0, 1, 0, 1, 2, 1, 1]),
 (16, [1789, 38, 1, 0, 1, 1806, 567, 0, 0, 2, 2, 0, 0, 0, 1]),
 (12, [1715, 115, 1, 1, 1, 1916, 1700, 0, 1, 2, 2, 0, 2, 0, 2]),
 (16, [1263, 36, 1, 0, 1, 1221, 1151, 0, 0, 1, 0, 1, 2, 0, 0]),
 (12, [618, 46, 0, 0, 0, 1008, 1906, 0, 1, 1, 2, 1, 1, 0, 2]),
 (16, [804, 24, 1, 0, 0, 1500, 765, 0, 0, 2, 3, 0, 1, 0, 2]),
 (16, [755, 35, 1, 1, 1, 1228, 521, 0, 1, 0, 0, 1, 2, 2, 2]),
 (999, [554, 25, 0, 0, 0, 1336, 1803, 1, 0, 3, 2, 0, 0, 0, 0]),
 (12, [618, 46, 0, 0, 0, 1008, 1906, 0, 1, 1, 2, 1, 1, 0, 2]),
 (12, [1715, 115, 1, 1, 1, 1916, 1700, 0, 1, 2, 2, 0, 2, 0, 2]),
 (12, [618, 46, 0, 0, 0, 1008, 1906, 0, 1, 1, 2, 1, 1, 0, 2]),
 (16, [1789, 38, 1, 0, 1, 1806, 567, 0, 0, 2, 2, 0, 0, 0, 1]),
 (12, [618, 46, 0, 0, 0, 1008, 1906, 0, 1, 1, 2, 1, 1, 0, 2]),
 (12, [698, 13, 1, 0, 0, 1422, 1771, 1, 0, 2, 0, 0, 2, 1, 0]),
 (16, [854, 62, 1, 0, 1, 1138, 953, 1, 0, 1, 1, 0, 1, 2, 1]),
 (16, [1075, 102, 0, 1, 0, 1041, 2025, 0, 1, 0, 2, 1, 0, 0, 0]),
 (12, [1715, 115, 1, 1, 1, 1916, 1700, 0, 1, 2, 2, 0, 2, 0, 2]),
 (16, [1035, 43, 0, 0, 1, 885, 1039, 1, 1, 0, 0, 0, 2, 2, 1]),
 (16, [1263, 36, 1, 0, 1, 1221, 1151, 0, 0, 1, 0, 1, 2, 0, 0]),
 (12, [1715, 115, 1, 1, 1, 1916, 1700, 0, 1, 2, 2, 0, 2, 0, 2]),
 (16, [748, 109, 0, 1, 1, 638, 871, 1, 0, 1, 0, 1, 2, 1, 1]),
 (16, [854, 62, 1, 0, 1, 1138, 953, 1, 0, 1, 1, 0, 1, 2, 1]),
 (16, [755, 35, 1, 1, 1, 1228, 521, 0, 1, 0, 0, 1, 2, 2, 2]),
 (12, [1715, 115, 1, 1, 1, 1916, 1700, 0, 1, 2, 2, 0, 2, 0, 2]),
 (16, [1035, 43, 0, 0, 1, 885, 1039, 1, 1, 0, 0, 0, 2, 2, 1]),
 (16, [804, 24, 1, 0, 0, 1500, 765, 0, 0, 2, 3, 0, 1, 0, 2])]
population
[(999, [1997, 43, 0, 0, 0, 1427, 1675, 0, 1, 3, 1, 1, 1, 1, 2]),
 (999, [1792, 101, 0, 1, 1, 1449, 1567, 1, 0, 3, 5, 1, 1, 2, 0]),
 (999, [1768, 28, 1, 1, 0, 585, 1773, 0, 0, 3, 1, 0, 0, 2, 1]),
 (999, [1724, 88, 0, 1, 1, 1693, 1235, 1, 1, 2, 5, 0, 0, 0, 0]),
 (999, [1563, 19, 0, 1, 1, 1878, 2005, 0, 0, 0, 5, 0, 1, 0, 2]),
 (999, [1477, 75, 0, 1, 0, 678, 824, 0, 1, 3, 1, 1, 2, 0, 0]),
 (999, [1301, 20, 0, 0, 0, 558, 1085, 1, 1, 1, 5, 1, 0, 1, 1]),
 (999, [1132, 19, 0, 1, 0, 633, 1316, 0, 1, 3, 2, 1, 2, 1, 2]),
 (999, [1098, 75, 0, 0, 1, 1819, 1851, 0, 0, 2, 5, 0, 2, 2, 1]),
 (999, [807, 27, 1, 1, 1, 965, 616, 0, 1, 2, 5, 0, 1, 0, 2]),
 (999, [769, 103, 0, 1, 0, 1787, 804, 0, 1, 3, 3, 0, 0, 0, 0]),
 (999, [754, 117, 0, 1, 1, 948, 1155, 0, 0, 0, 5, 0, 2, 2, 1]),
 (999, [708, 97, 1, 1, 1, 701, 1286, 0, 0, 0, 5, 1, 1, 2, 1]),
 (999, [678, 59, 0, 1, 0, 1275, 561, 1, 1, 1, 5, 1, 1, 2, 2]),
 (999, [663, 107, 1, 0, 0, 1530, 846, 0, 1, 3, 5, 0, 1, 2, 1]),
 (999, [554, 25, 0, 0, 0, 1336, 1803, 1, 0, 3, 2, 0, 0, 0, 0]),
 (999, [528, 111, 1, 0, 1, 1325, 1394, 0, 1, 3, 0, 0, 2, 1, 2]),
 (16, [1789, 38, 1, 0, 1, 1806, 567, 0, 0, 2, 2, 0, 0, 0, 1]),
 (16, [1775, 62, 0, 1, 0, 1826, 833, 1, 1, 0, 3, 1, 2, 2, 2]),
 (16, [1450, 70, 1, 1, 0, 1778, 912, 1, 1, 2, 4, 1, 0, 2, 1]),
 (16, [1263, 36, 1, 0, 1, 1221, 1151, 0, 0, 1, 0, 1, 2, 0, 0]),
 (16, [1075, 102, 0, 1, 0, 1041, 2025, 0, 1, 0, 2, 1, 0, 0, 0]),
 (16, [1035, 43, 0, 0, 1, 885, 1039, 1, 1, 0, 0, 0, 2, 2, 1]),
 (16, [914, 110, 1, 1, 0, 1844, 1987, 0, 1, 0, 2, 1, 1, 0, 1]),
 (16, [854, 62, 1, 0, 1, 1138, 953, 1, 0, 1, 1, 0, 1, 2, 1]),
 (16, [804, 24, 1, 0, 0, 1500, 765, 0, 0, 2, 3, 0, 1, 0, 2]),
 (16, [755, 35, 1, 1, 1, 1228, 521, 0, 1, 0, 0, 1, 2, 2, 2]),
 (16, [748, 109, 0, 1, 1, 638, 871, 1, 0, 1, 0, 1, 2, 1, 1]),
 (12, [1715, 115, 1, 1, 1, 1916, 1700, 0, 1, 2, 2, 0, 2, 0, 2]),
 (12, [1195, 85, 0, 1, 0, 1950, 761, 0, 0, 2, 4, 0, 1, 2, 1]),
 (12, [698, 13, 1, 0, 0, 1422, 1771, 1, 0, 2, 0, 0, 2, 1, 0]),
 (12, [618, 46, 0, 0, 0, 1008, 1906, 0, 1, 1, 2, 1, 1, 0, 2])]
scored
[(12, [618, 46, 0, 0, 0, 1008, 1906, 0, 1, 1, 2, 1, 1, 0, 2]),
 (12, [698, 13, 1, 0, 0, 1422, 1771, 1, 0, 2, 0, 0, 2, 1, 0]),
 (12, [1195, 85, 0, 1, 0, 1950, 761, 0, 0, 2, 4, 0, 1, 2, 1]),
 (12, [1715, 115, 1, 1, 1, 1916, 1700, 0, 1, 2, 2, 0, 2, 0, 2]),
 (16, [748, 109, 0, 1, 1, 638, 871, 1, 0, 1, 0, 1, 2, 1, 1]),
 (16, [755, 35, 1, 1, 1, 1228, 521, 0, 1, 0, 0, 1, 2, 2, 2]),
 (16, [804, 24, 1, 0, 0, 1500, 765, 0, 0, 2, 3, 0, 1, 0, 2]),
 (16, [854, 62, 1, 0, 1, 1138, 953, 1, 0, 1, 1, 0, 1, 2, 1]),
 (16, [914, 110, 1, 1, 0, 1844, 1987, 0, 1, 0, 2, 1, 1, 0, 1]),
 (16, [1035, 43, 0, 0, 1, 885, 1039, 1, 1, 0, 0, 0, 2, 2, 1]),
 (16, [1075, 102, 0, 1, 0, 1041, 2025, 0, 1, 0, 2, 1, 0, 0, 0]),
 (16, [1263, 36, 1, 0, 1, 1221, 1151, 0, 0, 1, 0, 1, 2, 0, 0]),
 (16, [1450, 70, 1, 1, 0, 1778, 912, 1, 1, 2, 4, 1, 0, 2, 1]),
 (16, [1775, 62, 0, 1, 0, 1826, 833, 1, 1, 0, 3, 1, 2, 2, 2]),
 (16, [1789, 38, 1, 0, 1, 1806, 567, 0, 0, 2, 2, 0, 0, 0, 1]),
 (999, [528, 111, 1, 0, 1, 1325, 1394, 0, 1, 3, 0, 0, 2, 1, 2]),
 (999, [554, 25, 0, 0, 0, 1336, 1803, 1, 0, 3, 2, 0, 0, 0, 0]),
 (999, [663, 107, 1, 0, 0, 1530, 846, 0, 1, 3, 5, 0, 1, 2, 1]),
 (999, [678, 59, 0, 1, 0, 1275, 561, 1, 1, 1, 5, 1, 1, 2, 2]),
 (999, [708, 97, 1, 1, 1, 701, 1286, 0, 0, 0, 5, 1, 1, 2, 1]),
 (999, [754, 117, 0, 1, 1, 948, 1155, 0, 0, 0, 5, 0, 2, 2, 1]),
 (999, [769, 103, 0, 1, 0, 1787, 804, 0, 1, 3, 3, 0, 0, 0, 0]),
 (999, [807, 27, 1, 1, 1, 965, 616, 0, 1, 2, 5, 0, 1, 0, 2]),
 (999, [1098, 75, 0, 0, 1, 1819, 1851, 0, 0, 2, 5, 0, 2, 2, 1]),
 (999, [1132, 19, 0, 1, 0, 633, 1316, 0, 1, 3, 2, 1, 2, 1, 2]),
 (999, [1301, 20, 0, 0, 0, 558, 1085, 1, 1, 1, 5, 1, 0, 1, 1]),
 (999, [1477, 75, 0, 1, 0, 678, 824, 0, 1, 3, 1, 1, 2, 0, 0]),
 (999, [1563, 19, 0, 1, 1, 1878, 2005, 0, 0, 0, 5, 0, 1, 0, 2]),
 (999, [1724, 88, 0, 1, 1, 1693, 1235, 1, 1, 2, 5, 0, 0, 0, 0]),
 (999, [1768, 28, 1, 1, 0, 585, 1773, 0, 0, 3, 1, 0, 0, 2, 1]),
 (999, [1792, 101, 0, 1, 1, 1449, 1567, 1, 0, 3, 5, 1, 1, 2, 0]),
 (999, [1997, 43, 0, 0, 0, 1427, 1675, 0, 1, 3, 1, 1, 1, 1, 2])]
Selected
[(12, [698, 13, 1, 0, 0, 1422, 1771, 1, 0, 2, 0, 0, 2, 1, 0]),
 (16, [755, 35, 1, 1, 1, 1228, 521, 0, 1, 0, 0, 1, 2, 2, 2]),
 (12, [1195, 85, 0, 1, 0, 1950, 761, 0, 0, 2, 4, 0, 1, 2, 1]),
 (12, [1195, 85, 0, 1, 0, 1950, 761, 0, 0, 2, 4, 0, 1, 2, 1]),
 (12, [1715, 115, 1, 1, 1, 1916, 1700, 0, 1, 2, 2, 0, 2, 0, 2]),
 (12, [618, 46, 0, 0, 0, 1008, 1906, 0, 1, 1, 2, 1, 1, 0, 2]),
 (16, [755, 35, 1, 1, 1, 1228, 521, 0, 1, 0, 0, 1, 2, 2, 2]),
 (16, [1775, 62, 0, 1, 0, 1826, 833, 1, 1, 0, 3, 1, 2, 2, 2]),
 (12, [1195, 85, 0, 1, 0, 1950, 761, 0, 0, 2, 4, 0, 1, 2, 1]),
 (16, [1263, 36, 1, 0, 1, 1221, 1151, 0, 0, 1, 0, 1, 2, 0, 0]),
 (16, [804, 24, 1, 0, 0, 1500, 765, 0, 0, 2, 3, 0, 1, 0, 2]),
 (12, [698, 13, 1, 0, 0, 1422, 1771, 1, 0, 2, 0, 0, 2, 1, 0]),
 (12, [698, 13, 1, 0, 0, 1422, 1771, 1, 0, 2, 0, 0, 2, 1, 0]),
 (16, [854, 62, 1, 0, 1, 1138, 953, 1, 0, 1, 1, 0, 1, 2, 1]),
 (16, [804, 24, 1, 0, 0, 1500, 765, 0, 0, 2, 3, 0, 1, 0, 2]),
 (16, [804, 24, 1, 0, 0, 1500, 765, 0, 0, 2, 3, 0, 1, 0, 2]),
 (12, [618, 46, 0, 0, 0, 1008, 1906, 0, 1, 1, 2, 1, 1, 0, 2]),
 (12, [698, 13, 1, 0, 0, 1422, 1771, 1, 0, 2, 0, 0, 2, 1, 0]),
 (16, [748, 109, 0, 1, 1, 638, 871, 1, 0, 1, 0, 1, 2, 1, 1]),
 (12, [698, 13, 1, 0, 0, 1422, 1771, 1, 0, 2, 0, 0, 2, 1, 0]),
 (16, [748, 109, 0, 1, 1, 638, 871, 1, 0, 1, 0, 1, 2, 1, 1]),
 (16, [755, 35, 1, 1, 1, 1228, 521, 0, 1, 0, 0, 1, 2, 2, 2]),
 (16, [804, 24, 1, 0, 0, 1500, 765, 0, 0, 2, 3, 0, 1, 0, 2]),
 (16, [854, 62, 1, 0, 1, 1138, 953, 1, 0, 1, 1, 0, 1, 2, 1]),
 (12, [1195, 85, 0, 1, 0, 1950, 761, 0, 0, 2, 4, 0, 1, 2, 1]),
 (12, [618, 46, 0, 0, 0, 1008, 1906, 0, 1, 1, 2, 1, 1, 0, 2]),
 (12, [698, 13, 1, 0, 0, 1422, 1771, 1, 0, 2, 0, 0, 2, 1, 0])]
population
[(999, [1997, 43, 0, 0, 0, 1427, 1675, 0, 1, 3, 1, 1, 1, 1, 2]),
 (999, [1792, 101, 0, 1, 1, 1449, 1567, 1, 0, 3, 5, 1, 1, 2, 0]),
 (999, [1768, 28, 1, 1, 0, 585, 1773, 0, 0, 3, 1, 0, 0, 2, 1]),
 (999, [1724, 88, 0, 1, 1, 1693, 1235, 1, 1, 2, 5, 0, 0, 0, 0]),
 (999, [1563, 19, 0, 1, 1, 1878, 2005, 0, 0, 0, 5, 0, 1, 0, 2]),
 (999, [1477, 75, 0, 1, 0, 678, 824, 0, 1, 3, 1, 1, 2, 0, 0]),
 (999, [1301, 20, 0, 0, 0, 558, 1085, 1, 1, 1, 5, 1, 0, 1, 1]),
 (999, [1132, 19, 0, 1, 0, 633, 1316, 0, 1, 3, 2, 1, 2, 1, 2]),
 (999, [1098, 75, 0, 0, 1, 1819, 1851, 0, 0, 2, 5, 0, 2, 2, 1]),
 (999, [807, 27, 1, 1, 1, 965, 616, 0, 1, 2, 5, 0, 1, 0, 2]),
 (999, [769, 103, 0, 1, 0, 1787, 804, 0, 1, 3, 3, 0, 0, 0, 0]),
 (999, [754, 117, 0, 1, 1, 948, 1155, 0, 0, 0, 5, 0, 2, 2, 1]),
 (999, [708, 97, 1, 1, 1, 701, 1286, 0, 0, 0, 5, 1, 1, 2, 1]),
 (999, [678, 59, 0, 1, 0, 1275, 561, 1, 1, 1, 5, 1, 1, 2, 2]),
 (999, [663, 107, 1, 0, 0, 1530, 846, 0, 1, 3, 5, 0, 1, 2, 1]),
 (999, [554, 25, 0, 0, 0, 1336, 1803, 1, 0, 3, 2, 0, 0, 0, 0]),
 (999, [528, 111, 1, 0, 1, 1325, 1394, 0, 1, 3, 0, 0, 2, 1, 2]),
 (16, [1789, 38, 1, 0, 1, 1806, 567, 0, 0, 2, 2, 0, 0, 0, 1]),
 (16, [1775, 62, 0, 1, 0, 1826, 833, 1, 1, 0, 3, 1, 2, 2, 2]),
 (16, [1450, 70, 1, 1, 0, 1778, 912, 1, 1, 2, 4, 1, 0, 2, 1]),
 (16, [1263, 36, 1, 0, 1, 1221, 1151, 0, 0, 1, 0, 1, 2, 0, 0]),
 (16, [1075, 102, 0, 1, 0, 1041, 2025, 0, 1, 0, 2, 1, 0, 0, 0]),
 (16, [1035, 43, 0, 0, 1, 885, 1039, 1, 1, 0, 0, 0, 2, 2, 1]),
 (16, [914, 110, 1, 1, 0, 1844, 1987, 0, 1, 0, 2, 1, 1, 0, 1]),
 (16, [854, 62, 1, 0, 1, 1138, 953, 1, 0, 1, 1, 0, 1, 2, 1]),
 (16, [804, 24, 1, 0, 0, 1500, 765, 0, 0, 2, 3, 0, 1, 0, 2]),
 (16, [755, 35, 1, 1, 1, 1228, 521, 0, 1, 0, 0, 1, 2, 2, 2]),
 (16, [748, 109, 0, 1, 1, 638, 871, 1, 0, 1, 0, 1, 2, 1, 1]),
 (12, [1715, 115, 1, 1, 1, 1916, 1700, 0, 1, 2, 2, 0, 2, 0, 2]),
 (12, [1195, 85, 0, 1, 0, 1950, 761, 0, 0, 2, 4, 0, 1, 2, 1]),
 (12, [698, 13, 1, 0, 0, 1422, 1771, 1, 0, 2, 0, 0, 2, 1, 0]),
 (12, [618, 46, 0, 0, 0, 1008, 1906, 0, 1, 1, 2, 1, 1, 0, 2])]
scored
[(12, [618, 46, 0, 0, 0, 1008, 1906, 0, 1, 1, 2, 1, 1, 0, 2]),
 (12, [698, 13, 1, 0, 0, 1422, 1771, 1, 0, 2, 0, 0, 2, 1, 0]),
 (12, [1195, 85, 0, 1, 0, 1950, 761, 0, 0, 2, 4, 0, 1, 2, 1]),
 (12, [1715, 115, 1, 1, 1, 1916, 1700, 0, 1, 2, 2, 0, 2, 0, 2]),
 (16, [748, 109, 0, 1, 1, 638, 871, 1, 0, 1, 0, 1, 2, 1, 1]),
 (16, [755, 35, 1, 1, 1, 1228, 521, 0, 1, 0, 0, 1, 2, 2, 2]),
 (16, [804, 24, 1, 0, 0, 1500, 765, 0, 0, 2, 3, 0, 1, 0, 2]),
 (16, [854, 62, 1, 0, 1, 1138, 953, 1, 0, 1, 1, 0, 1, 2, 1]),
 (16, [914, 110, 1, 1, 0, 1844, 1987, 0, 1, 0, 2, 1, 1, 0, 1]),
 (16, [1035, 43, 0, 0, 1, 885, 1039, 1, 1, 0, 0, 0, 2, 2, 1]),
 (16, [1075, 102, 0, 1, 0, 1041, 2025, 0, 1, 0, 2, 1, 0, 0, 0]),
 (16, [1263, 36, 1, 0, 1, 1221, 1151, 0, 0, 1, 0, 1, 2, 0, 0]),
 (16, [1450, 70, 1, 1, 0, 1778, 912, 1, 1, 2, 4, 1, 0, 2, 1]),
 (16, [1775, 62, 0, 1, 0, 1826, 833, 1, 1, 0, 3, 1, 2, 2, 2]),
 (16, [1789, 38, 1, 0, 1, 1806, 567, 0, 0, 2, 2, 0, 0, 0, 1]),
 (999, [528, 111, 1, 0, 1, 1325, 1394, 0, 1, 3, 0, 0, 2, 1, 2]),
 (999, [554, 25, 0, 0, 0, 1336, 1803, 1, 0, 3, 2, 0, 0, 0, 0]),
 (999, [663, 107, 1, 0, 0, 1530, 846, 0, 1, 3, 5, 0, 1, 2, 1]),
 (999, [678, 59, 0, 1, 0, 1275, 561, 1, 1, 1, 5, 1, 1, 2, 2]),
 (999, [708, 97, 1, 1, 1, 701, 1286, 0, 0, 0, 5, 1, 1, 2, 1]),
 (999, [754, 117, 0, 1, 1, 948, 1155, 0, 0, 0, 5, 0, 2, 2, 1]),
 (999, [769, 103, 0, 1, 0, 1787, 804, 0, 1, 3, 3, 0, 0, 0, 0]),
 (999, [807, 27, 1, 1, 1, 965, 616, 0, 1, 2, 5, 0, 1, 0, 2]),
 (999, [1098, 75, 0, 0, 1, 1819, 1851, 0, 0, 2, 5, 0, 2, 2, 1]),
 (999, [1132, 19, 0, 1, 0, 633, 1316, 0, 1, 3, 2, 1, 2, 1, 2]),
 (999, [1301, 20, 0, 0, 0, 558, 1085, 1, 1, 1, 5, 1, 0, 1, 1]),
 (999, [1477, 75, 0, 1, 0, 678, 824, 0, 1, 3, 1, 1, 2, 0, 0]),
 (999, [1563, 19, 0, 1, 1, 1878, 2005, 0, 0, 0, 5, 0, 1, 0, 2]),
 (999, [1724, 88, 0, 1, 1, 1693, 1235, 1, 1, 2, 5, 0, 0, 0, 0]),
 (999, [1768, 28, 1, 1, 0, 585, 1773, 0, 0, 3, 1, 0, 0, 2, 1]),
 (999, [1792, 101, 0, 1, 1, 1449, 1567, 1, 0, 3, 5, 1, 1, 2, 0]),
 (999, [1997, 43, 0, 0, 0, 1427, 1675, 0, 1, 3, 1, 1, 1, 1, 2])]
Selected
[(16, [854, 62, 1, 0, 1, 1138, 953, 1, 0, 1, 1, 0, 1, 2, 1]),
 (12, [1195, 85, 0, 1, 0, 1950, 761, 0, 0, 2, 4, 0, 1, 2, 1]),
 (12, [618, 46, 0, 0, 0, 1008, 1906, 0, 1, 1, 2, 1, 1, 0, 2]),
 (16, [914, 110, 1, 1, 0, 1844, 1987, 0, 1, 0, 2, 1, 1, 0, 1]),
 (12, [698, 13, 1, 0, 0, 1422, 1771, 1, 0, 2, 0, 0, 2, 1, 0]),
 (16, [755, 35, 1, 1, 1, 1228, 521, 0, 1, 0, 0, 1, 2, 2, 2]),
 (16, [748, 109, 0, 1, 1, 638, 871, 1, 0, 1, 0, 1, 2, 1, 1]),
 (12, [618, 46, 0, 0, 0, 1008, 1906, 0, 1, 1, 2, 1, 1, 0, 2]),
 (16, [854, 62, 1, 0, 1, 1138, 953, 1, 0, 1, 1, 0, 1, 2, 1]),
 (12, [1715, 115, 1, 1, 1, 1916, 1700, 0, 1, 2, 2, 0, 2, 0, 2]),
 (16, [748, 109, 0, 1, 1, 638, 871, 1, 0, 1, 0, 1, 2, 1, 1]),
 (16, [854, 62, 1, 0, 1, 1138, 953, 1, 0, 1, 1, 0, 1, 2, 1]),
 (12, [618, 46, 0, 0, 0, 1008, 1906, 0, 1, 1, 2, 1, 1, 0, 2]),
 (16, [1035, 43, 0, 0, 1, 885, 1039, 1, 1, 0, 0, 0, 2, 2, 1]),
 (16, [748, 109, 0, 1, 1, 638, 871, 1, 0, 1, 0, 1, 2, 1, 1]),
 (12, [698, 13, 1, 0, 0, 1422, 1771, 1, 0, 2, 0, 0, 2, 1, 0]),
 (12, [1195, 85, 0, 1, 0, 1950, 761, 0, 0, 2, 4, 0, 1, 2, 1]),
 (16, [755, 35, 1, 1, 1, 1228, 521, 0, 1, 0, 0, 1, 2, 2, 2]),
 (16, [755, 35, 1, 1, 1, 1228, 521, 0, 1, 0, 0, 1, 2, 2, 2]),
 (16, [854, 62, 1, 0, 1, 1138, 953, 1, 0, 1, 1, 0, 1, 2, 1]),
 (16, [755, 35, 1, 1, 1, 1228, 521, 0, 1, 0, 0, 1, 2, 2, 2]),
 (12, [698, 13, 1, 0, 0, 1422, 1771, 1, 0, 2, 0, 0, 2, 1, 0]),
 (12, [1715, 115, 1, 1, 1, 1916, 1700, 0, 1, 2, 2, 0, 2, 0, 2]),
 (16, [755, 35, 1, 1, 1, 1228, 521, 0, 1, 0, 0, 1, 2, 2, 2]),
 (12, [698, 13, 1, 0, 0, 1422, 1771, 1, 0, 2, 0, 0, 2, 1, 0]),
 (16, [755, 35, 1, 1, 1, 1228, 521, 0, 1, 0, 0, 1, 2, 2, 2]),
 (16, [755, 35, 1, 1, 1, 1228, 521, 0, 1, 0, 0, 1, 2, 2, 2])]
population
[(999, [1997, 43, 0, 0, 0, 1427, 1675, 0, 1, 3, 1, 1, 1, 1, 2]),
 (999, [1792, 101, 0, 1, 1, 1449, 1567, 1, 0, 3, 5, 1, 1, 2, 0]),
 (999, [1768, 28, 1, 1, 0, 585, 1773, 0, 0, 3, 1, 0, 0, 2, 1]),
 (999, [1724, 88, 0, 1, 1, 1693, 1235, 1, 1, 2, 5, 0, 0, 0, 0]),
 (999, [1563, 19, 0, 1, 1, 1878, 2005, 0, 0, 0, 5, 0, 1, 0, 2]),
 (999, [1477, 75, 0, 1, 0, 678, 824, 0, 1, 3, 1, 1, 2, 0, 0]),
 (999, [1301, 20, 0, 0, 0, 558, 1085, 1, 1, 1, 5, 1, 0, 1, 1]),
 (999, [1132, 19, 0, 1, 0, 633, 1316, 0, 1, 3, 2, 1, 2, 1, 2]),
 (999, [1098, 75, 0, 0, 1, 1819, 1851, 0, 0, 2, 5, 0, 2, 2, 1]),
 (999, [807, 27, 1, 1, 1, 965, 616, 0, 1, 2, 5, 0, 1, 0, 2]),
 (999, [769, 103, 0, 1, 0, 1787, 804, 0, 1, 3, 3, 0, 0, 0, 0]),
 (999, [754, 117, 0, 1, 1, 948, 1155, 0, 0, 0, 5, 0, 2, 2, 1]),
 (999, [708, 97, 1, 1, 1, 701, 1286, 0, 0, 0, 5, 1, 1, 2, 1]),
 (999, [678, 59, 0, 1, 0, 1275, 561, 1, 1, 1, 5, 1, 1, 2, 2]),
 (999, [663, 107, 1, 0, 0, 1530, 846, 0, 1, 3, 5, 0, 1, 2, 1]),
 (999, [554, 25, 0, 0, 0, 1336, 1803, 1, 0, 3, 2, 0, 0, 0, 0]),
 (999, [528, 111, 1, 0, 1, 1325, 1394, 0, 1, 3, 0, 0, 2, 1, 2]),
 (16, [1789, 38, 1, 0, 1, 1806, 567, 0, 0, 2, 2, 0, 0, 0, 1]),
 (16, [1775, 62, 0, 1, 0, 1826, 833, 1, 1, 0, 3, 1, 2, 2, 2]),
 (16, [1450, 70, 1, 1, 0, 1778, 912, 1, 1, 2, 4, 1, 0, 2, 1]),
 (16, [1263, 36, 1, 0, 1, 1221, 1151, 0, 0, 1, 0, 1, 2, 0, 0]),
 (16, [1075, 102, 0, 1, 0, 1041, 2025, 0, 1, 0, 2, 1, 0, 0, 0]),
 (16, [1035, 43, 0, 0, 1, 885, 1039, 1, 1, 0, 0, 0, 2, 2, 1]),
 (16, [914, 110, 1, 1, 0, 1844, 1987, 0, 1, 0, 2, 1, 1, 0, 1]),
 (16, [854, 62, 1, 0, 1, 1138, 953, 1, 0, 1, 1, 0, 1, 2, 1]),
 (16, [804, 24, 1, 0, 0, 1500, 765, 0, 0, 2, 3, 0, 1, 0, 2]),
 (16, [755, 35, 1, 1, 1, 1228, 521, 0, 1, 0, 0, 1, 2, 2, 2]),
 (16, [748, 109, 0, 1, 1, 638, 871, 1, 0, 1, 0, 1, 2, 1, 1]),
 (12, [1715, 115, 1, 1, 1, 1916, 1700, 0, 1, 2, 2, 0, 2, 0, 2]),
 (12, [1195, 85, 0, 1, 0, 1950, 761, 0, 0, 2, 4, 0, 1, 2, 1]),
 (12, [698, 13, 1, 0, 0, 1422, 1771, 1, 0, 2, 0, 0, 2, 1, 0]),
 (12, [618, 46, 0, 0, 0, 1008, 1906, 0, 1, 1, 2, 1, 1, 0, 2])]
scored
[(12, [618, 46, 0, 0, 0, 1008, 1906, 0, 1, 1, 2, 1, 1, 0, 2]),
 (12, [698, 13, 1, 0, 0, 1422, 1771, 1, 0, 2, 0, 0, 2, 1, 0]),
 (12, [1195, 85, 0, 1, 0, 1950, 761, 0, 0, 2, 4, 0, 1, 2, 1]),
 (12, [1715, 115, 1, 1, 1, 1916, 1700, 0, 1, 2, 2, 0, 2, 0, 2]),
 (16, [748, 109, 0, 1, 1, 638, 871, 1, 0, 1, 0, 1, 2, 1, 1]),
 (16, [755, 35, 1, 1, 1, 1228, 521, 0, 1, 0, 0, 1, 2, 2, 2]),
 (16, [804, 24, 1, 0, 0, 1500, 765, 0, 0, 2, 3, 0, 1, 0, 2]),
 (16, [854, 62, 1, 0, 1, 1138, 953, 1, 0, 1, 1, 0, 1, 2, 1]),
 (16, [914, 110, 1, 1, 0, 1844, 1987, 0, 1, 0, 2, 1, 1, 0, 1]),
 (16, [1035, 43, 0, 0, 1, 885, 1039, 1, 1, 0, 0, 0, 2, 2, 1]),
 (16, [1075, 102, 0, 1, 0, 1041, 2025, 0, 1, 0, 2, 1, 0, 0, 0]),
 (16, [1263, 36, 1, 0, 1, 1221, 1151, 0, 0, 1, 0, 1, 2, 0, 0]),
 (16, [1450, 70, 1, 1, 0, 1778, 912, 1, 1, 2, 4, 1, 0, 2, 1]),
 (16, [1775, 62, 0, 1, 0, 1826, 833, 1, 1, 0, 3, 1, 2, 2, 2]),
 (16, [1789, 38, 1, 0, 1, 1806, 567, 0, 0, 2, 2, 0, 0, 0, 1]),
 (999, [528, 111, 1, 0, 1, 1325, 1394, 0, 1, 3, 0, 0, 2, 1, 2]),
 (999, [554, 25, 0, 0, 0, 1336, 1803, 1, 0, 3, 2, 0, 0, 0, 0]),
 (999, [663, 107, 1, 0, 0, 1530, 846, 0, 1, 3, 5, 0, 1, 2, 1]),
 (999, [678, 59, 0, 1, 0, 1275, 561, 1, 1, 1, 5, 1, 1, 2, 2]),
 (999, [708, 97, 1, 1, 1, 701, 1286, 0, 0, 0, 5, 1, 1, 2, 1]),
 (999, [754, 117, 0, 1, 1, 948, 1155, 0, 0, 0, 5, 0, 2, 2, 1]),
 (999, [769, 103, 0, 1, 0, 1787, 804, 0, 1, 3, 3, 0, 0, 0, 0]),
 (999, [807, 27, 1, 1, 1, 965, 616, 0, 1, 2, 5, 0, 1, 0, 2]),
 (999, [1098, 75, 0, 0, 1, 1819, 1851, 0, 0, 2, 5, 0, 2, 2, 1]),
 (999, [1132, 19, 0, 1, 0, 633, 1316, 0, 1, 3, 2, 1, 2, 1, 2]),
 (999, [1301, 20, 0, 0, 0, 558, 1085, 1, 1, 1, 5, 1, 0, 1, 1]),
 (999, [1477, 75, 0, 1, 0, 678, 824, 0, 1, 3, 1, 1, 2, 0, 0]),
 (999, [1563, 19, 0, 1, 1, 1878, 2005, 0, 0, 0, 5, 0, 1, 0, 2]),
 (999, [1724, 88, 0, 1, 1, 1693, 1235, 1, 1, 2, 5, 0, 0, 0, 0]),
 (999, [1768, 28, 1, 1, 0, 585, 1773, 0, 0, 3, 1, 0, 0, 2, 1]),
 (999, [1792, 101, 0, 1, 1, 1449, 1567, 1, 0, 3, 5, 1, 1, 2, 0]),
 (999, [1997, 43, 0, 0, 0, 1427, 1675, 0, 1, 3, 1, 1, 1, 1, 2])]
Selected
[(12, [698, 13, 1, 0, 0, 1422, 1771, 1, 0, 2, 0, 0, 2, 1, 0]),
 (12, [1195, 85, 0, 1, 0, 1950, 761, 0, 0, 2, 4, 0, 1, 2, 1]),
 (16, [1450, 70, 1, 1, 0, 1778, 912, 1, 1, 2, 4, 1, 0, 2, 1]),
 (12, [1715, 115, 1, 1, 1, 1916, 1700, 0, 1, 2, 2, 0, 2, 0, 2]),
 (12, [1195, 85, 0, 1, 0, 1950, 761, 0, 0, 2, 4, 0, 1, 2, 1]),
 (12, [1195, 85, 0, 1, 0, 1950, 761, 0, 0, 2, 4, 0, 1, 2, 1]),
 (12, [698, 13, 1, 0, 0, 1422, 1771, 1, 0, 2, 0, 0, 2, 1, 0]),
 (12, [618, 46, 0, 0, 0, 1008, 1906, 0, 1, 1, 2, 1, 1, 0, 2]),
 (16, [914, 110, 1, 1, 0, 1844, 1987, 0, 1, 0, 2, 1, 1, 0, 1]),
 (12, [1715, 115, 1, 1, 1, 1916, 1700, 0, 1, 2, 2, 0, 2, 0, 2]),
 (12, [1195, 85, 0, 1, 0, 1950, 761, 0, 0, 2, 4, 0, 1, 2, 1]),
 (16, [1075, 102, 0, 1, 0, 1041, 2025, 0, 1, 0, 2, 1, 0, 0, 0]),
 (16, [804, 24, 1, 0, 0, 1500, 765, 0, 0, 2, 3, 0, 1, 0, 2]),
 (12, [698, 13, 1, 0, 0, 1422, 1771, 1, 0, 2, 0, 0, 2, 1, 0]),
 (12, [698, 13, 1, 0, 0, 1422, 1771, 1, 0, 2, 0, 0, 2, 1, 0]),
 (12, [1195, 85, 0, 1, 0, 1950, 761, 0, 0, 2, 4, 0, 1, 2, 1]),
 (16, [1075, 102, 0, 1, 0, 1041, 2025, 0, 1, 0, 2, 1, 0, 0, 0]),
 (12, [1195, 85, 0, 1, 0, 1950, 761, 0, 0, 2, 4, 0, 1, 2, 1]),
 (16, [755, 35, 1, 1, 1, 1228, 521, 0, 1, 0, 0, 1, 2, 2, 2]),
 (12, [1195, 85, 0, 1, 0, 1950, 761, 0, 0, 2, 4, 0, 1, 2, 1]),
 (16, [1035, 43, 0, 0, 1, 885, 1039, 1, 1, 0, 0, 0, 2, 2, 1]),
 (12, [1195, 85, 0, 1, 0, 1950, 761, 0, 0, 2, 4, 0, 1, 2, 1]),
 (12, [1715, 115, 1, 1, 1, 1916, 1700, 0, 1, 2, 2, 0, 2, 0, 2]),
 (12, [698, 13, 1, 0, 0, 1422, 1771, 1, 0, 2, 0, 0, 2, 1, 0]),
 (12, [698, 13, 1, 0, 0, 1422, 1771, 1, 0, 2, 0, 0, 2, 1, 0]),
 (12, [1195, 85, 0, 1, 0, 1950, 761, 0, 0, 2, 4, 0, 1, 2, 1]),
 (16, [804, 24, 1, 0, 0, 1500, 765, 0, 0, 2, 3, 0, 1, 0, 2])]
population
[(999, [1997, 43, 0, 0, 0, 1427, 1675, 0, 1, 3, 1, 1, 1, 1, 2]),
 (999, [1792, 101, 0, 1, 1, 1449, 1567, 1, 0, 3, 5, 1, 1, 2, 0]),
 (999, [1768, 28, 1, 1, 0, 585, 1773, 0, 0, 3, 1, 0, 0, 2, 1]),
 (999, [1724, 88, 0, 1, 1, 1693, 1235, 1, 1, 2, 5, 0, 0, 0, 0]),
 (999, [1563, 19, 0, 1, 1, 1878, 2005, 0, 0, 0, 5, 0, 1, 0, 2]),
 (999, [1477, 75, 0, 1, 0, 678, 824, 0, 1, 3, 1, 1, 2, 0, 0]),
 (999, [1301, 20, 0, 0, 0, 558, 1085, 1, 1, 1, 5, 1, 0, 1, 1]),
 (999, [1132, 19, 0, 1, 0, 633, 1316, 0, 1, 3, 2, 1, 2, 1, 2]),
 (999, [1098, 75, 0, 0, 1, 1819, 1851, 0, 0, 2, 5, 0, 2, 2, 1]),
 (999, [807, 27, 1, 1, 1, 965, 616, 0, 1, 2, 5, 0, 1, 0, 2]),
 (999, [769, 103, 0, 1, 0, 1787, 804, 0, 1, 3, 3, 0, 0, 0, 0]),
 (999, [754, 117, 0, 1, 1, 948, 1155, 0, 0, 0, 5, 0, 2, 2, 1]),
 (999, [708, 97, 1, 1, 1, 701, 1286, 0, 0, 0, 5, 1, 1, 2, 1]),
 (999, [678, 59, 0, 1, 0, 1275, 561, 1, 1, 1, 5, 1, 1, 2, 2]),
 (999, [663, 107, 1, 0, 0, 1530, 846, 0, 1, 3, 5, 0, 1, 2, 1]),
 (999, [554, 25, 0, 0, 0, 1336, 1803, 1, 0, 3, 2, 0, 0, 0, 0]),
 (999, [528, 111, 1, 0, 1, 1325, 1394, 0, 1, 3, 0, 0, 2, 1, 2]),
 (16, [1789, 38, 1, 0, 1, 1806, 567, 0, 0, 2, 2, 0, 0, 0, 1]),
 (16, [1775, 62, 0, 1, 0, 1826, 833, 1, 1, 0, 3, 1, 2, 2, 2]),
 (16, [1450, 70, 1, 1, 0, 1778, 912, 1, 1, 2, 4, 1, 0, 2, 1]),
 (16, [1263, 36, 1, 0, 1, 1221, 1151, 0, 0, 1, 0, 1, 2, 0, 0]),
 (16, [1075, 102, 0, 1, 0, 1041, 2025, 0, 1, 0, 2, 1, 0, 0, 0]),
 (16, [1035, 43, 0, 0, 1, 885, 1039, 1, 1, 0, 0, 0, 2, 2, 1]),
 (16, [914, 110, 1, 1, 0, 1844, 1987, 0, 1, 0, 2, 1, 1, 0, 1]),
 (16, [854, 62, 1, 0, 1, 1138, 953, 1, 0, 1, 1, 0, 1, 2, 1]),
 (16, [804, 24, 1, 0, 0, 1500, 765, 0, 0, 2, 3, 0, 1, 0, 2]),
 (16, [755, 35, 1, 1, 1, 1228, 521, 0, 1, 0, 0, 1, 2, 2, 2]),
 (16, [748, 109, 0, 1, 1, 638, 871, 1, 0, 1, 0, 1, 2, 1, 1]),
 (12, [1715, 115, 1, 1, 1, 1916, 1700, 0, 1, 2, 2, 0, 2, 0, 2]),
 (12, [1195, 85, 0, 1, 0, 1950, 761, 0, 0, 2, 4, 0, 1, 2, 1]),
 (12, [698, 13, 1, 0, 0, 1422, 1771, 1, 0, 2, 0, 0, 2, 1, 0]),
 (12, [618, 46, 0, 0, 0, 1008, 1906, 0, 1, 1, 2, 1, 1, 0, 2])]
scored
[(12, [618, 46, 0, 0, 0, 1008, 1906, 0, 1, 1, 2, 1, 1, 0, 2]),
 (12, [698, 13, 1, 0, 0, 1422, 1771, 1, 0, 2, 0, 0, 2, 1, 0]),
 (12, [1195, 85, 0, 1, 0, 1950, 761, 0, 0, 2, 4, 0, 1, 2, 1]),
 (12, [1715, 115, 1, 1, 1, 1916, 1700, 0, 1, 2, 2, 0, 2, 0, 2]),
 (16, [748, 109, 0, 1, 1, 638, 871, 1, 0, 1, 0, 1, 2, 1, 1]),
 (16, [755, 35, 1, 1, 1, 1228, 521, 0, 1, 0, 0, 1, 2, 2, 2]),
 (16, [804, 24, 1, 0, 0, 1500, 765, 0, 0, 2, 3, 0, 1, 0, 2]),
 (16, [854, 62, 1, 0, 1, 1138, 953, 1, 0, 1, 1, 0, 1, 2, 1]),
 (16, [914, 110, 1, 1, 0, 1844, 1987, 0, 1, 0, 2, 1, 1, 0, 1]),
 (16, [1035, 43, 0, 0, 1, 885, 1039, 1, 1, 0, 0, 0, 2, 2, 1]),
 (16, [1075, 102, 0, 1, 0, 1041, 2025, 0, 1, 0, 2, 1, 0, 0, 0]),
 (16, [1263, 36, 1, 0, 1, 1221, 1151, 0, 0, 1, 0, 1, 2, 0, 0]),
 (16, [1450, 70, 1, 1, 0, 1778, 912, 1, 1, 2, 4, 1, 0, 2, 1]),
 (16, [1775, 62, 0, 1, 0, 1826, 833, 1, 1, 0, 3, 1, 2, 2, 2]),
 (16, [1789, 38, 1, 0, 1, 1806, 567, 0, 0, 2, 2, 0, 0, 0, 1]),
 (999, [528, 111, 1, 0, 1, 1325, 1394, 0, 1, 3, 0, 0, 2, 1, 2]),
 (999, [554, 25, 0, 0, 0, 1336, 1803, 1, 0, 3, 2, 0, 0, 0, 0]),
 (999, [663, 107, 1, 0, 0, 1530, 846, 0, 1, 3, 5, 0, 1, 2, 1]),
 (999, [678, 59, 0, 1, 0, 1275, 561, 1, 1, 1, 5, 1, 1, 2, 2]),
 (999, [708, 97, 1, 1, 1, 701, 1286, 0, 0, 0, 5, 1, 1, 2, 1]),
 (999, [754, 117, 0, 1, 1, 948, 1155, 0, 0, 0, 5, 0, 2, 2, 1]),
 (999, [769, 103, 0, 1, 0, 1787, 804, 0, 1, 3, 3, 0, 0, 0, 0]),
 (999, [807, 27, 1, 1, 1, 965, 616, 0, 1, 2, 5, 0, 1, 0, 2]),
 (999, [1098, 75, 0, 0, 1, 1819, 1851, 0, 0, 2, 5, 0, 2, 2, 1]),
 (999, [1132, 19, 0, 1, 0, 633, 1316, 0, 1, 3, 2, 1, 2, 1, 2]),
 (999, [1301, 20, 0, 0, 0, 558, 1085, 1, 1, 1, 5, 1, 0, 1, 1]),
 (999, [1477, 75, 0, 1, 0, 678, 824, 0, 1, 3, 1, 1, 2, 0, 0]),
 (999, [1563, 19, 0, 1, 1, 1878, 2005, 0, 0, 0, 5, 0, 1, 0, 2]),
 (999, [1724, 88, 0, 1, 1, 1693, 1235, 1, 1, 2, 5, 0, 0, 0, 0]),
 (999, [1768, 28, 1, 1, 0, 585, 1773, 0, 0, 3, 1, 0, 0, 2, 1]),
 (999, [1792, 101, 0, 1, 1, 1449, 1567, 1, 0, 3, 5, 1, 1, 2, 0]),
 (999, [1997, 43, 0, 0, 0, 1427, 1675, 0, 1, 3, 1, 1, 1, 1, 2])]
Selected
[(16, [854, 62, 1, 0, 1, 1138, 953, 1, 0, 1, 1, 0, 1, 2, 1]),
 (12, [698, 13, 1, 0, 0, 1422, 1771, 1, 0, 2, 0, 0, 2, 1, 0]),
 (12, [618, 46, 0, 0, 0, 1008, 1906, 0, 1, 1, 2, 1, 1, 0, 2]),
 (12, [618, 46, 0, 0, 0, 1008, 1906, 0, 1, 1, 2, 1, 1, 0, 2]),
 (12, [1715, 115, 1, 1, 1, 1916, 1700, 0, 1, 2, 2, 0, 2, 0, 2]),
 (16, [854, 62, 1, 0, 1, 1138, 953, 1, 0, 1, 1, 0, 1, 2, 1]),
 (12, [1195, 85, 0, 1, 0, 1950, 761, 0, 0, 2, 4, 0, 1, 2, 1]),
 (16, [854, 62, 1, 0, 1, 1138, 953, 1, 0, 1, 1, 0, 1, 2, 1]),
 (16, [755, 35, 1, 1, 1, 1228, 521, 0, 1, 0, 0, 1, 2, 2, 2]),
 (12, [1195, 85, 0, 1, 0, 1950, 761, 0, 0, 2, 4, 0, 1, 2, 1]),
 (12, [698, 13, 1, 0, 0, 1422, 1771, 1, 0, 2, 0, 0, 2, 1, 0]),
 (12, [618, 46, 0, 0, 0, 1008, 1906, 0, 1, 1, 2, 1, 1, 0, 2]),
 (12, [618, 46, 0, 0, 0, 1008, 1906, 0, 1, 1, 2, 1, 1, 0, 2]),
 (12, [618, 46, 0, 0, 0, 1008, 1906, 0, 1, 1, 2, 1, 1, 0, 2]),
 (16, [914, 110, 1, 1, 0, 1844, 1987, 0, 1, 0, 2, 1, 1, 0, 1]),
 (16, [755, 35, 1, 1, 1, 1228, 521, 0, 1, 0, 0, 1, 2, 2, 2]),
 (16, [914, 110, 1, 1, 0, 1844, 1987, 0, 1, 0, 2, 1, 1, 0, 1]),
 (16, [748, 109, 0, 1, 1, 638, 871, 1, 0, 1, 0, 1, 2, 1, 1]),
 (12, [1195, 85, 0, 1, 0, 1950, 761, 0, 0, 2, 4, 0, 1, 2, 1]),
 (16, [804, 24, 1, 0, 0, 1500, 765, 0, 0, 2, 3, 0, 1, 0, 2]),
 (16, [1035, 43, 0, 0, 1, 885, 1039, 1, 1, 0, 0, 0, 2, 2, 1]),
 (12, [618, 46, 0, 0, 0, 1008, 1906, 0, 1, 1, 2, 1, 1, 0, 2]),
 (12, [1715, 115, 1, 1, 1, 1916, 1700, 0, 1, 2, 2, 0, 2, 0, 2]),
 (999, [554, 25, 0, 0, 0, 1336, 1803, 1, 0, 3, 2, 0, 0, 0, 0]),
 (16, [1075, 102, 0, 1, 0, 1041, 2025, 0, 1, 0, 2, 1, 0, 0, 0]),
 (12, [618, 46, 0, 0, 0, 1008, 1906, 0, 1, 1, 2, 1, 1, 0, 2]),
 (16, [1075, 102, 0, 1, 0, 1041, 2025, 0, 1, 0, 2, 1, 0, 0, 0])]
population
[(999, [1997, 43, 0, 0, 0, 1427, 1675, 0, 1, 3, 1, 1, 1, 1, 2]),
 (999, [1792, 101, 0, 1, 1, 1449, 1567, 1, 0, 3, 5, 1, 1, 2, 0]),
 (999, [1768, 28, 1, 1, 0, 585, 1773, 0, 0, 3, 1, 0, 0, 2, 1]),
 (999, [1724, 88, 0, 1, 1, 1693, 1235, 1, 1, 2, 5, 0, 0, 0, 0]),
 (999, [1563, 19, 0, 1, 1, 1878, 2005, 0, 0, 0, 5, 0, 1, 0, 2]),
 (999, [1477, 75, 0, 1, 0, 678, 824, 0, 1, 3, 1, 1, 2, 0, 0]),
 (999, [1301, 20, 0, 0, 0, 558, 1085, 1, 1, 1, 5, 1, 0, 1, 1]),
 (999, [1132, 19, 0, 1, 0, 633, 1316, 0, 1, 3, 2, 1, 2, 1, 2]),
 (999, [1098, 75, 0, 0, 1, 1819, 1851, 0, 0, 2, 5, 0, 2, 2, 1]),
 (999, [807, 27, 1, 1, 1, 965, 616, 0, 1, 2, 5, 0, 1, 0, 2]),
 (999, [769, 103, 0, 1, 0, 1787, 804, 0, 1, 3, 3, 0, 0, 0, 0]),
 (999, [754, 117, 0, 1, 1, 948, 1155, 0, 0, 0, 5, 0, 2, 2, 1]),
 (999, [708, 97, 1, 1, 1, 701, 1286, 0, 0, 0, 5, 1, 1, 2, 1]),
 (999, [678, 59, 0, 1, 0, 1275, 561, 1, 1, 1, 5, 1, 1, 2, 2]),
 (999, [663, 107, 1, 0, 0, 1530, 846, 0, 1, 3, 5, 0, 1, 2, 1]),
 (999, [554, 25, 0, 0, 0, 1336, 1803, 1, 0, 3, 2, 0, 0, 0, 0]),
 (999, [528, 111, 1, 0, 1, 1325, 1394, 0, 1, 3, 0, 0, 2, 1, 2]),
 (16, [1789, 38, 1, 0, 1, 1806, 567, 0, 0, 2, 2, 0, 0, 0, 1]),
 (16, [1775, 62, 0, 1, 0, 1826, 833, 1, 1, 0, 3, 1, 2, 2, 2]),
 (16, [1450, 70, 1, 1, 0, 1778, 912, 1, 1, 2, 4, 1, 0, 2, 1]),
 (16, [1263, 36, 1, 0, 1, 1221, 1151, 0, 0, 1, 0, 1, 2, 0, 0]),
 (16, [1075, 102, 0, 1, 0, 1041, 2025, 0, 1, 0, 2, 1, 0, 0, 0]),
 (16, [1035, 43, 0, 0, 1, 885, 1039, 1, 1, 0, 0, 0, 2, 2, 1]),
 (16, [914, 110, 1, 1, 0, 1844, 1987, 0, 1, 0, 2, 1, 1, 0, 1]),
 (16, [854, 62, 1, 0, 1, 1138, 953, 1, 0, 1, 1, 0, 1, 2, 1]),
 (16, [804, 24, 1, 0, 0, 1500, 765, 0, 0, 2, 3, 0, 1, 0, 2]),
 (16, [755, 35, 1, 1, 1, 1228, 521, 0, 1, 0, 0, 1, 2, 2, 2]),
 (16, [748, 109, 0, 1, 1, 638, 871, 1, 0, 1, 0, 1, 2, 1, 1]),
 (12, [1715, 115, 1, 1, 1, 1916, 1700, 0, 1, 2, 2, 0, 2, 0, 2]),
 (12, [1195, 85, 0, 1, 0, 1950, 761, 0, 0, 2, 4, 0, 1, 2, 1]),
 (12, [698, 13, 1, 0, 0, 1422, 1771, 1, 0, 2, 0, 0, 2, 1, 0]),
 (12, [618, 46, 0, 0, 0, 1008, 1906, 0, 1, 1, 2, 1, 1, 0, 2])]
scored
[(12, [618, 46, 0, 0, 0, 1008, 1906, 0, 1, 1, 2, 1, 1, 0, 2]),
 (12, [698, 13, 1, 0, 0, 1422, 1771, 1, 0, 2, 0, 0, 2, 1, 0]),
 (12, [1195, 85, 0, 1, 0, 1950, 761, 0, 0, 2, 4, 0, 1, 2, 1]),
 (12, [1715, 115, 1, 1, 1, 1916, 1700, 0, 1, 2, 2, 0, 2, 0, 2]),
 (16, [748, 109, 0, 1, 1, 638, 871, 1, 0, 1, 0, 1, 2, 1, 1]),
 (16, [755, 35, 1, 1, 1, 1228, 521, 0, 1, 0, 0, 1, 2, 2, 2]),
 (16, [804, 24, 1, 0, 0, 1500, 765, 0, 0, 2, 3, 0, 1, 0, 2]),
 (16, [854, 62, 1, 0, 1, 1138, 953, 1, 0, 1, 1, 0, 1, 2, 1]),
 (16, [914, 110, 1, 1, 0, 1844, 1987, 0, 1, 0, 2, 1, 1, 0, 1]),
 (16, [1035, 43, 0, 0, 1, 885, 1039, 1, 1, 0, 0, 0, 2, 2, 1]),
 (16, [1075, 102, 0, 1, 0, 1041, 2025, 0, 1, 0, 2, 1, 0, 0, 0]),
 (16, [1263, 36, 1, 0, 1, 1221, 1151, 0, 0, 1, 0, 1, 2, 0, 0]),
 (16, [1450, 70, 1, 1, 0, 1778, 912, 1, 1, 2, 4, 1, 0, 2, 1]),
 (16, [1775, 62, 0, 1, 0, 1826, 833, 1, 1, 0, 3, 1, 2, 2, 2]),
 (16, [1789, 38, 1, 0, 1, 1806, 567, 0, 0, 2, 2, 0, 0, 0, 1]),
 (999, [528, 111, 1, 0, 1, 1325, 1394, 0, 1, 3, 0, 0, 2, 1, 2]),
 (999, [554, 25, 0, 0, 0, 1336, 1803, 1, 0, 3, 2, 0, 0, 0, 0]),
 (999, [663, 107, 1, 0, 0, 1530, 846, 0, 1, 3, 5, 0, 1, 2, 1]),
 (999, [678, 59, 0, 1, 0, 1275, 561, 1, 1, 1, 5, 1, 1, 2, 2]),
 (999, [708, 97, 1, 1, 1, 701, 1286, 0, 0, 0, 5, 1, 1, 2, 1]),
 (999, [754, 117, 0, 1, 1, 948, 1155, 0, 0, 0, 5, 0, 2, 2, 1]),
 (999, [769, 103, 0, 1, 0, 1787, 804, 0, 1, 3, 3, 0, 0, 0, 0]),
 (999, [807, 27, 1, 1, 1, 965, 616, 0, 1, 2, 5, 0, 1, 0, 2]),
 (999, [1098, 75, 0, 0, 1, 1819, 1851, 0, 0, 2, 5, 0, 2, 2, 1]),
 (999, [1132, 19, 0, 1, 0, 633, 1316, 0, 1, 3, 2, 1, 2, 1, 2]),
 (999, [1301, 20, 0, 0, 0, 558, 1085, 1, 1, 1, 5, 1, 0, 1, 1]),
 (999, [1477, 75, 0, 1, 0, 678, 824, 0, 1, 3, 1, 1, 2, 0, 0]),
 (999, [1563, 19, 0, 1, 1, 1878, 2005, 0, 0, 0, 5, 0, 1, 0, 2]),
 (999, [1724, 88, 0, 1, 1, 1693, 1235, 1, 1, 2, 5, 0, 0, 0, 0]),
 (999, [1768, 28, 1, 1, 0, 585, 1773, 0, 0, 3, 1, 0, 0, 2, 1]),
 (999, [1792, 101, 0, 1, 1, 1449, 1567, 1, 0, 3, 5, 1, 1, 2, 0]),
 (999, [1997, 43, 0, 0, 0, 1427, 1675, 0, 1, 3, 1, 1, 1, 1, 2])]
Selected
[(16, [1035, 43, 0, 0, 1, 885, 1039, 1, 1, 0, 0, 0, 2, 2, 1]),
 (16, [804, 24, 1, 0, 0, 1500, 765, 0, 0, 2, 3, 0, 1, 0, 2]),
 (16, [755, 35, 1, 1, 1, 1228, 521, 0, 1, 0, 0, 1, 2, 2, 2]),
 (12, [1715, 115, 1, 1, 1, 1916, 1700, 0, 1, 2, 2, 0, 2, 0, 2]),
 (999, [528, 111, 1, 0, 1, 1325, 1394, 0, 1, 3, 0, 0, 2, 1, 2]),
 (12, [1195, 85, 0, 1, 0, 1950, 761, 0, 0, 2, 4, 0, 1, 2, 1]),
 (12, [1195, 85, 0, 1, 0, 1950, 761, 0, 0, 2, 4, 0, 1, 2, 1]),
 (16, [748, 109, 0, 1, 1, 638, 871, 1, 0, 1, 0, 1, 2, 1, 1]),
 (12, [1195, 85, 0, 1, 0, 1950, 761, 0, 0, 2, 4, 0, 1, 2, 1]),
 (12, [618, 46, 0, 0, 0, 1008, 1906, 0, 1, 1, 2, 1, 1, 0, 2]),
 (16, [914, 110, 1, 1, 0, 1844, 1987, 0, 1, 0, 2, 1, 1, 0, 1]),
 (16, [748, 109, 0, 1, 1, 638, 871, 1, 0, 1, 0, 1, 2, 1, 1]),
 (12, [618, 46, 0, 0, 0, 1008, 1906, 0, 1, 1, 2, 1, 1, 0, 2]),
 (16, [1775, 62, 0, 1, 0, 1826, 833, 1, 1, 0, 3, 1, 2, 2, 2]),
 (12, [1715, 115, 1, 1, 1, 1916, 1700, 0, 1, 2, 2, 0, 2, 0, 2]),
 (16, [914, 110, 1, 1, 0, 1844, 1987, 0, 1, 0, 2, 1, 1, 0, 1]),
 (12, [1715, 115, 1, 1, 1, 1916, 1700, 0, 1, 2, 2, 0, 2, 0, 2]),
 (999, [528, 111, 1, 0, 1, 1325, 1394, 0, 1, 3, 0, 0, 2, 1, 2]),
 (16, [1775, 62, 0, 1, 0, 1826, 833, 1, 1, 0, 3, 1, 2, 2, 2]),
 (12, [618, 46, 0, 0, 0, 1008, 1906, 0, 1, 1, 2, 1, 1, 0, 2]),
 (12, [698, 13, 1, 0, 0, 1422, 1771, 1, 0, 2, 0, 0, 2, 1, 0]),
 (16, [854, 62, 1, 0, 1, 1138, 953, 1, 0, 1, 1, 0, 1, 2, 1]),
 (999, [663, 107, 1, 0, 0, 1530, 846, 0, 1, 3, 5, 0, 1, 2, 1]),
 (12, [1195, 85, 0, 1, 0, 1950, 761, 0, 0, 2, 4, 0, 1, 2, 1]),
 (16, [804, 24, 1, 0, 0, 1500, 765, 0, 0, 2, 3, 0, 1, 0, 2]),
 (12, [698, 13, 1, 0, 0, 1422, 1771, 1, 0, 2, 0, 0, 2, 1, 0]),
 (16, [914, 110, 1, 1, 0, 1844, 1987, 0, 1, 0, 2, 1, 1, 0, 1])]
population
[(999, [1997, 43, 0, 0, 0, 1427, 1675, 0, 1, 3, 1, 1, 1, 1, 2]),
 (999, [1792, 101, 0, 1, 1, 1449, 1567, 1, 0, 3, 5, 1, 1, 2, 0]),
 (999, [1768, 28, 1, 1, 0, 585, 1773, 0, 0, 3, 1, 0, 0, 2, 1]),
 (999, [1724, 88, 0, 1, 1, 1693, 1235, 1, 1, 2, 5, 0, 0, 0, 0]),
 (999, [1563, 19, 0, 1, 1, 1878, 2005, 0, 0, 0, 5, 0, 1, 0, 2]),
 (999, [1477, 75, 0, 1, 0, 678, 824, 0, 1, 3, 1, 1, 2, 0, 0]),
 (999, [1301, 20, 0, 0, 0, 558, 1085, 1, 1, 1, 5, 1, 0, 1, 1]),
 (999, [1132, 19, 0, 1, 0, 633, 1316, 0, 1, 3, 2, 1, 2, 1, 2]),
 (999, [1098, 75, 0, 0, 1, 1819, 1851, 0, 0, 2, 5, 0, 2, 2, 1]),
 (999, [807, 27, 1, 1, 1, 965, 616, 0, 1, 2, 5, 0, 1, 0, 2]),
 (999, [769, 103, 0, 1, 0, 1787, 804, 0, 1, 3, 3, 0, 0, 0, 0]),
 (999, [754, 117, 0, 1, 1, 948, 1155, 0, 0, 0, 5, 0, 2, 2, 1]),
 (999, [708, 97, 1, 1, 1, 701, 1286, 0, 0, 0, 5, 1, 1, 2, 1]),
 (999, [678, 59, 0, 1, 0, 1275, 561, 1, 1, 1, 5, 1, 1, 2, 2]),
 (999, [663, 107, 1, 0, 0, 1530, 846, 0, 1, 3, 5, 0, 1, 2, 1]),
 (999, [554, 25, 0, 0, 0, 1336, 1803, 1, 0, 3, 2, 0, 0, 0, 0]),
 (999, [528, 111, 1, 0, 1, 1325, 1394, 0, 1, 3, 0, 0, 2, 1, 2]),
 (16, [1789, 38, 1, 0, 1, 1806, 567, 0, 0, 2, 2, 0, 0, 0, 1]),
 (16, [1775, 62, 0, 1, 0, 1826, 833, 1, 1, 0, 3, 1, 2, 2, 2]),
 (16, [1450, 70, 1, 1, 0, 1778, 912, 1, 1, 2, 4, 1, 0, 2, 1]),
 (16, [1263, 36, 1, 0, 1, 1221, 1151, 0, 0, 1, 0, 1, 2, 0, 0]),
 (16, [1075, 102, 0, 1, 0, 1041, 2025, 0, 1, 0, 2, 1, 0, 0, 0]),
 (16, [1035, 43, 0, 0, 1, 885, 1039, 1, 1, 0, 0, 0, 2, 2, 1]),
 (16, [914, 110, 1, 1, 0, 1844, 1987, 0, 1, 0, 2, 1, 1, 0, 1]),
 (16, [854, 62, 1, 0, 1, 1138, 953, 1, 0, 1, 1, 0, 1, 2, 1]),
 (16, [804, 24, 1, 0, 0, 1500, 765, 0, 0, 2, 3, 0, 1, 0, 2]),
 (16, [755, 35, 1, 1, 1, 1228, 521, 0, 1, 0, 0, 1, 2, 2, 2]),
 (16, [748, 109, 0, 1, 1, 638, 871, 1, 0, 1, 0, 1, 2, 1, 1]),
 (12, [1715, 115, 1, 1, 1, 1916, 1700, 0, 1, 2, 2, 0, 2, 0, 2]),
 (12, [1195, 85, 0, 1, 0, 1950, 761, 0, 0, 2, 4, 0, 1, 2, 1]),
 (12, [698, 13, 1, 0, 0, 1422, 1771, 1, 0, 2, 0, 0, 2, 1, 0]),
 (12, [618, 46, 0, 0, 0, 1008, 1906, 0, 1, 1, 2, 1, 1, 0, 2])]
scored
[(12, [618, 46, 0, 0, 0, 1008, 1906, 0, 1, 1, 2, 1, 1, 0, 2]),
 (12, [698, 13, 1, 0, 0, 1422, 1771, 1, 0, 2, 0, 0, 2, 1, 0]),
 (12, [1195, 85, 0, 1, 0, 1950, 761, 0, 0, 2, 4, 0, 1, 2, 1]),
 (12, [1715, 115, 1, 1, 1, 1916, 1700, 0, 1, 2, 2, 0, 2, 0, 2]),
 (16, [748, 109, 0, 1, 1, 638, 871, 1, 0, 1, 0, 1, 2, 1, 1]),
 (16, [755, 35, 1, 1, 1, 1228, 521, 0, 1, 0, 0, 1, 2, 2, 2]),
 (16, [804, 24, 1, 0, 0, 1500, 765, 0, 0, 2, 3, 0, 1, 0, 2]),
 (16, [854, 62, 1, 0, 1, 1138, 953, 1, 0, 1, 1, 0, 1, 2, 1]),
 (16, [914, 110, 1, 1, 0, 1844, 1987, 0, 1, 0, 2, 1, 1, 0, 1]),
 (16, [1035, 43, 0, 0, 1, 885, 1039, 1, 1, 0, 0, 0, 2, 2, 1]),
 (16, [1075, 102, 0, 1, 0, 1041, 2025, 0, 1, 0, 2, 1, 0, 0, 0]),
 (16, [1263, 36, 1, 0, 1, 1221, 1151, 0, 0, 1, 0, 1, 2, 0, 0]),
 (16, [1450, 70, 1, 1, 0, 1778, 912, 1, 1, 2, 4, 1, 0, 2, 1]),
 (16, [1775, 62, 0, 1, 0, 1826, 833, 1, 1, 0, 3, 1, 2, 2, 2]),
 (16, [1789, 38, 1, 0, 1, 1806, 567, 0, 0, 2, 2, 0, 0, 0, 1]),
 (999, [528, 111, 1, 0, 1, 1325, 1394, 0, 1, 3, 0, 0, 2, 1, 2]),
 (999, [554, 25, 0, 0, 0, 1336, 1803, 1, 0, 3, 2, 0, 0, 0, 0]),
 (999, [663, 107, 1, 0, 0, 1530, 846, 0, 1, 3, 5, 0, 1, 2, 1]),
 (999, [678, 59, 0, 1, 0, 1275, 561, 1, 1, 1, 5, 1, 1, 2, 2]),
 (999, [708, 97, 1, 1, 1, 701, 1286, 0, 0, 0, 5, 1, 1, 2, 1]),
 (999, [754, 117, 0, 1, 1, 948, 1155, 0, 0, 0, 5, 0, 2, 2, 1]),
 (999, [769, 103, 0, 1, 0, 1787, 804, 0, 1, 3, 3, 0, 0, 0, 0]),
 (999, [807, 27, 1, 1, 1, 965, 616, 0, 1, 2, 5, 0, 1, 0, 2]),
 (999, [1098, 75, 0, 0, 1, 1819, 1851, 0, 0, 2, 5, 0, 2, 2, 1]),
 (999, [1132, 19, 0, 1, 0, 633, 1316, 0, 1, 3, 2, 1, 2, 1, 2]),
 (999, [1301, 20, 0, 0, 0, 558, 1085, 1, 1, 1, 5, 1, 0, 1, 1]),
 (999, [1477, 75, 0, 1, 0, 678, 824, 0, 1, 3, 1, 1, 2, 0, 0]),
 (999, [1563, 19, 0, 1, 1, 1878, 2005, 0, 0, 0, 5, 0, 1, 0, 2]),
 (999, [1724, 88, 0, 1, 1, 1693, 1235, 1, 1, 2, 5, 0, 0, 0, 0]),
 (999, [1768, 28, 1, 1, 0, 585, 1773, 0, 0, 3, 1, 0, 0, 2, 1]),
 (999, [1792, 101, 0, 1, 1, 1449, 1567, 1, 0, 3, 5, 1, 1, 2, 0]),
 (999, [1997, 43, 0, 0, 0, 1427, 1675, 0, 1, 3, 1, 1, 1, 1, 2])]
Selected
[(12, [1715, 115, 1, 1, 1, 1916, 1700, 0, 1, 2, 2, 0, 2, 0, 2]),
 (16, [748, 109, 0, 1, 1, 638, 871, 1, 0, 1, 0, 1, 2, 1, 1]),
 (16, [755, 35, 1, 1, 1, 1228, 521, 0, 1, 0, 0, 1, 2, 2, 2]),
 (16, [804, 24, 1, 0, 0, 1500, 765, 0, 0, 2, 3, 0, 1, 0, 2]),
 (12, [1195, 85, 0, 1, 0, 1950, 761, 0, 0, 2, 4, 0, 1, 2, 1]),
 (12, [698, 13, 1, 0, 0, 1422, 1771, 1, 0, 2, 0, 0, 2, 1, 0]),
 (16, [804, 24, 1, 0, 0, 1500, 765, 0, 0, 2, 3, 0, 1, 0, 2]),
 (16, [914, 110, 1, 1, 0, 1844, 1987, 0, 1, 0, 2, 1, 1, 0, 1]),
 (12, [698, 13, 1, 0, 0, 1422, 1771, 1, 0, 2, 0, 0, 2, 1, 0]),
 (16, [755, 35, 1, 1, 1, 1228, 521, 0, 1, 0, 0, 1, 2, 2, 2]),
 (12, [1715, 115, 1, 1, 1, 1916, 1700, 0, 1, 2, 2, 0, 2, 0, 2]),
 (12, [1715, 115, 1, 1, 1, 1916, 1700, 0, 1, 2, 2, 0, 2, 0, 2]),
 (16, [804, 24, 1, 0, 0, 1500, 765, 0, 0, 2, 3, 0, 1, 0, 2]),
 (999, [708, 97, 1, 1, 1, 701, 1286, 0, 0, 0, 5, 1, 1, 2, 1]),
 (12, [1715, 115, 1, 1, 1, 1916, 1700, 0, 1, 2, 2, 0, 2, 0, 2]),
 (12, [1715, 115, 1, 1, 1, 1916, 1700, 0, 1, 2, 2, 0, 2, 0, 2]),
 (12, [1195, 85, 0, 1, 0, 1950, 761, 0, 0, 2, 4, 0, 1, 2, 1]),
 (12, [618, 46, 0, 0, 0, 1008, 1906, 0, 1, 1, 2, 1, 1, 0, 2]),
 (16, [748, 109, 0, 1, 1, 638, 871, 1, 0, 1, 0, 1, 2, 1, 1]),
 (16, [1775, 62, 0, 1, 0, 1826, 833, 1, 1, 0, 3, 1, 2, 2, 2]),
 (12, [618, 46, 0, 0, 0, 1008, 1906, 0, 1, 1, 2, 1, 1, 0, 2]),
 (12, [1195, 85, 0, 1, 0, 1950, 761, 0, 0, 2, 4, 0, 1, 2, 1]),
 (12, [1715, 115, 1, 1, 1, 1916, 1700, 0, 1, 2, 2, 0, 2, 0, 2]),
 (12, [618, 46, 0, 0, 0, 1008, 1906, 0, 1, 1, 2, 1, 1, 0, 2]),
 (16, [854, 62, 1, 0, 1, 1138, 953, 1, 0, 1, 1, 0, 1, 2, 1]),
 (12, [1715, 115, 1, 1, 1, 1916, 1700, 0, 1, 2, 2, 0, 2, 0, 2]),
 (16, [748, 109, 0, 1, 1, 638, 871, 1, 0, 1, 0, 1, 2, 1, 1])]
population
[(999, [1997, 43, 0, 0, 0, 1427, 1675, 0, 1, 3, 1, 1, 1, 1, 2]),
 (999, [1792, 101, 0, 1, 1, 1449, 1567, 1, 0, 3, 5, 1, 1, 2, 0]),
 (999, [1768, 28, 1, 1, 0, 585, 1773, 0, 0, 3, 1, 0, 0, 2, 1]),
 (999, [1724, 88, 0, 1, 1, 1693, 1235, 1, 1, 2, 5, 0, 0, 0, 0]),
 (999, [1563, 19, 0, 1, 1, 1878, 2005, 0, 0, 0, 5, 0, 1, 0, 2]),
 (999, [1477, 75, 0, 1, 0, 678, 824, 0, 1, 3, 1, 1, 2, 0, 0]),
 (999, [1301, 20, 0, 0, 0, 558, 1085, 1, 1, 1, 5, 1, 0, 1, 1]),
 (999, [1132, 19, 0, 1, 0, 633, 1316, 0, 1, 3, 2, 1, 2, 1, 2]),
 (999, [1098, 75, 0, 0, 1, 1819, 1851, 0, 0, 2, 5, 0, 2, 2, 1]),
 (999, [807, 27, 1, 1, 1, 965, 616, 0, 1, 2, 5, 0, 1, 0, 2]),
 (999, [769, 103, 0, 1, 0, 1787, 804, 0, 1, 3, 3, 0, 0, 0, 0]),
 (999, [754, 117, 0, 1, 1, 948, 1155, 0, 0, 0, 5, 0, 2, 2, 1]),
 (999, [708, 97, 1, 1, 1, 701, 1286, 0, 0, 0, 5, 1, 1, 2, 1]),
 (999, [678, 59, 0, 1, 0, 1275, 561, 1, 1, 1, 5, 1, 1, 2, 2]),
 (999, [663, 107, 1, 0, 0, 1530, 846, 0, 1, 3, 5, 0, 1, 2, 1]),
 (999, [554, 25, 0, 0, 0, 1336, 1803, 1, 0, 3, 2, 0, 0, 0, 0]),
 (999, [528, 111, 1, 0, 1, 1325, 1394, 0, 1, 3, 0, 0, 2, 1, 2]),
 (16, [1789, 38, 1, 0, 1, 1806, 567, 0, 0, 2, 2, 0, 0, 0, 1]),
 (16, [1775, 62, 0, 1, 0, 1826, 833, 1, 1, 0, 3, 1, 2, 2, 2]),
 (16, [1450, 70, 1, 1, 0, 1778, 912, 1, 1, 2, 4, 1, 0, 2, 1]),
 (16, [1263, 36, 1, 0, 1, 1221, 1151, 0, 0, 1, 0, 1, 2, 0, 0]),
 (16, [1075, 102, 0, 1, 0, 1041, 2025, 0, 1, 0, 2, 1, 0, 0, 0]),
 (16, [1035, 43, 0, 0, 1, 885, 1039, 1, 1, 0, 0, 0, 2, 2, 1]),
 (16, [914, 110, 1, 1, 0, 1844, 1987, 0, 1, 0, 2, 1, 1, 0, 1]),
 (16, [854, 62, 1, 0, 1, 1138, 953, 1, 0, 1, 1, 0, 1, 2, 1]),
 (16, [804, 24, 1, 0, 0, 1500, 765, 0, 0, 2, 3, 0, 1, 0, 2]),
 (16, [755, 35, 1, 1, 1, 1228, 521, 0, 1, 0, 0, 1, 2, 2, 2]),
 (16, [748, 109, 0, 1, 1, 638, 871, 1, 0, 1, 0, 1, 2, 1, 1]),
 (12, [1715, 115, 1, 1, 1, 1916, 1700, 0, 1, 2, 2, 0, 2, 0, 2]),
 (12, [1195, 85, 0, 1, 0, 1950, 761, 0, 0, 2, 4, 0, 1, 2, 1]),
 (12, [698, 13, 1, 0, 0, 1422, 1771, 1, 0, 2, 0, 0, 2, 1, 0]),
 (12, [618, 46, 0, 0, 0, 1008, 1906, 0, 1, 1, 2, 1, 1, 0, 2])]
scored
[(12, [618, 46, 0, 0, 0, 1008, 1906, 0, 1, 1, 2, 1, 1, 0, 2]),
 (12, [698, 13, 1, 0, 0, 1422, 1771, 1, 0, 2, 0, 0, 2, 1, 0]),
 (12, [1195, 85, 0, 1, 0, 1950, 761, 0, 0, 2, 4, 0, 1, 2, 1]),
 (12, [1715, 115, 1, 1, 1, 1916, 1700, 0, 1, 2, 2, 0, 2, 0, 2]),
 (16, [748, 109, 0, 1, 1, 638, 871, 1, 0, 1, 0, 1, 2, 1, 1]),
 (16, [755, 35, 1, 1, 1, 1228, 521, 0, 1, 0, 0, 1, 2, 2, 2]),
 (16, [804, 24, 1, 0, 0, 1500, 765, 0, 0, 2, 3, 0, 1, 0, 2]),
 (16, [854, 62, 1, 0, 1, 1138, 953, 1, 0, 1, 1, 0, 1, 2, 1]),
 (16, [914, 110, 1, 1, 0, 1844, 1987, 0, 1, 0, 2, 1, 1, 0, 1]),
 (16, [1035, 43, 0, 0, 1, 885, 1039, 1, 1, 0, 0, 0, 2, 2, 1]),
 (16, [1075, 102, 0, 1, 0, 1041, 2025, 0, 1, 0, 2, 1, 0, 0, 0]),
 (16, [1263, 36, 1, 0, 1, 1221, 1151, 0, 0, 1, 0, 1, 2, 0, 0]),
 (16, [1450, 70, 1, 1, 0, 1778, 912, 1, 1, 2, 4, 1, 0, 2, 1]),
 (16, [1775, 62, 0, 1, 0, 1826, 833, 1, 1, 0, 3, 1, 2, 2, 2]),
 (16, [1789, 38, 1, 0, 1, 1806, 567, 0, 0, 2, 2, 0, 0, 0, 1]),
 (999, [528, 111, 1, 0, 1, 1325, 1394, 0, 1, 3, 0, 0, 2, 1, 2]),
 (999, [554, 25, 0, 0, 0, 1336, 1803, 1, 0, 3, 2, 0, 0, 0, 0]),
 (999, [663, 107, 1, 0, 0, 1530, 846, 0, 1, 3, 5, 0, 1, 2, 1]),
 (999, [678, 59, 0, 1, 0, 1275, 561, 1, 1, 1, 5, 1, 1, 2, 2]),
 (999, [708, 97, 1, 1, 1, 701, 1286, 0, 0, 0, 5, 1, 1, 2, 1]),
 (999, [754, 117, 0, 1, 1, 948, 1155, 0, 0, 0, 5, 0, 2, 2, 1]),
 (999, [769, 103, 0, 1, 0, 1787, 804, 0, 1, 3, 3, 0, 0, 0, 0]),
 (999, [807, 27, 1, 1, 1, 965, 616, 0, 1, 2, 5, 0, 1, 0, 2]),
 (999, [1098, 75, 0, 0, 1, 1819, 1851, 0, 0, 2, 5, 0, 2, 2, 1]),
 (999, [1132, 19, 0, 1, 0, 633, 1316, 0, 1, 3, 2, 1, 2, 1, 2]),
 (999, [1301, 20, 0, 0, 0, 558, 1085, 1, 1, 1, 5, 1, 0, 1, 1]),
 (999, [1477, 75, 0, 1, 0, 678, 824, 0, 1, 3, 1, 1, 2, 0, 0]),
 (999, [1563, 19, 0, 1, 1, 1878, 2005, 0, 0, 0, 5, 0, 1, 0, 2]),
 (999, [1724, 88, 0, 1, 1, 1693, 1235, 1, 1, 2, 5, 0, 0, 0, 0]),
 (999, [1768, 28, 1, 1, 0, 585, 1773, 0, 0, 3, 1, 0, 0, 2, 1]),
 (999, [1792, 101, 0, 1, 1, 1449, 1567, 1, 0, 3, 5, 1, 1, 2, 0]),
 (999, [1997, 43, 0, 0, 0, 1427, 1675, 0, 1, 3, 1, 1, 1, 1, 2])]
Selected
[(16, [1263, 36, 1, 0, 1, 1221, 1151, 0, 0, 1, 0, 1, 2, 0, 0]),
 (16, [1450, 70, 1, 1, 0, 1778, 912, 1, 1, 2, 4, 1, 0, 2, 1]),
 (16, [755, 35, 1, 1, 1, 1228, 521, 0, 1, 0, 0, 1, 2, 2, 2]),
 (12, [698, 13, 1, 0, 0, 1422, 1771, 1, 0, 2, 0, 0, 2, 1, 0]),
 (12, [698, 13, 1, 0, 0, 1422, 1771, 1, 0, 2, 0, 0, 2, 1, 0]),
 (16, [1075, 102, 0, 1, 0, 1041, 2025, 0, 1, 0, 2, 1, 0, 0, 0]),
 (12, [1195, 85, 0, 1, 0, 1950, 761, 0, 0, 2, 4, 0, 1, 2, 1]),
 (16, [804, 24, 1, 0, 0, 1500, 765, 0, 0, 2, 3, 0, 1, 0, 2]),
 (12, [1195, 85, 0, 1, 0, 1950, 761, 0, 0, 2, 4, 0, 1, 2, 1]),
 (12, [1715, 115, 1, 1, 1, 1916, 1700, 0, 1, 2, 2, 0, 2, 0, 2]),
 (16, [755, 35, 1, 1, 1, 1228, 521, 0, 1, 0, 0, 1, 2, 2, 2]),
 (12, [618, 46, 0, 0, 0, 1008, 1906, 0, 1, 1, 2, 1, 1, 0, 2]),
 (12, [1195, 85, 0, 1, 0, 1950, 761, 0, 0, 2, 4, 0, 1, 2, 1]),
 (12, [618, 46, 0, 0, 0, 1008, 1906, 0, 1, 1, 2, 1, 1, 0, 2]),
 (16, [1263, 36, 1, 0, 1, 1221, 1151, 0, 0, 1, 0, 1, 2, 0, 0]),
 (12, [618, 46, 0, 0, 0, 1008, 1906, 0, 1, 1, 2, 1, 1, 0, 2]),
 (16, [804, 24, 1, 0, 0, 1500, 765, 0, 0, 2, 3, 0, 1, 0, 2]),
 (16, [748, 109, 0, 1, 1, 638, 871, 1, 0, 1, 0, 1, 2, 1, 1]),
 (16, [1450, 70, 1, 1, 0, 1778, 912, 1, 1, 2, 4, 1, 0, 2, 1]),
 (12, [698, 13, 1, 0, 0, 1422, 1771, 1, 0, 2, 0, 0, 2, 1, 0]),
 (12, [698, 13, 1, 0, 0, 1422, 1771, 1, 0, 2, 0, 0, 2, 1, 0]),
 (16, [1263, 36, 1, 0, 1, 1221, 1151, 0, 0, 1, 0, 1, 2, 0, 0]),
 (16, [748, 109, 0, 1, 1, 638, 871, 1, 0, 1, 0, 1, 2, 1, 1]),
 (999, [754, 117, 0, 1, 1, 948, 1155, 0, 0, 0, 5, 0, 2, 2, 1]),
 (12, [698, 13, 1, 0, 0, 1422, 1771, 1, 0, 2, 0, 0, 2, 1, 0]),
 (16, [748, 109, 0, 1, 1, 638, 871, 1, 0, 1, 0, 1, 2, 1, 1]),
 (16, [854, 62, 1, 0, 1, 1138, 953, 1, 0, 1, 1, 0, 1, 2, 1])]
population
[(999, [1997, 43, 0, 0, 0, 1427, 1675, 0, 1, 3, 1, 1, 1, 1, 2]),
 (999, [1792, 101, 0, 1, 1, 1449, 1567, 1, 0, 3, 5, 1, 1, 2, 0]),
 (999, [1768, 28, 1, 1, 0, 585, 1773, 0, 0, 3, 1, 0, 0, 2, 1]),
 (999, [1724, 88, 0, 1, 1, 1693, 1235, 1, 1, 2, 5, 0, 0, 0, 0]),
 (999, [1563, 19, 0, 1, 1, 1878, 2005, 0, 0, 0, 5, 0, 1, 0, 2]),
 (999, [1477, 75, 0, 1, 0, 678, 824, 0, 1, 3, 1, 1, 2, 0, 0]),
 (999, [1301, 20, 0, 0, 0, 558, 1085, 1, 1, 1, 5, 1, 0, 1, 1]),
 (999, [1132, 19, 0, 1, 0, 633, 1316, 0, 1, 3, 2, 1, 2, 1, 2]),
 (999, [1098, 75, 0, 0, 1, 1819, 1851, 0, 0, 2, 5, 0, 2, 2, 1]),
 (999, [807, 27, 1, 1, 1, 965, 616, 0, 1, 2, 5, 0, 1, 0, 2]),
 (999, [769, 103, 0, 1, 0, 1787, 804, 0, 1, 3, 3, 0, 0, 0, 0]),
 (999, [754, 117, 0, 1, 1, 948, 1155, 0, 0, 0, 5, 0, 2, 2, 1]),
 (999, [708, 97, 1, 1, 1, 701, 1286, 0, 0, 0, 5, 1, 1, 2, 1]),
 (999, [678, 59, 0, 1, 0, 1275, 561, 1, 1, 1, 5, 1, 1, 2, 2]),
 (999, [663, 107, 1, 0, 0, 1530, 846, 0, 1, 3, 5, 0, 1, 2, 1]),
 (999, [554, 25, 0, 0, 0, 1336, 1803, 1, 0, 3, 2, 0, 0, 0, 0]),
 (999, [528, 111, 1, 0, 1, 1325, 1394, 0, 1, 3, 0, 0, 2, 1, 2]),
 (16, [1789, 38, 1, 0, 1, 1806, 567, 0, 0, 2, 2, 0, 0, 0, 1]),
 (16, [1775, 62, 0, 1, 0, 1826, 833, 1, 1, 0, 3, 1, 2, 2, 2]),
 (16, [1450, 70, 1, 1, 0, 1778, 912, 1, 1, 2, 4, 1, 0, 2, 1]),
 (16, [1263, 36, 1, 0, 1, 1221, 1151, 0, 0, 1, 0, 1, 2, 0, 0]),
 (16, [1075, 102, 0, 1, 0, 1041, 2025, 0, 1, 0, 2, 1, 0, 0, 0]),
 (16, [1035, 43, 0, 0, 1, 885, 1039, 1, 1, 0, 0, 0, 2, 2, 1]),
 (16, [914, 110, 1, 1, 0, 1844, 1987, 0, 1, 0, 2, 1, 1, 0, 1]),
 (16, [854, 62, 1, 0, 1, 1138, 953, 1, 0, 1, 1, 0, 1, 2, 1]),
 (16, [804, 24, 1, 0, 0, 1500, 765, 0, 0, 2, 3, 0, 1, 0, 2]),
 (16, [755, 35, 1, 1, 1, 1228, 521, 0, 1, 0, 0, 1, 2, 2, 2]),
 (16, [748, 109, 0, 1, 1, 638, 871, 1, 0, 1, 0, 1, 2, 1, 1]),
 (12, [1715, 115, 1, 1, 1, 1916, 1700, 0, 1, 2, 2, 0, 2, 0, 2]),
 (12, [1195, 85, 0, 1, 0, 1950, 761, 0, 0, 2, 4, 0, 1, 2, 1]),
 (12, [698, 13, 1, 0, 0, 1422, 1771, 1, 0, 2, 0, 0, 2, 1, 0]),
 (12, [618, 46, 0, 0, 0, 1008, 1906, 0, 1, 1, 2, 1, 1, 0, 2])]
scored
[(12, [618, 46, 0, 0, 0, 1008, 1906, 0, 1, 1, 2, 1, 1, 0, 2]),
 (12, [698, 13, 1, 0, 0, 1422, 1771, 1, 0, 2, 0, 0, 2, 1, 0]),
 (12, [1195, 85, 0, 1, 0, 1950, 761, 0, 0, 2, 4, 0, 1, 2, 1]),
 (12, [1715, 115, 1, 1, 1, 1916, 1700, 0, 1, 2, 2, 0, 2, 0, 2]),
 (16, [748, 109, 0, 1, 1, 638, 871, 1, 0, 1, 0, 1, 2, 1, 1]),
 (16, [755, 35, 1, 1, 1, 1228, 521, 0, 1, 0, 0, 1, 2, 2, 2]),
 (16, [804, 24, 1, 0, 0, 1500, 765, 0, 0, 2, 3, 0, 1, 0, 2]),
 (16, [854, 62, 1, 0, 1, 1138, 953, 1, 0, 1, 1, 0, 1, 2, 1]),
 (16, [914, 110, 1, 1, 0, 1844, 1987, 0, 1, 0, 2, 1, 1, 0, 1]),
 (16, [1035, 43, 0, 0, 1, 885, 1039, 1, 1, 0, 0, 0, 2, 2, 1]),
 (16, [1075, 102, 0, 1, 0, 1041, 2025, 0, 1, 0, 2, 1, 0, 0, 0]),
 (16, [1263, 36, 1, 0, 1, 1221, 1151, 0, 0, 1, 0, 1, 2, 0, 0]),
 (16, [1450, 70, 1, 1, 0, 1778, 912, 1, 1, 2, 4, 1, 0, 2, 1]),
 (16, [1775, 62, 0, 1, 0, 1826, 833, 1, 1, 0, 3, 1, 2, 2, 2]),
 (16, [1789, 38, 1, 0, 1, 1806, 567, 0, 0, 2, 2, 0, 0, 0, 1]),
 (999, [528, 111, 1, 0, 1, 1325, 1394, 0, 1, 3, 0, 0, 2, 1, 2]),
 (999, [554, 25, 0, 0, 0, 1336, 1803, 1, 0, 3, 2, 0, 0, 0, 0]),
 (999, [663, 107, 1, 0, 0, 1530, 846, 0, 1, 3, 5, 0, 1, 2, 1]),
 (999, [678, 59, 0, 1, 0, 1275, 561, 1, 1, 1, 5, 1, 1, 2, 2]),
 (999, [708, 97, 1, 1, 1, 701, 1286, 0, 0, 0, 5, 1, 1, 2, 1]),
 (999, [754, 117, 0, 1, 1, 948, 1155, 0, 0, 0, 5, 0, 2, 2, 1]),
 (999, [769, 103, 0, 1, 0, 1787, 804, 0, 1, 3, 3, 0, 0, 0, 0]),
 (999, [807, 27, 1, 1, 1, 965, 616, 0, 1, 2, 5, 0, 1, 0, 2]),
 (999, [1098, 75, 0, 0, 1, 1819, 1851, 0, 0, 2, 5, 0, 2, 2, 1]),
 (999, [1132, 19, 0, 1, 0, 633, 1316, 0, 1, 3, 2, 1, 2, 1, 2]),
 (999, [1301, 20, 0, 0, 0, 558, 1085, 1, 1, 1, 5, 1, 0, 1, 1]),
 (999, [1477, 75, 0, 1, 0, 678, 824, 0, 1, 3, 1, 1, 2, 0, 0]),
 (999, [1563, 19, 0, 1, 1, 1878, 2005, 0, 0, 0, 5, 0, 1, 0, 2]),
 (999, [1724, 88, 0, 1, 1, 1693, 1235, 1, 1, 2, 5, 0, 0, 0, 0]),
 (999, [1768, 28, 1, 1, 0, 585, 1773, 0, 0, 3, 1, 0, 0, 2, 1]),
 (999, [1792, 101, 0, 1, 1, 1449, 1567, 1, 0, 3, 5, 1, 1, 2, 0]),
 (999, [1997, 43, 0, 0, 0, 1427, 1675, 0, 1, 3, 1, 1, 1, 1, 2])]
Selected
[(16, [914, 110, 1, 1, 0, 1844, 1987, 0, 1, 0, 2, 1, 1, 0, 1]),
 (999, [708, 97, 1, 1, 1, 701, 1286, 0, 0, 0, 5, 1, 1, 2, 1]),
 (12, [1195, 85, 0, 1, 0, 1950, 761, 0, 0, 2, 4, 0, 1, 2, 1]),
 (12, [618, 46, 0, 0, 0, 1008, 1906, 0, 1, 1, 2, 1, 1, 0, 2]),
 (12, [1715, 115, 1, 1, 1, 1916, 1700, 0, 1, 2, 2, 0, 2, 0, 2]),
 (12, [698, 13, 1, 0, 0, 1422, 1771, 1, 0, 2, 0, 0, 2, 1, 0]),
 (12, [618, 46, 0, 0, 0, 1008, 1906, 0, 1, 1, 2, 1, 1, 0, 2]),
 (12, [1195, 85, 0, 1, 0, 1950, 761, 0, 0, 2, 4, 0, 1, 2, 1]),
 (12, [618, 46, 0, 0, 0, 1008, 1906, 0, 1, 1, 2, 1, 1, 0, 2]),
 (12, [1195, 85, 0, 1, 0, 1950, 761, 0, 0, 2, 4, 0, 1, 2, 1]),
 (12, [698, 13, 1, 0, 0, 1422, 1771, 1, 0, 2, 0, 0, 2, 1, 0]),
 (16, [1035, 43, 0, 0, 1, 885, 1039, 1, 1, 0, 0, 0, 2, 2, 1]),
 (12, [1715, 115, 1, 1, 1, 1916, 1700, 0, 1, 2, 2, 0, 2, 0, 2]),
 (12, [1715, 115, 1, 1, 1, 1916, 1700, 0, 1, 2, 2, 0, 2, 0, 2]),
 (16, [748, 109, 0, 1, 1, 638, 871, 1, 0, 1, 0, 1, 2, 1, 1]),
 (12, [1195, 85, 0, 1, 0, 1950, 761, 0, 0, 2, 4, 0, 1, 2, 1]),
 (16, [748, 109, 0, 1, 1, 638, 871, 1, 0, 1, 0, 1, 2, 1, 1]),
 (12, [698, 13, 1, 0, 0, 1422, 1771, 1, 0, 2, 0, 0, 2, 1, 0]),
 (12, [1715, 115, 1, 1, 1, 1916, 1700, 0, 1, 2, 2, 0, 2, 0, 2]),
 (16, [755, 35, 1, 1, 1, 1228, 521, 0, 1, 0, 0, 1, 2, 2, 2]),
 (16, [748, 109, 0, 1, 1, 638, 871, 1, 0, 1, 0, 1, 2, 1, 1]),
 (12, [698, 13, 1, 0, 0, 1422, 1771, 1, 0, 2, 0, 0, 2, 1, 0]),
 (12, [1715, 115, 1, 1, 1, 1916, 1700, 0, 1, 2, 2, 0, 2, 0, 2]),
 (12, [618, 46, 0, 0, 0, 1008, 1906, 0, 1, 1, 2, 1, 1, 0, 2]),
 (16, [755, 35, 1, 1, 1, 1228, 521, 0, 1, 0, 0, 1, 2, 2, 2]),
 (16, [804, 24, 1, 0, 0, 1500, 765, 0, 0, 2, 3, 0, 1, 0, 2]),
 (999, [678, 59, 0, 1, 0, 1275, 561, 1, 1, 1, 5, 1, 1, 2, 2])]
population
[(999, [1997, 43, 0, 0, 0, 1427, 1675, 0, 1, 3, 1, 1, 1, 1, 2]),
 (999, [1792, 101, 0, 1, 1, 1449, 1567, 1, 0, 3, 5, 1, 1, 2, 0]),
 (999, [1768, 28, 1, 1, 0, 585, 1773, 0, 0, 3, 1, 0, 0, 2, 1]),
 (999, [1724, 88, 0, 1, 1, 1693, 1235, 1, 1, 2, 5, 0, 0, 0, 0]),
 (999, [1563, 19, 0, 1, 1, 1878, 2005, 0, 0, 0, 5, 0, 1, 0, 2]),
 (999, [1477, 75, 0, 1, 0, 678, 824, 0, 1, 3, 1, 1, 2, 0, 0]),
 (999, [1301, 20, 0, 0, 0, 558, 1085, 1, 1, 1, 5, 1, 0, 1, 1]),
 (999, [1132, 19, 0, 1, 0, 633, 1316, 0, 1, 3, 2, 1, 2, 1, 2]),
 (999, [1098, 75, 0, 0, 1, 1819, 1851, 0, 0, 2, 5, 0, 2, 2, 1]),
 (999, [807, 27, 1, 1, 1, 965, 616, 0, 1, 2, 5, 0, 1, 0, 2]),
 (999, [769, 103, 0, 1, 0, 1787, 804, 0, 1, 3, 3, 0, 0, 0, 0]),
 (999, [754, 117, 0, 1, 1, 948, 1155, 0, 0, 0, 5, 0, 2, 2, 1]),
 (999, [708, 97, 1, 1, 1, 701, 1286, 0, 0, 0, 5, 1, 1, 2, 1]),
 (999, [678, 59, 0, 1, 0, 1275, 561, 1, 1, 1, 5, 1, 1, 2, 2]),
 (999, [663, 107, 1, 0, 0, 1530, 846, 0, 1, 3, 5, 0, 1, 2, 1]),
 (999, [554, 25, 0, 0, 0, 1336, 1803, 1, 0, 3, 2, 0, 0, 0, 0]),
 (999, [528, 111, 1, 0, 1, 1325, 1394, 0, 1, 3, 0, 0, 2, 1, 2]),
 (16, [1789, 38, 1, 0, 1, 1806, 567, 0, 0, 2, 2, 0, 0, 0, 1]),
 (16, [1775, 62, 0, 1, 0, 1826, 833, 1, 1, 0, 3, 1, 2, 2, 2]),
 (16, [1450, 70, 1, 1, 0, 1778, 912, 1, 1, 2, 4, 1, 0, 2, 1]),
 (16, [1263, 36, 1, 0, 1, 1221, 1151, 0, 0, 1, 0, 1, 2, 0, 0]),
 (16, [1075, 102, 0, 1, 0, 1041, 2025, 0, 1, 0, 2, 1, 0, 0, 0]),
 (16, [1035, 43, 0, 0, 1, 885, 1039, 1, 1, 0, 0, 0, 2, 2, 1]),
 (16, [914, 110, 1, 1, 0, 1844, 1987, 0, 1, 0, 2, 1, 1, 0, 1]),
 (16, [854, 62, 1, 0, 1, 1138, 953, 1, 0, 1, 1, 0, 1, 2, 1]),
 (16, [804, 24, 1, 0, 0, 1500, 765, 0, 0, 2, 3, 0, 1, 0, 2]),
 (16, [755, 35, 1, 1, 1, 1228, 521, 0, 1, 0, 0, 1, 2, 2, 2]),
 (16, [748, 109, 0, 1, 1, 638, 871, 1, 0, 1, 0, 1, 2, 1, 1]),
 (12, [1715, 115, 1, 1, 1, 1916, 1700, 0, 1, 2, 2, 0, 2, 0, 2]),
 (12, [1195, 85, 0, 1, 0, 1950, 761, 0, 0, 2, 4, 0, 1, 2, 1]),
 (12, [698, 13, 1, 0, 0, 1422, 1771, 1, 0, 2, 0, 0, 2, 1, 0]),
 (12, [618, 46, 0, 0, 0, 1008, 1906, 0, 1, 1, 2, 1, 1, 0, 2])]
scored
[(12, [618, 46, 0, 0, 0, 1008, 1906, 0, 1, 1, 2, 1, 1, 0, 2]),
 (12, [698, 13, 1, 0, 0, 1422, 1771, 1, 0, 2, 0, 0, 2, 1, 0]),
 (12, [1195, 85, 0, 1, 0, 1950, 761, 0, 0, 2, 4, 0, 1, 2, 1]),
 (12, [1715, 115, 1, 1, 1, 1916, 1700, 0, 1, 2, 2, 0, 2, 0, 2]),
 (16, [748, 109, 0, 1, 1, 638, 871, 1, 0, 1, 0, 1, 2, 1, 1]),
 (16, [755, 35, 1, 1, 1, 1228, 521, 0, 1, 0, 0, 1, 2, 2, 2]),
 (16, [804, 24, 1, 0, 0, 1500, 765, 0, 0, 2, 3, 0, 1, 0, 2]),
 (16, [854, 62, 1, 0, 1, 1138, 953, 1, 0, 1, 1, 0, 1, 2, 1]),
 (16, [914, 110, 1, 1, 0, 1844, 1987, 0, 1, 0, 2, 1, 1, 0, 1]),
 (16, [1035, 43, 0, 0, 1, 885, 1039, 1, 1, 0, 0, 0, 2, 2, 1]),
 (16, [1075, 102, 0, 1, 0, 1041, 2025, 0, 1, 0, 2, 1, 0, 0, 0]),
 (16, [1263, 36, 1, 0, 1, 1221, 1151, 0, 0, 1, 0, 1, 2, 0, 0]),
 (16, [1450, 70, 1, 1, 0, 1778, 912, 1, 1, 2, 4, 1, 0, 2, 1]),
 (16, [1775, 62, 0, 1, 0, 1826, 833, 1, 1, 0, 3, 1, 2, 2, 2]),
 (16, [1789, 38, 1, 0, 1, 1806, 567, 0, 0, 2, 2, 0, 0, 0, 1]),
 (999, [528, 111, 1, 0, 1, 1325, 1394, 0, 1, 3, 0, 0, 2, 1, 2]),
 (999, [554, 25, 0, 0, 0, 1336, 1803, 1, 0, 3, 2, 0, 0, 0, 0]),
 (999, [663, 107, 1, 0, 0, 1530, 846, 0, 1, 3, 5, 0, 1, 2, 1]),
 (999, [678, 59, 0, 1, 0, 1275, 561, 1, 1, 1, 5, 1, 1, 2, 2]),
 (999, [708, 97, 1, 1, 1, 701, 1286, 0, 0, 0, 5, 1, 1, 2, 1]),
 (999, [754, 117, 0, 1, 1, 948, 1155, 0, 0, 0, 5, 0, 2, 2, 1]),
 (999, [769, 103, 0, 1, 0, 1787, 804, 0, 1, 3, 3, 0, 0, 0, 0]),
 (999, [807, 27, 1, 1, 1, 965, 616, 0, 1, 2, 5, 0, 1, 0, 2]),
 (999, [1098, 75, 0, 0, 1, 1819, 1851, 0, 0, 2, 5, 0, 2, 2, 1]),
 (999, [1132, 19, 0, 1, 0, 633, 1316, 0, 1, 3, 2, 1, 2, 1, 2]),
 (999, [1301, 20, 0, 0, 0, 558, 1085, 1, 1, 1, 5, 1, 0, 1, 1]),
 (999, [1477, 75, 0, 1, 0, 678, 824, 0, 1, 3, 1, 1, 2, 0, 0]),
 (999, [1563, 19, 0, 1, 1, 1878, 2005, 0, 0, 0, 5, 0, 1, 0, 2]),
 (999, [1724, 88, 0, 1, 1, 1693, 1235, 1, 1, 2, 5, 0, 0, 0, 0]),
 (999, [1768, 28, 1, 1, 0, 585, 1773, 0, 0, 3, 1, 0, 0, 2, 1]),
 (999, [1792, 101, 0, 1, 1, 1449, 1567, 1, 0, 3, 5, 1, 1, 2, 0]),
 (999, [1997, 43, 0, 0, 0, 1427, 1675, 0, 1, 3, 1, 1, 1, 1, 2])]
Selected
[(12, [698, 13, 1, 0, 0, 1422, 1771, 1, 0, 2, 0, 0, 2, 1, 0]),
 (16, [748, 109, 0, 1, 1, 638, 871, 1, 0, 1, 0, 1, 2, 1, 1]),
 (16, [804, 24, 1, 0, 0, 1500, 765, 0, 0, 2, 3, 0, 1, 0, 2]),
 (16, [755, 35, 1, 1, 1, 1228, 521, 0, 1, 0, 0, 1, 2, 2, 2]),
 (16, [748, 109, 0, 1, 1, 638, 871, 1, 0, 1, 0, 1, 2, 1, 1]),
 (16, [755, 35, 1, 1, 1, 1228, 521, 0, 1, 0, 0, 1, 2, 2, 2]),
 (16, [914, 110, 1, 1, 0, 1844, 1987, 0, 1, 0, 2, 1, 1, 0, 1]),
 (12, [1195, 85, 0, 1, 0, 1950, 761, 0, 0, 2, 4, 0, 1, 2, 1]),
 (16, [804, 24, 1, 0, 0, 1500, 765, 0, 0, 2, 3, 0, 1, 0, 2]),
 (16, [1075, 102, 0, 1, 0, 1041, 2025, 0, 1, 0, 2, 1, 0, 0, 0]),
 (999, [678, 59, 0, 1, 0, 1275, 561, 1, 1, 1, 5, 1, 1, 2, 2]),
 (16, [1263, 36, 1, 0, 1, 1221, 1151, 0, 0, 1, 0, 1, 2, 0, 0]),
 (16, [854, 62, 1, 0, 1, 1138, 953, 1, 0, 1, 1, 0, 1, 2, 1]),
 (16, [1775, 62, 0, 1, 0, 1826, 833, 1, 1, 0, 3, 1, 2, 2, 2]),
 (16, [1075, 102, 0, 1, 0, 1041, 2025, 0, 1, 0, 2, 1, 0, 0, 0]),
 (16, [748, 109, 0, 1, 1, 638, 871, 1, 0, 1, 0, 1, 2, 1, 1]),
 (12, [618, 46, 0, 0, 0, 1008, 1906, 0, 1, 1, 2, 1, 1, 0, 2]),
 (16, [1075, 102, 0, 1, 0, 1041, 2025, 0, 1, 0, 2, 1, 0, 0, 0]),
 (12, [618, 46, 0, 0, 0, 1008, 1906, 0, 1, 1, 2, 1, 1, 0, 2]),
 (12, [1715, 115, 1, 1, 1, 1916, 1700, 0, 1, 2, 2, 0, 2, 0, 2]),
 (12, [1195, 85, 0, 1, 0, 1950, 761, 0, 0, 2, 4, 0, 1, 2, 1]),
 (16, [755, 35, 1, 1, 1, 1228, 521, 0, 1, 0, 0, 1, 2, 2, 2]),
 (12, [1715, 115, 1, 1, 1, 1916, 1700, 0, 1, 2, 2, 0, 2, 0, 2]),
 (12, [1195, 85, 0, 1, 0, 1950, 761, 0, 0, 2, 4, 0, 1, 2, 1]),
 (16, [755, 35, 1, 1, 1, 1228, 521, 0, 1, 0, 0, 1, 2, 2, 2]),
 (12, [1715, 115, 1, 1, 1, 1916, 1700, 0, 1, 2, 2, 0, 2, 0, 2]),
 (12, [618, 46, 0, 0, 0, 1008, 1906, 0, 1, 1, 2, 1, 1, 0, 2])]
population
[(999, [1997, 43, 0, 0, 0, 1427, 1675, 0, 1, 3, 1, 1, 1, 1, 2]),
 (999, [1792, 101, 0, 1, 1, 1449, 1567, 1, 0, 3, 5, 1, 1, 2, 0]),
 (999, [1768, 28, 1, 1, 0, 585, 1773, 0, 0, 3, 1, 0, 0, 2, 1]),
 (999, [1724, 88, 0, 1, 1, 1693, 1235, 1, 1, 2, 5, 0, 0, 0, 0]),
 (999, [1563, 19, 0, 1, 1, 1878, 2005, 0, 0, 0, 5, 0, 1, 0, 2]),
 (999, [1477, 75, 0, 1, 0, 678, 824, 0, 1, 3, 1, 1, 2, 0, 0]),
 (999, [1301, 20, 0, 0, 0, 558, 1085, 1, 1, 1, 5, 1, 0, 1, 1]),
 (999, [1132, 19, 0, 1, 0, 633, 1316, 0, 1, 3, 2, 1, 2, 1, 2]),
 (999, [1098, 75, 0, 0, 1, 1819, 1851, 0, 0, 2, 5, 0, 2, 2, 1]),
 (999, [807, 27, 1, 1, 1, 965, 616, 0, 1, 2, 5, 0, 1, 0, 2]),
 (999, [769, 103, 0, 1, 0, 1787, 804, 0, 1, 3, 3, 0, 0, 0, 0]),
 (999, [754, 117, 0, 1, 1, 948, 1155, 0, 0, 0, 5, 0, 2, 2, 1]),
 (999, [708, 97, 1, 1, 1, 701, 1286, 0, 0, 0, 5, 1, 1, 2, 1]),
 (999, [678, 59, 0, 1, 0, 1275, 561, 1, 1, 1, 5, 1, 1, 2, 2]),
 (999, [663, 107, 1, 0, 0, 1530, 846, 0, 1, 3, 5, 0, 1, 2, 1]),
 (999, [554, 25, 0, 0, 0, 1336, 1803, 1, 0, 3, 2, 0, 0, 0, 0]),
 (999, [528, 111, 1, 0, 1, 1325, 1394, 0, 1, 3, 0, 0, 2, 1, 2]),
 (16, [1789, 38, 1, 0, 1, 1806, 567, 0, 0, 2, 2, 0, 0, 0, 1]),
 (16, [1775, 62, 0, 1, 0, 1826, 833, 1, 1, 0, 3, 1, 2, 2, 2]),
 (16, [1450, 70, 1, 1, 0, 1778, 912, 1, 1, 2, 4, 1, 0, 2, 1]),
 (16, [1263, 36, 1, 0, 1, 1221, 1151, 0, 0, 1, 0, 1, 2, 0, 0]),
 (16, [1075, 102, 0, 1, 0, 1041, 2025, 0, 1, 0, 2, 1, 0, 0, 0]),
 (16, [1035, 43, 0, 0, 1, 885, 1039, 1, 1, 0, 0, 0, 2, 2, 1]),
 (16, [914, 110, 1, 1, 0, 1844, 1987, 0, 1, 0, 2, 1, 1, 0, 1]),
 (16, [854, 62, 1, 0, 1, 1138, 953, 1, 0, 1, 1, 0, 1, 2, 1]),
 (16, [804, 24, 1, 0, 0, 1500, 765, 0, 0, 2, 3, 0, 1, 0, 2]),
 (16, [755, 35, 1, 1, 1, 1228, 521, 0, 1, 0, 0, 1, 2, 2, 2]),
 (16, [748, 109, 0, 1, 1, 638, 871, 1, 0, 1, 0, 1, 2, 1, 1]),
 (12, [1715, 115, 1, 1, 1, 1916, 1700, 0, 1, 2, 2, 0, 2, 0, 2]),
 (12, [1195, 85, 0, 1, 0, 1950, 761, 0, 0, 2, 4, 0, 1, 2, 1]),
 (12, [698, 13, 1, 0, 0, 1422, 1771, 1, 0, 2, 0, 0, 2, 1, 0]),
 (12, [618, 46, 0, 0, 0, 1008, 1906, 0, 1, 1, 2, 1, 1, 0, 2])]
scored
[(12, [618, 46, 0, 0, 0, 1008, 1906, 0, 1, 1, 2, 1, 1, 0, 2]),
 (12, [698, 13, 1, 0, 0, 1422, 1771, 1, 0, 2, 0, 0, 2, 1, 0]),
 (12, [1195, 85, 0, 1, 0, 1950, 761, 0, 0, 2, 4, 0, 1, 2, 1]),
 (12, [1715, 115, 1, 1, 1, 1916, 1700, 0, 1, 2, 2, 0, 2, 0, 2]),
 (16, [748, 109, 0, 1, 1, 638, 871, 1, 0, 1, 0, 1, 2, 1, 1]),
 (16, [755, 35, 1, 1, 1, 1228, 521, 0, 1, 0, 0, 1, 2, 2, 2]),
 (16, [804, 24, 1, 0, 0, 1500, 765, 0, 0, 2, 3, 0, 1, 0, 2]),
 (16, [854, 62, 1, 0, 1, 1138, 953, 1, 0, 1, 1, 0, 1, 2, 1]),
 (16, [914, 110, 1, 1, 0, 1844, 1987, 0, 1, 0, 2, 1, 1, 0, 1]),
 (16, [1035, 43, 0, 0, 1, 885, 1039, 1, 1, 0, 0, 0, 2, 2, 1]),
 (16, [1075, 102, 0, 1, 0, 1041, 2025, 0, 1, 0, 2, 1, 0, 0, 0]),
 (16, [1263, 36, 1, 0, 1, 1221, 1151, 0, 0, 1, 0, 1, 2, 0, 0]),
 (16, [1450, 70, 1, 1, 0, 1778, 912, 1, 1, 2, 4, 1, 0, 2, 1]),
 (16, [1775, 62, 0, 1, 0, 1826, 833, 1, 1, 0, 3, 1, 2, 2, 2]),
 (16, [1789, 38, 1, 0, 1, 1806, 567, 0, 0, 2, 2, 0, 0, 0, 1]),
 (999, [528, 111, 1, 0, 1, 1325, 1394, 0, 1, 3, 0, 0, 2, 1, 2]),
 (999, [554, 25, 0, 0, 0, 1336, 1803, 1, 0, 3, 2, 0, 0, 0, 0]),
 (999, [663, 107, 1, 0, 0, 1530, 846, 0, 1, 3, 5, 0, 1, 2, 1]),
 (999, [678, 59, 0, 1, 0, 1275, 561, 1, 1, 1, 5, 1, 1, 2, 2]),
 (999, [708, 97, 1, 1, 1, 701, 1286, 0, 0, 0, 5, 1, 1, 2, 1]),
 (999, [754, 117, 0, 1, 1, 948, 1155, 0, 0, 0, 5, 0, 2, 2, 1]),
 (999, [769, 103, 0, 1, 0, 1787, 804, 0, 1, 3, 3, 0, 0, 0, 0]),
 (999, [807, 27, 1, 1, 1, 965, 616, 0, 1, 2, 5, 0, 1, 0, 2]),
 (999, [1098, 75, 0, 0, 1, 1819, 1851, 0, 0, 2, 5, 0, 2, 2, 1]),
 (999, [1132, 19, 0, 1, 0, 633, 1316, 0, 1, 3, 2, 1, 2, 1, 2]),
 (999, [1301, 20, 0, 0, 0, 558, 1085, 1, 1, 1, 5, 1, 0, 1, 1]),
 (999, [1477, 75, 0, 1, 0, 678, 824, 0, 1, 3, 1, 1, 2, 0, 0]),
 (999, [1563, 19, 0, 1, 1, 1878, 2005, 0, 0, 0, 5, 0, 1, 0, 2]),
 (999, [1724, 88, 0, 1, 1, 1693, 1235, 1, 1, 2, 5, 0, 0, 0, 0]),
 (999, [1768, 28, 1, 1, 0, 585, 1773, 0, 0, 3, 1, 0, 0, 2, 1]),
 (999, [1792, 101, 0, 1, 1, 1449, 1567, 1, 0, 3, 5, 1, 1, 2, 0]),
 (999, [1997, 43, 0, 0, 0, 1427, 1675, 0, 1, 3, 1, 1, 1, 1, 2])]
Selected
[(12, [698, 13, 1, 0, 0, 1422, 1771, 1, 0, 2, 0, 0, 2, 1, 0]),
 (12, [618, 46, 0, 0, 0, 1008, 1906, 0, 1, 1, 2, 1, 1, 0, 2]),
 (12, [1195, 85, 0, 1, 0, 1950, 761, 0, 0, 2, 4, 0, 1, 2, 1]),
 (12, [618, 46, 0, 0, 0, 1008, 1906, 0, 1, 1, 2, 1, 1, 0, 2]),
 (16, [914, 110, 1, 1, 0, 1844, 1987, 0, 1, 0, 2, 1, 1, 0, 1]),
 (12, [618, 46, 0, 0, 0, 1008, 1906, 0, 1, 1, 2, 1, 1, 0, 2]),
 (12, [698, 13, 1, 0, 0, 1422, 1771, 1, 0, 2, 0, 0, 2, 1, 0]),
 (16, [1035, 43, 0, 0, 1, 885, 1039, 1, 1, 0, 0, 0, 2, 2, 1]),
 (12, [1715, 115, 1, 1, 1, 1916, 1700, 0, 1, 2, 2, 0, 2, 0, 2]),
 (16, [755, 35, 1, 1, 1, 1228, 521, 0, 1, 0, 0, 1, 2, 2, 2]),
 (16, [804, 24, 1, 0, 0, 1500, 765, 0, 0, 2, 3, 0, 1, 0, 2]),
 (12, [1195, 85, 0, 1, 0, 1950, 761, 0, 0, 2, 4, 0, 1, 2, 1]),
 (999, [528, 111, 1, 0, 1, 1325, 1394, 0, 1, 3, 0, 0, 2, 1, 2]),
 (16, [804, 24, 1, 0, 0, 1500, 765, 0, 0, 2, 3, 0, 1, 0, 2]),
 (16, [755, 35, 1, 1, 1, 1228, 521, 0, 1, 0, 0, 1, 2, 2, 2]),
 (12, [1715, 115, 1, 1, 1, 1916, 1700, 0, 1, 2, 2, 0, 2, 0, 2]),
 (16, [1775, 62, 0, 1, 0, 1826, 833, 1, 1, 0, 3, 1, 2, 2, 2]),
 (16, [1075, 102, 0, 1, 0, 1041, 2025, 0, 1, 0, 2, 1, 0, 0, 0]),
 (16, [755, 35, 1, 1, 1, 1228, 521, 0, 1, 0, 0, 1, 2, 2, 2]),
 (12, [618, 46, 0, 0, 0, 1008, 1906, 0, 1, 1, 2, 1, 1, 0, 2]),
 (16, [854, 62, 1, 0, 1, 1138, 953, 1, 0, 1, 1, 0, 1, 2, 1]),
 (16, [755, 35, 1, 1, 1, 1228, 521, 0, 1, 0, 0, 1, 2, 2, 2]),
 (12, [698, 13, 1, 0, 0, 1422, 1771, 1, 0, 2, 0, 0, 2, 1, 0]),
 (16, [1035, 43, 0, 0, 1, 885, 1039, 1, 1, 0, 0, 0, 2, 2, 1]),
 (16, [748, 109, 0, 1, 1, 638, 871, 1, 0, 1, 0, 1, 2, 1, 1]),
 (12, [698, 13, 1, 0, 0, 1422, 1771, 1, 0, 2, 0, 0, 2, 1, 0]),
 (12, [618, 46, 0, 0, 0, 1008, 1906, 0, 1, 1, 2, 1, 1, 0, 2])]
population
[(999, [1997, 43, 0, 0, 0, 1427, 1675, 0, 1, 3, 1, 1, 1, 1, 2]),
 (999, [1792, 101, 0, 1, 1, 1449, 1567, 1, 0, 3, 5, 1, 1, 2, 0]),
 (999, [1768, 28, 1, 1, 0, 585, 1773, 0, 0, 3, 1, 0, 0, 2, 1]),
 (999, [1724, 88, 0, 1, 1, 1693, 1235, 1, 1, 2, 5, 0, 0, 0, 0]),
 (999, [1563, 19, 0, 1, 1, 1878, 2005, 0, 0, 0, 5, 0, 1, 0, 2]),
 (999, [1477, 75, 0, 1, 0, 678, 824, 0, 1, 3, 1, 1, 2, 0, 0]),
 (999, [1301, 20, 0, 0, 0, 558, 1085, 1, 1, 1, 5, 1, 0, 1, 1]),
 (999, [1132, 19, 0, 1, 0, 633, 1316, 0, 1, 3, 2, 1, 2, 1, 2]),
 (999, [1098, 75, 0, 0, 1, 1819, 1851, 0, 0, 2, 5, 0, 2, 2, 1]),
 (999, [807, 27, 1, 1, 1, 965, 616, 0, 1, 2, 5, 0, 1, 0, 2]),
 (999, [769, 103, 0, 1, 0, 1787, 804, 0, 1, 3, 3, 0, 0, 0, 0]),
 (999, [754, 117, 0, 1, 1, 948, 1155, 0, 0, 0, 5, 0, 2, 2, 1]),
 (999, [708, 97, 1, 1, 1, 701, 1286, 0, 0, 0, 5, 1, 1, 2, 1]),
 (999, [678, 59, 0, 1, 0, 1275, 561, 1, 1, 1, 5, 1, 1, 2, 2]),
 (999, [663, 107, 1, 0, 0, 1530, 846, 0, 1, 3, 5, 0, 1, 2, 1]),
 (999, [554, 25, 0, 0, 0, 1336, 1803, 1, 0, 3, 2, 0, 0, 0, 0]),
 (999, [528, 111, 1, 0, 1, 1325, 1394, 0, 1, 3, 0, 0, 2, 1, 2]),
 (16, [1789, 38, 1, 0, 1, 1806, 567, 0, 0, 2, 2, 0, 0, 0, 1]),
 (16, [1775, 62, 0, 1, 0, 1826, 833, 1, 1, 0, 3, 1, 2, 2, 2]),
 (16, [1450, 70, 1, 1, 0, 1778, 912, 1, 1, 2, 4, 1, 0, 2, 1]),
 (16, [1263, 36, 1, 0, 1, 1221, 1151, 0, 0, 1, 0, 1, 2, 0, 0]),
 (16, [1075, 102, 0, 1, 0, 1041, 2025, 0, 1, 0, 2, 1, 0, 0, 0]),
 (16, [1035, 43, 0, 0, 1, 885, 1039, 1, 1, 0, 0, 0, 2, 2, 1]),
 (16, [914, 110, 1, 1, 0, 1844, 1987, 0, 1, 0, 2, 1, 1, 0, 1]),
 (16, [854, 62, 1, 0, 1, 1138, 953, 1, 0, 1, 1, 0, 1, 2, 1]),
 (16, [804, 24, 1, 0, 0, 1500, 765, 0, 0, 2, 3, 0, 1, 0, 2]),
 (16, [755, 35, 1, 1, 1, 1228, 521, 0, 1, 0, 0, 1, 2, 2, 2]),
 (16, [748, 109, 0, 1, 1, 638, 871, 1, 0, 1, 0, 1, 2, 1, 1]),
 (12, [1715, 115, 1, 1, 1, 1916, 1700, 0, 1, 2, 2, 0, 2, 0, 2]),
 (12, [1195, 85, 0, 1, 0, 1950, 761, 0, 0, 2, 4, 0, 1, 2, 1]),
 (12, [698, 13, 1, 0, 0, 1422, 1771, 1, 0, 2, 0, 0, 2, 1, 0]),
 (12, [618, 46, 0, 0, 0, 1008, 1906, 0, 1, 1, 2, 1, 1, 0, 2])]
scored
[(12, [618, 46, 0, 0, 0, 1008, 1906, 0, 1, 1, 2, 1, 1, 0, 2]),
 (12, [698, 13, 1, 0, 0, 1422, 1771, 1, 0, 2, 0, 0, 2, 1, 0]),
 (12, [1195, 85, 0, 1, 0, 1950, 761, 0, 0, 2, 4, 0, 1, 2, 1]),
 (12, [1715, 115, 1, 1, 1, 1916, 1700, 0, 1, 2, 2, 0, 2, 0, 2]),
 (16, [748, 109, 0, 1, 1, 638, 871, 1, 0, 1, 0, 1, 2, 1, 1]),
 (16, [755, 35, 1, 1, 1, 1228, 521, 0, 1, 0, 0, 1, 2, 2, 2]),
 (16, [804, 24, 1, 0, 0, 1500, 765, 0, 0, 2, 3, 0, 1, 0, 2]),
 (16, [854, 62, 1, 0, 1, 1138, 953, 1, 0, 1, 1, 0, 1, 2, 1]),
 (16, [914, 110, 1, 1, 0, 1844, 1987, 0, 1, 0, 2, 1, 1, 0, 1]),
 (16, [1035, 43, 0, 0, 1, 885, 1039, 1, 1, 0, 0, 0, 2, 2, 1]),
 (16, [1075, 102, 0, 1, 0, 1041, 2025, 0, 1, 0, 2, 1, 0, 0, 0]),
 (16, [1263, 36, 1, 0, 1, 1221, 1151, 0, 0, 1, 0, 1, 2, 0, 0]),
 (16, [1450, 70, 1, 1, 0, 1778, 912, 1, 1, 2, 4, 1, 0, 2, 1]),
 (16, [1775, 62, 0, 1, 0, 1826, 833, 1, 1, 0, 3, 1, 2, 2, 2]),
 (16, [1789, 38, 1, 0, 1, 1806, 567, 0, 0, 2, 2, 0, 0, 0, 1]),
 (999, [528, 111, 1, 0, 1, 1325, 1394, 0, 1, 3, 0, 0, 2, 1, 2]),
 (999, [554, 25, 0, 0, 0, 1336, 1803, 1, 0, 3, 2, 0, 0, 0, 0]),
 (999, [663, 107, 1, 0, 0, 1530, 846, 0, 1, 3, 5, 0, 1, 2, 1]),
 (999, [678, 59, 0, 1, 0, 1275, 561, 1, 1, 1, 5, 1, 1, 2, 2]),
 (999, [708, 97, 1, 1, 1, 701, 1286, 0, 0, 0, 5, 1, 1, 2, 1]),
 (999, [754, 117, 0, 1, 1, 948, 1155, 0, 0, 0, 5, 0, 2, 2, 1]),
 (999, [769, 103, 0, 1, 0, 1787, 804, 0, 1, 3, 3, 0, 0, 0, 0]),
 (999, [807, 27, 1, 1, 1, 965, 616, 0, 1, 2, 5, 0, 1, 0, 2]),
 (999, [1098, 75, 0, 0, 1, 1819, 1851, 0, 0, 2, 5, 0, 2, 2, 1]),
 (999, [1132, 19, 0, 1, 0, 633, 1316, 0, 1, 3, 2, 1, 2, 1, 2]),
 (999, [1301, 20, 0, 0, 0, 558, 1085, 1, 1, 1, 5, 1, 0, 1, 1]),
 (999, [1477, 75, 0, 1, 0, 678, 824, 0, 1, 3, 1, 1, 2, 0, 0]),
 (999, [1563, 19, 0, 1, 1, 1878, 2005, 0, 0, 0, 5, 0, 1, 0, 2]),
 (999, [1724, 88, 0, 1, 1, 1693, 1235, 1, 1, 2, 5, 0, 0, 0, 0]),
 (999, [1768, 28, 1, 1, 0, 585, 1773, 0, 0, 3, 1, 0, 0, 2, 1]),
 (999, [1792, 101, 0, 1, 1, 1449, 1567, 1, 0, 3, 5, 1, 1, 2, 0]),
 (999, [1997, 43, 0, 0, 0, 1427, 1675, 0, 1, 3, 1, 1, 1, 1, 2])]
Selected
[(16, [755, 35, 1, 1, 1, 1228, 521, 0, 1, 0, 0, 1, 2, 2, 2]),
 (12, [698, 13, 1, 0, 0, 1422, 1771, 1, 0, 2, 0, 0, 2, 1, 0]),
 (12, [1715, 115, 1, 1, 1, 1916, 1700, 0, 1, 2, 2, 0, 2, 0, 2]),
 (12, [698, 13, 1, 0, 0, 1422, 1771, 1, 0, 2, 0, 0, 2, 1, 0]),
 (16, [804, 24, 1, 0, 0, 1500, 765, 0, 0, 2, 3, 0, 1, 0, 2]),
 (16, [804, 24, 1, 0, 0, 1500, 765, 0, 0, 2, 3, 0, 1, 0, 2]),
 (16, [854, 62, 1, 0, 1, 1138, 953, 1, 0, 1, 1, 0, 1, 2, 1]),
 (16, [804, 24, 1, 0, 0, 1500, 765, 0, 0, 2, 3, 0, 1, 0, 2]),
 (16, [914, 110, 1, 1, 0, 1844, 1987, 0, 1, 0, 2, 1, 1, 0, 1]),
 (12, [1195, 85, 0, 1, 0, 1950, 761, 0, 0, 2, 4, 0, 1, 2, 1]),
 (12, [1195, 85, 0, 1, 0, 1950, 761, 0, 0, 2, 4, 0, 1, 2, 1]),
 (16, [748, 109, 0, 1, 1, 638, 871, 1, 0, 1, 0, 1, 2, 1, 1]),
 (12, [1195, 85, 0, 1, 0, 1950, 761, 0, 0, 2, 4, 0, 1, 2, 1]),
 (999, [769, 103, 0, 1, 0, 1787, 804, 0, 1, 3, 3, 0, 0, 0, 0]),
 (16, [854, 62, 1, 0, 1, 1138, 953, 1, 0, 1, 1, 0, 1, 2, 1]),
 (12, [1715, 115, 1, 1, 1, 1916, 1700, 0, 1, 2, 2, 0, 2, 0, 2]),
 (12, [618, 46, 0, 0, 0, 1008, 1906, 0, 1, 1, 2, 1, 1, 0, 2]),
 (12, [698, 13, 1, 0, 0, 1422, 1771, 1, 0, 2, 0, 0, 2, 1, 0]),
 (12, [698, 13, 1, 0, 0, 1422, 1771, 1, 0, 2, 0, 0, 2, 1, 0]),
 (16, [755, 35, 1, 1, 1, 1228, 521, 0, 1, 0, 0, 1, 2, 2, 2]),
 (16, [1263, 36, 1, 0, 1, 1221, 1151, 0, 0, 1, 0, 1, 2, 0, 0]),
 (12, [618, 46, 0, 0, 0, 1008, 1906, 0, 1, 1, 2, 1, 1, 0, 2]),
 (16, [854, 62, 1, 0, 1, 1138, 953, 1, 0, 1, 1, 0, 1, 2, 1]),
 (12, [1715, 115, 1, 1, 1, 1916, 1700, 0, 1, 2, 2, 0, 2, 0, 2]),
 (16, [804, 24, 1, 0, 0, 1500, 765, 0, 0, 2, 3, 0, 1, 0, 2]),
 (999, [678, 59, 0, 1, 0, 1275, 561, 1, 1, 1, 5, 1, 1, 2, 2]),
 (16, [854, 62, 1, 0, 1, 1138, 953, 1, 0, 1, 1, 0, 1, 2, 1])]
population
[(999, [1997, 43, 0, 0, 0, 1427, 1675, 0, 1, 3, 1, 1, 1, 1, 2]),
 (999, [1792, 101, 0, 1, 1, 1449, 1567, 1, 0, 3, 5, 1, 1, 2, 0]),
 (999, [1768, 28, 1, 1, 0, 585, 1773, 0, 0, 3, 1, 0, 0, 2, 1]),
 (999, [1724, 88, 0, 1, 1, 1693, 1235, 1, 1, 2, 5, 0, 0, 0, 0]),
 (999, [1563, 19, 0, 1, 1, 1878, 2005, 0, 0, 0, 5, 0, 1, 0, 2]),
 (999, [1477, 75, 0, 1, 0, 678, 824, 0, 1, 3, 1, 1, 2, 0, 0]),
 (999, [1301, 20, 0, 0, 0, 558, 1085, 1, 1, 1, 5, 1, 0, 1, 1]),
 (999, [1132, 19, 0, 1, 0, 633, 1316, 0, 1, 3, 2, 1, 2, 1, 2]),
 (999, [1098, 75, 0, 0, 1, 1819, 1851, 0, 0, 2, 5, 0, 2, 2, 1]),
 (999, [807, 27, 1, 1, 1, 965, 616, 0, 1, 2, 5, 0, 1, 0, 2]),
 (999, [769, 103, 0, 1, 0, 1787, 804, 0, 1, 3, 3, 0, 0, 0, 0]),
 (999, [754, 117, 0, 1, 1, 948, 1155, 0, 0, 0, 5, 0, 2, 2, 1]),
 (999, [708, 97, 1, 1, 1, 701, 1286, 0, 0, 0, 5, 1, 1, 2, 1]),
 (999, [678, 59, 0, 1, 0, 1275, 561, 1, 1, 1, 5, 1, 1, 2, 2]),
 (999, [663, 107, 1, 0, 0, 1530, 846, 0, 1, 3, 5, 0, 1, 2, 1]),
 (999, [554, 25, 0, 0, 0, 1336, 1803, 1, 0, 3, 2, 0, 0, 0, 0]),
 (999, [528, 111, 1, 0, 1, 1325, 1394, 0, 1, 3, 0, 0, 2, 1, 2]),
 (16, [1789, 38, 1, 0, 1, 1806, 567, 0, 0, 2, 2, 0, 0, 0, 1]),
 (16, [1775, 62, 0, 1, 0, 1826, 833, 1, 1, 0, 3, 1, 2, 2, 2]),
 (16, [1450, 70, 1, 1, 0, 1778, 912, 1, 1, 2, 4, 1, 0, 2, 1]),
 (16, [1263, 36, 1, 0, 1, 1221, 1151, 0, 0, 1, 0, 1, 2, 0, 0]),
 (16, [1075, 102, 0, 1, 0, 1041, 2025, 0, 1, 0, 2, 1, 0, 0, 0]),
 (16, [1035, 43, 0, 0, 1, 885, 1039, 1, 1, 0, 0, 0, 2, 2, 1]),
 (16, [914, 110, 1, 1, 0, 1844, 1987, 0, 1, 0, 2, 1, 1, 0, 1]),
 (16, [854, 62, 1, 0, 1, 1138, 953, 1, 0, 1, 1, 0, 1, 2, 1]),
 (16, [804, 24, 1, 0, 0, 1500, 765, 0, 0, 2, 3, 0, 1, 0, 2]),
 (16, [755, 35, 1, 1, 1, 1228, 521, 0, 1, 0, 0, 1, 2, 2, 2]),
 (16, [748, 109, 0, 1, 1, 638, 871, 1, 0, 1, 0, 1, 2, 1, 1]),
 (12, [1715, 115, 1, 1, 1, 1916, 1700, 0, 1, 2, 2, 0, 2, 0, 2]),
 (12, [1195, 85, 0, 1, 0, 1950, 761, 0, 0, 2, 4, 0, 1, 2, 1]),
 (12, [698, 13, 1, 0, 0, 1422, 1771, 1, 0, 2, 0, 0, 2, 1, 0]),
 (12, [618, 46, 0, 0, 0, 1008, 1906, 0, 1, 1, 2, 1, 1, 0, 2])]
scored
[(12, [618, 46, 0, 0, 0, 1008, 1906, 0, 1, 1, 2, 1, 1, 0, 2]),
 (12, [698, 13, 1, 0, 0, 1422, 1771, 1, 0, 2, 0, 0, 2, 1, 0]),
 (12, [1195, 85, 0, 1, 0, 1950, 761, 0, 0, 2, 4, 0, 1, 2, 1]),
 (12, [1715, 115, 1, 1, 1, 1916, 1700, 0, 1, 2, 2, 0, 2, 0, 2]),
 (16, [748, 109, 0, 1, 1, 638, 871, 1, 0, 1, 0, 1, 2, 1, 1]),
 (16, [755, 35, 1, 1, 1, 1228, 521, 0, 1, 0, 0, 1, 2, 2, 2]),
 (16, [804, 24, 1, 0, 0, 1500, 765, 0, 0, 2, 3, 0, 1, 0, 2]),
 (16, [854, 62, 1, 0, 1, 1138, 953, 1, 0, 1, 1, 0, 1, 2, 1]),
 (16, [914, 110, 1, 1, 0, 1844, 1987, 0, 1, 0, 2, 1, 1, 0, 1]),
 (16, [1035, 43, 0, 0, 1, 885, 1039, 1, 1, 0, 0, 0, 2, 2, 1]),
 (16, [1075, 102, 0, 1, 0, 1041, 2025, 0, 1, 0, 2, 1, 0, 0, 0]),
 (16, [1263, 36, 1, 0, 1, 1221, 1151, 0, 0, 1, 0, 1, 2, 0, 0]),
 (16, [1450, 70, 1, 1, 0, 1778, 912, 1, 1, 2, 4, 1, 0, 2, 1]),
 (16, [1775, 62, 0, 1, 0, 1826, 833, 1, 1, 0, 3, 1, 2, 2, 2]),
 (16, [1789, 38, 1, 0, 1, 1806, 567, 0, 0, 2, 2, 0, 0, 0, 1]),
 (999, [528, 111, 1, 0, 1, 1325, 1394, 0, 1, 3, 0, 0, 2, 1, 2]),
 (999, [554, 25, 0, 0, 0, 1336, 1803, 1, 0, 3, 2, 0, 0, 0, 0]),
 (999, [663, 107, 1, 0, 0, 1530, 846, 0, 1, 3, 5, 0, 1, 2, 1]),
 (999, [678, 59, 0, 1, 0, 1275, 561, 1, 1, 1, 5, 1, 1, 2, 2]),
 (999, [708, 97, 1, 1, 1, 701, 1286, 0, 0, 0, 5, 1, 1, 2, 1]),
 (999, [754, 117, 0, 1, 1, 948, 1155, 0, 0, 0, 5, 0, 2, 2, 1]),
 (999, [769, 103, 0, 1, 0, 1787, 804, 0, 1, 3, 3, 0, 0, 0, 0]),
 (999, [807, 27, 1, 1, 1, 965, 616, 0, 1, 2, 5, 0, 1, 0, 2]),
 (999, [1098, 75, 0, 0, 1, 1819, 1851, 0, 0, 2, 5, 0, 2, 2, 1]),
 (999, [1132, 19, 0, 1, 0, 633, 1316, 0, 1, 3, 2, 1, 2, 1, 2]),
 (999, [1301, 20, 0, 0, 0, 558, 1085, 1, 1, 1, 5, 1, 0, 1, 1]),
 (999, [1477, 75, 0, 1, 0, 678, 824, 0, 1, 3, 1, 1, 2, 0, 0]),
 (999, [1563, 19, 0, 1, 1, 1878, 2005, 0, 0, 0, 5, 0, 1, 0, 2]),
 (999, [1724, 88, 0, 1, 1, 1693, 1235, 1, 1, 2, 5, 0, 0, 0, 0]),
 (999, [1768, 28, 1, 1, 0, 585, 1773, 0, 0, 3, 1, 0, 0, 2, 1]),
 (999, [1792, 101, 0, 1, 1, 1449, 1567, 1, 0, 3, 5, 1, 1, 2, 0]),
 (999, [1997, 43, 0, 0, 0, 1427, 1675, 0, 1, 3, 1, 1, 1, 1, 2])]
Selected
[(12, [1715, 115, 1, 1, 1, 1916, 1700, 0, 1, 2, 2, 0, 2, 0, 2]),
 (12, [1195, 85, 0, 1, 0, 1950, 761, 0, 0, 2, 4, 0, 1, 2, 1]),
 (16, [748, 109, 0, 1, 1, 638, 871, 1, 0, 1, 0, 1, 2, 1, 1]),
 (16, [854, 62, 1, 0, 1, 1138, 953, 1, 0, 1, 1, 0, 1, 2, 1]),
 (16, [755, 35, 1, 1, 1, 1228, 521, 0, 1, 0, 0, 1, 2, 2, 2]),
 (16, [1075, 102, 0, 1, 0, 1041, 2025, 0, 1, 0, 2, 1, 0, 0, 0]),
 (12, [1715, 115, 1, 1, 1, 1916, 1700, 0, 1, 2, 2, 0, 2, 0, 2]),
 (16, [755, 35, 1, 1, 1, 1228, 521, 0, 1, 0, 0, 1, 2, 2, 2]),
 (12, [698, 13, 1, 0, 0, 1422, 1771, 1, 0, 2, 0, 0, 2, 1, 0]),
 (16, [854, 62, 1, 0, 1, 1138, 953, 1, 0, 1, 1, 0, 1, 2, 1]),
 (12, [698, 13, 1, 0, 0, 1422, 1771, 1, 0, 2, 0, 0, 2, 1, 0]),
 (12, [1715, 115, 1, 1, 1, 1916, 1700, 0, 1, 2, 2, 0, 2, 0, 2]),
 (12, [1195, 85, 0, 1, 0, 1950, 761, 0, 0, 2, 4, 0, 1, 2, 1]),
 (12, [1715, 115, 1, 1, 1, 1916, 1700, 0, 1, 2, 2, 0, 2, 0, 2]),
 (12, [618, 46, 0, 0, 0, 1008, 1906, 0, 1, 1, 2, 1, 1, 0, 2]),
 (12, [1195, 85, 0, 1, 0, 1950, 761, 0, 0, 2, 4, 0, 1, 2, 1]),
 (16, [1450, 70, 1, 1, 0, 1778, 912, 1, 1, 2, 4, 1, 0, 2, 1]),
 (12, [618, 46, 0, 0, 0, 1008, 1906, 0, 1, 1, 2, 1, 1, 0, 2]),
 (16, [804, 24, 1, 0, 0, 1500, 765, 0, 0, 2, 3, 0, 1, 0, 2]),
 (16, [748, 109, 0, 1, 1, 638, 871, 1, 0, 1, 0, 1, 2, 1, 1]),
 (12, [1195, 85, 0, 1, 0, 1950, 761, 0, 0, 2, 4, 0, 1, 2, 1]),
 (12, [618, 46, 0, 0, 0, 1008, 1906, 0, 1, 1, 2, 1, 1, 0, 2]),
 (16, [1075, 102, 0, 1, 0, 1041, 2025, 0, 1, 0, 2, 1, 0, 0, 0]),
 (16, [755, 35, 1, 1, 1, 1228, 521, 0, 1, 0, 0, 1, 2, 2, 2]),
 (12, [1195, 85, 0, 1, 0, 1950, 761, 0, 0, 2, 4, 0, 1, 2, 1]),
 (12, [618, 46, 0, 0, 0, 1008, 1906, 0, 1, 1, 2, 1, 1, 0, 2]),
 (12, [1195, 85, 0, 1, 0, 1950, 761, 0, 0, 2, 4, 0, 1, 2, 1])]

Poblacin de 32 individuos durante 15 generaciones
Poblacin inicial:
[(999, [1997, 43, 0, 0, 0, 1427, 1675, 0, 1, 3, 1, 1, 1, 1, 2]),
 (999, [1792, 101, 0, 1, 1, 1449, 1567, 1, 0, 3, 5, 1, 1, 2, 0]),
 (999, [1768, 28, 1, 1, 0, 585, 1773, 0, 0, 3, 1, 0, 0, 2, 1]),
 (999, [1724, 88, 0, 1, 1, 1693, 1235, 1, 1, 2, 5, 0, 0, 0, 0]),
 (999, [1563, 19, 0, 1, 1, 1878, 2005, 0, 0, 0, 5, 0, 1, 0, 2]),
 (999, [1477, 75, 0, 1, 0, 678, 824, 0, 1, 3, 1, 1, 2, 0, 0]),
 (999, [1301, 20, 0, 0, 0, 558, 1085, 1, 1, 1, 5, 1, 0, 1, 1]),
 (999, [1132, 19, 0, 1, 0, 633, 1316, 0, 1, 3, 2, 1, 2, 1, 2]),
 (999, [1098, 75, 0, 0, 1, 1819, 1851, 0, 0, 2, 5, 0, 2, 2, 1]),
 (999, [807, 27, 1, 1, 1, 965, 616, 0, 1, 2, 5, 0, 1, 0, 2]),
 (999, [769, 103, 0, 1, 0, 1787, 804, 0, 1, 3, 3, 0, 0, 0, 0]),
 (999, [754, 117, 0, 1, 1, 948, 1155, 0, 0, 0, 5, 0, 2, 2, 1]),
 (999, [708, 97, 1, 1, 1, 701, 1286, 0, 0, 0, 5, 1, 1, 2, 1]),
 (999, [678, 59, 0, 1, 0, 1275, 561, 1, 1, 1, 5, 1, 1, 2, 2]),
 (999, [663, 107, 1, 0, 0, 1530, 846, 0, 1, 3, 5, 0, 1, 2, 1]),
 (999, [554, 25, 0, 0, 0, 1336, 1803, 1, 0, 3, 2, 0, 0, 0, 0]),
 (999, [528, 111, 1, 0, 1, 1325, 1394, 0, 1, 3, 0, 0, 2, 1, 2]),
 (16, [1789, 38, 1, 0, 1, 1806, 567, 0, 0, 2, 2, 0, 0, 0, 1]),
 (16, [1775, 62, 0, 1, 0, 1826, 833, 1, 1, 0, 3, 1, 2, 2, 2]),
 (16, [1450, 70, 1, 1, 0, 1778, 912, 1, 1, 2, 4, 1, 0, 2, 1]),
 (16, [1263, 36, 1, 0, 1, 1221, 1151, 0, 0, 1, 0, 1, 2, 0, 0]),
 (16, [1075, 102, 0, 1, 0, 1041, 2025, 0, 1, 0, 2, 1, 0, 0, 0]),
 (16, [1035, 43, 0, 0, 1, 885, 1039, 1, 1, 0, 0, 0, 2, 2, 1]),
 (16, [914, 110, 1, 1, 0, 1844, 1987, 0, 1, 0, 2, 1, 1, 0, 1]),
 (16, [854, 62, 1, 0, 1, 1138, 953, 1, 0, 1, 1, 0, 1, 2, 1]),
 (16, [804, 24, 1, 0, 0, 1500, 765, 0, 0, 2, 3, 0, 1, 0, 2]),
 (16, [755, 35, 1, 1, 1, 1228, 521, 0, 1, 0, 0, 1, 2, 2, 2]),
 (16, [748, 109, 0, 1, 1, 638, 871, 1, 0, 1, 0, 1, 2, 1, 1]),
 (12, [1715, 115, 1, 1, 1, 1916, 1700, 0, 1, 2, 2, 0, 2, 0, 2]),
 (12, [1195, 85, 0, 1, 0, 1950, 761, 0, 0, 2, 4, 0, 1, 2, 1]),
 (12, [698, 13, 1, 0, 0, 1422, 1771, 1, 0, 2, 0, 0, 2, 1, 0]),
 (12, [618, 46, 0, 0, 0, 1008, 1906, 0, 1, 1, 2, 1, 1, 0, 2])]
Poblacin final:
[(999, [1997, 43, 0, 0, 0, 1427, 1675, 0, 1, 3, 1, 1, 1, 1, 2]),
 (999, [1792, 101, 0, 1, 1, 1449, 1567, 1, 0, 3, 5, 1, 1, 2, 0]),
 (999, [1768, 28, 1, 1, 0, 585, 1773, 0, 0, 3, 1, 0, 0, 2, 1]),
 (999, [1724, 88, 0, 1, 1, 1693, 1235, 1, 1, 2, 5, 0, 0, 0, 0]),
 (999, [1563, 19, 0, 1, 1, 1878, 2005, 0, 0, 0, 5, 0, 1, 0, 2]),
 (999, [1477, 75, 0, 1, 0, 678, 824, 0, 1, 3, 1, 1, 2, 0, 0]),
 (999, [1301, 20, 0, 0, 0, 558, 1085, 1, 1, 1, 5, 1, 0, 1, 1]),
 (999, [1132, 19, 0, 1, 0, 633, 1316, 0, 1, 3, 2, 1, 2, 1, 2]),
 (999, [1098, 75, 0, 0, 1, 1819, 1851, 0, 0, 2, 5, 0, 2, 2, 1]),
 (999, [807, 27, 1, 1, 1, 965, 616, 0, 1, 2, 5, 0, 1, 0, 2]),
 (999, [769, 103, 0, 1, 0, 1787, 804, 0, 1, 3, 3, 0, 0, 0, 0]),
 (999, [754, 117, 0, 1, 1, 948, 1155, 0, 0, 0, 5, 0, 2, 2, 1]),
 (999, [708, 97, 1, 1, 1, 701, 1286, 0, 0, 0, 5, 1, 1, 2, 1]),
 (999, [678, 59, 0, 1, 0, 1275, 561, 1, 1, 1, 5, 1, 1, 2, 2]),
 (999, [663, 107, 1, 0, 0, 1530, 846, 0, 1, 3, 5, 0, 1, 2, 1]),
 (999, [554, 25, 0, 0, 0, 1336, 1803, 1, 0, 3, 2, 0, 0, 0, 0]),
 (999, [528, 111, 1, 0, 1, 1325, 1394, 0, 1, 3, 0, 0, 2, 1, 2]),
 (16, [1789, 38, 1, 0, 1, 1806, 567, 0, 0, 2, 2, 0, 0, 0, 1]),
 (16, [1775, 62, 0, 1, 0, 1826, 833, 1, 1, 0, 3, 1, 2, 2, 2]),
 (16, [1450, 70, 1, 1, 0, 1778, 912, 1, 1, 2, 4, 1, 0, 2, 1]),
 (16, [1263, 36, 1, 0, 1, 1221, 1151, 0, 0, 1, 0, 1, 2, 0, 0]),
 (16, [1075, 102, 0, 1, 0, 1041, 2025, 0, 1, 0, 2, 1, 0, 0, 0]),
 (16, [1035, 43, 0, 0, 1, 885, 1039, 1, 1, 0, 0, 0, 2, 2, 1]),
 (16, [914, 110, 1, 1, 0, 1844, 1987, 0, 1, 0, 2, 1, 1, 0, 1]),
 (16, [854, 62, 1, 0, 1, 1138, 953, 1, 0, 1, 1, 0, 1, 2, 1]),
 (16, [804, 24, 1, 0, 0, 1500, 765, 0, 0, 2, 3, 0, 1, 0, 2]),
 (16, [755, 35, 1, 1, 1, 1228, 521, 0, 1, 0, 0, 1, 2, 2, 2]),
 (16, [748, 109, 0, 1, 1, 638, 871, 1, 0, 1, 0, 1, 2, 1, 1]),
 (12, [1715, 115, 1, 1, 1, 1916, 1700, 0, 1, 2, 2, 0, 2, 0, 2]),
 (12, [1195, 85, 0, 1, 0, 1950, 761, 0, 0, 2, 4, 0, 1, 2, 1]),
 (12, [698, 13, 1, 0, 0, 1422, 1771, 1, 0, 2, 0, 0, 2, 1, 0]),
 (12, [618, 46, 0, 0, 0, 1008, 1906, 0, 1, 1, 2, 1, 1, 0, 2])]
Elapsed time is 596.472044 seconds.
