 * Manually resetting nginx to stopped state
 * Manually resetting nginx to stopped state
 * Manually resetting nginx to stopped state
 * Manually resetting nginx to stopped state
 * Manually resetting nginx to stopped state
 * Manually resetting nginx to stopped state
 * Manually resetting nginx to stopped state
 * Manually resetting nginx to stopped state
 * Manually resetting nginx to stopped state
 * Manually resetting nginx to stopped state
 * Manually resetting nginx to stopped state
 * Manually resetting nginx to stopped state
 * Manually resetting nginx to stopped state
 * Manually resetting nginx to stopped state
 * Manually resetting nginx to stopped state
 * Manually resetting nginx to stopped state
 * Manually resetting nginx to stopped state
 * Manually resetting nginx to stopped state
 * Manually resetting nginx to stopped state
 * Manually resetting nginx to stopped state
 * Manually resetting nginx to stopped state
 * Manually resetting nginx to stopped state
 * Manually resetting nginx to stopped state
 * Manually resetting nginx to stopped state
 * Manually resetting nginx to stopped state
genes: 15
individuals : 32
pressure: 5
mutation_chance: 0
generations: 15
crossover_type: 2
mutation_type_random: 0
Alerts:
12
Alerts:
16
Alerts:
16
Alerts:
16
Alerts:
12
Alerts:
16
Alerts:
16
Alerts:
12
Alerts:
16
Alerts:
16
Alerts:
16
Alerts:
12
Alerts:
12
Alerts:
12
Alerts:
12
Alerts:
16
Alerts:
12
Alerts:
12
Alerts:
16
Alerts:
12
Alerts:
16
Alerts:
16
Alerts:
12
Alerts:
16
Alerts:
16
population
[(12, [1559, 90, 0, 1, 1, 1286, 2013, 0, 0, 1, 1, 0, 1, 2, 0]),
 (16, [713, 40, 1, 0, 1, 1803, 1621, 0, 1, 1, 1, 1, 2, 1, 0]),
 (16, [1940, 53, 1, 1, 1, 1734, 1333, 1, 0, 2, 2, 0, 0, 2, 1]),
 (16, [1642, 50, 0, 1, 1, 980, 2046, 0, 1, 0, 1, 0, 1, 1, 2]),
 (12, [1289, 85, 0, 1, 1, 848, 552, 0, 1, 0, 1, 0, 2, 1, 1]),
 (16, [1046, 45, 0, 0, 0, 1941, 1776, 0, 1, 2, 3, 0, 2, 1, 0]),
 (999, [1287, 45, 0, 1, 0, 1114, 735, 1, 0, 3, 0, 0, 0, 1, 1]),
 (16, [771, 21, 0, 1, 0, 1423, 930, 0, 1, 1, 2, 0, 2, 2, 1]),
 (12, [1769, 10, 0, 0, 0, 2032, 1588, 0, 0, 0, 4, 0, 2, 1, 1]),
 (16, [889, 114, 0, 1, 1, 580, 1210, 0, 0, 0, 1, 1, 1, 0, 0]),
 (999, [1859, 85, 0, 0, 1, 1311, 1303, 1, 0, 0, 5, 1, 2, 1, 2]),
 (16, [1583, 44, 1, 1, 0, 847, 1802, 1, 0, 1, 0, 1, 1, 2, 0]),
 (16, [512, 82, 0, 1, 1, 2016, 756, 1, 1, 1, 4, 1, 1, 1, 1]),
 (12, [524, 94, 0, 0, 0, 1216, 769, 0, 1, 1, 3, 0, 0, 2, 1]),
 (999, [735, 112, 0, 1, 1, 963, 925, 1, 0, 3, 5, 0, 2, 2, 2]),
 (999, [1427, 63, 0, 0, 1, 975, 1579, 1, 1, 3, 5, 0, 0, 2, 2]),
 (12, [1345, 28, 0, 0, 1, 1557, 605, 0, 1, 0, 1, 1, 0, 2, 2]),
 (12, [1265, 18, 1, 1, 1, 1019, 2016, 1, 1, 2, 3, 1, 2, 0, 1]),
 (999, [1805, 98, 0, 1, 0, 773, 1428, 1, 1, 3, 3, 1, 2, 2, 0]),
 (12, [1601, 29, 0, 0, 1, 1065, 737, 0, 1, 1, 3, 0, 2, 2, 0]),
 (16, [849, 97, 1, 0, 1, 795, 805, 0, 1, 1, 1, 0, 0, 0, 1]),
 (12, [1102, 11, 1, 1, 1, 1130, 1619, 0, 0, 0, 4, 1, 2, 2, 0]),
 (12, [1770, 112, 1, 0, 0, 1589, 843, 1, 0, 1, 3, 0, 2, 0, 2]),
 (16, [558, 43, 1, 1, 1, 1416, 798, 1, 0, 2, 1, 1, 1, 0, 1]),
 (999, [1987, 58, 0, 1, 0, 1525, 941, 1, 1, 0, 5, 1, 2, 0, 1]),
 (12, [1279, 108, 0, 1, 0, 1467, 682, 1, 0, 0, 4, 0, 0, 1, 1]),
 (16, [1711, 69, 0, 1, 0, 717, 1548, 1, 0, 0, 1, 1, 2, 0, 0]),
 (16, [862, 57, 0, 0, 1, 1247, 783, 1, 1, 1, 2, 0, 2, 2, 2]),
 (12, [933, 118, 1, 0, 0, 1226, 1560, 0, 1, 0, 4, 1, 2, 2, 1]),
 (999, [1443, 60, 1, 1, 1, 1343, 1698, 1, 0, 3, 5, 1, 0, 1, 1]),
 (16, [1712, 84, 1, 0, 1, 1699, 1169, 1, 1, 1, 1, 1, 1, 1, 1]),
 (16, [751, 83, 1, 1, 0, 1756, 1865, 1, 0, 1, 0, 0, 1, 0, 1])]
scored
[(12, [524, 94, 0, 0, 0, 1216, 769, 0, 1, 1, 3, 0, 0, 2, 1]),
 (12, [933, 118, 1, 0, 0, 1226, 1560, 0, 1, 0, 4, 1, 2, 2, 1]),
 (12, [1102, 11, 1, 1, 1, 1130, 1619, 0, 0, 0, 4, 1, 2, 2, 0]),
 (12, [1265, 18, 1, 1, 1, 1019, 2016, 1, 1, 2, 3, 1, 2, 0, 1]),
 (12, [1279, 108, 0, 1, 0, 1467, 682, 1, 0, 0, 4, 0, 0, 1, 1]),
 (12, [1289, 85, 0, 1, 1, 848, 552, 0, 1, 0, 1, 0, 2, 1, 1]),
 (12, [1345, 28, 0, 0, 1, 1557, 605, 0, 1, 0, 1, 1, 0, 2, 2]),
 (12, [1559, 90, 0, 1, 1, 1286, 2013, 0, 0, 1, 1, 0, 1, 2, 0]),
 (12, [1601, 29, 0, 0, 1, 1065, 737, 0, 1, 1, 3, 0, 2, 2, 0]),
 (12, [1769, 10, 0, 0, 0, 2032, 1588, 0, 0, 0, 4, 0, 2, 1, 1]),
 (12, [1770, 112, 1, 0, 0, 1589, 843, 1, 0, 1, 3, 0, 2, 0, 2]),
 (16, [512, 82, 0, 1, 1, 2016, 756, 1, 1, 1, 4, 1, 1, 1, 1]),
 (16, [558, 43, 1, 1, 1, 1416, 798, 1, 0, 2, 1, 1, 1, 0, 1]),
 (16, [713, 40, 1, 0, 1, 1803, 1621, 0, 1, 1, 1, 1, 2, 1, 0]),
 (16, [751, 83, 1, 1, 0, 1756, 1865, 1, 0, 1, 0, 0, 1, 0, 1]),
 (16, [771, 21, 0, 1, 0, 1423, 930, 0, 1, 1, 2, 0, 2, 2, 1]),
 (16, [849, 97, 1, 0, 1, 795, 805, 0, 1, 1, 1, 0, 0, 0, 1]),
 (16, [862, 57, 0, 0, 1, 1247, 783, 1, 1, 1, 2, 0, 2, 2, 2]),
 (16, [889, 114, 0, 1, 1, 580, 1210, 0, 0, 0, 1, 1, 1, 0, 0]),
 (16, [1046, 45, 0, 0, 0, 1941, 1776, 0, 1, 2, 3, 0, 2, 1, 0]),
 (16, [1583, 44, 1, 1, 0, 847, 1802, 1, 0, 1, 0, 1, 1, 2, 0]),
 (16, [1642, 50, 0, 1, 1, 980, 2046, 0, 1, 0, 1, 0, 1, 1, 2]),
 (16, [1711, 69, 0, 1, 0, 717, 1548, 1, 0, 0, 1, 1, 2, 0, 0]),
 (16, [1712, 84, 1, 0, 1, 1699, 1169, 1, 1, 1, 1, 1, 1, 1, 1]),
 (16, [1940, 53, 1, 1, 1, 1734, 1333, 1, 0, 2, 2, 0, 0, 2, 1]),
 (999, [735, 112, 0, 1, 1, 963, 925, 1, 0, 3, 5, 0, 2, 2, 2]),
 (999, [1287, 45, 0, 1, 0, 1114, 735, 1, 0, 3, 0, 0, 0, 1, 1]),
 (999, [1427, 63, 0, 0, 1, 975, 1579, 1, 1, 3, 5, 0, 0, 2, 2]),
 (999, [1443, 60, 1, 1, 1, 1343, 1698, 1, 0, 3, 5, 1, 0, 1, 1]),
 (999, [1805, 98, 0, 1, 0, 773, 1428, 1, 1, 3, 3, 1, 2, 2, 0]),
 (999, [1859, 85, 0, 0, 1, 1311, 1303, 1, 0, 0, 5, 1, 2, 1, 2]),
 (999, [1987, 58, 0, 1, 0, 1525, 941, 1, 1, 0, 5, 1, 2, 0, 1])]
Selected
[(12, [1770, 112, 1, 0, 0, 1589, 843, 1, 0, 1, 3, 0, 2, 0, 2]),
 (16, [751, 83, 1, 1, 0, 1756, 1865, 1, 0, 1, 0, 0, 1, 0, 1]),
 (12, [524, 94, 0, 0, 0, 1216, 769, 0, 1, 1, 3, 0, 0, 2, 1]),
 (12, [933, 118, 1, 0, 0, 1226, 1560, 0, 1, 0, 4, 1, 2, 2, 1]),
 (12, [1279, 108, 0, 1, 0, 1467, 682, 1, 0, 0, 4, 0, 0, 1, 1]),
 (12, [1769, 10, 0, 0, 0, 2032, 1588, 0, 0, 0, 4, 0, 2, 1, 1]),
 (12, [1102, 11, 1, 1, 1, 1130, 1619, 0, 0, 0, 4, 1, 2, 2, 0]),
 (12, [1102, 11, 1, 1, 1, 1130, 1619, 0, 0, 0, 4, 1, 2, 2, 0]),
 (12, [1279, 108, 0, 1, 0, 1467, 682, 1, 0, 0, 4, 0, 0, 1, 1]),
 (12, [1265, 18, 1, 1, 1, 1019, 2016, 1, 1, 2, 3, 1, 2, 0, 1]),
 (12, [1345, 28, 0, 0, 1, 1557, 605, 0, 1, 0, 1, 1, 0, 2, 2]),
 (12, [933, 118, 1, 0, 0, 1226, 1560, 0, 1, 0, 4, 1, 2, 2, 1]),
 (12, [1289, 85, 0, 1, 1, 848, 552, 0, 1, 0, 1, 0, 2, 1, 1]),
 (12, [1289, 85, 0, 1, 1, 848, 552, 0, 1, 0, 1, 0, 2, 1, 1]),
 (12, [1102, 11, 1, 1, 1, 1130, 1619, 0, 0, 0, 4, 1, 2, 2, 0]),
 (12, [1279, 108, 0, 1, 0, 1467, 682, 1, 0, 0, 4, 0, 0, 1, 1]),
 (12, [1265, 18, 1, 1, 1, 1019, 2016, 1, 1, 2, 3, 1, 2, 0, 1]),
 (12, [1265, 18, 1, 1, 1, 1019, 2016, 1, 1, 2, 3, 1, 2, 0, 1]),
 (12, [1102, 11, 1, 1, 1, 1130, 1619, 0, 0, 0, 4, 1, 2, 2, 0]),
 (12, [524, 94, 0, 0, 0, 1216, 769, 0, 1, 1, 3, 0, 0, 2, 1]),
 (16, [751, 83, 1, 1, 0, 1756, 1865, 1, 0, 1, 0, 0, 1, 0, 1]),
 (12, [1102, 11, 1, 1, 1, 1130, 1619, 0, 0, 0, 4, 1, 2, 2, 0]),
 (12, [1265, 18, 1, 1, 1, 1019, 2016, 1, 1, 2, 3, 1, 2, 0, 1]),
 (12, [1289, 85, 0, 1, 1, 848, 552, 0, 1, 0, 1, 0, 2, 1, 1]),
 (12, [1102, 11, 1, 1, 1, 1130, 1619, 0, 0, 0, 4, 1, 2, 2, 0]),
 (12, [1279, 108, 0, 1, 0, 1467, 682, 1, 0, 0, 4, 0, 0, 1, 1]),
 (12, [1289, 85, 0, 1, 1, 848, 552, 0, 1, 0, 1, 0, 2, 1, 1])]
population
[(999, [1987, 58, 0, 1, 0, 1525, 941, 1, 1, 0, 5, 1, 2, 0, 1]),
 (999, [1859, 85, 0, 0, 1, 1311, 1303, 1, 0, 0, 5, 1, 2, 1, 2]),
 (999, [1805, 98, 0, 1, 0, 773, 1428, 1, 1, 3, 3, 1, 2, 2, 0]),
 (999, [1443, 60, 1, 1, 1, 1343, 1698, 1, 0, 3, 5, 1, 0, 1, 1]),
 (999, [1427, 63, 0, 0, 1, 975, 1579, 1, 1, 3, 5, 0, 0, 2, 2]),
 (999, [1287, 45, 0, 1, 0, 1114, 735, 1, 0, 3, 0, 0, 0, 1, 1]),
 (999, [735, 112, 0, 1, 1, 963, 925, 1, 0, 3, 5, 0, 2, 2, 2]),
 (16, [1940, 53, 1, 1, 1, 1734, 1333, 1, 0, 2, 2, 0, 0, 2, 1]),
 (16, [1712, 84, 1, 0, 1, 1699, 1169, 1, 1, 1, 1, 1, 1, 1, 1]),
 (16, [1711, 69, 0, 1, 0, 717, 1548, 1, 0, 0, 1, 1, 2, 0, 0]),
 (16, [1642, 50, 0, 1, 1, 980, 2046, 0, 1, 0, 1, 0, 1, 1, 2]),
 (16, [1583, 44, 1, 1, 0, 847, 1802, 1, 0, 1, 0, 1, 1, 2, 0]),
 (16, [1046, 45, 0, 0, 0, 1941, 1776, 0, 1, 2, 3, 0, 2, 1, 0]),
 (16, [889, 114, 0, 1, 1, 580, 1210, 0, 0, 0, 1, 1, 1, 0, 0]),
 (16, [862, 57, 0, 0, 1, 1247, 783, 1, 1, 1, 2, 0, 2, 2, 2]),
 (16, [849, 97, 1, 0, 1, 795, 805, 0, 1, 1, 1, 0, 0, 0, 1]),
 (16, [771, 21, 0, 1, 0, 1423, 930, 0, 1, 1, 2, 0, 2, 2, 1]),
 (16, [751, 83, 1, 1, 0, 1756, 1865, 1, 0, 1, 0, 0, 1, 0, 1]),
 (16, [713, 40, 1, 0, 1, 1803, 1621, 0, 1, 1, 1, 1, 2, 1, 0]),
 (16, [558, 43, 1, 1, 1, 1416, 798, 1, 0, 2, 1, 1, 1, 0, 1]),
 (16, [512, 82, 0, 1, 1, 2016, 756, 1, 1, 1, 4, 1, 1, 1, 1]),
 (12, [1770, 112, 1, 0, 0, 1589, 843, 1, 0, 1, 3, 0, 2, 0, 2]),
 (12, [1769, 10, 0, 0, 0, 2032, 1588, 0, 0, 0, 4, 0, 2, 1, 1]),
 (12, [1601, 29, 0, 0, 1, 1065, 737, 0, 1, 1, 3, 0, 2, 2, 0]),
 (12, [1559, 90, 0, 1, 1, 1286, 2013, 0, 0, 1, 1, 0, 1, 2, 0]),
 (12, [1345, 28, 0, 0, 1, 1557, 605, 0, 1, 0, 1, 1, 0, 2, 2]),
 (12, [1289, 85, 0, 1, 1, 848, 552, 0, 1, 0, 1, 0, 2, 1, 1]),
 (12, [1279, 108, 0, 1, 0, 1467, 682, 1, 0, 0, 4, 0, 0, 1, 1]),
 (12, [1265, 18, 1, 1, 1, 1019, 2016, 1, 1, 2, 3, 1, 2, 0, 1]),
 (12, [1102, 11, 1, 1, 1, 1130, 1619, 0, 0, 0, 4, 1, 2, 2, 0]),
 (12, [933, 118, 1, 0, 0, 1226, 1560, 0, 1, 0, 4, 1, 2, 2, 1]),
 (12, [524, 94, 0, 0, 0, 1216, 769, 0, 1, 1, 3, 0, 0, 2, 1])]
scored
[(12, [524, 94, 0, 0, 0, 1216, 769, 0, 1, 1, 3, 0, 0, 2, 1]),
 (12, [933, 118, 1, 0, 0, 1226, 1560, 0, 1, 0, 4, 1, 2, 2, 1]),
 (12, [1102, 11, 1, 1, 1, 1130, 1619, 0, 0, 0, 4, 1, 2, 2, 0]),
 (12, [1265, 18, 1, 1, 1, 1019, 2016, 1, 1, 2, 3, 1, 2, 0, 1]),
 (12, [1279, 108, 0, 1, 0, 1467, 682, 1, 0, 0, 4, 0, 0, 1, 1]),
 (12, [1289, 85, 0, 1, 1, 848, 552, 0, 1, 0, 1, 0, 2, 1, 1]),
 (12, [1345, 28, 0, 0, 1, 1557, 605, 0, 1, 0, 1, 1, 0, 2, 2]),
 (12, [1559, 90, 0, 1, 1, 1286, 2013, 0, 0, 1, 1, 0, 1, 2, 0]),
 (12, [1601, 29, 0, 0, 1, 1065, 737, 0, 1, 1, 3, 0, 2, 2, 0]),
 (12, [1769, 10, 0, 0, 0, 2032, 1588, 0, 0, 0, 4, 0, 2, 1, 1]),
 (12, [1770, 112, 1, 0, 0, 1589, 843, 1, 0, 1, 3, 0, 2, 0, 2]),
 (16, [512, 82, 0, 1, 1, 2016, 756, 1, 1, 1, 4, 1, 1, 1, 1]),
 (16, [558, 43, 1, 1, 1, 1416, 798, 1, 0, 2, 1, 1, 1, 0, 1]),
 (16, [713, 40, 1, 0, 1, 1803, 1621, 0, 1, 1, 1, 1, 2, 1, 0]),
 (16, [751, 83, 1, 1, 0, 1756, 1865, 1, 0, 1, 0, 0, 1, 0, 1]),
 (16, [771, 21, 0, 1, 0, 1423, 930, 0, 1, 1, 2, 0, 2, 2, 1]),
 (16, [849, 97, 1, 0, 1, 795, 805, 0, 1, 1, 1, 0, 0, 0, 1]),
 (16, [862, 57, 0, 0, 1, 1247, 783, 1, 1, 1, 2, 0, 2, 2, 2]),
 (16, [889, 114, 0, 1, 1, 580, 1210, 0, 0, 0, 1, 1, 1, 0, 0]),
 (16, [1046, 45, 0, 0, 0, 1941, 1776, 0, 1, 2, 3, 0, 2, 1, 0]),
 (16, [1583, 44, 1, 1, 0, 847, 1802, 1, 0, 1, 0, 1, 1, 2, 0]),
 (16, [1642, 50, 0, 1, 1, 980, 2046, 0, 1, 0, 1, 0, 1, 1, 2]),
 (16, [1711, 69, 0, 1, 0, 717, 1548, 1, 0, 0, 1, 1, 2, 0, 0]),
 (16, [1712, 84, 1, 0, 1, 1699, 1169, 1, 1, 1, 1, 1, 1, 1, 1]),
 (16, [1940, 53, 1, 1, 1, 1734, 1333, 1, 0, 2, 2, 0, 0, 2, 1]),
 (999, [735, 112, 0, 1, 1, 963, 925, 1, 0, 3, 5, 0, 2, 2, 2]),
 (999, [1287, 45, 0, 1, 0, 1114, 735, 1, 0, 3, 0, 0, 0, 1, 1]),
 (999, [1427, 63, 0, 0, 1, 975, 1579, 1, 1, 3, 5, 0, 0, 2, 2]),
 (999, [1443, 60, 1, 1, 1, 1343, 1698, 1, 0, 3, 5, 1, 0, 1, 1]),
 (999, [1805, 98, 0, 1, 0, 773, 1428, 1, 1, 3, 3, 1, 2, 2, 0]),
 (999, [1859, 85, 0, 0, 1, 1311, 1303, 1, 0, 0, 5, 1, 2, 1, 2]),
 (999, [1987, 58, 0, 1, 0, 1525, 941, 1, 1, 0, 5, 1, 2, 0, 1])]
Selected
[(12, [1102, 11, 1, 1, 1, 1130, 1619, 0, 0, 0, 4, 1, 2, 2, 0]),
 (12, [1289, 85, 0, 1, 1, 848, 552, 0, 1, 0, 1, 0, 2, 1, 1]),
 (12, [1102, 11, 1, 1, 1, 1130, 1619, 0, 0, 0, 4, 1, 2, 2, 0]),
 (16, [558, 43, 1, 1, 1, 1416, 798, 1, 0, 2, 1, 1, 1, 0, 1]),
 (12, [933, 118, 1, 0, 0, 1226, 1560, 0, 1, 0, 4, 1, 2, 2, 1]),
 (16, [862, 57, 0, 0, 1, 1247, 783, 1, 1, 1, 2, 0, 2, 2, 2]),
 (12, [1279, 108, 0, 1, 0, 1467, 682, 1, 0, 0, 4, 0, 0, 1, 1]),
 (12, [1102, 11, 1, 1, 1, 1130, 1619, 0, 0, 0, 4, 1, 2, 2, 0]),
 (12, [1265, 18, 1, 1, 1, 1019, 2016, 1, 1, 2, 3, 1, 2, 0, 1]),
 (12, [524, 94, 0, 0, 0, 1216, 769, 0, 1, 1, 3, 0, 0, 2, 1]),
 (12, [933, 118, 1, 0, 0, 1226, 1560, 0, 1, 0, 4, 1, 2, 2, 1]),
 (12, [1289, 85, 0, 1, 1, 848, 552, 0, 1, 0, 1, 0, 2, 1, 1]),
 (12, [1279, 108, 0, 1, 0, 1467, 682, 1, 0, 0, 4, 0, 0, 1, 1]),
 (12, [1601, 29, 0, 0, 1, 1065, 737, 0, 1, 1, 3, 0, 2, 2, 0]),
 (12, [1345, 28, 0, 0, 1, 1557, 605, 0, 1, 0, 1, 1, 0, 2, 2]),
 (12, [1102, 11, 1, 1, 1, 1130, 1619, 0, 0, 0, 4, 1, 2, 2, 0]),
 (12, [1102, 11, 1, 1, 1, 1130, 1619, 0, 0, 0, 4, 1, 2, 2, 0]),
 (12, [1559, 90, 0, 1, 1, 1286, 2013, 0, 0, 1, 1, 0, 1, 2, 0]),
 (12, [933, 118, 1, 0, 0, 1226, 1560, 0, 1, 0, 4, 1, 2, 2, 1]),
 (12, [1265, 18, 1, 1, 1, 1019, 2016, 1, 1, 2, 3, 1, 2, 0, 1]),
 (12, [1102, 11, 1, 1, 1, 1130, 1619, 0, 0, 0, 4, 1, 2, 2, 0]),
 (12, [1601, 29, 0, 0, 1, 1065, 737, 0, 1, 1, 3, 0, 2, 2, 0]),
 (12, [524, 94, 0, 0, 0, 1216, 769, 0, 1, 1, 3, 0, 0, 2, 1]),
 (12, [1345, 28, 0, 0, 1, 1557, 605, 0, 1, 0, 1, 1, 0, 2, 2]),
 (12, [1265, 18, 1, 1, 1, 1019, 2016, 1, 1, 2, 3, 1, 2, 0, 1]),
 (12, [1265, 18, 1, 1, 1, 1019, 2016, 1, 1, 2, 3, 1, 2, 0, 1]),
 (12, [1279, 108, 0, 1, 0, 1467, 682, 1, 0, 0, 4, 0, 0, 1, 1])]
population
[(999, [1987, 58, 0, 1, 0, 1525, 941, 1, 1, 0, 5, 1, 2, 0, 1]),
 (999, [1859, 85, 0, 0, 1, 1311, 1303, 1, 0, 0, 5, 1, 2, 1, 2]),
 (999, [1805, 98, 0, 1, 0, 773, 1428, 1, 1, 3, 3, 1, 2, 2, 0]),
 (999, [1443, 60, 1, 1, 1, 1343, 1698, 1, 0, 3, 5, 1, 0, 1, 1]),
 (999, [1427, 63, 0, 0, 1, 975, 1579, 1, 1, 3, 5, 0, 0, 2, 2]),
 (999, [1287, 45, 0, 1, 0, 1114, 735, 1, 0, 3, 0, 0, 0, 1, 1]),
 (999, [735, 112, 0, 1, 1, 963, 925, 1, 0, 3, 5, 0, 2, 2, 2]),
 (16, [1940, 53, 1, 1, 1, 1734, 1333, 1, 0, 2, 2, 0, 0, 2, 1]),
 (16, [1712, 84, 1, 0, 1, 1699, 1169, 1, 1, 1, 1, 1, 1, 1, 1]),
 (16, [1711, 69, 0, 1, 0, 717, 1548, 1, 0, 0, 1, 1, 2, 0, 0]),
 (16, [1642, 50, 0, 1, 1, 980, 2046, 0, 1, 0, 1, 0, 1, 1, 2]),
 (16, [1583, 44, 1, 1, 0, 847, 1802, 1, 0, 1, 0, 1, 1, 2, 0]),
 (16, [1046, 45, 0, 0, 0, 1941, 1776, 0, 1, 2, 3, 0, 2, 1, 0]),
 (16, [889, 114, 0, 1, 1, 580, 1210, 0, 0, 0, 1, 1, 1, 0, 0]),
 (16, [862, 57, 0, 0, 1, 1247, 783, 1, 1, 1, 2, 0, 2, 2, 2]),
 (16, [849, 97, 1, 0, 1, 795, 805, 0, 1, 1, 1, 0, 0, 0, 1]),
 (16, [771, 21, 0, 1, 0, 1423, 930, 0, 1, 1, 2, 0, 2, 2, 1]),
 (16, [751, 83, 1, 1, 0, 1756, 1865, 1, 0, 1, 0, 0, 1, 0, 1]),
 (16, [713, 40, 1, 0, 1, 1803, 1621, 0, 1, 1, 1, 1, 2, 1, 0]),
 (16, [558, 43, 1, 1, 1, 1416, 798, 1, 0, 2, 1, 1, 1, 0, 1]),
 (16, [512, 82, 0, 1, 1, 2016, 756, 1, 1, 1, 4, 1, 1, 1, 1]),
 (12, [1770, 112, 1, 0, 0, 1589, 843, 1, 0, 1, 3, 0, 2, 0, 2]),
 (12, [1769, 10, 0, 0, 0, 2032, 1588, 0, 0, 0, 4, 0, 2, 1, 1]),
 (12, [1601, 29, 0, 0, 1, 1065, 737, 0, 1, 1, 3, 0, 2, 2, 0]),
 (12, [1559, 90, 0, 1, 1, 1286, 2013, 0, 0, 1, 1, 0, 1, 2, 0]),
 (12, [1345, 28, 0, 0, 1, 1557, 605, 0, 1, 0, 1, 1, 0, 2, 2]),
 (12, [1289, 85, 0, 1, 1, 848, 552, 0, 1, 0, 1, 0, 2, 1, 1]),
 (12, [1279, 108, 0, 1, 0, 1467, 682, 1, 0, 0, 4, 0, 0, 1, 1]),
 (12, [1265, 18, 1, 1, 1, 1019, 2016, 1, 1, 2, 3, 1, 2, 0, 1]),
 (12, [1102, 11, 1, 1, 1, 1130, 1619, 0, 0, 0, 4, 1, 2, 2, 0]),
 (12, [933, 118, 1, 0, 0, 1226, 1560, 0, 1, 0, 4, 1, 2, 2, 1]),
 (12, [524, 94, 0, 0, 0, 1216, 769, 0, 1, 1, 3, 0, 0, 2, 1])]
scored
[(12, [524, 94, 0, 0, 0, 1216, 769, 0, 1, 1, 3, 0, 0, 2, 1]),
 (12, [933, 118, 1, 0, 0, 1226, 1560, 0, 1, 0, 4, 1, 2, 2, 1]),
 (12, [1102, 11, 1, 1, 1, 1130, 1619, 0, 0, 0, 4, 1, 2, 2, 0]),
 (12, [1265, 18, 1, 1, 1, 1019, 2016, 1, 1, 2, 3, 1, 2, 0, 1]),
 (12, [1279, 108, 0, 1, 0, 1467, 682, 1, 0, 0, 4, 0, 0, 1, 1]),
 (12, [1289, 85, 0, 1, 1, 848, 552, 0, 1, 0, 1, 0, 2, 1, 1]),
 (12, [1345, 28, 0, 0, 1, 1557, 605, 0, 1, 0, 1, 1, 0, 2, 2]),
 (12, [1559, 90, 0, 1, 1, 1286, 2013, 0, 0, 1, 1, 0, 1, 2, 0]),
 (12, [1601, 29, 0, 0, 1, 1065, 737, 0, 1, 1, 3, 0, 2, 2, 0]),
 (12, [1769, 10, 0, 0, 0, 2032, 1588, 0, 0, 0, 4, 0, 2, 1, 1]),
 (12, [1770, 112, 1, 0, 0, 1589, 843, 1, 0, 1, 3, 0, 2, 0, 2]),
 (16, [512, 82, 0, 1, 1, 2016, 756, 1, 1, 1, 4, 1, 1, 1, 1]),
 (16, [558, 43, 1, 1, 1, 1416, 798, 1, 0, 2, 1, 1, 1, 0, 1]),
 (16, [713, 40, 1, 0, 1, 1803, 1621, 0, 1, 1, 1, 1, 2, 1, 0]),
 (16, [751, 83, 1, 1, 0, 1756, 1865, 1, 0, 1, 0, 0, 1, 0, 1]),
 (16, [771, 21, 0, 1, 0, 1423, 930, 0, 1, 1, 2, 0, 2, 2, 1]),
 (16, [849, 97, 1, 0, 1, 795, 805, 0, 1, 1, 1, 0, 0, 0, 1]),
 (16, [862, 57, 0, 0, 1, 1247, 783, 1, 1, 1, 2, 0, 2, 2, 2]),
 (16, [889, 114, 0, 1, 1, 580, 1210, 0, 0, 0, 1, 1, 1, 0, 0]),
 (16, [1046, 45, 0, 0, 0, 1941, 1776, 0, 1, 2, 3, 0, 2, 1, 0]),
 (16, [1583, 44, 1, 1, 0, 847, 1802, 1, 0, 1, 0, 1, 1, 2, 0]),
 (16, [1642, 50, 0, 1, 1, 980, 2046, 0, 1, 0, 1, 0, 1, 1, 2]),
 (16, [1711, 69, 0, 1, 0, 717, 1548, 1, 0, 0, 1, 1, 2, 0, 0]),
 (16, [1712, 84, 1, 0, 1, 1699, 1169, 1, 1, 1, 1, 1, 1, 1, 1]),
 (16, [1940, 53, 1, 1, 1, 1734, 1333, 1, 0, 2, 2, 0, 0, 2, 1]),
 (999, [735, 112, 0, 1, 1, 963, 925, 1, 0, 3, 5, 0, 2, 2, 2]),
 (999, [1287, 45, 0, 1, 0, 1114, 735, 1, 0, 3, 0, 0, 0, 1, 1]),
 (999, [1427, 63, 0, 0, 1, 975, 1579, 1, 1, 3, 5, 0, 0, 2, 2]),
 (999, [1443, 60, 1, 1, 1, 1343, 1698, 1, 0, 3, 5, 1, 0, 1, 1]),
 (999, [1805, 98, 0, 1, 0, 773, 1428, 1, 1, 3, 3, 1, 2, 2, 0]),
 (999, [1859, 85, 0, 0, 1, 1311, 1303, 1, 0, 0, 5, 1, 2, 1, 2]),
 (999, [1987, 58, 0, 1, 0, 1525, 941, 1, 1, 0, 5, 1, 2, 0, 1])]
Selected
[(12, [524, 94, 0, 0, 0, 1216, 769, 0, 1, 1, 3, 0, 0, 2, 1]),
 (12, [933, 118, 1, 0, 0, 1226, 1560, 0, 1, 0, 4, 1, 2, 2, 1]),
 (12, [1102, 11, 1, 1, 1, 1130, 1619, 0, 0, 0, 4, 1, 2, 2, 0]),
 (12, [933, 118, 1, 0, 0, 1226, 1560, 0, 1, 0, 4, 1, 2, 2, 1]),
 (16, [751, 83, 1, 1, 0, 1756, 1865, 1, 0, 1, 0, 0, 1, 0, 1]),
 (12, [1345, 28, 0, 0, 1, 1557, 605, 0, 1, 0, 1, 1, 0, 2, 2]),
 (12, [1559, 90, 0, 1, 1, 1286, 2013, 0, 0, 1, 1, 0, 1, 2, 0]),
 (12, [1345, 28, 0, 0, 1, 1557, 605, 0, 1, 0, 1, 1, 0, 2, 2]),
 (12, [1279, 108, 0, 1, 0, 1467, 682, 1, 0, 0, 4, 0, 0, 1, 1]),
 (12, [1265, 18, 1, 1, 1, 1019, 2016, 1, 1, 2, 3, 1, 2, 0, 1]),
 (12, [933, 118, 1, 0, 0, 1226, 1560, 0, 1, 0, 4, 1, 2, 2, 1]),
 (12, [1345, 28, 0, 0, 1, 1557, 605, 0, 1, 0, 1, 1, 0, 2, 2]),
 (12, [1102, 11, 1, 1, 1, 1130, 1619, 0, 0, 0, 4, 1, 2, 2, 0]),
 (12, [1559, 90, 0, 1, 1, 1286, 2013, 0, 0, 1, 1, 0, 1, 2, 0]),
 (12, [1102, 11, 1, 1, 1, 1130, 1619, 0, 0, 0, 4, 1, 2, 2, 0]),
 (12, [933, 118, 1, 0, 0, 1226, 1560, 0, 1, 0, 4, 1, 2, 2, 1]),
 (12, [933, 118, 1, 0, 0, 1226, 1560, 0, 1, 0, 4, 1, 2, 2, 1]),
 (12, [1601, 29, 0, 0, 1, 1065, 737, 0, 1, 1, 3, 0, 2, 2, 0]),
 (12, [933, 118, 1, 0, 0, 1226, 1560, 0, 1, 0, 4, 1, 2, 2, 1]),
 (12, [1102, 11, 1, 1, 1, 1130, 1619, 0, 0, 0, 4, 1, 2, 2, 0]),
 (12, [1559, 90, 0, 1, 1, 1286, 2013, 0, 0, 1, 1, 0, 1, 2, 0]),
 (12, [524, 94, 0, 0, 0, 1216, 769, 0, 1, 1, 3, 0, 0, 2, 1]),
 (12, [1770, 112, 1, 0, 0, 1589, 843, 1, 0, 1, 3, 0, 2, 0, 2]),
 (12, [1102, 11, 1, 1, 1, 1130, 1619, 0, 0, 0, 4, 1, 2, 2, 0]),
 (12, [1265, 18, 1, 1, 1, 1019, 2016, 1, 1, 2, 3, 1, 2, 0, 1]),
 (12, [1265, 18, 1, 1, 1, 1019, 2016, 1, 1, 2, 3, 1, 2, 0, 1]),
 (12, [933, 118, 1, 0, 0, 1226, 1560, 0, 1, 0, 4, 1, 2, 2, 1])]
population
[(999, [1987, 58, 0, 1, 0, 1525, 941, 1, 1, 0, 5, 1, 2, 0, 1]),
 (999, [1859, 85, 0, 0, 1, 1311, 1303, 1, 0, 0, 5, 1, 2, 1, 2]),
 (999, [1805, 98, 0, 1, 0, 773, 1428, 1, 1, 3, 3, 1, 2, 2, 0]),
 (999, [1443, 60, 1, 1, 1, 1343, 1698, 1, 0, 3, 5, 1, 0, 1, 1]),
 (999, [1427, 63, 0, 0, 1, 975, 1579, 1, 1, 3, 5, 0, 0, 2, 2]),
 (999, [1287, 45, 0, 1, 0, 1114, 735, 1, 0, 3, 0, 0, 0, 1, 1]),
 (999, [735, 112, 0, 1, 1, 963, 925, 1, 0, 3, 5, 0, 2, 2, 2]),
 (16, [1940, 53, 1, 1, 1, 1734, 1333, 1, 0, 2, 2, 0, 0, 2, 1]),
 (16, [1712, 84, 1, 0, 1, 1699, 1169, 1, 1, 1, 1, 1, 1, 1, 1]),
 (16, [1711, 69, 0, 1, 0, 717, 1548, 1, 0, 0, 1, 1, 2, 0, 0]),
 (16, [1642, 50, 0, 1, 1, 980, 2046, 0, 1, 0, 1, 0, 1, 1, 2]),
 (16, [1583, 44, 1, 1, 0, 847, 1802, 1, 0, 1, 0, 1, 1, 2, 0]),
 (16, [1046, 45, 0, 0, 0, 1941, 1776, 0, 1, 2, 3, 0, 2, 1, 0]),
 (16, [889, 114, 0, 1, 1, 580, 1210, 0, 0, 0, 1, 1, 1, 0, 0]),
 (16, [862, 57, 0, 0, 1, 1247, 783, 1, 1, 1, 2, 0, 2, 2, 2]),
 (16, [849, 97, 1, 0, 1, 795, 805, 0, 1, 1, 1, 0, 0, 0, 1]),
 (16, [771, 21, 0, 1, 0, 1423, 930, 0, 1, 1, 2, 0, 2, 2, 1]),
 (16, [751, 83, 1, 1, 0, 1756, 1865, 1, 0, 1, 0, 0, 1, 0, 1]),
 (16, [713, 40, 1, 0, 1, 1803, 1621, 0, 1, 1, 1, 1, 2, 1, 0]),
 (16, [558, 43, 1, 1, 1, 1416, 798, 1, 0, 2, 1, 1, 1, 0, 1]),
 (16, [512, 82, 0, 1, 1, 2016, 756, 1, 1, 1, 4, 1, 1, 1, 1]),
 (12, [1770, 112, 1, 0, 0, 1589, 843, 1, 0, 1, 3, 0, 2, 0, 2]),
 (12, [1769, 10, 0, 0, 0, 2032, 1588, 0, 0, 0, 4, 0, 2, 1, 1]),
 (12, [1601, 29, 0, 0, 1, 1065, 737, 0, 1, 1, 3, 0, 2, 2, 0]),
 (12, [1559, 90, 0, 1, 1, 1286, 2013, 0, 0, 1, 1, 0, 1, 2, 0]),
 (12, [1345, 28, 0, 0, 1, 1557, 605, 0, 1, 0, 1, 1, 0, 2, 2]),
 (12, [1289, 85, 0, 1, 1, 848, 552, 0, 1, 0, 1, 0, 2, 1, 1]),
 (12, [1279, 108, 0, 1, 0, 1467, 682, 1, 0, 0, 4, 0, 0, 1, 1]),
 (12, [1265, 18, 1, 1, 1, 1019, 2016, 1, 1, 2, 3, 1, 2, 0, 1]),
 (12, [1102, 11, 1, 1, 1, 1130, 1619, 0, 0, 0, 4, 1, 2, 2, 0]),
 (12, [933, 118, 1, 0, 0, 1226, 1560, 0, 1, 0, 4, 1, 2, 2, 1]),
 (12, [524, 94, 0, 0, 0, 1216, 769, 0, 1, 1, 3, 0, 0, 2, 1])]
scored
[(12, [524, 94, 0, 0, 0, 1216, 769, 0, 1, 1, 3, 0, 0, 2, 1]),
 (12, [933, 118, 1, 0, 0, 1226, 1560, 0, 1, 0, 4, 1, 2, 2, 1]),
 (12, [1102, 11, 1, 1, 1, 1130, 1619, 0, 0, 0, 4, 1, 2, 2, 0]),
 (12, [1265, 18, 1, 1, 1, 1019, 2016, 1, 1, 2, 3, 1, 2, 0, 1]),
 (12, [1279, 108, 0, 1, 0, 1467, 682, 1, 0, 0, 4, 0, 0, 1, 1]),
 (12, [1289, 85, 0, 1, 1, 848, 552, 0, 1, 0, 1, 0, 2, 1, 1]),
 (12, [1345, 28, 0, 0, 1, 1557, 605, 0, 1, 0, 1, 1, 0, 2, 2]),
 (12, [1559, 90, 0, 1, 1, 1286, 2013, 0, 0, 1, 1, 0, 1, 2, 0]),
 (12, [1601, 29, 0, 0, 1, 1065, 737, 0, 1, 1, 3, 0, 2, 2, 0]),
 (12, [1769, 10, 0, 0, 0, 2032, 1588, 0, 0, 0, 4, 0, 2, 1, 1]),
 (12, [1770, 112, 1, 0, 0, 1589, 843, 1, 0, 1, 3, 0, 2, 0, 2]),
 (16, [512, 82, 0, 1, 1, 2016, 756, 1, 1, 1, 4, 1, 1, 1, 1]),
 (16, [558, 43, 1, 1, 1, 1416, 798, 1, 0, 2, 1, 1, 1, 0, 1]),
 (16, [713, 40, 1, 0, 1, 1803, 1621, 0, 1, 1, 1, 1, 2, 1, 0]),
 (16, [751, 83, 1, 1, 0, 1756, 1865, 1, 0, 1, 0, 0, 1, 0, 1]),
 (16, [771, 21, 0, 1, 0, 1423, 930, 0, 1, 1, 2, 0, 2, 2, 1]),
 (16, [849, 97, 1, 0, 1, 795, 805, 0, 1, 1, 1, 0, 0, 0, 1]),
 (16, [862, 57, 0, 0, 1, 1247, 783, 1, 1, 1, 2, 0, 2, 2, 2]),
 (16, [889, 114, 0, 1, 1, 580, 1210, 0, 0, 0, 1, 1, 1, 0, 0]),
 (16, [1046, 45, 0, 0, 0, 1941, 1776, 0, 1, 2, 3, 0, 2, 1, 0]),
 (16, [1583, 44, 1, 1, 0, 847, 1802, 1, 0, 1, 0, 1, 1, 2, 0]),
 (16, [1642, 50, 0, 1, 1, 980, 2046, 0, 1, 0, 1, 0, 1, 1, 2]),
 (16, [1711, 69, 0, 1, 0, 717, 1548, 1, 0, 0, 1, 1, 2, 0, 0]),
 (16, [1712, 84, 1, 0, 1, 1699, 1169, 1, 1, 1, 1, 1, 1, 1, 1]),
 (16, [1940, 53, 1, 1, 1, 1734, 1333, 1, 0, 2, 2, 0, 0, 2, 1]),
 (999, [735, 112, 0, 1, 1, 963, 925, 1, 0, 3, 5, 0, 2, 2, 2]),
 (999, [1287, 45, 0, 1, 0, 1114, 735, 1, 0, 3, 0, 0, 0, 1, 1]),
 (999, [1427, 63, 0, 0, 1, 975, 1579, 1, 1, 3, 5, 0, 0, 2, 2]),
 (999, [1443, 60, 1, 1, 1, 1343, 1698, 1, 0, 3, 5, 1, 0, 1, 1]),
 (999, [1805, 98, 0, 1, 0, 773, 1428, 1, 1, 3, 3, 1, 2, 2, 0]),
 (999, [1859, 85, 0, 0, 1, 1311, 1303, 1, 0, 0, 5, 1, 2, 1, 2]),
 (999, [1987, 58, 0, 1, 0, 1525, 941, 1, 1, 0, 5, 1, 2, 0, 1])]
Selected
[(12, [1102, 11, 1, 1, 1, 1130, 1619, 0, 0, 0, 4, 1, 2, 2, 0]),
 (12, [1279, 108, 0, 1, 0, 1467, 682, 1, 0, 0, 4, 0, 0, 1, 1]),
 (12, [933, 118, 1, 0, 0, 1226, 1560, 0, 1, 0, 4, 1, 2, 2, 1]),
 (12, [1102, 11, 1, 1, 1, 1130, 1619, 0, 0, 0, 4, 1, 2, 2, 0]),
 (12, [1345, 28, 0, 0, 1, 1557, 605, 0, 1, 0, 1, 1, 0, 2, 2]),
 (12, [524, 94, 0, 0, 0, 1216, 769, 0, 1, 1, 3, 0, 0, 2, 1]),
 (12, [524, 94, 0, 0, 0, 1216, 769, 0, 1, 1, 3, 0, 0, 2, 1]),
 (12, [524, 94, 0, 0, 0, 1216, 769, 0, 1, 1, 3, 0, 0, 2, 1]),
 (12, [1265, 18, 1, 1, 1, 1019, 2016, 1, 1, 2, 3, 1, 2, 0, 1]),
 (12, [1559, 90, 0, 1, 1, 1286, 2013, 0, 0, 1, 1, 0, 1, 2, 0]),
 (12, [1769, 10, 0, 0, 0, 2032, 1588, 0, 0, 0, 4, 0, 2, 1, 1]),
 (16, [751, 83, 1, 1, 0, 1756, 1865, 1, 0, 1, 0, 0, 1, 0, 1]),
 (12, [524, 94, 0, 0, 0, 1216, 769, 0, 1, 1, 3, 0, 0, 2, 1]),
 (16, [751, 83, 1, 1, 0, 1756, 1865, 1, 0, 1, 0, 0, 1, 0, 1]),
 (12, [1345, 28, 0, 0, 1, 1557, 605, 0, 1, 0, 1, 1, 0, 2, 2]),
 (12, [1102, 11, 1, 1, 1, 1130, 1619, 0, 0, 0, 4, 1, 2, 2, 0]),
 (12, [933, 118, 1, 0, 0, 1226, 1560, 0, 1, 0, 4, 1, 2, 2, 1]),
 (16, [558, 43, 1, 1, 1, 1416, 798, 1, 0, 2, 1, 1, 1, 0, 1]),
 (16, [558, 43, 1, 1, 1, 1416, 798, 1, 0, 2, 1, 1, 1, 0, 1]),
 (12, [524, 94, 0, 0, 0, 1216, 769, 0, 1, 1, 3, 0, 0, 2, 1]),
 (12, [1289, 85, 0, 1, 1, 848, 552, 0, 1, 0, 1, 0, 2, 1, 1]),
 (12, [1102, 11, 1, 1, 1, 1130, 1619, 0, 0, 0, 4, 1, 2, 2, 0]),
 (12, [933, 118, 1, 0, 0, 1226, 1560, 0, 1, 0, 4, 1, 2, 2, 1]),
 (16, [512, 82, 0, 1, 1, 2016, 756, 1, 1, 1, 4, 1, 1, 1, 1]),
 (12, [933, 118, 1, 0, 0, 1226, 1560, 0, 1, 0, 4, 1, 2, 2, 1]),
 (12, [1769, 10, 0, 0, 0, 2032, 1588, 0, 0, 0, 4, 0, 2, 1, 1]),
 (16, [558, 43, 1, 1, 1, 1416, 798, 1, 0, 2, 1, 1, 1, 0, 1])]
population
[(999, [1987, 58, 0, 1, 0, 1525, 941, 1, 1, 0, 5, 1, 2, 0, 1]),
 (999, [1859, 85, 0, 0, 1, 1311, 1303, 1, 0, 0, 5, 1, 2, 1, 2]),
 (999, [1805, 98, 0, 1, 0, 773, 1428, 1, 1, 3, 3, 1, 2, 2, 0]),
 (999, [1443, 60, 1, 1, 1, 1343, 1698, 1, 0, 3, 5, 1, 0, 1, 1]),
 (999, [1427, 63, 0, 0, 1, 975, 1579, 1, 1, 3, 5, 0, 0, 2, 2]),
 (999, [1287, 45, 0, 1, 0, 1114, 735, 1, 0, 3, 0, 0, 0, 1, 1]),
 (999, [735, 112, 0, 1, 1, 963, 925, 1, 0, 3, 5, 0, 2, 2, 2]),
 (16, [1940, 53, 1, 1, 1, 1734, 1333, 1, 0, 2, 2, 0, 0, 2, 1]),
 (16, [1712, 84, 1, 0, 1, 1699, 1169, 1, 1, 1, 1, 1, 1, 1, 1]),
 (16, [1711, 69, 0, 1, 0, 717, 1548, 1, 0, 0, 1, 1, 2, 0, 0]),
 (16, [1642, 50, 0, 1, 1, 980, 2046, 0, 1, 0, 1, 0, 1, 1, 2]),
 (16, [1583, 44, 1, 1, 0, 847, 1802, 1, 0, 1, 0, 1, 1, 2, 0]),
 (16, [1046, 45, 0, 0, 0, 1941, 1776, 0, 1, 2, 3, 0, 2, 1, 0]),
 (16, [889, 114, 0, 1, 1, 580, 1210, 0, 0, 0, 1, 1, 1, 0, 0]),
 (16, [862, 57, 0, 0, 1, 1247, 783, 1, 1, 1, 2, 0, 2, 2, 2]),
 (16, [849, 97, 1, 0, 1, 795, 805, 0, 1, 1, 1, 0, 0, 0, 1]),
 (16, [771, 21, 0, 1, 0, 1423, 930, 0, 1, 1, 2, 0, 2, 2, 1]),
 (16, [751, 83, 1, 1, 0, 1756, 1865, 1, 0, 1, 0, 0, 1, 0, 1]),
 (16, [713, 40, 1, 0, 1, 1803, 1621, 0, 1, 1, 1, 1, 2, 1, 0]),
 (16, [558, 43, 1, 1, 1, 1416, 798, 1, 0, 2, 1, 1, 1, 0, 1]),
 (16, [512, 82, 0, 1, 1, 2016, 756, 1, 1, 1, 4, 1, 1, 1, 1]),
 (12, [1770, 112, 1, 0, 0, 1589, 843, 1, 0, 1, 3, 0, 2, 0, 2]),
 (12, [1769, 10, 0, 0, 0, 2032, 1588, 0, 0, 0, 4, 0, 2, 1, 1]),
 (12, [1601, 29, 0, 0, 1, 1065, 737, 0, 1, 1, 3, 0, 2, 2, 0]),
 (12, [1559, 90, 0, 1, 1, 1286, 2013, 0, 0, 1, 1, 0, 1, 2, 0]),
 (12, [1345, 28, 0, 0, 1, 1557, 605, 0, 1, 0, 1, 1, 0, 2, 2]),
 (12, [1289, 85, 0, 1, 1, 848, 552, 0, 1, 0, 1, 0, 2, 1, 1]),
 (12, [1279, 108, 0, 1, 0, 1467, 682, 1, 0, 0, 4, 0, 0, 1, 1]),
 (12, [1265, 18, 1, 1, 1, 1019, 2016, 1, 1, 2, 3, 1, 2, 0, 1]),
 (12, [1102, 11, 1, 1, 1, 1130, 1619, 0, 0, 0, 4, 1, 2, 2, 0]),
 (12, [933, 118, 1, 0, 0, 1226, 1560, 0, 1, 0, 4, 1, 2, 2, 1]),
 (12, [524, 94, 0, 0, 0, 1216, 769, 0, 1, 1, 3, 0, 0, 2, 1])]
scored
[(12, [524, 94, 0, 0, 0, 1216, 769, 0, 1, 1, 3, 0, 0, 2, 1]),
 (12, [933, 118, 1, 0, 0, 1226, 1560, 0, 1, 0, 4, 1, 2, 2, 1]),
 (12, [1102, 11, 1, 1, 1, 1130, 1619, 0, 0, 0, 4, 1, 2, 2, 0]),
 (12, [1265, 18, 1, 1, 1, 1019, 2016, 1, 1, 2, 3, 1, 2, 0, 1]),
 (12, [1279, 108, 0, 1, 0, 1467, 682, 1, 0, 0, 4, 0, 0, 1, 1]),
 (12, [1289, 85, 0, 1, 1, 848, 552, 0, 1, 0, 1, 0, 2, 1, 1]),
 (12, [1345, 28, 0, 0, 1, 1557, 605, 0, 1, 0, 1, 1, 0, 2, 2]),
 (12, [1559, 90, 0, 1, 1, 1286, 2013, 0, 0, 1, 1, 0, 1, 2, 0]),
 (12, [1601, 29, 0, 0, 1, 1065, 737, 0, 1, 1, 3, 0, 2, 2, 0]),
 (12, [1769, 10, 0, 0, 0, 2032, 1588, 0, 0, 0, 4, 0, 2, 1, 1]),
 (12, [1770, 112, 1, 0, 0, 1589, 843, 1, 0, 1, 3, 0, 2, 0, 2]),
 (16, [512, 82, 0, 1, 1, 2016, 756, 1, 1, 1, 4, 1, 1, 1, 1]),
 (16, [558, 43, 1, 1, 1, 1416, 798, 1, 0, 2, 1, 1, 1, 0, 1]),
 (16, [713, 40, 1, 0, 1, 1803, 1621, 0, 1, 1, 1, 1, 2, 1, 0]),
 (16, [751, 83, 1, 1, 0, 1756, 1865, 1, 0, 1, 0, 0, 1, 0, 1]),
 (16, [771, 21, 0, 1, 0, 1423, 930, 0, 1, 1, 2, 0, 2, 2, 1]),
 (16, [849, 97, 1, 0, 1, 795, 805, 0, 1, 1, 1, 0, 0, 0, 1]),
 (16, [862, 57, 0, 0, 1, 1247, 783, 1, 1, 1, 2, 0, 2, 2, 2]),
 (16, [889, 114, 0, 1, 1, 580, 1210, 0, 0, 0, 1, 1, 1, 0, 0]),
 (16, [1046, 45, 0, 0, 0, 1941, 1776, 0, 1, 2, 3, 0, 2, 1, 0]),
 (16, [1583, 44, 1, 1, 0, 847, 1802, 1, 0, 1, 0, 1, 1, 2, 0]),
 (16, [1642, 50, 0, 1, 1, 980, 2046, 0, 1, 0, 1, 0, 1, 1, 2]),
 (16, [1711, 69, 0, 1, 0, 717, 1548, 1, 0, 0, 1, 1, 2, 0, 0]),
 (16, [1712, 84, 1, 0, 1, 1699, 1169, 1, 1, 1, 1, 1, 1, 1, 1]),
 (16, [1940, 53, 1, 1, 1, 1734, 1333, 1, 0, 2, 2, 0, 0, 2, 1]),
 (999, [735, 112, 0, 1, 1, 963, 925, 1, 0, 3, 5, 0, 2, 2, 2]),
 (999, [1287, 45, 0, 1, 0, 1114, 735, 1, 0, 3, 0, 0, 0, 1, 1]),
 (999, [1427, 63, 0, 0, 1, 975, 1579, 1, 1, 3, 5, 0, 0, 2, 2]),
 (999, [1443, 60, 1, 1, 1, 1343, 1698, 1, 0, 3, 5, 1, 0, 1, 1]),
 (999, [1805, 98, 0, 1, 0, 773, 1428, 1, 1, 3, 3, 1, 2, 2, 0]),
 (999, [1859, 85, 0, 0, 1, 1311, 1303, 1, 0, 0, 5, 1, 2, 1, 2]),
 (999, [1987, 58, 0, 1, 0, 1525, 941, 1, 1, 0, 5, 1, 2, 0, 1])]
Selected
[(16, [558, 43, 1, 1, 1, 1416, 798, 1, 0, 2, 1, 1, 1, 0, 1]),
 (12, [1345, 28, 0, 0, 1, 1557, 605, 0, 1, 0, 1, 1, 0, 2, 2]),
 (12, [1559, 90, 0, 1, 1, 1286, 2013, 0, 0, 1, 1, 0, 1, 2, 0]),
 (12, [524, 94, 0, 0, 0, 1216, 769, 0, 1, 1, 3, 0, 0, 2, 1]),
 (12, [1279, 108, 0, 1, 0, 1467, 682, 1, 0, 0, 4, 0, 0, 1, 1]),
 (12, [933, 118, 1, 0, 0, 1226, 1560, 0, 1, 0, 4, 1, 2, 2, 1]),
 (12, [1345, 28, 0, 0, 1, 1557, 605, 0, 1, 0, 1, 1, 0, 2, 2]),
 (16, [512, 82, 0, 1, 1, 2016, 756, 1, 1, 1, 4, 1, 1, 1, 1]),
 (12, [1289, 85, 0, 1, 1, 848, 552, 0, 1, 0, 1, 0, 2, 1, 1]),
 (12, [1102, 11, 1, 1, 1, 1130, 1619, 0, 0, 0, 4, 1, 2, 2, 0]),
 (16, [862, 57, 0, 0, 1, 1247, 783, 1, 1, 1, 2, 0, 2, 2, 2]),
 (12, [933, 118, 1, 0, 0, 1226, 1560, 0, 1, 0, 4, 1, 2, 2, 1]),
 (12, [1770, 112, 1, 0, 0, 1589, 843, 1, 0, 1, 3, 0, 2, 0, 2]),
 (12, [1345, 28, 0, 0, 1, 1557, 605, 0, 1, 0, 1, 1, 0, 2, 2]),
 (12, [1102, 11, 1, 1, 1, 1130, 1619, 0, 0, 0, 4, 1, 2, 2, 0]),
 (16, [512, 82, 0, 1, 1, 2016, 756, 1, 1, 1, 4, 1, 1, 1, 1]),
 (12, [1769, 10, 0, 0, 0, 2032, 1588, 0, 0, 0, 4, 0, 2, 1, 1]),
 (12, [1102, 11, 1, 1, 1, 1130, 1619, 0, 0, 0, 4, 1, 2, 2, 0]),
 (12, [933, 118, 1, 0, 0, 1226, 1560, 0, 1, 0, 4, 1, 2, 2, 1]),
 (12, [1289, 85, 0, 1, 1, 848, 552, 0, 1, 0, 1, 0, 2, 1, 1]),
 (12, [1559, 90, 0, 1, 1, 1286, 2013, 0, 0, 1, 1, 0, 1, 2, 0]),
 (12, [1769, 10, 0, 0, 0, 2032, 1588, 0, 0, 0, 4, 0, 2, 1, 1]),
 (12, [524, 94, 0, 0, 0, 1216, 769, 0, 1, 1, 3, 0, 0, 2, 1]),
 (12, [524, 94, 0, 0, 0, 1216, 769, 0, 1, 1, 3, 0, 0, 2, 1]),
 (12, [1601, 29, 0, 0, 1, 1065, 737, 0, 1, 1, 3, 0, 2, 2, 0]),
 (12, [1265, 18, 1, 1, 1, 1019, 2016, 1, 1, 2, 3, 1, 2, 0, 1]),
 (12, [1769, 10, 0, 0, 0, 2032, 1588, 0, 0, 0, 4, 0, 2, 1, 1])]
population
[(999, [1987, 58, 0, 1, 0, 1525, 941, 1, 1, 0, 5, 1, 2, 0, 1]),
 (999, [1859, 85, 0, 0, 1, 1311, 1303, 1, 0, 0, 5, 1, 2, 1, 2]),
 (999, [1805, 98, 0, 1, 0, 773, 1428, 1, 1, 3, 3, 1, 2, 2, 0]),
 (999, [1443, 60, 1, 1, 1, 1343, 1698, 1, 0, 3, 5, 1, 0, 1, 1]),
 (999, [1427, 63, 0, 0, 1, 975, 1579, 1, 1, 3, 5, 0, 0, 2, 2]),
 (999, [1287, 45, 0, 1, 0, 1114, 735, 1, 0, 3, 0, 0, 0, 1, 1]),
 (999, [735, 112, 0, 1, 1, 963, 925, 1, 0, 3, 5, 0, 2, 2, 2]),
 (16, [1940, 53, 1, 1, 1, 1734, 1333, 1, 0, 2, 2, 0, 0, 2, 1]),
 (16, [1712, 84, 1, 0, 1, 1699, 1169, 1, 1, 1, 1, 1, 1, 1, 1]),
 (16, [1711, 69, 0, 1, 0, 717, 1548, 1, 0, 0, 1, 1, 2, 0, 0]),
 (16, [1642, 50, 0, 1, 1, 980, 2046, 0, 1, 0, 1, 0, 1, 1, 2]),
 (16, [1583, 44, 1, 1, 0, 847, 1802, 1, 0, 1, 0, 1, 1, 2, 0]),
 (16, [1046, 45, 0, 0, 0, 1941, 1776, 0, 1, 2, 3, 0, 2, 1, 0]),
 (16, [889, 114, 0, 1, 1, 580, 1210, 0, 0, 0, 1, 1, 1, 0, 0]),
 (16, [862, 57, 0, 0, 1, 1247, 783, 1, 1, 1, 2, 0, 2, 2, 2]),
 (16, [849, 97, 1, 0, 1, 795, 805, 0, 1, 1, 1, 0, 0, 0, 1]),
 (16, [771, 21, 0, 1, 0, 1423, 930, 0, 1, 1, 2, 0, 2, 2, 1]),
 (16, [751, 83, 1, 1, 0, 1756, 1865, 1, 0, 1, 0, 0, 1, 0, 1]),
 (16, [713, 40, 1, 0, 1, 1803, 1621, 0, 1, 1, 1, 1, 2, 1, 0]),
 (16, [558, 43, 1, 1, 1, 1416, 798, 1, 0, 2, 1, 1, 1, 0, 1]),
 (16, [512, 82, 0, 1, 1, 2016, 756, 1, 1, 1, 4, 1, 1, 1, 1]),
 (12, [1770, 112, 1, 0, 0, 1589, 843, 1, 0, 1, 3, 0, 2, 0, 2]),
 (12, [1769, 10, 0, 0, 0, 2032, 1588, 0, 0, 0, 4, 0, 2, 1, 1]),
 (12, [1601, 29, 0, 0, 1, 1065, 737, 0, 1, 1, 3, 0, 2, 2, 0]),
 (12, [1559, 90, 0, 1, 1, 1286, 2013, 0, 0, 1, 1, 0, 1, 2, 0]),
 (12, [1345, 28, 0, 0, 1, 1557, 605, 0, 1, 0, 1, 1, 0, 2, 2]),
 (12, [1289, 85, 0, 1, 1, 848, 552, 0, 1, 0, 1, 0, 2, 1, 1]),
 (12, [1279, 108, 0, 1, 0, 1467, 682, 1, 0, 0, 4, 0, 0, 1, 1]),
 (12, [1265, 18, 1, 1, 1, 1019, 2016, 1, 1, 2, 3, 1, 2, 0, 1]),
 (12, [1102, 11, 1, 1, 1, 1130, 1619, 0, 0, 0, 4, 1, 2, 2, 0]),
 (12, [933, 118, 1, 0, 0, 1226, 1560, 0, 1, 0, 4, 1, 2, 2, 1]),
 (12, [524, 94, 0, 0, 0, 1216, 769, 0, 1, 1, 3, 0, 0, 2, 1])]
scored
[(12, [524, 94, 0, 0, 0, 1216, 769, 0, 1, 1, 3, 0, 0, 2, 1]),
 (12, [933, 118, 1, 0, 0, 1226, 1560, 0, 1, 0, 4, 1, 2, 2, 1]),
 (12, [1102, 11, 1, 1, 1, 1130, 1619, 0, 0, 0, 4, 1, 2, 2, 0]),
 (12, [1265, 18, 1, 1, 1, 1019, 2016, 1, 1, 2, 3, 1, 2, 0, 1]),
 (12, [1279, 108, 0, 1, 0, 1467, 682, 1, 0, 0, 4, 0, 0, 1, 1]),
 (12, [1289, 85, 0, 1, 1, 848, 552, 0, 1, 0, 1, 0, 2, 1, 1]),
 (12, [1345, 28, 0, 0, 1, 1557, 605, 0, 1, 0, 1, 1, 0, 2, 2]),
 (12, [1559, 90, 0, 1, 1, 1286, 2013, 0, 0, 1, 1, 0, 1, 2, 0]),
 (12, [1601, 29, 0, 0, 1, 1065, 737, 0, 1, 1, 3, 0, 2, 2, 0]),
 (12, [1769, 10, 0, 0, 0, 2032, 1588, 0, 0, 0, 4, 0, 2, 1, 1]),
 (12, [1770, 112, 1, 0, 0, 1589, 843, 1, 0, 1, 3, 0, 2, 0, 2]),
 (16, [512, 82, 0, 1, 1, 2016, 756, 1, 1, 1, 4, 1, 1, 1, 1]),
 (16, [558, 43, 1, 1, 1, 1416, 798, 1, 0, 2, 1, 1, 1, 0, 1]),
 (16, [713, 40, 1, 0, 1, 1803, 1621, 0, 1, 1, 1, 1, 2, 1, 0]),
 (16, [751, 83, 1, 1, 0, 1756, 1865, 1, 0, 1, 0, 0, 1, 0, 1]),
 (16, [771, 21, 0, 1, 0, 1423, 930, 0, 1, 1, 2, 0, 2, 2, 1]),
 (16, [849, 97, 1, 0, 1, 795, 805, 0, 1, 1, 1, 0, 0, 0, 1]),
 (16, [862, 57, 0, 0, 1, 1247, 783, 1, 1, 1, 2, 0, 2, 2, 2]),
 (16, [889, 114, 0, 1, 1, 580, 1210, 0, 0, 0, 1, 1, 1, 0, 0]),
 (16, [1046, 45, 0, 0, 0, 1941, 1776, 0, 1, 2, 3, 0, 2, 1, 0]),
 (16, [1583, 44, 1, 1, 0, 847, 1802, 1, 0, 1, 0, 1, 1, 2, 0]),
 (16, [1642, 50, 0, 1, 1, 980, 2046, 0, 1, 0, 1, 0, 1, 1, 2]),
 (16, [1711, 69, 0, 1, 0, 717, 1548, 1, 0, 0, 1, 1, 2, 0, 0]),
 (16, [1712, 84, 1, 0, 1, 1699, 1169, 1, 1, 1, 1, 1, 1, 1, 1]),
 (16, [1940, 53, 1, 1, 1, 1734, 1333, 1, 0, 2, 2, 0, 0, 2, 1]),
 (999, [735, 112, 0, 1, 1, 963, 925, 1, 0, 3, 5, 0, 2, 2, 2]),
 (999, [1287, 45, 0, 1, 0, 1114, 735, 1, 0, 3, 0, 0, 0, 1, 1]),
 (999, [1427, 63, 0, 0, 1, 975, 1579, 1, 1, 3, 5, 0, 0, 2, 2]),
 (999, [1443, 60, 1, 1, 1, 1343, 1698, 1, 0, 3, 5, 1, 0, 1, 1]),
 (999, [1805, 98, 0, 1, 0, 773, 1428, 1, 1, 3, 3, 1, 2, 2, 0]),
 (999, [1859, 85, 0, 0, 1, 1311, 1303, 1, 0, 0, 5, 1, 2, 1, 2]),
 (999, [1987, 58, 0, 1, 0, 1525, 941, 1, 1, 0, 5, 1, 2, 0, 1])]
Selected
[(12, [1265, 18, 1, 1, 1, 1019, 2016, 1, 1, 2, 3, 1, 2, 0, 1]),
 (12, [1279, 108, 0, 1, 0, 1467, 682, 1, 0, 0, 4, 0, 0, 1, 1]),
 (12, [1601, 29, 0, 0, 1, 1065, 737, 0, 1, 1, 3, 0, 2, 2, 0]),
 (12, [1345, 28, 0, 0, 1, 1557, 605, 0, 1, 0, 1, 1, 0, 2, 2]),
 (16, [713, 40, 1, 0, 1, 1803, 1621, 0, 1, 1, 1, 1, 2, 1, 0]),
 (12, [933, 118, 1, 0, 0, 1226, 1560, 0, 1, 0, 4, 1, 2, 2, 1]),
 (16, [558, 43, 1, 1, 1, 1416, 798, 1, 0, 2, 1, 1, 1, 0, 1]),
 (12, [1769, 10, 0, 0, 0, 2032, 1588, 0, 0, 0, 4, 0, 2, 1, 1]),
 (12, [1289, 85, 0, 1, 1, 848, 552, 0, 1, 0, 1, 0, 2, 1, 1]),
 (12, [1102, 11, 1, 1, 1, 1130, 1619, 0, 0, 0, 4, 1, 2, 2, 0]),
 (12, [524, 94, 0, 0, 0, 1216, 769, 0, 1, 1, 3, 0, 0, 2, 1]),
 (12, [524, 94, 0, 0, 0, 1216, 769, 0, 1, 1, 3, 0, 0, 2, 1]),
 (12, [524, 94, 0, 0, 0, 1216, 769, 0, 1, 1, 3, 0, 0, 2, 1]),
 (12, [1279, 108, 0, 1, 0, 1467, 682, 1, 0, 0, 4, 0, 0, 1, 1]),
 (12, [1265, 18, 1, 1, 1, 1019, 2016, 1, 1, 2, 3, 1, 2, 0, 1]),
 (12, [524, 94, 0, 0, 0, 1216, 769, 0, 1, 1, 3, 0, 0, 2, 1]),
 (12, [524, 94, 0, 0, 0, 1216, 769, 0, 1, 1, 3, 0, 0, 2, 1]),
 (16, [558, 43, 1, 1, 1, 1416, 798, 1, 0, 2, 1, 1, 1, 0, 1]),
 (12, [1265, 18, 1, 1, 1, 1019, 2016, 1, 1, 2, 3, 1, 2, 0, 1]),
 (12, [1769, 10, 0, 0, 0, 2032, 1588, 0, 0, 0, 4, 0, 2, 1, 1]),
 (12, [1279, 108, 0, 1, 0, 1467, 682, 1, 0, 0, 4, 0, 0, 1, 1]),
 (16, [713, 40, 1, 0, 1, 1803, 1621, 0, 1, 1, 1, 1, 2, 1, 0]),
 (12, [1279, 108, 0, 1, 0, 1467, 682, 1, 0, 0, 4, 0, 0, 1, 1]),
 (12, [524, 94, 0, 0, 0, 1216, 769, 0, 1, 1, 3, 0, 0, 2, 1]),
 (12, [933, 118, 1, 0, 0, 1226, 1560, 0, 1, 0, 4, 1, 2, 2, 1]),
 (16, [512, 82, 0, 1, 1, 2016, 756, 1, 1, 1, 4, 1, 1, 1, 1]),
 (12, [1601, 29, 0, 0, 1, 1065, 737, 0, 1, 1, 3, 0, 2, 2, 0])]
population
[(999, [1987, 58, 0, 1, 0, 1525, 941, 1, 1, 0, 5, 1, 2, 0, 1]),
 (999, [1859, 85, 0, 0, 1, 1311, 1303, 1, 0, 0, 5, 1, 2, 1, 2]),
 (999, [1805, 98, 0, 1, 0, 773, 1428, 1, 1, 3, 3, 1, 2, 2, 0]),
 (999, [1443, 60, 1, 1, 1, 1343, 1698, 1, 0, 3, 5, 1, 0, 1, 1]),
 (999, [1427, 63, 0, 0, 1, 975, 1579, 1, 1, 3, 5, 0, 0, 2, 2]),
 (999, [1287, 45, 0, 1, 0, 1114, 735, 1, 0, 3, 0, 0, 0, 1, 1]),
 (999, [735, 112, 0, 1, 1, 963, 925, 1, 0, 3, 5, 0, 2, 2, 2]),
 (16, [1940, 53, 1, 1, 1, 1734, 1333, 1, 0, 2, 2, 0, 0, 2, 1]),
 (16, [1712, 84, 1, 0, 1, 1699, 1169, 1, 1, 1, 1, 1, 1, 1, 1]),
 (16, [1711, 69, 0, 1, 0, 717, 1548, 1, 0, 0, 1, 1, 2, 0, 0]),
 (16, [1642, 50, 0, 1, 1, 980, 2046, 0, 1, 0, 1, 0, 1, 1, 2]),
 (16, [1583, 44, 1, 1, 0, 847, 1802, 1, 0, 1, 0, 1, 1, 2, 0]),
 (16, [1046, 45, 0, 0, 0, 1941, 1776, 0, 1, 2, 3, 0, 2, 1, 0]),
 (16, [889, 114, 0, 1, 1, 580, 1210, 0, 0, 0, 1, 1, 1, 0, 0]),
 (16, [862, 57, 0, 0, 1, 1247, 783, 1, 1, 1, 2, 0, 2, 2, 2]),
 (16, [849, 97, 1, 0, 1, 795, 805, 0, 1, 1, 1, 0, 0, 0, 1]),
 (16, [771, 21, 0, 1, 0, 1423, 930, 0, 1, 1, 2, 0, 2, 2, 1]),
 (16, [751, 83, 1, 1, 0, 1756, 1865, 1, 0, 1, 0, 0, 1, 0, 1]),
 (16, [713, 40, 1, 0, 1, 1803, 1621, 0, 1, 1, 1, 1, 2, 1, 0]),
 (16, [558, 43, 1, 1, 1, 1416, 798, 1, 0, 2, 1, 1, 1, 0, 1]),
 (16, [512, 82, 0, 1, 1, 2016, 756, 1, 1, 1, 4, 1, 1, 1, 1]),
 (12, [1770, 112, 1, 0, 0, 1589, 843, 1, 0, 1, 3, 0, 2, 0, 2]),
 (12, [1769, 10, 0, 0, 0, 2032, 1588, 0, 0, 0, 4, 0, 2, 1, 1]),
 (12, [1601, 29, 0, 0, 1, 1065, 737, 0, 1, 1, 3, 0, 2, 2, 0]),
 (12, [1559, 90, 0, 1, 1, 1286, 2013, 0, 0, 1, 1, 0, 1, 2, 0]),
 (12, [1345, 28, 0, 0, 1, 1557, 605, 0, 1, 0, 1, 1, 0, 2, 2]),
 (12, [1289, 85, 0, 1, 1, 848, 552, 0, 1, 0, 1, 0, 2, 1, 1]),
 (12, [1279, 108, 0, 1, 0, 1467, 682, 1, 0, 0, 4, 0, 0, 1, 1]),
 (12, [1265, 18, 1, 1, 1, 1019, 2016, 1, 1, 2, 3, 1, 2, 0, 1]),
 (12, [1102, 11, 1, 1, 1, 1130, 1619, 0, 0, 0, 4, 1, 2, 2, 0]),
 (12, [933, 118, 1, 0, 0, 1226, 1560, 0, 1, 0, 4, 1, 2, 2, 1]),
 (12, [524, 94, 0, 0, 0, 1216, 769, 0, 1, 1, 3, 0, 0, 2, 1])]
scored
[(12, [524, 94, 0, 0, 0, 1216, 769, 0, 1, 1, 3, 0, 0, 2, 1]),
 (12, [933, 118, 1, 0, 0, 1226, 1560, 0, 1, 0, 4, 1, 2, 2, 1]),
 (12, [1102, 11, 1, 1, 1, 1130, 1619, 0, 0, 0, 4, 1, 2, 2, 0]),
 (12, [1265, 18, 1, 1, 1, 1019, 2016, 1, 1, 2, 3, 1, 2, 0, 1]),
 (12, [1279, 108, 0, 1, 0, 1467, 682, 1, 0, 0, 4, 0, 0, 1, 1]),
 (12, [1289, 85, 0, 1, 1, 848, 552, 0, 1, 0, 1, 0, 2, 1, 1]),
 (12, [1345, 28, 0, 0, 1, 1557, 605, 0, 1, 0, 1, 1, 0, 2, 2]),
 (12, [1559, 90, 0, 1, 1, 1286, 2013, 0, 0, 1, 1, 0, 1, 2, 0]),
 (12, [1601, 29, 0, 0, 1, 1065, 737, 0, 1, 1, 3, 0, 2, 2, 0]),
 (12, [1769, 10, 0, 0, 0, 2032, 1588, 0, 0, 0, 4, 0, 2, 1, 1]),
 (12, [1770, 112, 1, 0, 0, 1589, 843, 1, 0, 1, 3, 0, 2, 0, 2]),
 (16, [512, 82, 0, 1, 1, 2016, 756, 1, 1, 1, 4, 1, 1, 1, 1]),
 (16, [558, 43, 1, 1, 1, 1416, 798, 1, 0, 2, 1, 1, 1, 0, 1]),
 (16, [713, 40, 1, 0, 1, 1803, 1621, 0, 1, 1, 1, 1, 2, 1, 0]),
 (16, [751, 83, 1, 1, 0, 1756, 1865, 1, 0, 1, 0, 0, 1, 0, 1]),
 (16, [771, 21, 0, 1, 0, 1423, 930, 0, 1, 1, 2, 0, 2, 2, 1]),
 (16, [849, 97, 1, 0, 1, 795, 805, 0, 1, 1, 1, 0, 0, 0, 1]),
 (16, [862, 57, 0, 0, 1, 1247, 783, 1, 1, 1, 2, 0, 2, 2, 2]),
 (16, [889, 114, 0, 1, 1, 580, 1210, 0, 0, 0, 1, 1, 1, 0, 0]),
 (16, [1046, 45, 0, 0, 0, 1941, 1776, 0, 1, 2, 3, 0, 2, 1, 0]),
 (16, [1583, 44, 1, 1, 0, 847, 1802, 1, 0, 1, 0, 1, 1, 2, 0]),
 (16, [1642, 50, 0, 1, 1, 980, 2046, 0, 1, 0, 1, 0, 1, 1, 2]),
 (16, [1711, 69, 0, 1, 0, 717, 1548, 1, 0, 0, 1, 1, 2, 0, 0]),
 (16, [1712, 84, 1, 0, 1, 1699, 1169, 1, 1, 1, 1, 1, 1, 1, 1]),
 (16, [1940, 53, 1, 1, 1, 1734, 1333, 1, 0, 2, 2, 0, 0, 2, 1]),
 (999, [735, 112, 0, 1, 1, 963, 925, 1, 0, 3, 5, 0, 2, 2, 2]),
 (999, [1287, 45, 0, 1, 0, 1114, 735, 1, 0, 3, 0, 0, 0, 1, 1]),
 (999, [1427, 63, 0, 0, 1, 975, 1579, 1, 1, 3, 5, 0, 0, 2, 2]),
 (999, [1443, 60, 1, 1, 1, 1343, 1698, 1, 0, 3, 5, 1, 0, 1, 1]),
 (999, [1805, 98, 0, 1, 0, 773, 1428, 1, 1, 3, 3, 1, 2, 2, 0]),
 (999, [1859, 85, 0, 0, 1, 1311, 1303, 1, 0, 0, 5, 1, 2, 1, 2]),
 (999, [1987, 58, 0, 1, 0, 1525, 941, 1, 1, 0, 5, 1, 2, 0, 1])]
Selected
[(12, [1769, 10, 0, 0, 0, 2032, 1588, 0, 0, 0, 4, 0, 2, 1, 1]),
 (12, [1102, 11, 1, 1, 1, 1130, 1619, 0, 0, 0, 4, 1, 2, 2, 0]),
 (12, [524, 94, 0, 0, 0, 1216, 769, 0, 1, 1, 3, 0, 0, 2, 1]),
 (12, [1265, 18, 1, 1, 1, 1019, 2016, 1, 1, 2, 3, 1, 2, 0, 1]),
 (12, [1559, 90, 0, 1, 1, 1286, 2013, 0, 0, 1, 1, 0, 1, 2, 0]),
 (12, [1289, 85, 0, 1, 1, 848, 552, 0, 1, 0, 1, 0, 2, 1, 1]),
 (12, [1289, 85, 0, 1, 1, 848, 552, 0, 1, 0, 1, 0, 2, 1, 1]),
 (12, [1265, 18, 1, 1, 1, 1019, 2016, 1, 1, 2, 3, 1, 2, 0, 1]),
 (12, [933, 118, 1, 0, 0, 1226, 1560, 0, 1, 0, 4, 1, 2, 2, 1]),
 (12, [933, 118, 1, 0, 0, 1226, 1560, 0, 1, 0, 4, 1, 2, 2, 1]),
 (12, [933, 118, 1, 0, 0, 1226, 1560, 0, 1, 0, 4, 1, 2, 2, 1]),
 (12, [1769, 10, 0, 0, 0, 2032, 1588, 0, 0, 0, 4, 0, 2, 1, 1]),
 (12, [1279, 108, 0, 1, 0, 1467, 682, 1, 0, 0, 4, 0, 0, 1, 1]),
 (12, [524, 94, 0, 0, 0, 1216, 769, 0, 1, 1, 3, 0, 0, 2, 1]),
 (12, [933, 118, 1, 0, 0, 1226, 1560, 0, 1, 0, 4, 1, 2, 2, 1]),
 (12, [1601, 29, 0, 0, 1, 1065, 737, 0, 1, 1, 3, 0, 2, 2, 0]),
 (12, [1279, 108, 0, 1, 0, 1467, 682, 1, 0, 0, 4, 0, 0, 1, 1]),
 (12, [1265, 18, 1, 1, 1, 1019, 2016, 1, 1, 2, 3, 1, 2, 0, 1]),
 (12, [1102, 11, 1, 1, 1, 1130, 1619, 0, 0, 0, 4, 1, 2, 2, 0]),
 (12, [933, 118, 1, 0, 0, 1226, 1560, 0, 1, 0, 4, 1, 2, 2, 1]),
 (12, [524, 94, 0, 0, 0, 1216, 769, 0, 1, 1, 3, 0, 0, 2, 1]),
 (12, [933, 118, 1, 0, 0, 1226, 1560, 0, 1, 0, 4, 1, 2, 2, 1]),
 (12, [1559, 90, 0, 1, 1, 1286, 2013, 0, 0, 1, 1, 0, 1, 2, 0]),
 (12, [1265, 18, 1, 1, 1, 1019, 2016, 1, 1, 2, 3, 1, 2, 0, 1]),
 (12, [1265, 18, 1, 1, 1, 1019, 2016, 1, 1, 2, 3, 1, 2, 0, 1]),
 (12, [1102, 11, 1, 1, 1, 1130, 1619, 0, 0, 0, 4, 1, 2, 2, 0]),
 (12, [1601, 29, 0, 0, 1, 1065, 737, 0, 1, 1, 3, 0, 2, 2, 0])]
population
[(999, [1987, 58, 0, 1, 0, 1525, 941, 1, 1, 0, 5, 1, 2, 0, 1]),
 (999, [1859, 85, 0, 0, 1, 1311, 1303, 1, 0, 0, 5, 1, 2, 1, 2]),
 (999, [1805, 98, 0, 1, 0, 773, 1428, 1, 1, 3, 3, 1, 2, 2, 0]),
 (999, [1443, 60, 1, 1, 1, 1343, 1698, 1, 0, 3, 5, 1, 0, 1, 1]),
 (999, [1427, 63, 0, 0, 1, 975, 1579, 1, 1, 3, 5, 0, 0, 2, 2]),
 (999, [1287, 45, 0, 1, 0, 1114, 735, 1, 0, 3, 0, 0, 0, 1, 1]),
 (999, [735, 112, 0, 1, 1, 963, 925, 1, 0, 3, 5, 0, 2, 2, 2]),
 (16, [1940, 53, 1, 1, 1, 1734, 1333, 1, 0, 2, 2, 0, 0, 2, 1]),
 (16, [1712, 84, 1, 0, 1, 1699, 1169, 1, 1, 1, 1, 1, 1, 1, 1]),
 (16, [1711, 69, 0, 1, 0, 717, 1548, 1, 0, 0, 1, 1, 2, 0, 0]),
 (16, [1642, 50, 0, 1, 1, 980, 2046, 0, 1, 0, 1, 0, 1, 1, 2]),
 (16, [1583, 44, 1, 1, 0, 847, 1802, 1, 0, 1, 0, 1, 1, 2, 0]),
 (16, [1046, 45, 0, 0, 0, 1941, 1776, 0, 1, 2, 3, 0, 2, 1, 0]),
 (16, [889, 114, 0, 1, 1, 580, 1210, 0, 0, 0, 1, 1, 1, 0, 0]),
 (16, [862, 57, 0, 0, 1, 1247, 783, 1, 1, 1, 2, 0, 2, 2, 2]),
 (16, [849, 97, 1, 0, 1, 795, 805, 0, 1, 1, 1, 0, 0, 0, 1]),
 (16, [771, 21, 0, 1, 0, 1423, 930, 0, 1, 1, 2, 0, 2, 2, 1]),
 (16, [751, 83, 1, 1, 0, 1756, 1865, 1, 0, 1, 0, 0, 1, 0, 1]),
 (16, [713, 40, 1, 0, 1, 1803, 1621, 0, 1, 1, 1, 1, 2, 1, 0]),
 (16, [558, 43, 1, 1, 1, 1416, 798, 1, 0, 2, 1, 1, 1, 0, 1]),
 (16, [512, 82, 0, 1, 1, 2016, 756, 1, 1, 1, 4, 1, 1, 1, 1]),
 (12, [1770, 112, 1, 0, 0, 1589, 843, 1, 0, 1, 3, 0, 2, 0, 2]),
 (12, [1769, 10, 0, 0, 0, 2032, 1588, 0, 0, 0, 4, 0, 2, 1, 1]),
 (12, [1601, 29, 0, 0, 1, 1065, 737, 0, 1, 1, 3, 0, 2, 2, 0]),
 (12, [1559, 90, 0, 1, 1, 1286, 2013, 0, 0, 1, 1, 0, 1, 2, 0]),
 (12, [1345, 28, 0, 0, 1, 1557, 605, 0, 1, 0, 1, 1, 0, 2, 2]),
 (12, [1289, 85, 0, 1, 1, 848, 552, 0, 1, 0, 1, 0, 2, 1, 1]),
 (12, [1279, 108, 0, 1, 0, 1467, 682, 1, 0, 0, 4, 0, 0, 1, 1]),
 (12, [1265, 18, 1, 1, 1, 1019, 2016, 1, 1, 2, 3, 1, 2, 0, 1]),
 (12, [1102, 11, 1, 1, 1, 1130, 1619, 0, 0, 0, 4, 1, 2, 2, 0]),
 (12, [933, 118, 1, 0, 0, 1226, 1560, 0, 1, 0, 4, 1, 2, 2, 1]),
 (12, [524, 94, 0, 0, 0, 1216, 769, 0, 1, 1, 3, 0, 0, 2, 1])]
scored
[(12, [524, 94, 0, 0, 0, 1216, 769, 0, 1, 1, 3, 0, 0, 2, 1]),
 (12, [933, 118, 1, 0, 0, 1226, 1560, 0, 1, 0, 4, 1, 2, 2, 1]),
 (12, [1102, 11, 1, 1, 1, 1130, 1619, 0, 0, 0, 4, 1, 2, 2, 0]),
 (12, [1265, 18, 1, 1, 1, 1019, 2016, 1, 1, 2, 3, 1, 2, 0, 1]),
 (12, [1279, 108, 0, 1, 0, 1467, 682, 1, 0, 0, 4, 0, 0, 1, 1]),
 (12, [1289, 85, 0, 1, 1, 848, 552, 0, 1, 0, 1, 0, 2, 1, 1]),
 (12, [1345, 28, 0, 0, 1, 1557, 605, 0, 1, 0, 1, 1, 0, 2, 2]),
 (12, [1559, 90, 0, 1, 1, 1286, 2013, 0, 0, 1, 1, 0, 1, 2, 0]),
 (12, [1601, 29, 0, 0, 1, 1065, 737, 0, 1, 1, 3, 0, 2, 2, 0]),
 (12, [1769, 10, 0, 0, 0, 2032, 1588, 0, 0, 0, 4, 0, 2, 1, 1]),
 (12, [1770, 112, 1, 0, 0, 1589, 843, 1, 0, 1, 3, 0, 2, 0, 2]),
 (16, [512, 82, 0, 1, 1, 2016, 756, 1, 1, 1, 4, 1, 1, 1, 1]),
 (16, [558, 43, 1, 1, 1, 1416, 798, 1, 0, 2, 1, 1, 1, 0, 1]),
 (16, [713, 40, 1, 0, 1, 1803, 1621, 0, 1, 1, 1, 1, 2, 1, 0]),
 (16, [751, 83, 1, 1, 0, 1756, 1865, 1, 0, 1, 0, 0, 1, 0, 1]),
 (16, [771, 21, 0, 1, 0, 1423, 930, 0, 1, 1, 2, 0, 2, 2, 1]),
 (16, [849, 97, 1, 0, 1, 795, 805, 0, 1, 1, 1, 0, 0, 0, 1]),
 (16, [862, 57, 0, 0, 1, 1247, 783, 1, 1, 1, 2, 0, 2, 2, 2]),
 (16, [889, 114, 0, 1, 1, 580, 1210, 0, 0, 0, 1, 1, 1, 0, 0]),
 (16, [1046, 45, 0, 0, 0, 1941, 1776, 0, 1, 2, 3, 0, 2, 1, 0]),
 (16, [1583, 44, 1, 1, 0, 847, 1802, 1, 0, 1, 0, 1, 1, 2, 0]),
 (16, [1642, 50, 0, 1, 1, 980, 2046, 0, 1, 0, 1, 0, 1, 1, 2]),
 (16, [1711, 69, 0, 1, 0, 717, 1548, 1, 0, 0, 1, 1, 2, 0, 0]),
 (16, [1712, 84, 1, 0, 1, 1699, 1169, 1, 1, 1, 1, 1, 1, 1, 1]),
 (16, [1940, 53, 1, 1, 1, 1734, 1333, 1, 0, 2, 2, 0, 0, 2, 1]),
 (999, [735, 112, 0, 1, 1, 963, 925, 1, 0, 3, 5, 0, 2, 2, 2]),
 (999, [1287, 45, 0, 1, 0, 1114, 735, 1, 0, 3, 0, 0, 0, 1, 1]),
 (999, [1427, 63, 0, 0, 1, 975, 1579, 1, 1, 3, 5, 0, 0, 2, 2]),
 (999, [1443, 60, 1, 1, 1, 1343, 1698, 1, 0, 3, 5, 1, 0, 1, 1]),
 (999, [1805, 98, 0, 1, 0, 773, 1428, 1, 1, 3, 3, 1, 2, 2, 0]),
 (999, [1859, 85, 0, 0, 1, 1311, 1303, 1, 0, 0, 5, 1, 2, 1, 2]),
 (999, [1987, 58, 0, 1, 0, 1525, 941, 1, 1, 0, 5, 1, 2, 0, 1])]
Selected
[(12, [1289, 85, 0, 1, 1, 848, 552, 0, 1, 0, 1, 0, 2, 1, 1]),
 (12, [1769, 10, 0, 0, 0, 2032, 1588, 0, 0, 0, 4, 0, 2, 1, 1]),
 (12, [1265, 18, 1, 1, 1, 1019, 2016, 1, 1, 2, 3, 1, 2, 0, 1]),
 (12, [1279, 108, 0, 1, 0, 1467, 682, 1, 0, 0, 4, 0, 0, 1, 1]),
 (12, [933, 118, 1, 0, 0, 1226, 1560, 0, 1, 0, 4, 1, 2, 2, 1]),
 (12, [933, 118, 1, 0, 0, 1226, 1560, 0, 1, 0, 4, 1, 2, 2, 1]),
 (12, [524, 94, 0, 0, 0, 1216, 769, 0, 1, 1, 3, 0, 0, 2, 1]),
 (16, [558, 43, 1, 1, 1, 1416, 798, 1, 0, 2, 1, 1, 1, 0, 1]),
 (12, [1279, 108, 0, 1, 0, 1467, 682, 1, 0, 0, 4, 0, 0, 1, 1]),
 (12, [524, 94, 0, 0, 0, 1216, 769, 0, 1, 1, 3, 0, 0, 2, 1]),
 (12, [524, 94, 0, 0, 0, 1216, 769, 0, 1, 1, 3, 0, 0, 2, 1]),
 (12, [524, 94, 0, 0, 0, 1216, 769, 0, 1, 1, 3, 0, 0, 2, 1]),
 (12, [1102, 11, 1, 1, 1, 1130, 1619, 0, 0, 0, 4, 1, 2, 2, 0]),
 (12, [1279, 108, 0, 1, 0, 1467, 682, 1, 0, 0, 4, 0, 0, 1, 1]),
 (12, [1559, 90, 0, 1, 1, 1286, 2013, 0, 0, 1, 1, 0, 1, 2, 0]),
 (12, [1769, 10, 0, 0, 0, 2032, 1588, 0, 0, 0, 4, 0, 2, 1, 1]),
 (12, [1265, 18, 1, 1, 1, 1019, 2016, 1, 1, 2, 3, 1, 2, 0, 1]),
 (12, [524, 94, 0, 0, 0, 1216, 769, 0, 1, 1, 3, 0, 0, 2, 1]),
 (12, [1769, 10, 0, 0, 0, 2032, 1588, 0, 0, 0, 4, 0, 2, 1, 1]),
 (12, [524, 94, 0, 0, 0, 1216, 769, 0, 1, 1, 3, 0, 0, 2, 1]),
 (12, [1265, 18, 1, 1, 1, 1019, 2016, 1, 1, 2, 3, 1, 2, 0, 1]),
 (12, [1265, 18, 1, 1, 1, 1019, 2016, 1, 1, 2, 3, 1, 2, 0, 1]),
 (12, [1102, 11, 1, 1, 1, 1130, 1619, 0, 0, 0, 4, 1, 2, 2, 0]),
 (12, [1265, 18, 1, 1, 1, 1019, 2016, 1, 1, 2, 3, 1, 2, 0, 1]),
 (12, [1102, 11, 1, 1, 1, 1130, 1619, 0, 0, 0, 4, 1, 2, 2, 0]),
 (12, [933, 118, 1, 0, 0, 1226, 1560, 0, 1, 0, 4, 1, 2, 2, 1]),
 (12, [933, 118, 1, 0, 0, 1226, 1560, 0, 1, 0, 4, 1, 2, 2, 1])]
population
[(999, [1987, 58, 0, 1, 0, 1525, 941, 1, 1, 0, 5, 1, 2, 0, 1]),
 (999, [1859, 85, 0, 0, 1, 1311, 1303, 1, 0, 0, 5, 1, 2, 1, 2]),
 (999, [1805, 98, 0, 1, 0, 773, 1428, 1, 1, 3, 3, 1, 2, 2, 0]),
 (999, [1443, 60, 1, 1, 1, 1343, 1698, 1, 0, 3, 5, 1, 0, 1, 1]),
 (999, [1427, 63, 0, 0, 1, 975, 1579, 1, 1, 3, 5, 0, 0, 2, 2]),
 (999, [1287, 45, 0, 1, 0, 1114, 735, 1, 0, 3, 0, 0, 0, 1, 1]),
 (999, [735, 112, 0, 1, 1, 963, 925, 1, 0, 3, 5, 0, 2, 2, 2]),
 (16, [1940, 53, 1, 1, 1, 1734, 1333, 1, 0, 2, 2, 0, 0, 2, 1]),
 (16, [1712, 84, 1, 0, 1, 1699, 1169, 1, 1, 1, 1, 1, 1, 1, 1]),
 (16, [1711, 69, 0, 1, 0, 717, 1548, 1, 0, 0, 1, 1, 2, 0, 0]),
 (16, [1642, 50, 0, 1, 1, 980, 2046, 0, 1, 0, 1, 0, 1, 1, 2]),
 (16, [1583, 44, 1, 1, 0, 847, 1802, 1, 0, 1, 0, 1, 1, 2, 0]),
 (16, [1046, 45, 0, 0, 0, 1941, 1776, 0, 1, 2, 3, 0, 2, 1, 0]),
 (16, [889, 114, 0, 1, 1, 580, 1210, 0, 0, 0, 1, 1, 1, 0, 0]),
 (16, [862, 57, 0, 0, 1, 1247, 783, 1, 1, 1, 2, 0, 2, 2, 2]),
 (16, [849, 97, 1, 0, 1, 795, 805, 0, 1, 1, 1, 0, 0, 0, 1]),
 (16, [771, 21, 0, 1, 0, 1423, 930, 0, 1, 1, 2, 0, 2, 2, 1]),
 (16, [751, 83, 1, 1, 0, 1756, 1865, 1, 0, 1, 0, 0, 1, 0, 1]),
 (16, [713, 40, 1, 0, 1, 1803, 1621, 0, 1, 1, 1, 1, 2, 1, 0]),
 (16, [558, 43, 1, 1, 1, 1416, 798, 1, 0, 2, 1, 1, 1, 0, 1]),
 (16, [512, 82, 0, 1, 1, 2016, 756, 1, 1, 1, 4, 1, 1, 1, 1]),
 (12, [1770, 112, 1, 0, 0, 1589, 843, 1, 0, 1, 3, 0, 2, 0, 2]),
 (12, [1769, 10, 0, 0, 0, 2032, 1588, 0, 0, 0, 4, 0, 2, 1, 1]),
 (12, [1601, 29, 0, 0, 1, 1065, 737, 0, 1, 1, 3, 0, 2, 2, 0]),
 (12, [1559, 90, 0, 1, 1, 1286, 2013, 0, 0, 1, 1, 0, 1, 2, 0]),
 (12, [1345, 28, 0, 0, 1, 1557, 605, 0, 1, 0, 1, 1, 0, 2, 2]),
 (12, [1289, 85, 0, 1, 1, 848, 552, 0, 1, 0, 1, 0, 2, 1, 1]),
 (12, [1279, 108, 0, 1, 0, 1467, 682, 1, 0, 0, 4, 0, 0, 1, 1]),
 (12, [1265, 18, 1, 1, 1, 1019, 2016, 1, 1, 2, 3, 1, 2, 0, 1]),
 (12, [1102, 11, 1, 1, 1, 1130, 1619, 0, 0, 0, 4, 1, 2, 2, 0]),
 (12, [933, 118, 1, 0, 0, 1226, 1560, 0, 1, 0, 4, 1, 2, 2, 1]),
 (12, [524, 94, 0, 0, 0, 1216, 769, 0, 1, 1, 3, 0, 0, 2, 1])]
scored
[(12, [524, 94, 0, 0, 0, 1216, 769, 0, 1, 1, 3, 0, 0, 2, 1]),
 (12, [933, 118, 1, 0, 0, 1226, 1560, 0, 1, 0, 4, 1, 2, 2, 1]),
 (12, [1102, 11, 1, 1, 1, 1130, 1619, 0, 0, 0, 4, 1, 2, 2, 0]),
 (12, [1265, 18, 1, 1, 1, 1019, 2016, 1, 1, 2, 3, 1, 2, 0, 1]),
 (12, [1279, 108, 0, 1, 0, 1467, 682, 1, 0, 0, 4, 0, 0, 1, 1]),
 (12, [1289, 85, 0, 1, 1, 848, 552, 0, 1, 0, 1, 0, 2, 1, 1]),
 (12, [1345, 28, 0, 0, 1, 1557, 605, 0, 1, 0, 1, 1, 0, 2, 2]),
 (12, [1559, 90, 0, 1, 1, 1286, 2013, 0, 0, 1, 1, 0, 1, 2, 0]),
 (12, [1601, 29, 0, 0, 1, 1065, 737, 0, 1, 1, 3, 0, 2, 2, 0]),
 (12, [1769, 10, 0, 0, 0, 2032, 1588, 0, 0, 0, 4, 0, 2, 1, 1]),
 (12, [1770, 112, 1, 0, 0, 1589, 843, 1, 0, 1, 3, 0, 2, 0, 2]),
 (16, [512, 82, 0, 1, 1, 2016, 756, 1, 1, 1, 4, 1, 1, 1, 1]),
 (16, [558, 43, 1, 1, 1, 1416, 798, 1, 0, 2, 1, 1, 1, 0, 1]),
 (16, [713, 40, 1, 0, 1, 1803, 1621, 0, 1, 1, 1, 1, 2, 1, 0]),
 (16, [751, 83, 1, 1, 0, 1756, 1865, 1, 0, 1, 0, 0, 1, 0, 1]),
 (16, [771, 21, 0, 1, 0, 1423, 930, 0, 1, 1, 2, 0, 2, 2, 1]),
 (16, [849, 97, 1, 0, 1, 795, 805, 0, 1, 1, 1, 0, 0, 0, 1]),
 (16, [862, 57, 0, 0, 1, 1247, 783, 1, 1, 1, 2, 0, 2, 2, 2]),
 (16, [889, 114, 0, 1, 1, 580, 1210, 0, 0, 0, 1, 1, 1, 0, 0]),
 (16, [1046, 45, 0, 0, 0, 1941, 1776, 0, 1, 2, 3, 0, 2, 1, 0]),
 (16, [1583, 44, 1, 1, 0, 847, 1802, 1, 0, 1, 0, 1, 1, 2, 0]),
 (16, [1642, 50, 0, 1, 1, 980, 2046, 0, 1, 0, 1, 0, 1, 1, 2]),
 (16, [1711, 69, 0, 1, 0, 717, 1548, 1, 0, 0, 1, 1, 2, 0, 0]),
 (16, [1712, 84, 1, 0, 1, 1699, 1169, 1, 1, 1, 1, 1, 1, 1, 1]),
 (16, [1940, 53, 1, 1, 1, 1734, 1333, 1, 0, 2, 2, 0, 0, 2, 1]),
 (999, [735, 112, 0, 1, 1, 963, 925, 1, 0, 3, 5, 0, 2, 2, 2]),
 (999, [1287, 45, 0, 1, 0, 1114, 735, 1, 0, 3, 0, 0, 0, 1, 1]),
 (999, [1427, 63, 0, 0, 1, 975, 1579, 1, 1, 3, 5, 0, 0, 2, 2]),
 (999, [1443, 60, 1, 1, 1, 1343, 1698, 1, 0, 3, 5, 1, 0, 1, 1]),
 (999, [1805, 98, 0, 1, 0, 773, 1428, 1, 1, 3, 3, 1, 2, 2, 0]),
 (999, [1859, 85, 0, 0, 1, 1311, 1303, 1, 0, 0, 5, 1, 2, 1, 2]),
 (999, [1987, 58, 0, 1, 0, 1525, 941, 1, 1, 0, 5, 1, 2, 0, 1])]
Selected
[(12, [524, 94, 0, 0, 0, 1216, 769, 0, 1, 1, 3, 0, 0, 2, 1]),
 (12, [524, 94, 0, 0, 0, 1216, 769, 0, 1, 1, 3, 0, 0, 2, 1]),
 (12, [1289, 85, 0, 1, 1, 848, 552, 0, 1, 0, 1, 0, 2, 1, 1]),
 (12, [524, 94, 0, 0, 0, 1216, 769, 0, 1, 1, 3, 0, 0, 2, 1]),
 (12, [524, 94, 0, 0, 0, 1216, 769, 0, 1, 1, 3, 0, 0, 2, 1]),
 (12, [1265, 18, 1, 1, 1, 1019, 2016, 1, 1, 2, 3, 1, 2, 0, 1]),
 (12, [1769, 10, 0, 0, 0, 2032, 1588, 0, 0, 0, 4, 0, 2, 1, 1]),
 (16, [751, 83, 1, 1, 0, 1756, 1865, 1, 0, 1, 0, 0, 1, 0, 1]),
 (12, [1769, 10, 0, 0, 0, 2032, 1588, 0, 0, 0, 4, 0, 2, 1, 1]),
 (12, [933, 118, 1, 0, 0, 1226, 1560, 0, 1, 0, 4, 1, 2, 2, 1]),
 (12, [933, 118, 1, 0, 0, 1226, 1560, 0, 1, 0, 4, 1, 2, 2, 1]),
 (12, [524, 94, 0, 0, 0, 1216, 769, 0, 1, 1, 3, 0, 0, 2, 1]),
 (12, [1279, 108, 0, 1, 0, 1467, 682, 1, 0, 0, 4, 0, 0, 1, 1]),
 (12, [933, 118, 1, 0, 0, 1226, 1560, 0, 1, 0, 4, 1, 2, 2, 1]),
 (12, [524, 94, 0, 0, 0, 1216, 769, 0, 1, 1, 3, 0, 0, 2, 1]),
 (12, [1279, 108, 0, 1, 0, 1467, 682, 1, 0, 0, 4, 0, 0, 1, 1]),
 (12, [1769, 10, 0, 0, 0, 2032, 1588, 0, 0, 0, 4, 0, 2, 1, 1]),
 (12, [1102, 11, 1, 1, 1, 1130, 1619, 0, 0, 0, 4, 1, 2, 2, 0]),
 (12, [1265, 18, 1, 1, 1, 1019, 2016, 1, 1, 2, 3, 1, 2, 0, 1]),
 (12, [1345, 28, 0, 0, 1, 1557, 605, 0, 1, 0, 1, 1, 0, 2, 2]),
 (12, [1265, 18, 1, 1, 1, 1019, 2016, 1, 1, 2, 3, 1, 2, 0, 1]),
 (12, [933, 118, 1, 0, 0, 1226, 1560, 0, 1, 0, 4, 1, 2, 2, 1]),
 (12, [1559, 90, 0, 1, 1, 1286, 2013, 0, 0, 1, 1, 0, 1, 2, 0]),
 (12, [1279, 108, 0, 1, 0, 1467, 682, 1, 0, 0, 4, 0, 0, 1, 1]),
 (12, [1279, 108, 0, 1, 0, 1467, 682, 1, 0, 0, 4, 0, 0, 1, 1]),
 (12, [933, 118, 1, 0, 0, 1226, 1560, 0, 1, 0, 4, 1, 2, 2, 1]),
 (12, [524, 94, 0, 0, 0, 1216, 769, 0, 1, 1, 3, 0, 0, 2, 1])]
population
[(999, [1987, 58, 0, 1, 0, 1525, 941, 1, 1, 0, 5, 1, 2, 0, 1]),
 (999, [1859, 85, 0, 0, 1, 1311, 1303, 1, 0, 0, 5, 1, 2, 1, 2]),
 (999, [1805, 98, 0, 1, 0, 773, 1428, 1, 1, 3, 3, 1, 2, 2, 0]),
 (999, [1443, 60, 1, 1, 1, 1343, 1698, 1, 0, 3, 5, 1, 0, 1, 1]),
 (999, [1427, 63, 0, 0, 1, 975, 1579, 1, 1, 3, 5, 0, 0, 2, 2]),
 (999, [1287, 45, 0, 1, 0, 1114, 735, 1, 0, 3, 0, 0, 0, 1, 1]),
 (999, [735, 112, 0, 1, 1, 963, 925, 1, 0, 3, 5, 0, 2, 2, 2]),
 (16, [1940, 53, 1, 1, 1, 1734, 1333, 1, 0, 2, 2, 0, 0, 2, 1]),
 (16, [1712, 84, 1, 0, 1, 1699, 1169, 1, 1, 1, 1, 1, 1, 1, 1]),
 (16, [1711, 69, 0, 1, 0, 717, 1548, 1, 0, 0, 1, 1, 2, 0, 0]),
 (16, [1642, 50, 0, 1, 1, 980, 2046, 0, 1, 0, 1, 0, 1, 1, 2]),
 (16, [1583, 44, 1, 1, 0, 847, 1802, 1, 0, 1, 0, 1, 1, 2, 0]),
 (16, [1046, 45, 0, 0, 0, 1941, 1776, 0, 1, 2, 3, 0, 2, 1, 0]),
 (16, [889, 114, 0, 1, 1, 580, 1210, 0, 0, 0, 1, 1, 1, 0, 0]),
 (16, [862, 57, 0, 0, 1, 1247, 783, 1, 1, 1, 2, 0, 2, 2, 2]),
 (16, [849, 97, 1, 0, 1, 795, 805, 0, 1, 1, 1, 0, 0, 0, 1]),
 (16, [771, 21, 0, 1, 0, 1423, 930, 0, 1, 1, 2, 0, 2, 2, 1]),
 (16, [751, 83, 1, 1, 0, 1756, 1865, 1, 0, 1, 0, 0, 1, 0, 1]),
 (16, [713, 40, 1, 0, 1, 1803, 1621, 0, 1, 1, 1, 1, 2, 1, 0]),
 (16, [558, 43, 1, 1, 1, 1416, 798, 1, 0, 2, 1, 1, 1, 0, 1]),
 (16, [512, 82, 0, 1, 1, 2016, 756, 1, 1, 1, 4, 1, 1, 1, 1]),
 (12, [1770, 112, 1, 0, 0, 1589, 843, 1, 0, 1, 3, 0, 2, 0, 2]),
 (12, [1769, 10, 0, 0, 0, 2032, 1588, 0, 0, 0, 4, 0, 2, 1, 1]),
 (12, [1601, 29, 0, 0, 1, 1065, 737, 0, 1, 1, 3, 0, 2, 2, 0]),
 (12, [1559, 90, 0, 1, 1, 1286, 2013, 0, 0, 1, 1, 0, 1, 2, 0]),
 (12, [1345, 28, 0, 0, 1, 1557, 605, 0, 1, 0, 1, 1, 0, 2, 2]),
 (12, [1289, 85, 0, 1, 1, 848, 552, 0, 1, 0, 1, 0, 2, 1, 1]),
 (12, [1279, 108, 0, 1, 0, 1467, 682, 1, 0, 0, 4, 0, 0, 1, 1]),
 (12, [1265, 18, 1, 1, 1, 1019, 2016, 1, 1, 2, 3, 1, 2, 0, 1]),
 (12, [1102, 11, 1, 1, 1, 1130, 1619, 0, 0, 0, 4, 1, 2, 2, 0]),
 (12, [933, 118, 1, 0, 0, 1226, 1560, 0, 1, 0, 4, 1, 2, 2, 1]),
 (12, [524, 94, 0, 0, 0, 1216, 769, 0, 1, 1, 3, 0, 0, 2, 1])]
scored
[(12, [524, 94, 0, 0, 0, 1216, 769, 0, 1, 1, 3, 0, 0, 2, 1]),
 (12, [933, 118, 1, 0, 0, 1226, 1560, 0, 1, 0, 4, 1, 2, 2, 1]),
 (12, [1102, 11, 1, 1, 1, 1130, 1619, 0, 0, 0, 4, 1, 2, 2, 0]),
 (12, [1265, 18, 1, 1, 1, 1019, 2016, 1, 1, 2, 3, 1, 2, 0, 1]),
 (12, [1279, 108, 0, 1, 0, 1467, 682, 1, 0, 0, 4, 0, 0, 1, 1]),
 (12, [1289, 85, 0, 1, 1, 848, 552, 0, 1, 0, 1, 0, 2, 1, 1]),
 (12, [1345, 28, 0, 0, 1, 1557, 605, 0, 1, 0, 1, 1, 0, 2, 2]),
 (12, [1559, 90, 0, 1, 1, 1286, 2013, 0, 0, 1, 1, 0, 1, 2, 0]),
 (12, [1601, 29, 0, 0, 1, 1065, 737, 0, 1, 1, 3, 0, 2, 2, 0]),
 (12, [1769, 10, 0, 0, 0, 2032, 1588, 0, 0, 0, 4, 0, 2, 1, 1]),
 (12, [1770, 112, 1, 0, 0, 1589, 843, 1, 0, 1, 3, 0, 2, 0, 2]),
 (16, [512, 82, 0, 1, 1, 2016, 756, 1, 1, 1, 4, 1, 1, 1, 1]),
 (16, [558, 43, 1, 1, 1, 1416, 798, 1, 0, 2, 1, 1, 1, 0, 1]),
 (16, [713, 40, 1, 0, 1, 1803, 1621, 0, 1, 1, 1, 1, 2, 1, 0]),
 (16, [751, 83, 1, 1, 0, 1756, 1865, 1, 0, 1, 0, 0, 1, 0, 1]),
 (16, [771, 21, 0, 1, 0, 1423, 930, 0, 1, 1, 2, 0, 2, 2, 1]),
 (16, [849, 97, 1, 0, 1, 795, 805, 0, 1, 1, 1, 0, 0, 0, 1]),
 (16, [862, 57, 0, 0, 1, 1247, 783, 1, 1, 1, 2, 0, 2, 2, 2]),
 (16, [889, 114, 0, 1, 1, 580, 1210, 0, 0, 0, 1, 1, 1, 0, 0]),
 (16, [1046, 45, 0, 0, 0, 1941, 1776, 0, 1, 2, 3, 0, 2, 1, 0]),
 (16, [1583, 44, 1, 1, 0, 847, 1802, 1, 0, 1, 0, 1, 1, 2, 0]),
 (16, [1642, 50, 0, 1, 1, 980, 2046, 0, 1, 0, 1, 0, 1, 1, 2]),
 (16, [1711, 69, 0, 1, 0, 717, 1548, 1, 0, 0, 1, 1, 2, 0, 0]),
 (16, [1712, 84, 1, 0, 1, 1699, 1169, 1, 1, 1, 1, 1, 1, 1, 1]),
 (16, [1940, 53, 1, 1, 1, 1734, 1333, 1, 0, 2, 2, 0, 0, 2, 1]),
 (999, [735, 112, 0, 1, 1, 963, 925, 1, 0, 3, 5, 0, 2, 2, 2]),
 (999, [1287, 45, 0, 1, 0, 1114, 735, 1, 0, 3, 0, 0, 0, 1, 1]),
 (999, [1427, 63, 0, 0, 1, 975, 1579, 1, 1, 3, 5, 0, 0, 2, 2]),
 (999, [1443, 60, 1, 1, 1, 1343, 1698, 1, 0, 3, 5, 1, 0, 1, 1]),
 (999, [1805, 98, 0, 1, 0, 773, 1428, 1, 1, 3, 3, 1, 2, 2, 0]),
 (999, [1859, 85, 0, 0, 1, 1311, 1303, 1, 0, 0, 5, 1, 2, 1, 2]),
 (999, [1987, 58, 0, 1, 0, 1525, 941, 1, 1, 0, 5, 1, 2, 0, 1])]
Selected
[(12, [524, 94, 0, 0, 0, 1216, 769, 0, 1, 1, 3, 0, 0, 2, 1]),
 (12, [1345, 28, 0, 0, 1, 1557, 605, 0, 1, 0, 1, 1, 0, 2, 2]),
 (12, [1102, 11, 1, 1, 1, 1130, 1619, 0, 0, 0, 4, 1, 2, 2, 0]),
 (12, [1265, 18, 1, 1, 1, 1019, 2016, 1, 1, 2, 3, 1, 2, 0, 1]),
 (12, [933, 118, 1, 0, 0, 1226, 1560, 0, 1, 0, 4, 1, 2, 2, 1]),
 (12, [1279, 108, 0, 1, 0, 1467, 682, 1, 0, 0, 4, 0, 0, 1, 1]),
 (12, [524, 94, 0, 0, 0, 1216, 769, 0, 1, 1, 3, 0, 0, 2, 1]),
 (12, [1279, 108, 0, 1, 0, 1467, 682, 1, 0, 0, 4, 0, 0, 1, 1]),
 (12, [524, 94, 0, 0, 0, 1216, 769, 0, 1, 1, 3, 0, 0, 2, 1]),
 (12, [933, 118, 1, 0, 0, 1226, 1560, 0, 1, 0, 4, 1, 2, 2, 1]),
 (12, [1279, 108, 0, 1, 0, 1467, 682, 1, 0, 0, 4, 0, 0, 1, 1]),
 (12, [524, 94, 0, 0, 0, 1216, 769, 0, 1, 1, 3, 0, 0, 2, 1]),
 (12, [1345, 28, 0, 0, 1, 1557, 605, 0, 1, 0, 1, 1, 0, 2, 2]),
 (12, [1601, 29, 0, 0, 1, 1065, 737, 0, 1, 1, 3, 0, 2, 2, 0]),
 (16, [713, 40, 1, 0, 1, 1803, 1621, 0, 1, 1, 1, 1, 2, 1, 0]),
 (16, [558, 43, 1, 1, 1, 1416, 798, 1, 0, 2, 1, 1, 1, 0, 1]),
 (12, [1265, 18, 1, 1, 1, 1019, 2016, 1, 1, 2, 3, 1, 2, 0, 1]),
 (12, [1289, 85, 0, 1, 1, 848, 552, 0, 1, 0, 1, 0, 2, 1, 1]),
 (12, [1102, 11, 1, 1, 1, 1130, 1619, 0, 0, 0, 4, 1, 2, 2, 0]),
 (16, [558, 43, 1, 1, 1, 1416, 798, 1, 0, 2, 1, 1, 1, 0, 1]),
 (16, [849, 97, 1, 0, 1, 795, 805, 0, 1, 1, 1, 0, 0, 0, 1]),
 (12, [1770, 112, 1, 0, 0, 1589, 843, 1, 0, 1, 3, 0, 2, 0, 2]),
 (12, [1559, 90, 0, 1, 1, 1286, 2013, 0, 0, 1, 1, 0, 1, 2, 0]),
 (16, [849, 97, 1, 0, 1, 795, 805, 0, 1, 1, 1, 0, 0, 0, 1]),
 (12, [1265, 18, 1, 1, 1, 1019, 2016, 1, 1, 2, 3, 1, 2, 0, 1]),
 (16, [751, 83, 1, 1, 0, 1756, 1865, 1, 0, 1, 0, 0, 1, 0, 1]),
 (12, [1265, 18, 1, 1, 1, 1019, 2016, 1, 1, 2, 3, 1, 2, 0, 1])]
population
[(999, [1987, 58, 0, 1, 0, 1525, 941, 1, 1, 0, 5, 1, 2, 0, 1]),
 (999, [1859, 85, 0, 0, 1, 1311, 1303, 1, 0, 0, 5, 1, 2, 1, 2]),
 (999, [1805, 98, 0, 1, 0, 773, 1428, 1, 1, 3, 3, 1, 2, 2, 0]),
 (999, [1443, 60, 1, 1, 1, 1343, 1698, 1, 0, 3, 5, 1, 0, 1, 1]),
 (999, [1427, 63, 0, 0, 1, 975, 1579, 1, 1, 3, 5, 0, 0, 2, 2]),
 (999, [1287, 45, 0, 1, 0, 1114, 735, 1, 0, 3, 0, 0, 0, 1, 1]),
 (999, [735, 112, 0, 1, 1, 963, 925, 1, 0, 3, 5, 0, 2, 2, 2]),
 (16, [1940, 53, 1, 1, 1, 1734, 1333, 1, 0, 2, 2, 0, 0, 2, 1]),
 (16, [1712, 84, 1, 0, 1, 1699, 1169, 1, 1, 1, 1, 1, 1, 1, 1]),
 (16, [1711, 69, 0, 1, 0, 717, 1548, 1, 0, 0, 1, 1, 2, 0, 0]),
 (16, [1642, 50, 0, 1, 1, 980, 2046, 0, 1, 0, 1, 0, 1, 1, 2]),
 (16, [1583, 44, 1, 1, 0, 847, 1802, 1, 0, 1, 0, 1, 1, 2, 0]),
 (16, [1046, 45, 0, 0, 0, 1941, 1776, 0, 1, 2, 3, 0, 2, 1, 0]),
 (16, [889, 114, 0, 1, 1, 580, 1210, 0, 0, 0, 1, 1, 1, 0, 0]),
 (16, [862, 57, 0, 0, 1, 1247, 783, 1, 1, 1, 2, 0, 2, 2, 2]),
 (16, [849, 97, 1, 0, 1, 795, 805, 0, 1, 1, 1, 0, 0, 0, 1]),
 (16, [771, 21, 0, 1, 0, 1423, 930, 0, 1, 1, 2, 0, 2, 2, 1]),
 (16, [751, 83, 1, 1, 0, 1756, 1865, 1, 0, 1, 0, 0, 1, 0, 1]),
 (16, [713, 40, 1, 0, 1, 1803, 1621, 0, 1, 1, 1, 1, 2, 1, 0]),
 (16, [558, 43, 1, 1, 1, 1416, 798, 1, 0, 2, 1, 1, 1, 0, 1]),
 (16, [512, 82, 0, 1, 1, 2016, 756, 1, 1, 1, 4, 1, 1, 1, 1]),
 (12, [1770, 112, 1, 0, 0, 1589, 843, 1, 0, 1, 3, 0, 2, 0, 2]),
 (12, [1769, 10, 0, 0, 0, 2032, 1588, 0, 0, 0, 4, 0, 2, 1, 1]),
 (12, [1601, 29, 0, 0, 1, 1065, 737, 0, 1, 1, 3, 0, 2, 2, 0]),
 (12, [1559, 90, 0, 1, 1, 1286, 2013, 0, 0, 1, 1, 0, 1, 2, 0]),
 (12, [1345, 28, 0, 0, 1, 1557, 605, 0, 1, 0, 1, 1, 0, 2, 2]),
 (12, [1289, 85, 0, 1, 1, 848, 552, 0, 1, 0, 1, 0, 2, 1, 1]),
 (12, [1279, 108, 0, 1, 0, 1467, 682, 1, 0, 0, 4, 0, 0, 1, 1]),
 (12, [1265, 18, 1, 1, 1, 1019, 2016, 1, 1, 2, 3, 1, 2, 0, 1]),
 (12, [1102, 11, 1, 1, 1, 1130, 1619, 0, 0, 0, 4, 1, 2, 2, 0]),
 (12, [933, 118, 1, 0, 0, 1226, 1560, 0, 1, 0, 4, 1, 2, 2, 1]),
 (12, [524, 94, 0, 0, 0, 1216, 769, 0, 1, 1, 3, 0, 0, 2, 1])]
scored
[(12, [524, 94, 0, 0, 0, 1216, 769, 0, 1, 1, 3, 0, 0, 2, 1]),
 (12, [933, 118, 1, 0, 0, 1226, 1560, 0, 1, 0, 4, 1, 2, 2, 1]),
 (12, [1102, 11, 1, 1, 1, 1130, 1619, 0, 0, 0, 4, 1, 2, 2, 0]),
 (12, [1265, 18, 1, 1, 1, 1019, 2016, 1, 1, 2, 3, 1, 2, 0, 1]),
 (12, [1279, 108, 0, 1, 0, 1467, 682, 1, 0, 0, 4, 0, 0, 1, 1]),
 (12, [1289, 85, 0, 1, 1, 848, 552, 0, 1, 0, 1, 0, 2, 1, 1]),
 (12, [1345, 28, 0, 0, 1, 1557, 605, 0, 1, 0, 1, 1, 0, 2, 2]),
 (12, [1559, 90, 0, 1, 1, 1286, 2013, 0, 0, 1, 1, 0, 1, 2, 0]),
 (12, [1601, 29, 0, 0, 1, 1065, 737, 0, 1, 1, 3, 0, 2, 2, 0]),
 (12, [1769, 10, 0, 0, 0, 2032, 1588, 0, 0, 0, 4, 0, 2, 1, 1]),
 (12, [1770, 112, 1, 0, 0, 1589, 843, 1, 0, 1, 3, 0, 2, 0, 2]),
 (16, [512, 82, 0, 1, 1, 2016, 756, 1, 1, 1, 4, 1, 1, 1, 1]),
 (16, [558, 43, 1, 1, 1, 1416, 798, 1, 0, 2, 1, 1, 1, 0, 1]),
 (16, [713, 40, 1, 0, 1, 1803, 1621, 0, 1, 1, 1, 1, 2, 1, 0]),
 (16, [751, 83, 1, 1, 0, 1756, 1865, 1, 0, 1, 0, 0, 1, 0, 1]),
 (16, [771, 21, 0, 1, 0, 1423, 930, 0, 1, 1, 2, 0, 2, 2, 1]),
 (16, [849, 97, 1, 0, 1, 795, 805, 0, 1, 1, 1, 0, 0, 0, 1]),
 (16, [862, 57, 0, 0, 1, 1247, 783, 1, 1, 1, 2, 0, 2, 2, 2]),
 (16, [889, 114, 0, 1, 1, 580, 1210, 0, 0, 0, 1, 1, 1, 0, 0]),
 (16, [1046, 45, 0, 0, 0, 1941, 1776, 0, 1, 2, 3, 0, 2, 1, 0]),
 (16, [1583, 44, 1, 1, 0, 847, 1802, 1, 0, 1, 0, 1, 1, 2, 0]),
 (16, [1642, 50, 0, 1, 1, 980, 2046, 0, 1, 0, 1, 0, 1, 1, 2]),
 (16, [1711, 69, 0, 1, 0, 717, 1548, 1, 0, 0, 1, 1, 2, 0, 0]),
 (16, [1712, 84, 1, 0, 1, 1699, 1169, 1, 1, 1, 1, 1, 1, 1, 1]),
 (16, [1940, 53, 1, 1, 1, 1734, 1333, 1, 0, 2, 2, 0, 0, 2, 1]),
 (999, [735, 112, 0, 1, 1, 963, 925, 1, 0, 3, 5, 0, 2, 2, 2]),
 (999, [1287, 45, 0, 1, 0, 1114, 735, 1, 0, 3, 0, 0, 0, 1, 1]),
 (999, [1427, 63, 0, 0, 1, 975, 1579, 1, 1, 3, 5, 0, 0, 2, 2]),
 (999, [1443, 60, 1, 1, 1, 1343, 1698, 1, 0, 3, 5, 1, 0, 1, 1]),
 (999, [1805, 98, 0, 1, 0, 773, 1428, 1, 1, 3, 3, 1, 2, 2, 0]),
 (999, [1859, 85, 0, 0, 1, 1311, 1303, 1, 0, 0, 5, 1, 2, 1, 2]),
 (999, [1987, 58, 0, 1, 0, 1525, 941, 1, 1, 0, 5, 1, 2, 0, 1])]
Selected
[(12, [1289, 85, 0, 1, 1, 848, 552, 0, 1, 0, 1, 0, 2, 1, 1]),
 (12, [1289, 85, 0, 1, 1, 848, 552, 0, 1, 0, 1, 0, 2, 1, 1]),
 (16, [512, 82, 0, 1, 1, 2016, 756, 1, 1, 1, 4, 1, 1, 1, 1]),
 (12, [1769, 10, 0, 0, 0, 2032, 1588, 0, 0, 0, 4, 0, 2, 1, 1]),
 (12, [524, 94, 0, 0, 0, 1216, 769, 0, 1, 1, 3, 0, 0, 2, 1]),
 (12, [1289, 85, 0, 1, 1, 848, 552, 0, 1, 0, 1, 0, 2, 1, 1]),
 (12, [1345, 28, 0, 0, 1, 1557, 605, 0, 1, 0, 1, 1, 0, 2, 2]),
 (12, [1289, 85, 0, 1, 1, 848, 552, 0, 1, 0, 1, 0, 2, 1, 1]),
 (12, [524, 94, 0, 0, 0, 1216, 769, 0, 1, 1, 3, 0, 0, 2, 1]),
 (12, [1102, 11, 1, 1, 1, 1130, 1619, 0, 0, 0, 4, 1, 2, 2, 0]),
 (12, [1289, 85, 0, 1, 1, 848, 552, 0, 1, 0, 1, 0, 2, 1, 1]),
 (12, [933, 118, 1, 0, 0, 1226, 1560, 0, 1, 0, 4, 1, 2, 2, 1]),
 (12, [1559, 90, 0, 1, 1, 1286, 2013, 0, 0, 1, 1, 0, 1, 2, 0]),
 (12, [1102, 11, 1, 1, 1, 1130, 1619, 0, 0, 0, 4, 1, 2, 2, 0]),
 (12, [524, 94, 0, 0, 0, 1216, 769, 0, 1, 1, 3, 0, 0, 2, 1]),
 (12, [1601, 29, 0, 0, 1, 1065, 737, 0, 1, 1, 3, 0, 2, 2, 0]),
 (16, [512, 82, 0, 1, 1, 2016, 756, 1, 1, 1, 4, 1, 1, 1, 1]),
 (12, [1265, 18, 1, 1, 1, 1019, 2016, 1, 1, 2, 3, 1, 2, 0, 1]),
 (12, [1345, 28, 0, 0, 1, 1557, 605, 0, 1, 0, 1, 1, 0, 2, 2]),
 (12, [1345, 28, 0, 0, 1, 1557, 605, 0, 1, 0, 1, 1, 0, 2, 2]),
 (16, [512, 82, 0, 1, 1, 2016, 756, 1, 1, 1, 4, 1, 1, 1, 1]),
 (16, [512, 82, 0, 1, 1, 2016, 756, 1, 1, 1, 4, 1, 1, 1, 1]),
 (12, [524, 94, 0, 0, 0, 1216, 769, 0, 1, 1, 3, 0, 0, 2, 1]),
 (12, [524, 94, 0, 0, 0, 1216, 769, 0, 1, 1, 3, 0, 0, 2, 1]),
 (12, [1279, 108, 0, 1, 0, 1467, 682, 1, 0, 0, 4, 0, 0, 1, 1]),
 (12, [933, 118, 1, 0, 0, 1226, 1560, 0, 1, 0, 4, 1, 2, 2, 1]),
 (12, [1102, 11, 1, 1, 1, 1130, 1619, 0, 0, 0, 4, 1, 2, 2, 0])]
population
[(999, [1987, 58, 0, 1, 0, 1525, 941, 1, 1, 0, 5, 1, 2, 0, 1]),
 (999, [1859, 85, 0, 0, 1, 1311, 1303, 1, 0, 0, 5, 1, 2, 1, 2]),
 (999, [1805, 98, 0, 1, 0, 773, 1428, 1, 1, 3, 3, 1, 2, 2, 0]),
 (999, [1443, 60, 1, 1, 1, 1343, 1698, 1, 0, 3, 5, 1, 0, 1, 1]),
 (999, [1427, 63, 0, 0, 1, 975, 1579, 1, 1, 3, 5, 0, 0, 2, 2]),
 (999, [1287, 45, 0, 1, 0, 1114, 735, 1, 0, 3, 0, 0, 0, 1, 1]),
 (999, [735, 112, 0, 1, 1, 963, 925, 1, 0, 3, 5, 0, 2, 2, 2]),
 (16, [1940, 53, 1, 1, 1, 1734, 1333, 1, 0, 2, 2, 0, 0, 2, 1]),
 (16, [1712, 84, 1, 0, 1, 1699, 1169, 1, 1, 1, 1, 1, 1, 1, 1]),
 (16, [1711, 69, 0, 1, 0, 717, 1548, 1, 0, 0, 1, 1, 2, 0, 0]),
 (16, [1642, 50, 0, 1, 1, 980, 2046, 0, 1, 0, 1, 0, 1, 1, 2]),
 (16, [1583, 44, 1, 1, 0, 847, 1802, 1, 0, 1, 0, 1, 1, 2, 0]),
 (16, [1046, 45, 0, 0, 0, 1941, 1776, 0, 1, 2, 3, 0, 2, 1, 0]),
 (16, [889, 114, 0, 1, 1, 580, 1210, 0, 0, 0, 1, 1, 1, 0, 0]),
 (16, [862, 57, 0, 0, 1, 1247, 783, 1, 1, 1, 2, 0, 2, 2, 2]),
 (16, [849, 97, 1, 0, 1, 795, 805, 0, 1, 1, 1, 0, 0, 0, 1]),
 (16, [771, 21, 0, 1, 0, 1423, 930, 0, 1, 1, 2, 0, 2, 2, 1]),
 (16, [751, 83, 1, 1, 0, 1756, 1865, 1, 0, 1, 0, 0, 1, 0, 1]),
 (16, [713, 40, 1, 0, 1, 1803, 1621, 0, 1, 1, 1, 1, 2, 1, 0]),
 (16, [558, 43, 1, 1, 1, 1416, 798, 1, 0, 2, 1, 1, 1, 0, 1]),
 (16, [512, 82, 0, 1, 1, 2016, 756, 1, 1, 1, 4, 1, 1, 1, 1]),
 (12, [1770, 112, 1, 0, 0, 1589, 843, 1, 0, 1, 3, 0, 2, 0, 2]),
 (12, [1769, 10, 0, 0, 0, 2032, 1588, 0, 0, 0, 4, 0, 2, 1, 1]),
 (12, [1601, 29, 0, 0, 1, 1065, 737, 0, 1, 1, 3, 0, 2, 2, 0]),
 (12, [1559, 90, 0, 1, 1, 1286, 2013, 0, 0, 1, 1, 0, 1, 2, 0]),
 (12, [1345, 28, 0, 0, 1, 1557, 605, 0, 1, 0, 1, 1, 0, 2, 2]),
 (12, [1289, 85, 0, 1, 1, 848, 552, 0, 1, 0, 1, 0, 2, 1, 1]),
 (12, [1279, 108, 0, 1, 0, 1467, 682, 1, 0, 0, 4, 0, 0, 1, 1]),
 (12, [1265, 18, 1, 1, 1, 1019, 2016, 1, 1, 2, 3, 1, 2, 0, 1]),
 (12, [1102, 11, 1, 1, 1, 1130, 1619, 0, 0, 0, 4, 1, 2, 2, 0]),
 (12, [933, 118, 1, 0, 0, 1226, 1560, 0, 1, 0, 4, 1, 2, 2, 1]),
 (12, [524, 94, 0, 0, 0, 1216, 769, 0, 1, 1, 3, 0, 0, 2, 1])]
scored
[(12, [524, 94, 0, 0, 0, 1216, 769, 0, 1, 1, 3, 0, 0, 2, 1]),
 (12, [933, 118, 1, 0, 0, 1226, 1560, 0, 1, 0, 4, 1, 2, 2, 1]),
 (12, [1102, 11, 1, 1, 1, 1130, 1619, 0, 0, 0, 4, 1, 2, 2, 0]),
 (12, [1265, 18, 1, 1, 1, 1019, 2016, 1, 1, 2, 3, 1, 2, 0, 1]),
 (12, [1279, 108, 0, 1, 0, 1467, 682, 1, 0, 0, 4, 0, 0, 1, 1]),
 (12, [1289, 85, 0, 1, 1, 848, 552, 0, 1, 0, 1, 0, 2, 1, 1]),
 (12, [1345, 28, 0, 0, 1, 1557, 605, 0, 1, 0, 1, 1, 0, 2, 2]),
 (12, [1559, 90, 0, 1, 1, 1286, 2013, 0, 0, 1, 1, 0, 1, 2, 0]),
 (12, [1601, 29, 0, 0, 1, 1065, 737, 0, 1, 1, 3, 0, 2, 2, 0]),
 (12, [1769, 10, 0, 0, 0, 2032, 1588, 0, 0, 0, 4, 0, 2, 1, 1]),
 (12, [1770, 112, 1, 0, 0, 1589, 843, 1, 0, 1, 3, 0, 2, 0, 2]),
 (16, [512, 82, 0, 1, 1, 2016, 756, 1, 1, 1, 4, 1, 1, 1, 1]),
 (16, [558, 43, 1, 1, 1, 1416, 798, 1, 0, 2, 1, 1, 1, 0, 1]),
 (16, [713, 40, 1, 0, 1, 1803, 1621, 0, 1, 1, 1, 1, 2, 1, 0]),
 (16, [751, 83, 1, 1, 0, 1756, 1865, 1, 0, 1, 0, 0, 1, 0, 1]),
 (16, [771, 21, 0, 1, 0, 1423, 930, 0, 1, 1, 2, 0, 2, 2, 1]),
 (16, [849, 97, 1, 0, 1, 795, 805, 0, 1, 1, 1, 0, 0, 0, 1]),
 (16, [862, 57, 0, 0, 1, 1247, 783, 1, 1, 1, 2, 0, 2, 2, 2]),
 (16, [889, 114, 0, 1, 1, 580, 1210, 0, 0, 0, 1, 1, 1, 0, 0]),
 (16, [1046, 45, 0, 0, 0, 1941, 1776, 0, 1, 2, 3, 0, 2, 1, 0]),
 (16, [1583, 44, 1, 1, 0, 847, 1802, 1, 0, 1, 0, 1, 1, 2, 0]),
 (16, [1642, 50, 0, 1, 1, 980, 2046, 0, 1, 0, 1, 0, 1, 1, 2]),
 (16, [1711, 69, 0, 1, 0, 717, 1548, 1, 0, 0, 1, 1, 2, 0, 0]),
 (16, [1712, 84, 1, 0, 1, 1699, 1169, 1, 1, 1, 1, 1, 1, 1, 1]),
 (16, [1940, 53, 1, 1, 1, 1734, 1333, 1, 0, 2, 2, 0, 0, 2, 1]),
 (999, [735, 112, 0, 1, 1, 963, 925, 1, 0, 3, 5, 0, 2, 2, 2]),
 (999, [1287, 45, 0, 1, 0, 1114, 735, 1, 0, 3, 0, 0, 0, 1, 1]),
 (999, [1427, 63, 0, 0, 1, 975, 1579, 1, 1, 3, 5, 0, 0, 2, 2]),
 (999, [1443, 60, 1, 1, 1, 1343, 1698, 1, 0, 3, 5, 1, 0, 1, 1]),
 (999, [1805, 98, 0, 1, 0, 773, 1428, 1, 1, 3, 3, 1, 2, 2, 0]),
 (999, [1859, 85, 0, 0, 1, 1311, 1303, 1, 0, 0, 5, 1, 2, 1, 2]),
 (999, [1987, 58, 0, 1, 0, 1525, 941, 1, 1, 0, 5, 1, 2, 0, 1])]
Selected
[(12, [1601, 29, 0, 0, 1, 1065, 737, 0, 1, 1, 3, 0, 2, 2, 0]),
 (12, [1265, 18, 1, 1, 1, 1019, 2016, 1, 1, 2, 3, 1, 2, 0, 1]),
 (12, [524, 94, 0, 0, 0, 1216, 769, 0, 1, 1, 3, 0, 0, 2, 1]),
 (12, [1345, 28, 0, 0, 1, 1557, 605, 0, 1, 0, 1, 1, 0, 2, 2]),
 (12, [1289, 85, 0, 1, 1, 848, 552, 0, 1, 0, 1, 0, 2, 1, 1]),
 (12, [933, 118, 1, 0, 0, 1226, 1560, 0, 1, 0, 4, 1, 2, 2, 1]),
 (12, [1289, 85, 0, 1, 1, 848, 552, 0, 1, 0, 1, 0, 2, 1, 1]),
 (12, [524, 94, 0, 0, 0, 1216, 769, 0, 1, 1, 3, 0, 0, 2, 1]),
 (12, [1102, 11, 1, 1, 1, 1130, 1619, 0, 0, 0, 4, 1, 2, 2, 0]),
 (12, [1345, 28, 0, 0, 1, 1557, 605, 0, 1, 0, 1, 1, 0, 2, 2]),
 (12, [933, 118, 1, 0, 0, 1226, 1560, 0, 1, 0, 4, 1, 2, 2, 1]),
 (12, [1345, 28, 0, 0, 1, 1557, 605, 0, 1, 0, 1, 1, 0, 2, 2]),
 (12, [1265, 18, 1, 1, 1, 1019, 2016, 1, 1, 2, 3, 1, 2, 0, 1]),
 (12, [1559, 90, 0, 1, 1, 1286, 2013, 0, 0, 1, 1, 0, 1, 2, 0]),
 (12, [1601, 29, 0, 0, 1, 1065, 737, 0, 1, 1, 3, 0, 2, 2, 0]),
 (12, [1102, 11, 1, 1, 1, 1130, 1619, 0, 0, 0, 4, 1, 2, 2, 0]),
 (12, [1279, 108, 0, 1, 0, 1467, 682, 1, 0, 0, 4, 0, 0, 1, 1]),
 (12, [1279, 108, 0, 1, 0, 1467, 682, 1, 0, 0, 4, 0, 0, 1, 1]),
 (12, [933, 118, 1, 0, 0, 1226, 1560, 0, 1, 0, 4, 1, 2, 2, 1]),
 (12, [524, 94, 0, 0, 0, 1216, 769, 0, 1, 1, 3, 0, 0, 2, 1]),
 (12, [1265, 18, 1, 1, 1, 1019, 2016, 1, 1, 2, 3, 1, 2, 0, 1]),
 (12, [1601, 29, 0, 0, 1, 1065, 737, 0, 1, 1, 3, 0, 2, 2, 0]),
 (12, [524, 94, 0, 0, 0, 1216, 769, 0, 1, 1, 3, 0, 0, 2, 1]),
 (12, [933, 118, 1, 0, 0, 1226, 1560, 0, 1, 0, 4, 1, 2, 2, 1]),
 (12, [1769, 10, 0, 0, 0, 2032, 1588, 0, 0, 0, 4, 0, 2, 1, 1]),
 (12, [524, 94, 0, 0, 0, 1216, 769, 0, 1, 1, 3, 0, 0, 2, 1]),
 (12, [1289, 85, 0, 1, 1, 848, 552, 0, 1, 0, 1, 0, 2, 1, 1])]
population
[(999, [1987, 58, 0, 1, 0, 1525, 941, 1, 1, 0, 5, 1, 2, 0, 1]),
 (999, [1859, 85, 0, 0, 1, 1311, 1303, 1, 0, 0, 5, 1, 2, 1, 2]),
 (999, [1805, 98, 0, 1, 0, 773, 1428, 1, 1, 3, 3, 1, 2, 2, 0]),
 (999, [1443, 60, 1, 1, 1, 1343, 1698, 1, 0, 3, 5, 1, 0, 1, 1]),
 (999, [1427, 63, 0, 0, 1, 975, 1579, 1, 1, 3, 5, 0, 0, 2, 2]),
 (999, [1287, 45, 0, 1, 0, 1114, 735, 1, 0, 3, 0, 0, 0, 1, 1]),
 (999, [735, 112, 0, 1, 1, 963, 925, 1, 0, 3, 5, 0, 2, 2, 2]),
 (16, [1940, 53, 1, 1, 1, 1734, 1333, 1, 0, 2, 2, 0, 0, 2, 1]),
 (16, [1712, 84, 1, 0, 1, 1699, 1169, 1, 1, 1, 1, 1, 1, 1, 1]),
 (16, [1711, 69, 0, 1, 0, 717, 1548, 1, 0, 0, 1, 1, 2, 0, 0]),
 (16, [1642, 50, 0, 1, 1, 980, 2046, 0, 1, 0, 1, 0, 1, 1, 2]),
 (16, [1583, 44, 1, 1, 0, 847, 1802, 1, 0, 1, 0, 1, 1, 2, 0]),
 (16, [1046, 45, 0, 0, 0, 1941, 1776, 0, 1, 2, 3, 0, 2, 1, 0]),
 (16, [889, 114, 0, 1, 1, 580, 1210, 0, 0, 0, 1, 1, 1, 0, 0]),
 (16, [862, 57, 0, 0, 1, 1247, 783, 1, 1, 1, 2, 0, 2, 2, 2]),
 (16, [849, 97, 1, 0, 1, 795, 805, 0, 1, 1, 1, 0, 0, 0, 1]),
 (16, [771, 21, 0, 1, 0, 1423, 930, 0, 1, 1, 2, 0, 2, 2, 1]),
 (16, [751, 83, 1, 1, 0, 1756, 1865, 1, 0, 1, 0, 0, 1, 0, 1]),
 (16, [713, 40, 1, 0, 1, 1803, 1621, 0, 1, 1, 1, 1, 2, 1, 0]),
 (16, [558, 43, 1, 1, 1, 1416, 798, 1, 0, 2, 1, 1, 1, 0, 1]),
 (16, [512, 82, 0, 1, 1, 2016, 756, 1, 1, 1, 4, 1, 1, 1, 1]),
 (12, [1770, 112, 1, 0, 0, 1589, 843, 1, 0, 1, 3, 0, 2, 0, 2]),
 (12, [1769, 10, 0, 0, 0, 2032, 1588, 0, 0, 0, 4, 0, 2, 1, 1]),
 (12, [1601, 29, 0, 0, 1, 1065, 737, 0, 1, 1, 3, 0, 2, 2, 0]),
 (12, [1559, 90, 0, 1, 1, 1286, 2013, 0, 0, 1, 1, 0, 1, 2, 0]),
 (12, [1345, 28, 0, 0, 1, 1557, 605, 0, 1, 0, 1, 1, 0, 2, 2]),
 (12, [1289, 85, 0, 1, 1, 848, 552, 0, 1, 0, 1, 0, 2, 1, 1]),
 (12, [1279, 108, 0, 1, 0, 1467, 682, 1, 0, 0, 4, 0, 0, 1, 1]),
 (12, [1265, 18, 1, 1, 1, 1019, 2016, 1, 1, 2, 3, 1, 2, 0, 1]),
 (12, [1102, 11, 1, 1, 1, 1130, 1619, 0, 0, 0, 4, 1, 2, 2, 0]),
 (12, [933, 118, 1, 0, 0, 1226, 1560, 0, 1, 0, 4, 1, 2, 2, 1]),
 (12, [524, 94, 0, 0, 0, 1216, 769, 0, 1, 1, 3, 0, 0, 2, 1])]
scored
[(12, [524, 94, 0, 0, 0, 1216, 769, 0, 1, 1, 3, 0, 0, 2, 1]),
 (12, [933, 118, 1, 0, 0, 1226, 1560, 0, 1, 0, 4, 1, 2, 2, 1]),
 (12, [1102, 11, 1, 1, 1, 1130, 1619, 0, 0, 0, 4, 1, 2, 2, 0]),
 (12, [1265, 18, 1, 1, 1, 1019, 2016, 1, 1, 2, 3, 1, 2, 0, 1]),
 (12, [1279, 108, 0, 1, 0, 1467, 682, 1, 0, 0, 4, 0, 0, 1, 1]),
 (12, [1289, 85, 0, 1, 1, 848, 552, 0, 1, 0, 1, 0, 2, 1, 1]),
 (12, [1345, 28, 0, 0, 1, 1557, 605, 0, 1, 0, 1, 1, 0, 2, 2]),
 (12, [1559, 90, 0, 1, 1, 1286, 2013, 0, 0, 1, 1, 0, 1, 2, 0]),
 (12, [1601, 29, 0, 0, 1, 1065, 737, 0, 1, 1, 3, 0, 2, 2, 0]),
 (12, [1769, 10, 0, 0, 0, 2032, 1588, 0, 0, 0, 4, 0, 2, 1, 1]),
 (12, [1770, 112, 1, 0, 0, 1589, 843, 1, 0, 1, 3, 0, 2, 0, 2]),
 (16, [512, 82, 0, 1, 1, 2016, 756, 1, 1, 1, 4, 1, 1, 1, 1]),
 (16, [558, 43, 1, 1, 1, 1416, 798, 1, 0, 2, 1, 1, 1, 0, 1]),
 (16, [713, 40, 1, 0, 1, 1803, 1621, 0, 1, 1, 1, 1, 2, 1, 0]),
 (16, [751, 83, 1, 1, 0, 1756, 1865, 1, 0, 1, 0, 0, 1, 0, 1]),
 (16, [771, 21, 0, 1, 0, 1423, 930, 0, 1, 1, 2, 0, 2, 2, 1]),
 (16, [849, 97, 1, 0, 1, 795, 805, 0, 1, 1, 1, 0, 0, 0, 1]),
 (16, [862, 57, 0, 0, 1, 1247, 783, 1, 1, 1, 2, 0, 2, 2, 2]),
 (16, [889, 114, 0, 1, 1, 580, 1210, 0, 0, 0, 1, 1, 1, 0, 0]),
 (16, [1046, 45, 0, 0, 0, 1941, 1776, 0, 1, 2, 3, 0, 2, 1, 0]),
 (16, [1583, 44, 1, 1, 0, 847, 1802, 1, 0, 1, 0, 1, 1, 2, 0]),
 (16, [1642, 50, 0, 1, 1, 980, 2046, 0, 1, 0, 1, 0, 1, 1, 2]),
 (16, [1711, 69, 0, 1, 0, 717, 1548, 1, 0, 0, 1, 1, 2, 0, 0]),
 (16, [1712, 84, 1, 0, 1, 1699, 1169, 1, 1, 1, 1, 1, 1, 1, 1]),
 (16, [1940, 53, 1, 1, 1, 1734, 1333, 1, 0, 2, 2, 0, 0, 2, 1]),
 (999, [735, 112, 0, 1, 1, 963, 925, 1, 0, 3, 5, 0, 2, 2, 2]),
 (999, [1287, 45, 0, 1, 0, 1114, 735, 1, 0, 3, 0, 0, 0, 1, 1]),
 (999, [1427, 63, 0, 0, 1, 975, 1579, 1, 1, 3, 5, 0, 0, 2, 2]),
 (999, [1443, 60, 1, 1, 1, 1343, 1698, 1, 0, 3, 5, 1, 0, 1, 1]),
 (999, [1805, 98, 0, 1, 0, 773, 1428, 1, 1, 3, 3, 1, 2, 2, 0]),
 (999, [1859, 85, 0, 0, 1, 1311, 1303, 1, 0, 0, 5, 1, 2, 1, 2]),
 (999, [1987, 58, 0, 1, 0, 1525, 941, 1, 1, 0, 5, 1, 2, 0, 1])]
Selected
[(12, [524, 94, 0, 0, 0, 1216, 769, 0, 1, 1, 3, 0, 0, 2, 1]),
 (12, [933, 118, 1, 0, 0, 1226, 1560, 0, 1, 0, 4, 1, 2, 2, 1]),
 (12, [1102, 11, 1, 1, 1, 1130, 1619, 0, 0, 0, 4, 1, 2, 2, 0]),
 (16, [1046, 45, 0, 0, 0, 1941, 1776, 0, 1, 2, 3, 0, 2, 1, 0]),
 (12, [1345, 28, 0, 0, 1, 1557, 605, 0, 1, 0, 1, 1, 0, 2, 2]),
 (12, [1265, 18, 1, 1, 1, 1019, 2016, 1, 1, 2, 3, 1, 2, 0, 1]),
 (12, [933, 118, 1, 0, 0, 1226, 1560, 0, 1, 0, 4, 1, 2, 2, 1]),
 (12, [1289, 85, 0, 1, 1, 848, 552, 0, 1, 0, 1, 0, 2, 1, 1]),
 (12, [1345, 28, 0, 0, 1, 1557, 605, 0, 1, 0, 1, 1, 0, 2, 2]),
 (12, [933, 118, 1, 0, 0, 1226, 1560, 0, 1, 0, 4, 1, 2, 2, 1]),
 (12, [1102, 11, 1, 1, 1, 1130, 1619, 0, 0, 0, 4, 1, 2, 2, 0]),
 (12, [1559, 90, 0, 1, 1, 1286, 2013, 0, 0, 1, 1, 0, 1, 2, 0]),
 (12, [1289, 85, 0, 1, 1, 848, 552, 0, 1, 0, 1, 0, 2, 1, 1]),
 (12, [933, 118, 1, 0, 0, 1226, 1560, 0, 1, 0, 4, 1, 2, 2, 1]),
 (12, [933, 118, 1, 0, 0, 1226, 1560, 0, 1, 0, 4, 1, 2, 2, 1]),
 (12, [1770, 112, 1, 0, 0, 1589, 843, 1, 0, 1, 3, 0, 2, 0, 2]),
 (12, [524, 94, 0, 0, 0, 1216, 769, 0, 1, 1, 3, 0, 0, 2, 1]),
 (12, [524, 94, 0, 0, 0, 1216, 769, 0, 1, 1, 3, 0, 0, 2, 1]),
 (12, [1265, 18, 1, 1, 1, 1019, 2016, 1, 1, 2, 3, 1, 2, 0, 1]),
 (12, [1289, 85, 0, 1, 1, 848, 552, 0, 1, 0, 1, 0, 2, 1, 1]),
 (12, [1102, 11, 1, 1, 1, 1130, 1619, 0, 0, 0, 4, 1, 2, 2, 0]),
 (12, [1102, 11, 1, 1, 1, 1130, 1619, 0, 0, 0, 4, 1, 2, 2, 0]),
 (12, [1102, 11, 1, 1, 1, 1130, 1619, 0, 0, 0, 4, 1, 2, 2, 0]),
 (12, [1265, 18, 1, 1, 1, 1019, 2016, 1, 1, 2, 3, 1, 2, 0, 1]),
 (12, [1279, 108, 0, 1, 0, 1467, 682, 1, 0, 0, 4, 0, 0, 1, 1]),
 (12, [1102, 11, 1, 1, 1, 1130, 1619, 0, 0, 0, 4, 1, 2, 2, 0]),
 (12, [1769, 10, 0, 0, 0, 2032, 1588, 0, 0, 0, 4, 0, 2, 1, 1])]
population
[(999, [1987, 58, 0, 1, 0, 1525, 941, 1, 1, 0, 5, 1, 2, 0, 1]),
 (999, [1859, 85, 0, 0, 1, 1311, 1303, 1, 0, 0, 5, 1, 2, 1, 2]),
 (999, [1805, 98, 0, 1, 0, 773, 1428, 1, 1, 3, 3, 1, 2, 2, 0]),
 (999, [1443, 60, 1, 1, 1, 1343, 1698, 1, 0, 3, 5, 1, 0, 1, 1]),
 (999, [1427, 63, 0, 0, 1, 975, 1579, 1, 1, 3, 5, 0, 0, 2, 2]),
 (999, [1287, 45, 0, 1, 0, 1114, 735, 1, 0, 3, 0, 0, 0, 1, 1]),
 (999, [735, 112, 0, 1, 1, 963, 925, 1, 0, 3, 5, 0, 2, 2, 2]),
 (16, [1940, 53, 1, 1, 1, 1734, 1333, 1, 0, 2, 2, 0, 0, 2, 1]),
 (16, [1712, 84, 1, 0, 1, 1699, 1169, 1, 1, 1, 1, 1, 1, 1, 1]),
 (16, [1711, 69, 0, 1, 0, 717, 1548, 1, 0, 0, 1, 1, 2, 0, 0]),
 (16, [1642, 50, 0, 1, 1, 980, 2046, 0, 1, 0, 1, 0, 1, 1, 2]),
 (16, [1583, 44, 1, 1, 0, 847, 1802, 1, 0, 1, 0, 1, 1, 2, 0]),
 (16, [1046, 45, 0, 0, 0, 1941, 1776, 0, 1, 2, 3, 0, 2, 1, 0]),
 (16, [889, 114, 0, 1, 1, 580, 1210, 0, 0, 0, 1, 1, 1, 0, 0]),
 (16, [862, 57, 0, 0, 1, 1247, 783, 1, 1, 1, 2, 0, 2, 2, 2]),
 (16, [849, 97, 1, 0, 1, 795, 805, 0, 1, 1, 1, 0, 0, 0, 1]),
 (16, [771, 21, 0, 1, 0, 1423, 930, 0, 1, 1, 2, 0, 2, 2, 1]),
 (16, [751, 83, 1, 1, 0, 1756, 1865, 1, 0, 1, 0, 0, 1, 0, 1]),
 (16, [713, 40, 1, 0, 1, 1803, 1621, 0, 1, 1, 1, 1, 2, 1, 0]),
 (16, [558, 43, 1, 1, 1, 1416, 798, 1, 0, 2, 1, 1, 1, 0, 1]),
 (16, [512, 82, 0, 1, 1, 2016, 756, 1, 1, 1, 4, 1, 1, 1, 1]),
 (12, [1770, 112, 1, 0, 0, 1589, 843, 1, 0, 1, 3, 0, 2, 0, 2]),
 (12, [1769, 10, 0, 0, 0, 2032, 1588, 0, 0, 0, 4, 0, 2, 1, 1]),
 (12, [1601, 29, 0, 0, 1, 1065, 737, 0, 1, 1, 3, 0, 2, 2, 0]),
 (12, [1559, 90, 0, 1, 1, 1286, 2013, 0, 0, 1, 1, 0, 1, 2, 0]),
 (12, [1345, 28, 0, 0, 1, 1557, 605, 0, 1, 0, 1, 1, 0, 2, 2]),
 (12, [1289, 85, 0, 1, 1, 848, 552, 0, 1, 0, 1, 0, 2, 1, 1]),
 (12, [1279, 108, 0, 1, 0, 1467, 682, 1, 0, 0, 4, 0, 0, 1, 1]),
 (12, [1265, 18, 1, 1, 1, 1019, 2016, 1, 1, 2, 3, 1, 2, 0, 1]),
 (12, [1102, 11, 1, 1, 1, 1130, 1619, 0, 0, 0, 4, 1, 2, 2, 0]),
 (12, [933, 118, 1, 0, 0, 1226, 1560, 0, 1, 0, 4, 1, 2, 2, 1]),
 (12, [524, 94, 0, 0, 0, 1216, 769, 0, 1, 1, 3, 0, 0, 2, 1])]
scored
[(12, [524, 94, 0, 0, 0, 1216, 769, 0, 1, 1, 3, 0, 0, 2, 1]),
 (12, [933, 118, 1, 0, 0, 1226, 1560, 0, 1, 0, 4, 1, 2, 2, 1]),
 (12, [1102, 11, 1, 1, 1, 1130, 1619, 0, 0, 0, 4, 1, 2, 2, 0]),
 (12, [1265, 18, 1, 1, 1, 1019, 2016, 1, 1, 2, 3, 1, 2, 0, 1]),
 (12, [1279, 108, 0, 1, 0, 1467, 682, 1, 0, 0, 4, 0, 0, 1, 1]),
 (12, [1289, 85, 0, 1, 1, 848, 552, 0, 1, 0, 1, 0, 2, 1, 1]),
 (12, [1345, 28, 0, 0, 1, 1557, 605, 0, 1, 0, 1, 1, 0, 2, 2]),
 (12, [1559, 90, 0, 1, 1, 1286, 2013, 0, 0, 1, 1, 0, 1, 2, 0]),
 (12, [1601, 29, 0, 0, 1, 1065, 737, 0, 1, 1, 3, 0, 2, 2, 0]),
 (12, [1769, 10, 0, 0, 0, 2032, 1588, 0, 0, 0, 4, 0, 2, 1, 1]),
 (12, [1770, 112, 1, 0, 0, 1589, 843, 1, 0, 1, 3, 0, 2, 0, 2]),
 (16, [512, 82, 0, 1, 1, 2016, 756, 1, 1, 1, 4, 1, 1, 1, 1]),
 (16, [558, 43, 1, 1, 1, 1416, 798, 1, 0, 2, 1, 1, 1, 0, 1]),
 (16, [713, 40, 1, 0, 1, 1803, 1621, 0, 1, 1, 1, 1, 2, 1, 0]),
 (16, [751, 83, 1, 1, 0, 1756, 1865, 1, 0, 1, 0, 0, 1, 0, 1]),
 (16, [771, 21, 0, 1, 0, 1423, 930, 0, 1, 1, 2, 0, 2, 2, 1]),
 (16, [849, 97, 1, 0, 1, 795, 805, 0, 1, 1, 1, 0, 0, 0, 1]),
 (16, [862, 57, 0, 0, 1, 1247, 783, 1, 1, 1, 2, 0, 2, 2, 2]),
 (16, [889, 114, 0, 1, 1, 580, 1210, 0, 0, 0, 1, 1, 1, 0, 0]),
 (16, [1046, 45, 0, 0, 0, 1941, 1776, 0, 1, 2, 3, 0, 2, 1, 0]),
 (16, [1583, 44, 1, 1, 0, 847, 1802, 1, 0, 1, 0, 1, 1, 2, 0]),
 (16, [1642, 50, 0, 1, 1, 980, 2046, 0, 1, 0, 1, 0, 1, 1, 2]),
 (16, [1711, 69, 0, 1, 0, 717, 1548, 1, 0, 0, 1, 1, 2, 0, 0]),
 (16, [1712, 84, 1, 0, 1, 1699, 1169, 1, 1, 1, 1, 1, 1, 1, 1]),
 (16, [1940, 53, 1, 1, 1, 1734, 1333, 1, 0, 2, 2, 0, 0, 2, 1]),
 (999, [735, 112, 0, 1, 1, 963, 925, 1, 0, 3, 5, 0, 2, 2, 2]),
 (999, [1287, 45, 0, 1, 0, 1114, 735, 1, 0, 3, 0, 0, 0, 1, 1]),
 (999, [1427, 63, 0, 0, 1, 975, 1579, 1, 1, 3, 5, 0, 0, 2, 2]),
 (999, [1443, 60, 1, 1, 1, 1343, 1698, 1, 0, 3, 5, 1, 0, 1, 1]),
 (999, [1805, 98, 0, 1, 0, 773, 1428, 1, 1, 3, 3, 1, 2, 2, 0]),
 (999, [1859, 85, 0, 0, 1, 1311, 1303, 1, 0, 0, 5, 1, 2, 1, 2]),
 (999, [1987, 58, 0, 1, 0, 1525, 941, 1, 1, 0, 5, 1, 2, 0, 1])]
Selected
[(12, [524, 94, 0, 0, 0, 1216, 769, 0, 1, 1, 3, 0, 0, 2, 1]),
 (12, [1770, 112, 1, 0, 0, 1589, 843, 1, 0, 1, 3, 0, 2, 0, 2]),
 (12, [1345, 28, 0, 0, 1, 1557, 605, 0, 1, 0, 1, 1, 0, 2, 2]),
 (12, [1279, 108, 0, 1, 0, 1467, 682, 1, 0, 0, 4, 0, 0, 1, 1]),
 (12, [933, 118, 1, 0, 0, 1226, 1560, 0, 1, 0, 4, 1, 2, 2, 1]),
 (12, [1770, 112, 1, 0, 0, 1589, 843, 1, 0, 1, 3, 0, 2, 0, 2]),
 (12, [524, 94, 0, 0, 0, 1216, 769, 0, 1, 1, 3, 0, 0, 2, 1]),
 (12, [933, 118, 1, 0, 0, 1226, 1560, 0, 1, 0, 4, 1, 2, 2, 1]),
 (12, [933, 118, 1, 0, 0, 1226, 1560, 0, 1, 0, 4, 1, 2, 2, 1]),
 (12, [1601, 29, 0, 0, 1, 1065, 737, 0, 1, 1, 3, 0, 2, 2, 0]),
 (12, [1102, 11, 1, 1, 1, 1130, 1619, 0, 0, 0, 4, 1, 2, 2, 0]),
 (16, [512, 82, 0, 1, 1, 2016, 756, 1, 1, 1, 4, 1, 1, 1, 1]),
 (12, [1102, 11, 1, 1, 1, 1130, 1619, 0, 0, 0, 4, 1, 2, 2, 0]),
 (12, [524, 94, 0, 0, 0, 1216, 769, 0, 1, 1, 3, 0, 0, 2, 1]),
 (12, [933, 118, 1, 0, 0, 1226, 1560, 0, 1, 0, 4, 1, 2, 2, 1]),
 (16, [751, 83, 1, 1, 0, 1756, 1865, 1, 0, 1, 0, 0, 1, 0, 1]),
 (12, [1102, 11, 1, 1, 1, 1130, 1619, 0, 0, 0, 4, 1, 2, 2, 0]),
 (12, [1289, 85, 0, 1, 1, 848, 552, 0, 1, 0, 1, 0, 2, 1, 1]),
 (12, [1601, 29, 0, 0, 1, 1065, 737, 0, 1, 1, 3, 0, 2, 2, 0]),
 (12, [1279, 108, 0, 1, 0, 1467, 682, 1, 0, 0, 4, 0, 0, 1, 1]),
 (12, [1289, 85, 0, 1, 1, 848, 552, 0, 1, 0, 1, 0, 2, 1, 1]),
 (12, [933, 118, 1, 0, 0, 1226, 1560, 0, 1, 0, 4, 1, 2, 2, 1]),
 (12, [1102, 11, 1, 1, 1, 1130, 1619, 0, 0, 0, 4, 1, 2, 2, 0]),
 (12, [933, 118, 1, 0, 0, 1226, 1560, 0, 1, 0, 4, 1, 2, 2, 1]),
 (12, [524, 94, 0, 0, 0, 1216, 769, 0, 1, 1, 3, 0, 0, 2, 1]),
 (16, [751, 83, 1, 1, 0, 1756, 1865, 1, 0, 1, 0, 0, 1, 0, 1]),
 (12, [524, 94, 0, 0, 0, 1216, 769, 0, 1, 1, 3, 0, 0, 2, 1])]
population
[(999, [1987, 58, 0, 1, 0, 1525, 941, 1, 1, 0, 5, 1, 2, 0, 1]),
 (999, [1859, 85, 0, 0, 1, 1311, 1303, 1, 0, 0, 5, 1, 2, 1, 2]),
 (999, [1805, 98, 0, 1, 0, 773, 1428, 1, 1, 3, 3, 1, 2, 2, 0]),
 (999, [1443, 60, 1, 1, 1, 1343, 1698, 1, 0, 3, 5, 1, 0, 1, 1]),
 (999, [1427, 63, 0, 0, 1, 975, 1579, 1, 1, 3, 5, 0, 0, 2, 2]),
 (999, [1287, 45, 0, 1, 0, 1114, 735, 1, 0, 3, 0, 0, 0, 1, 1]),
 (999, [735, 112, 0, 1, 1, 963, 925, 1, 0, 3, 5, 0, 2, 2, 2]),
 (16, [1940, 53, 1, 1, 1, 1734, 1333, 1, 0, 2, 2, 0, 0, 2, 1]),
 (16, [1712, 84, 1, 0, 1, 1699, 1169, 1, 1, 1, 1, 1, 1, 1, 1]),
 (16, [1711, 69, 0, 1, 0, 717, 1548, 1, 0, 0, 1, 1, 2, 0, 0]),
 (16, [1642, 50, 0, 1, 1, 980, 2046, 0, 1, 0, 1, 0, 1, 1, 2]),
 (16, [1583, 44, 1, 1, 0, 847, 1802, 1, 0, 1, 0, 1, 1, 2, 0]),
 (16, [1046, 45, 0, 0, 0, 1941, 1776, 0, 1, 2, 3, 0, 2, 1, 0]),
 (16, [889, 114, 0, 1, 1, 580, 1210, 0, 0, 0, 1, 1, 1, 0, 0]),
 (16, [862, 57, 0, 0, 1, 1247, 783, 1, 1, 1, 2, 0, 2, 2, 2]),
 (16, [849, 97, 1, 0, 1, 795, 805, 0, 1, 1, 1, 0, 0, 0, 1]),
 (16, [771, 21, 0, 1, 0, 1423, 930, 0, 1, 1, 2, 0, 2, 2, 1]),
 (16, [751, 83, 1, 1, 0, 1756, 1865, 1, 0, 1, 0, 0, 1, 0, 1]),
 (16, [713, 40, 1, 0, 1, 1803, 1621, 0, 1, 1, 1, 1, 2, 1, 0]),
 (16, [558, 43, 1, 1, 1, 1416, 798, 1, 0, 2, 1, 1, 1, 0, 1]),
 (16, [512, 82, 0, 1, 1, 2016, 756, 1, 1, 1, 4, 1, 1, 1, 1]),
 (12, [1770, 112, 1, 0, 0, 1589, 843, 1, 0, 1, 3, 0, 2, 0, 2]),
 (12, [1769, 10, 0, 0, 0, 2032, 1588, 0, 0, 0, 4, 0, 2, 1, 1]),
 (12, [1601, 29, 0, 0, 1, 1065, 737, 0, 1, 1, 3, 0, 2, 2, 0]),
 (12, [1559, 90, 0, 1, 1, 1286, 2013, 0, 0, 1, 1, 0, 1, 2, 0]),
 (12, [1345, 28, 0, 0, 1, 1557, 605, 0, 1, 0, 1, 1, 0, 2, 2]),
 (12, [1289, 85, 0, 1, 1, 848, 552, 0, 1, 0, 1, 0, 2, 1, 1]),
 (12, [1279, 108, 0, 1, 0, 1467, 682, 1, 0, 0, 4, 0, 0, 1, 1]),
 (12, [1265, 18, 1, 1, 1, 1019, 2016, 1, 1, 2, 3, 1, 2, 0, 1]),
 (12, [1102, 11, 1, 1, 1, 1130, 1619, 0, 0, 0, 4, 1, 2, 2, 0]),
 (12, [933, 118, 1, 0, 0, 1226, 1560, 0, 1, 0, 4, 1, 2, 2, 1]),
 (12, [524, 94, 0, 0, 0, 1216, 769, 0, 1, 1, 3, 0, 0, 2, 1])]
scored
[(12, [524, 94, 0, 0, 0, 1216, 769, 0, 1, 1, 3, 0, 0, 2, 1]),
 (12, [933, 118, 1, 0, 0, 1226, 1560, 0, 1, 0, 4, 1, 2, 2, 1]),
 (12, [1102, 11, 1, 1, 1, 1130, 1619, 0, 0, 0, 4, 1, 2, 2, 0]),
 (12, [1265, 18, 1, 1, 1, 1019, 2016, 1, 1, 2, 3, 1, 2, 0, 1]),
 (12, [1279, 108, 0, 1, 0, 1467, 682, 1, 0, 0, 4, 0, 0, 1, 1]),
 (12, [1289, 85, 0, 1, 1, 848, 552, 0, 1, 0, 1, 0, 2, 1, 1]),
 (12, [1345, 28, 0, 0, 1, 1557, 605, 0, 1, 0, 1, 1, 0, 2, 2]),
 (12, [1559, 90, 0, 1, 1, 1286, 2013, 0, 0, 1, 1, 0, 1, 2, 0]),
 (12, [1601, 29, 0, 0, 1, 1065, 737, 0, 1, 1, 3, 0, 2, 2, 0]),
 (12, [1769, 10, 0, 0, 0, 2032, 1588, 0, 0, 0, 4, 0, 2, 1, 1]),
 (12, [1770, 112, 1, 0, 0, 1589, 843, 1, 0, 1, 3, 0, 2, 0, 2]),
 (16, [512, 82, 0, 1, 1, 2016, 756, 1, 1, 1, 4, 1, 1, 1, 1]),
 (16, [558, 43, 1, 1, 1, 1416, 798, 1, 0, 2, 1, 1, 1, 0, 1]),
 (16, [713, 40, 1, 0, 1, 1803, 1621, 0, 1, 1, 1, 1, 2, 1, 0]),
 (16, [751, 83, 1, 1, 0, 1756, 1865, 1, 0, 1, 0, 0, 1, 0, 1]),
 (16, [771, 21, 0, 1, 0, 1423, 930, 0, 1, 1, 2, 0, 2, 2, 1]),
 (16, [849, 97, 1, 0, 1, 795, 805, 0, 1, 1, 1, 0, 0, 0, 1]),
 (16, [862, 57, 0, 0, 1, 1247, 783, 1, 1, 1, 2, 0, 2, 2, 2]),
 (16, [889, 114, 0, 1, 1, 580, 1210, 0, 0, 0, 1, 1, 1, 0, 0]),
 (16, [1046, 45, 0, 0, 0, 1941, 1776, 0, 1, 2, 3, 0, 2, 1, 0]),
 (16, [1583, 44, 1, 1, 0, 847, 1802, 1, 0, 1, 0, 1, 1, 2, 0]),
 (16, [1642, 50, 0, 1, 1, 980, 2046, 0, 1, 0, 1, 0, 1, 1, 2]),
 (16, [1711, 69, 0, 1, 0, 717, 1548, 1, 0, 0, 1, 1, 2, 0, 0]),
 (16, [1712, 84, 1, 0, 1, 1699, 1169, 1, 1, 1, 1, 1, 1, 1, 1]),
 (16, [1940, 53, 1, 1, 1, 1734, 1333, 1, 0, 2, 2, 0, 0, 2, 1]),
 (999, [735, 112, 0, 1, 1, 963, 925, 1, 0, 3, 5, 0, 2, 2, 2]),
 (999, [1287, 45, 0, 1, 0, 1114, 735, 1, 0, 3, 0, 0, 0, 1, 1]),
 (999, [1427, 63, 0, 0, 1, 975, 1579, 1, 1, 3, 5, 0, 0, 2, 2]),
 (999, [1443, 60, 1, 1, 1, 1343, 1698, 1, 0, 3, 5, 1, 0, 1, 1]),
 (999, [1805, 98, 0, 1, 0, 773, 1428, 1, 1, 3, 3, 1, 2, 2, 0]),
 (999, [1859, 85, 0, 0, 1, 1311, 1303, 1, 0, 0, 5, 1, 2, 1, 2]),
 (999, [1987, 58, 0, 1, 0, 1525, 941, 1, 1, 0, 5, 1, 2, 0, 1])]
Selected
[(12, [524, 94, 0, 0, 0, 1216, 769, 0, 1, 1, 3, 0, 0, 2, 1]),
 (16, [889, 114, 0, 1, 1, 580, 1210, 0, 0, 0, 1, 1, 1, 0, 0]),
 (12, [1289, 85, 0, 1, 1, 848, 552, 0, 1, 0, 1, 0, 2, 1, 1]),
 (12, [933, 118, 1, 0, 0, 1226, 1560, 0, 1, 0, 4, 1, 2, 2, 1]),
 (12, [933, 118, 1, 0, 0, 1226, 1560, 0, 1, 0, 4, 1, 2, 2, 1]),
 (12, [1559, 90, 0, 1, 1, 1286, 2013, 0, 0, 1, 1, 0, 1, 2, 0]),
 (12, [524, 94, 0, 0, 0, 1216, 769, 0, 1, 1, 3, 0, 0, 2, 1]),
 (12, [1769, 10, 0, 0, 0, 2032, 1588, 0, 0, 0, 4, 0, 2, 1, 1]),
 (12, [1279, 108, 0, 1, 0, 1467, 682, 1, 0, 0, 4, 0, 0, 1, 1]),
 (12, [933, 118, 1, 0, 0, 1226, 1560, 0, 1, 0, 4, 1, 2, 2, 1]),
 (12, [933, 118, 1, 0, 0, 1226, 1560, 0, 1, 0, 4, 1, 2, 2, 1]),
 (12, [524, 94, 0, 0, 0, 1216, 769, 0, 1, 1, 3, 0, 0, 2, 1]),
 (16, [889, 114, 0, 1, 1, 580, 1210, 0, 0, 0, 1, 1, 1, 0, 0]),
 (12, [1345, 28, 0, 0, 1, 1557, 605, 0, 1, 0, 1, 1, 0, 2, 2]),
 (12, [1279, 108, 0, 1, 0, 1467, 682, 1, 0, 0, 4, 0, 0, 1, 1]),
 (12, [1769, 10, 0, 0, 0, 2032, 1588, 0, 0, 0, 4, 0, 2, 1, 1]),
 (12, [933, 118, 1, 0, 0, 1226, 1560, 0, 1, 0, 4, 1, 2, 2, 1]),
 (12, [524, 94, 0, 0, 0, 1216, 769, 0, 1, 1, 3, 0, 0, 2, 1]),
 (12, [1265, 18, 1, 1, 1, 1019, 2016, 1, 1, 2, 3, 1, 2, 0, 1]),
 (12, [1102, 11, 1, 1, 1, 1130, 1619, 0, 0, 0, 4, 1, 2, 2, 0]),
 (12, [524, 94, 0, 0, 0, 1216, 769, 0, 1, 1, 3, 0, 0, 2, 1]),
 (12, [1345, 28, 0, 0, 1, 1557, 605, 0, 1, 0, 1, 1, 0, 2, 2]),
 (12, [1265, 18, 1, 1, 1, 1019, 2016, 1, 1, 2, 3, 1, 2, 0, 1]),
 (12, [1102, 11, 1, 1, 1, 1130, 1619, 0, 0, 0, 4, 1, 2, 2, 0]),
 (12, [933, 118, 1, 0, 0, 1226, 1560, 0, 1, 0, 4, 1, 2, 2, 1]),
 (12, [524, 94, 0, 0, 0, 1216, 769, 0, 1, 1, 3, 0, 0, 2, 1]),
 (12, [524, 94, 0, 0, 0, 1216, 769, 0, 1, 1, 3, 0, 0, 2, 1])]

Poblacin de 32 individuos durante 15 generaciones
Poblacin inicial:
[(999, [1987, 58, 0, 1, 0, 1525, 941, 1, 1, 0, 5, 1, 2, 0, 1]),
 (999, [1859, 85, 0, 0, 1, 1311, 1303, 1, 0, 0, 5, 1, 2, 1, 2]),
 (999, [1805, 98, 0, 1, 0, 773, 1428, 1, 1, 3, 3, 1, 2, 2, 0]),
 (999, [1443, 60, 1, 1, 1, 1343, 1698, 1, 0, 3, 5, 1, 0, 1, 1]),
 (999, [1427, 63, 0, 0, 1, 975, 1579, 1, 1, 3, 5, 0, 0, 2, 2]),
 (999, [1287, 45, 0, 1, 0, 1114, 735, 1, 0, 3, 0, 0, 0, 1, 1]),
 (999, [735, 112, 0, 1, 1, 963, 925, 1, 0, 3, 5, 0, 2, 2, 2]),
 (16, [1940, 53, 1, 1, 1, 1734, 1333, 1, 0, 2, 2, 0, 0, 2, 1]),
 (16, [1712, 84, 1, 0, 1, 1699, 1169, 1, 1, 1, 1, 1, 1, 1, 1]),
 (16, [1711, 69, 0, 1, 0, 717, 1548, 1, 0, 0, 1, 1, 2, 0, 0]),
 (16, [1642, 50, 0, 1, 1, 980, 2046, 0, 1, 0, 1, 0, 1, 1, 2]),
 (16, [1583, 44, 1, 1, 0, 847, 1802, 1, 0, 1, 0, 1, 1, 2, 0]),
 (16, [1046, 45, 0, 0, 0, 1941, 1776, 0, 1, 2, 3, 0, 2, 1, 0]),
 (16, [889, 114, 0, 1, 1, 580, 1210, 0, 0, 0, 1, 1, 1, 0, 0]),
 (16, [862, 57, 0, 0, 1, 1247, 783, 1, 1, 1, 2, 0, 2, 2, 2]),
 (16, [849, 97, 1, 0, 1, 795, 805, 0, 1, 1, 1, 0, 0, 0, 1]),
 (16, [771, 21, 0, 1, 0, 1423, 930, 0, 1, 1, 2, 0, 2, 2, 1]),
 (16, [751, 83, 1, 1, 0, 1756, 1865, 1, 0, 1, 0, 0, 1, 0, 1]),
 (16, [713, 40, 1, 0, 1, 1803, 1621, 0, 1, 1, 1, 1, 2, 1, 0]),
 (16, [558, 43, 1, 1, 1, 1416, 798, 1, 0, 2, 1, 1, 1, 0, 1]),
 (16, [512, 82, 0, 1, 1, 2016, 756, 1, 1, 1, 4, 1, 1, 1, 1]),
 (12, [1770, 112, 1, 0, 0, 1589, 843, 1, 0, 1, 3, 0, 2, 0, 2]),
 (12, [1769, 10, 0, 0, 0, 2032, 1588, 0, 0, 0, 4, 0, 2, 1, 1]),
 (12, [1601, 29, 0, 0, 1, 1065, 737, 0, 1, 1, 3, 0, 2, 2, 0]),
 (12, [1559, 90, 0, 1, 1, 1286, 2013, 0, 0, 1, 1, 0, 1, 2, 0]),
 (12, [1345, 28, 0, 0, 1, 1557, 605, 0, 1, 0, 1, 1, 0, 2, 2]),
 (12, [1289, 85, 0, 1, 1, 848, 552, 0, 1, 0, 1, 0, 2, 1, 1]),
 (12, [1279, 108, 0, 1, 0, 1467, 682, 1, 0, 0, 4, 0, 0, 1, 1]),
 (12, [1265, 18, 1, 1, 1, 1019, 2016, 1, 1, 2, 3, 1, 2, 0, 1]),
 (12, [1102, 11, 1, 1, 1, 1130, 1619, 0, 0, 0, 4, 1, 2, 2, 0]),
 (12, [933, 118, 1, 0, 0, 1226, 1560, 0, 1, 0, 4, 1, 2, 2, 1]),
 (12, [524, 94, 0, 0, 0, 1216, 769, 0, 1, 1, 3, 0, 0, 2, 1])]
Poblacin final:
[(999, [1987, 58, 0, 1, 0, 1525, 941, 1, 1, 0, 5, 1, 2, 0, 1]),
 (999, [1859, 85, 0, 0, 1, 1311, 1303, 1, 0, 0, 5, 1, 2, 1, 2]),
 (999, [1805, 98, 0, 1, 0, 773, 1428, 1, 1, 3, 3, 1, 2, 2, 0]),
 (999, [1443, 60, 1, 1, 1, 1343, 1698, 1, 0, 3, 5, 1, 0, 1, 1]),
 (999, [1427, 63, 0, 0, 1, 975, 1579, 1, 1, 3, 5, 0, 0, 2, 2]),
 (999, [1287, 45, 0, 1, 0, 1114, 735, 1, 0, 3, 0, 0, 0, 1, 1]),
 (999, [735, 112, 0, 1, 1, 963, 925, 1, 0, 3, 5, 0, 2, 2, 2]),
 (16, [1940, 53, 1, 1, 1, 1734, 1333, 1, 0, 2, 2, 0, 0, 2, 1]),
 (16, [1712, 84, 1, 0, 1, 1699, 1169, 1, 1, 1, 1, 1, 1, 1, 1]),
 (16, [1711, 69, 0, 1, 0, 717, 1548, 1, 0, 0, 1, 1, 2, 0, 0]),
 (16, [1642, 50, 0, 1, 1, 980, 2046, 0, 1, 0, 1, 0, 1, 1, 2]),
 (16, [1583, 44, 1, 1, 0, 847, 1802, 1, 0, 1, 0, 1, 1, 2, 0]),
 (16, [1046, 45, 0, 0, 0, 1941, 1776, 0, 1, 2, 3, 0, 2, 1, 0]),
 (16, [889, 114, 0, 1, 1, 580, 1210, 0, 0, 0, 1, 1, 1, 0, 0]),
 (16, [862, 57, 0, 0, 1, 1247, 783, 1, 1, 1, 2, 0, 2, 2, 2]),
 (16, [849, 97, 1, 0, 1, 795, 805, 0, 1, 1, 1, 0, 0, 0, 1]),
 (16, [771, 21, 0, 1, 0, 1423, 930, 0, 1, 1, 2, 0, 2, 2, 1]),
 (16, [751, 83, 1, 1, 0, 1756, 1865, 1, 0, 1, 0, 0, 1, 0, 1]),
 (16, [713, 40, 1, 0, 1, 1803, 1621, 0, 1, 1, 1, 1, 2, 1, 0]),
 (16, [558, 43, 1, 1, 1, 1416, 798, 1, 0, 2, 1, 1, 1, 0, 1]),
 (16, [512, 82, 0, 1, 1, 2016, 756, 1, 1, 1, 4, 1, 1, 1, 1]),
 (12, [1770, 112, 1, 0, 0, 1589, 843, 1, 0, 1, 3, 0, 2, 0, 2]),
 (12, [1769, 10, 0, 0, 0, 2032, 1588, 0, 0, 0, 4, 0, 2, 1, 1]),
 (12, [1601, 29, 0, 0, 1, 1065, 737, 0, 1, 1, 3, 0, 2, 2, 0]),
 (12, [1559, 90, 0, 1, 1, 1286, 2013, 0, 0, 1, 1, 0, 1, 2, 0]),
 (12, [1345, 28, 0, 0, 1, 1557, 605, 0, 1, 0, 1, 1, 0, 2, 2]),
 (12, [1289, 85, 0, 1, 1, 848, 552, 0, 1, 0, 1, 0, 2, 1, 1]),
 (12, [1279, 108, 0, 1, 0, 1467, 682, 1, 0, 0, 4, 0, 0, 1, 1]),
 (12, [1265, 18, 1, 1, 1, 1019, 2016, 1, 1, 2, 3, 1, 2, 0, 1]),
 (12, [1102, 11, 1, 1, 1, 1130, 1619, 0, 0, 0, 4, 1, 2, 2, 0]),
 (12, [933, 118, 1, 0, 0, 1226, 1560, 0, 1, 0, 4, 1, 2, 2, 1]),
 (12, [524, 94, 0, 0, 0, 1216, 769, 0, 1, 1, 3, 0, 0, 2, 1])]
Elapsed time is 990.904723 seconds.
