 * Manually resetting nginx to stopped state
 * Manually resetting nginx to stopped state
 * Manually resetting nginx to stopped state
 * Manually resetting nginx to stopped state
 * Manually resetting nginx to stopped state
 * Manually resetting nginx to stopped state
 * Manually resetting nginx to stopped state
 * Manually resetting nginx to stopped state
 * Manually resetting nginx to stopped state
 * Manually resetting nginx to stopped state
 * Manually resetting nginx to stopped state
 * Manually resetting nginx to stopped state
 * Manually resetting nginx to stopped state
 * Manually resetting nginx to stopped state
 * Manually resetting nginx to stopped state
 * Manually resetting nginx to stopped state
 * Manually resetting nginx to stopped state
 * Manually resetting nginx to stopped state
 * Manually resetting nginx to stopped state
 * Manually resetting nginx to stopped state
 * Manually resetting nginx to stopped state
 * Manually resetting nginx to stopped state
 * Manually resetting nginx to stopped state
 * Manually resetting nginx to stopped state
genes: 15
individuals : 32
pressure: 5
mutation_chance: 0
generations: 15
crossover_type: 1
mutation_type_random: 1
Alerts:
12
Alerts:
12
Alerts:
16
Alerts:
16
Alerts:
16
Alerts:
16
Alerts:
12
Alerts:
12
Alerts:
12
Alerts:
12
Alerts:
16
Alerts:
16
Alerts:
16
Alerts:
17
Alerts:
16
Alerts:
12
Alerts:
16
Alerts:
16
Alerts:
12
Alerts:
12
Alerts:
16
Alerts:
16
Alerts:
16
Alerts:
16
population
[(999, [1310, 15, 1, 1, 0, 1730, 1911, 1, 0, 2, 5, 0, 2, 1, 0]),
 (12, [1041, 91, 0, 1, 0, 1126, 1005, 0, 0, 1, 2, 1, 1, 1, 1]),
 (12, [1828, 47, 1, 0, 1, 1286, 1114, 1, 0, 1, 0, 1, 1, 1, 2]),
 (16, [1782, 46, 0, 0, 1, 1448, 1315, 0, 0, 0, 0, 1, 2, 0, 2]),
 (16, [1153, 68, 1, 0, 1, 1250, 1713, 1, 1, 2, 2, 0, 0, 1, 2]),
 (16, [1709, 102, 0, 0, 0, 1039, 1247, 0, 0, 2, 2, 1, 0, 1, 0]),
 (16, [1035, 66, 0, 0, 1, 1137, 1089, 1, 1, 1, 1, 0, 2, 2, 1]),
 (999, [1748, 47, 1, 0, 1, 1440, 1041, 0, 1, 3, 2, 1, 2, 0, 2]),
 (999, [1052, 78, 0, 0, 1, 1575, 1227, 0, 0, 0, 5, 0, 0, 2, 1]),
 (999, [1536, 94, 0, 0, 1, 969, 1538, 0, 1, 0, 5, 1, 2, 0, 2]),
 (999, [1698, 75, 1, 1, 1, 1064, 550, 1, 1, 3, 1, 0, 2, 0, 1]),
 (12, [1154, 72, 1, 1, 1, 768, 832, 0, 0, 1, 4, 1, 0, 2, 1]),
 (12, [1009, 12, 1, 0, 1, 2046, 1285, 0, 0, 0, 0, 0, 1, 1, 1]),
 (12, [1611, 82, 1, 0, 1, 1873, 828, 1, 0, 2, 0, 0, 0, 2, 0]),
 (12, [1533, 96, 0, 1, 1, 796, 1310, 1, 0, 1, 1, 0, 2, 2, 2]),
 (16, [1103, 68, 1, 0, 0, 1508, 529, 0, 0, 1, 1, 0, 2, 1, 1]),
 (16, [2003, 71, 1, 1, 0, 645, 1086, 1, 1, 1, 4, 0, 1, 0, 2]),
 (999, [1288, 116, 1, 0, 1, 1563, 1976, 0, 1, 3, 0, 1, 1, 1, 2]),
 (16, [535, 82, 0, 1, 0, 1369, 1819, 0, 0, 1, 1, 1, 1, 2, 1]),
 (17, [1534, 49, 0, 1, 0, 1617, 650, 1, 1, 0, 2, 1, 0, 2, 0]),
 (16, [1991, 66, 1, 0, 1, 1017, 820, 1, 1, 2, 4, 0, 1, 2, 2]),
 (12, [1381, 81, 0, 0, 0, 938, 1047, 0, 1, 2, 4, 0, 0, 0, 0]),
 (16, [749, 49, 0, 0, 0, 1405, 2044, 1, 0, 0, 2, 1, 1, 2, 0]),
 (16, [1498, 90, 0, 0, 0, 1975, 1318, 0, 1, 1, 1, 0, 0, 0, 0]),
 (12, [1132, 75, 0, 1, 0, 1412, 1806, 1, 0, 2, 3, 0, 0, 2, 1]),
 (12, [1235, 39, 0, 1, 1, 584, 782, 1, 1, 0, 3, 1, 1, 1, 1]),
 (999, [991, 48, 1, 0, 0, 1789, 946, 1, 1, 1, 5, 1, 0, 1, 1]),
 (16, [1735, 23, 0, 0, 0, 1554, 732, 1, 0, 0, 2, 0, 1, 2, 2]),
 (16, [1202, 55, 0, 0, 1, 1832, 1363, 0, 0, 0, 4, 1, 2, 2, 0]),
 (16, [1297, 50, 1, 0, 0, 1224, 921, 0, 1, 1, 0, 1, 0, 1, 1]),
 (999, [939, 11, 1, 1, 0, 1302, 1214, 1, 1, 1, 5, 0, 0, 2, 1]),
 (16, [1251, 99, 0, 0, 1, 888, 1583, 0, 0, 1, 3, 1, 1, 2, 0])]
scored
[(12, [1009, 12, 1, 0, 1, 2046, 1285, 0, 0, 0, 0, 0, 1, 1, 1]),
 (12, [1041, 91, 0, 1, 0, 1126, 1005, 0, 0, 1, 2, 1, 1, 1, 1]),
 (12, [1132, 75, 0, 1, 0, 1412, 1806, 1, 0, 2, 3, 0, 0, 2, 1]),
 (12, [1154, 72, 1, 1, 1, 768, 832, 0, 0, 1, 4, 1, 0, 2, 1]),
 (12, [1235, 39, 0, 1, 1, 584, 782, 1, 1, 0, 3, 1, 1, 1, 1]),
 (12, [1381, 81, 0, 0, 0, 938, 1047, 0, 1, 2, 4, 0, 0, 0, 0]),
 (12, [1533, 96, 0, 1, 1, 796, 1310, 1, 0, 1, 1, 0, 2, 2, 2]),
 (12, [1611, 82, 1, 0, 1, 1873, 828, 1, 0, 2, 0, 0, 0, 2, 0]),
 (12, [1828, 47, 1, 0, 1, 1286, 1114, 1, 0, 1, 0, 1, 1, 1, 2]),
 (16, [535, 82, 0, 1, 0, 1369, 1819, 0, 0, 1, 1, 1, 1, 2, 1]),
 (16, [749, 49, 0, 0, 0, 1405, 2044, 1, 0, 0, 2, 1, 1, 2, 0]),
 (16, [1035, 66, 0, 0, 1, 1137, 1089, 1, 1, 1, 1, 0, 2, 2, 1]),
 (16, [1103, 68, 1, 0, 0, 1508, 529, 0, 0, 1, 1, 0, 2, 1, 1]),
 (16, [1153, 68, 1, 0, 1, 1250, 1713, 1, 1, 2, 2, 0, 0, 1, 2]),
 (16, [1202, 55, 0, 0, 1, 1832, 1363, 0, 0, 0, 4, 1, 2, 2, 0]),
 (16, [1251, 99, 0, 0, 1, 888, 1583, 0, 0, 1, 3, 1, 1, 2, 0]),
 (16, [1297, 50, 1, 0, 0, 1224, 921, 0, 1, 1, 0, 1, 0, 1, 1]),
 (16, [1498, 90, 0, 0, 0, 1975, 1318, 0, 1, 1, 1, 0, 0, 0, 0]),
 (16, [1709, 102, 0, 0, 0, 1039, 1247, 0, 0, 2, 2, 1, 0, 1, 0]),
 (16, [1735, 23, 0, 0, 0, 1554, 732, 1, 0, 0, 2, 0, 1, 2, 2]),
 (16, [1782, 46, 0, 0, 1, 1448, 1315, 0, 0, 0, 0, 1, 2, 0, 2]),
 (16, [1991, 66, 1, 0, 1, 1017, 820, 1, 1, 2, 4, 0, 1, 2, 2]),
 (16, [2003, 71, 1, 1, 0, 645, 1086, 1, 1, 1, 4, 0, 1, 0, 2]),
 (17, [1534, 49, 0, 1, 0, 1617, 650, 1, 1, 0, 2, 1, 0, 2, 0]),
 (999, [939, 11, 1, 1, 0, 1302, 1214, 1, 1, 1, 5, 0, 0, 2, 1]),
 (999, [991, 48, 1, 0, 0, 1789, 946, 1, 1, 1, 5, 1, 0, 1, 1]),
 (999, [1052, 78, 0, 0, 1, 1575, 1227, 0, 0, 0, 5, 0, 0, 2, 1]),
 (999, [1288, 116, 1, 0, 1, 1563, 1976, 0, 1, 3, 0, 1, 1, 1, 2]),
 (999, [1310, 15, 1, 1, 0, 1730, 1911, 1, 0, 2, 5, 0, 2, 1, 0]),
 (999, [1536, 94, 0, 0, 1, 969, 1538, 0, 1, 0, 5, 1, 2, 0, 2]),
 (999, [1698, 75, 1, 1, 1, 1064, 550, 1, 1, 3, 1, 0, 2, 0, 1]),
 (999, [1748, 47, 1, 0, 1, 1440, 1041, 0, 1, 3, 2, 1, 2, 0, 2])]
Selected
[(12, [1154, 72, 1, 1, 1, 768, 832, 0, 0, 1, 4, 1, 0, 2, 1]),
 (12, [1381, 81, 0, 0, 0, 938, 1047, 0, 1, 2, 4, 0, 0, 0, 0]),
 (12, [1154, 72, 1, 1, 1, 768, 832, 0, 0, 1, 4, 1, 0, 2, 1]),
 (12, [1132, 75, 0, 1, 0, 1412, 1806, 1, 0, 2, 3, 0, 0, 2, 1]),
 (12, [1041, 91, 0, 1, 0, 1126, 1005, 0, 0, 1, 2, 1, 1, 1, 1]),
 (12, [1041, 91, 0, 1, 0, 1126, 1005, 0, 0, 1, 2, 1, 1, 1, 1]),
 (16, [1103, 68, 1, 0, 0, 1508, 529, 0, 0, 1, 1, 0, 2, 1, 1]),
 (16, [749, 49, 0, 0, 0, 1405, 2044, 1, 0, 0, 2, 1, 1, 2, 0]),
 (16, [535, 82, 0, 1, 0, 1369, 1819, 0, 0, 1, 1, 1, 1, 2, 1]),
 (16, [535, 82, 0, 1, 0, 1369, 1819, 0, 0, 1, 1, 1, 1, 2, 1]),
 (16, [1202, 55, 0, 0, 1, 1832, 1363, 0, 0, 0, 4, 1, 2, 2, 0]),
 (12, [1041, 91, 0, 1, 0, 1126, 1005, 0, 0, 1, 2, 1, 1, 1, 1]),
 (12, [1009, 12, 1, 0, 1, 2046, 1285, 0, 0, 0, 0, 0, 1, 1, 1]),
 (16, [749, 49, 0, 0, 0, 1405, 2044, 1, 0, 0, 2, 1, 1, 2, 0]),
 (12, [1235, 39, 0, 1, 1, 584, 782, 1, 1, 0, 3, 1, 1, 1, 1]),
 (16, [1202, 55, 0, 0, 1, 1832, 1363, 0, 0, 0, 4, 1, 2, 2, 0]),
 (12, [1533, 96, 0, 1, 1, 796, 1310, 1, 0, 1, 1, 0, 2, 2, 2]),
 (12, [1235, 39, 0, 1, 1, 584, 782, 1, 1, 0, 3, 1, 1, 1, 1]),
 (12, [1235, 39, 0, 1, 1, 584, 782, 1, 1, 0, 3, 1, 1, 1, 1]),
 (12, [1611, 82, 1, 0, 1, 1873, 828, 1, 0, 2, 0, 0, 0, 2, 0]),
 (12, [1009, 12, 1, 0, 1, 2046, 1285, 0, 0, 0, 0, 0, 1, 1, 1]),
 (16, [535, 82, 0, 1, 0, 1369, 1819, 0, 0, 1, 1, 1, 1, 2, 1]),
 (16, [1103, 68, 1, 0, 0, 1508, 529, 0, 0, 1, 1, 0, 2, 1, 1]),
 (16, [535, 82, 0, 1, 0, 1369, 1819, 0, 0, 1, 1, 1, 1, 2, 1]),
 (12, [1381, 81, 0, 0, 0, 938, 1047, 0, 1, 2, 4, 0, 0, 0, 0]),
 (12, [1154, 72, 1, 1, 1, 768, 832, 0, 0, 1, 4, 1, 0, 2, 1]),
 (16, [1297, 50, 1, 0, 0, 1224, 921, 0, 1, 1, 0, 1, 0, 1, 1])]
population
[(999, [1748, 47, 1, 0, 1, 1440, 1041, 0, 1, 3, 2, 1, 2, 0, 2]),
 (999, [1698, 75, 1, 1, 1, 1064, 550, 1, 1, 3, 1, 0, 2, 0, 1]),
 (999, [1536, 94, 0, 0, 1, 969, 1538, 0, 1, 0, 5, 1, 2, 0, 2]),
 (999, [1310, 15, 1, 1, 0, 1730, 1911, 1, 0, 2, 5, 0, 2, 1, 0]),
 (999, [1288, 116, 1, 0, 1, 1563, 1976, 0, 1, 3, 0, 1, 1, 1, 2]),
 (999, [1052, 78, 0, 0, 1, 1575, 1227, 0, 0, 0, 5, 0, 0, 2, 1]),
 (999, [991, 48, 1, 0, 0, 1789, 946, 1, 1, 1, 5, 1, 0, 1, 1]),
 (999, [939, 11, 1, 1, 0, 1302, 1214, 1, 1, 1, 5, 0, 0, 2, 1]),
 (17, [1534, 49, 0, 1, 0, 1617, 650, 1, 1, 0, 2, 1, 0, 2, 0]),
 (16, [2003, 71, 1, 1, 0, 645, 1086, 1, 1, 1, 4, 0, 1, 0, 2]),
 (16, [1991, 66, 1, 0, 1, 1017, 820, 1, 1, 2, 4, 0, 1, 2, 2]),
 (16, [1782, 46, 0, 0, 1, 1448, 1315, 0, 0, 0, 0, 1, 2, 0, 2]),
 (16, [1735, 23, 0, 0, 0, 1554, 732, 1, 0, 0, 2, 0, 1, 2, 2]),
 (16, [1709, 102, 0, 0, 0, 1039, 1247, 0, 0, 2, 2, 1, 0, 1, 0]),
 (16, [1498, 90, 0, 0, 0, 1975, 1318, 0, 1, 1, 1, 0, 0, 0, 0]),
 (16, [1297, 50, 1, 0, 0, 1224, 921, 0, 1, 1, 0, 1, 0, 1, 1]),
 (16, [1251, 99, 0, 0, 1, 888, 1583, 0, 0, 1, 3, 1, 1, 2, 0]),
 (16, [1202, 55, 0, 0, 1, 1832, 1363, 0, 0, 0, 4, 1, 2, 2, 0]),
 (16, [1153, 68, 1, 0, 1, 1250, 1713, 1, 1, 2, 2, 0, 0, 1, 2]),
 (16, [1103, 68, 1, 0, 0, 1508, 529, 0, 0, 1, 1, 0, 2, 1, 1]),
 (16, [1035, 66, 0, 0, 1, 1137, 1089, 1, 1, 1, 1, 0, 2, 2, 1]),
 (16, [749, 49, 0, 0, 0, 1405, 2044, 1, 0, 0, 2, 1, 1, 2, 0]),
 (16, [535, 82, 0, 1, 0, 1369, 1819, 0, 0, 1, 1, 1, 1, 2, 1]),
 (12, [1828, 47, 1, 0, 1, 1286, 1114, 1, 0, 1, 0, 1, 1, 1, 2]),
 (12, [1611, 82, 1, 0, 1, 1873, 828, 1, 0, 2, 0, 0, 0, 2, 0]),
 (12, [1533, 96, 0, 1, 1, 796, 1310, 1, 0, 1, 1, 0, 2, 2, 2]),
 (12, [1381, 81, 0, 0, 0, 938, 1047, 0, 1, 2, 4, 0, 0, 0, 0]),
 (12, [1235, 39, 0, 1, 1, 584, 782, 1, 1, 0, 3, 1, 1, 1, 1]),
 (12, [1154, 72, 1, 1, 1, 768, 832, 0, 0, 1, 4, 1, 0, 2, 1]),
 (12, [1132, 75, 0, 1, 0, 1412, 1806, 1, 0, 2, 3, 0, 0, 2, 1]),
 (12, [1041, 91, 0, 1, 0, 1126, 1005, 0, 0, 1, 2, 1, 1, 1, 1]),
 (12, [1009, 12, 1, 0, 1, 2046, 1285, 0, 0, 0, 0, 0, 1, 1, 1])]
scored
[(12, [1009, 12, 1, 0, 1, 2046, 1285, 0, 0, 0, 0, 0, 1, 1, 1]),
 (12, [1041, 91, 0, 1, 0, 1126, 1005, 0, 0, 1, 2, 1, 1, 1, 1]),
 (12, [1132, 75, 0, 1, 0, 1412, 1806, 1, 0, 2, 3, 0, 0, 2, 1]),
 (12, [1154, 72, 1, 1, 1, 768, 832, 0, 0, 1, 4, 1, 0, 2, 1]),
 (12, [1235, 39, 0, 1, 1, 584, 782, 1, 1, 0, 3, 1, 1, 1, 1]),
 (12, [1381, 81, 0, 0, 0, 938, 1047, 0, 1, 2, 4, 0, 0, 0, 0]),
 (12, [1533, 96, 0, 1, 1, 796, 1310, 1, 0, 1, 1, 0, 2, 2, 2]),
 (12, [1611, 82, 1, 0, 1, 1873, 828, 1, 0, 2, 0, 0, 0, 2, 0]),
 (12, [1828, 47, 1, 0, 1, 1286, 1114, 1, 0, 1, 0, 1, 1, 1, 2]),
 (16, [535, 82, 0, 1, 0, 1369, 1819, 0, 0, 1, 1, 1, 1, 2, 1]),
 (16, [749, 49, 0, 0, 0, 1405, 2044, 1, 0, 0, 2, 1, 1, 2, 0]),
 (16, [1035, 66, 0, 0, 1, 1137, 1089, 1, 1, 1, 1, 0, 2, 2, 1]),
 (16, [1103, 68, 1, 0, 0, 1508, 529, 0, 0, 1, 1, 0, 2, 1, 1]),
 (16, [1153, 68, 1, 0, 1, 1250, 1713, 1, 1, 2, 2, 0, 0, 1, 2]),
 (16, [1202, 55, 0, 0, 1, 1832, 1363, 0, 0, 0, 4, 1, 2, 2, 0]),
 (16, [1251, 99, 0, 0, 1, 888, 1583, 0, 0, 1, 3, 1, 1, 2, 0]),
 (16, [1297, 50, 1, 0, 0, 1224, 921, 0, 1, 1, 0, 1, 0, 1, 1]),
 (16, [1498, 90, 0, 0, 0, 1975, 1318, 0, 1, 1, 1, 0, 0, 0, 0]),
 (16, [1709, 102, 0, 0, 0, 1039, 1247, 0, 0, 2, 2, 1, 0, 1, 0]),
 (16, [1735, 23, 0, 0, 0, 1554, 732, 1, 0, 0, 2, 0, 1, 2, 2]),
 (16, [1782, 46, 0, 0, 1, 1448, 1315, 0, 0, 0, 0, 1, 2, 0, 2]),
 (16, [1991, 66, 1, 0, 1, 1017, 820, 1, 1, 2, 4, 0, 1, 2, 2]),
 (16, [2003, 71, 1, 1, 0, 645, 1086, 1, 1, 1, 4, 0, 1, 0, 2]),
 (17, [1534, 49, 0, 1, 0, 1617, 650, 1, 1, 0, 2, 1, 0, 2, 0]),
 (999, [939, 11, 1, 1, 0, 1302, 1214, 1, 1, 1, 5, 0, 0, 2, 1]),
 (999, [991, 48, 1, 0, 0, 1789, 946, 1, 1, 1, 5, 1, 0, 1, 1]),
 (999, [1052, 78, 0, 0, 1, 1575, 1227, 0, 0, 0, 5, 0, 0, 2, 1]),
 (999, [1288, 116, 1, 0, 1, 1563, 1976, 0, 1, 3, 0, 1, 1, 1, 2]),
 (999, [1310, 15, 1, 1, 0, 1730, 1911, 1, 0, 2, 5, 0, 2, 1, 0]),
 (999, [1536, 94, 0, 0, 1, 969, 1538, 0, 1, 0, 5, 1, 2, 0, 2]),
 (999, [1698, 75, 1, 1, 1, 1064, 550, 1, 1, 3, 1, 0, 2, 0, 1]),
 (999, [1748, 47, 1, 0, 1, 1440, 1041, 0, 1, 3, 2, 1, 2, 0, 2])]
Selected
[(12, [1235, 39, 0, 1, 1, 584, 782, 1, 1, 0, 3, 1, 1, 1, 1]),
 (12, [1041, 91, 0, 1, 0, 1126, 1005, 0, 0, 1, 2, 1, 1, 1, 1]),
 (12, [1009, 12, 1, 0, 1, 2046, 1285, 0, 0, 0, 0, 0, 1, 1, 1]),
 (12, [1235, 39, 0, 1, 1, 584, 782, 1, 1, 0, 3, 1, 1, 1, 1]),
 (12, [1009, 12, 1, 0, 1, 2046, 1285, 0, 0, 0, 0, 0, 1, 1, 1]),
 (12, [1533, 96, 0, 1, 1, 796, 1310, 1, 0, 1, 1, 0, 2, 2, 2]),
 (12, [1381, 81, 0, 0, 0, 938, 1047, 0, 1, 2, 4, 0, 0, 0, 0]),
 (12, [1533, 96, 0, 1, 1, 796, 1310, 1, 0, 1, 1, 0, 2, 2, 2]),
 (12, [1381, 81, 0, 0, 0, 938, 1047, 0, 1, 2, 4, 0, 0, 0, 0]),
 (12, [1041, 91, 0, 1, 0, 1126, 1005, 0, 0, 1, 2, 1, 1, 1, 1]),
 (12, [1009, 12, 1, 0, 1, 2046, 1285, 0, 0, 0, 0, 0, 1, 1, 1]),
 (12, [1132, 75, 0, 1, 0, 1412, 1806, 1, 0, 2, 3, 0, 0, 2, 1]),
 (12, [1154, 72, 1, 1, 1, 768, 832, 0, 0, 1, 4, 1, 0, 2, 1]),
 (12, [1235, 39, 0, 1, 1, 584, 782, 1, 1, 0, 3, 1, 1, 1, 1]),
 (12, [1154, 72, 1, 1, 1, 768, 832, 0, 0, 1, 4, 1, 0, 2, 1]),
 (12, [1009, 12, 1, 0, 1, 2046, 1285, 0, 0, 0, 0, 0, 1, 1, 1]),
 (12, [1132, 75, 0, 1, 0, 1412, 1806, 1, 0, 2, 3, 0, 0, 2, 1]),
 (12, [1009, 12, 1, 0, 1, 2046, 1285, 0, 0, 0, 0, 0, 1, 1, 1]),
 (12, [1154, 72, 1, 1, 1, 768, 832, 0, 0, 1, 4, 1, 0, 2, 1]),
 (12, [1041, 91, 0, 1, 0, 1126, 1005, 0, 0, 1, 2, 1, 1, 1, 1]),
 (16, [749, 49, 0, 0, 0, 1405, 2044, 1, 0, 0, 2, 1, 1, 2, 0]),
 (12, [1154, 72, 1, 1, 1, 768, 832, 0, 0, 1, 4, 1, 0, 2, 1]),
 (12, [1381, 81, 0, 0, 0, 938, 1047, 0, 1, 2, 4, 0, 0, 0, 0]),
 (16, [1035, 66, 0, 0, 1, 1137, 1089, 1, 1, 1, 1, 0, 2, 2, 1]),
 (12, [1154, 72, 1, 1, 1, 768, 832, 0, 0, 1, 4, 1, 0, 2, 1]),
 (16, [1498, 90, 0, 0, 0, 1975, 1318, 0, 1, 1, 1, 0, 0, 0, 0]),
 (12, [1132, 75, 0, 1, 0, 1412, 1806, 1, 0, 2, 3, 0, 0, 2, 1])]
population
[(999, [1748, 47, 1, 0, 1, 1440, 1041, 0, 1, 3, 2, 1, 2, 0, 2]),
 (999, [1698, 75, 1, 1, 1, 1064, 550, 1, 1, 3, 1, 0, 2, 0, 1]),
 (999, [1536, 94, 0, 0, 1, 969, 1538, 0, 1, 0, 5, 1, 2, 0, 2]),
 (999, [1310, 15, 1, 1, 0, 1730, 1911, 1, 0, 2, 5, 0, 2, 1, 0]),
 (999, [1288, 116, 1, 0, 1, 1563, 1976, 0, 1, 3, 0, 1, 1, 1, 2]),
 (999, [1052, 78, 0, 0, 1, 1575, 1227, 0, 0, 0, 5, 0, 0, 2, 1]),
 (999, [991, 48, 1, 0, 0, 1789, 946, 1, 1, 1, 5, 1, 0, 1, 1]),
 (999, [939, 11, 1, 1, 0, 1302, 1214, 1, 1, 1, 5, 0, 0, 2, 1]),
 (17, [1534, 49, 0, 1, 0, 1617, 650, 1, 1, 0, 2, 1, 0, 2, 0]),
 (16, [2003, 71, 1, 1, 0, 645, 1086, 1, 1, 1, 4, 0, 1, 0, 2]),
 (16, [1991, 66, 1, 0, 1, 1017, 820, 1, 1, 2, 4, 0, 1, 2, 2]),
 (16, [1782, 46, 0, 0, 1, 1448, 1315, 0, 0, 0, 0, 1, 2, 0, 2]),
 (16, [1735, 23, 0, 0, 0, 1554, 732, 1, 0, 0, 2, 0, 1, 2, 2]),
 (16, [1709, 102, 0, 0, 0, 1039, 1247, 0, 0, 2, 2, 1, 0, 1, 0]),
 (16, [1498, 90, 0, 0, 0, 1975, 1318, 0, 1, 1, 1, 0, 0, 0, 0]),
 (16, [1297, 50, 1, 0, 0, 1224, 921, 0, 1, 1, 0, 1, 0, 1, 1]),
 (16, [1251, 99, 0, 0, 1, 888, 1583, 0, 0, 1, 3, 1, 1, 2, 0]),
 (16, [1202, 55, 0, 0, 1, 1832, 1363, 0, 0, 0, 4, 1, 2, 2, 0]),
 (16, [1153, 68, 1, 0, 1, 1250, 1713, 1, 1, 2, 2, 0, 0, 1, 2]),
 (16, [1103, 68, 1, 0, 0, 1508, 529, 0, 0, 1, 1, 0, 2, 1, 1]),
 (16, [1035, 66, 0, 0, 1, 1137, 1089, 1, 1, 1, 1, 0, 2, 2, 1]),
 (16, [749, 49, 0, 0, 0, 1405, 2044, 1, 0, 0, 2, 1, 1, 2, 0]),
 (16, [535, 82, 0, 1, 0, 1369, 1819, 0, 0, 1, 1, 1, 1, 2, 1]),
 (12, [1828, 47, 1, 0, 1, 1286, 1114, 1, 0, 1, 0, 1, 1, 1, 2]),
 (12, [1611, 82, 1, 0, 1, 1873, 828, 1, 0, 2, 0, 0, 0, 2, 0]),
 (12, [1533, 96, 0, 1, 1, 796, 1310, 1, 0, 1, 1, 0, 2, 2, 2]),
 (12, [1381, 81, 0, 0, 0, 938, 1047, 0, 1, 2, 4, 0, 0, 0, 0]),
 (12, [1235, 39, 0, 1, 1, 584, 782, 1, 1, 0, 3, 1, 1, 1, 1]),
 (12, [1154, 72, 1, 1, 1, 768, 832, 0, 0, 1, 4, 1, 0, 2, 1]),
 (12, [1132, 75, 0, 1, 0, 1412, 1806, 1, 0, 2, 3, 0, 0, 2, 1]),
 (12, [1041, 91, 0, 1, 0, 1126, 1005, 0, 0, 1, 2, 1, 1, 1, 1]),
 (12, [1009, 12, 1, 0, 1, 2046, 1285, 0, 0, 0, 0, 0, 1, 1, 1])]
scored
[(12, [1009, 12, 1, 0, 1, 2046, 1285, 0, 0, 0, 0, 0, 1, 1, 1]),
 (12, [1041, 91, 0, 1, 0, 1126, 1005, 0, 0, 1, 2, 1, 1, 1, 1]),
 (12, [1132, 75, 0, 1, 0, 1412, 1806, 1, 0, 2, 3, 0, 0, 2, 1]),
 (12, [1154, 72, 1, 1, 1, 768, 832, 0, 0, 1, 4, 1, 0, 2, 1]),
 (12, [1235, 39, 0, 1, 1, 584, 782, 1, 1, 0, 3, 1, 1, 1, 1]),
 (12, [1381, 81, 0, 0, 0, 938, 1047, 0, 1, 2, 4, 0, 0, 0, 0]),
 (12, [1533, 96, 0, 1, 1, 796, 1310, 1, 0, 1, 1, 0, 2, 2, 2]),
 (12, [1611, 82, 1, 0, 1, 1873, 828, 1, 0, 2, 0, 0, 0, 2, 0]),
 (12, [1828, 47, 1, 0, 1, 1286, 1114, 1, 0, 1, 0, 1, 1, 1, 2]),
 (16, [535, 82, 0, 1, 0, 1369, 1819, 0, 0, 1, 1, 1, 1, 2, 1]),
 (16, [749, 49, 0, 0, 0, 1405, 2044, 1, 0, 0, 2, 1, 1, 2, 0]),
 (16, [1035, 66, 0, 0, 1, 1137, 1089, 1, 1, 1, 1, 0, 2, 2, 1]),
 (16, [1103, 68, 1, 0, 0, 1508, 529, 0, 0, 1, 1, 0, 2, 1, 1]),
 (16, [1153, 68, 1, 0, 1, 1250, 1713, 1, 1, 2, 2, 0, 0, 1, 2]),
 (16, [1202, 55, 0, 0, 1, 1832, 1363, 0, 0, 0, 4, 1, 2, 2, 0]),
 (16, [1251, 99, 0, 0, 1, 888, 1583, 0, 0, 1, 3, 1, 1, 2, 0]),
 (16, [1297, 50, 1, 0, 0, 1224, 921, 0, 1, 1, 0, 1, 0, 1, 1]),
 (16, [1498, 90, 0, 0, 0, 1975, 1318, 0, 1, 1, 1, 0, 0, 0, 0]),
 (16, [1709, 102, 0, 0, 0, 1039, 1247, 0, 0, 2, 2, 1, 0, 1, 0]),
 (16, [1735, 23, 0, 0, 0, 1554, 732, 1, 0, 0, 2, 0, 1, 2, 2]),
 (16, [1782, 46, 0, 0, 1, 1448, 1315, 0, 0, 0, 0, 1, 2, 0, 2]),
 (16, [1991, 66, 1, 0, 1, 1017, 820, 1, 1, 2, 4, 0, 1, 2, 2]),
 (16, [2003, 71, 1, 1, 0, 645, 1086, 1, 1, 1, 4, 0, 1, 0, 2]),
 (17, [1534, 49, 0, 1, 0, 1617, 650, 1, 1, 0, 2, 1, 0, 2, 0]),
 (999, [939, 11, 1, 1, 0, 1302, 1214, 1, 1, 1, 5, 0, 0, 2, 1]),
 (999, [991, 48, 1, 0, 0, 1789, 946, 1, 1, 1, 5, 1, 0, 1, 1]),
 (999, [1052, 78, 0, 0, 1, 1575, 1227, 0, 0, 0, 5, 0, 0, 2, 1]),
 (999, [1288, 116, 1, 0, 1, 1563, 1976, 0, 1, 3, 0, 1, 1, 1, 2]),
 (999, [1310, 15, 1, 1, 0, 1730, 1911, 1, 0, 2, 5, 0, 2, 1, 0]),
 (999, [1536, 94, 0, 0, 1, 969, 1538, 0, 1, 0, 5, 1, 2, 0, 2]),
 (999, [1698, 75, 1, 1, 1, 1064, 550, 1, 1, 3, 1, 0, 2, 0, 1]),
 (999, [1748, 47, 1, 0, 1, 1440, 1041, 0, 1, 3, 2, 1, 2, 0, 2])]
Selected
[(12, [1132, 75, 0, 1, 0, 1412, 1806, 1, 0, 2, 3, 0, 0, 2, 1]),
 (12, [1154, 72, 1, 1, 1, 768, 832, 0, 0, 1, 4, 1, 0, 2, 1]),
 (16, [1202, 55, 0, 0, 1, 1832, 1363, 0, 0, 0, 4, 1, 2, 2, 0]),
 (12, [1132, 75, 0, 1, 0, 1412, 1806, 1, 0, 2, 3, 0, 0, 2, 1]),
 (12, [1828, 47, 1, 0, 1, 1286, 1114, 1, 0, 1, 0, 1, 1, 1, 2]),
 (12, [1381, 81, 0, 0, 0, 938, 1047, 0, 1, 2, 4, 0, 0, 0, 0]),
 (12, [1132, 75, 0, 1, 0, 1412, 1806, 1, 0, 2, 3, 0, 0, 2, 1]),
 (12, [1009, 12, 1, 0, 1, 2046, 1285, 0, 0, 0, 0, 0, 1, 1, 1]),
 (12, [1828, 47, 1, 0, 1, 1286, 1114, 1, 0, 1, 0, 1, 1, 1, 2]),
 (12, [1533, 96, 0, 1, 1, 796, 1310, 1, 0, 1, 1, 0, 2, 2, 2]),
 (16, [1035, 66, 0, 0, 1, 1137, 1089, 1, 1, 1, 1, 0, 2, 2, 1]),
 (12, [1132, 75, 0, 1, 0, 1412, 1806, 1, 0, 2, 3, 0, 0, 2, 1]),
 (12, [1009, 12, 1, 0, 1, 2046, 1285, 0, 0, 0, 0, 0, 1, 1, 1]),
 (16, [535, 82, 0, 1, 0, 1369, 1819, 0, 0, 1, 1, 1, 1, 2, 1]),
 (12, [1041, 91, 0, 1, 0, 1126, 1005, 0, 0, 1, 2, 1, 1, 1, 1]),
 (16, [1297, 50, 1, 0, 0, 1224, 921, 0, 1, 1, 0, 1, 0, 1, 1]),
 (12, [1611, 82, 1, 0, 1, 1873, 828, 1, 0, 2, 0, 0, 0, 2, 0]),
 (12, [1235, 39, 0, 1, 1, 584, 782, 1, 1, 0, 3, 1, 1, 1, 1]),
 (12, [1009, 12, 1, 0, 1, 2046, 1285, 0, 0, 0, 0, 0, 1, 1, 1]),
 (16, [1103, 68, 1, 0, 0, 1508, 529, 0, 0, 1, 1, 0, 2, 1, 1]),
 (12, [1533, 96, 0, 1, 1, 796, 1310, 1, 0, 1, 1, 0, 2, 2, 2]),
 (16, [749, 49, 0, 0, 0, 1405, 2044, 1, 0, 0, 2, 1, 1, 2, 0]),
 (12, [1381, 81, 0, 0, 0, 938, 1047, 0, 1, 2, 4, 0, 0, 0, 0]),
 (12, [1009, 12, 1, 0, 1, 2046, 1285, 0, 0, 0, 0, 0, 1, 1, 1]),
 (12, [1132, 75, 0, 1, 0, 1412, 1806, 1, 0, 2, 3, 0, 0, 2, 1]),
 (16, [535, 82, 0, 1, 0, 1369, 1819, 0, 0, 1, 1, 1, 1, 2, 1]),
 (12, [1041, 91, 0, 1, 0, 1126, 1005, 0, 0, 1, 2, 1, 1, 1, 1])]
population
[(999, [1748, 47, 1, 0, 1, 1440, 1041, 0, 1, 3, 2, 1, 2, 0, 2]),
 (999, [1698, 75, 1, 1, 1, 1064, 550, 1, 1, 3, 1, 0, 2, 0, 1]),
 (999, [1536, 94, 0, 0, 1, 969, 1538, 0, 1, 0, 5, 1, 2, 0, 2]),
 (999, [1310, 15, 1, 1, 0, 1730, 1911, 1, 0, 2, 5, 0, 2, 1, 0]),
 (999, [1288, 116, 1, 0, 1, 1563, 1976, 0, 1, 3, 0, 1, 1, 1, 2]),
 (999, [1052, 78, 0, 0, 1, 1575, 1227, 0, 0, 0, 5, 0, 0, 2, 1]),
 (999, [991, 48, 1, 0, 0, 1789, 946, 1, 1, 1, 5, 1, 0, 1, 1]),
 (999, [939, 11, 1, 1, 0, 1302, 1214, 1, 1, 1, 5, 0, 0, 2, 1]),
 (17, [1534, 49, 0, 1, 0, 1617, 650, 1, 1, 0, 2, 1, 0, 2, 0]),
 (16, [2003, 71, 1, 1, 0, 645, 1086, 1, 1, 1, 4, 0, 1, 0, 2]),
 (16, [1991, 66, 1, 0, 1, 1017, 820, 1, 1, 2, 4, 0, 1, 2, 2]),
 (16, [1782, 46, 0, 0, 1, 1448, 1315, 0, 0, 0, 0, 1, 2, 0, 2]),
 (16, [1735, 23, 0, 0, 0, 1554, 732, 1, 0, 0, 2, 0, 1, 2, 2]),
 (16, [1709, 102, 0, 0, 0, 1039, 1247, 0, 0, 2, 2, 1, 0, 1, 0]),
 (16, [1498, 90, 0, 0, 0, 1975, 1318, 0, 1, 1, 1, 0, 0, 0, 0]),
 (16, [1297, 50, 1, 0, 0, 1224, 921, 0, 1, 1, 0, 1, 0, 1, 1]),
 (16, [1251, 99, 0, 0, 1, 888, 1583, 0, 0, 1, 3, 1, 1, 2, 0]),
 (16, [1202, 55, 0, 0, 1, 1832, 1363, 0, 0, 0, 4, 1, 2, 2, 0]),
 (16, [1153, 68, 1, 0, 1, 1250, 1713, 1, 1, 2, 2, 0, 0, 1, 2]),
 (16, [1103, 68, 1, 0, 0, 1508, 529, 0, 0, 1, 1, 0, 2, 1, 1]),
 (16, [1035, 66, 0, 0, 1, 1137, 1089, 1, 1, 1, 1, 0, 2, 2, 1]),
 (16, [749, 49, 0, 0, 0, 1405, 2044, 1, 0, 0, 2, 1, 1, 2, 0]),
 (16, [535, 82, 0, 1, 0, 1369, 1819, 0, 0, 1, 1, 1, 1, 2, 1]),
 (12, [1828, 47, 1, 0, 1, 1286, 1114, 1, 0, 1, 0, 1, 1, 1, 2]),
 (12, [1611, 82, 1, 0, 1, 1873, 828, 1, 0, 2, 0, 0, 0, 2, 0]),
 (12, [1533, 96, 0, 1, 1, 796, 1310, 1, 0, 1, 1, 0, 2, 2, 2]),
 (12, [1381, 81, 0, 0, 0, 938, 1047, 0, 1, 2, 4, 0, 0, 0, 0]),
 (12, [1235, 39, 0, 1, 1, 584, 782, 1, 1, 0, 3, 1, 1, 1, 1]),
 (12, [1154, 72, 1, 1, 1, 768, 832, 0, 0, 1, 4, 1, 0, 2, 1]),
 (12, [1132, 75, 0, 1, 0, 1412, 1806, 1, 0, 2, 3, 0, 0, 2, 1]),
 (12, [1041, 91, 0, 1, 0, 1126, 1005, 0, 0, 1, 2, 1, 1, 1, 1]),
 (12, [1009, 12, 1, 0, 1, 2046, 1285, 0, 0, 0, 0, 0, 1, 1, 1])]
scored
[(12, [1009, 12, 1, 0, 1, 2046, 1285, 0, 0, 0, 0, 0, 1, 1, 1]),
 (12, [1041, 91, 0, 1, 0, 1126, 1005, 0, 0, 1, 2, 1, 1, 1, 1]),
 (12, [1132, 75, 0, 1, 0, 1412, 1806, 1, 0, 2, 3, 0, 0, 2, 1]),
 (12, [1154, 72, 1, 1, 1, 768, 832, 0, 0, 1, 4, 1, 0, 2, 1]),
 (12, [1235, 39, 0, 1, 1, 584, 782, 1, 1, 0, 3, 1, 1, 1, 1]),
 (12, [1381, 81, 0, 0, 0, 938, 1047, 0, 1, 2, 4, 0, 0, 0, 0]),
 (12, [1533, 96, 0, 1, 1, 796, 1310, 1, 0, 1, 1, 0, 2, 2, 2]),
 (12, [1611, 82, 1, 0, 1, 1873, 828, 1, 0, 2, 0, 0, 0, 2, 0]),
 (12, [1828, 47, 1, 0, 1, 1286, 1114, 1, 0, 1, 0, 1, 1, 1, 2]),
 (16, [535, 82, 0, 1, 0, 1369, 1819, 0, 0, 1, 1, 1, 1, 2, 1]),
 (16, [749, 49, 0, 0, 0, 1405, 2044, 1, 0, 0, 2, 1, 1, 2, 0]),
 (16, [1035, 66, 0, 0, 1, 1137, 1089, 1, 1, 1, 1, 0, 2, 2, 1]),
 (16, [1103, 68, 1, 0, 0, 1508, 529, 0, 0, 1, 1, 0, 2, 1, 1]),
 (16, [1153, 68, 1, 0, 1, 1250, 1713, 1, 1, 2, 2, 0, 0, 1, 2]),
 (16, [1202, 55, 0, 0, 1, 1832, 1363, 0, 0, 0, 4, 1, 2, 2, 0]),
 (16, [1251, 99, 0, 0, 1, 888, 1583, 0, 0, 1, 3, 1, 1, 2, 0]),
 (16, [1297, 50, 1, 0, 0, 1224, 921, 0, 1, 1, 0, 1, 0, 1, 1]),
 (16, [1498, 90, 0, 0, 0, 1975, 1318, 0, 1, 1, 1, 0, 0, 0, 0]),
 (16, [1709, 102, 0, 0, 0, 1039, 1247, 0, 0, 2, 2, 1, 0, 1, 0]),
 (16, [1735, 23, 0, 0, 0, 1554, 732, 1, 0, 0, 2, 0, 1, 2, 2]),
 (16, [1782, 46, 0, 0, 1, 1448, 1315, 0, 0, 0, 0, 1, 2, 0, 2]),
 (16, [1991, 66, 1, 0, 1, 1017, 820, 1, 1, 2, 4, 0, 1, 2, 2]),
 (16, [2003, 71, 1, 1, 0, 645, 1086, 1, 1, 1, 4, 0, 1, 0, 2]),
 (17, [1534, 49, 0, 1, 0, 1617, 650, 1, 1, 0, 2, 1, 0, 2, 0]),
 (999, [939, 11, 1, 1, 0, 1302, 1214, 1, 1, 1, 5, 0, 0, 2, 1]),
 (999, [991, 48, 1, 0, 0, 1789, 946, 1, 1, 1, 5, 1, 0, 1, 1]),
 (999, [1052, 78, 0, 0, 1, 1575, 1227, 0, 0, 0, 5, 0, 0, 2, 1]),
 (999, [1288, 116, 1, 0, 1, 1563, 1976, 0, 1, 3, 0, 1, 1, 1, 2]),
 (999, [1310, 15, 1, 1, 0, 1730, 1911, 1, 0, 2, 5, 0, 2, 1, 0]),
 (999, [1536, 94, 0, 0, 1, 969, 1538, 0, 1, 0, 5, 1, 2, 0, 2]),
 (999, [1698, 75, 1, 1, 1, 1064, 550, 1, 1, 3, 1, 0, 2, 0, 1]),
 (999, [1748, 47, 1, 0, 1, 1440, 1041, 0, 1, 3, 2, 1, 2, 0, 2])]
Selected
[(16, [1297, 50, 1, 0, 0, 1224, 921, 0, 1, 1, 0, 1, 0, 1, 1]),
 (12, [1235, 39, 0, 1, 1, 584, 782, 1, 1, 0, 3, 1, 1, 1, 1]),
 (16, [1153, 68, 1, 0, 1, 1250, 1713, 1, 1, 2, 2, 0, 0, 1, 2]),
 (12, [1154, 72, 1, 1, 1, 768, 832, 0, 0, 1, 4, 1, 0, 2, 1]),
 (12, [1154, 72, 1, 1, 1, 768, 832, 0, 0, 1, 4, 1, 0, 2, 1]),
 (12, [1235, 39, 0, 1, 1, 584, 782, 1, 1, 0, 3, 1, 1, 1, 1]),
 (12, [1235, 39, 0, 1, 1, 584, 782, 1, 1, 0, 3, 1, 1, 1, 1]),
 (12, [1154, 72, 1, 1, 1, 768, 832, 0, 0, 1, 4, 1, 0, 2, 1]),
 (12, [1235, 39, 0, 1, 1, 584, 782, 1, 1, 0, 3, 1, 1, 1, 1]),
 (12, [1132, 75, 0, 1, 0, 1412, 1806, 1, 0, 2, 3, 0, 0, 2, 1]),
 (12, [1041, 91, 0, 1, 0, 1126, 1005, 0, 0, 1, 2, 1, 1, 1, 1]),
 (12, [1235, 39, 0, 1, 1, 584, 782, 1, 1, 0, 3, 1, 1, 1, 1]),
 (16, [749, 49, 0, 0, 0, 1405, 2044, 1, 0, 0, 2, 1, 1, 2, 0]),
 (12, [1828, 47, 1, 0, 1, 1286, 1114, 1, 0, 1, 0, 1, 1, 1, 2]),
 (12, [1154, 72, 1, 1, 1, 768, 832, 0, 0, 1, 4, 1, 0, 2, 1]),
 (12, [1132, 75, 0, 1, 0, 1412, 1806, 1, 0, 2, 3, 0, 0, 2, 1]),
 (16, [1035, 66, 0, 0, 1, 1137, 1089, 1, 1, 1, 1, 0, 2, 2, 1]),
 (12, [1381, 81, 0, 0, 0, 938, 1047, 0, 1, 2, 4, 0, 0, 0, 0]),
 (12, [1828, 47, 1, 0, 1, 1286, 1114, 1, 0, 1, 0, 1, 1, 1, 2]),
 (12, [1154, 72, 1, 1, 1, 768, 832, 0, 0, 1, 4, 1, 0, 2, 1]),
 (12, [1041, 91, 0, 1, 0, 1126, 1005, 0, 0, 1, 2, 1, 1, 1, 1]),
 (12, [1533, 96, 0, 1, 1, 796, 1310, 1, 0, 1, 1, 0, 2, 2, 2]),
 (12, [1235, 39, 0, 1, 1, 584, 782, 1, 1, 0, 3, 1, 1, 1, 1]),
 (12, [1132, 75, 0, 1, 0, 1412, 1806, 1, 0, 2, 3, 0, 0, 2, 1]),
 (12, [1041, 91, 0, 1, 0, 1126, 1005, 0, 0, 1, 2, 1, 1, 1, 1]),
 (12, [1381, 81, 0, 0, 0, 938, 1047, 0, 1, 2, 4, 0, 0, 0, 0]),
 (12, [1009, 12, 1, 0, 1, 2046, 1285, 0, 0, 0, 0, 0, 1, 1, 1])]
population
[(999, [1748, 47, 1, 0, 1, 1440, 1041, 0, 1, 3, 2, 1, 2, 0, 2]),
 (999, [1698, 75, 1, 1, 1, 1064, 550, 1, 1, 3, 1, 0, 2, 0, 1]),
 (999, [1536, 94, 0, 0, 1, 969, 1538, 0, 1, 0, 5, 1, 2, 0, 2]),
 (999, [1310, 15, 1, 1, 0, 1730, 1911, 1, 0, 2, 5, 0, 2, 1, 0]),
 (999, [1288, 116, 1, 0, 1, 1563, 1976, 0, 1, 3, 0, 1, 1, 1, 2]),
 (999, [1052, 78, 0, 0, 1, 1575, 1227, 0, 0, 0, 5, 0, 0, 2, 1]),
 (999, [991, 48, 1, 0, 0, 1789, 946, 1, 1, 1, 5, 1, 0, 1, 1]),
 (999, [939, 11, 1, 1, 0, 1302, 1214, 1, 1, 1, 5, 0, 0, 2, 1]),
 (17, [1534, 49, 0, 1, 0, 1617, 650, 1, 1, 0, 2, 1, 0, 2, 0]),
 (16, [2003, 71, 1, 1, 0, 645, 1086, 1, 1, 1, 4, 0, 1, 0, 2]),
 (16, [1991, 66, 1, 0, 1, 1017, 820, 1, 1, 2, 4, 0, 1, 2, 2]),
 (16, [1782, 46, 0, 0, 1, 1448, 1315, 0, 0, 0, 0, 1, 2, 0, 2]),
 (16, [1735, 23, 0, 0, 0, 1554, 732, 1, 0, 0, 2, 0, 1, 2, 2]),
 (16, [1709, 102, 0, 0, 0, 1039, 1247, 0, 0, 2, 2, 1, 0, 1, 0]),
 (16, [1498, 90, 0, 0, 0, 1975, 1318, 0, 1, 1, 1, 0, 0, 0, 0]),
 (16, [1297, 50, 1, 0, 0, 1224, 921, 0, 1, 1, 0, 1, 0, 1, 1]),
 (16, [1251, 99, 0, 0, 1, 888, 1583, 0, 0, 1, 3, 1, 1, 2, 0]),
 (16, [1202, 55, 0, 0, 1, 1832, 1363, 0, 0, 0, 4, 1, 2, 2, 0]),
 (16, [1153, 68, 1, 0, 1, 1250, 1713, 1, 1, 2, 2, 0, 0, 1, 2]),
 (16, [1103, 68, 1, 0, 0, 1508, 529, 0, 0, 1, 1, 0, 2, 1, 1]),
 (16, [1035, 66, 0, 0, 1, 1137, 1089, 1, 1, 1, 1, 0, 2, 2, 1]),
 (16, [749, 49, 0, 0, 0, 1405, 2044, 1, 0, 0, 2, 1, 1, 2, 0]),
 (16, [535, 82, 0, 1, 0, 1369, 1819, 0, 0, 1, 1, 1, 1, 2, 1]),
 (12, [1828, 47, 1, 0, 1, 1286, 1114, 1, 0, 1, 0, 1, 1, 1, 2]),
 (12, [1611, 82, 1, 0, 1, 1873, 828, 1, 0, 2, 0, 0, 0, 2, 0]),
 (12, [1533, 96, 0, 1, 1, 796, 1310, 1, 0, 1, 1, 0, 2, 2, 2]),
 (12, [1381, 81, 0, 0, 0, 938, 1047, 0, 1, 2, 4, 0, 0, 0, 0]),
 (12, [1235, 39, 0, 1, 1, 584, 782, 1, 1, 0, 3, 1, 1, 1, 1]),
 (12, [1154, 72, 1, 1, 1, 768, 832, 0, 0, 1, 4, 1, 0, 2, 1]),
 (12, [1132, 75, 0, 1, 0, 1412, 1806, 1, 0, 2, 3, 0, 0, 2, 1]),
 (12, [1041, 91, 0, 1, 0, 1126, 1005, 0, 0, 1, 2, 1, 1, 1, 1]),
 (12, [1009, 12, 1, 0, 1, 2046, 1285, 0, 0, 0, 0, 0, 1, 1, 1])]
scored
[(12, [1009, 12, 1, 0, 1, 2046, 1285, 0, 0, 0, 0, 0, 1, 1, 1]),
 (12, [1041, 91, 0, 1, 0, 1126, 1005, 0, 0, 1, 2, 1, 1, 1, 1]),
 (12, [1132, 75, 0, 1, 0, 1412, 1806, 1, 0, 2, 3, 0, 0, 2, 1]),
 (12, [1154, 72, 1, 1, 1, 768, 832, 0, 0, 1, 4, 1, 0, 2, 1]),
 (12, [1235, 39, 0, 1, 1, 584, 782, 1, 1, 0, 3, 1, 1, 1, 1]),
 (12, [1381, 81, 0, 0, 0, 938, 1047, 0, 1, 2, 4, 0, 0, 0, 0]),
 (12, [1533, 96, 0, 1, 1, 796, 1310, 1, 0, 1, 1, 0, 2, 2, 2]),
 (12, [1611, 82, 1, 0, 1, 1873, 828, 1, 0, 2, 0, 0, 0, 2, 0]),
 (12, [1828, 47, 1, 0, 1, 1286, 1114, 1, 0, 1, 0, 1, 1, 1, 2]),
 (16, [535, 82, 0, 1, 0, 1369, 1819, 0, 0, 1, 1, 1, 1, 2, 1]),
 (16, [749, 49, 0, 0, 0, 1405, 2044, 1, 0, 0, 2, 1, 1, 2, 0]),
 (16, [1035, 66, 0, 0, 1, 1137, 1089, 1, 1, 1, 1, 0, 2, 2, 1]),
 (16, [1103, 68, 1, 0, 0, 1508, 529, 0, 0, 1, 1, 0, 2, 1, 1]),
 (16, [1153, 68, 1, 0, 1, 1250, 1713, 1, 1, 2, 2, 0, 0, 1, 2]),
 (16, [1202, 55, 0, 0, 1, 1832, 1363, 0, 0, 0, 4, 1, 2, 2, 0]),
 (16, [1251, 99, 0, 0, 1, 888, 1583, 0, 0, 1, 3, 1, 1, 2, 0]),
 (16, [1297, 50, 1, 0, 0, 1224, 921, 0, 1, 1, 0, 1, 0, 1, 1]),
 (16, [1498, 90, 0, 0, 0, 1975, 1318, 0, 1, 1, 1, 0, 0, 0, 0]),
 (16, [1709, 102, 0, 0, 0, 1039, 1247, 0, 0, 2, 2, 1, 0, 1, 0]),
 (16, [1735, 23, 0, 0, 0, 1554, 732, 1, 0, 0, 2, 0, 1, 2, 2]),
 (16, [1782, 46, 0, 0, 1, 1448, 1315, 0, 0, 0, 0, 1, 2, 0, 2]),
 (16, [1991, 66, 1, 0, 1, 1017, 820, 1, 1, 2, 4, 0, 1, 2, 2]),
 (16, [2003, 71, 1, 1, 0, 645, 1086, 1, 1, 1, 4, 0, 1, 0, 2]),
 (17, [1534, 49, 0, 1, 0, 1617, 650, 1, 1, 0, 2, 1, 0, 2, 0]),
 (999, [939, 11, 1, 1, 0, 1302, 1214, 1, 1, 1, 5, 0, 0, 2, 1]),
 (999, [991, 48, 1, 0, 0, 1789, 946, 1, 1, 1, 5, 1, 0, 1, 1]),
 (999, [1052, 78, 0, 0, 1, 1575, 1227, 0, 0, 0, 5, 0, 0, 2, 1]),
 (999, [1288, 116, 1, 0, 1, 1563, 1976, 0, 1, 3, 0, 1, 1, 1, 2]),
 (999, [1310, 15, 1, 1, 0, 1730, 1911, 1, 0, 2, 5, 0, 2, 1, 0]),
 (999, [1536, 94, 0, 0, 1, 969, 1538, 0, 1, 0, 5, 1, 2, 0, 2]),
 (999, [1698, 75, 1, 1, 1, 1064, 550, 1, 1, 3, 1, 0, 2, 0, 1]),
 (999, [1748, 47, 1, 0, 1, 1440, 1041, 0, 1, 3, 2, 1, 2, 0, 2])]
Selected
[(12, [1611, 82, 1, 0, 1, 1873, 828, 1, 0, 2, 0, 0, 0, 2, 0]),
 (12, [1041, 91, 0, 1, 0, 1126, 1005, 0, 0, 1, 2, 1, 1, 1, 1]),
 (12, [1828, 47, 1, 0, 1, 1286, 1114, 1, 0, 1, 0, 1, 1, 1, 2]),
 (12, [1132, 75, 0, 1, 0, 1412, 1806, 1, 0, 2, 3, 0, 0, 2, 1]),
 (12, [1235, 39, 0, 1, 1, 584, 782, 1, 1, 0, 3, 1, 1, 1, 1]),
 (12, [1533, 96, 0, 1, 1, 796, 1310, 1, 0, 1, 1, 0, 2, 2, 2]),
 (12, [1154, 72, 1, 1, 1, 768, 832, 0, 0, 1, 4, 1, 0, 2, 1]),
 (12, [1235, 39, 0, 1, 1, 584, 782, 1, 1, 0, 3, 1, 1, 1, 1]),
 (16, [1153, 68, 1, 0, 1, 1250, 1713, 1, 1, 2, 2, 0, 0, 1, 2]),
 (12, [1381, 81, 0, 0, 0, 938, 1047, 0, 1, 2, 4, 0, 0, 0, 0]),
 (12, [1009, 12, 1, 0, 1, 2046, 1285, 0, 0, 0, 0, 0, 1, 1, 1]),
 (12, [1154, 72, 1, 1, 1, 768, 832, 0, 0, 1, 4, 1, 0, 2, 1]),
 (12, [1132, 75, 0, 1, 0, 1412, 1806, 1, 0, 2, 3, 0, 0, 2, 1]),
 (12, [1154, 72, 1, 1, 1, 768, 832, 0, 0, 1, 4, 1, 0, 2, 1]),
 (12, [1009, 12, 1, 0, 1, 2046, 1285, 0, 0, 0, 0, 0, 1, 1, 1]),
 (12, [1533, 96, 0, 1, 1, 796, 1310, 1, 0, 1, 1, 0, 2, 2, 2]),
 (12, [1533, 96, 0, 1, 1, 796, 1310, 1, 0, 1, 1, 0, 2, 2, 2]),
 (12, [1235, 39, 0, 1, 1, 584, 782, 1, 1, 0, 3, 1, 1, 1, 1]),
 (12, [1041, 91, 0, 1, 0, 1126, 1005, 0, 0, 1, 2, 1, 1, 1, 1]),
 (12, [1611, 82, 1, 0, 1, 1873, 828, 1, 0, 2, 0, 0, 0, 2, 0]),
 (12, [1009, 12, 1, 0, 1, 2046, 1285, 0, 0, 0, 0, 0, 1, 1, 1]),
 (12, [1009, 12, 1, 0, 1, 2046, 1285, 0, 0, 0, 0, 0, 1, 1, 1]),
 (12, [1154, 72, 1, 1, 1, 768, 832, 0, 0, 1, 4, 1, 0, 2, 1]),
 (12, [1235, 39, 0, 1, 1, 584, 782, 1, 1, 0, 3, 1, 1, 1, 1]),
 (12, [1828, 47, 1, 0, 1, 1286, 1114, 1, 0, 1, 0, 1, 1, 1, 2]),
 (12, [1041, 91, 0, 1, 0, 1126, 1005, 0, 0, 1, 2, 1, 1, 1, 1]),
 (12, [1381, 81, 0, 0, 0, 938, 1047, 0, 1, 2, 4, 0, 0, 0, 0])]
population
[(999, [1748, 47, 1, 0, 1, 1440, 1041, 0, 1, 3, 2, 1, 2, 0, 2]),
 (999, [1698, 75, 1, 1, 1, 1064, 550, 1, 1, 3, 1, 0, 2, 0, 1]),
 (999, [1536, 94, 0, 0, 1, 969, 1538, 0, 1, 0, 5, 1, 2, 0, 2]),
 (999, [1310, 15, 1, 1, 0, 1730, 1911, 1, 0, 2, 5, 0, 2, 1, 0]),
 (999, [1288, 116, 1, 0, 1, 1563, 1976, 0, 1, 3, 0, 1, 1, 1, 2]),
 (999, [1052, 78, 0, 0, 1, 1575, 1227, 0, 0, 0, 5, 0, 0, 2, 1]),
 (999, [991, 48, 1, 0, 0, 1789, 946, 1, 1, 1, 5, 1, 0, 1, 1]),
 (999, [939, 11, 1, 1, 0, 1302, 1214, 1, 1, 1, 5, 0, 0, 2, 1]),
 (17, [1534, 49, 0, 1, 0, 1617, 650, 1, 1, 0, 2, 1, 0, 2, 0]),
 (16, [2003, 71, 1, 1, 0, 645, 1086, 1, 1, 1, 4, 0, 1, 0, 2]),
 (16, [1991, 66, 1, 0, 1, 1017, 820, 1, 1, 2, 4, 0, 1, 2, 2]),
 (16, [1782, 46, 0, 0, 1, 1448, 1315, 0, 0, 0, 0, 1, 2, 0, 2]),
 (16, [1735, 23, 0, 0, 0, 1554, 732, 1, 0, 0, 2, 0, 1, 2, 2]),
 (16, [1709, 102, 0, 0, 0, 1039, 1247, 0, 0, 2, 2, 1, 0, 1, 0]),
 (16, [1498, 90, 0, 0, 0, 1975, 1318, 0, 1, 1, 1, 0, 0, 0, 0]),
 (16, [1297, 50, 1, 0, 0, 1224, 921, 0, 1, 1, 0, 1, 0, 1, 1]),
 (16, [1251, 99, 0, 0, 1, 888, 1583, 0, 0, 1, 3, 1, 1, 2, 0]),
 (16, [1202, 55, 0, 0, 1, 1832, 1363, 0, 0, 0, 4, 1, 2, 2, 0]),
 (16, [1153, 68, 1, 0, 1, 1250, 1713, 1, 1, 2, 2, 0, 0, 1, 2]),
 (16, [1103, 68, 1, 0, 0, 1508, 529, 0, 0, 1, 1, 0, 2, 1, 1]),
 (16, [1035, 66, 0, 0, 1, 1137, 1089, 1, 1, 1, 1, 0, 2, 2, 1]),
 (16, [749, 49, 0, 0, 0, 1405, 2044, 1, 0, 0, 2, 1, 1, 2, 0]),
 (16, [535, 82, 0, 1, 0, 1369, 1819, 0, 0, 1, 1, 1, 1, 2, 1]),
 (12, [1828, 47, 1, 0, 1, 1286, 1114, 1, 0, 1, 0, 1, 1, 1, 2]),
 (12, [1611, 82, 1, 0, 1, 1873, 828, 1, 0, 2, 0, 0, 0, 2, 0]),
 (12, [1533, 96, 0, 1, 1, 796, 1310, 1, 0, 1, 1, 0, 2, 2, 2]),
 (12, [1381, 81, 0, 0, 0, 938, 1047, 0, 1, 2, 4, 0, 0, 0, 0]),
 (12, [1235, 39, 0, 1, 1, 584, 782, 1, 1, 0, 3, 1, 1, 1, 1]),
 (12, [1154, 72, 1, 1, 1, 768, 832, 0, 0, 1, 4, 1, 0, 2, 1]),
 (12, [1132, 75, 0, 1, 0, 1412, 1806, 1, 0, 2, 3, 0, 0, 2, 1]),
 (12, [1041, 91, 0, 1, 0, 1126, 1005, 0, 0, 1, 2, 1, 1, 1, 1]),
 (12, [1009, 12, 1, 0, 1, 2046, 1285, 0, 0, 0, 0, 0, 1, 1, 1])]
scored
[(12, [1009, 12, 1, 0, 1, 2046, 1285, 0, 0, 0, 0, 0, 1, 1, 1]),
 (12, [1041, 91, 0, 1, 0, 1126, 1005, 0, 0, 1, 2, 1, 1, 1, 1]),
 (12, [1132, 75, 0, 1, 0, 1412, 1806, 1, 0, 2, 3, 0, 0, 2, 1]),
 (12, [1154, 72, 1, 1, 1, 768, 832, 0, 0, 1, 4, 1, 0, 2, 1]),
 (12, [1235, 39, 0, 1, 1, 584, 782, 1, 1, 0, 3, 1, 1, 1, 1]),
 (12, [1381, 81, 0, 0, 0, 938, 1047, 0, 1, 2, 4, 0, 0, 0, 0]),
 (12, [1533, 96, 0, 1, 1, 796, 1310, 1, 0, 1, 1, 0, 2, 2, 2]),
 (12, [1611, 82, 1, 0, 1, 1873, 828, 1, 0, 2, 0, 0, 0, 2, 0]),
 (12, [1828, 47, 1, 0, 1, 1286, 1114, 1, 0, 1, 0, 1, 1, 1, 2]),
 (16, [535, 82, 0, 1, 0, 1369, 1819, 0, 0, 1, 1, 1, 1, 2, 1]),
 (16, [749, 49, 0, 0, 0, 1405, 2044, 1, 0, 0, 2, 1, 1, 2, 0]),
 (16, [1035, 66, 0, 0, 1, 1137, 1089, 1, 1, 1, 1, 0, 2, 2, 1]),
 (16, [1103, 68, 1, 0, 0, 1508, 529, 0, 0, 1, 1, 0, 2, 1, 1]),
 (16, [1153, 68, 1, 0, 1, 1250, 1713, 1, 1, 2, 2, 0, 0, 1, 2]),
 (16, [1202, 55, 0, 0, 1, 1832, 1363, 0, 0, 0, 4, 1, 2, 2, 0]),
 (16, [1251, 99, 0, 0, 1, 888, 1583, 0, 0, 1, 3, 1, 1, 2, 0]),
 (16, [1297, 50, 1, 0, 0, 1224, 921, 0, 1, 1, 0, 1, 0, 1, 1]),
 (16, [1498, 90, 0, 0, 0, 1975, 1318, 0, 1, 1, 1, 0, 0, 0, 0]),
 (16, [1709, 102, 0, 0, 0, 1039, 1247, 0, 0, 2, 2, 1, 0, 1, 0]),
 (16, [1735, 23, 0, 0, 0, 1554, 732, 1, 0, 0, 2, 0, 1, 2, 2]),
 (16, [1782, 46, 0, 0, 1, 1448, 1315, 0, 0, 0, 0, 1, 2, 0, 2]),
 (16, [1991, 66, 1, 0, 1, 1017, 820, 1, 1, 2, 4, 0, 1, 2, 2]),
 (16, [2003, 71, 1, 1, 0, 645, 1086, 1, 1, 1, 4, 0, 1, 0, 2]),
 (17, [1534, 49, 0, 1, 0, 1617, 650, 1, 1, 0, 2, 1, 0, 2, 0]),
 (999, [939, 11, 1, 1, 0, 1302, 1214, 1, 1, 1, 5, 0, 0, 2, 1]),
 (999, [991, 48, 1, 0, 0, 1789, 946, 1, 1, 1, 5, 1, 0, 1, 1]),
 (999, [1052, 78, 0, 0, 1, 1575, 1227, 0, 0, 0, 5, 0, 0, 2, 1]),
 (999, [1288, 116, 1, 0, 1, 1563, 1976, 0, 1, 3, 0, 1, 1, 1, 2]),
 (999, [1310, 15, 1, 1, 0, 1730, 1911, 1, 0, 2, 5, 0, 2, 1, 0]),
 (999, [1536, 94, 0, 0, 1, 969, 1538, 0, 1, 0, 5, 1, 2, 0, 2]),
 (999, [1698, 75, 1, 1, 1, 1064, 550, 1, 1, 3, 1, 0, 2, 0, 1]),
 (999, [1748, 47, 1, 0, 1, 1440, 1041, 0, 1, 3, 2, 1, 2, 0, 2])]
Selected
[(12, [1041, 91, 0, 1, 0, 1126, 1005, 0, 0, 1, 2, 1, 1, 1, 1]),
 (12, [1611, 82, 1, 0, 1, 1873, 828, 1, 0, 2, 0, 0, 0, 2, 0]),
 (12, [1154, 72, 1, 1, 1, 768, 832, 0, 0, 1, 4, 1, 0, 2, 1]),
 (12, [1132, 75, 0, 1, 0, 1412, 1806, 1, 0, 2, 3, 0, 0, 2, 1]),
 (12, [1235, 39, 0, 1, 1, 584, 782, 1, 1, 0, 3, 1, 1, 1, 1]),
 (16, [535, 82, 0, 1, 0, 1369, 1819, 0, 0, 1, 1, 1, 1, 2, 1]),
 (12, [1009, 12, 1, 0, 1, 2046, 1285, 0, 0, 0, 0, 0, 1, 1, 1]),
 (16, [1035, 66, 0, 0, 1, 1137, 1089, 1, 1, 1, 1, 0, 2, 2, 1]),
 (12, [1533, 96, 0, 1, 1, 796, 1310, 1, 0, 1, 1, 0, 2, 2, 2]),
 (16, [749, 49, 0, 0, 0, 1405, 2044, 1, 0, 0, 2, 1, 1, 2, 0]),
 (12, [1828, 47, 1, 0, 1, 1286, 1114, 1, 0, 1, 0, 1, 1, 1, 2]),
 (12, [1611, 82, 1, 0, 1, 1873, 828, 1, 0, 2, 0, 0, 0, 2, 0]),
 (12, [1611, 82, 1, 0, 1, 1873, 828, 1, 0, 2, 0, 0, 0, 2, 0]),
 (12, [1009, 12, 1, 0, 1, 2046, 1285, 0, 0, 0, 0, 0, 1, 1, 1]),
 (12, [1009, 12, 1, 0, 1, 2046, 1285, 0, 0, 0, 0, 0, 1, 1, 1]),
 (12, [1132, 75, 0, 1, 0, 1412, 1806, 1, 0, 2, 3, 0, 0, 2, 1]),
 (12, [1009, 12, 1, 0, 1, 2046, 1285, 0, 0, 0, 0, 0, 1, 1, 1]),
 (12, [1154, 72, 1, 1, 1, 768, 832, 0, 0, 1, 4, 1, 0, 2, 1]),
 (16, [749, 49, 0, 0, 0, 1405, 2044, 1, 0, 0, 2, 1, 1, 2, 0]),
 (16, [749, 49, 0, 0, 0, 1405, 2044, 1, 0, 0, 2, 1, 1, 2, 0]),
 (12, [1381, 81, 0, 0, 0, 938, 1047, 0, 1, 2, 4, 0, 0, 0, 0]),
 (16, [535, 82, 0, 1, 0, 1369, 1819, 0, 0, 1, 1, 1, 1, 2, 1]),
 (12, [1009, 12, 1, 0, 1, 2046, 1285, 0, 0, 0, 0, 0, 1, 1, 1]),
 (16, [535, 82, 0, 1, 0, 1369, 1819, 0, 0, 1, 1, 1, 1, 2, 1]),
 (12, [1611, 82, 1, 0, 1, 1873, 828, 1, 0, 2, 0, 0, 0, 2, 0]),
 (12, [1381, 81, 0, 0, 0, 938, 1047, 0, 1, 2, 4, 0, 0, 0, 0]),
 (12, [1611, 82, 1, 0, 1, 1873, 828, 1, 0, 2, 0, 0, 0, 2, 0])]
population
[(999, [1748, 47, 1, 0, 1, 1440, 1041, 0, 1, 3, 2, 1, 2, 0, 2]),
 (999, [1698, 75, 1, 1, 1, 1064, 550, 1, 1, 3, 1, 0, 2, 0, 1]),
 (999, [1536, 94, 0, 0, 1, 969, 1538, 0, 1, 0, 5, 1, 2, 0, 2]),
 (999, [1310, 15, 1, 1, 0, 1730, 1911, 1, 0, 2, 5, 0, 2, 1, 0]),
 (999, [1288, 116, 1, 0, 1, 1563, 1976, 0, 1, 3, 0, 1, 1, 1, 2]),
 (999, [1052, 78, 0, 0, 1, 1575, 1227, 0, 0, 0, 5, 0, 0, 2, 1]),
 (999, [991, 48, 1, 0, 0, 1789, 946, 1, 1, 1, 5, 1, 0, 1, 1]),
 (999, [939, 11, 1, 1, 0, 1302, 1214, 1, 1, 1, 5, 0, 0, 2, 1]),
 (17, [1534, 49, 0, 1, 0, 1617, 650, 1, 1, 0, 2, 1, 0, 2, 0]),
 (16, [2003, 71, 1, 1, 0, 645, 1086, 1, 1, 1, 4, 0, 1, 0, 2]),
 (16, [1991, 66, 1, 0, 1, 1017, 820, 1, 1, 2, 4, 0, 1, 2, 2]),
 (16, [1782, 46, 0, 0, 1, 1448, 1315, 0, 0, 0, 0, 1, 2, 0, 2]),
 (16, [1735, 23, 0, 0, 0, 1554, 732, 1, 0, 0, 2, 0, 1, 2, 2]),
 (16, [1709, 102, 0, 0, 0, 1039, 1247, 0, 0, 2, 2, 1, 0, 1, 0]),
 (16, [1498, 90, 0, 0, 0, 1975, 1318, 0, 1, 1, 1, 0, 0, 0, 0]),
 (16, [1297, 50, 1, 0, 0, 1224, 921, 0, 1, 1, 0, 1, 0, 1, 1]),
 (16, [1251, 99, 0, 0, 1, 888, 1583, 0, 0, 1, 3, 1, 1, 2, 0]),
 (16, [1202, 55, 0, 0, 1, 1832, 1363, 0, 0, 0, 4, 1, 2, 2, 0]),
 (16, [1153, 68, 1, 0, 1, 1250, 1713, 1, 1, 2, 2, 0, 0, 1, 2]),
 (16, [1103, 68, 1, 0, 0, 1508, 529, 0, 0, 1, 1, 0, 2, 1, 1]),
 (16, [1035, 66, 0, 0, 1, 1137, 1089, 1, 1, 1, 1, 0, 2, 2, 1]),
 (16, [749, 49, 0, 0, 0, 1405, 2044, 1, 0, 0, 2, 1, 1, 2, 0]),
 (16, [535, 82, 0, 1, 0, 1369, 1819, 0, 0, 1, 1, 1, 1, 2, 1]),
 (12, [1828, 47, 1, 0, 1, 1286, 1114, 1, 0, 1, 0, 1, 1, 1, 2]),
 (12, [1611, 82, 1, 0, 1, 1873, 828, 1, 0, 2, 0, 0, 0, 2, 0]),
 (12, [1533, 96, 0, 1, 1, 796, 1310, 1, 0, 1, 1, 0, 2, 2, 2]),
 (12, [1381, 81, 0, 0, 0, 938, 1047, 0, 1, 2, 4, 0, 0, 0, 0]),
 (12, [1235, 39, 0, 1, 1, 584, 782, 1, 1, 0, 3, 1, 1, 1, 1]),
 (12, [1154, 72, 1, 1, 1, 768, 832, 0, 0, 1, 4, 1, 0, 2, 1]),
 (12, [1132, 75, 0, 1, 0, 1412, 1806, 1, 0, 2, 3, 0, 0, 2, 1]),
 (12, [1041, 91, 0, 1, 0, 1126, 1005, 0, 0, 1, 2, 1, 1, 1, 1]),
 (12, [1009, 12, 1, 0, 1, 2046, 1285, 0, 0, 0, 0, 0, 1, 1, 1])]
scored
[(12, [1009, 12, 1, 0, 1, 2046, 1285, 0, 0, 0, 0, 0, 1, 1, 1]),
 (12, [1041, 91, 0, 1, 0, 1126, 1005, 0, 0, 1, 2, 1, 1, 1, 1]),
 (12, [1132, 75, 0, 1, 0, 1412, 1806, 1, 0, 2, 3, 0, 0, 2, 1]),
 (12, [1154, 72, 1, 1, 1, 768, 832, 0, 0, 1, 4, 1, 0, 2, 1]),
 (12, [1235, 39, 0, 1, 1, 584, 782, 1, 1, 0, 3, 1, 1, 1, 1]),
 (12, [1381, 81, 0, 0, 0, 938, 1047, 0, 1, 2, 4, 0, 0, 0, 0]),
 (12, [1533, 96, 0, 1, 1, 796, 1310, 1, 0, 1, 1, 0, 2, 2, 2]),
 (12, [1611, 82, 1, 0, 1, 1873, 828, 1, 0, 2, 0, 0, 0, 2, 0]),
 (12, [1828, 47, 1, 0, 1, 1286, 1114, 1, 0, 1, 0, 1, 1, 1, 2]),
 (16, [535, 82, 0, 1, 0, 1369, 1819, 0, 0, 1, 1, 1, 1, 2, 1]),
 (16, [749, 49, 0, 0, 0, 1405, 2044, 1, 0, 0, 2, 1, 1, 2, 0]),
 (16, [1035, 66, 0, 0, 1, 1137, 1089, 1, 1, 1, 1, 0, 2, 2, 1]),
 (16, [1103, 68, 1, 0, 0, 1508, 529, 0, 0, 1, 1, 0, 2, 1, 1]),
 (16, [1153, 68, 1, 0, 1, 1250, 1713, 1, 1, 2, 2, 0, 0, 1, 2]),
 (16, [1202, 55, 0, 0, 1, 1832, 1363, 0, 0, 0, 4, 1, 2, 2, 0]),
 (16, [1251, 99, 0, 0, 1, 888, 1583, 0, 0, 1, 3, 1, 1, 2, 0]),
 (16, [1297, 50, 1, 0, 0, 1224, 921, 0, 1, 1, 0, 1, 0, 1, 1]),
 (16, [1498, 90, 0, 0, 0, 1975, 1318, 0, 1, 1, 1, 0, 0, 0, 0]),
 (16, [1709, 102, 0, 0, 0, 1039, 1247, 0, 0, 2, 2, 1, 0, 1, 0]),
 (16, [1735, 23, 0, 0, 0, 1554, 732, 1, 0, 0, 2, 0, 1, 2, 2]),
 (16, [1782, 46, 0, 0, 1, 1448, 1315, 0, 0, 0, 0, 1, 2, 0, 2]),
 (16, [1991, 66, 1, 0, 1, 1017, 820, 1, 1, 2, 4, 0, 1, 2, 2]),
 (16, [2003, 71, 1, 1, 0, 645, 1086, 1, 1, 1, 4, 0, 1, 0, 2]),
 (17, [1534, 49, 0, 1, 0, 1617, 650, 1, 1, 0, 2, 1, 0, 2, 0]),
 (999, [939, 11, 1, 1, 0, 1302, 1214, 1, 1, 1, 5, 0, 0, 2, 1]),
 (999, [991, 48, 1, 0, 0, 1789, 946, 1, 1, 1, 5, 1, 0, 1, 1]),
 (999, [1052, 78, 0, 0, 1, 1575, 1227, 0, 0, 0, 5, 0, 0, 2, 1]),
 (999, [1288, 116, 1, 0, 1, 1563, 1976, 0, 1, 3, 0, 1, 1, 1, 2]),
 (999, [1310, 15, 1, 1, 0, 1730, 1911, 1, 0, 2, 5, 0, 2, 1, 0]),
 (999, [1536, 94, 0, 0, 1, 969, 1538, 0, 1, 0, 5, 1, 2, 0, 2]),
 (999, [1698, 75, 1, 1, 1, 1064, 550, 1, 1, 3, 1, 0, 2, 0, 1]),
 (999, [1748, 47, 1, 0, 1, 1440, 1041, 0, 1, 3, 2, 1, 2, 0, 2])]
Selected
[(12, [1009, 12, 1, 0, 1, 2046, 1285, 0, 0, 0, 0, 0, 1, 1, 1]),
 (16, [535, 82, 0, 1, 0, 1369, 1819, 0, 0, 1, 1, 1, 1, 2, 1]),
 (16, [535, 82, 0, 1, 0, 1369, 1819, 0, 0, 1, 1, 1, 1, 2, 1]),
 (16, [1103, 68, 1, 0, 0, 1508, 529, 0, 0, 1, 1, 0, 2, 1, 1]),
 (12, [1154, 72, 1, 1, 1, 768, 832, 0, 0, 1, 4, 1, 0, 2, 1]),
 (12, [1132, 75, 0, 1, 0, 1412, 1806, 1, 0, 2, 3, 0, 0, 2, 1]),
 (12, [1154, 72, 1, 1, 1, 768, 832, 0, 0, 1, 4, 1, 0, 2, 1]),
 (16, [535, 82, 0, 1, 0, 1369, 1819, 0, 0, 1, 1, 1, 1, 2, 1]),
 (16, [1251, 99, 0, 0, 1, 888, 1583, 0, 0, 1, 3, 1, 1, 2, 0]),
 (12, [1041, 91, 0, 1, 0, 1126, 1005, 0, 0, 1, 2, 1, 1, 1, 1]),
 (12, [1533, 96, 0, 1, 1, 796, 1310, 1, 0, 1, 1, 0, 2, 2, 2]),
 (12, [1041, 91, 0, 1, 0, 1126, 1005, 0, 0, 1, 2, 1, 1, 1, 1]),
 (16, [535, 82, 0, 1, 0, 1369, 1819, 0, 0, 1, 1, 1, 1, 2, 1]),
 (12, [1132, 75, 0, 1, 0, 1412, 1806, 1, 0, 2, 3, 0, 0, 2, 1]),
 (12, [1009, 12, 1, 0, 1, 2046, 1285, 0, 0, 0, 0, 0, 1, 1, 1]),
 (12, [1132, 75, 0, 1, 0, 1412, 1806, 1, 0, 2, 3, 0, 0, 2, 1]),
 (12, [1154, 72, 1, 1, 1, 768, 832, 0, 0, 1, 4, 1, 0, 2, 1]),
 (12, [1132, 75, 0, 1, 0, 1412, 1806, 1, 0, 2, 3, 0, 0, 2, 1]),
 (12, [1381, 81, 0, 0, 0, 938, 1047, 0, 1, 2, 4, 0, 0, 0, 0]),
 (12, [1009, 12, 1, 0, 1, 2046, 1285, 0, 0, 0, 0, 0, 1, 1, 1]),
 (12, [1381, 81, 0, 0, 0, 938, 1047, 0, 1, 2, 4, 0, 0, 0, 0]),
 (16, [749, 49, 0, 0, 0, 1405, 2044, 1, 0, 0, 2, 1, 1, 2, 0]),
 (12, [1381, 81, 0, 0, 0, 938, 1047, 0, 1, 2, 4, 0, 0, 0, 0]),
 (16, [1153, 68, 1, 0, 1, 1250, 1713, 1, 1, 2, 2, 0, 0, 1, 2]),
 (12, [1533, 96, 0, 1, 1, 796, 1310, 1, 0, 1, 1, 0, 2, 2, 2]),
 (12, [1009, 12, 1, 0, 1, 2046, 1285, 0, 0, 0, 0, 0, 1, 1, 1]),
 (12, [1132, 75, 0, 1, 0, 1412, 1806, 1, 0, 2, 3, 0, 0, 2, 1])]
population
[(999, [1748, 47, 1, 0, 1, 1440, 1041, 0, 1, 3, 2, 1, 2, 0, 2]),
 (999, [1698, 75, 1, 1, 1, 1064, 550, 1, 1, 3, 1, 0, 2, 0, 1]),
 (999, [1536, 94, 0, 0, 1, 969, 1538, 0, 1, 0, 5, 1, 2, 0, 2]),
 (999, [1310, 15, 1, 1, 0, 1730, 1911, 1, 0, 2, 5, 0, 2, 1, 0]),
 (999, [1288, 116, 1, 0, 1, 1563, 1976, 0, 1, 3, 0, 1, 1, 1, 2]),
 (999, [1052, 78, 0, 0, 1, 1575, 1227, 0, 0, 0, 5, 0, 0, 2, 1]),
 (999, [991, 48, 1, 0, 0, 1789, 946, 1, 1, 1, 5, 1, 0, 1, 1]),
 (999, [939, 11, 1, 1, 0, 1302, 1214, 1, 1, 1, 5, 0, 0, 2, 1]),
 (17, [1534, 49, 0, 1, 0, 1617, 650, 1, 1, 0, 2, 1, 0, 2, 0]),
 (16, [2003, 71, 1, 1, 0, 645, 1086, 1, 1, 1, 4, 0, 1, 0, 2]),
 (16, [1991, 66, 1, 0, 1, 1017, 820, 1, 1, 2, 4, 0, 1, 2, 2]),
 (16, [1782, 46, 0, 0, 1, 1448, 1315, 0, 0, 0, 0, 1, 2, 0, 2]),
 (16, [1735, 23, 0, 0, 0, 1554, 732, 1, 0, 0, 2, 0, 1, 2, 2]),
 (16, [1709, 102, 0, 0, 0, 1039, 1247, 0, 0, 2, 2, 1, 0, 1, 0]),
 (16, [1498, 90, 0, 0, 0, 1975, 1318, 0, 1, 1, 1, 0, 0, 0, 0]),
 (16, [1297, 50, 1, 0, 0, 1224, 921, 0, 1, 1, 0, 1, 0, 1, 1]),
 (16, [1251, 99, 0, 0, 1, 888, 1583, 0, 0, 1, 3, 1, 1, 2, 0]),
 (16, [1202, 55, 0, 0, 1, 1832, 1363, 0, 0, 0, 4, 1, 2, 2, 0]),
 (16, [1153, 68, 1, 0, 1, 1250, 1713, 1, 1, 2, 2, 0, 0, 1, 2]),
 (16, [1103, 68, 1, 0, 0, 1508, 529, 0, 0, 1, 1, 0, 2, 1, 1]),
 (16, [1035, 66, 0, 0, 1, 1137, 1089, 1, 1, 1, 1, 0, 2, 2, 1]),
 (16, [749, 49, 0, 0, 0, 1405, 2044, 1, 0, 0, 2, 1, 1, 2, 0]),
 (16, [535, 82, 0, 1, 0, 1369, 1819, 0, 0, 1, 1, 1, 1, 2, 1]),
 (12, [1828, 47, 1, 0, 1, 1286, 1114, 1, 0, 1, 0, 1, 1, 1, 2]),
 (12, [1611, 82, 1, 0, 1, 1873, 828, 1, 0, 2, 0, 0, 0, 2, 0]),
 (12, [1533, 96, 0, 1, 1, 796, 1310, 1, 0, 1, 1, 0, 2, 2, 2]),
 (12, [1381, 81, 0, 0, 0, 938, 1047, 0, 1, 2, 4, 0, 0, 0, 0]),
 (12, [1235, 39, 0, 1, 1, 584, 782, 1, 1, 0, 3, 1, 1, 1, 1]),
 (12, [1154, 72, 1, 1, 1, 768, 832, 0, 0, 1, 4, 1, 0, 2, 1]),
 (12, [1132, 75, 0, 1, 0, 1412, 1806, 1, 0, 2, 3, 0, 0, 2, 1]),
 (12, [1041, 91, 0, 1, 0, 1126, 1005, 0, 0, 1, 2, 1, 1, 1, 1]),
 (12, [1009, 12, 1, 0, 1, 2046, 1285, 0, 0, 0, 0, 0, 1, 1, 1])]
scored
[(12, [1009, 12, 1, 0, 1, 2046, 1285, 0, 0, 0, 0, 0, 1, 1, 1]),
 (12, [1041, 91, 0, 1, 0, 1126, 1005, 0, 0, 1, 2, 1, 1, 1, 1]),
 (12, [1132, 75, 0, 1, 0, 1412, 1806, 1, 0, 2, 3, 0, 0, 2, 1]),
 (12, [1154, 72, 1, 1, 1, 768, 832, 0, 0, 1, 4, 1, 0, 2, 1]),
 (12, [1235, 39, 0, 1, 1, 584, 782, 1, 1, 0, 3, 1, 1, 1, 1]),
 (12, [1381, 81, 0, 0, 0, 938, 1047, 0, 1, 2, 4, 0, 0, 0, 0]),
 (12, [1533, 96, 0, 1, 1, 796, 1310, 1, 0, 1, 1, 0, 2, 2, 2]),
 (12, [1611, 82, 1, 0, 1, 1873, 828, 1, 0, 2, 0, 0, 0, 2, 0]),
 (12, [1828, 47, 1, 0, 1, 1286, 1114, 1, 0, 1, 0, 1, 1, 1, 2]),
 (16, [535, 82, 0, 1, 0, 1369, 1819, 0, 0, 1, 1, 1, 1, 2, 1]),
 (16, [749, 49, 0, 0, 0, 1405, 2044, 1, 0, 0, 2, 1, 1, 2, 0]),
 (16, [1035, 66, 0, 0, 1, 1137, 1089, 1, 1, 1, 1, 0, 2, 2, 1]),
 (16, [1103, 68, 1, 0, 0, 1508, 529, 0, 0, 1, 1, 0, 2, 1, 1]),
 (16, [1153, 68, 1, 0, 1, 1250, 1713, 1, 1, 2, 2, 0, 0, 1, 2]),
 (16, [1202, 55, 0, 0, 1, 1832, 1363, 0, 0, 0, 4, 1, 2, 2, 0]),
 (16, [1251, 99, 0, 0, 1, 888, 1583, 0, 0, 1, 3, 1, 1, 2, 0]),
 (16, [1297, 50, 1, 0, 0, 1224, 921, 0, 1, 1, 0, 1, 0, 1, 1]),
 (16, [1498, 90, 0, 0, 0, 1975, 1318, 0, 1, 1, 1, 0, 0, 0, 0]),
 (16, [1709, 102, 0, 0, 0, 1039, 1247, 0, 0, 2, 2, 1, 0, 1, 0]),
 (16, [1735, 23, 0, 0, 0, 1554, 732, 1, 0, 0, 2, 0, 1, 2, 2]),
 (16, [1782, 46, 0, 0, 1, 1448, 1315, 0, 0, 0, 0, 1, 2, 0, 2]),
 (16, [1991, 66, 1, 0, 1, 1017, 820, 1, 1, 2, 4, 0, 1, 2, 2]),
 (16, [2003, 71, 1, 1, 0, 645, 1086, 1, 1, 1, 4, 0, 1, 0, 2]),
 (17, [1534, 49, 0, 1, 0, 1617, 650, 1, 1, 0, 2, 1, 0, 2, 0]),
 (999, [939, 11, 1, 1, 0, 1302, 1214, 1, 1, 1, 5, 0, 0, 2, 1]),
 (999, [991, 48, 1, 0, 0, 1789, 946, 1, 1, 1, 5, 1, 0, 1, 1]),
 (999, [1052, 78, 0, 0, 1, 1575, 1227, 0, 0, 0, 5, 0, 0, 2, 1]),
 (999, [1288, 116, 1, 0, 1, 1563, 1976, 0, 1, 3, 0, 1, 1, 1, 2]),
 (999, [1310, 15, 1, 1, 0, 1730, 1911, 1, 0, 2, 5, 0, 2, 1, 0]),
 (999, [1536, 94, 0, 0, 1, 969, 1538, 0, 1, 0, 5, 1, 2, 0, 2]),
 (999, [1698, 75, 1, 1, 1, 1064, 550, 1, 1, 3, 1, 0, 2, 0, 1]),
 (999, [1748, 47, 1, 0, 1, 1440, 1041, 0, 1, 3, 2, 1, 2, 0, 2])]
Selected
[(12, [1041, 91, 0, 1, 0, 1126, 1005, 0, 0, 1, 2, 1, 1, 1, 1]),
 (12, [1154, 72, 1, 1, 1, 768, 832, 0, 0, 1, 4, 1, 0, 2, 1]),
 (12, [1041, 91, 0, 1, 0, 1126, 1005, 0, 0, 1, 2, 1, 1, 1, 1]),
 (12, [1828, 47, 1, 0, 1, 1286, 1114, 1, 0, 1, 0, 1, 1, 1, 2]),
 (16, [1153, 68, 1, 0, 1, 1250, 1713, 1, 1, 2, 2, 0, 0, 1, 2]),
 (12, [1611, 82, 1, 0, 1, 1873, 828, 1, 0, 2, 0, 0, 0, 2, 0]),
 (12, [1611, 82, 1, 0, 1, 1873, 828, 1, 0, 2, 0, 0, 0, 2, 0]),
 (12, [1611, 82, 1, 0, 1, 1873, 828, 1, 0, 2, 0, 0, 0, 2, 0]),
 (12, [1235, 39, 0, 1, 1, 584, 782, 1, 1, 0, 3, 1, 1, 1, 1]),
 (12, [1132, 75, 0, 1, 0, 1412, 1806, 1, 0, 2, 3, 0, 0, 2, 1]),
 (16, [1103, 68, 1, 0, 0, 1508, 529, 0, 0, 1, 1, 0, 2, 1, 1]),
 (16, [535, 82, 0, 1, 0, 1369, 1819, 0, 0, 1, 1, 1, 1, 2, 1]),
 (16, [1153, 68, 1, 0, 1, 1250, 1713, 1, 1, 2, 2, 0, 0, 1, 2]),
 (12, [1041, 91, 0, 1, 0, 1126, 1005, 0, 0, 1, 2, 1, 1, 1, 1]),
 (16, [1153, 68, 1, 0, 1, 1250, 1713, 1, 1, 2, 2, 0, 0, 1, 2]),
 (12, [1009, 12, 1, 0, 1, 2046, 1285, 0, 0, 0, 0, 0, 1, 1, 1]),
 (12, [1235, 39, 0, 1, 1, 584, 782, 1, 1, 0, 3, 1, 1, 1, 1]),
 (12, [1009, 12, 1, 0, 1, 2046, 1285, 0, 0, 0, 0, 0, 1, 1, 1]),
 (12, [1381, 81, 0, 0, 0, 938, 1047, 0, 1, 2, 4, 0, 0, 0, 0]),
 (12, [1611, 82, 1, 0, 1, 1873, 828, 1, 0, 2, 0, 0, 0, 2, 0]),
 (12, [1611, 82, 1, 0, 1, 1873, 828, 1, 0, 2, 0, 0, 0, 2, 0]),
 (16, [1035, 66, 0, 0, 1, 1137, 1089, 1, 1, 1, 1, 0, 2, 2, 1]),
 (12, [1041, 91, 0, 1, 0, 1126, 1005, 0, 0, 1, 2, 1, 1, 1, 1]),
 (12, [1235, 39, 0, 1, 1, 584, 782, 1, 1, 0, 3, 1, 1, 1, 1]),
 (12, [1009, 12, 1, 0, 1, 2046, 1285, 0, 0, 0, 0, 0, 1, 1, 1]),
 (12, [1041, 91, 0, 1, 0, 1126, 1005, 0, 0, 1, 2, 1, 1, 1, 1]),
 (12, [1381, 81, 0, 0, 0, 938, 1047, 0, 1, 2, 4, 0, 0, 0, 0])]
population
[(999, [1748, 47, 1, 0, 1, 1440, 1041, 0, 1, 3, 2, 1, 2, 0, 2]),
 (999, [1698, 75, 1, 1, 1, 1064, 550, 1, 1, 3, 1, 0, 2, 0, 1]),
 (999, [1536, 94, 0, 0, 1, 969, 1538, 0, 1, 0, 5, 1, 2, 0, 2]),
 (999, [1310, 15, 1, 1, 0, 1730, 1911, 1, 0, 2, 5, 0, 2, 1, 0]),
 (999, [1288, 116, 1, 0, 1, 1563, 1976, 0, 1, 3, 0, 1, 1, 1, 2]),
 (999, [1052, 78, 0, 0, 1, 1575, 1227, 0, 0, 0, 5, 0, 0, 2, 1]),
 (999, [991, 48, 1, 0, 0, 1789, 946, 1, 1, 1, 5, 1, 0, 1, 1]),
 (999, [939, 11, 1, 1, 0, 1302, 1214, 1, 1, 1, 5, 0, 0, 2, 1]),
 (17, [1534, 49, 0, 1, 0, 1617, 650, 1, 1, 0, 2, 1, 0, 2, 0]),
 (16, [2003, 71, 1, 1, 0, 645, 1086, 1, 1, 1, 4, 0, 1, 0, 2]),
 (16, [1991, 66, 1, 0, 1, 1017, 820, 1, 1, 2, 4, 0, 1, 2, 2]),
 (16, [1782, 46, 0, 0, 1, 1448, 1315, 0, 0, 0, 0, 1, 2, 0, 2]),
 (16, [1735, 23, 0, 0, 0, 1554, 732, 1, 0, 0, 2, 0, 1, 2, 2]),
 (16, [1709, 102, 0, 0, 0, 1039, 1247, 0, 0, 2, 2, 1, 0, 1, 0]),
 (16, [1498, 90, 0, 0, 0, 1975, 1318, 0, 1, 1, 1, 0, 0, 0, 0]),
 (16, [1297, 50, 1, 0, 0, 1224, 921, 0, 1, 1, 0, 1, 0, 1, 1]),
 (16, [1251, 99, 0, 0, 1, 888, 1583, 0, 0, 1, 3, 1, 1, 2, 0]),
 (16, [1202, 55, 0, 0, 1, 1832, 1363, 0, 0, 0, 4, 1, 2, 2, 0]),
 (16, [1153, 68, 1, 0, 1, 1250, 1713, 1, 1, 2, 2, 0, 0, 1, 2]),
 (16, [1103, 68, 1, 0, 0, 1508, 529, 0, 0, 1, 1, 0, 2, 1, 1]),
 (16, [1035, 66, 0, 0, 1, 1137, 1089, 1, 1, 1, 1, 0, 2, 2, 1]),
 (16, [749, 49, 0, 0, 0, 1405, 2044, 1, 0, 0, 2, 1, 1, 2, 0]),
 (16, [535, 82, 0, 1, 0, 1369, 1819, 0, 0, 1, 1, 1, 1, 2, 1]),
 (12, [1828, 47, 1, 0, 1, 1286, 1114, 1, 0, 1, 0, 1, 1, 1, 2]),
 (12, [1611, 82, 1, 0, 1, 1873, 828, 1, 0, 2, 0, 0, 0, 2, 0]),
 (12, [1533, 96, 0, 1, 1, 796, 1310, 1, 0, 1, 1, 0, 2, 2, 2]),
 (12, [1381, 81, 0, 0, 0, 938, 1047, 0, 1, 2, 4, 0, 0, 0, 0]),
 (12, [1235, 39, 0, 1, 1, 584, 782, 1, 1, 0, 3, 1, 1, 1, 1]),
 (12, [1154, 72, 1, 1, 1, 768, 832, 0, 0, 1, 4, 1, 0, 2, 1]),
 (12, [1132, 75, 0, 1, 0, 1412, 1806, 1, 0, 2, 3, 0, 0, 2, 1]),
 (12, [1041, 91, 0, 1, 0, 1126, 1005, 0, 0, 1, 2, 1, 1, 1, 1]),
 (12, [1009, 12, 1, 0, 1, 2046, 1285, 0, 0, 0, 0, 0, 1, 1, 1])]
scored
[(12, [1009, 12, 1, 0, 1, 2046, 1285, 0, 0, 0, 0, 0, 1, 1, 1]),
 (12, [1041, 91, 0, 1, 0, 1126, 1005, 0, 0, 1, 2, 1, 1, 1, 1]),
 (12, [1132, 75, 0, 1, 0, 1412, 1806, 1, 0, 2, 3, 0, 0, 2, 1]),
 (12, [1154, 72, 1, 1, 1, 768, 832, 0, 0, 1, 4, 1, 0, 2, 1]),
 (12, [1235, 39, 0, 1, 1, 584, 782, 1, 1, 0, 3, 1, 1, 1, 1]),
 (12, [1381, 81, 0, 0, 0, 938, 1047, 0, 1, 2, 4, 0, 0, 0, 0]),
 (12, [1533, 96, 0, 1, 1, 796, 1310, 1, 0, 1, 1, 0, 2, 2, 2]),
 (12, [1611, 82, 1, 0, 1, 1873, 828, 1, 0, 2, 0, 0, 0, 2, 0]),
 (12, [1828, 47, 1, 0, 1, 1286, 1114, 1, 0, 1, 0, 1, 1, 1, 2]),
 (16, [535, 82, 0, 1, 0, 1369, 1819, 0, 0, 1, 1, 1, 1, 2, 1]),
 (16, [749, 49, 0, 0, 0, 1405, 2044, 1, 0, 0, 2, 1, 1, 2, 0]),
 (16, [1035, 66, 0, 0, 1, 1137, 1089, 1, 1, 1, 1, 0, 2, 2, 1]),
 (16, [1103, 68, 1, 0, 0, 1508, 529, 0, 0, 1, 1, 0, 2, 1, 1]),
 (16, [1153, 68, 1, 0, 1, 1250, 1713, 1, 1, 2, 2, 0, 0, 1, 2]),
 (16, [1202, 55, 0, 0, 1, 1832, 1363, 0, 0, 0, 4, 1, 2, 2, 0]),
 (16, [1251, 99, 0, 0, 1, 888, 1583, 0, 0, 1, 3, 1, 1, 2, 0]),
 (16, [1297, 50, 1, 0, 0, 1224, 921, 0, 1, 1, 0, 1, 0, 1, 1]),
 (16, [1498, 90, 0, 0, 0, 1975, 1318, 0, 1, 1, 1, 0, 0, 0, 0]),
 (16, [1709, 102, 0, 0, 0, 1039, 1247, 0, 0, 2, 2, 1, 0, 1, 0]),
 (16, [1735, 23, 0, 0, 0, 1554, 732, 1, 0, 0, 2, 0, 1, 2, 2]),
 (16, [1782, 46, 0, 0, 1, 1448, 1315, 0, 0, 0, 0, 1, 2, 0, 2]),
 (16, [1991, 66, 1, 0, 1, 1017, 820, 1, 1, 2, 4, 0, 1, 2, 2]),
 (16, [2003, 71, 1, 1, 0, 645, 1086, 1, 1, 1, 4, 0, 1, 0, 2]),
 (17, [1534, 49, 0, 1, 0, 1617, 650, 1, 1, 0, 2, 1, 0, 2, 0]),
 (999, [939, 11, 1, 1, 0, 1302, 1214, 1, 1, 1, 5, 0, 0, 2, 1]),
 (999, [991, 48, 1, 0, 0, 1789, 946, 1, 1, 1, 5, 1, 0, 1, 1]),
 (999, [1052, 78, 0, 0, 1, 1575, 1227, 0, 0, 0, 5, 0, 0, 2, 1]),
 (999, [1288, 116, 1, 0, 1, 1563, 1976, 0, 1, 3, 0, 1, 1, 1, 2]),
 (999, [1310, 15, 1, 1, 0, 1730, 1911, 1, 0, 2, 5, 0, 2, 1, 0]),
 (999, [1536, 94, 0, 0, 1, 969, 1538, 0, 1, 0, 5, 1, 2, 0, 2]),
 (999, [1698, 75, 1, 1, 1, 1064, 550, 1, 1, 3, 1, 0, 2, 0, 1]),
 (999, [1748, 47, 1, 0, 1, 1440, 1041, 0, 1, 3, 2, 1, 2, 0, 2])]
Selected
[(12, [1381, 81, 0, 0, 0, 938, 1047, 0, 1, 2, 4, 0, 0, 0, 0]),
 (12, [1132, 75, 0, 1, 0, 1412, 1806, 1, 0, 2, 3, 0, 0, 2, 1]),
 (12, [1154, 72, 1, 1, 1, 768, 832, 0, 0, 1, 4, 1, 0, 2, 1]),
 (12, [1041, 91, 0, 1, 0, 1126, 1005, 0, 0, 1, 2, 1, 1, 1, 1]),
 (12, [1533, 96, 0, 1, 1, 796, 1310, 1, 0, 1, 1, 0, 2, 2, 2]),
 (12, [1009, 12, 1, 0, 1, 2046, 1285, 0, 0, 0, 0, 0, 1, 1, 1]),
 (12, [1235, 39, 0, 1, 1, 584, 782, 1, 1, 0, 3, 1, 1, 1, 1]),
 (12, [1009, 12, 1, 0, 1, 2046, 1285, 0, 0, 0, 0, 0, 1, 1, 1]),
 (12, [1154, 72, 1, 1, 1, 768, 832, 0, 0, 1, 4, 1, 0, 2, 1]),
 (12, [1132, 75, 0, 1, 0, 1412, 1806, 1, 0, 2, 3, 0, 0, 2, 1]),
 (12, [1154, 72, 1, 1, 1, 768, 832, 0, 0, 1, 4, 1, 0, 2, 1]),
 (12, [1009, 12, 1, 0, 1, 2046, 1285, 0, 0, 0, 0, 0, 1, 1, 1]),
 (12, [1041, 91, 0, 1, 0, 1126, 1005, 0, 0, 1, 2, 1, 1, 1, 1]),
 (12, [1381, 81, 0, 0, 0, 938, 1047, 0, 1, 2, 4, 0, 0, 0, 0]),
 (12, [1009, 12, 1, 0, 1, 2046, 1285, 0, 0, 0, 0, 0, 1, 1, 1]),
 (12, [1041, 91, 0, 1, 0, 1126, 1005, 0, 0, 1, 2, 1, 1, 1, 1]),
 (16, [535, 82, 0, 1, 0, 1369, 1819, 0, 0, 1, 1, 1, 1, 2, 1]),
 (12, [1009, 12, 1, 0, 1, 2046, 1285, 0, 0, 0, 0, 0, 1, 1, 1]),
 (12, [1381, 81, 0, 0, 0, 938, 1047, 0, 1, 2, 4, 0, 0, 0, 0]),
 (12, [1009, 12, 1, 0, 1, 2046, 1285, 0, 0, 0, 0, 0, 1, 1, 1]),
 (12, [1235, 39, 0, 1, 1, 584, 782, 1, 1, 0, 3, 1, 1, 1, 1]),
 (12, [1611, 82, 1, 0, 1, 1873, 828, 1, 0, 2, 0, 0, 0, 2, 0]),
 (12, [1154, 72, 1, 1, 1, 768, 832, 0, 0, 1, 4, 1, 0, 2, 1]),
 (12, [1828, 47, 1, 0, 1, 1286, 1114, 1, 0, 1, 0, 1, 1, 1, 2]),
 (12, [1041, 91, 0, 1, 0, 1126, 1005, 0, 0, 1, 2, 1, 1, 1, 1]),
 (12, [1041, 91, 0, 1, 0, 1126, 1005, 0, 0, 1, 2, 1, 1, 1, 1]),
 (12, [1009, 12, 1, 0, 1, 2046, 1285, 0, 0, 0, 0, 0, 1, 1, 1])]
population
[(999, [1748, 47, 1, 0, 1, 1440, 1041, 0, 1, 3, 2, 1, 2, 0, 2]),
 (999, [1698, 75, 1, 1, 1, 1064, 550, 1, 1, 3, 1, 0, 2, 0, 1]),
 (999, [1536, 94, 0, 0, 1, 969, 1538, 0, 1, 0, 5, 1, 2, 0, 2]),
 (999, [1310, 15, 1, 1, 0, 1730, 1911, 1, 0, 2, 5, 0, 2, 1, 0]),
 (999, [1288, 116, 1, 0, 1, 1563, 1976, 0, 1, 3, 0, 1, 1, 1, 2]),
 (999, [1052, 78, 0, 0, 1, 1575, 1227, 0, 0, 0, 5, 0, 0, 2, 1]),
 (999, [991, 48, 1, 0, 0, 1789, 946, 1, 1, 1, 5, 1, 0, 1, 1]),
 (999, [939, 11, 1, 1, 0, 1302, 1214, 1, 1, 1, 5, 0, 0, 2, 1]),
 (17, [1534, 49, 0, 1, 0, 1617, 650, 1, 1, 0, 2, 1, 0, 2, 0]),
 (16, [2003, 71, 1, 1, 0, 645, 1086, 1, 1, 1, 4, 0, 1, 0, 2]),
 (16, [1991, 66, 1, 0, 1, 1017, 820, 1, 1, 2, 4, 0, 1, 2, 2]),
 (16, [1782, 46, 0, 0, 1, 1448, 1315, 0, 0, 0, 0, 1, 2, 0, 2]),
 (16, [1735, 23, 0, 0, 0, 1554, 732, 1, 0, 0, 2, 0, 1, 2, 2]),
 (16, [1709, 102, 0, 0, 0, 1039, 1247, 0, 0, 2, 2, 1, 0, 1, 0]),
 (16, [1498, 90, 0, 0, 0, 1975, 1318, 0, 1, 1, 1, 0, 0, 0, 0]),
 (16, [1297, 50, 1, 0, 0, 1224, 921, 0, 1, 1, 0, 1, 0, 1, 1]),
 (16, [1251, 99, 0, 0, 1, 888, 1583, 0, 0, 1, 3, 1, 1, 2, 0]),
 (16, [1202, 55, 0, 0, 1, 1832, 1363, 0, 0, 0, 4, 1, 2, 2, 0]),
 (16, [1153, 68, 1, 0, 1, 1250, 1713, 1, 1, 2, 2, 0, 0, 1, 2]),
 (16, [1103, 68, 1, 0, 0, 1508, 529, 0, 0, 1, 1, 0, 2, 1, 1]),
 (16, [1035, 66, 0, 0, 1, 1137, 1089, 1, 1, 1, 1, 0, 2, 2, 1]),
 (16, [749, 49, 0, 0, 0, 1405, 2044, 1, 0, 0, 2, 1, 1, 2, 0]),
 (16, [535, 82, 0, 1, 0, 1369, 1819, 0, 0, 1, 1, 1, 1, 2, 1]),
 (12, [1828, 47, 1, 0, 1, 1286, 1114, 1, 0, 1, 0, 1, 1, 1, 2]),
 (12, [1611, 82, 1, 0, 1, 1873, 828, 1, 0, 2, 0, 0, 0, 2, 0]),
 (12, [1533, 96, 0, 1, 1, 796, 1310, 1, 0, 1, 1, 0, 2, 2, 2]),
 (12, [1381, 81, 0, 0, 0, 938, 1047, 0, 1, 2, 4, 0, 0, 0, 0]),
 (12, [1235, 39, 0, 1, 1, 584, 782, 1, 1, 0, 3, 1, 1, 1, 1]),
 (12, [1154, 72, 1, 1, 1, 768, 832, 0, 0, 1, 4, 1, 0, 2, 1]),
 (12, [1132, 75, 0, 1, 0, 1412, 1806, 1, 0, 2, 3, 0, 0, 2, 1]),
 (12, [1041, 91, 0, 1, 0, 1126, 1005, 0, 0, 1, 2, 1, 1, 1, 1]),
 (12, [1009, 12, 1, 0, 1, 2046, 1285, 0, 0, 0, 0, 0, 1, 1, 1])]
scored
[(12, [1009, 12, 1, 0, 1, 2046, 1285, 0, 0, 0, 0, 0, 1, 1, 1]),
 (12, [1041, 91, 0, 1, 0, 1126, 1005, 0, 0, 1, 2, 1, 1, 1, 1]),
 (12, [1132, 75, 0, 1, 0, 1412, 1806, 1, 0, 2, 3, 0, 0, 2, 1]),
 (12, [1154, 72, 1, 1, 1, 768, 832, 0, 0, 1, 4, 1, 0, 2, 1]),
 (12, [1235, 39, 0, 1, 1, 584, 782, 1, 1, 0, 3, 1, 1, 1, 1]),
 (12, [1381, 81, 0, 0, 0, 938, 1047, 0, 1, 2, 4, 0, 0, 0, 0]),
 (12, [1533, 96, 0, 1, 1, 796, 1310, 1, 0, 1, 1, 0, 2, 2, 2]),
 (12, [1611, 82, 1, 0, 1, 1873, 828, 1, 0, 2, 0, 0, 0, 2, 0]),
 (12, [1828, 47, 1, 0, 1, 1286, 1114, 1, 0, 1, 0, 1, 1, 1, 2]),
 (16, [535, 82, 0, 1, 0, 1369, 1819, 0, 0, 1, 1, 1, 1, 2, 1]),
 (16, [749, 49, 0, 0, 0, 1405, 2044, 1, 0, 0, 2, 1, 1, 2, 0]),
 (16, [1035, 66, 0, 0, 1, 1137, 1089, 1, 1, 1, 1, 0, 2, 2, 1]),
 (16, [1103, 68, 1, 0, 0, 1508, 529, 0, 0, 1, 1, 0, 2, 1, 1]),
 (16, [1153, 68, 1, 0, 1, 1250, 1713, 1, 1, 2, 2, 0, 0, 1, 2]),
 (16, [1202, 55, 0, 0, 1, 1832, 1363, 0, 0, 0, 4, 1, 2, 2, 0]),
 (16, [1251, 99, 0, 0, 1, 888, 1583, 0, 0, 1, 3, 1, 1, 2, 0]),
 (16, [1297, 50, 1, 0, 0, 1224, 921, 0, 1, 1, 0, 1, 0, 1, 1]),
 (16, [1498, 90, 0, 0, 0, 1975, 1318, 0, 1, 1, 1, 0, 0, 0, 0]),
 (16, [1709, 102, 0, 0, 0, 1039, 1247, 0, 0, 2, 2, 1, 0, 1, 0]),
 (16, [1735, 23, 0, 0, 0, 1554, 732, 1, 0, 0, 2, 0, 1, 2, 2]),
 (16, [1782, 46, 0, 0, 1, 1448, 1315, 0, 0, 0, 0, 1, 2, 0, 2]),
 (16, [1991, 66, 1, 0, 1, 1017, 820, 1, 1, 2, 4, 0, 1, 2, 2]),
 (16, [2003, 71, 1, 1, 0, 645, 1086, 1, 1, 1, 4, 0, 1, 0, 2]),
 (17, [1534, 49, 0, 1, 0, 1617, 650, 1, 1, 0, 2, 1, 0, 2, 0]),
 (999, [939, 11, 1, 1, 0, 1302, 1214, 1, 1, 1, 5, 0, 0, 2, 1]),
 (999, [991, 48, 1, 0, 0, 1789, 946, 1, 1, 1, 5, 1, 0, 1, 1]),
 (999, [1052, 78, 0, 0, 1, 1575, 1227, 0, 0, 0, 5, 0, 0, 2, 1]),
 (999, [1288, 116, 1, 0, 1, 1563, 1976, 0, 1, 3, 0, 1, 1, 1, 2]),
 (999, [1310, 15, 1, 1, 0, 1730, 1911, 1, 0, 2, 5, 0, 2, 1, 0]),
 (999, [1536, 94, 0, 0, 1, 969, 1538, 0, 1, 0, 5, 1, 2, 0, 2]),
 (999, [1698, 75, 1, 1, 1, 1064, 550, 1, 1, 3, 1, 0, 2, 0, 1]),
 (999, [1748, 47, 1, 0, 1, 1440, 1041, 0, 1, 3, 2, 1, 2, 0, 2])]
Selected
[(12, [1009, 12, 1, 0, 1, 2046, 1285, 0, 0, 0, 0, 0, 1, 1, 1]),
 (12, [1611, 82, 1, 0, 1, 1873, 828, 1, 0, 2, 0, 0, 0, 2, 0]),
 (16, [1035, 66, 0, 0, 1, 1137, 1089, 1, 1, 1, 1, 0, 2, 2, 1]),
 (12, [1132, 75, 0, 1, 0, 1412, 1806, 1, 0, 2, 3, 0, 0, 2, 1]),
 (12, [1235, 39, 0, 1, 1, 584, 782, 1, 1, 0, 3, 1, 1, 1, 1]),
 (12, [1235, 39, 0, 1, 1, 584, 782, 1, 1, 0, 3, 1, 1, 1, 1]),
 (12, [1041, 91, 0, 1, 0, 1126, 1005, 0, 0, 1, 2, 1, 1, 1, 1]),
 (12, [1154, 72, 1, 1, 1, 768, 832, 0, 0, 1, 4, 1, 0, 2, 1]),
 (12, [1009, 12, 1, 0, 1, 2046, 1285, 0, 0, 0, 0, 0, 1, 1, 1]),
 (12, [1235, 39, 0, 1, 1, 584, 782, 1, 1, 0, 3, 1, 1, 1, 1]),
 (12, [1041, 91, 0, 1, 0, 1126, 1005, 0, 0, 1, 2, 1, 1, 1, 1]),
 (12, [1235, 39, 0, 1, 1, 584, 782, 1, 1, 0, 3, 1, 1, 1, 1]),
 (12, [1041, 91, 0, 1, 0, 1126, 1005, 0, 0, 1, 2, 1, 1, 1, 1]),
 (12, [1154, 72, 1, 1, 1, 768, 832, 0, 0, 1, 4, 1, 0, 2, 1]),
 (12, [1533, 96, 0, 1, 1, 796, 1310, 1, 0, 1, 1, 0, 2, 2, 2]),
 (12, [1154, 72, 1, 1, 1, 768, 832, 0, 0, 1, 4, 1, 0, 2, 1]),
 (12, [1132, 75, 0, 1, 0, 1412, 1806, 1, 0, 2, 3, 0, 0, 2, 1]),
 (12, [1235, 39, 0, 1, 1, 584, 782, 1, 1, 0, 3, 1, 1, 1, 1]),
 (12, [1154, 72, 1, 1, 1, 768, 832, 0, 0, 1, 4, 1, 0, 2, 1]),
 (12, [1235, 39, 0, 1, 1, 584, 782, 1, 1, 0, 3, 1, 1, 1, 1]),
 (12, [1235, 39, 0, 1, 1, 584, 782, 1, 1, 0, 3, 1, 1, 1, 1]),
 (12, [1381, 81, 0, 0, 0, 938, 1047, 0, 1, 2, 4, 0, 0, 0, 0]),
 (12, [1132, 75, 0, 1, 0, 1412, 1806, 1, 0, 2, 3, 0, 0, 2, 1]),
 (16, [749, 49, 0, 0, 0, 1405, 2044, 1, 0, 0, 2, 1, 1, 2, 0]),
 (12, [1041, 91, 0, 1, 0, 1126, 1005, 0, 0, 1, 2, 1, 1, 1, 1]),
 (12, [1009, 12, 1, 0, 1, 2046, 1285, 0, 0, 0, 0, 0, 1, 1, 1]),
 (16, [1251, 99, 0, 0, 1, 888, 1583, 0, 0, 1, 3, 1, 1, 2, 0])]
population
[(999, [1748, 47, 1, 0, 1, 1440, 1041, 0, 1, 3, 2, 1, 2, 0, 2]),
 (999, [1698, 75, 1, 1, 1, 1064, 550, 1, 1, 3, 1, 0, 2, 0, 1]),
 (999, [1536, 94, 0, 0, 1, 969, 1538, 0, 1, 0, 5, 1, 2, 0, 2]),
 (999, [1310, 15, 1, 1, 0, 1730, 1911, 1, 0, 2, 5, 0, 2, 1, 0]),
 (999, [1288, 116, 1, 0, 1, 1563, 1976, 0, 1, 3, 0, 1, 1, 1, 2]),
 (999, [1052, 78, 0, 0, 1, 1575, 1227, 0, 0, 0, 5, 0, 0, 2, 1]),
 (999, [991, 48, 1, 0, 0, 1789, 946, 1, 1, 1, 5, 1, 0, 1, 1]),
 (999, [939, 11, 1, 1, 0, 1302, 1214, 1, 1, 1, 5, 0, 0, 2, 1]),
 (17, [1534, 49, 0, 1, 0, 1617, 650, 1, 1, 0, 2, 1, 0, 2, 0]),
 (16, [2003, 71, 1, 1, 0, 645, 1086, 1, 1, 1, 4, 0, 1, 0, 2]),
 (16, [1991, 66, 1, 0, 1, 1017, 820, 1, 1, 2, 4, 0, 1, 2, 2]),
 (16, [1782, 46, 0, 0, 1, 1448, 1315, 0, 0, 0, 0, 1, 2, 0, 2]),
 (16, [1735, 23, 0, 0, 0, 1554, 732, 1, 0, 0, 2, 0, 1, 2, 2]),
 (16, [1709, 102, 0, 0, 0, 1039, 1247, 0, 0, 2, 2, 1, 0, 1, 0]),
 (16, [1498, 90, 0, 0, 0, 1975, 1318, 0, 1, 1, 1, 0, 0, 0, 0]),
 (16, [1297, 50, 1, 0, 0, 1224, 921, 0, 1, 1, 0, 1, 0, 1, 1]),
 (16, [1251, 99, 0, 0, 1, 888, 1583, 0, 0, 1, 3, 1, 1, 2, 0]),
 (16, [1202, 55, 0, 0, 1, 1832, 1363, 0, 0, 0, 4, 1, 2, 2, 0]),
 (16, [1153, 68, 1, 0, 1, 1250, 1713, 1, 1, 2, 2, 0, 0, 1, 2]),
 (16, [1103, 68, 1, 0, 0, 1508, 529, 0, 0, 1, 1, 0, 2, 1, 1]),
 (16, [1035, 66, 0, 0, 1, 1137, 1089, 1, 1, 1, 1, 0, 2, 2, 1]),
 (16, [749, 49, 0, 0, 0, 1405, 2044, 1, 0, 0, 2, 1, 1, 2, 0]),
 (16, [535, 82, 0, 1, 0, 1369, 1819, 0, 0, 1, 1, 1, 1, 2, 1]),
 (12, [1828, 47, 1, 0, 1, 1286, 1114, 1, 0, 1, 0, 1, 1, 1, 2]),
 (12, [1611, 82, 1, 0, 1, 1873, 828, 1, 0, 2, 0, 0, 0, 2, 0]),
 (12, [1533, 96, 0, 1, 1, 796, 1310, 1, 0, 1, 1, 0, 2, 2, 2]),
 (12, [1381, 81, 0, 0, 0, 938, 1047, 0, 1, 2, 4, 0, 0, 0, 0]),
 (12, [1235, 39, 0, 1, 1, 584, 782, 1, 1, 0, 3, 1, 1, 1, 1]),
 (12, [1154, 72, 1, 1, 1, 768, 832, 0, 0, 1, 4, 1, 0, 2, 1]),
 (12, [1132, 75, 0, 1, 0, 1412, 1806, 1, 0, 2, 3, 0, 0, 2, 1]),
 (12, [1041, 91, 0, 1, 0, 1126, 1005, 0, 0, 1, 2, 1, 1, 1, 1]),
 (12, [1009, 12, 1, 0, 1, 2046, 1285, 0, 0, 0, 0, 0, 1, 1, 1])]
scored
[(12, [1009, 12, 1, 0, 1, 2046, 1285, 0, 0, 0, 0, 0, 1, 1, 1]),
 (12, [1041, 91, 0, 1, 0, 1126, 1005, 0, 0, 1, 2, 1, 1, 1, 1]),
 (12, [1132, 75, 0, 1, 0, 1412, 1806, 1, 0, 2, 3, 0, 0, 2, 1]),
 (12, [1154, 72, 1, 1, 1, 768, 832, 0, 0, 1, 4, 1, 0, 2, 1]),
 (12, [1235, 39, 0, 1, 1, 584, 782, 1, 1, 0, 3, 1, 1, 1, 1]),
 (12, [1381, 81, 0, 0, 0, 938, 1047, 0, 1, 2, 4, 0, 0, 0, 0]),
 (12, [1533, 96, 0, 1, 1, 796, 1310, 1, 0, 1, 1, 0, 2, 2, 2]),
 (12, [1611, 82, 1, 0, 1, 1873, 828, 1, 0, 2, 0, 0, 0, 2, 0]),
 (12, [1828, 47, 1, 0, 1, 1286, 1114, 1, 0, 1, 0, 1, 1, 1, 2]),
 (16, [535, 82, 0, 1, 0, 1369, 1819, 0, 0, 1, 1, 1, 1, 2, 1]),
 (16, [749, 49, 0, 0, 0, 1405, 2044, 1, 0, 0, 2, 1, 1, 2, 0]),
 (16, [1035, 66, 0, 0, 1, 1137, 1089, 1, 1, 1, 1, 0, 2, 2, 1]),
 (16, [1103, 68, 1, 0, 0, 1508, 529, 0, 0, 1, 1, 0, 2, 1, 1]),
 (16, [1153, 68, 1, 0, 1, 1250, 1713, 1, 1, 2, 2, 0, 0, 1, 2]),
 (16, [1202, 55, 0, 0, 1, 1832, 1363, 0, 0, 0, 4, 1, 2, 2, 0]),
 (16, [1251, 99, 0, 0, 1, 888, 1583, 0, 0, 1, 3, 1, 1, 2, 0]),
 (16, [1297, 50, 1, 0, 0, 1224, 921, 0, 1, 1, 0, 1, 0, 1, 1]),
 (16, [1498, 90, 0, 0, 0, 1975, 1318, 0, 1, 1, 1, 0, 0, 0, 0]),
 (16, [1709, 102, 0, 0, 0, 1039, 1247, 0, 0, 2, 2, 1, 0, 1, 0]),
 (16, [1735, 23, 0, 0, 0, 1554, 732, 1, 0, 0, 2, 0, 1, 2, 2]),
 (16, [1782, 46, 0, 0, 1, 1448, 1315, 0, 0, 0, 0, 1, 2, 0, 2]),
 (16, [1991, 66, 1, 0, 1, 1017, 820, 1, 1, 2, 4, 0, 1, 2, 2]),
 (16, [2003, 71, 1, 1, 0, 645, 1086, 1, 1, 1, 4, 0, 1, 0, 2]),
 (17, [1534, 49, 0, 1, 0, 1617, 650, 1, 1, 0, 2, 1, 0, 2, 0]),
 (999, [939, 11, 1, 1, 0, 1302, 1214, 1, 1, 1, 5, 0, 0, 2, 1]),
 (999, [991, 48, 1, 0, 0, 1789, 946, 1, 1, 1, 5, 1, 0, 1, 1]),
 (999, [1052, 78, 0, 0, 1, 1575, 1227, 0, 0, 0, 5, 0, 0, 2, 1]),
 (999, [1288, 116, 1, 0, 1, 1563, 1976, 0, 1, 3, 0, 1, 1, 1, 2]),
 (999, [1310, 15, 1, 1, 0, 1730, 1911, 1, 0, 2, 5, 0, 2, 1, 0]),
 (999, [1536, 94, 0, 0, 1, 969, 1538, 0, 1, 0, 5, 1, 2, 0, 2]),
 (999, [1698, 75, 1, 1, 1, 1064, 550, 1, 1, 3, 1, 0, 2, 0, 1]),
 (999, [1748, 47, 1, 0, 1, 1440, 1041, 0, 1, 3, 2, 1, 2, 0, 2])]
Selected
[(12, [1235, 39, 0, 1, 1, 584, 782, 1, 1, 0, 3, 1, 1, 1, 1]),
 (12, [1009, 12, 1, 0, 1, 2046, 1285, 0, 0, 0, 0, 0, 1, 1, 1]),
 (17, [1534, 49, 0, 1, 0, 1617, 650, 1, 1, 0, 2, 1, 0, 2, 0]),
 (12, [1132, 75, 0, 1, 0, 1412, 1806, 1, 0, 2, 3, 0, 0, 2, 1]),
 (12, [1132, 75, 0, 1, 0, 1412, 1806, 1, 0, 2, 3, 0, 0, 2, 1]),
 (16, [1103, 68, 1, 0, 0, 1508, 529, 0, 0, 1, 1, 0, 2, 1, 1]),
 (12, [1154, 72, 1, 1, 1, 768, 832, 0, 0, 1, 4, 1, 0, 2, 1]),
 (12, [1009, 12, 1, 0, 1, 2046, 1285, 0, 0, 0, 0, 0, 1, 1, 1]),
 (12, [1041, 91, 0, 1, 0, 1126, 1005, 0, 0, 1, 2, 1, 1, 1, 1]),
 (12, [1381, 81, 0, 0, 0, 938, 1047, 0, 1, 2, 4, 0, 0, 0, 0]),
 (12, [1154, 72, 1, 1, 1, 768, 832, 0, 0, 1, 4, 1, 0, 2, 1]),
 (12, [1041, 91, 0, 1, 0, 1126, 1005, 0, 0, 1, 2, 1, 1, 1, 1]),
 (16, [1153, 68, 1, 0, 1, 1250, 1713, 1, 1, 2, 2, 0, 0, 1, 2]),
 (12, [1235, 39, 0, 1, 1, 584, 782, 1, 1, 0, 3, 1, 1, 1, 1]),
 (12, [1533, 96, 0, 1, 1, 796, 1310, 1, 0, 1, 1, 0, 2, 2, 2]),
 (16, [535, 82, 0, 1, 0, 1369, 1819, 0, 0, 1, 1, 1, 1, 2, 1]),
 (12, [1009, 12, 1, 0, 1, 2046, 1285, 0, 0, 0, 0, 0, 1, 1, 1]),
 (12, [1041, 91, 0, 1, 0, 1126, 1005, 0, 0, 1, 2, 1, 1, 1, 1]),
 (12, [1041, 91, 0, 1, 0, 1126, 1005, 0, 0, 1, 2, 1, 1, 1, 1]),
 (12, [1533, 96, 0, 1, 1, 796, 1310, 1, 0, 1, 1, 0, 2, 2, 2]),
 (16, [1035, 66, 0, 0, 1, 1137, 1089, 1, 1, 1, 1, 0, 2, 2, 1]),
 (12, [1235, 39, 0, 1, 1, 584, 782, 1, 1, 0, 3, 1, 1, 1, 1]),
 (16, [1735, 23, 0, 0, 0, 1554, 732, 1, 0, 0, 2, 0, 1, 2, 2]),
 (12, [1041, 91, 0, 1, 0, 1126, 1005, 0, 0, 1, 2, 1, 1, 1, 1]),
 (16, [1202, 55, 0, 0, 1, 1832, 1363, 0, 0, 0, 4, 1, 2, 2, 0]),
 (12, [1132, 75, 0, 1, 0, 1412, 1806, 1, 0, 2, 3, 0, 0, 2, 1]),
 (12, [1041, 91, 0, 1, 0, 1126, 1005, 0, 0, 1, 2, 1, 1, 1, 1])]
population
[(999, [1748, 47, 1, 0, 1, 1440, 1041, 0, 1, 3, 2, 1, 2, 0, 2]),
 (999, [1698, 75, 1, 1, 1, 1064, 550, 1, 1, 3, 1, 0, 2, 0, 1]),
 (999, [1536, 94, 0, 0, 1, 969, 1538, 0, 1, 0, 5, 1, 2, 0, 2]),
 (999, [1310, 15, 1, 1, 0, 1730, 1911, 1, 0, 2, 5, 0, 2, 1, 0]),
 (999, [1288, 116, 1, 0, 1, 1563, 1976, 0, 1, 3, 0, 1, 1, 1, 2]),
 (999, [1052, 78, 0, 0, 1, 1575, 1227, 0, 0, 0, 5, 0, 0, 2, 1]),
 (999, [991, 48, 1, 0, 0, 1789, 946, 1, 1, 1, 5, 1, 0, 1, 1]),
 (999, [939, 11, 1, 1, 0, 1302, 1214, 1, 1, 1, 5, 0, 0, 2, 1]),
 (17, [1534, 49, 0, 1, 0, 1617, 650, 1, 1, 0, 2, 1, 0, 2, 0]),
 (16, [2003, 71, 1, 1, 0, 645, 1086, 1, 1, 1, 4, 0, 1, 0, 2]),
 (16, [1991, 66, 1, 0, 1, 1017, 820, 1, 1, 2, 4, 0, 1, 2, 2]),
 (16, [1782, 46, 0, 0, 1, 1448, 1315, 0, 0, 0, 0, 1, 2, 0, 2]),
 (16, [1735, 23, 0, 0, 0, 1554, 732, 1, 0, 0, 2, 0, 1, 2, 2]),
 (16, [1709, 102, 0, 0, 0, 1039, 1247, 0, 0, 2, 2, 1, 0, 1, 0]),
 (16, [1498, 90, 0, 0, 0, 1975, 1318, 0, 1, 1, 1, 0, 0, 0, 0]),
 (16, [1297, 50, 1, 0, 0, 1224, 921, 0, 1, 1, 0, 1, 0, 1, 1]),
 (16, [1251, 99, 0, 0, 1, 888, 1583, 0, 0, 1, 3, 1, 1, 2, 0]),
 (16, [1202, 55, 0, 0, 1, 1832, 1363, 0, 0, 0, 4, 1, 2, 2, 0]),
 (16, [1153, 68, 1, 0, 1, 1250, 1713, 1, 1, 2, 2, 0, 0, 1, 2]),
 (16, [1103, 68, 1, 0, 0, 1508, 529, 0, 0, 1, 1, 0, 2, 1, 1]),
 (16, [1035, 66, 0, 0, 1, 1137, 1089, 1, 1, 1, 1, 0, 2, 2, 1]),
 (16, [749, 49, 0, 0, 0, 1405, 2044, 1, 0, 0, 2, 1, 1, 2, 0]),
 (16, [535, 82, 0, 1, 0, 1369, 1819, 0, 0, 1, 1, 1, 1, 2, 1]),
 (12, [1828, 47, 1, 0, 1, 1286, 1114, 1, 0, 1, 0, 1, 1, 1, 2]),
 (12, [1611, 82, 1, 0, 1, 1873, 828, 1, 0, 2, 0, 0, 0, 2, 0]),
 (12, [1533, 96, 0, 1, 1, 796, 1310, 1, 0, 1, 1, 0, 2, 2, 2]),
 (12, [1381, 81, 0, 0, 0, 938, 1047, 0, 1, 2, 4, 0, 0, 0, 0]),
 (12, [1235, 39, 0, 1, 1, 584, 782, 1, 1, 0, 3, 1, 1, 1, 1]),
 (12, [1154, 72, 1, 1, 1, 768, 832, 0, 0, 1, 4, 1, 0, 2, 1]),
 (12, [1132, 75, 0, 1, 0, 1412, 1806, 1, 0, 2, 3, 0, 0, 2, 1]),
 (12, [1041, 91, 0, 1, 0, 1126, 1005, 0, 0, 1, 2, 1, 1, 1, 1]),
 (12, [1009, 12, 1, 0, 1, 2046, 1285, 0, 0, 0, 0, 0, 1, 1, 1])]
scored
[(12, [1009, 12, 1, 0, 1, 2046, 1285, 0, 0, 0, 0, 0, 1, 1, 1]),
 (12, [1041, 91, 0, 1, 0, 1126, 1005, 0, 0, 1, 2, 1, 1, 1, 1]),
 (12, [1132, 75, 0, 1, 0, 1412, 1806, 1, 0, 2, 3, 0, 0, 2, 1]),
 (12, [1154, 72, 1, 1, 1, 768, 832, 0, 0, 1, 4, 1, 0, 2, 1]),
 (12, [1235, 39, 0, 1, 1, 584, 782, 1, 1, 0, 3, 1, 1, 1, 1]),
 (12, [1381, 81, 0, 0, 0, 938, 1047, 0, 1, 2, 4, 0, 0, 0, 0]),
 (12, [1533, 96, 0, 1, 1, 796, 1310, 1, 0, 1, 1, 0, 2, 2, 2]),
 (12, [1611, 82, 1, 0, 1, 1873, 828, 1, 0, 2, 0, 0, 0, 2, 0]),
 (12, [1828, 47, 1, 0, 1, 1286, 1114, 1, 0, 1, 0, 1, 1, 1, 2]),
 (16, [535, 82, 0, 1, 0, 1369, 1819, 0, 0, 1, 1, 1, 1, 2, 1]),
 (16, [749, 49, 0, 0, 0, 1405, 2044, 1, 0, 0, 2, 1, 1, 2, 0]),
 (16, [1035, 66, 0, 0, 1, 1137, 1089, 1, 1, 1, 1, 0, 2, 2, 1]),
 (16, [1103, 68, 1, 0, 0, 1508, 529, 0, 0, 1, 1, 0, 2, 1, 1]),
 (16, [1153, 68, 1, 0, 1, 1250, 1713, 1, 1, 2, 2, 0, 0, 1, 2]),
 (16, [1202, 55, 0, 0, 1, 1832, 1363, 0, 0, 0, 4, 1, 2, 2, 0]),
 (16, [1251, 99, 0, 0, 1, 888, 1583, 0, 0, 1, 3, 1, 1, 2, 0]),
 (16, [1297, 50, 1, 0, 0, 1224, 921, 0, 1, 1, 0, 1, 0, 1, 1]),
 (16, [1498, 90, 0, 0, 0, 1975, 1318, 0, 1, 1, 1, 0, 0, 0, 0]),
 (16, [1709, 102, 0, 0, 0, 1039, 1247, 0, 0, 2, 2, 1, 0, 1, 0]),
 (16, [1735, 23, 0, 0, 0, 1554, 732, 1, 0, 0, 2, 0, 1, 2, 2]),
 (16, [1782, 46, 0, 0, 1, 1448, 1315, 0, 0, 0, 0, 1, 2, 0, 2]),
 (16, [1991, 66, 1, 0, 1, 1017, 820, 1, 1, 2, 4, 0, 1, 2, 2]),
 (16, [2003, 71, 1, 1, 0, 645, 1086, 1, 1, 1, 4, 0, 1, 0, 2]),
 (17, [1534, 49, 0, 1, 0, 1617, 650, 1, 1, 0, 2, 1, 0, 2, 0]),
 (999, [939, 11, 1, 1, 0, 1302, 1214, 1, 1, 1, 5, 0, 0, 2, 1]),
 (999, [991, 48, 1, 0, 0, 1789, 946, 1, 1, 1, 5, 1, 0, 1, 1]),
 (999, [1052, 78, 0, 0, 1, 1575, 1227, 0, 0, 0, 5, 0, 0, 2, 1]),
 (999, [1288, 116, 1, 0, 1, 1563, 1976, 0, 1, 3, 0, 1, 1, 1, 2]),
 (999, [1310, 15, 1, 1, 0, 1730, 1911, 1, 0, 2, 5, 0, 2, 1, 0]),
 (999, [1536, 94, 0, 0, 1, 969, 1538, 0, 1, 0, 5, 1, 2, 0, 2]),
 (999, [1698, 75, 1, 1, 1, 1064, 550, 1, 1, 3, 1, 0, 2, 0, 1]),
 (999, [1748, 47, 1, 0, 1, 1440, 1041, 0, 1, 3, 2, 1, 2, 0, 2])]
Selected
[(12, [1009, 12, 1, 0, 1, 2046, 1285, 0, 0, 0, 0, 0, 1, 1, 1]),
 (12, [1381, 81, 0, 0, 0, 938, 1047, 0, 1, 2, 4, 0, 0, 0, 0]),
 (12, [1611, 82, 1, 0, 1, 1873, 828, 1, 0, 2, 0, 0, 0, 2, 0]),
 (12, [1154, 72, 1, 1, 1, 768, 832, 0, 0, 1, 4, 1, 0, 2, 1]),
 (12, [1009, 12, 1, 0, 1, 2046, 1285, 0, 0, 0, 0, 0, 1, 1, 1]),
 (12, [1611, 82, 1, 0, 1, 1873, 828, 1, 0, 2, 0, 0, 0, 2, 0]),
 (16, [1035, 66, 0, 0, 1, 1137, 1089, 1, 1, 1, 1, 0, 2, 2, 1]),
 (12, [1132, 75, 0, 1, 0, 1412, 1806, 1, 0, 2, 3, 0, 0, 2, 1]),
 (16, [1202, 55, 0, 0, 1, 1832, 1363, 0, 0, 0, 4, 1, 2, 2, 0]),
 (12, [1132, 75, 0, 1, 0, 1412, 1806, 1, 0, 2, 3, 0, 0, 2, 1]),
 (16, [1153, 68, 1, 0, 1, 1250, 1713, 1, 1, 2, 2, 0, 0, 1, 2]),
 (12, [1041, 91, 0, 1, 0, 1126, 1005, 0, 0, 1, 2, 1, 1, 1, 1]),
 (12, [1009, 12, 1, 0, 1, 2046, 1285, 0, 0, 0, 0, 0, 1, 1, 1]),
 (12, [1533, 96, 0, 1, 1, 796, 1310, 1, 0, 1, 1, 0, 2, 2, 2]),
 (12, [1235, 39, 0, 1, 1, 584, 782, 1, 1, 0, 3, 1, 1, 1, 1]),
 (16, [1103, 68, 1, 0, 0, 1508, 529, 0, 0, 1, 1, 0, 2, 1, 1]),
 (16, [1202, 55, 0, 0, 1, 1832, 1363, 0, 0, 0, 4, 1, 2, 2, 0]),
 (12, [1041, 91, 0, 1, 0, 1126, 1005, 0, 0, 1, 2, 1, 1, 1, 1]),
 (12, [1533, 96, 0, 1, 1, 796, 1310, 1, 0, 1, 1, 0, 2, 2, 2]),
 (16, [749, 49, 0, 0, 0, 1405, 2044, 1, 0, 0, 2, 1, 1, 2, 0]),
 (12, [1611, 82, 1, 0, 1, 1873, 828, 1, 0, 2, 0, 0, 0, 2, 0]),
 (12, [1533, 96, 0, 1, 1, 796, 1310, 1, 0, 1, 1, 0, 2, 2, 2]),
 (12, [1009, 12, 1, 0, 1, 2046, 1285, 0, 0, 0, 0, 0, 1, 1, 1]),
 (16, [1153, 68, 1, 0, 1, 1250, 1713, 1, 1, 2, 2, 0, 0, 1, 2]),
 (12, [1041, 91, 0, 1, 0, 1126, 1005, 0, 0, 1, 2, 1, 1, 1, 1]),
 (12, [1235, 39, 0, 1, 1, 584, 782, 1, 1, 0, 3, 1, 1, 1, 1]),
 (12, [1132, 75, 0, 1, 0, 1412, 1806, 1, 0, 2, 3, 0, 0, 2, 1])]
population
[(999, [1748, 47, 1, 0, 1, 1440, 1041, 0, 1, 3, 2, 1, 2, 0, 2]),
 (999, [1698, 75, 1, 1, 1, 1064, 550, 1, 1, 3, 1, 0, 2, 0, 1]),
 (999, [1536, 94, 0, 0, 1, 969, 1538, 0, 1, 0, 5, 1, 2, 0, 2]),
 (999, [1310, 15, 1, 1, 0, 1730, 1911, 1, 0, 2, 5, 0, 2, 1, 0]),
 (999, [1288, 116, 1, 0, 1, 1563, 1976, 0, 1, 3, 0, 1, 1, 1, 2]),
 (999, [1052, 78, 0, 0, 1, 1575, 1227, 0, 0, 0, 5, 0, 0, 2, 1]),
 (999, [991, 48, 1, 0, 0, 1789, 946, 1, 1, 1, 5, 1, 0, 1, 1]),
 (999, [939, 11, 1, 1, 0, 1302, 1214, 1, 1, 1, 5, 0, 0, 2, 1]),
 (17, [1534, 49, 0, 1, 0, 1617, 650, 1, 1, 0, 2, 1, 0, 2, 0]),
 (16, [2003, 71, 1, 1, 0, 645, 1086, 1, 1, 1, 4, 0, 1, 0, 2]),
 (16, [1991, 66, 1, 0, 1, 1017, 820, 1, 1, 2, 4, 0, 1, 2, 2]),
 (16, [1782, 46, 0, 0, 1, 1448, 1315, 0, 0, 0, 0, 1, 2, 0, 2]),
 (16, [1735, 23, 0, 0, 0, 1554, 732, 1, 0, 0, 2, 0, 1, 2, 2]),
 (16, [1709, 102, 0, 0, 0, 1039, 1247, 0, 0, 2, 2, 1, 0, 1, 0]),
 (16, [1498, 90, 0, 0, 0, 1975, 1318, 0, 1, 1, 1, 0, 0, 0, 0]),
 (16, [1297, 50, 1, 0, 0, 1224, 921, 0, 1, 1, 0, 1, 0, 1, 1]),
 (16, [1251, 99, 0, 0, 1, 888, 1583, 0, 0, 1, 3, 1, 1, 2, 0]),
 (16, [1202, 55, 0, 0, 1, 1832, 1363, 0, 0, 0, 4, 1, 2, 2, 0]),
 (16, [1153, 68, 1, 0, 1, 1250, 1713, 1, 1, 2, 2, 0, 0, 1, 2]),
 (16, [1103, 68, 1, 0, 0, 1508, 529, 0, 0, 1, 1, 0, 2, 1, 1]),
 (16, [1035, 66, 0, 0, 1, 1137, 1089, 1, 1, 1, 1, 0, 2, 2, 1]),
 (16, [749, 49, 0, 0, 0, 1405, 2044, 1, 0, 0, 2, 1, 1, 2, 0]),
 (16, [535, 82, 0, 1, 0, 1369, 1819, 0, 0, 1, 1, 1, 1, 2, 1]),
 (12, [1828, 47, 1, 0, 1, 1286, 1114, 1, 0, 1, 0, 1, 1, 1, 2]),
 (12, [1611, 82, 1, 0, 1, 1873, 828, 1, 0, 2, 0, 0, 0, 2, 0]),
 (12, [1533, 96, 0, 1, 1, 796, 1310, 1, 0, 1, 1, 0, 2, 2, 2]),
 (12, [1381, 81, 0, 0, 0, 938, 1047, 0, 1, 2, 4, 0, 0, 0, 0]),
 (12, [1235, 39, 0, 1, 1, 584, 782, 1, 1, 0, 3, 1, 1, 1, 1]),
 (12, [1154, 72, 1, 1, 1, 768, 832, 0, 0, 1, 4, 1, 0, 2, 1]),
 (12, [1132, 75, 0, 1, 0, 1412, 1806, 1, 0, 2, 3, 0, 0, 2, 1]),
 (12, [1041, 91, 0, 1, 0, 1126, 1005, 0, 0, 1, 2, 1, 1, 1, 1]),
 (12, [1009, 12, 1, 0, 1, 2046, 1285, 0, 0, 0, 0, 0, 1, 1, 1])]
scored
[(12, [1009, 12, 1, 0, 1, 2046, 1285, 0, 0, 0, 0, 0, 1, 1, 1]),
 (12, [1041, 91, 0, 1, 0, 1126, 1005, 0, 0, 1, 2, 1, 1, 1, 1]),
 (12, [1132, 75, 0, 1, 0, 1412, 1806, 1, 0, 2, 3, 0, 0, 2, 1]),
 (12, [1154, 72, 1, 1, 1, 768, 832, 0, 0, 1, 4, 1, 0, 2, 1]),
 (12, [1235, 39, 0, 1, 1, 584, 782, 1, 1, 0, 3, 1, 1, 1, 1]),
 (12, [1381, 81, 0, 0, 0, 938, 1047, 0, 1, 2, 4, 0, 0, 0, 0]),
 (12, [1533, 96, 0, 1, 1, 796, 1310, 1, 0, 1, 1, 0, 2, 2, 2]),
 (12, [1611, 82, 1, 0, 1, 1873, 828, 1, 0, 2, 0, 0, 0, 2, 0]),
 (12, [1828, 47, 1, 0, 1, 1286, 1114, 1, 0, 1, 0, 1, 1, 1, 2]),
 (16, [535, 82, 0, 1, 0, 1369, 1819, 0, 0, 1, 1, 1, 1, 2, 1]),
 (16, [749, 49, 0, 0, 0, 1405, 2044, 1, 0, 0, 2, 1, 1, 2, 0]),
 (16, [1035, 66, 0, 0, 1, 1137, 1089, 1, 1, 1, 1, 0, 2, 2, 1]),
 (16, [1103, 68, 1, 0, 0, 1508, 529, 0, 0, 1, 1, 0, 2, 1, 1]),
 (16, [1153, 68, 1, 0, 1, 1250, 1713, 1, 1, 2, 2, 0, 0, 1, 2]),
 (16, [1202, 55, 0, 0, 1, 1832, 1363, 0, 0, 0, 4, 1, 2, 2, 0]),
 (16, [1251, 99, 0, 0, 1, 888, 1583, 0, 0, 1, 3, 1, 1, 2, 0]),
 (16, [1297, 50, 1, 0, 0, 1224, 921, 0, 1, 1, 0, 1, 0, 1, 1]),
 (16, [1498, 90, 0, 0, 0, 1975, 1318, 0, 1, 1, 1, 0, 0, 0, 0]),
 (16, [1709, 102, 0, 0, 0, 1039, 1247, 0, 0, 2, 2, 1, 0, 1, 0]),
 (16, [1735, 23, 0, 0, 0, 1554, 732, 1, 0, 0, 2, 0, 1, 2, 2]),
 (16, [1782, 46, 0, 0, 1, 1448, 1315, 0, 0, 0, 0, 1, 2, 0, 2]),
 (16, [1991, 66, 1, 0, 1, 1017, 820, 1, 1, 2, 4, 0, 1, 2, 2]),
 (16, [2003, 71, 1, 1, 0, 645, 1086, 1, 1, 1, 4, 0, 1, 0, 2]),
 (17, [1534, 49, 0, 1, 0, 1617, 650, 1, 1, 0, 2, 1, 0, 2, 0]),
 (999, [939, 11, 1, 1, 0, 1302, 1214, 1, 1, 1, 5, 0, 0, 2, 1]),
 (999, [991, 48, 1, 0, 0, 1789, 946, 1, 1, 1, 5, 1, 0, 1, 1]),
 (999, [1052, 78, 0, 0, 1, 1575, 1227, 0, 0, 0, 5, 0, 0, 2, 1]),
 (999, [1288, 116, 1, 0, 1, 1563, 1976, 0, 1, 3, 0, 1, 1, 1, 2]),
 (999, [1310, 15, 1, 1, 0, 1730, 1911, 1, 0, 2, 5, 0, 2, 1, 0]),
 (999, [1536, 94, 0, 0, 1, 969, 1538, 0, 1, 0, 5, 1, 2, 0, 2]),
 (999, [1698, 75, 1, 1, 1, 1064, 550, 1, 1, 3, 1, 0, 2, 0, 1]),
 (999, [1748, 47, 1, 0, 1, 1440, 1041, 0, 1, 3, 2, 1, 2, 0, 2])]
Selected
[(12, [1828, 47, 1, 0, 1, 1286, 1114, 1, 0, 1, 0, 1, 1, 1, 2]),
 (12, [1533, 96, 0, 1, 1, 796, 1310, 1, 0, 1, 1, 0, 2, 2, 2]),
 (12, [1235, 39, 0, 1, 1, 584, 782, 1, 1, 0, 3, 1, 1, 1, 1]),
 (12, [1235, 39, 0, 1, 1, 584, 782, 1, 1, 0, 3, 1, 1, 1, 1]),
 (12, [1154, 72, 1, 1, 1, 768, 832, 0, 0, 1, 4, 1, 0, 2, 1]),
 (16, [1251, 99, 0, 0, 1, 888, 1583, 0, 0, 1, 3, 1, 1, 2, 0]),
 (12, [1009, 12, 1, 0, 1, 2046, 1285, 0, 0, 0, 0, 0, 1, 1, 1]),
 (12, [1828, 47, 1, 0, 1, 1286, 1114, 1, 0, 1, 0, 1, 1, 1, 2]),
 (12, [1154, 72, 1, 1, 1, 768, 832, 0, 0, 1, 4, 1, 0, 2, 1]),
 (12, [1009, 12, 1, 0, 1, 2046, 1285, 0, 0, 0, 0, 0, 1, 1, 1]),
 (12, [1154, 72, 1, 1, 1, 768, 832, 0, 0, 1, 4, 1, 0, 2, 1]),
 (12, [1041, 91, 0, 1, 0, 1126, 1005, 0, 0, 1, 2, 1, 1, 1, 1]),
 (16, [1202, 55, 0, 0, 1, 1832, 1363, 0, 0, 0, 4, 1, 2, 2, 0]),
 (12, [1154, 72, 1, 1, 1, 768, 832, 0, 0, 1, 4, 1, 0, 2, 1]),
 (16, [535, 82, 0, 1, 0, 1369, 1819, 0, 0, 1, 1, 1, 1, 2, 1]),
 (12, [1235, 39, 0, 1, 1, 584, 782, 1, 1, 0, 3, 1, 1, 1, 1]),
 (12, [1009, 12, 1, 0, 1, 2046, 1285, 0, 0, 0, 0, 0, 1, 1, 1]),
 (12, [1611, 82, 1, 0, 1, 1873, 828, 1, 0, 2, 0, 0, 0, 2, 0]),
 (12, [1041, 91, 0, 1, 0, 1126, 1005, 0, 0, 1, 2, 1, 1, 1, 1]),
 (12, [1381, 81, 0, 0, 0, 938, 1047, 0, 1, 2, 4, 0, 0, 0, 0]),
 (12, [1154, 72, 1, 1, 1, 768, 832, 0, 0, 1, 4, 1, 0, 2, 1]),
 (12, [1533, 96, 0, 1, 1, 796, 1310, 1, 0, 1, 1, 0, 2, 2, 2]),
 (12, [1132, 75, 0, 1, 0, 1412, 1806, 1, 0, 2, 3, 0, 0, 2, 1]),
 (12, [1235, 39, 0, 1, 1, 584, 782, 1, 1, 0, 3, 1, 1, 1, 1]),
 (12, [1611, 82, 1, 0, 1, 1873, 828, 1, 0, 2, 0, 0, 0, 2, 0]),
 (12, [1154, 72, 1, 1, 1, 768, 832, 0, 0, 1, 4, 1, 0, 2, 1]),
 (12, [1381, 81, 0, 0, 0, 938, 1047, 0, 1, 2, 4, 0, 0, 0, 0])]
population
[(999, [1748, 47, 1, 0, 1, 1440, 1041, 0, 1, 3, 2, 1, 2, 0, 2]),
 (999, [1698, 75, 1, 1, 1, 1064, 550, 1, 1, 3, 1, 0, 2, 0, 1]),
 (999, [1536, 94, 0, 0, 1, 969, 1538, 0, 1, 0, 5, 1, 2, 0, 2]),
 (999, [1310, 15, 1, 1, 0, 1730, 1911, 1, 0, 2, 5, 0, 2, 1, 0]),
 (999, [1288, 116, 1, 0, 1, 1563, 1976, 0, 1, 3, 0, 1, 1, 1, 2]),
 (999, [1052, 78, 0, 0, 1, 1575, 1227, 0, 0, 0, 5, 0, 0, 2, 1]),
 (999, [991, 48, 1, 0, 0, 1789, 946, 1, 1, 1, 5, 1, 0, 1, 1]),
 (999, [939, 11, 1, 1, 0, 1302, 1214, 1, 1, 1, 5, 0, 0, 2, 1]),
 (17, [1534, 49, 0, 1, 0, 1617, 650, 1, 1, 0, 2, 1, 0, 2, 0]),
 (16, [2003, 71, 1, 1, 0, 645, 1086, 1, 1, 1, 4, 0, 1, 0, 2]),
 (16, [1991, 66, 1, 0, 1, 1017, 820, 1, 1, 2, 4, 0, 1, 2, 2]),
 (16, [1782, 46, 0, 0, 1, 1448, 1315, 0, 0, 0, 0, 1, 2, 0, 2]),
 (16, [1735, 23, 0, 0, 0, 1554, 732, 1, 0, 0, 2, 0, 1, 2, 2]),
 (16, [1709, 102, 0, 0, 0, 1039, 1247, 0, 0, 2, 2, 1, 0, 1, 0]),
 (16, [1498, 90, 0, 0, 0, 1975, 1318, 0, 1, 1, 1, 0, 0, 0, 0]),
 (16, [1297, 50, 1, 0, 0, 1224, 921, 0, 1, 1, 0, 1, 0, 1, 1]),
 (16, [1251, 99, 0, 0, 1, 888, 1583, 0, 0, 1, 3, 1, 1, 2, 0]),
 (16, [1202, 55, 0, 0, 1, 1832, 1363, 0, 0, 0, 4, 1, 2, 2, 0]),
 (16, [1153, 68, 1, 0, 1, 1250, 1713, 1, 1, 2, 2, 0, 0, 1, 2]),
 (16, [1103, 68, 1, 0, 0, 1508, 529, 0, 0, 1, 1, 0, 2, 1, 1]),
 (16, [1035, 66, 0, 0, 1, 1137, 1089, 1, 1, 1, 1, 0, 2, 2, 1]),
 (16, [749, 49, 0, 0, 0, 1405, 2044, 1, 0, 0, 2, 1, 1, 2, 0]),
 (16, [535, 82, 0, 1, 0, 1369, 1819, 0, 0, 1, 1, 1, 1, 2, 1]),
 (12, [1828, 47, 1, 0, 1, 1286, 1114, 1, 0, 1, 0, 1, 1, 1, 2]),
 (12, [1611, 82, 1, 0, 1, 1873, 828, 1, 0, 2, 0, 0, 0, 2, 0]),
 (12, [1533, 96, 0, 1, 1, 796, 1310, 1, 0, 1, 1, 0, 2, 2, 2]),
 (12, [1381, 81, 0, 0, 0, 938, 1047, 0, 1, 2, 4, 0, 0, 0, 0]),
 (12, [1235, 39, 0, 1, 1, 584, 782, 1, 1, 0, 3, 1, 1, 1, 1]),
 (12, [1154, 72, 1, 1, 1, 768, 832, 0, 0, 1, 4, 1, 0, 2, 1]),
 (12, [1132, 75, 0, 1, 0, 1412, 1806, 1, 0, 2, 3, 0, 0, 2, 1]),
 (12, [1041, 91, 0, 1, 0, 1126, 1005, 0, 0, 1, 2, 1, 1, 1, 1]),
 (12, [1009, 12, 1, 0, 1, 2046, 1285, 0, 0, 0, 0, 0, 1, 1, 1])]
scored
[(12, [1009, 12, 1, 0, 1, 2046, 1285, 0, 0, 0, 0, 0, 1, 1, 1]),
 (12, [1041, 91, 0, 1, 0, 1126, 1005, 0, 0, 1, 2, 1, 1, 1, 1]),
 (12, [1132, 75, 0, 1, 0, 1412, 1806, 1, 0, 2, 3, 0, 0, 2, 1]),
 (12, [1154, 72, 1, 1, 1, 768, 832, 0, 0, 1, 4, 1, 0, 2, 1]),
 (12, [1235, 39, 0, 1, 1, 584, 782, 1, 1, 0, 3, 1, 1, 1, 1]),
 (12, [1381, 81, 0, 0, 0, 938, 1047, 0, 1, 2, 4, 0, 0, 0, 0]),
 (12, [1533, 96, 0, 1, 1, 796, 1310, 1, 0, 1, 1, 0, 2, 2, 2]),
 (12, [1611, 82, 1, 0, 1, 1873, 828, 1, 0, 2, 0, 0, 0, 2, 0]),
 (12, [1828, 47, 1, 0, 1, 1286, 1114, 1, 0, 1, 0, 1, 1, 1, 2]),
 (16, [535, 82, 0, 1, 0, 1369, 1819, 0, 0, 1, 1, 1, 1, 2, 1]),
 (16, [749, 49, 0, 0, 0, 1405, 2044, 1, 0, 0, 2, 1, 1, 2, 0]),
 (16, [1035, 66, 0, 0, 1, 1137, 1089, 1, 1, 1, 1, 0, 2, 2, 1]),
 (16, [1103, 68, 1, 0, 0, 1508, 529, 0, 0, 1, 1, 0, 2, 1, 1]),
 (16, [1153, 68, 1, 0, 1, 1250, 1713, 1, 1, 2, 2, 0, 0, 1, 2]),
 (16, [1202, 55, 0, 0, 1, 1832, 1363, 0, 0, 0, 4, 1, 2, 2, 0]),
 (16, [1251, 99, 0, 0, 1, 888, 1583, 0, 0, 1, 3, 1, 1, 2, 0]),
 (16, [1297, 50, 1, 0, 0, 1224, 921, 0, 1, 1, 0, 1, 0, 1, 1]),
 (16, [1498, 90, 0, 0, 0, 1975, 1318, 0, 1, 1, 1, 0, 0, 0, 0]),
 (16, [1709, 102, 0, 0, 0, 1039, 1247, 0, 0, 2, 2, 1, 0, 1, 0]),
 (16, [1735, 23, 0, 0, 0, 1554, 732, 1, 0, 0, 2, 0, 1, 2, 2]),
 (16, [1782, 46, 0, 0, 1, 1448, 1315, 0, 0, 0, 0, 1, 2, 0, 2]),
 (16, [1991, 66, 1, 0, 1, 1017, 820, 1, 1, 2, 4, 0, 1, 2, 2]),
 (16, [2003, 71, 1, 1, 0, 645, 1086, 1, 1, 1, 4, 0, 1, 0, 2]),
 (17, [1534, 49, 0, 1, 0, 1617, 650, 1, 1, 0, 2, 1, 0, 2, 0]),
 (999, [939, 11, 1, 1, 0, 1302, 1214, 1, 1, 1, 5, 0, 0, 2, 1]),
 (999, [991, 48, 1, 0, 0, 1789, 946, 1, 1, 1, 5, 1, 0, 1, 1]),
 (999, [1052, 78, 0, 0, 1, 1575, 1227, 0, 0, 0, 5, 0, 0, 2, 1]),
 (999, [1288, 116, 1, 0, 1, 1563, 1976, 0, 1, 3, 0, 1, 1, 1, 2]),
 (999, [1310, 15, 1, 1, 0, 1730, 1911, 1, 0, 2, 5, 0, 2, 1, 0]),
 (999, [1536, 94, 0, 0, 1, 969, 1538, 0, 1, 0, 5, 1, 2, 0, 2]),
 (999, [1698, 75, 1, 1, 1, 1064, 550, 1, 1, 3, 1, 0, 2, 0, 1]),
 (999, [1748, 47, 1, 0, 1, 1440, 1041, 0, 1, 3, 2, 1, 2, 0, 2])]
Selected
[(16, [749, 49, 0, 0, 0, 1405, 2044, 1, 0, 0, 2, 1, 1, 2, 0]),
 (16, [1498, 90, 0, 0, 0, 1975, 1318, 0, 1, 1, 1, 0, 0, 0, 0]),
 (12, [1009, 12, 1, 0, 1, 2046, 1285, 0, 0, 0, 0, 0, 1, 1, 1]),
 (12, [1828, 47, 1, 0, 1, 1286, 1114, 1, 0, 1, 0, 1, 1, 1, 2]),
 (12, [1533, 96, 0, 1, 1, 796, 1310, 1, 0, 1, 1, 0, 2, 2, 2]),
 (16, [1103, 68, 1, 0, 0, 1508, 529, 0, 0, 1, 1, 0, 2, 1, 1]),
 (12, [1009, 12, 1, 0, 1, 2046, 1285, 0, 0, 0, 0, 0, 1, 1, 1]),
 (12, [1132, 75, 0, 1, 0, 1412, 1806, 1, 0, 2, 3, 0, 0, 2, 1]),
 (12, [1154, 72, 1, 1, 1, 768, 832, 0, 0, 1, 4, 1, 0, 2, 1]),
 (12, [1009, 12, 1, 0, 1, 2046, 1285, 0, 0, 0, 0, 0, 1, 1, 1]),
 (12, [1381, 81, 0, 0, 0, 938, 1047, 0, 1, 2, 4, 0, 0, 0, 0]),
 (12, [1009, 12, 1, 0, 1, 2046, 1285, 0, 0, 0, 0, 0, 1, 1, 1]),
 (12, [1009, 12, 1, 0, 1, 2046, 1285, 0, 0, 0, 0, 0, 1, 1, 1]),
 (12, [1009, 12, 1, 0, 1, 2046, 1285, 0, 0, 0, 0, 0, 1, 1, 1]),
 (12, [1154, 72, 1, 1, 1, 768, 832, 0, 0, 1, 4, 1, 0, 2, 1]),
 (12, [1611, 82, 1, 0, 1, 1873, 828, 1, 0, 2, 0, 0, 0, 2, 0]),
 (12, [1009, 12, 1, 0, 1, 2046, 1285, 0, 0, 0, 0, 0, 1, 1, 1]),
 (16, [1202, 55, 0, 0, 1, 1832, 1363, 0, 0, 0, 4, 1, 2, 2, 0]),
 (12, [1041, 91, 0, 1, 0, 1126, 1005, 0, 0, 1, 2, 1, 1, 1, 1]),
 (16, [535, 82, 0, 1, 0, 1369, 1819, 0, 0, 1, 1, 1, 1, 2, 1]),
 (16, [1153, 68, 1, 0, 1, 1250, 1713, 1, 1, 2, 2, 0, 0, 1, 2]),
 (12, [1533, 96, 0, 1, 1, 796, 1310, 1, 0, 1, 1, 0, 2, 2, 2]),
 (12, [1611, 82, 1, 0, 1, 1873, 828, 1, 0, 2, 0, 0, 0, 2, 0]),
 (12, [1381, 81, 0, 0, 0, 938, 1047, 0, 1, 2, 4, 0, 0, 0, 0]),
 (12, [1041, 91, 0, 1, 0, 1126, 1005, 0, 0, 1, 2, 1, 1, 1, 1]),
 (12, [1041, 91, 0, 1, 0, 1126, 1005, 0, 0, 1, 2, 1, 1, 1, 1]),
 (12, [1381, 81, 0, 0, 0, 938, 1047, 0, 1, 2, 4, 0, 0, 0, 0])]
population
[(999, [1748, 47, 1, 0, 1, 1440, 1041, 0, 1, 3, 2, 1, 2, 0, 2]),
 (999, [1698, 75, 1, 1, 1, 1064, 550, 1, 1, 3, 1, 0, 2, 0, 1]),
 (999, [1536, 94, 0, 0, 1, 969, 1538, 0, 1, 0, 5, 1, 2, 0, 2]),
 (999, [1310, 15, 1, 1, 0, 1730, 1911, 1, 0, 2, 5, 0, 2, 1, 0]),
 (999, [1288, 116, 1, 0, 1, 1563, 1976, 0, 1, 3, 0, 1, 1, 1, 2]),
 (999, [1052, 78, 0, 0, 1, 1575, 1227, 0, 0, 0, 5, 0, 0, 2, 1]),
 (999, [991, 48, 1, 0, 0, 1789, 946, 1, 1, 1, 5, 1, 0, 1, 1]),
 (999, [939, 11, 1, 1, 0, 1302, 1214, 1, 1, 1, 5, 0, 0, 2, 1]),
 (17, [1534, 49, 0, 1, 0, 1617, 650, 1, 1, 0, 2, 1, 0, 2, 0]),
 (16, [2003, 71, 1, 1, 0, 645, 1086, 1, 1, 1, 4, 0, 1, 0, 2]),
 (16, [1991, 66, 1, 0, 1, 1017, 820, 1, 1, 2, 4, 0, 1, 2, 2]),
 (16, [1782, 46, 0, 0, 1, 1448, 1315, 0, 0, 0, 0, 1, 2, 0, 2]),
 (16, [1735, 23, 0, 0, 0, 1554, 732, 1, 0, 0, 2, 0, 1, 2, 2]),
 (16, [1709, 102, 0, 0, 0, 1039, 1247, 0, 0, 2, 2, 1, 0, 1, 0]),
 (16, [1498, 90, 0, 0, 0, 1975, 1318, 0, 1, 1, 1, 0, 0, 0, 0]),
 (16, [1297, 50, 1, 0, 0, 1224, 921, 0, 1, 1, 0, 1, 0, 1, 1]),
 (16, [1251, 99, 0, 0, 1, 888, 1583, 0, 0, 1, 3, 1, 1, 2, 0]),
 (16, [1202, 55, 0, 0, 1, 1832, 1363, 0, 0, 0, 4, 1, 2, 2, 0]),
 (16, [1153, 68, 1, 0, 1, 1250, 1713, 1, 1, 2, 2, 0, 0, 1, 2]),
 (16, [1103, 68, 1, 0, 0, 1508, 529, 0, 0, 1, 1, 0, 2, 1, 1]),
 (16, [1035, 66, 0, 0, 1, 1137, 1089, 1, 1, 1, 1, 0, 2, 2, 1]),
 (16, [749, 49, 0, 0, 0, 1405, 2044, 1, 0, 0, 2, 1, 1, 2, 0]),
 (16, [535, 82, 0, 1, 0, 1369, 1819, 0, 0, 1, 1, 1, 1, 2, 1]),
 (12, [1828, 47, 1, 0, 1, 1286, 1114, 1, 0, 1, 0, 1, 1, 1, 2]),
 (12, [1611, 82, 1, 0, 1, 1873, 828, 1, 0, 2, 0, 0, 0, 2, 0]),
 (12, [1533, 96, 0, 1, 1, 796, 1310, 1, 0, 1, 1, 0, 2, 2, 2]),
 (12, [1381, 81, 0, 0, 0, 938, 1047, 0, 1, 2, 4, 0, 0, 0, 0]),
 (12, [1235, 39, 0, 1, 1, 584, 782, 1, 1, 0, 3, 1, 1, 1, 1]),
 (12, [1154, 72, 1, 1, 1, 768, 832, 0, 0, 1, 4, 1, 0, 2, 1]),
 (12, [1132, 75, 0, 1, 0, 1412, 1806, 1, 0, 2, 3, 0, 0, 2, 1]),
 (12, [1041, 91, 0, 1, 0, 1126, 1005, 0, 0, 1, 2, 1, 1, 1, 1]),
 (12, [1009, 12, 1, 0, 1, 2046, 1285, 0, 0, 0, 0, 0, 1, 1, 1])]
scored
[(12, [1009, 12, 1, 0, 1, 2046, 1285, 0, 0, 0, 0, 0, 1, 1, 1]),
 (12, [1041, 91, 0, 1, 0, 1126, 1005, 0, 0, 1, 2, 1, 1, 1, 1]),
 (12, [1132, 75, 0, 1, 0, 1412, 1806, 1, 0, 2, 3, 0, 0, 2, 1]),
 (12, [1154, 72, 1, 1, 1, 768, 832, 0, 0, 1, 4, 1, 0, 2, 1]),
 (12, [1235, 39, 0, 1, 1, 584, 782, 1, 1, 0, 3, 1, 1, 1, 1]),
 (12, [1381, 81, 0, 0, 0, 938, 1047, 0, 1, 2, 4, 0, 0, 0, 0]),
 (12, [1533, 96, 0, 1, 1, 796, 1310, 1, 0, 1, 1, 0, 2, 2, 2]),
 (12, [1611, 82, 1, 0, 1, 1873, 828, 1, 0, 2, 0, 0, 0, 2, 0]),
 (12, [1828, 47, 1, 0, 1, 1286, 1114, 1, 0, 1, 0, 1, 1, 1, 2]),
 (16, [535, 82, 0, 1, 0, 1369, 1819, 0, 0, 1, 1, 1, 1, 2, 1]),
 (16, [749, 49, 0, 0, 0, 1405, 2044, 1, 0, 0, 2, 1, 1, 2, 0]),
 (16, [1035, 66, 0, 0, 1, 1137, 1089, 1, 1, 1, 1, 0, 2, 2, 1]),
 (16, [1103, 68, 1, 0, 0, 1508, 529, 0, 0, 1, 1, 0, 2, 1, 1]),
 (16, [1153, 68, 1, 0, 1, 1250, 1713, 1, 1, 2, 2, 0, 0, 1, 2]),
 (16, [1202, 55, 0, 0, 1, 1832, 1363, 0, 0, 0, 4, 1, 2, 2, 0]),
 (16, [1251, 99, 0, 0, 1, 888, 1583, 0, 0, 1, 3, 1, 1, 2, 0]),
 (16, [1297, 50, 1, 0, 0, 1224, 921, 0, 1, 1, 0, 1, 0, 1, 1]),
 (16, [1498, 90, 0, 0, 0, 1975, 1318, 0, 1, 1, 1, 0, 0, 0, 0]),
 (16, [1709, 102, 0, 0, 0, 1039, 1247, 0, 0, 2, 2, 1, 0, 1, 0]),
 (16, [1735, 23, 0, 0, 0, 1554, 732, 1, 0, 0, 2, 0, 1, 2, 2]),
 (16, [1782, 46, 0, 0, 1, 1448, 1315, 0, 0, 0, 0, 1, 2, 0, 2]),
 (16, [1991, 66, 1, 0, 1, 1017, 820, 1, 1, 2, 4, 0, 1, 2, 2]),
 (16, [2003, 71, 1, 1, 0, 645, 1086, 1, 1, 1, 4, 0, 1, 0, 2]),
 (17, [1534, 49, 0, 1, 0, 1617, 650, 1, 1, 0, 2, 1, 0, 2, 0]),
 (999, [939, 11, 1, 1, 0, 1302, 1214, 1, 1, 1, 5, 0, 0, 2, 1]),
 (999, [991, 48, 1, 0, 0, 1789, 946, 1, 1, 1, 5, 1, 0, 1, 1]),
 (999, [1052, 78, 0, 0, 1, 1575, 1227, 0, 0, 0, 5, 0, 0, 2, 1]),
 (999, [1288, 116, 1, 0, 1, 1563, 1976, 0, 1, 3, 0, 1, 1, 1, 2]),
 (999, [1310, 15, 1, 1, 0, 1730, 1911, 1, 0, 2, 5, 0, 2, 1, 0]),
 (999, [1536, 94, 0, 0, 1, 969, 1538, 0, 1, 0, 5, 1, 2, 0, 2]),
 (999, [1698, 75, 1, 1, 1, 1064, 550, 1, 1, 3, 1, 0, 2, 0, 1]),
 (999, [1748, 47, 1, 0, 1, 1440, 1041, 0, 1, 3, 2, 1, 2, 0, 2])]
Selected
[(16, [1103, 68, 1, 0, 0, 1508, 529, 0, 0, 1, 1, 0, 2, 1, 1]),
 (12, [1041, 91, 0, 1, 0, 1126, 1005, 0, 0, 1, 2, 1, 1, 1, 1]),
 (16, [1153, 68, 1, 0, 1, 1250, 1713, 1, 1, 2, 2, 0, 0, 1, 2]),
 (12, [1132, 75, 0, 1, 0, 1412, 1806, 1, 0, 2, 3, 0, 0, 2, 1]),
 (12, [1381, 81, 0, 0, 0, 938, 1047, 0, 1, 2, 4, 0, 0, 0, 0]),
 (12, [1235, 39, 0, 1, 1, 584, 782, 1, 1, 0, 3, 1, 1, 1, 1]),
 (12, [1611, 82, 1, 0, 1, 1873, 828, 1, 0, 2, 0, 0, 0, 2, 0]),
 (12, [1154, 72, 1, 1, 1, 768, 832, 0, 0, 1, 4, 1, 0, 2, 1]),
 (12, [1381, 81, 0, 0, 0, 938, 1047, 0, 1, 2, 4, 0, 0, 0, 0]),
 (12, [1533, 96, 0, 1, 1, 796, 1310, 1, 0, 1, 1, 0, 2, 2, 2]),
 (12, [1381, 81, 0, 0, 0, 938, 1047, 0, 1, 2, 4, 0, 0, 0, 0]),
 (12, [1611, 82, 1, 0, 1, 1873, 828, 1, 0, 2, 0, 0, 0, 2, 0]),
 (12, [1154, 72, 1, 1, 1, 768, 832, 0, 0, 1, 4, 1, 0, 2, 1]),
 (12, [1041, 91, 0, 1, 0, 1126, 1005, 0, 0, 1, 2, 1, 1, 1, 1]),
 (12, [1132, 75, 0, 1, 0, 1412, 1806, 1, 0, 2, 3, 0, 0, 2, 1]),
 (12, [1381, 81, 0, 0, 0, 938, 1047, 0, 1, 2, 4, 0, 0, 0, 0]),
 (16, [1153, 68, 1, 0, 1, 1250, 1713, 1, 1, 2, 2, 0, 0, 1, 2]),
 (12, [1154, 72, 1, 1, 1, 768, 832, 0, 0, 1, 4, 1, 0, 2, 1]),
 (12, [1154, 72, 1, 1, 1, 768, 832, 0, 0, 1, 4, 1, 0, 2, 1]),
 (12, [1611, 82, 1, 0, 1, 1873, 828, 1, 0, 2, 0, 0, 0, 2, 0]),
 (12, [1009, 12, 1, 0, 1, 2046, 1285, 0, 0, 0, 0, 0, 1, 1, 1]),
 (12, [1154, 72, 1, 1, 1, 768, 832, 0, 0, 1, 4, 1, 0, 2, 1]),
 (12, [1533, 96, 0, 1, 1, 796, 1310, 1, 0, 1, 1, 0, 2, 2, 2]),
 (12, [1009, 12, 1, 0, 1, 2046, 1285, 0, 0, 0, 0, 0, 1, 1, 1]),
 (12, [1235, 39, 0, 1, 1, 584, 782, 1, 1, 0, 3, 1, 1, 1, 1]),
 (12, [1132, 75, 0, 1, 0, 1412, 1806, 1, 0, 2, 3, 0, 0, 2, 1]),
 (16, [1202, 55, 0, 0, 1, 1832, 1363, 0, 0, 0, 4, 1, 2, 2, 0])]

Poblacin de 32 individuos durante 15 generaciones
Poblacin inicial:
[(999, [1748, 47, 1, 0, 1, 1440, 1041, 0, 1, 3, 2, 1, 2, 0, 2]),
 (999, [1698, 75, 1, 1, 1, 1064, 550, 1, 1, 3, 1, 0, 2, 0, 1]),
 (999, [1536, 94, 0, 0, 1, 969, 1538, 0, 1, 0, 5, 1, 2, 0, 2]),
 (999, [1310, 15, 1, 1, 0, 1730, 1911, 1, 0, 2, 5, 0, 2, 1, 0]),
 (999, [1288, 116, 1, 0, 1, 1563, 1976, 0, 1, 3, 0, 1, 1, 1, 2]),
 (999, [1052, 78, 0, 0, 1, 1575, 1227, 0, 0, 0, 5, 0, 0, 2, 1]),
 (999, [991, 48, 1, 0, 0, 1789, 946, 1, 1, 1, 5, 1, 0, 1, 1]),
 (999, [939, 11, 1, 1, 0, 1302, 1214, 1, 1, 1, 5, 0, 0, 2, 1]),
 (17, [1534, 49, 0, 1, 0, 1617, 650, 1, 1, 0, 2, 1, 0, 2, 0]),
 (16, [2003, 71, 1, 1, 0, 645, 1086, 1, 1, 1, 4, 0, 1, 0, 2]),
 (16, [1991, 66, 1, 0, 1, 1017, 820, 1, 1, 2, 4, 0, 1, 2, 2]),
 (16, [1782, 46, 0, 0, 1, 1448, 1315, 0, 0, 0, 0, 1, 2, 0, 2]),
 (16, [1735, 23, 0, 0, 0, 1554, 732, 1, 0, 0, 2, 0, 1, 2, 2]),
 (16, [1709, 102, 0, 0, 0, 1039, 1247, 0, 0, 2, 2, 1, 0, 1, 0]),
 (16, [1498, 90, 0, 0, 0, 1975, 1318, 0, 1, 1, 1, 0, 0, 0, 0]),
 (16, [1297, 50, 1, 0, 0, 1224, 921, 0, 1, 1, 0, 1, 0, 1, 1]),
 (16, [1251, 99, 0, 0, 1, 888, 1583, 0, 0, 1, 3, 1, 1, 2, 0]),
 (16, [1202, 55, 0, 0, 1, 1832, 1363, 0, 0, 0, 4, 1, 2, 2, 0]),
 (16, [1153, 68, 1, 0, 1, 1250, 1713, 1, 1, 2, 2, 0, 0, 1, 2]),
 (16, [1103, 68, 1, 0, 0, 1508, 529, 0, 0, 1, 1, 0, 2, 1, 1]),
 (16, [1035, 66, 0, 0, 1, 1137, 1089, 1, 1, 1, 1, 0, 2, 2, 1]),
 (16, [749, 49, 0, 0, 0, 1405, 2044, 1, 0, 0, 2, 1, 1, 2, 0]),
 (16, [535, 82, 0, 1, 0, 1369, 1819, 0, 0, 1, 1, 1, 1, 2, 1]),
 (12, [1828, 47, 1, 0, 1, 1286, 1114, 1, 0, 1, 0, 1, 1, 1, 2]),
 (12, [1611, 82, 1, 0, 1, 1873, 828, 1, 0, 2, 0, 0, 0, 2, 0]),
 (12, [1533, 96, 0, 1, 1, 796, 1310, 1, 0, 1, 1, 0, 2, 2, 2]),
 (12, [1381, 81, 0, 0, 0, 938, 1047, 0, 1, 2, 4, 0, 0, 0, 0]),
 (12, [1235, 39, 0, 1, 1, 584, 782, 1, 1, 0, 3, 1, 1, 1, 1]),
 (12, [1154, 72, 1, 1, 1, 768, 832, 0, 0, 1, 4, 1, 0, 2, 1]),
 (12, [1132, 75, 0, 1, 0, 1412, 1806, 1, 0, 2, 3, 0, 0, 2, 1]),
 (12, [1041, 91, 0, 1, 0, 1126, 1005, 0, 0, 1, 2, 1, 1, 1, 1]),
 (12, [1009, 12, 1, 0, 1, 2046, 1285, 0, 0, 0, 0, 0, 1, 1, 1])]
Poblacin final:
[(999, [1748, 47, 1, 0, 1, 1440, 1041, 0, 1, 3, 2, 1, 2, 0, 2]),
 (999, [1698, 75, 1, 1, 1, 1064, 550, 1, 1, 3, 1, 0, 2, 0, 1]),
 (999, [1536, 94, 0, 0, 1, 969, 1538, 0, 1, 0, 5, 1, 2, 0, 2]),
 (999, [1310, 15, 1, 1, 0, 1730, 1911, 1, 0, 2, 5, 0, 2, 1, 0]),
 (999, [1288, 116, 1, 0, 1, 1563, 1976, 0, 1, 3, 0, 1, 1, 1, 2]),
 (999, [1052, 78, 0, 0, 1, 1575, 1227, 0, 0, 0, 5, 0, 0, 2, 1]),
 (999, [991, 48, 1, 0, 0, 1789, 946, 1, 1, 1, 5, 1, 0, 1, 1]),
 (999, [939, 11, 1, 1, 0, 1302, 1214, 1, 1, 1, 5, 0, 0, 2, 1]),
 (17, [1534, 49, 0, 1, 0, 1617, 650, 1, 1, 0, 2, 1, 0, 2, 0]),
 (16, [2003, 71, 1, 1, 0, 645, 1086, 1, 1, 1, 4, 0, 1, 0, 2]),
 (16, [1991, 66, 1, 0, 1, 1017, 820, 1, 1, 2, 4, 0, 1, 2, 2]),
 (16, [1782, 46, 0, 0, 1, 1448, 1315, 0, 0, 0, 0, 1, 2, 0, 2]),
 (16, [1735, 23, 0, 0, 0, 1554, 732, 1, 0, 0, 2, 0, 1, 2, 2]),
 (16, [1709, 102, 0, 0, 0, 1039, 1247, 0, 0, 2, 2, 1, 0, 1, 0]),
 (16, [1498, 90, 0, 0, 0, 1975, 1318, 0, 1, 1, 1, 0, 0, 0, 0]),
 (16, [1297, 50, 1, 0, 0, 1224, 921, 0, 1, 1, 0, 1, 0, 1, 1]),
 (16, [1251, 99, 0, 0, 1, 888, 1583, 0, 0, 1, 3, 1, 1, 2, 0]),
 (16, [1202, 55, 0, 0, 1, 1832, 1363, 0, 0, 0, 4, 1, 2, 2, 0]),
 (16, [1153, 68, 1, 0, 1, 1250, 1713, 1, 1, 2, 2, 0, 0, 1, 2]),
 (16, [1103, 68, 1, 0, 0, 1508, 529, 0, 0, 1, 1, 0, 2, 1, 1]),
 (16, [1035, 66, 0, 0, 1, 1137, 1089, 1, 1, 1, 1, 0, 2, 2, 1]),
 (16, [749, 49, 0, 0, 0, 1405, 2044, 1, 0, 0, 2, 1, 1, 2, 0]),
 (16, [535, 82, 0, 1, 0, 1369, 1819, 0, 0, 1, 1, 1, 1, 2, 1]),
 (12, [1828, 47, 1, 0, 1, 1286, 1114, 1, 0, 1, 0, 1, 1, 1, 2]),
 (12, [1611, 82, 1, 0, 1, 1873, 828, 1, 0, 2, 0, 0, 0, 2, 0]),
 (12, [1533, 96, 0, 1, 1, 796, 1310, 1, 0, 1, 1, 0, 2, 2, 2]),
 (12, [1381, 81, 0, 0, 0, 938, 1047, 0, 1, 2, 4, 0, 0, 0, 0]),
 (12, [1235, 39, 0, 1, 1, 584, 782, 1, 1, 0, 3, 1, 1, 1, 1]),
 (12, [1154, 72, 1, 1, 1, 768, 832, 0, 0, 1, 4, 1, 0, 2, 1]),
 (12, [1132, 75, 0, 1, 0, 1412, 1806, 1, 0, 2, 3, 0, 0, 2, 1]),
 (12, [1041, 91, 0, 1, 0, 1126, 1005, 0, 0, 1, 2, 1, 1, 1, 1]),
 (12, [1009, 12, 1, 0, 1, 2046, 1285, 0, 0, 0, 0, 0, 1, 1, 1])]
Elapsed time is 964.239940 seconds.
