 * Manually resetting nginx to stopped state
 * Manually resetting nginx to stopped state
 * Manually resetting nginx to stopped state
 * Manually resetting nginx to stopped state
 * Manually resetting nginx to stopped state
 * Manually resetting nginx to stopped state
 * Manually resetting nginx to stopped state
 * Manually resetting nginx to stopped state
 * Manually resetting nginx to stopped state
 * Manually resetting nginx to stopped state
 * Manually resetting nginx to stopped state
 * Manually resetting nginx to stopped state
 * Manually resetting nginx to stopped state
 * Manually resetting nginx to stopped state
 * Manually resetting nginx to stopped state
 * Manually resetting nginx to stopped state
 * Manually resetting nginx to stopped state
 * Manually resetting nginx to stopped state
 * Manually resetting nginx to stopped state
 * Manually resetting nginx to stopped state
genes: 15
individuals : 32
pressure: 5
mutation_chance: 0
generations: 15
crossover_type: 1
mutation_type_random: 0
Alerts:
12
Alerts:
12
Alerts:
16
Alerts:
16
Alerts:
16
Alerts:
16
Alerts:
12
Alerts:
12
Alerts:
16
Alerts:
16
Alerts:
12
Alerts:
16
Alerts:
12
Alerts:
16
Alerts:
16
Alerts:
16
Alerts:
12
Alerts:
16
Alerts:
16
Alerts:
16
population
[(12, [1954, 31, 0, 0, 1, 1882, 1457, 1, 1, 1, 1, 0, 1, 2, 2]),
 (12, [731, 116, 0, 0, 0, 1461, 1158, 0, 0, 2, 4, 0, 2, 1, 2]),
 (16, [1254, 101, 1, 0, 0, 1973, 1813, 0, 0, 0, 3, 0, 0, 1, 1]),
 (16, [648, 92, 0, 0, 1, 528, 956, 1, 0, 1, 3, 0, 2, 0, 2]),
 (999, [1446, 23, 1, 0, 0, 1534, 1693, 0, 0, 3, 4, 0, 1, 1, 2]),
 (16, [1561, 68, 0, 1, 0, 516, 579, 0, 1, 0, 0, 1, 1, 0, 2]),
 (999, [1544, 85, 1, 1, 1, 1698, 1482, 1, 0, 1, 5, 0, 1, 1, 2]),
 (999, [908, 79, 0, 1, 0, 1875, 1278, 1, 1, 3, 0, 1, 2, 2, 2]),
 (16, [1378, 35, 1, 1, 1, 819, 887, 0, 1, 2, 3, 0, 0, 2, 0]),
 (12, [2025, 74, 0, 1, 1, 1805, 791, 0, 0, 0, 0, 1, 2, 0, 0]),
 (999, [1642, 114, 1, 1, 1, 2035, 923, 1, 1, 3, 3, 0, 0, 1, 2]),
 (999, [2003, 111, 1, 0, 1, 1060, 1248, 0, 1, 3, 2, 0, 2, 2, 1]),
 (12, [1122, 88, 0, 0, 0, 2006, 654, 0, 0, 0, 3, 1, 2, 0, 0]),
 (16, [886, 53, 1, 1, 1, 1549, 1690, 0, 1, 0, 0, 0, 0, 2, 2]),
 (999, [584, 45, 1, 0, 1, 864, 586, 1, 0, 3, 4, 1, 1, 2, 2]),
 (16, [1758, 102, 0, 0, 1, 754, 1861, 1, 1, 0, 0, 0, 2, 0, 2]),
 (12, [874, 100, 0, 0, 0, 1082, 616, 0, 1, 0, 3, 0, 1, 2, 0]),
 (999, [1282, 111, 1, 1, 1, 1900, 1985, 1, 1, 3, 5, 0, 1, 2, 2]),
 (16, [759, 33, 0, 0, 0, 571, 1130, 1, 1, 2, 4, 1, 1, 1, 0]),
 (12, [1308, 35, 0, 0, 0, 1470, 1808, 0, 1, 1, 3, 0, 1, 2, 1]),
 (999, [915, 114, 0, 1, 1, 648, 2010, 0, 0, 1, 5, 0, 2, 2, 0]),
 (999, [1098, 70, 0, 1, 0, 1459, 1133, 0, 1, 3, 0, 1, 1, 2, 0]),
 (16, [1690, 100, 1, 0, 1, 1802, 1002, 0, 1, 2, 3, 0, 2, 1, 1]),
 (999, [1779, 66, 0, 1, 1, 1469, 1862, 0, 1, 3, 1, 1, 2, 2, 0]),
 (16, [1399, 16, 0, 1, 1, 651, 980, 1, 0, 1, 3, 0, 1, 1, 1]),
 (16, [530, 13, 1, 0, 0, 929, 1855, 0, 1, 1, 3, 0, 2, 0, 2]),
 (12, [1716, 11, 0, 1, 1, 1638, 1323, 0, 0, 2, 1, 1, 2, 1, 1]),
 (999, [1185, 90, 0, 0, 1, 784, 1266, 0, 0, 2, 5, 1, 0, 0, 0]),
 (16, [1424, 62, 1, 1, 1, 1717, 1539, 0, 1, 1, 4, 1, 1, 1, 2]),
 (16, [1998, 26, 0, 1, 1, 1549, 1935, 1, 1, 0, 0, 1, 1, 1, 1]),
 (16, [1462, 29, 1, 0, 1, 1120, 1329, 1, 0, 2, 2, 1, 0, 0, 1]),
 (999, [713, 108, 0, 1, 0, 824, 1506, 1, 0, 3, 3, 1, 0, 0, 0])]
scored
[(12, [731, 116, 0, 0, 0, 1461, 1158, 0, 0, 2, 4, 0, 2, 1, 2]),
 (12, [874, 100, 0, 0, 0, 1082, 616, 0, 1, 0, 3, 0, 1, 2, 0]),
 (12, [1122, 88, 0, 0, 0, 2006, 654, 0, 0, 0, 3, 1, 2, 0, 0]),
 (12, [1308, 35, 0, 0, 0, 1470, 1808, 0, 1, 1, 3, 0, 1, 2, 1]),
 (12, [1716, 11, 0, 1, 1, 1638, 1323, 0, 0, 2, 1, 1, 2, 1, 1]),
 (12, [1954, 31, 0, 0, 1, 1882, 1457, 1, 1, 1, 1, 0, 1, 2, 2]),
 (12, [2025, 74, 0, 1, 1, 1805, 791, 0, 0, 0, 0, 1, 2, 0, 0]),
 (16, [530, 13, 1, 0, 0, 929, 1855, 0, 1, 1, 3, 0, 2, 0, 2]),
 (16, [648, 92, 0, 0, 1, 528, 956, 1, 0, 1, 3, 0, 2, 0, 2]),
 (16, [759, 33, 0, 0, 0, 571, 1130, 1, 1, 2, 4, 1, 1, 1, 0]),
 (16, [886, 53, 1, 1, 1, 1549, 1690, 0, 1, 0, 0, 0, 0, 2, 2]),
 (16, [1254, 101, 1, 0, 0, 1973, 1813, 0, 0, 0, 3, 0, 0, 1, 1]),
 (16, [1378, 35, 1, 1, 1, 819, 887, 0, 1, 2, 3, 0, 0, 2, 0]),
 (16, [1399, 16, 0, 1, 1, 651, 980, 1, 0, 1, 3, 0, 1, 1, 1]),
 (16, [1424, 62, 1, 1, 1, 1717, 1539, 0, 1, 1, 4, 1, 1, 1, 2]),
 (16, [1462, 29, 1, 0, 1, 1120, 1329, 1, 0, 2, 2, 1, 0, 0, 1]),
 (16, [1561, 68, 0, 1, 0, 516, 579, 0, 1, 0, 0, 1, 1, 0, 2]),
 (16, [1690, 100, 1, 0, 1, 1802, 1002, 0, 1, 2, 3, 0, 2, 1, 1]),
 (16, [1758, 102, 0, 0, 1, 754, 1861, 1, 1, 0, 0, 0, 2, 0, 2]),
 (16, [1998, 26, 0, 1, 1, 1549, 1935, 1, 1, 0, 0, 1, 1, 1, 1]),
 (999, [584, 45, 1, 0, 1, 864, 586, 1, 0, 3, 4, 1, 1, 2, 2]),
 (999, [713, 108, 0, 1, 0, 824, 1506, 1, 0, 3, 3, 1, 0, 0, 0]),
 (999, [908, 79, 0, 1, 0, 1875, 1278, 1, 1, 3, 0, 1, 2, 2, 2]),
 (999, [915, 114, 0, 1, 1, 648, 2010, 0, 0, 1, 5, 0, 2, 2, 0]),
 (999, [1098, 70, 0, 1, 0, 1459, 1133, 0, 1, 3, 0, 1, 1, 2, 0]),
 (999, [1185, 90, 0, 0, 1, 784, 1266, 0, 0, 2, 5, 1, 0, 0, 0]),
 (999, [1282, 111, 1, 1, 1, 1900, 1985, 1, 1, 3, 5, 0, 1, 2, 2]),
 (999, [1446, 23, 1, 0, 0, 1534, 1693, 0, 0, 3, 4, 0, 1, 1, 2]),
 (999, [1544, 85, 1, 1, 1, 1698, 1482, 1, 0, 1, 5, 0, 1, 1, 2]),
 (999, [1642, 114, 1, 1, 1, 2035, 923, 1, 1, 3, 3, 0, 0, 1, 2]),
 (999, [1779, 66, 0, 1, 1, 1469, 1862, 0, 1, 3, 1, 1, 2, 2, 0]),
 (999, [2003, 111, 1, 0, 1, 1060, 1248, 0, 1, 3, 2, 0, 2, 2, 1])]
Selected
[(16, [1424, 62, 1, 1, 1, 1717, 1539, 0, 1, 1, 4, 1, 1, 1, 2]),
 (12, [874, 100, 0, 0, 0, 1082, 616, 0, 1, 0, 3, 0, 1, 2, 0]),
 (12, [874, 100, 0, 0, 0, 1082, 616, 0, 1, 0, 3, 0, 1, 2, 0]),
 (12, [731, 116, 0, 0, 0, 1461, 1158, 0, 0, 2, 4, 0, 2, 1, 2]),
 (12, [1122, 88, 0, 0, 0, 2006, 654, 0, 0, 0, 3, 1, 2, 0, 0]),
 (12, [2025, 74, 0, 1, 1, 1805, 791, 0, 0, 0, 0, 1, 2, 0, 0]),
 (12, [1308, 35, 0, 0, 0, 1470, 1808, 0, 1, 1, 3, 0, 1, 2, 1]),
 (12, [1308, 35, 0, 0, 0, 1470, 1808, 0, 1, 1, 3, 0, 1, 2, 1]),
 (12, [2025, 74, 0, 1, 1, 1805, 791, 0, 0, 0, 0, 1, 2, 0, 0]),
 (12, [731, 116, 0, 0, 0, 1461, 1158, 0, 0, 2, 4, 0, 2, 1, 2]),
 (12, [731, 116, 0, 0, 0, 1461, 1158, 0, 0, 2, 4, 0, 2, 1, 2]),
 (12, [1954, 31, 0, 0, 1, 1882, 1457, 1, 1, 1, 1, 0, 1, 2, 2]),
 (12, [2025, 74, 0, 1, 1, 1805, 791, 0, 0, 0, 0, 1, 2, 0, 0]),
 (12, [874, 100, 0, 0, 0, 1082, 616, 0, 1, 0, 3, 0, 1, 2, 0]),
 (12, [1954, 31, 0, 0, 1, 1882, 1457, 1, 1, 1, 1, 0, 1, 2, 2]),
 (12, [874, 100, 0, 0, 0, 1082, 616, 0, 1, 0, 3, 0, 1, 2, 0]),
 (12, [1308, 35, 0, 0, 0, 1470, 1808, 0, 1, 1, 3, 0, 1, 2, 1]),
 (16, [1462, 29, 1, 0, 1, 1120, 1329, 1, 0, 2, 2, 1, 0, 0, 1]),
 (16, [759, 33, 0, 0, 0, 571, 1130, 1, 1, 2, 4, 1, 1, 1, 0]),
 (12, [1954, 31, 0, 0, 1, 1882, 1457, 1, 1, 1, 1, 0, 1, 2, 2]),
 (12, [731, 116, 0, 0, 0, 1461, 1158, 0, 0, 2, 4, 0, 2, 1, 2]),
 (12, [1954, 31, 0, 0, 1, 1882, 1457, 1, 1, 1, 1, 0, 1, 2, 2]),
 (12, [1122, 88, 0, 0, 0, 2006, 654, 0, 0, 0, 3, 1, 2, 0, 0]),
 (12, [2025, 74, 0, 1, 1, 1805, 791, 0, 0, 0, 0, 1, 2, 0, 0]),
 (12, [874, 100, 0, 0, 0, 1082, 616, 0, 1, 0, 3, 0, 1, 2, 0]),
 (12, [1122, 88, 0, 0, 0, 2006, 654, 0, 0, 0, 3, 1, 2, 0, 0]),
 (12, [731, 116, 0, 0, 0, 1461, 1158, 0, 0, 2, 4, 0, 2, 1, 2])]
population
[(999, [2003, 111, 1, 0, 1, 1060, 1248, 0, 1, 3, 2, 0, 2, 2, 1]),
 (999, [1779, 66, 0, 1, 1, 1469, 1862, 0, 1, 3, 1, 1, 2, 2, 0]),
 (999, [1642, 114, 1, 1, 1, 2035, 923, 1, 1, 3, 3, 0, 0, 1, 2]),
 (999, [1544, 85, 1, 1, 1, 1698, 1482, 1, 0, 1, 5, 0, 1, 1, 2]),
 (999, [1446, 23, 1, 0, 0, 1534, 1693, 0, 0, 3, 4, 0, 1, 1, 2]),
 (999, [1282, 111, 1, 1, 1, 1900, 1985, 1, 1, 3, 5, 0, 1, 2, 2]),
 (999, [1185, 90, 0, 0, 1, 784, 1266, 0, 0, 2, 5, 1, 0, 0, 0]),
 (999, [1098, 70, 0, 1, 0, 1459, 1133, 0, 1, 3, 0, 1, 1, 2, 0]),
 (999, [915, 114, 0, 1, 1, 648, 2010, 0, 0, 1, 5, 0, 2, 2, 0]),
 (999, [908, 79, 0, 1, 0, 1875, 1278, 1, 1, 3, 0, 1, 2, 2, 2]),
 (999, [713, 108, 0, 1, 0, 824, 1506, 1, 0, 3, 3, 1, 0, 0, 0]),
 (999, [584, 45, 1, 0, 1, 864, 586, 1, 0, 3, 4, 1, 1, 2, 2]),
 (16, [1998, 26, 0, 1, 1, 1549, 1935, 1, 1, 0, 0, 1, 1, 1, 1]),
 (16, [1758, 102, 0, 0, 1, 754, 1861, 1, 1, 0, 0, 0, 2, 0, 2]),
 (16, [1690, 100, 1, 0, 1, 1802, 1002, 0, 1, 2, 3, 0, 2, 1, 1]),
 (16, [1561, 68, 0, 1, 0, 516, 579, 0, 1, 0, 0, 1, 1, 0, 2]),
 (16, [1462, 29, 1, 0, 1, 1120, 1329, 1, 0, 2, 2, 1, 0, 0, 1]),
 (16, [1424, 62, 1, 1, 1, 1717, 1539, 0, 1, 1, 4, 1, 1, 1, 2]),
 (16, [1399, 16, 0, 1, 1, 651, 980, 1, 0, 1, 3, 0, 1, 1, 1]),
 (16, [1378, 35, 1, 1, 1, 819, 887, 0, 1, 2, 3, 0, 0, 2, 0]),
 (16, [1254, 101, 1, 0, 0, 1973, 1813, 0, 0, 0, 3, 0, 0, 1, 1]),
 (16, [886, 53, 1, 1, 1, 1549, 1690, 0, 1, 0, 0, 0, 0, 2, 2]),
 (16, [759, 33, 0, 0, 0, 571, 1130, 1, 1, 2, 4, 1, 1, 1, 0]),
 (16, [648, 92, 0, 0, 1, 528, 956, 1, 0, 1, 3, 0, 2, 0, 2]),
 (16, [530, 13, 1, 0, 0, 929, 1855, 0, 1, 1, 3, 0, 2, 0, 2]),
 (12, [2025, 74, 0, 1, 1, 1805, 791, 0, 0, 0, 0, 1, 2, 0, 0]),
 (12, [1954, 31, 0, 0, 1, 1882, 1457, 1, 1, 1, 1, 0, 1, 2, 2]),
 (12, [1716, 11, 0, 1, 1, 1638, 1323, 0, 0, 2, 1, 1, 2, 1, 1]),
 (12, [1308, 35, 0, 0, 0, 1470, 1808, 0, 1, 1, 3, 0, 1, 2, 1]),
 (12, [1122, 88, 0, 0, 0, 2006, 654, 0, 0, 0, 3, 1, 2, 0, 0]),
 (12, [874, 100, 0, 0, 0, 1082, 616, 0, 1, 0, 3, 0, 1, 2, 0]),
 (12, [731, 116, 0, 0, 0, 1461, 1158, 0, 0, 2, 4, 0, 2, 1, 2])]
scored
[(12, [731, 116, 0, 0, 0, 1461, 1158, 0, 0, 2, 4, 0, 2, 1, 2]),
 (12, [874, 100, 0, 0, 0, 1082, 616, 0, 1, 0, 3, 0, 1, 2, 0]),
 (12, [1122, 88, 0, 0, 0, 2006, 654, 0, 0, 0, 3, 1, 2, 0, 0]),
 (12, [1308, 35, 0, 0, 0, 1470, 1808, 0, 1, 1, 3, 0, 1, 2, 1]),
 (12, [1716, 11, 0, 1, 1, 1638, 1323, 0, 0, 2, 1, 1, 2, 1, 1]),
 (12, [1954, 31, 0, 0, 1, 1882, 1457, 1, 1, 1, 1, 0, 1, 2, 2]),
 (12, [2025, 74, 0, 1, 1, 1805, 791, 0, 0, 0, 0, 1, 2, 0, 0]),
 (16, [530, 13, 1, 0, 0, 929, 1855, 0, 1, 1, 3, 0, 2, 0, 2]),
 (16, [648, 92, 0, 0, 1, 528, 956, 1, 0, 1, 3, 0, 2, 0, 2]),
 (16, [759, 33, 0, 0, 0, 571, 1130, 1, 1, 2, 4, 1, 1, 1, 0]),
 (16, [886, 53, 1, 1, 1, 1549, 1690, 0, 1, 0, 0, 0, 0, 2, 2]),
 (16, [1254, 101, 1, 0, 0, 1973, 1813, 0, 0, 0, 3, 0, 0, 1, 1]),
 (16, [1378, 35, 1, 1, 1, 819, 887, 0, 1, 2, 3, 0, 0, 2, 0]),
 (16, [1399, 16, 0, 1, 1, 651, 980, 1, 0, 1, 3, 0, 1, 1, 1]),
 (16, [1424, 62, 1, 1, 1, 1717, 1539, 0, 1, 1, 4, 1, 1, 1, 2]),
 (16, [1462, 29, 1, 0, 1, 1120, 1329, 1, 0, 2, 2, 1, 0, 0, 1]),
 (16, [1561, 68, 0, 1, 0, 516, 579, 0, 1, 0, 0, 1, 1, 0, 2]),
 (16, [1690, 100, 1, 0, 1, 1802, 1002, 0, 1, 2, 3, 0, 2, 1, 1]),
 (16, [1758, 102, 0, 0, 1, 754, 1861, 1, 1, 0, 0, 0, 2, 0, 2]),
 (16, [1998, 26, 0, 1, 1, 1549, 1935, 1, 1, 0, 0, 1, 1, 1, 1]),
 (999, [584, 45, 1, 0, 1, 864, 586, 1, 0, 3, 4, 1, 1, 2, 2]),
 (999, [713, 108, 0, 1, 0, 824, 1506, 1, 0, 3, 3, 1, 0, 0, 0]),
 (999, [908, 79, 0, 1, 0, 1875, 1278, 1, 1, 3, 0, 1, 2, 2, 2]),
 (999, [915, 114, 0, 1, 1, 648, 2010, 0, 0, 1, 5, 0, 2, 2, 0]),
 (999, [1098, 70, 0, 1, 0, 1459, 1133, 0, 1, 3, 0, 1, 1, 2, 0]),
 (999, [1185, 90, 0, 0, 1, 784, 1266, 0, 0, 2, 5, 1, 0, 0, 0]),
 (999, [1282, 111, 1, 1, 1, 1900, 1985, 1, 1, 3, 5, 0, 1, 2, 2]),
 (999, [1446, 23, 1, 0, 0, 1534, 1693, 0, 0, 3, 4, 0, 1, 1, 2]),
 (999, [1544, 85, 1, 1, 1, 1698, 1482, 1, 0, 1, 5, 0, 1, 1, 2]),
 (999, [1642, 114, 1, 1, 1, 2035, 923, 1, 1, 3, 3, 0, 0, 1, 2]),
 (999, [1779, 66, 0, 1, 1, 1469, 1862, 0, 1, 3, 1, 1, 2, 2, 0]),
 (999, [2003, 111, 1, 0, 1, 1060, 1248, 0, 1, 3, 2, 0, 2, 2, 1])]
Selected
[(12, [731, 116, 0, 0, 0, 1461, 1158, 0, 0, 2, 4, 0, 2, 1, 2]),
 (12, [1122, 88, 0, 0, 0, 2006, 654, 0, 0, 0, 3, 1, 2, 0, 0]),
 (12, [1122, 88, 0, 0, 0, 2006, 654, 0, 0, 0, 3, 1, 2, 0, 0]),
 (16, [648, 92, 0, 0, 1, 528, 956, 1, 0, 1, 3, 0, 2, 0, 2]),
 (12, [1308, 35, 0, 0, 0, 1470, 1808, 0, 1, 1, 3, 0, 1, 2, 1]),
 (12, [1954, 31, 0, 0, 1, 1882, 1457, 1, 1, 1, 1, 0, 1, 2, 2]),
 (16, [1399, 16, 0, 1, 1, 651, 980, 1, 0, 1, 3, 0, 1, 1, 1]),
 (12, [1122, 88, 0, 0, 0, 2006, 654, 0, 0, 0, 3, 1, 2, 0, 0]),
 (12, [731, 116, 0, 0, 0, 1461, 1158, 0, 0, 2, 4, 0, 2, 1, 2]),
 (12, [874, 100, 0, 0, 0, 1082, 616, 0, 1, 0, 3, 0, 1, 2, 0]),
 (12, [874, 100, 0, 0, 0, 1082, 616, 0, 1, 0, 3, 0, 1, 2, 0]),
 (12, [1954, 31, 0, 0, 1, 1882, 1457, 1, 1, 1, 1, 0, 1, 2, 2]),
 (16, [1758, 102, 0, 0, 1, 754, 1861, 1, 1, 0, 0, 0, 2, 0, 2]),
 (16, [530, 13, 1, 0, 0, 929, 1855, 0, 1, 1, 3, 0, 2, 0, 2]),
 (16, [1399, 16, 0, 1, 1, 651, 980, 1, 0, 1, 3, 0, 1, 1, 1]),
 (12, [2025, 74, 0, 1, 1, 1805, 791, 0, 0, 0, 0, 1, 2, 0, 0]),
 (12, [1308, 35, 0, 0, 0, 1470, 1808, 0, 1, 1, 3, 0, 1, 2, 1]),
 (12, [1716, 11, 0, 1, 1, 1638, 1323, 0, 0, 2, 1, 1, 2, 1, 1]),
 (12, [731, 116, 0, 0, 0, 1461, 1158, 0, 0, 2, 4, 0, 2, 1, 2]),
 (12, [1716, 11, 0, 1, 1, 1638, 1323, 0, 0, 2, 1, 1, 2, 1, 1]),
 (16, [530, 13, 1, 0, 0, 929, 1855, 0, 1, 1, 3, 0, 2, 0, 2]),
 (12, [874, 100, 0, 0, 0, 1082, 616, 0, 1, 0, 3, 0, 1, 2, 0]),
 (12, [1308, 35, 0, 0, 0, 1470, 1808, 0, 1, 1, 3, 0, 1, 2, 1]),
 (16, [1378, 35, 1, 1, 1, 819, 887, 0, 1, 2, 3, 0, 0, 2, 0]),
 (12, [731, 116, 0, 0, 0, 1461, 1158, 0, 0, 2, 4, 0, 2, 1, 2]),
 (16, [1424, 62, 1, 1, 1, 1717, 1539, 0, 1, 1, 4, 1, 1, 1, 2]),
 (12, [1716, 11, 0, 1, 1, 1638, 1323, 0, 0, 2, 1, 1, 2, 1, 1])]
population
[(999, [2003, 111, 1, 0, 1, 1060, 1248, 0, 1, 3, 2, 0, 2, 2, 1]),
 (999, [1779, 66, 0, 1, 1, 1469, 1862, 0, 1, 3, 1, 1, 2, 2, 0]),
 (999, [1642, 114, 1, 1, 1, 2035, 923, 1, 1, 3, 3, 0, 0, 1, 2]),
 (999, [1544, 85, 1, 1, 1, 1698, 1482, 1, 0, 1, 5, 0, 1, 1, 2]),
 (999, [1446, 23, 1, 0, 0, 1534, 1693, 0, 0, 3, 4, 0, 1, 1, 2]),
 (999, [1282, 111, 1, 1, 1, 1900, 1985, 1, 1, 3, 5, 0, 1, 2, 2]),
 (999, [1185, 90, 0, 0, 1, 784, 1266, 0, 0, 2, 5, 1, 0, 0, 0]),
 (999, [1098, 70, 0, 1, 0, 1459, 1133, 0, 1, 3, 0, 1, 1, 2, 0]),
 (999, [915, 114, 0, 1, 1, 648, 2010, 0, 0, 1, 5, 0, 2, 2, 0]),
 (999, [908, 79, 0, 1, 0, 1875, 1278, 1, 1, 3, 0, 1, 2, 2, 2]),
 (999, [713, 108, 0, 1, 0, 824, 1506, 1, 0, 3, 3, 1, 0, 0, 0]),
 (999, [584, 45, 1, 0, 1, 864, 586, 1, 0, 3, 4, 1, 1, 2, 2]),
 (16, [1998, 26, 0, 1, 1, 1549, 1935, 1, 1, 0, 0, 1, 1, 1, 1]),
 (16, [1758, 102, 0, 0, 1, 754, 1861, 1, 1, 0, 0, 0, 2, 0, 2]),
 (16, [1690, 100, 1, 0, 1, 1802, 1002, 0, 1, 2, 3, 0, 2, 1, 1]),
 (16, [1561, 68, 0, 1, 0, 516, 579, 0, 1, 0, 0, 1, 1, 0, 2]),
 (16, [1462, 29, 1, 0, 1, 1120, 1329, 1, 0, 2, 2, 1, 0, 0, 1]),
 (16, [1424, 62, 1, 1, 1, 1717, 1539, 0, 1, 1, 4, 1, 1, 1, 2]),
 (16, [1399, 16, 0, 1, 1, 651, 980, 1, 0, 1, 3, 0, 1, 1, 1]),
 (16, [1378, 35, 1, 1, 1, 819, 887, 0, 1, 2, 3, 0, 0, 2, 0]),
 (16, [1254, 101, 1, 0, 0, 1973, 1813, 0, 0, 0, 3, 0, 0, 1, 1]),
 (16, [886, 53, 1, 1, 1, 1549, 1690, 0, 1, 0, 0, 0, 0, 2, 2]),
 (16, [759, 33, 0, 0, 0, 571, 1130, 1, 1, 2, 4, 1, 1, 1, 0]),
 (16, [648, 92, 0, 0, 1, 528, 956, 1, 0, 1, 3, 0, 2, 0, 2]),
 (16, [530, 13, 1, 0, 0, 929, 1855, 0, 1, 1, 3, 0, 2, 0, 2]),
 (12, [2025, 74, 0, 1, 1, 1805, 791, 0, 0, 0, 0, 1, 2, 0, 0]),
 (12, [1954, 31, 0, 0, 1, 1882, 1457, 1, 1, 1, 1, 0, 1, 2, 2]),
 (12, [1716, 11, 0, 1, 1, 1638, 1323, 0, 0, 2, 1, 1, 2, 1, 1]),
 (12, [1308, 35, 0, 0, 0, 1470, 1808, 0, 1, 1, 3, 0, 1, 2, 1]),
 (12, [1122, 88, 0, 0, 0, 2006, 654, 0, 0, 0, 3, 1, 2, 0, 0]),
 (12, [874, 100, 0, 0, 0, 1082, 616, 0, 1, 0, 3, 0, 1, 2, 0]),
 (12, [731, 116, 0, 0, 0, 1461, 1158, 0, 0, 2, 4, 0, 2, 1, 2])]
scored
[(12, [731, 116, 0, 0, 0, 1461, 1158, 0, 0, 2, 4, 0, 2, 1, 2]),
 (12, [874, 100, 0, 0, 0, 1082, 616, 0, 1, 0, 3, 0, 1, 2, 0]),
 (12, [1122, 88, 0, 0, 0, 2006, 654, 0, 0, 0, 3, 1, 2, 0, 0]),
 (12, [1308, 35, 0, 0, 0, 1470, 1808, 0, 1, 1, 3, 0, 1, 2, 1]),
 (12, [1716, 11, 0, 1, 1, 1638, 1323, 0, 0, 2, 1, 1, 2, 1, 1]),
 (12, [1954, 31, 0, 0, 1, 1882, 1457, 1, 1, 1, 1, 0, 1, 2, 2]),
 (12, [2025, 74, 0, 1, 1, 1805, 791, 0, 0, 0, 0, 1, 2, 0, 0]),
 (16, [530, 13, 1, 0, 0, 929, 1855, 0, 1, 1, 3, 0, 2, 0, 2]),
 (16, [648, 92, 0, 0, 1, 528, 956, 1, 0, 1, 3, 0, 2, 0, 2]),
 (16, [759, 33, 0, 0, 0, 571, 1130, 1, 1, 2, 4, 1, 1, 1, 0]),
 (16, [886, 53, 1, 1, 1, 1549, 1690, 0, 1, 0, 0, 0, 0, 2, 2]),
 (16, [1254, 101, 1, 0, 0, 1973, 1813, 0, 0, 0, 3, 0, 0, 1, 1]),
 (16, [1378, 35, 1, 1, 1, 819, 887, 0, 1, 2, 3, 0, 0, 2, 0]),
 (16, [1399, 16, 0, 1, 1, 651, 980, 1, 0, 1, 3, 0, 1, 1, 1]),
 (16, [1424, 62, 1, 1, 1, 1717, 1539, 0, 1, 1, 4, 1, 1, 1, 2]),
 (16, [1462, 29, 1, 0, 1, 1120, 1329, 1, 0, 2, 2, 1, 0, 0, 1]),
 (16, [1561, 68, 0, 1, 0, 516, 579, 0, 1, 0, 0, 1, 1, 0, 2]),
 (16, [1690, 100, 1, 0, 1, 1802, 1002, 0, 1, 2, 3, 0, 2, 1, 1]),
 (16, [1758, 102, 0, 0, 1, 754, 1861, 1, 1, 0, 0, 0, 2, 0, 2]),
 (16, [1998, 26, 0, 1, 1, 1549, 1935, 1, 1, 0, 0, 1, 1, 1, 1]),
 (999, [584, 45, 1, 0, 1, 864, 586, 1, 0, 3, 4, 1, 1, 2, 2]),
 (999, [713, 108, 0, 1, 0, 824, 1506, 1, 0, 3, 3, 1, 0, 0, 0]),
 (999, [908, 79, 0, 1, 0, 1875, 1278, 1, 1, 3, 0, 1, 2, 2, 2]),
 (999, [915, 114, 0, 1, 1, 648, 2010, 0, 0, 1, 5, 0, 2, 2, 0]),
 (999, [1098, 70, 0, 1, 0, 1459, 1133, 0, 1, 3, 0, 1, 1, 2, 0]),
 (999, [1185, 90, 0, 0, 1, 784, 1266, 0, 0, 2, 5, 1, 0, 0, 0]),
 (999, [1282, 111, 1, 1, 1, 1900, 1985, 1, 1, 3, 5, 0, 1, 2, 2]),
 (999, [1446, 23, 1, 0, 0, 1534, 1693, 0, 0, 3, 4, 0, 1, 1, 2]),
 (999, [1544, 85, 1, 1, 1, 1698, 1482, 1, 0, 1, 5, 0, 1, 1, 2]),
 (999, [1642, 114, 1, 1, 1, 2035, 923, 1, 1, 3, 3, 0, 0, 1, 2]),
 (999, [1779, 66, 0, 1, 1, 1469, 1862, 0, 1, 3, 1, 1, 2, 2, 0]),
 (999, [2003, 111, 1, 0, 1, 1060, 1248, 0, 1, 3, 2, 0, 2, 2, 1])]
Selected
[(12, [2025, 74, 0, 1, 1, 1805, 791, 0, 0, 0, 0, 1, 2, 0, 0]),
 (12, [1954, 31, 0, 0, 1, 1882, 1457, 1, 1, 1, 1, 0, 1, 2, 2]),
 (12, [731, 116, 0, 0, 0, 1461, 1158, 0, 0, 2, 4, 0, 2, 1, 2]),
 (16, [1561, 68, 0, 1, 0, 516, 579, 0, 1, 0, 0, 1, 1, 0, 2]),
 (12, [874, 100, 0, 0, 0, 1082, 616, 0, 1, 0, 3, 0, 1, 2, 0]),
 (12, [1716, 11, 0, 1, 1, 1638, 1323, 0, 0, 2, 1, 1, 2, 1, 1]),
 (12, [731, 116, 0, 0, 0, 1461, 1158, 0, 0, 2, 4, 0, 2, 1, 2]),
 (12, [731, 116, 0, 0, 0, 1461, 1158, 0, 0, 2, 4, 0, 2, 1, 2]),
 (16, [1254, 101, 1, 0, 0, 1973, 1813, 0, 0, 0, 3, 0, 0, 1, 1]),
 (12, [731, 116, 0, 0, 0, 1461, 1158, 0, 0, 2, 4, 0, 2, 1, 2]),
 (12, [1122, 88, 0, 0, 0, 2006, 654, 0, 0, 0, 3, 1, 2, 0, 0]),
 (12, [1954, 31, 0, 0, 1, 1882, 1457, 1, 1, 1, 1, 0, 1, 2, 2]),
 (16, [1254, 101, 1, 0, 0, 1973, 1813, 0, 0, 0, 3, 0, 0, 1, 1]),
 (12, [2025, 74, 0, 1, 1, 1805, 791, 0, 0, 0, 0, 1, 2, 0, 0]),
 (12, [1122, 88, 0, 0, 0, 2006, 654, 0, 0, 0, 3, 1, 2, 0, 0]),
 (12, [731, 116, 0, 0, 0, 1461, 1158, 0, 0, 2, 4, 0, 2, 1, 2]),
 (12, [1716, 11, 0, 1, 1, 1638, 1323, 0, 0, 2, 1, 1, 2, 1, 1]),
 (12, [731, 116, 0, 0, 0, 1461, 1158, 0, 0, 2, 4, 0, 2, 1, 2]),
 (12, [1308, 35, 0, 0, 0, 1470, 1808, 0, 1, 1, 3, 0, 1, 2, 1]),
 (12, [1308, 35, 0, 0, 0, 1470, 1808, 0, 1, 1, 3, 0, 1, 2, 1]),
 (12, [731, 116, 0, 0, 0, 1461, 1158, 0, 0, 2, 4, 0, 2, 1, 2]),
 (12, [1308, 35, 0, 0, 0, 1470, 1808, 0, 1, 1, 3, 0, 1, 2, 1]),
 (16, [1254, 101, 1, 0, 0, 1973, 1813, 0, 0, 0, 3, 0, 0, 1, 1]),
 (16, [1998, 26, 0, 1, 1, 1549, 1935, 1, 1, 0, 0, 1, 1, 1, 1]),
 (12, [1954, 31, 0, 0, 1, 1882, 1457, 1, 1, 1, 1, 0, 1, 2, 2]),
 (12, [874, 100, 0, 0, 0, 1082, 616, 0, 1, 0, 3, 0, 1, 2, 0]),
 (12, [1122, 88, 0, 0, 0, 2006, 654, 0, 0, 0, 3, 1, 2, 0, 0])]
population
[(999, [2003, 111, 1, 0, 1, 1060, 1248, 0, 1, 3, 2, 0, 2, 2, 1]),
 (999, [1779, 66, 0, 1, 1, 1469, 1862, 0, 1, 3, 1, 1, 2, 2, 0]),
 (999, [1642, 114, 1, 1, 1, 2035, 923, 1, 1, 3, 3, 0, 0, 1, 2]),
 (999, [1544, 85, 1, 1, 1, 1698, 1482, 1, 0, 1, 5, 0, 1, 1, 2]),
 (999, [1446, 23, 1, 0, 0, 1534, 1693, 0, 0, 3, 4, 0, 1, 1, 2]),
 (999, [1282, 111, 1, 1, 1, 1900, 1985, 1, 1, 3, 5, 0, 1, 2, 2]),
 (999, [1185, 90, 0, 0, 1, 784, 1266, 0, 0, 2, 5, 1, 0, 0, 0]),
 (999, [1098, 70, 0, 1, 0, 1459, 1133, 0, 1, 3, 0, 1, 1, 2, 0]),
 (999, [915, 114, 0, 1, 1, 648, 2010, 0, 0, 1, 5, 0, 2, 2, 0]),
 (999, [908, 79, 0, 1, 0, 1875, 1278, 1, 1, 3, 0, 1, 2, 2, 2]),
 (999, [713, 108, 0, 1, 0, 824, 1506, 1, 0, 3, 3, 1, 0, 0, 0]),
 (999, [584, 45, 1, 0, 1, 864, 586, 1, 0, 3, 4, 1, 1, 2, 2]),
 (16, [1998, 26, 0, 1, 1, 1549, 1935, 1, 1, 0, 0, 1, 1, 1, 1]),
 (16, [1758, 102, 0, 0, 1, 754, 1861, 1, 1, 0, 0, 0, 2, 0, 2]),
 (16, [1690, 100, 1, 0, 1, 1802, 1002, 0, 1, 2, 3, 0, 2, 1, 1]),
 (16, [1561, 68, 0, 1, 0, 516, 579, 0, 1, 0, 0, 1, 1, 0, 2]),
 (16, [1462, 29, 1, 0, 1, 1120, 1329, 1, 0, 2, 2, 1, 0, 0, 1]),
 (16, [1424, 62, 1, 1, 1, 1717, 1539, 0, 1, 1, 4, 1, 1, 1, 2]),
 (16, [1399, 16, 0, 1, 1, 651, 980, 1, 0, 1, 3, 0, 1, 1, 1]),
 (16, [1378, 35, 1, 1, 1, 819, 887, 0, 1, 2, 3, 0, 0, 2, 0]),
 (16, [1254, 101, 1, 0, 0, 1973, 1813, 0, 0, 0, 3, 0, 0, 1, 1]),
 (16, [886, 53, 1, 1, 1, 1549, 1690, 0, 1, 0, 0, 0, 0, 2, 2]),
 (16, [759, 33, 0, 0, 0, 571, 1130, 1, 1, 2, 4, 1, 1, 1, 0]),
 (16, [648, 92, 0, 0, 1, 528, 956, 1, 0, 1, 3, 0, 2, 0, 2]),
 (16, [530, 13, 1, 0, 0, 929, 1855, 0, 1, 1, 3, 0, 2, 0, 2]),
 (12, [2025, 74, 0, 1, 1, 1805, 791, 0, 0, 0, 0, 1, 2, 0, 0]),
 (12, [1954, 31, 0, 0, 1, 1882, 1457, 1, 1, 1, 1, 0, 1, 2, 2]),
 (12, [1716, 11, 0, 1, 1, 1638, 1323, 0, 0, 2, 1, 1, 2, 1, 1]),
 (12, [1308, 35, 0, 0, 0, 1470, 1808, 0, 1, 1, 3, 0, 1, 2, 1]),
 (12, [1122, 88, 0, 0, 0, 2006, 654, 0, 0, 0, 3, 1, 2, 0, 0]),
 (12, [874, 100, 0, 0, 0, 1082, 616, 0, 1, 0, 3, 0, 1, 2, 0]),
 (12, [731, 116, 0, 0, 0, 1461, 1158, 0, 0, 2, 4, 0, 2, 1, 2])]
scored
[(12, [731, 116, 0, 0, 0, 1461, 1158, 0, 0, 2, 4, 0, 2, 1, 2]),
 (12, [874, 100, 0, 0, 0, 1082, 616, 0, 1, 0, 3, 0, 1, 2, 0]),
 (12, [1122, 88, 0, 0, 0, 2006, 654, 0, 0, 0, 3, 1, 2, 0, 0]),
 (12, [1308, 35, 0, 0, 0, 1470, 1808, 0, 1, 1, 3, 0, 1, 2, 1]),
 (12, [1716, 11, 0, 1, 1, 1638, 1323, 0, 0, 2, 1, 1, 2, 1, 1]),
 (12, [1954, 31, 0, 0, 1, 1882, 1457, 1, 1, 1, 1, 0, 1, 2, 2]),
 (12, [2025, 74, 0, 1, 1, 1805, 791, 0, 0, 0, 0, 1, 2, 0, 0]),
 (16, [530, 13, 1, 0, 0, 929, 1855, 0, 1, 1, 3, 0, 2, 0, 2]),
 (16, [648, 92, 0, 0, 1, 528, 956, 1, 0, 1, 3, 0, 2, 0, 2]),
 (16, [759, 33, 0, 0, 0, 571, 1130, 1, 1, 2, 4, 1, 1, 1, 0]),
 (16, [886, 53, 1, 1, 1, 1549, 1690, 0, 1, 0, 0, 0, 0, 2, 2]),
 (16, [1254, 101, 1, 0, 0, 1973, 1813, 0, 0, 0, 3, 0, 0, 1, 1]),
 (16, [1378, 35, 1, 1, 1, 819, 887, 0, 1, 2, 3, 0, 0, 2, 0]),
 (16, [1399, 16, 0, 1, 1, 651, 980, 1, 0, 1, 3, 0, 1, 1, 1]),
 (16, [1424, 62, 1, 1, 1, 1717, 1539, 0, 1, 1, 4, 1, 1, 1, 2]),
 (16, [1462, 29, 1, 0, 1, 1120, 1329, 1, 0, 2, 2, 1, 0, 0, 1]),
 (16, [1561, 68, 0, 1, 0, 516, 579, 0, 1, 0, 0, 1, 1, 0, 2]),
 (16, [1690, 100, 1, 0, 1, 1802, 1002, 0, 1, 2, 3, 0, 2, 1, 1]),
 (16, [1758, 102, 0, 0, 1, 754, 1861, 1, 1, 0, 0, 0, 2, 0, 2]),
 (16, [1998, 26, 0, 1, 1, 1549, 1935, 1, 1, 0, 0, 1, 1, 1, 1]),
 (999, [584, 45, 1, 0, 1, 864, 586, 1, 0, 3, 4, 1, 1, 2, 2]),
 (999, [713, 108, 0, 1, 0, 824, 1506, 1, 0, 3, 3, 1, 0, 0, 0]),
 (999, [908, 79, 0, 1, 0, 1875, 1278, 1, 1, 3, 0, 1, 2, 2, 2]),
 (999, [915, 114, 0, 1, 1, 648, 2010, 0, 0, 1, 5, 0, 2, 2, 0]),
 (999, [1098, 70, 0, 1, 0, 1459, 1133, 0, 1, 3, 0, 1, 1, 2, 0]),
 (999, [1185, 90, 0, 0, 1, 784, 1266, 0, 0, 2, 5, 1, 0, 0, 0]),
 (999, [1282, 111, 1, 1, 1, 1900, 1985, 1, 1, 3, 5, 0, 1, 2, 2]),
 (999, [1446, 23, 1, 0, 0, 1534, 1693, 0, 0, 3, 4, 0, 1, 1, 2]),
 (999, [1544, 85, 1, 1, 1, 1698, 1482, 1, 0, 1, 5, 0, 1, 1, 2]),
 (999, [1642, 114, 1, 1, 1, 2035, 923, 1, 1, 3, 3, 0, 0, 1, 2]),
 (999, [1779, 66, 0, 1, 1, 1469, 1862, 0, 1, 3, 1, 1, 2, 2, 0]),
 (999, [2003, 111, 1, 0, 1, 1060, 1248, 0, 1, 3, 2, 0, 2, 2, 1])]
Selected
[(12, [1308, 35, 0, 0, 0, 1470, 1808, 0, 1, 1, 3, 0, 1, 2, 1]),
 (12, [731, 116, 0, 0, 0, 1461, 1158, 0, 0, 2, 4, 0, 2, 1, 2]),
 (12, [731, 116, 0, 0, 0, 1461, 1158, 0, 0, 2, 4, 0, 2, 1, 2]),
 (16, [759, 33, 0, 0, 0, 571, 1130, 1, 1, 2, 4, 1, 1, 1, 0]),
 (12, [874, 100, 0, 0, 0, 1082, 616, 0, 1, 0, 3, 0, 1, 2, 0]),
 (12, [731, 116, 0, 0, 0, 1461, 1158, 0, 0, 2, 4, 0, 2, 1, 2]),
 (12, [1308, 35, 0, 0, 0, 1470, 1808, 0, 1, 1, 3, 0, 1, 2, 1]),
 (12, [1716, 11, 0, 1, 1, 1638, 1323, 0, 0, 2, 1, 1, 2, 1, 1]),
 (12, [1716, 11, 0, 1, 1, 1638, 1323, 0, 0, 2, 1, 1, 2, 1, 1]),
 (12, [731, 116, 0, 0, 0, 1461, 1158, 0, 0, 2, 4, 0, 2, 1, 2]),
 (12, [731, 116, 0, 0, 0, 1461, 1158, 0, 0, 2, 4, 0, 2, 1, 2]),
 (16, [1998, 26, 0, 1, 1, 1549, 1935, 1, 1, 0, 0, 1, 1, 1, 1]),
 (16, [530, 13, 1, 0, 0, 929, 1855, 0, 1, 1, 3, 0, 2, 0, 2]),
 (16, [759, 33, 0, 0, 0, 571, 1130, 1, 1, 2, 4, 1, 1, 1, 0]),
 (12, [1716, 11, 0, 1, 1, 1638, 1323, 0, 0, 2, 1, 1, 2, 1, 1]),
 (12, [1122, 88, 0, 0, 0, 2006, 654, 0, 0, 0, 3, 1, 2, 0, 0]),
 (12, [874, 100, 0, 0, 0, 1082, 616, 0, 1, 0, 3, 0, 1, 2, 0]),
 (16, [759, 33, 0, 0, 0, 571, 1130, 1, 1, 2, 4, 1, 1, 1, 0]),
 (12, [1308, 35, 0, 0, 0, 1470, 1808, 0, 1, 1, 3, 0, 1, 2, 1]),
 (12, [1954, 31, 0, 0, 1, 1882, 1457, 1, 1, 1, 1, 0, 1, 2, 2]),
 (12, [731, 116, 0, 0, 0, 1461, 1158, 0, 0, 2, 4, 0, 2, 1, 2]),
 (12, [1122, 88, 0, 0, 0, 2006, 654, 0, 0, 0, 3, 1, 2, 0, 0]),
 (12, [1954, 31, 0, 0, 1, 1882, 1457, 1, 1, 1, 1, 0, 1, 2, 2]),
 (16, [530, 13, 1, 0, 0, 929, 1855, 0, 1, 1, 3, 0, 2, 0, 2]),
 (16, [759, 33, 0, 0, 0, 571, 1130, 1, 1, 2, 4, 1, 1, 1, 0]),
 (12, [1716, 11, 0, 1, 1, 1638, 1323, 0, 0, 2, 1, 1, 2, 1, 1]),
 (16, [648, 92, 0, 0, 1, 528, 956, 1, 0, 1, 3, 0, 2, 0, 2])]
population
[(999, [2003, 111, 1, 0, 1, 1060, 1248, 0, 1, 3, 2, 0, 2, 2, 1]),
 (999, [1779, 66, 0, 1, 1, 1469, 1862, 0, 1, 3, 1, 1, 2, 2, 0]),
 (999, [1642, 114, 1, 1, 1, 2035, 923, 1, 1, 3, 3, 0, 0, 1, 2]),
 (999, [1544, 85, 1, 1, 1, 1698, 1482, 1, 0, 1, 5, 0, 1, 1, 2]),
 (999, [1446, 23, 1, 0, 0, 1534, 1693, 0, 0, 3, 4, 0, 1, 1, 2]),
 (999, [1282, 111, 1, 1, 1, 1900, 1985, 1, 1, 3, 5, 0, 1, 2, 2]),
 (999, [1185, 90, 0, 0, 1, 784, 1266, 0, 0, 2, 5, 1, 0, 0, 0]),
 (999, [1098, 70, 0, 1, 0, 1459, 1133, 0, 1, 3, 0, 1, 1, 2, 0]),
 (999, [915, 114, 0, 1, 1, 648, 2010, 0, 0, 1, 5, 0, 2, 2, 0]),
 (999, [908, 79, 0, 1, 0, 1875, 1278, 1, 1, 3, 0, 1, 2, 2, 2]),
 (999, [713, 108, 0, 1, 0, 824, 1506, 1, 0, 3, 3, 1, 0, 0, 0]),
 (999, [584, 45, 1, 0, 1, 864, 586, 1, 0, 3, 4, 1, 1, 2, 2]),
 (16, [1998, 26, 0, 1, 1, 1549, 1935, 1, 1, 0, 0, 1, 1, 1, 1]),
 (16, [1758, 102, 0, 0, 1, 754, 1861, 1, 1, 0, 0, 0, 2, 0, 2]),
 (16, [1690, 100, 1, 0, 1, 1802, 1002, 0, 1, 2, 3, 0, 2, 1, 1]),
 (16, [1561, 68, 0, 1, 0, 516, 579, 0, 1, 0, 0, 1, 1, 0, 2]),
 (16, [1462, 29, 1, 0, 1, 1120, 1329, 1, 0, 2, 2, 1, 0, 0, 1]),
 (16, [1424, 62, 1, 1, 1, 1717, 1539, 0, 1, 1, 4, 1, 1, 1, 2]),
 (16, [1399, 16, 0, 1, 1, 651, 980, 1, 0, 1, 3, 0, 1, 1, 1]),
 (16, [1378, 35, 1, 1, 1, 819, 887, 0, 1, 2, 3, 0, 0, 2, 0]),
 (16, [1254, 101, 1, 0, 0, 1973, 1813, 0, 0, 0, 3, 0, 0, 1, 1]),
 (16, [886, 53, 1, 1, 1, 1549, 1690, 0, 1, 0, 0, 0, 0, 2, 2]),
 (16, [759, 33, 0, 0, 0, 571, 1130, 1, 1, 2, 4, 1, 1, 1, 0]),
 (16, [648, 92, 0, 0, 1, 528, 956, 1, 0, 1, 3, 0, 2, 0, 2]),
 (16, [530, 13, 1, 0, 0, 929, 1855, 0, 1, 1, 3, 0, 2, 0, 2]),
 (12, [2025, 74, 0, 1, 1, 1805, 791, 0, 0, 0, 0, 1, 2, 0, 0]),
 (12, [1954, 31, 0, 0, 1, 1882, 1457, 1, 1, 1, 1, 0, 1, 2, 2]),
 (12, [1716, 11, 0, 1, 1, 1638, 1323, 0, 0, 2, 1, 1, 2, 1, 1]),
 (12, [1308, 35, 0, 0, 0, 1470, 1808, 0, 1, 1, 3, 0, 1, 2, 1]),
 (12, [1122, 88, 0, 0, 0, 2006, 654, 0, 0, 0, 3, 1, 2, 0, 0]),
 (12, [874, 100, 0, 0, 0, 1082, 616, 0, 1, 0, 3, 0, 1, 2, 0]),
 (12, [731, 116, 0, 0, 0, 1461, 1158, 0, 0, 2, 4, 0, 2, 1, 2])]
scored
[(12, [731, 116, 0, 0, 0, 1461, 1158, 0, 0, 2, 4, 0, 2, 1, 2]),
 (12, [874, 100, 0, 0, 0, 1082, 616, 0, 1, 0, 3, 0, 1, 2, 0]),
 (12, [1122, 88, 0, 0, 0, 2006, 654, 0, 0, 0, 3, 1, 2, 0, 0]),
 (12, [1308, 35, 0, 0, 0, 1470, 1808, 0, 1, 1, 3, 0, 1, 2, 1]),
 (12, [1716, 11, 0, 1, 1, 1638, 1323, 0, 0, 2, 1, 1, 2, 1, 1]),
 (12, [1954, 31, 0, 0, 1, 1882, 1457, 1, 1, 1, 1, 0, 1, 2, 2]),
 (12, [2025, 74, 0, 1, 1, 1805, 791, 0, 0, 0, 0, 1, 2, 0, 0]),
 (16, [530, 13, 1, 0, 0, 929, 1855, 0, 1, 1, 3, 0, 2, 0, 2]),
 (16, [648, 92, 0, 0, 1, 528, 956, 1, 0, 1, 3, 0, 2, 0, 2]),
 (16, [759, 33, 0, 0, 0, 571, 1130, 1, 1, 2, 4, 1, 1, 1, 0]),
 (16, [886, 53, 1, 1, 1, 1549, 1690, 0, 1, 0, 0, 0, 0, 2, 2]),
 (16, [1254, 101, 1, 0, 0, 1973, 1813, 0, 0, 0, 3, 0, 0, 1, 1]),
 (16, [1378, 35, 1, 1, 1, 819, 887, 0, 1, 2, 3, 0, 0, 2, 0]),
 (16, [1399, 16, 0, 1, 1, 651, 980, 1, 0, 1, 3, 0, 1, 1, 1]),
 (16, [1424, 62, 1, 1, 1, 1717, 1539, 0, 1, 1, 4, 1, 1, 1, 2]),
 (16, [1462, 29, 1, 0, 1, 1120, 1329, 1, 0, 2, 2, 1, 0, 0, 1]),
 (16, [1561, 68, 0, 1, 0, 516, 579, 0, 1, 0, 0, 1, 1, 0, 2]),
 (16, [1690, 100, 1, 0, 1, 1802, 1002, 0, 1, 2, 3, 0, 2, 1, 1]),
 (16, [1758, 102, 0, 0, 1, 754, 1861, 1, 1, 0, 0, 0, 2, 0, 2]),
 (16, [1998, 26, 0, 1, 1, 1549, 1935, 1, 1, 0, 0, 1, 1, 1, 1]),
 (999, [584, 45, 1, 0, 1, 864, 586, 1, 0, 3, 4, 1, 1, 2, 2]),
 (999, [713, 108, 0, 1, 0, 824, 1506, 1, 0, 3, 3, 1, 0, 0, 0]),
 (999, [908, 79, 0, 1, 0, 1875, 1278, 1, 1, 3, 0, 1, 2, 2, 2]),
 (999, [915, 114, 0, 1, 1, 648, 2010, 0, 0, 1, 5, 0, 2, 2, 0]),
 (999, [1098, 70, 0, 1, 0, 1459, 1133, 0, 1, 3, 0, 1, 1, 2, 0]),
 (999, [1185, 90, 0, 0, 1, 784, 1266, 0, 0, 2, 5, 1, 0, 0, 0]),
 (999, [1282, 111, 1, 1, 1, 1900, 1985, 1, 1, 3, 5, 0, 1, 2, 2]),
 (999, [1446, 23, 1, 0, 0, 1534, 1693, 0, 0, 3, 4, 0, 1, 1, 2]),
 (999, [1544, 85, 1, 1, 1, 1698, 1482, 1, 0, 1, 5, 0, 1, 1, 2]),
 (999, [1642, 114, 1, 1, 1, 2035, 923, 1, 1, 3, 3, 0, 0, 1, 2]),
 (999, [1779, 66, 0, 1, 1, 1469, 1862, 0, 1, 3, 1, 1, 2, 2, 0]),
 (999, [2003, 111, 1, 0, 1, 1060, 1248, 0, 1, 3, 2, 0, 2, 2, 1])]
Selected
[(12, [1308, 35, 0, 0, 0, 1470, 1808, 0, 1, 1, 3, 0, 1, 2, 1]),
 (16, [886, 53, 1, 1, 1, 1549, 1690, 0, 1, 0, 0, 0, 0, 2, 2]),
 (16, [530, 13, 1, 0, 0, 929, 1855, 0, 1, 1, 3, 0, 2, 0, 2]),
 (16, [759, 33, 0, 0, 0, 571, 1130, 1, 1, 2, 4, 1, 1, 1, 0]),
 (16, [648, 92, 0, 0, 1, 528, 956, 1, 0, 1, 3, 0, 2, 0, 2]),
 (12, [874, 100, 0, 0, 0, 1082, 616, 0, 1, 0, 3, 0, 1, 2, 0]),
 (16, [1462, 29, 1, 0, 1, 1120, 1329, 1, 0, 2, 2, 1, 0, 0, 1]),
 (16, [648, 92, 0, 0, 1, 528, 956, 1, 0, 1, 3, 0, 2, 0, 2]),
 (12, [2025, 74, 0, 1, 1, 1805, 791, 0, 0, 0, 0, 1, 2, 0, 0]),
 (12, [731, 116, 0, 0, 0, 1461, 1158, 0, 0, 2, 4, 0, 2, 1, 2]),
 (12, [731, 116, 0, 0, 0, 1461, 1158, 0, 0, 2, 4, 0, 2, 1, 2]),
 (16, [530, 13, 1, 0, 0, 929, 1855, 0, 1, 1, 3, 0, 2, 0, 2]),
 (16, [530, 13, 1, 0, 0, 929, 1855, 0, 1, 1, 3, 0, 2, 0, 2]),
 (12, [874, 100, 0, 0, 0, 1082, 616, 0, 1, 0, 3, 0, 1, 2, 0]),
 (12, [1308, 35, 0, 0, 0, 1470, 1808, 0, 1, 1, 3, 0, 1, 2, 1]),
 (12, [874, 100, 0, 0, 0, 1082, 616, 0, 1, 0, 3, 0, 1, 2, 0]),
 (12, [874, 100, 0, 0, 0, 1082, 616, 0, 1, 0, 3, 0, 1, 2, 0]),
 (12, [2025, 74, 0, 1, 1, 1805, 791, 0, 0, 0, 0, 1, 2, 0, 0]),
 (12, [1308, 35, 0, 0, 0, 1470, 1808, 0, 1, 1, 3, 0, 1, 2, 1]),
 (12, [1308, 35, 0, 0, 0, 1470, 1808, 0, 1, 1, 3, 0, 1, 2, 1]),
 (12, [1122, 88, 0, 0, 0, 2006, 654, 0, 0, 0, 3, 1, 2, 0, 0]),
 (12, [1954, 31, 0, 0, 1, 1882, 1457, 1, 1, 1, 1, 0, 1, 2, 2]),
 (16, [1378, 35, 1, 1, 1, 819, 887, 0, 1, 2, 3, 0, 0, 2, 0]),
 (12, [1122, 88, 0, 0, 0, 2006, 654, 0, 0, 0, 3, 1, 2, 0, 0]),
 (12, [874, 100, 0, 0, 0, 1082, 616, 0, 1, 0, 3, 0, 1, 2, 0]),
 (12, [1122, 88, 0, 0, 0, 2006, 654, 0, 0, 0, 3, 1, 2, 0, 0]),
 (12, [1954, 31, 0, 0, 1, 1882, 1457, 1, 1, 1, 1, 0, 1, 2, 2])]
population
[(999, [2003, 111, 1, 0, 1, 1060, 1248, 0, 1, 3, 2, 0, 2, 2, 1]),
 (999, [1779, 66, 0, 1, 1, 1469, 1862, 0, 1, 3, 1, 1, 2, 2, 0]),
 (999, [1642, 114, 1, 1, 1, 2035, 923, 1, 1, 3, 3, 0, 0, 1, 2]),
 (999, [1544, 85, 1, 1, 1, 1698, 1482, 1, 0, 1, 5, 0, 1, 1, 2]),
 (999, [1446, 23, 1, 0, 0, 1534, 1693, 0, 0, 3, 4, 0, 1, 1, 2]),
 (999, [1282, 111, 1, 1, 1, 1900, 1985, 1, 1, 3, 5, 0, 1, 2, 2]),
 (999, [1185, 90, 0, 0, 1, 784, 1266, 0, 0, 2, 5, 1, 0, 0, 0]),
 (999, [1098, 70, 0, 1, 0, 1459, 1133, 0, 1, 3, 0, 1, 1, 2, 0]),
 (999, [915, 114, 0, 1, 1, 648, 2010, 0, 0, 1, 5, 0, 2, 2, 0]),
 (999, [908, 79, 0, 1, 0, 1875, 1278, 1, 1, 3, 0, 1, 2, 2, 2]),
 (999, [713, 108, 0, 1, 0, 824, 1506, 1, 0, 3, 3, 1, 0, 0, 0]),
 (999, [584, 45, 1, 0, 1, 864, 586, 1, 0, 3, 4, 1, 1, 2, 2]),
 (16, [1998, 26, 0, 1, 1, 1549, 1935, 1, 1, 0, 0, 1, 1, 1, 1]),
 (16, [1758, 102, 0, 0, 1, 754, 1861, 1, 1, 0, 0, 0, 2, 0, 2]),
 (16, [1690, 100, 1, 0, 1, 1802, 1002, 0, 1, 2, 3, 0, 2, 1, 1]),
 (16, [1561, 68, 0, 1, 0, 516, 579, 0, 1, 0, 0, 1, 1, 0, 2]),
 (16, [1462, 29, 1, 0, 1, 1120, 1329, 1, 0, 2, 2, 1, 0, 0, 1]),
 (16, [1424, 62, 1, 1, 1, 1717, 1539, 0, 1, 1, 4, 1, 1, 1, 2]),
 (16, [1399, 16, 0, 1, 1, 651, 980, 1, 0, 1, 3, 0, 1, 1, 1]),
 (16, [1378, 35, 1, 1, 1, 819, 887, 0, 1, 2, 3, 0, 0, 2, 0]),
 (16, [1254, 101, 1, 0, 0, 1973, 1813, 0, 0, 0, 3, 0, 0, 1, 1]),
 (16, [886, 53, 1, 1, 1, 1549, 1690, 0, 1, 0, 0, 0, 0, 2, 2]),
 (16, [759, 33, 0, 0, 0, 571, 1130, 1, 1, 2, 4, 1, 1, 1, 0]),
 (16, [648, 92, 0, 0, 1, 528, 956, 1, 0, 1, 3, 0, 2, 0, 2]),
 (16, [530, 13, 1, 0, 0, 929, 1855, 0, 1, 1, 3, 0, 2, 0, 2]),
 (12, [2025, 74, 0, 1, 1, 1805, 791, 0, 0, 0, 0, 1, 2, 0, 0]),
 (12, [1954, 31, 0, 0, 1, 1882, 1457, 1, 1, 1, 1, 0, 1, 2, 2]),
 (12, [1716, 11, 0, 1, 1, 1638, 1323, 0, 0, 2, 1, 1, 2, 1, 1]),
 (12, [1308, 35, 0, 0, 0, 1470, 1808, 0, 1, 1, 3, 0, 1, 2, 1]),
 (12, [1122, 88, 0, 0, 0, 2006, 654, 0, 0, 0, 3, 1, 2, 0, 0]),
 (12, [874, 100, 0, 0, 0, 1082, 616, 0, 1, 0, 3, 0, 1, 2, 0]),
 (12, [731, 116, 0, 0, 0, 1461, 1158, 0, 0, 2, 4, 0, 2, 1, 2])]
scored
[(12, [731, 116, 0, 0, 0, 1461, 1158, 0, 0, 2, 4, 0, 2, 1, 2]),
 (12, [874, 100, 0, 0, 0, 1082, 616, 0, 1, 0, 3, 0, 1, 2, 0]),
 (12, [1122, 88, 0, 0, 0, 2006, 654, 0, 0, 0, 3, 1, 2, 0, 0]),
 (12, [1308, 35, 0, 0, 0, 1470, 1808, 0, 1, 1, 3, 0, 1, 2, 1]),
 (12, [1716, 11, 0, 1, 1, 1638, 1323, 0, 0, 2, 1, 1, 2, 1, 1]),
 (12, [1954, 31, 0, 0, 1, 1882, 1457, 1, 1, 1, 1, 0, 1, 2, 2]),
 (12, [2025, 74, 0, 1, 1, 1805, 791, 0, 0, 0, 0, 1, 2, 0, 0]),
 (16, [530, 13, 1, 0, 0, 929, 1855, 0, 1, 1, 3, 0, 2, 0, 2]),
 (16, [648, 92, 0, 0, 1, 528, 956, 1, 0, 1, 3, 0, 2, 0, 2]),
 (16, [759, 33, 0, 0, 0, 571, 1130, 1, 1, 2, 4, 1, 1, 1, 0]),
 (16, [886, 53, 1, 1, 1, 1549, 1690, 0, 1, 0, 0, 0, 0, 2, 2]),
 (16, [1254, 101, 1, 0, 0, 1973, 1813, 0, 0, 0, 3, 0, 0, 1, 1]),
 (16, [1378, 35, 1, 1, 1, 819, 887, 0, 1, 2, 3, 0, 0, 2, 0]),
 (16, [1399, 16, 0, 1, 1, 651, 980, 1, 0, 1, 3, 0, 1, 1, 1]),
 (16, [1424, 62, 1, 1, 1, 1717, 1539, 0, 1, 1, 4, 1, 1, 1, 2]),
 (16, [1462, 29, 1, 0, 1, 1120, 1329, 1, 0, 2, 2, 1, 0, 0, 1]),
 (16, [1561, 68, 0, 1, 0, 516, 579, 0, 1, 0, 0, 1, 1, 0, 2]),
 (16, [1690, 100, 1, 0, 1, 1802, 1002, 0, 1, 2, 3, 0, 2, 1, 1]),
 (16, [1758, 102, 0, 0, 1, 754, 1861, 1, 1, 0, 0, 0, 2, 0, 2]),
 (16, [1998, 26, 0, 1, 1, 1549, 1935, 1, 1, 0, 0, 1, 1, 1, 1]),
 (999, [584, 45, 1, 0, 1, 864, 586, 1, 0, 3, 4, 1, 1, 2, 2]),
 (999, [713, 108, 0, 1, 0, 824, 1506, 1, 0, 3, 3, 1, 0, 0, 0]),
 (999, [908, 79, 0, 1, 0, 1875, 1278, 1, 1, 3, 0, 1, 2, 2, 2]),
 (999, [915, 114, 0, 1, 1, 648, 2010, 0, 0, 1, 5, 0, 2, 2, 0]),
 (999, [1098, 70, 0, 1, 0, 1459, 1133, 0, 1, 3, 0, 1, 1, 2, 0]),
 (999, [1185, 90, 0, 0, 1, 784, 1266, 0, 0, 2, 5, 1, 0, 0, 0]),
 (999, [1282, 111, 1, 1, 1, 1900, 1985, 1, 1, 3, 5, 0, 1, 2, 2]),
 (999, [1446, 23, 1, 0, 0, 1534, 1693, 0, 0, 3, 4, 0, 1, 1, 2]),
 (999, [1544, 85, 1, 1, 1, 1698, 1482, 1, 0, 1, 5, 0, 1, 1, 2]),
 (999, [1642, 114, 1, 1, 1, 2035, 923, 1, 1, 3, 3, 0, 0, 1, 2]),
 (999, [1779, 66, 0, 1, 1, 1469, 1862, 0, 1, 3, 1, 1, 2, 2, 0]),
 (999, [2003, 111, 1, 0, 1, 1060, 1248, 0, 1, 3, 2, 0, 2, 2, 1])]
Selected
[(12, [1716, 11, 0, 1, 1, 1638, 1323, 0, 0, 2, 1, 1, 2, 1, 1]),
 (12, [1716, 11, 0, 1, 1, 1638, 1323, 0, 0, 2, 1, 1, 2, 1, 1]),
 (12, [1716, 11, 0, 1, 1, 1638, 1323, 0, 0, 2, 1, 1, 2, 1, 1]),
 (16, [530, 13, 1, 0, 0, 929, 1855, 0, 1, 1, 3, 0, 2, 0, 2]),
 (12, [1308, 35, 0, 0, 0, 1470, 1808, 0, 1, 1, 3, 0, 1, 2, 1]),
 (12, [1308, 35, 0, 0, 0, 1470, 1808, 0, 1, 1, 3, 0, 1, 2, 1]),
 (12, [1716, 11, 0, 1, 1, 1638, 1323, 0, 0, 2, 1, 1, 2, 1, 1]),
 (12, [2025, 74, 0, 1, 1, 1805, 791, 0, 0, 0, 0, 1, 2, 0, 0]),
 (12, [874, 100, 0, 0, 0, 1082, 616, 0, 1, 0, 3, 0, 1, 2, 0]),
 (12, [731, 116, 0, 0, 0, 1461, 1158, 0, 0, 2, 4, 0, 2, 1, 2]),
 (12, [1716, 11, 0, 1, 1, 1638, 1323, 0, 0, 2, 1, 1, 2, 1, 1]),
 (12, [731, 116, 0, 0, 0, 1461, 1158, 0, 0, 2, 4, 0, 2, 1, 2]),
 (16, [530, 13, 1, 0, 0, 929, 1855, 0, 1, 1, 3, 0, 2, 0, 2]),
 (16, [648, 92, 0, 0, 1, 528, 956, 1, 0, 1, 3, 0, 2, 0, 2]),
 (12, [1122, 88, 0, 0, 0, 2006, 654, 0, 0, 0, 3, 1, 2, 0, 0]),
 (16, [530, 13, 1, 0, 0, 929, 1855, 0, 1, 1, 3, 0, 2, 0, 2]),
 (12, [1954, 31, 0, 0, 1, 1882, 1457, 1, 1, 1, 1, 0, 1, 2, 2]),
 (12, [731, 116, 0, 0, 0, 1461, 1158, 0, 0, 2, 4, 0, 2, 1, 2]),
 (12, [731, 116, 0, 0, 0, 1461, 1158, 0, 0, 2, 4, 0, 2, 1, 2]),
 (12, [874, 100, 0, 0, 0, 1082, 616, 0, 1, 0, 3, 0, 1, 2, 0]),
 (12, [1122, 88, 0, 0, 0, 2006, 654, 0, 0, 0, 3, 1, 2, 0, 0]),
 (12, [731, 116, 0, 0, 0, 1461, 1158, 0, 0, 2, 4, 0, 2, 1, 2]),
 (12, [1716, 11, 0, 1, 1, 1638, 1323, 0, 0, 2, 1, 1, 2, 1, 1]),
 (16, [648, 92, 0, 0, 1, 528, 956, 1, 0, 1, 3, 0, 2, 0, 2]),
 (16, [886, 53, 1, 1, 1, 1549, 1690, 0, 1, 0, 0, 0, 0, 2, 2]),
 (12, [1954, 31, 0, 0, 1, 1882, 1457, 1, 1, 1, 1, 0, 1, 2, 2]),
 (12, [731, 116, 0, 0, 0, 1461, 1158, 0, 0, 2, 4, 0, 2, 1, 2])]
population
[(999, [2003, 111, 1, 0, 1, 1060, 1248, 0, 1, 3, 2, 0, 2, 2, 1]),
 (999, [1779, 66, 0, 1, 1, 1469, 1862, 0, 1, 3, 1, 1, 2, 2, 0]),
 (999, [1642, 114, 1, 1, 1, 2035, 923, 1, 1, 3, 3, 0, 0, 1, 2]),
 (999, [1544, 85, 1, 1, 1, 1698, 1482, 1, 0, 1, 5, 0, 1, 1, 2]),
 (999, [1446, 23, 1, 0, 0, 1534, 1693, 0, 0, 3, 4, 0, 1, 1, 2]),
 (999, [1282, 111, 1, 1, 1, 1900, 1985, 1, 1, 3, 5, 0, 1, 2, 2]),
 (999, [1185, 90, 0, 0, 1, 784, 1266, 0, 0, 2, 5, 1, 0, 0, 0]),
 (999, [1098, 70, 0, 1, 0, 1459, 1133, 0, 1, 3, 0, 1, 1, 2, 0]),
 (999, [915, 114, 0, 1, 1, 648, 2010, 0, 0, 1, 5, 0, 2, 2, 0]),
 (999, [908, 79, 0, 1, 0, 1875, 1278, 1, 1, 3, 0, 1, 2, 2, 2]),
 (999, [713, 108, 0, 1, 0, 824, 1506, 1, 0, 3, 3, 1, 0, 0, 0]),
 (999, [584, 45, 1, 0, 1, 864, 586, 1, 0, 3, 4, 1, 1, 2, 2]),
 (16, [1998, 26, 0, 1, 1, 1549, 1935, 1, 1, 0, 0, 1, 1, 1, 1]),
 (16, [1758, 102, 0, 0, 1, 754, 1861, 1, 1, 0, 0, 0, 2, 0, 2]),
 (16, [1690, 100, 1, 0, 1, 1802, 1002, 0, 1, 2, 3, 0, 2, 1, 1]),
 (16, [1561, 68, 0, 1, 0, 516, 579, 0, 1, 0, 0, 1, 1, 0, 2]),
 (16, [1462, 29, 1, 0, 1, 1120, 1329, 1, 0, 2, 2, 1, 0, 0, 1]),
 (16, [1424, 62, 1, 1, 1, 1717, 1539, 0, 1, 1, 4, 1, 1, 1, 2]),
 (16, [1399, 16, 0, 1, 1, 651, 980, 1, 0, 1, 3, 0, 1, 1, 1]),
 (16, [1378, 35, 1, 1, 1, 819, 887, 0, 1, 2, 3, 0, 0, 2, 0]),
 (16, [1254, 101, 1, 0, 0, 1973, 1813, 0, 0, 0, 3, 0, 0, 1, 1]),
 (16, [886, 53, 1, 1, 1, 1549, 1690, 0, 1, 0, 0, 0, 0, 2, 2]),
 (16, [759, 33, 0, 0, 0, 571, 1130, 1, 1, 2, 4, 1, 1, 1, 0]),
 (16, [648, 92, 0, 0, 1, 528, 956, 1, 0, 1, 3, 0, 2, 0, 2]),
 (16, [530, 13, 1, 0, 0, 929, 1855, 0, 1, 1, 3, 0, 2, 0, 2]),
 (12, [2025, 74, 0, 1, 1, 1805, 791, 0, 0, 0, 0, 1, 2, 0, 0]),
 (12, [1954, 31, 0, 0, 1, 1882, 1457, 1, 1, 1, 1, 0, 1, 2, 2]),
 (12, [1716, 11, 0, 1, 1, 1638, 1323, 0, 0, 2, 1, 1, 2, 1, 1]),
 (12, [1308, 35, 0, 0, 0, 1470, 1808, 0, 1, 1, 3, 0, 1, 2, 1]),
 (12, [1122, 88, 0, 0, 0, 2006, 654, 0, 0, 0, 3, 1, 2, 0, 0]),
 (12, [874, 100, 0, 0, 0, 1082, 616, 0, 1, 0, 3, 0, 1, 2, 0]),
 (12, [731, 116, 0, 0, 0, 1461, 1158, 0, 0, 2, 4, 0, 2, 1, 2])]
scored
[(12, [731, 116, 0, 0, 0, 1461, 1158, 0, 0, 2, 4, 0, 2, 1, 2]),
 (12, [874, 100, 0, 0, 0, 1082, 616, 0, 1, 0, 3, 0, 1, 2, 0]),
 (12, [1122, 88, 0, 0, 0, 2006, 654, 0, 0, 0, 3, 1, 2, 0, 0]),
 (12, [1308, 35, 0, 0, 0, 1470, 1808, 0, 1, 1, 3, 0, 1, 2, 1]),
 (12, [1716, 11, 0, 1, 1, 1638, 1323, 0, 0, 2, 1, 1, 2, 1, 1]),
 (12, [1954, 31, 0, 0, 1, 1882, 1457, 1, 1, 1, 1, 0, 1, 2, 2]),
 (12, [2025, 74, 0, 1, 1, 1805, 791, 0, 0, 0, 0, 1, 2, 0, 0]),
 (16, [530, 13, 1, 0, 0, 929, 1855, 0, 1, 1, 3, 0, 2, 0, 2]),
 (16, [648, 92, 0, 0, 1, 528, 956, 1, 0, 1, 3, 0, 2, 0, 2]),
 (16, [759, 33, 0, 0, 0, 571, 1130, 1, 1, 2, 4, 1, 1, 1, 0]),
 (16, [886, 53, 1, 1, 1, 1549, 1690, 0, 1, 0, 0, 0, 0, 2, 2]),
 (16, [1254, 101, 1, 0, 0, 1973, 1813, 0, 0, 0, 3, 0, 0, 1, 1]),
 (16, [1378, 35, 1, 1, 1, 819, 887, 0, 1, 2, 3, 0, 0, 2, 0]),
 (16, [1399, 16, 0, 1, 1, 651, 980, 1, 0, 1, 3, 0, 1, 1, 1]),
 (16, [1424, 62, 1, 1, 1, 1717, 1539, 0, 1, 1, 4, 1, 1, 1, 2]),
 (16, [1462, 29, 1, 0, 1, 1120, 1329, 1, 0, 2, 2, 1, 0, 0, 1]),
 (16, [1561, 68, 0, 1, 0, 516, 579, 0, 1, 0, 0, 1, 1, 0, 2]),
 (16, [1690, 100, 1, 0, 1, 1802, 1002, 0, 1, 2, 3, 0, 2, 1, 1]),
 (16, [1758, 102, 0, 0, 1, 754, 1861, 1, 1, 0, 0, 0, 2, 0, 2]),
 (16, [1998, 26, 0, 1, 1, 1549, 1935, 1, 1, 0, 0, 1, 1, 1, 1]),
 (999, [584, 45, 1, 0, 1, 864, 586, 1, 0, 3, 4, 1, 1, 2, 2]),
 (999, [713, 108, 0, 1, 0, 824, 1506, 1, 0, 3, 3, 1, 0, 0, 0]),
 (999, [908, 79, 0, 1, 0, 1875, 1278, 1, 1, 3, 0, 1, 2, 2, 2]),
 (999, [915, 114, 0, 1, 1, 648, 2010, 0, 0, 1, 5, 0, 2, 2, 0]),
 (999, [1098, 70, 0, 1, 0, 1459, 1133, 0, 1, 3, 0, 1, 1, 2, 0]),
 (999, [1185, 90, 0, 0, 1, 784, 1266, 0, 0, 2, 5, 1, 0, 0, 0]),
 (999, [1282, 111, 1, 1, 1, 1900, 1985, 1, 1, 3, 5, 0, 1, 2, 2]),
 (999, [1446, 23, 1, 0, 0, 1534, 1693, 0, 0, 3, 4, 0, 1, 1, 2]),
 (999, [1544, 85, 1, 1, 1, 1698, 1482, 1, 0, 1, 5, 0, 1, 1, 2]),
 (999, [1642, 114, 1, 1, 1, 2035, 923, 1, 1, 3, 3, 0, 0, 1, 2]),
 (999, [1779, 66, 0, 1, 1, 1469, 1862, 0, 1, 3, 1, 1, 2, 2, 0]),
 (999, [2003, 111, 1, 0, 1, 1060, 1248, 0, 1, 3, 2, 0, 2, 2, 1])]
Selected
[(12, [874, 100, 0, 0, 0, 1082, 616, 0, 1, 0, 3, 0, 1, 2, 0]),
 (12, [2025, 74, 0, 1, 1, 1805, 791, 0, 0, 0, 0, 1, 2, 0, 0]),
 (16, [530, 13, 1, 0, 0, 929, 1855, 0, 1, 1, 3, 0, 2, 0, 2]),
 (12, [731, 116, 0, 0, 0, 1461, 1158, 0, 0, 2, 4, 0, 2, 1, 2]),
 (16, [886, 53, 1, 1, 1, 1549, 1690, 0, 1, 0, 0, 0, 0, 2, 2]),
 (12, [1122, 88, 0, 0, 0, 2006, 654, 0, 0, 0, 3, 1, 2, 0, 0]),
 (12, [874, 100, 0, 0, 0, 1082, 616, 0, 1, 0, 3, 0, 1, 2, 0]),
 (12, [874, 100, 0, 0, 0, 1082, 616, 0, 1, 0, 3, 0, 1, 2, 0]),
 (12, [1122, 88, 0, 0, 0, 2006, 654, 0, 0, 0, 3, 1, 2, 0, 0]),
 (16, [530, 13, 1, 0, 0, 929, 1855, 0, 1, 1, 3, 0, 2, 0, 2]),
 (12, [874, 100, 0, 0, 0, 1082, 616, 0, 1, 0, 3, 0, 1, 2, 0]),
 (12, [1308, 35, 0, 0, 0, 1470, 1808, 0, 1, 1, 3, 0, 1, 2, 1]),
 (12, [874, 100, 0, 0, 0, 1082, 616, 0, 1, 0, 3, 0, 1, 2, 0]),
 (16, [1378, 35, 1, 1, 1, 819, 887, 0, 1, 2, 3, 0, 0, 2, 0]),
 (12, [1954, 31, 0, 0, 1, 1882, 1457, 1, 1, 1, 1, 0, 1, 2, 2]),
 (12, [731, 116, 0, 0, 0, 1461, 1158, 0, 0, 2, 4, 0, 2, 1, 2]),
 (12, [1122, 88, 0, 0, 0, 2006, 654, 0, 0, 0, 3, 1, 2, 0, 0]),
 (16, [1378, 35, 1, 1, 1, 819, 887, 0, 1, 2, 3, 0, 0, 2, 0]),
 (12, [731, 116, 0, 0, 0, 1461, 1158, 0, 0, 2, 4, 0, 2, 1, 2]),
 (12, [731, 116, 0, 0, 0, 1461, 1158, 0, 0, 2, 4, 0, 2, 1, 2]),
 (12, [1122, 88, 0, 0, 0, 2006, 654, 0, 0, 0, 3, 1, 2, 0, 0]),
 (16, [530, 13, 1, 0, 0, 929, 1855, 0, 1, 1, 3, 0, 2, 0, 2]),
 (12, [874, 100, 0, 0, 0, 1082, 616, 0, 1, 0, 3, 0, 1, 2, 0]),
 (12, [731, 116, 0, 0, 0, 1461, 1158, 0, 0, 2, 4, 0, 2, 1, 2]),
 (16, [1254, 101, 1, 0, 0, 1973, 1813, 0, 0, 0, 3, 0, 0, 1, 1]),
 (16, [1378, 35, 1, 1, 1, 819, 887, 0, 1, 2, 3, 0, 0, 2, 0]),
 (16, [1378, 35, 1, 1, 1, 819, 887, 0, 1, 2, 3, 0, 0, 2, 0])]
population
[(999, [2003, 111, 1, 0, 1, 1060, 1248, 0, 1, 3, 2, 0, 2, 2, 1]),
 (999, [1779, 66, 0, 1, 1, 1469, 1862, 0, 1, 3, 1, 1, 2, 2, 0]),
 (999, [1642, 114, 1, 1, 1, 2035, 923, 1, 1, 3, 3, 0, 0, 1, 2]),
 (999, [1544, 85, 1, 1, 1, 1698, 1482, 1, 0, 1, 5, 0, 1, 1, 2]),
 (999, [1446, 23, 1, 0, 0, 1534, 1693, 0, 0, 3, 4, 0, 1, 1, 2]),
 (999, [1282, 111, 1, 1, 1, 1900, 1985, 1, 1, 3, 5, 0, 1, 2, 2]),
 (999, [1185, 90, 0, 0, 1, 784, 1266, 0, 0, 2, 5, 1, 0, 0, 0]),
 (999, [1098, 70, 0, 1, 0, 1459, 1133, 0, 1, 3, 0, 1, 1, 2, 0]),
 (999, [915, 114, 0, 1, 1, 648, 2010, 0, 0, 1, 5, 0, 2, 2, 0]),
 (999, [908, 79, 0, 1, 0, 1875, 1278, 1, 1, 3, 0, 1, 2, 2, 2]),
 (999, [713, 108, 0, 1, 0, 824, 1506, 1, 0, 3, 3, 1, 0, 0, 0]),
 (999, [584, 45, 1, 0, 1, 864, 586, 1, 0, 3, 4, 1, 1, 2, 2]),
 (16, [1998, 26, 0, 1, 1, 1549, 1935, 1, 1, 0, 0, 1, 1, 1, 1]),
 (16, [1758, 102, 0, 0, 1, 754, 1861, 1, 1, 0, 0, 0, 2, 0, 2]),
 (16, [1690, 100, 1, 0, 1, 1802, 1002, 0, 1, 2, 3, 0, 2, 1, 1]),
 (16, [1561, 68, 0, 1, 0, 516, 579, 0, 1, 0, 0, 1, 1, 0, 2]),
 (16, [1462, 29, 1, 0, 1, 1120, 1329, 1, 0, 2, 2, 1, 0, 0, 1]),
 (16, [1424, 62, 1, 1, 1, 1717, 1539, 0, 1, 1, 4, 1, 1, 1, 2]),
 (16, [1399, 16, 0, 1, 1, 651, 980, 1, 0, 1, 3, 0, 1, 1, 1]),
 (16, [1378, 35, 1, 1, 1, 819, 887, 0, 1, 2, 3, 0, 0, 2, 0]),
 (16, [1254, 101, 1, 0, 0, 1973, 1813, 0, 0, 0, 3, 0, 0, 1, 1]),
 (16, [886, 53, 1, 1, 1, 1549, 1690, 0, 1, 0, 0, 0, 0, 2, 2]),
 (16, [759, 33, 0, 0, 0, 571, 1130, 1, 1, 2, 4, 1, 1, 1, 0]),
 (16, [648, 92, 0, 0, 1, 528, 956, 1, 0, 1, 3, 0, 2, 0, 2]),
 (16, [530, 13, 1, 0, 0, 929, 1855, 0, 1, 1, 3, 0, 2, 0, 2]),
 (12, [2025, 74, 0, 1, 1, 1805, 791, 0, 0, 0, 0, 1, 2, 0, 0]),
 (12, [1954, 31, 0, 0, 1, 1882, 1457, 1, 1, 1, 1, 0, 1, 2, 2]),
 (12, [1716, 11, 0, 1, 1, 1638, 1323, 0, 0, 2, 1, 1, 2, 1, 1]),
 (12, [1308, 35, 0, 0, 0, 1470, 1808, 0, 1, 1, 3, 0, 1, 2, 1]),
 (12, [1122, 88, 0, 0, 0, 2006, 654, 0, 0, 0, 3, 1, 2, 0, 0]),
 (12, [874, 100, 0, 0, 0, 1082, 616, 0, 1, 0, 3, 0, 1, 2, 0]),
 (12, [731, 116, 0, 0, 0, 1461, 1158, 0, 0, 2, 4, 0, 2, 1, 2])]
scored
[(12, [731, 116, 0, 0, 0, 1461, 1158, 0, 0, 2, 4, 0, 2, 1, 2]),
 (12, [874, 100, 0, 0, 0, 1082, 616, 0, 1, 0, 3, 0, 1, 2, 0]),
 (12, [1122, 88, 0, 0, 0, 2006, 654, 0, 0, 0, 3, 1, 2, 0, 0]),
 (12, [1308, 35, 0, 0, 0, 1470, 1808, 0, 1, 1, 3, 0, 1, 2, 1]),
 (12, [1716, 11, 0, 1, 1, 1638, 1323, 0, 0, 2, 1, 1, 2, 1, 1]),
 (12, [1954, 31, 0, 0, 1, 1882, 1457, 1, 1, 1, 1, 0, 1, 2, 2]),
 (12, [2025, 74, 0, 1, 1, 1805, 791, 0, 0, 0, 0, 1, 2, 0, 0]),
 (16, [530, 13, 1, 0, 0, 929, 1855, 0, 1, 1, 3, 0, 2, 0, 2]),
 (16, [648, 92, 0, 0, 1, 528, 956, 1, 0, 1, 3, 0, 2, 0, 2]),
 (16, [759, 33, 0, 0, 0, 571, 1130, 1, 1, 2, 4, 1, 1, 1, 0]),
 (16, [886, 53, 1, 1, 1, 1549, 1690, 0, 1, 0, 0, 0, 0, 2, 2]),
 (16, [1254, 101, 1, 0, 0, 1973, 1813, 0, 0, 0, 3, 0, 0, 1, 1]),
 (16, [1378, 35, 1, 1, 1, 819, 887, 0, 1, 2, 3, 0, 0, 2, 0]),
 (16, [1399, 16, 0, 1, 1, 651, 980, 1, 0, 1, 3, 0, 1, 1, 1]),
 (16, [1424, 62, 1, 1, 1, 1717, 1539, 0, 1, 1, 4, 1, 1, 1, 2]),
 (16, [1462, 29, 1, 0, 1, 1120, 1329, 1, 0, 2, 2, 1, 0, 0, 1]),
 (16, [1561, 68, 0, 1, 0, 516, 579, 0, 1, 0, 0, 1, 1, 0, 2]),
 (16, [1690, 100, 1, 0, 1, 1802, 1002, 0, 1, 2, 3, 0, 2, 1, 1]),
 (16, [1758, 102, 0, 0, 1, 754, 1861, 1, 1, 0, 0, 0, 2, 0, 2]),
 (16, [1998, 26, 0, 1, 1, 1549, 1935, 1, 1, 0, 0, 1, 1, 1, 1]),
 (999, [584, 45, 1, 0, 1, 864, 586, 1, 0, 3, 4, 1, 1, 2, 2]),
 (999, [713, 108, 0, 1, 0, 824, 1506, 1, 0, 3, 3, 1, 0, 0, 0]),
 (999, [908, 79, 0, 1, 0, 1875, 1278, 1, 1, 3, 0, 1, 2, 2, 2]),
 (999, [915, 114, 0, 1, 1, 648, 2010, 0, 0, 1, 5, 0, 2, 2, 0]),
 (999, [1098, 70, 0, 1, 0, 1459, 1133, 0, 1, 3, 0, 1, 1, 2, 0]),
 (999, [1185, 90, 0, 0, 1, 784, 1266, 0, 0, 2, 5, 1, 0, 0, 0]),
 (999, [1282, 111, 1, 1, 1, 1900, 1985, 1, 1, 3, 5, 0, 1, 2, 2]),
 (999, [1446, 23, 1, 0, 0, 1534, 1693, 0, 0, 3, 4, 0, 1, 1, 2]),
 (999, [1544, 85, 1, 1, 1, 1698, 1482, 1, 0, 1, 5, 0, 1, 1, 2]),
 (999, [1642, 114, 1, 1, 1, 2035, 923, 1, 1, 3, 3, 0, 0, 1, 2]),
 (999, [1779, 66, 0, 1, 1, 1469, 1862, 0, 1, 3, 1, 1, 2, 2, 0]),
 (999, [2003, 111, 1, 0, 1, 1060, 1248, 0, 1, 3, 2, 0, 2, 2, 1])]
Selected
[(12, [1716, 11, 0, 1, 1, 1638, 1323, 0, 0, 2, 1, 1, 2, 1, 1]),
 (16, [648, 92, 0, 0, 1, 528, 956, 1, 0, 1, 3, 0, 2, 0, 2]),
 (12, [1122, 88, 0, 0, 0, 2006, 654, 0, 0, 0, 3, 1, 2, 0, 0]),
 (16, [1378, 35, 1, 1, 1, 819, 887, 0, 1, 2, 3, 0, 0, 2, 0]),
 (16, [1254, 101, 1, 0, 0, 1973, 1813, 0, 0, 0, 3, 0, 0, 1, 1]),
 (12, [874, 100, 0, 0, 0, 1082, 616, 0, 1, 0, 3, 0, 1, 2, 0]),
 (12, [874, 100, 0, 0, 0, 1082, 616, 0, 1, 0, 3, 0, 1, 2, 0]),
 (16, [1462, 29, 1, 0, 1, 1120, 1329, 1, 0, 2, 2, 1, 0, 0, 1]),
 (12, [1308, 35, 0, 0, 0, 1470, 1808, 0, 1, 1, 3, 0, 1, 2, 1]),
 (12, [731, 116, 0, 0, 0, 1461, 1158, 0, 0, 2, 4, 0, 2, 1, 2]),
 (12, [731, 116, 0, 0, 0, 1461, 1158, 0, 0, 2, 4, 0, 2, 1, 2]),
 (12, [2025, 74, 0, 1, 1, 1805, 791, 0, 0, 0, 0, 1, 2, 0, 0]),
 (12, [731, 116, 0, 0, 0, 1461, 1158, 0, 0, 2, 4, 0, 2, 1, 2]),
 (12, [1122, 88, 0, 0, 0, 2006, 654, 0, 0, 0, 3, 1, 2, 0, 0]),
 (12, [1954, 31, 0, 0, 1, 1882, 1457, 1, 1, 1, 1, 0, 1, 2, 2]),
 (16, [530, 13, 1, 0, 0, 929, 1855, 0, 1, 1, 3, 0, 2, 0, 2]),
 (12, [874, 100, 0, 0, 0, 1082, 616, 0, 1, 0, 3, 0, 1, 2, 0]),
 (16, [1378, 35, 1, 1, 1, 819, 887, 0, 1, 2, 3, 0, 0, 2, 0]),
 (16, [886, 53, 1, 1, 1, 1549, 1690, 0, 1, 0, 0, 0, 0, 2, 2]),
 (12, [1122, 88, 0, 0, 0, 2006, 654, 0, 0, 0, 3, 1, 2, 0, 0]),
 (16, [759, 33, 0, 0, 0, 571, 1130, 1, 1, 2, 4, 1, 1, 1, 0]),
 (12, [2025, 74, 0, 1, 1, 1805, 791, 0, 0, 0, 0, 1, 2, 0, 0]),
 (12, [1716, 11, 0, 1, 1, 1638, 1323, 0, 0, 2, 1, 1, 2, 1, 1]),
 (12, [731, 116, 0, 0, 0, 1461, 1158, 0, 0, 2, 4, 0, 2, 1, 2]),
 (16, [1462, 29, 1, 0, 1, 1120, 1329, 1, 0, 2, 2, 1, 0, 0, 1]),
 (16, [759, 33, 0, 0, 0, 571, 1130, 1, 1, 2, 4, 1, 1, 1, 0]),
 (12, [1954, 31, 0, 0, 1, 1882, 1457, 1, 1, 1, 1, 0, 1, 2, 2])]
population
[(999, [2003, 111, 1, 0, 1, 1060, 1248, 0, 1, 3, 2, 0, 2, 2, 1]),
 (999, [1779, 66, 0, 1, 1, 1469, 1862, 0, 1, 3, 1, 1, 2, 2, 0]),
 (999, [1642, 114, 1, 1, 1, 2035, 923, 1, 1, 3, 3, 0, 0, 1, 2]),
 (999, [1544, 85, 1, 1, 1, 1698, 1482, 1, 0, 1, 5, 0, 1, 1, 2]),
 (999, [1446, 23, 1, 0, 0, 1534, 1693, 0, 0, 3, 4, 0, 1, 1, 2]),
 (999, [1282, 111, 1, 1, 1, 1900, 1985, 1, 1, 3, 5, 0, 1, 2, 2]),
 (999, [1185, 90, 0, 0, 1, 784, 1266, 0, 0, 2, 5, 1, 0, 0, 0]),
 (999, [1098, 70, 0, 1, 0, 1459, 1133, 0, 1, 3, 0, 1, 1, 2, 0]),
 (999, [915, 114, 0, 1, 1, 648, 2010, 0, 0, 1, 5, 0, 2, 2, 0]),
 (999, [908, 79, 0, 1, 0, 1875, 1278, 1, 1, 3, 0, 1, 2, 2, 2]),
 (999, [713, 108, 0, 1, 0, 824, 1506, 1, 0, 3, 3, 1, 0, 0, 0]),
 (999, [584, 45, 1, 0, 1, 864, 586, 1, 0, 3, 4, 1, 1, 2, 2]),
 (16, [1998, 26, 0, 1, 1, 1549, 1935, 1, 1, 0, 0, 1, 1, 1, 1]),
 (16, [1758, 102, 0, 0, 1, 754, 1861, 1, 1, 0, 0, 0, 2, 0, 2]),
 (16, [1690, 100, 1, 0, 1, 1802, 1002, 0, 1, 2, 3, 0, 2, 1, 1]),
 (16, [1561, 68, 0, 1, 0, 516, 579, 0, 1, 0, 0, 1, 1, 0, 2]),
 (16, [1462, 29, 1, 0, 1, 1120, 1329, 1, 0, 2, 2, 1, 0, 0, 1]),
 (16, [1424, 62, 1, 1, 1, 1717, 1539, 0, 1, 1, 4, 1, 1, 1, 2]),
 (16, [1399, 16, 0, 1, 1, 651, 980, 1, 0, 1, 3, 0, 1, 1, 1]),
 (16, [1378, 35, 1, 1, 1, 819, 887, 0, 1, 2, 3, 0, 0, 2, 0]),
 (16, [1254, 101, 1, 0, 0, 1973, 1813, 0, 0, 0, 3, 0, 0, 1, 1]),
 (16, [886, 53, 1, 1, 1, 1549, 1690, 0, 1, 0, 0, 0, 0, 2, 2]),
 (16, [759, 33, 0, 0, 0, 571, 1130, 1, 1, 2, 4, 1, 1, 1, 0]),
 (16, [648, 92, 0, 0, 1, 528, 956, 1, 0, 1, 3, 0, 2, 0, 2]),
 (16, [530, 13, 1, 0, 0, 929, 1855, 0, 1, 1, 3, 0, 2, 0, 2]),
 (12, [2025, 74, 0, 1, 1, 1805, 791, 0, 0, 0, 0, 1, 2, 0, 0]),
 (12, [1954, 31, 0, 0, 1, 1882, 1457, 1, 1, 1, 1, 0, 1, 2, 2]),
 (12, [1716, 11, 0, 1, 1, 1638, 1323, 0, 0, 2, 1, 1, 2, 1, 1]),
 (12, [1308, 35, 0, 0, 0, 1470, 1808, 0, 1, 1, 3, 0, 1, 2, 1]),
 (12, [1122, 88, 0, 0, 0, 2006, 654, 0, 0, 0, 3, 1, 2, 0, 0]),
 (12, [874, 100, 0, 0, 0, 1082, 616, 0, 1, 0, 3, 0, 1, 2, 0]),
 (12, [731, 116, 0, 0, 0, 1461, 1158, 0, 0, 2, 4, 0, 2, 1, 2])]
scored
[(12, [731, 116, 0, 0, 0, 1461, 1158, 0, 0, 2, 4, 0, 2, 1, 2]),
 (12, [874, 100, 0, 0, 0, 1082, 616, 0, 1, 0, 3, 0, 1, 2, 0]),
 (12, [1122, 88, 0, 0, 0, 2006, 654, 0, 0, 0, 3, 1, 2, 0, 0]),
 (12, [1308, 35, 0, 0, 0, 1470, 1808, 0, 1, 1, 3, 0, 1, 2, 1]),
 (12, [1716, 11, 0, 1, 1, 1638, 1323, 0, 0, 2, 1, 1, 2, 1, 1]),
 (12, [1954, 31, 0, 0, 1, 1882, 1457, 1, 1, 1, 1, 0, 1, 2, 2]),
 (12, [2025, 74, 0, 1, 1, 1805, 791, 0, 0, 0, 0, 1, 2, 0, 0]),
 (16, [530, 13, 1, 0, 0, 929, 1855, 0, 1, 1, 3, 0, 2, 0, 2]),
 (16, [648, 92, 0, 0, 1, 528, 956, 1, 0, 1, 3, 0, 2, 0, 2]),
 (16, [759, 33, 0, 0, 0, 571, 1130, 1, 1, 2, 4, 1, 1, 1, 0]),
 (16, [886, 53, 1, 1, 1, 1549, 1690, 0, 1, 0, 0, 0, 0, 2, 2]),
 (16, [1254, 101, 1, 0, 0, 1973, 1813, 0, 0, 0, 3, 0, 0, 1, 1]),
 (16, [1378, 35, 1, 1, 1, 819, 887, 0, 1, 2, 3, 0, 0, 2, 0]),
 (16, [1399, 16, 0, 1, 1, 651, 980, 1, 0, 1, 3, 0, 1, 1, 1]),
 (16, [1424, 62, 1, 1, 1, 1717, 1539, 0, 1, 1, 4, 1, 1, 1, 2]),
 (16, [1462, 29, 1, 0, 1, 1120, 1329, 1, 0, 2, 2, 1, 0, 0, 1]),
 (16, [1561, 68, 0, 1, 0, 516, 579, 0, 1, 0, 0, 1, 1, 0, 2]),
 (16, [1690, 100, 1, 0, 1, 1802, 1002, 0, 1, 2, 3, 0, 2, 1, 1]),
 (16, [1758, 102, 0, 0, 1, 754, 1861, 1, 1, 0, 0, 0, 2, 0, 2]),
 (16, [1998, 26, 0, 1, 1, 1549, 1935, 1, 1, 0, 0, 1, 1, 1, 1]),
 (999, [584, 45, 1, 0, 1, 864, 586, 1, 0, 3, 4, 1, 1, 2, 2]),
 (999, [713, 108, 0, 1, 0, 824, 1506, 1, 0, 3, 3, 1, 0, 0, 0]),
 (999, [908, 79, 0, 1, 0, 1875, 1278, 1, 1, 3, 0, 1, 2, 2, 2]),
 (999, [915, 114, 0, 1, 1, 648, 2010, 0, 0, 1, 5, 0, 2, 2, 0]),
 (999, [1098, 70, 0, 1, 0, 1459, 1133, 0, 1, 3, 0, 1, 1, 2, 0]),
 (999, [1185, 90, 0, 0, 1, 784, 1266, 0, 0, 2, 5, 1, 0, 0, 0]),
 (999, [1282, 111, 1, 1, 1, 1900, 1985, 1, 1, 3, 5, 0, 1, 2, 2]),
 (999, [1446, 23, 1, 0, 0, 1534, 1693, 0, 0, 3, 4, 0, 1, 1, 2]),
 (999, [1544, 85, 1, 1, 1, 1698, 1482, 1, 0, 1, 5, 0, 1, 1, 2]),
 (999, [1642, 114, 1, 1, 1, 2035, 923, 1, 1, 3, 3, 0, 0, 1, 2]),
 (999, [1779, 66, 0, 1, 1, 1469, 1862, 0, 1, 3, 1, 1, 2, 2, 0]),
 (999, [2003, 111, 1, 0, 1, 1060, 1248, 0, 1, 3, 2, 0, 2, 2, 1])]
Selected
[(12, [731, 116, 0, 0, 0, 1461, 1158, 0, 0, 2, 4, 0, 2, 1, 2]),
 (12, [874, 100, 0, 0, 0, 1082, 616, 0, 1, 0, 3, 0, 1, 2, 0]),
 (12, [731, 116, 0, 0, 0, 1461, 1158, 0, 0, 2, 4, 0, 2, 1, 2]),
 (16, [530, 13, 1, 0, 0, 929, 1855, 0, 1, 1, 3, 0, 2, 0, 2]),
 (12, [1122, 88, 0, 0, 0, 2006, 654, 0, 0, 0, 3, 1, 2, 0, 0]),
 (12, [1308, 35, 0, 0, 0, 1470, 1808, 0, 1, 1, 3, 0, 1, 2, 1]),
 (12, [1716, 11, 0, 1, 1, 1638, 1323, 0, 0, 2, 1, 1, 2, 1, 1]),
 (12, [1122, 88, 0, 0, 0, 2006, 654, 0, 0, 0, 3, 1, 2, 0, 0]),
 (12, [1954, 31, 0, 0, 1, 1882, 1457, 1, 1, 1, 1, 0, 1, 2, 2]),
 (12, [1122, 88, 0, 0, 0, 2006, 654, 0, 0, 0, 3, 1, 2, 0, 0]),
 (12, [1122, 88, 0, 0, 0, 2006, 654, 0, 0, 0, 3, 1, 2, 0, 0]),
 (12, [1716, 11, 0, 1, 1, 1638, 1323, 0, 0, 2, 1, 1, 2, 1, 1]),
 (16, [759, 33, 0, 0, 0, 571, 1130, 1, 1, 2, 4, 1, 1, 1, 0]),
 (12, [874, 100, 0, 0, 0, 1082, 616, 0, 1, 0, 3, 0, 1, 2, 0]),
 (12, [874, 100, 0, 0, 0, 1082, 616, 0, 1, 0, 3, 0, 1, 2, 0]),
 (12, [1716, 11, 0, 1, 1, 1638, 1323, 0, 0, 2, 1, 1, 2, 1, 1]),
 (12, [1122, 88, 0, 0, 0, 2006, 654, 0, 0, 0, 3, 1, 2, 0, 0]),
 (12, [1716, 11, 0, 1, 1, 1638, 1323, 0, 0, 2, 1, 1, 2, 1, 1]),
 (12, [874, 100, 0, 0, 0, 1082, 616, 0, 1, 0, 3, 0, 1, 2, 0]),
 (12, [1308, 35, 0, 0, 0, 1470, 1808, 0, 1, 1, 3, 0, 1, 2, 1]),
 (12, [1122, 88, 0, 0, 0, 2006, 654, 0, 0, 0, 3, 1, 2, 0, 0]),
 (12, [874, 100, 0, 0, 0, 1082, 616, 0, 1, 0, 3, 0, 1, 2, 0]),
 (12, [731, 116, 0, 0, 0, 1461, 1158, 0, 0, 2, 4, 0, 2, 1, 2]),
 (12, [1308, 35, 0, 0, 0, 1470, 1808, 0, 1, 1, 3, 0, 1, 2, 1]),
 (12, [874, 100, 0, 0, 0, 1082, 616, 0, 1, 0, 3, 0, 1, 2, 0]),
 (12, [1122, 88, 0, 0, 0, 2006, 654, 0, 0, 0, 3, 1, 2, 0, 0]),
 (12, [2025, 74, 0, 1, 1, 1805, 791, 0, 0, 0, 0, 1, 2, 0, 0])]
population
[(999, [2003, 111, 1, 0, 1, 1060, 1248, 0, 1, 3, 2, 0, 2, 2, 1]),
 (999, [1779, 66, 0, 1, 1, 1469, 1862, 0, 1, 3, 1, 1, 2, 2, 0]),
 (999, [1642, 114, 1, 1, 1, 2035, 923, 1, 1, 3, 3, 0, 0, 1, 2]),
 (999, [1544, 85, 1, 1, 1, 1698, 1482, 1, 0, 1, 5, 0, 1, 1, 2]),
 (999, [1446, 23, 1, 0, 0, 1534, 1693, 0, 0, 3, 4, 0, 1, 1, 2]),
 (999, [1282, 111, 1, 1, 1, 1900, 1985, 1, 1, 3, 5, 0, 1, 2, 2]),
 (999, [1185, 90, 0, 0, 1, 784, 1266, 0, 0, 2, 5, 1, 0, 0, 0]),
 (999, [1098, 70, 0, 1, 0, 1459, 1133, 0, 1, 3, 0, 1, 1, 2, 0]),
 (999, [915, 114, 0, 1, 1, 648, 2010, 0, 0, 1, 5, 0, 2, 2, 0]),
 (999, [908, 79, 0, 1, 0, 1875, 1278, 1, 1, 3, 0, 1, 2, 2, 2]),
 (999, [713, 108, 0, 1, 0, 824, 1506, 1, 0, 3, 3, 1, 0, 0, 0]),
 (999, [584, 45, 1, 0, 1, 864, 586, 1, 0, 3, 4, 1, 1, 2, 2]),
 (16, [1998, 26, 0, 1, 1, 1549, 1935, 1, 1, 0, 0, 1, 1, 1, 1]),
 (16, [1758, 102, 0, 0, 1, 754, 1861, 1, 1, 0, 0, 0, 2, 0, 2]),
 (16, [1690, 100, 1, 0, 1, 1802, 1002, 0, 1, 2, 3, 0, 2, 1, 1]),
 (16, [1561, 68, 0, 1, 0, 516, 579, 0, 1, 0, 0, 1, 1, 0, 2]),
 (16, [1462, 29, 1, 0, 1, 1120, 1329, 1, 0, 2, 2, 1, 0, 0, 1]),
 (16, [1424, 62, 1, 1, 1, 1717, 1539, 0, 1, 1, 4, 1, 1, 1, 2]),
 (16, [1399, 16, 0, 1, 1, 651, 980, 1, 0, 1, 3, 0, 1, 1, 1]),
 (16, [1378, 35, 1, 1, 1, 819, 887, 0, 1, 2, 3, 0, 0, 2, 0]),
 (16, [1254, 101, 1, 0, 0, 1973, 1813, 0, 0, 0, 3, 0, 0, 1, 1]),
 (16, [886, 53, 1, 1, 1, 1549, 1690, 0, 1, 0, 0, 0, 0, 2, 2]),
 (16, [759, 33, 0, 0, 0, 571, 1130, 1, 1, 2, 4, 1, 1, 1, 0]),
 (16, [648, 92, 0, 0, 1, 528, 956, 1, 0, 1, 3, 0, 2, 0, 2]),
 (16, [530, 13, 1, 0, 0, 929, 1855, 0, 1, 1, 3, 0, 2, 0, 2]),
 (12, [2025, 74, 0, 1, 1, 1805, 791, 0, 0, 0, 0, 1, 2, 0, 0]),
 (12, [1954, 31, 0, 0, 1, 1882, 1457, 1, 1, 1, 1, 0, 1, 2, 2]),
 (12, [1716, 11, 0, 1, 1, 1638, 1323, 0, 0, 2, 1, 1, 2, 1, 1]),
 (12, [1308, 35, 0, 0, 0, 1470, 1808, 0, 1, 1, 3, 0, 1, 2, 1]),
 (12, [1122, 88, 0, 0, 0, 2006, 654, 0, 0, 0, 3, 1, 2, 0, 0]),
 (12, [874, 100, 0, 0, 0, 1082, 616, 0, 1, 0, 3, 0, 1, 2, 0]),
 (12, [731, 116, 0, 0, 0, 1461, 1158, 0, 0, 2, 4, 0, 2, 1, 2])]
scored
[(12, [731, 116, 0, 0, 0, 1461, 1158, 0, 0, 2, 4, 0, 2, 1, 2]),
 (12, [874, 100, 0, 0, 0, 1082, 616, 0, 1, 0, 3, 0, 1, 2, 0]),
 (12, [1122, 88, 0, 0, 0, 2006, 654, 0, 0, 0, 3, 1, 2, 0, 0]),
 (12, [1308, 35, 0, 0, 0, 1470, 1808, 0, 1, 1, 3, 0, 1, 2, 1]),
 (12, [1716, 11, 0, 1, 1, 1638, 1323, 0, 0, 2, 1, 1, 2, 1, 1]),
 (12, [1954, 31, 0, 0, 1, 1882, 1457, 1, 1, 1, 1, 0, 1, 2, 2]),
 (12, [2025, 74, 0, 1, 1, 1805, 791, 0, 0, 0, 0, 1, 2, 0, 0]),
 (16, [530, 13, 1, 0, 0, 929, 1855, 0, 1, 1, 3, 0, 2, 0, 2]),
 (16, [648, 92, 0, 0, 1, 528, 956, 1, 0, 1, 3, 0, 2, 0, 2]),
 (16, [759, 33, 0, 0, 0, 571, 1130, 1, 1, 2, 4, 1, 1, 1, 0]),
 (16, [886, 53, 1, 1, 1, 1549, 1690, 0, 1, 0, 0, 0, 0, 2, 2]),
 (16, [1254, 101, 1, 0, 0, 1973, 1813, 0, 0, 0, 3, 0, 0, 1, 1]),
 (16, [1378, 35, 1, 1, 1, 819, 887, 0, 1, 2, 3, 0, 0, 2, 0]),
 (16, [1399, 16, 0, 1, 1, 651, 980, 1, 0, 1, 3, 0, 1, 1, 1]),
 (16, [1424, 62, 1, 1, 1, 1717, 1539, 0, 1, 1, 4, 1, 1, 1, 2]),
 (16, [1462, 29, 1, 0, 1, 1120, 1329, 1, 0, 2, 2, 1, 0, 0, 1]),
 (16, [1561, 68, 0, 1, 0, 516, 579, 0, 1, 0, 0, 1, 1, 0, 2]),
 (16, [1690, 100, 1, 0, 1, 1802, 1002, 0, 1, 2, 3, 0, 2, 1, 1]),
 (16, [1758, 102, 0, 0, 1, 754, 1861, 1, 1, 0, 0, 0, 2, 0, 2]),
 (16, [1998, 26, 0, 1, 1, 1549, 1935, 1, 1, 0, 0, 1, 1, 1, 1]),
 (999, [584, 45, 1, 0, 1, 864, 586, 1, 0, 3, 4, 1, 1, 2, 2]),
 (999, [713, 108, 0, 1, 0, 824, 1506, 1, 0, 3, 3, 1, 0, 0, 0]),
 (999, [908, 79, 0, 1, 0, 1875, 1278, 1, 1, 3, 0, 1, 2, 2, 2]),
 (999, [915, 114, 0, 1, 1, 648, 2010, 0, 0, 1, 5, 0, 2, 2, 0]),
 (999, [1098, 70, 0, 1, 0, 1459, 1133, 0, 1, 3, 0, 1, 1, 2, 0]),
 (999, [1185, 90, 0, 0, 1, 784, 1266, 0, 0, 2, 5, 1, 0, 0, 0]),
 (999, [1282, 111, 1, 1, 1, 1900, 1985, 1, 1, 3, 5, 0, 1, 2, 2]),
 (999, [1446, 23, 1, 0, 0, 1534, 1693, 0, 0, 3, 4, 0, 1, 1, 2]),
 (999, [1544, 85, 1, 1, 1, 1698, 1482, 1, 0, 1, 5, 0, 1, 1, 2]),
 (999, [1642, 114, 1, 1, 1, 2035, 923, 1, 1, 3, 3, 0, 0, 1, 2]),
 (999, [1779, 66, 0, 1, 1, 1469, 1862, 0, 1, 3, 1, 1, 2, 2, 0]),
 (999, [2003, 111, 1, 0, 1, 1060, 1248, 0, 1, 3, 2, 0, 2, 2, 1])]
Selected
[(12, [731, 116, 0, 0, 0, 1461, 1158, 0, 0, 2, 4, 0, 2, 1, 2]),
 (16, [886, 53, 1, 1, 1, 1549, 1690, 0, 1, 0, 0, 0, 0, 2, 2]),
 (16, [530, 13, 1, 0, 0, 929, 1855, 0, 1, 1, 3, 0, 2, 0, 2]),
 (12, [1954, 31, 0, 0, 1, 1882, 1457, 1, 1, 1, 1, 0, 1, 2, 2]),
 (16, [530, 13, 1, 0, 0, 929, 1855, 0, 1, 1, 3, 0, 2, 0, 2]),
 (12, [731, 116, 0, 0, 0, 1461, 1158, 0, 0, 2, 4, 0, 2, 1, 2]),
 (16, [759, 33, 0, 0, 0, 571, 1130, 1, 1, 2, 4, 1, 1, 1, 0]),
 (12, [731, 116, 0, 0, 0, 1461, 1158, 0, 0, 2, 4, 0, 2, 1, 2]),
 (12, [2025, 74, 0, 1, 1, 1805, 791, 0, 0, 0, 0, 1, 2, 0, 0]),
 (16, [1378, 35, 1, 1, 1, 819, 887, 0, 1, 2, 3, 0, 0, 2, 0]),
 (12, [1308, 35, 0, 0, 0, 1470, 1808, 0, 1, 1, 3, 0, 1, 2, 1]),
 (12, [1308, 35, 0, 0, 0, 1470, 1808, 0, 1, 1, 3, 0, 1, 2, 1]),
 (12, [1122, 88, 0, 0, 0, 2006, 654, 0, 0, 0, 3, 1, 2, 0, 0]),
 (12, [1122, 88, 0, 0, 0, 2006, 654, 0, 0, 0, 3, 1, 2, 0, 0]),
 (12, [731, 116, 0, 0, 0, 1461, 1158, 0, 0, 2, 4, 0, 2, 1, 2]),
 (12, [731, 116, 0, 0, 0, 1461, 1158, 0, 0, 2, 4, 0, 2, 1, 2]),
 (12, [1308, 35, 0, 0, 0, 1470, 1808, 0, 1, 1, 3, 0, 1, 2, 1]),
 (12, [874, 100, 0, 0, 0, 1082, 616, 0, 1, 0, 3, 0, 1, 2, 0]),
 (12, [874, 100, 0, 0, 0, 1082, 616, 0, 1, 0, 3, 0, 1, 2, 0]),
 (12, [1122, 88, 0, 0, 0, 2006, 654, 0, 0, 0, 3, 1, 2, 0, 0]),
 (12, [731, 116, 0, 0, 0, 1461, 1158, 0, 0, 2, 4, 0, 2, 1, 2]),
 (12, [1308, 35, 0, 0, 0, 1470, 1808, 0, 1, 1, 3, 0, 1, 2, 1]),
 (12, [1954, 31, 0, 0, 1, 1882, 1457, 1, 1, 1, 1, 0, 1, 2, 2]),
 (12, [1308, 35, 0, 0, 0, 1470, 1808, 0, 1, 1, 3, 0, 1, 2, 1]),
 (12, [874, 100, 0, 0, 0, 1082, 616, 0, 1, 0, 3, 0, 1, 2, 0]),
 (12, [1122, 88, 0, 0, 0, 2006, 654, 0, 0, 0, 3, 1, 2, 0, 0]),
 (12, [874, 100, 0, 0, 0, 1082, 616, 0, 1, 0, 3, 0, 1, 2, 0])]
population
[(999, [2003, 111, 1, 0, 1, 1060, 1248, 0, 1, 3, 2, 0, 2, 2, 1]),
 (999, [1779, 66, 0, 1, 1, 1469, 1862, 0, 1, 3, 1, 1, 2, 2, 0]),
 (999, [1642, 114, 1, 1, 1, 2035, 923, 1, 1, 3, 3, 0, 0, 1, 2]),
 (999, [1544, 85, 1, 1, 1, 1698, 1482, 1, 0, 1, 5, 0, 1, 1, 2]),
 (999, [1446, 23, 1, 0, 0, 1534, 1693, 0, 0, 3, 4, 0, 1, 1, 2]),
 (999, [1282, 111, 1, 1, 1, 1900, 1985, 1, 1, 3, 5, 0, 1, 2, 2]),
 (999, [1185, 90, 0, 0, 1, 784, 1266, 0, 0, 2, 5, 1, 0, 0, 0]),
 (999, [1098, 70, 0, 1, 0, 1459, 1133, 0, 1, 3, 0, 1, 1, 2, 0]),
 (999, [915, 114, 0, 1, 1, 648, 2010, 0, 0, 1, 5, 0, 2, 2, 0]),
 (999, [908, 79, 0, 1, 0, 1875, 1278, 1, 1, 3, 0, 1, 2, 2, 2]),
 (999, [713, 108, 0, 1, 0, 824, 1506, 1, 0, 3, 3, 1, 0, 0, 0]),
 (999, [584, 45, 1, 0, 1, 864, 586, 1, 0, 3, 4, 1, 1, 2, 2]),
 (16, [1998, 26, 0, 1, 1, 1549, 1935, 1, 1, 0, 0, 1, 1, 1, 1]),
 (16, [1758, 102, 0, 0, 1, 754, 1861, 1, 1, 0, 0, 0, 2, 0, 2]),
 (16, [1690, 100, 1, 0, 1, 1802, 1002, 0, 1, 2, 3, 0, 2, 1, 1]),
 (16, [1561, 68, 0, 1, 0, 516, 579, 0, 1, 0, 0, 1, 1, 0, 2]),
 (16, [1462, 29, 1, 0, 1, 1120, 1329, 1, 0, 2, 2, 1, 0, 0, 1]),
 (16, [1424, 62, 1, 1, 1, 1717, 1539, 0, 1, 1, 4, 1, 1, 1, 2]),
 (16, [1399, 16, 0, 1, 1, 651, 980, 1, 0, 1, 3, 0, 1, 1, 1]),
 (16, [1378, 35, 1, 1, 1, 819, 887, 0, 1, 2, 3, 0, 0, 2, 0]),
 (16, [1254, 101, 1, 0, 0, 1973, 1813, 0, 0, 0, 3, 0, 0, 1, 1]),
 (16, [886, 53, 1, 1, 1, 1549, 1690, 0, 1, 0, 0, 0, 0, 2, 2]),
 (16, [759, 33, 0, 0, 0, 571, 1130, 1, 1, 2, 4, 1, 1, 1, 0]),
 (16, [648, 92, 0, 0, 1, 528, 956, 1, 0, 1, 3, 0, 2, 0, 2]),
 (16, [530, 13, 1, 0, 0, 929, 1855, 0, 1, 1, 3, 0, 2, 0, 2]),
 (12, [2025, 74, 0, 1, 1, 1805, 791, 0, 0, 0, 0, 1, 2, 0, 0]),
 (12, [1954, 31, 0, 0, 1, 1882, 1457, 1, 1, 1, 1, 0, 1, 2, 2]),
 (12, [1716, 11, 0, 1, 1, 1638, 1323, 0, 0, 2, 1, 1, 2, 1, 1]),
 (12, [1308, 35, 0, 0, 0, 1470, 1808, 0, 1, 1, 3, 0, 1, 2, 1]),
 (12, [1122, 88, 0, 0, 0, 2006, 654, 0, 0, 0, 3, 1, 2, 0, 0]),
 (12, [874, 100, 0, 0, 0, 1082, 616, 0, 1, 0, 3, 0, 1, 2, 0]),
 (12, [731, 116, 0, 0, 0, 1461, 1158, 0, 0, 2, 4, 0, 2, 1, 2])]
scored
[(12, [731, 116, 0, 0, 0, 1461, 1158, 0, 0, 2, 4, 0, 2, 1, 2]),
 (12, [874, 100, 0, 0, 0, 1082, 616, 0, 1, 0, 3, 0, 1, 2, 0]),
 (12, [1122, 88, 0, 0, 0, 2006, 654, 0, 0, 0, 3, 1, 2, 0, 0]),
 (12, [1308, 35, 0, 0, 0, 1470, 1808, 0, 1, 1, 3, 0, 1, 2, 1]),
 (12, [1716, 11, 0, 1, 1, 1638, 1323, 0, 0, 2, 1, 1, 2, 1, 1]),
 (12, [1954, 31, 0, 0, 1, 1882, 1457, 1, 1, 1, 1, 0, 1, 2, 2]),
 (12, [2025, 74, 0, 1, 1, 1805, 791, 0, 0, 0, 0, 1, 2, 0, 0]),
 (16, [530, 13, 1, 0, 0, 929, 1855, 0, 1, 1, 3, 0, 2, 0, 2]),
 (16, [648, 92, 0, 0, 1, 528, 956, 1, 0, 1, 3, 0, 2, 0, 2]),
 (16, [759, 33, 0, 0, 0, 571, 1130, 1, 1, 2, 4, 1, 1, 1, 0]),
 (16, [886, 53, 1, 1, 1, 1549, 1690, 0, 1, 0, 0, 0, 0, 2, 2]),
 (16, [1254, 101, 1, 0, 0, 1973, 1813, 0, 0, 0, 3, 0, 0, 1, 1]),
 (16, [1378, 35, 1, 1, 1, 819, 887, 0, 1, 2, 3, 0, 0, 2, 0]),
 (16, [1399, 16, 0, 1, 1, 651, 980, 1, 0, 1, 3, 0, 1, 1, 1]),
 (16, [1424, 62, 1, 1, 1, 1717, 1539, 0, 1, 1, 4, 1, 1, 1, 2]),
 (16, [1462, 29, 1, 0, 1, 1120, 1329, 1, 0, 2, 2, 1, 0, 0, 1]),
 (16, [1561, 68, 0, 1, 0, 516, 579, 0, 1, 0, 0, 1, 1, 0, 2]),
 (16, [1690, 100, 1, 0, 1, 1802, 1002, 0, 1, 2, 3, 0, 2, 1, 1]),
 (16, [1758, 102, 0, 0, 1, 754, 1861, 1, 1, 0, 0, 0, 2, 0, 2]),
 (16, [1998, 26, 0, 1, 1, 1549, 1935, 1, 1, 0, 0, 1, 1, 1, 1]),
 (999, [584, 45, 1, 0, 1, 864, 586, 1, 0, 3, 4, 1, 1, 2, 2]),
 (999, [713, 108, 0, 1, 0, 824, 1506, 1, 0, 3, 3, 1, 0, 0, 0]),
 (999, [908, 79, 0, 1, 0, 1875, 1278, 1, 1, 3, 0, 1, 2, 2, 2]),
 (999, [915, 114, 0, 1, 1, 648, 2010, 0, 0, 1, 5, 0, 2, 2, 0]),
 (999, [1098, 70, 0, 1, 0, 1459, 1133, 0, 1, 3, 0, 1, 1, 2, 0]),
 (999, [1185, 90, 0, 0, 1, 784, 1266, 0, 0, 2, 5, 1, 0, 0, 0]),
 (999, [1282, 111, 1, 1, 1, 1900, 1985, 1, 1, 3, 5, 0, 1, 2, 2]),
 (999, [1446, 23, 1, 0, 0, 1534, 1693, 0, 0, 3, 4, 0, 1, 1, 2]),
 (999, [1544, 85, 1, 1, 1, 1698, 1482, 1, 0, 1, 5, 0, 1, 1, 2]),
 (999, [1642, 114, 1, 1, 1, 2035, 923, 1, 1, 3, 3, 0, 0, 1, 2]),
 (999, [1779, 66, 0, 1, 1, 1469, 1862, 0, 1, 3, 1, 1, 2, 2, 0]),
 (999, [2003, 111, 1, 0, 1, 1060, 1248, 0, 1, 3, 2, 0, 2, 2, 1])]
Selected
[(12, [1308, 35, 0, 0, 0, 1470, 1808, 0, 1, 1, 3, 0, 1, 2, 1]),
 (12, [1716, 11, 0, 1, 1, 1638, 1323, 0, 0, 2, 1, 1, 2, 1, 1]),
 (16, [1424, 62, 1, 1, 1, 1717, 1539, 0, 1, 1, 4, 1, 1, 1, 2]),
 (12, [874, 100, 0, 0, 0, 1082, 616, 0, 1, 0, 3, 0, 1, 2, 0]),
 (12, [2025, 74, 0, 1, 1, 1805, 791, 0, 0, 0, 0, 1, 2, 0, 0]),
 (12, [1308, 35, 0, 0, 0, 1470, 1808, 0, 1, 1, 3, 0, 1, 2, 1]),
 (16, [530, 13, 1, 0, 0, 929, 1855, 0, 1, 1, 3, 0, 2, 0, 2]),
 (12, [2025, 74, 0, 1, 1, 1805, 791, 0, 0, 0, 0, 1, 2, 0, 0]),
 (12, [1954, 31, 0, 0, 1, 1882, 1457, 1, 1, 1, 1, 0, 1, 2, 2]),
 (16, [1424, 62, 1, 1, 1, 1717, 1539, 0, 1, 1, 4, 1, 1, 1, 2]),
 (12, [1954, 31, 0, 0, 1, 1882, 1457, 1, 1, 1, 1, 0, 1, 2, 2]),
 (16, [530, 13, 1, 0, 0, 929, 1855, 0, 1, 1, 3, 0, 2, 0, 2]),
 (16, [886, 53, 1, 1, 1, 1549, 1690, 0, 1, 0, 0, 0, 0, 2, 2]),
 (12, [731, 116, 0, 0, 0, 1461, 1158, 0, 0, 2, 4, 0, 2, 1, 2]),
 (12, [874, 100, 0, 0, 0, 1082, 616, 0, 1, 0, 3, 0, 1, 2, 0]),
 (12, [874, 100, 0, 0, 0, 1082, 616, 0, 1, 0, 3, 0, 1, 2, 0]),
 (12, [2025, 74, 0, 1, 1, 1805, 791, 0, 0, 0, 0, 1, 2, 0, 0]),
 (12, [1716, 11, 0, 1, 1, 1638, 1323, 0, 0, 2, 1, 1, 2, 1, 1]),
 (16, [648, 92, 0, 0, 1, 528, 956, 1, 0, 1, 3, 0, 2, 0, 2]),
 (12, [731, 116, 0, 0, 0, 1461, 1158, 0, 0, 2, 4, 0, 2, 1, 2]),
 (12, [1122, 88, 0, 0, 0, 2006, 654, 0, 0, 0, 3, 1, 2, 0, 0]),
 (12, [731, 116, 0, 0, 0, 1461, 1158, 0, 0, 2, 4, 0, 2, 1, 2]),
 (12, [731, 116, 0, 0, 0, 1461, 1158, 0, 0, 2, 4, 0, 2, 1, 2]),
 (16, [530, 13, 1, 0, 0, 929, 1855, 0, 1, 1, 3, 0, 2, 0, 2]),
 (12, [731, 116, 0, 0, 0, 1461, 1158, 0, 0, 2, 4, 0, 2, 1, 2]),
 (16, [1424, 62, 1, 1, 1, 1717, 1539, 0, 1, 1, 4, 1, 1, 1, 2]),
 (12, [731, 116, 0, 0, 0, 1461, 1158, 0, 0, 2, 4, 0, 2, 1, 2])]
population
[(999, [2003, 111, 1, 0, 1, 1060, 1248, 0, 1, 3, 2, 0, 2, 2, 1]),
 (999, [1779, 66, 0, 1, 1, 1469, 1862, 0, 1, 3, 1, 1, 2, 2, 0]),
 (999, [1642, 114, 1, 1, 1, 2035, 923, 1, 1, 3, 3, 0, 0, 1, 2]),
 (999, [1544, 85, 1, 1, 1, 1698, 1482, 1, 0, 1, 5, 0, 1, 1, 2]),
 (999, [1446, 23, 1, 0, 0, 1534, 1693, 0, 0, 3, 4, 0, 1, 1, 2]),
 (999, [1282, 111, 1, 1, 1, 1900, 1985, 1, 1, 3, 5, 0, 1, 2, 2]),
 (999, [1185, 90, 0, 0, 1, 784, 1266, 0, 0, 2, 5, 1, 0, 0, 0]),
 (999, [1098, 70, 0, 1, 0, 1459, 1133, 0, 1, 3, 0, 1, 1, 2, 0]),
 (999, [915, 114, 0, 1, 1, 648, 2010, 0, 0, 1, 5, 0, 2, 2, 0]),
 (999, [908, 79, 0, 1, 0, 1875, 1278, 1, 1, 3, 0, 1, 2, 2, 2]),
 (999, [713, 108, 0, 1, 0, 824, 1506, 1, 0, 3, 3, 1, 0, 0, 0]),
 (999, [584, 45, 1, 0, 1, 864, 586, 1, 0, 3, 4, 1, 1, 2, 2]),
 (16, [1998, 26, 0, 1, 1, 1549, 1935, 1, 1, 0, 0, 1, 1, 1, 1]),
 (16, [1758, 102, 0, 0, 1, 754, 1861, 1, 1, 0, 0, 0, 2, 0, 2]),
 (16, [1690, 100, 1, 0, 1, 1802, 1002, 0, 1, 2, 3, 0, 2, 1, 1]),
 (16, [1561, 68, 0, 1, 0, 516, 579, 0, 1, 0, 0, 1, 1, 0, 2]),
 (16, [1462, 29, 1, 0, 1, 1120, 1329, 1, 0, 2, 2, 1, 0, 0, 1]),
 (16, [1424, 62, 1, 1, 1, 1717, 1539, 0, 1, 1, 4, 1, 1, 1, 2]),
 (16, [1399, 16, 0, 1, 1, 651, 980, 1, 0, 1, 3, 0, 1, 1, 1]),
 (16, [1378, 35, 1, 1, 1, 819, 887, 0, 1, 2, 3, 0, 0, 2, 0]),
 (16, [1254, 101, 1, 0, 0, 1973, 1813, 0, 0, 0, 3, 0, 0, 1, 1]),
 (16, [886, 53, 1, 1, 1, 1549, 1690, 0, 1, 0, 0, 0, 0, 2, 2]),
 (16, [759, 33, 0, 0, 0, 571, 1130, 1, 1, 2, 4, 1, 1, 1, 0]),
 (16, [648, 92, 0, 0, 1, 528, 956, 1, 0, 1, 3, 0, 2, 0, 2]),
 (16, [530, 13, 1, 0, 0, 929, 1855, 0, 1, 1, 3, 0, 2, 0, 2]),
 (12, [2025, 74, 0, 1, 1, 1805, 791, 0, 0, 0, 0, 1, 2, 0, 0]),
 (12, [1954, 31, 0, 0, 1, 1882, 1457, 1, 1, 1, 1, 0, 1, 2, 2]),
 (12, [1716, 11, 0, 1, 1, 1638, 1323, 0, 0, 2, 1, 1, 2, 1, 1]),
 (12, [1308, 35, 0, 0, 0, 1470, 1808, 0, 1, 1, 3, 0, 1, 2, 1]),
 (12, [1122, 88, 0, 0, 0, 2006, 654, 0, 0, 0, 3, 1, 2, 0, 0]),
 (12, [874, 100, 0, 0, 0, 1082, 616, 0, 1, 0, 3, 0, 1, 2, 0]),
 (12, [731, 116, 0, 0, 0, 1461, 1158, 0, 0, 2, 4, 0, 2, 1, 2])]
scored
[(12, [731, 116, 0, 0, 0, 1461, 1158, 0, 0, 2, 4, 0, 2, 1, 2]),
 (12, [874, 100, 0, 0, 0, 1082, 616, 0, 1, 0, 3, 0, 1, 2, 0]),
 (12, [1122, 88, 0, 0, 0, 2006, 654, 0, 0, 0, 3, 1, 2, 0, 0]),
 (12, [1308, 35, 0, 0, 0, 1470, 1808, 0, 1, 1, 3, 0, 1, 2, 1]),
 (12, [1716, 11, 0, 1, 1, 1638, 1323, 0, 0, 2, 1, 1, 2, 1, 1]),
 (12, [1954, 31, 0, 0, 1, 1882, 1457, 1, 1, 1, 1, 0, 1, 2, 2]),
 (12, [2025, 74, 0, 1, 1, 1805, 791, 0, 0, 0, 0, 1, 2, 0, 0]),
 (16, [530, 13, 1, 0, 0, 929, 1855, 0, 1, 1, 3, 0, 2, 0, 2]),
 (16, [648, 92, 0, 0, 1, 528, 956, 1, 0, 1, 3, 0, 2, 0, 2]),
 (16, [759, 33, 0, 0, 0, 571, 1130, 1, 1, 2, 4, 1, 1, 1, 0]),
 (16, [886, 53, 1, 1, 1, 1549, 1690, 0, 1, 0, 0, 0, 0, 2, 2]),
 (16, [1254, 101, 1, 0, 0, 1973, 1813, 0, 0, 0, 3, 0, 0, 1, 1]),
 (16, [1378, 35, 1, 1, 1, 819, 887, 0, 1, 2, 3, 0, 0, 2, 0]),
 (16, [1399, 16, 0, 1, 1, 651, 980, 1, 0, 1, 3, 0, 1, 1, 1]),
 (16, [1424, 62, 1, 1, 1, 1717, 1539, 0, 1, 1, 4, 1, 1, 1, 2]),
 (16, [1462, 29, 1, 0, 1, 1120, 1329, 1, 0, 2, 2, 1, 0, 0, 1]),
 (16, [1561, 68, 0, 1, 0, 516, 579, 0, 1, 0, 0, 1, 1, 0, 2]),
 (16, [1690, 100, 1, 0, 1, 1802, 1002, 0, 1, 2, 3, 0, 2, 1, 1]),
 (16, [1758, 102, 0, 0, 1, 754, 1861, 1, 1, 0, 0, 0, 2, 0, 2]),
 (16, [1998, 26, 0, 1, 1, 1549, 1935, 1, 1, 0, 0, 1, 1, 1, 1]),
 (999, [584, 45, 1, 0, 1, 864, 586, 1, 0, 3, 4, 1, 1, 2, 2]),
 (999, [713, 108, 0, 1, 0, 824, 1506, 1, 0, 3, 3, 1, 0, 0, 0]),
 (999, [908, 79, 0, 1, 0, 1875, 1278, 1, 1, 3, 0, 1, 2, 2, 2]),
 (999, [915, 114, 0, 1, 1, 648, 2010, 0, 0, 1, 5, 0, 2, 2, 0]),
 (999, [1098, 70, 0, 1, 0, 1459, 1133, 0, 1, 3, 0, 1, 1, 2, 0]),
 (999, [1185, 90, 0, 0, 1, 784, 1266, 0, 0, 2, 5, 1, 0, 0, 0]),
 (999, [1282, 111, 1, 1, 1, 1900, 1985, 1, 1, 3, 5, 0, 1, 2, 2]),
 (999, [1446, 23, 1, 0, 0, 1534, 1693, 0, 0, 3, 4, 0, 1, 1, 2]),
 (999, [1544, 85, 1, 1, 1, 1698, 1482, 1, 0, 1, 5, 0, 1, 1, 2]),
 (999, [1642, 114, 1, 1, 1, 2035, 923, 1, 1, 3, 3, 0, 0, 1, 2]),
 (999, [1779, 66, 0, 1, 1, 1469, 1862, 0, 1, 3, 1, 1, 2, 2, 0]),
 (999, [2003, 111, 1, 0, 1, 1060, 1248, 0, 1, 3, 2, 0, 2, 2, 1])]
Selected
[(12, [731, 116, 0, 0, 0, 1461, 1158, 0, 0, 2, 4, 0, 2, 1, 2]),
 (16, [648, 92, 0, 0, 1, 528, 956, 1, 0, 1, 3, 0, 2, 0, 2]),
 (12, [1122, 88, 0, 0, 0, 2006, 654, 0, 0, 0, 3, 1, 2, 0, 0]),
 (12, [731, 116, 0, 0, 0, 1461, 1158, 0, 0, 2, 4, 0, 2, 1, 2]),
 (16, [1561, 68, 0, 1, 0, 516, 579, 0, 1, 0, 0, 1, 1, 0, 2]),
 (12, [1716, 11, 0, 1, 1, 1638, 1323, 0, 0, 2, 1, 1, 2, 1, 1]),
 (12, [2025, 74, 0, 1, 1, 1805, 791, 0, 0, 0, 0, 1, 2, 0, 0]),
 (12, [1308, 35, 0, 0, 0, 1470, 1808, 0, 1, 1, 3, 0, 1, 2, 1]),
 (12, [874, 100, 0, 0, 0, 1082, 616, 0, 1, 0, 3, 0, 1, 2, 0]),
 (12, [1122, 88, 0, 0, 0, 2006, 654, 0, 0, 0, 3, 1, 2, 0, 0]),
 (12, [731, 116, 0, 0, 0, 1461, 1158, 0, 0, 2, 4, 0, 2, 1, 2]),
 (12, [1308, 35, 0, 0, 0, 1470, 1808, 0, 1, 1, 3, 0, 1, 2, 1]),
 (12, [1954, 31, 0, 0, 1, 1882, 1457, 1, 1, 1, 1, 0, 1, 2, 2]),
 (16, [1378, 35, 1, 1, 1, 819, 887, 0, 1, 2, 3, 0, 0, 2, 0]),
 (12, [1122, 88, 0, 0, 0, 2006, 654, 0, 0, 0, 3, 1, 2, 0, 0]),
 (12, [874, 100, 0, 0, 0, 1082, 616, 0, 1, 0, 3, 0, 1, 2, 0]),
 (12, [874, 100, 0, 0, 0, 1082, 616, 0, 1, 0, 3, 0, 1, 2, 0]),
 (16, [759, 33, 0, 0, 0, 571, 1130, 1, 1, 2, 4, 1, 1, 1, 0]),
 (16, [759, 33, 0, 0, 0, 571, 1130, 1, 1, 2, 4, 1, 1, 1, 0]),
 (12, [1308, 35, 0, 0, 0, 1470, 1808, 0, 1, 1, 3, 0, 1, 2, 1]),
 (12, [1954, 31, 0, 0, 1, 1882, 1457, 1, 1, 1, 1, 0, 1, 2, 2]),
 (12, [1954, 31, 0, 0, 1, 1882, 1457, 1, 1, 1, 1, 0, 1, 2, 2]),
 (16, [1462, 29, 1, 0, 1, 1120, 1329, 1, 0, 2, 2, 1, 0, 0, 1]),
 (16, [886, 53, 1, 1, 1, 1549, 1690, 0, 1, 0, 0, 0, 0, 2, 2]),
 (12, [731, 116, 0, 0, 0, 1461, 1158, 0, 0, 2, 4, 0, 2, 1, 2]),
 (12, [1122, 88, 0, 0, 0, 2006, 654, 0, 0, 0, 3, 1, 2, 0, 0]),
 (12, [2025, 74, 0, 1, 1, 1805, 791, 0, 0, 0, 0, 1, 2, 0, 0])]
population
[(999, [2003, 111, 1, 0, 1, 1060, 1248, 0, 1, 3, 2, 0, 2, 2, 1]),
 (999, [1779, 66, 0, 1, 1, 1469, 1862, 0, 1, 3, 1, 1, 2, 2, 0]),
 (999, [1642, 114, 1, 1, 1, 2035, 923, 1, 1, 3, 3, 0, 0, 1, 2]),
 (999, [1544, 85, 1, 1, 1, 1698, 1482, 1, 0, 1, 5, 0, 1, 1, 2]),
 (999, [1446, 23, 1, 0, 0, 1534, 1693, 0, 0, 3, 4, 0, 1, 1, 2]),
 (999, [1282, 111, 1, 1, 1, 1900, 1985, 1, 1, 3, 5, 0, 1, 2, 2]),
 (999, [1185, 90, 0, 0, 1, 784, 1266, 0, 0, 2, 5, 1, 0, 0, 0]),
 (999, [1098, 70, 0, 1, 0, 1459, 1133, 0, 1, 3, 0, 1, 1, 2, 0]),
 (999, [915, 114, 0, 1, 1, 648, 2010, 0, 0, 1, 5, 0, 2, 2, 0]),
 (999, [908, 79, 0, 1, 0, 1875, 1278, 1, 1, 3, 0, 1, 2, 2, 2]),
 (999, [713, 108, 0, 1, 0, 824, 1506, 1, 0, 3, 3, 1, 0, 0, 0]),
 (999, [584, 45, 1, 0, 1, 864, 586, 1, 0, 3, 4, 1, 1, 2, 2]),
 (16, [1998, 26, 0, 1, 1, 1549, 1935, 1, 1, 0, 0, 1, 1, 1, 1]),
 (16, [1758, 102, 0, 0, 1, 754, 1861, 1, 1, 0, 0, 0, 2, 0, 2]),
 (16, [1690, 100, 1, 0, 1, 1802, 1002, 0, 1, 2, 3, 0, 2, 1, 1]),
 (16, [1561, 68, 0, 1, 0, 516, 579, 0, 1, 0, 0, 1, 1, 0, 2]),
 (16, [1462, 29, 1, 0, 1, 1120, 1329, 1, 0, 2, 2, 1, 0, 0, 1]),
 (16, [1424, 62, 1, 1, 1, 1717, 1539, 0, 1, 1, 4, 1, 1, 1, 2]),
 (16, [1399, 16, 0, 1, 1, 651, 980, 1, 0, 1, 3, 0, 1, 1, 1]),
 (16, [1378, 35, 1, 1, 1, 819, 887, 0, 1, 2, 3, 0, 0, 2, 0]),
 (16, [1254, 101, 1, 0, 0, 1973, 1813, 0, 0, 0, 3, 0, 0, 1, 1]),
 (16, [886, 53, 1, 1, 1, 1549, 1690, 0, 1, 0, 0, 0, 0, 2, 2]),
 (16, [759, 33, 0, 0, 0, 571, 1130, 1, 1, 2, 4, 1, 1, 1, 0]),
 (16, [648, 92, 0, 0, 1, 528, 956, 1, 0, 1, 3, 0, 2, 0, 2]),
 (16, [530, 13, 1, 0, 0, 929, 1855, 0, 1, 1, 3, 0, 2, 0, 2]),
 (12, [2025, 74, 0, 1, 1, 1805, 791, 0, 0, 0, 0, 1, 2, 0, 0]),
 (12, [1954, 31, 0, 0, 1, 1882, 1457, 1, 1, 1, 1, 0, 1, 2, 2]),
 (12, [1716, 11, 0, 1, 1, 1638, 1323, 0, 0, 2, 1, 1, 2, 1, 1]),
 (12, [1308, 35, 0, 0, 0, 1470, 1808, 0, 1, 1, 3, 0, 1, 2, 1]),
 (12, [1122, 88, 0, 0, 0, 2006, 654, 0, 0, 0, 3, 1, 2, 0, 0]),
 (12, [874, 100, 0, 0, 0, 1082, 616, 0, 1, 0, 3, 0, 1, 2, 0]),
 (12, [731, 116, 0, 0, 0, 1461, 1158, 0, 0, 2, 4, 0, 2, 1, 2])]
scored
[(12, [731, 116, 0, 0, 0, 1461, 1158, 0, 0, 2, 4, 0, 2, 1, 2]),
 (12, [874, 100, 0, 0, 0, 1082, 616, 0, 1, 0, 3, 0, 1, 2, 0]),
 (12, [1122, 88, 0, 0, 0, 2006, 654, 0, 0, 0, 3, 1, 2, 0, 0]),
 (12, [1308, 35, 0, 0, 0, 1470, 1808, 0, 1, 1, 3, 0, 1, 2, 1]),
 (12, [1716, 11, 0, 1, 1, 1638, 1323, 0, 0, 2, 1, 1, 2, 1, 1]),
 (12, [1954, 31, 0, 0, 1, 1882, 1457, 1, 1, 1, 1, 0, 1, 2, 2]),
 (12, [2025, 74, 0, 1, 1, 1805, 791, 0, 0, 0, 0, 1, 2, 0, 0]),
 (16, [530, 13, 1, 0, 0, 929, 1855, 0, 1, 1, 3, 0, 2, 0, 2]),
 (16, [648, 92, 0, 0, 1, 528, 956, 1, 0, 1, 3, 0, 2, 0, 2]),
 (16, [759, 33, 0, 0, 0, 571, 1130, 1, 1, 2, 4, 1, 1, 1, 0]),
 (16, [886, 53, 1, 1, 1, 1549, 1690, 0, 1, 0, 0, 0, 0, 2, 2]),
 (16, [1254, 101, 1, 0, 0, 1973, 1813, 0, 0, 0, 3, 0, 0, 1, 1]),
 (16, [1378, 35, 1, 1, 1, 819, 887, 0, 1, 2, 3, 0, 0, 2, 0]),
 (16, [1399, 16, 0, 1, 1, 651, 980, 1, 0, 1, 3, 0, 1, 1, 1]),
 (16, [1424, 62, 1, 1, 1, 1717, 1539, 0, 1, 1, 4, 1, 1, 1, 2]),
 (16, [1462, 29, 1, 0, 1, 1120, 1329, 1, 0, 2, 2, 1, 0, 0, 1]),
 (16, [1561, 68, 0, 1, 0, 516, 579, 0, 1, 0, 0, 1, 1, 0, 2]),
 (16, [1690, 100, 1, 0, 1, 1802, 1002, 0, 1, 2, 3, 0, 2, 1, 1]),
 (16, [1758, 102, 0, 0, 1, 754, 1861, 1, 1, 0, 0, 0, 2, 0, 2]),
 (16, [1998, 26, 0, 1, 1, 1549, 1935, 1, 1, 0, 0, 1, 1, 1, 1]),
 (999, [584, 45, 1, 0, 1, 864, 586, 1, 0, 3, 4, 1, 1, 2, 2]),
 (999, [713, 108, 0, 1, 0, 824, 1506, 1, 0, 3, 3, 1, 0, 0, 0]),
 (999, [908, 79, 0, 1, 0, 1875, 1278, 1, 1, 3, 0, 1, 2, 2, 2]),
 (999, [915, 114, 0, 1, 1, 648, 2010, 0, 0, 1, 5, 0, 2, 2, 0]),
 (999, [1098, 70, 0, 1, 0, 1459, 1133, 0, 1, 3, 0, 1, 1, 2, 0]),
 (999, [1185, 90, 0, 0, 1, 784, 1266, 0, 0, 2, 5, 1, 0, 0, 0]),
 (999, [1282, 111, 1, 1, 1, 1900, 1985, 1, 1, 3, 5, 0, 1, 2, 2]),
 (999, [1446, 23, 1, 0, 0, 1534, 1693, 0, 0, 3, 4, 0, 1, 1, 2]),
 (999, [1544, 85, 1, 1, 1, 1698, 1482, 1, 0, 1, 5, 0, 1, 1, 2]),
 (999, [1642, 114, 1, 1, 1, 2035, 923, 1, 1, 3, 3, 0, 0, 1, 2]),
 (999, [1779, 66, 0, 1, 1, 1469, 1862, 0, 1, 3, 1, 1, 2, 2, 0]),
 (999, [2003, 111, 1, 0, 1, 1060, 1248, 0, 1, 3, 2, 0, 2, 2, 1])]
Selected
[(16, [648, 92, 0, 0, 1, 528, 956, 1, 0, 1, 3, 0, 2, 0, 2]),
 (12, [1122, 88, 0, 0, 0, 2006, 654, 0, 0, 0, 3, 1, 2, 0, 0]),
 (16, [648, 92, 0, 0, 1, 528, 956, 1, 0, 1, 3, 0, 2, 0, 2]),
 (12, [731, 116, 0, 0, 0, 1461, 1158, 0, 0, 2, 4, 0, 2, 1, 2]),
 (12, [1716, 11, 0, 1, 1, 1638, 1323, 0, 0, 2, 1, 1, 2, 1, 1]),
 (16, [530, 13, 1, 0, 0, 929, 1855, 0, 1, 1, 3, 0, 2, 0, 2]),
 (12, [1308, 35, 0, 0, 0, 1470, 1808, 0, 1, 1, 3, 0, 1, 2, 1]),
 (16, [648, 92, 0, 0, 1, 528, 956, 1, 0, 1, 3, 0, 2, 0, 2]),
 (12, [2025, 74, 0, 1, 1, 1805, 791, 0, 0, 0, 0, 1, 2, 0, 0]),
 (16, [1758, 102, 0, 0, 1, 754, 1861, 1, 1, 0, 0, 0, 2, 0, 2]),
 (12, [1122, 88, 0, 0, 0, 2006, 654, 0, 0, 0, 3, 1, 2, 0, 0]),
 (12, [1122, 88, 0, 0, 0, 2006, 654, 0, 0, 0, 3, 1, 2, 0, 0]),
 (12, [1716, 11, 0, 1, 1, 1638, 1323, 0, 0, 2, 1, 1, 2, 1, 1]),
 (12, [1954, 31, 0, 0, 1, 1882, 1457, 1, 1, 1, 1, 0, 1, 2, 2]),
 (12, [1122, 88, 0, 0, 0, 2006, 654, 0, 0, 0, 3, 1, 2, 0, 0]),
 (16, [1254, 101, 1, 0, 0, 1973, 1813, 0, 0, 0, 3, 0, 0, 1, 1]),
 (12, [731, 116, 0, 0, 0, 1461, 1158, 0, 0, 2, 4, 0, 2, 1, 2]),
 (16, [1399, 16, 0, 1, 1, 651, 980, 1, 0, 1, 3, 0, 1, 1, 1]),
 (12, [1954, 31, 0, 0, 1, 1882, 1457, 1, 1, 1, 1, 0, 1, 2, 2]),
 (12, [731, 116, 0, 0, 0, 1461, 1158, 0, 0, 2, 4, 0, 2, 1, 2]),
 (12, [874, 100, 0, 0, 0, 1082, 616, 0, 1, 0, 3, 0, 1, 2, 0]),
 (16, [1399, 16, 0, 1, 1, 651, 980, 1, 0, 1, 3, 0, 1, 1, 1]),
 (12, [1954, 31, 0, 0, 1, 1882, 1457, 1, 1, 1, 1, 0, 1, 2, 2]),
 (12, [874, 100, 0, 0, 0, 1082, 616, 0, 1, 0, 3, 0, 1, 2, 0]),
 (12, [2025, 74, 0, 1, 1, 1805, 791, 0, 0, 0, 0, 1, 2, 0, 0]),
 (16, [886, 53, 1, 1, 1, 1549, 1690, 0, 1, 0, 0, 0, 0, 2, 2]),
 (12, [1308, 35, 0, 0, 0, 1470, 1808, 0, 1, 1, 3, 0, 1, 2, 1])]
population
[(999, [2003, 111, 1, 0, 1, 1060, 1248, 0, 1, 3, 2, 0, 2, 2, 1]),
 (999, [1779, 66, 0, 1, 1, 1469, 1862, 0, 1, 3, 1, 1, 2, 2, 0]),
 (999, [1642, 114, 1, 1, 1, 2035, 923, 1, 1, 3, 3, 0, 0, 1, 2]),
 (999, [1544, 85, 1, 1, 1, 1698, 1482, 1, 0, 1, 5, 0, 1, 1, 2]),
 (999, [1446, 23, 1, 0, 0, 1534, 1693, 0, 0, 3, 4, 0, 1, 1, 2]),
 (999, [1282, 111, 1, 1, 1, 1900, 1985, 1, 1, 3, 5, 0, 1, 2, 2]),
 (999, [1185, 90, 0, 0, 1, 784, 1266, 0, 0, 2, 5, 1, 0, 0, 0]),
 (999, [1098, 70, 0, 1, 0, 1459, 1133, 0, 1, 3, 0, 1, 1, 2, 0]),
 (999, [915, 114, 0, 1, 1, 648, 2010, 0, 0, 1, 5, 0, 2, 2, 0]),
 (999, [908, 79, 0, 1, 0, 1875, 1278, 1, 1, 3, 0, 1, 2, 2, 2]),
 (999, [713, 108, 0, 1, 0, 824, 1506, 1, 0, 3, 3, 1, 0, 0, 0]),
 (999, [584, 45, 1, 0, 1, 864, 586, 1, 0, 3, 4, 1, 1, 2, 2]),
 (16, [1998, 26, 0, 1, 1, 1549, 1935, 1, 1, 0, 0, 1, 1, 1, 1]),
 (16, [1758, 102, 0, 0, 1, 754, 1861, 1, 1, 0, 0, 0, 2, 0, 2]),
 (16, [1690, 100, 1, 0, 1, 1802, 1002, 0, 1, 2, 3, 0, 2, 1, 1]),
 (16, [1561, 68, 0, 1, 0, 516, 579, 0, 1, 0, 0, 1, 1, 0, 2]),
 (16, [1462, 29, 1, 0, 1, 1120, 1329, 1, 0, 2, 2, 1, 0, 0, 1]),
 (16, [1424, 62, 1, 1, 1, 1717, 1539, 0, 1, 1, 4, 1, 1, 1, 2]),
 (16, [1399, 16, 0, 1, 1, 651, 980, 1, 0, 1, 3, 0, 1, 1, 1]),
 (16, [1378, 35, 1, 1, 1, 819, 887, 0, 1, 2, 3, 0, 0, 2, 0]),
 (16, [1254, 101, 1, 0, 0, 1973, 1813, 0, 0, 0, 3, 0, 0, 1, 1]),
 (16, [886, 53, 1, 1, 1, 1549, 1690, 0, 1, 0, 0, 0, 0, 2, 2]),
 (16, [759, 33, 0, 0, 0, 571, 1130, 1, 1, 2, 4, 1, 1, 1, 0]),
 (16, [648, 92, 0, 0, 1, 528, 956, 1, 0, 1, 3, 0, 2, 0, 2]),
 (16, [530, 13, 1, 0, 0, 929, 1855, 0, 1, 1, 3, 0, 2, 0, 2]),
 (12, [2025, 74, 0, 1, 1, 1805, 791, 0, 0, 0, 0, 1, 2, 0, 0]),
 (12, [1954, 31, 0, 0, 1, 1882, 1457, 1, 1, 1, 1, 0, 1, 2, 2]),
 (12, [1716, 11, 0, 1, 1, 1638, 1323, 0, 0, 2, 1, 1, 2, 1, 1]),
 (12, [1308, 35, 0, 0, 0, 1470, 1808, 0, 1, 1, 3, 0, 1, 2, 1]),
 (12, [1122, 88, 0, 0, 0, 2006, 654, 0, 0, 0, 3, 1, 2, 0, 0]),
 (12, [874, 100, 0, 0, 0, 1082, 616, 0, 1, 0, 3, 0, 1, 2, 0]),
 (12, [731, 116, 0, 0, 0, 1461, 1158, 0, 0, 2, 4, 0, 2, 1, 2])]
scored
[(12, [731, 116, 0, 0, 0, 1461, 1158, 0, 0, 2, 4, 0, 2, 1, 2]),
 (12, [874, 100, 0, 0, 0, 1082, 616, 0, 1, 0, 3, 0, 1, 2, 0]),
 (12, [1122, 88, 0, 0, 0, 2006, 654, 0, 0, 0, 3, 1, 2, 0, 0]),
 (12, [1308, 35, 0, 0, 0, 1470, 1808, 0, 1, 1, 3, 0, 1, 2, 1]),
 (12, [1716, 11, 0, 1, 1, 1638, 1323, 0, 0, 2, 1, 1, 2, 1, 1]),
 (12, [1954, 31, 0, 0, 1, 1882, 1457, 1, 1, 1, 1, 0, 1, 2, 2]),
 (12, [2025, 74, 0, 1, 1, 1805, 791, 0, 0, 0, 0, 1, 2, 0, 0]),
 (16, [530, 13, 1, 0, 0, 929, 1855, 0, 1, 1, 3, 0, 2, 0, 2]),
 (16, [648, 92, 0, 0, 1, 528, 956, 1, 0, 1, 3, 0, 2, 0, 2]),
 (16, [759, 33, 0, 0, 0, 571, 1130, 1, 1, 2, 4, 1, 1, 1, 0]),
 (16, [886, 53, 1, 1, 1, 1549, 1690, 0, 1, 0, 0, 0, 0, 2, 2]),
 (16, [1254, 101, 1, 0, 0, 1973, 1813, 0, 0, 0, 3, 0, 0, 1, 1]),
 (16, [1378, 35, 1, 1, 1, 819, 887, 0, 1, 2, 3, 0, 0, 2, 0]),
 (16, [1399, 16, 0, 1, 1, 651, 980, 1, 0, 1, 3, 0, 1, 1, 1]),
 (16, [1424, 62, 1, 1, 1, 1717, 1539, 0, 1, 1, 4, 1, 1, 1, 2]),
 (16, [1462, 29, 1, 0, 1, 1120, 1329, 1, 0, 2, 2, 1, 0, 0, 1]),
 (16, [1561, 68, 0, 1, 0, 516, 579, 0, 1, 0, 0, 1, 1, 0, 2]),
 (16, [1690, 100, 1, 0, 1, 1802, 1002, 0, 1, 2, 3, 0, 2, 1, 1]),
 (16, [1758, 102, 0, 0, 1, 754, 1861, 1, 1, 0, 0, 0, 2, 0, 2]),
 (16, [1998, 26, 0, 1, 1, 1549, 1935, 1, 1, 0, 0, 1, 1, 1, 1]),
 (999, [584, 45, 1, 0, 1, 864, 586, 1, 0, 3, 4, 1, 1, 2, 2]),
 (999, [713, 108, 0, 1, 0, 824, 1506, 1, 0, 3, 3, 1, 0, 0, 0]),
 (999, [908, 79, 0, 1, 0, 1875, 1278, 1, 1, 3, 0, 1, 2, 2, 2]),
 (999, [915, 114, 0, 1, 1, 648, 2010, 0, 0, 1, 5, 0, 2, 2, 0]),
 (999, [1098, 70, 0, 1, 0, 1459, 1133, 0, 1, 3, 0, 1, 1, 2, 0]),
 (999, [1185, 90, 0, 0, 1, 784, 1266, 0, 0, 2, 5, 1, 0, 0, 0]),
 (999, [1282, 111, 1, 1, 1, 1900, 1985, 1, 1, 3, 5, 0, 1, 2, 2]),
 (999, [1446, 23, 1, 0, 0, 1534, 1693, 0, 0, 3, 4, 0, 1, 1, 2]),
 (999, [1544, 85, 1, 1, 1, 1698, 1482, 1, 0, 1, 5, 0, 1, 1, 2]),
 (999, [1642, 114, 1, 1, 1, 2035, 923, 1, 1, 3, 3, 0, 0, 1, 2]),
 (999, [1779, 66, 0, 1, 1, 1469, 1862, 0, 1, 3, 1, 1, 2, 2, 0]),
 (999, [2003, 111, 1, 0, 1, 1060, 1248, 0, 1, 3, 2, 0, 2, 2, 1])]
Selected
[(12, [874, 100, 0, 0, 0, 1082, 616, 0, 1, 0, 3, 0, 1, 2, 0]),
 (12, [731, 116, 0, 0, 0, 1461, 1158, 0, 0, 2, 4, 0, 2, 1, 2]),
 (12, [731, 116, 0, 0, 0, 1461, 1158, 0, 0, 2, 4, 0, 2, 1, 2]),
 (12, [1716, 11, 0, 1, 1, 1638, 1323, 0, 0, 2, 1, 1, 2, 1, 1]),
 (12, [1954, 31, 0, 0, 1, 1882, 1457, 1, 1, 1, 1, 0, 1, 2, 2]),
 (12, [1122, 88, 0, 0, 0, 2006, 654, 0, 0, 0, 3, 1, 2, 0, 0]),
 (12, [874, 100, 0, 0, 0, 1082, 616, 0, 1, 0, 3, 0, 1, 2, 0]),
 (12, [1954, 31, 0, 0, 1, 1882, 1457, 1, 1, 1, 1, 0, 1, 2, 2]),
 (16, [648, 92, 0, 0, 1, 528, 956, 1, 0, 1, 3, 0, 2, 0, 2]),
 (16, [886, 53, 1, 1, 1, 1549, 1690, 0, 1, 0, 0, 0, 0, 2, 2]),
 (12, [731, 116, 0, 0, 0, 1461, 1158, 0, 0, 2, 4, 0, 2, 1, 2]),
 (12, [874, 100, 0, 0, 0, 1082, 616, 0, 1, 0, 3, 0, 1, 2, 0]),
 (12, [1122, 88, 0, 0, 0, 2006, 654, 0, 0, 0, 3, 1, 2, 0, 0]),
 (12, [1122, 88, 0, 0, 0, 2006, 654, 0, 0, 0, 3, 1, 2, 0, 0]),
 (12, [731, 116, 0, 0, 0, 1461, 1158, 0, 0, 2, 4, 0, 2, 1, 2]),
 (16, [1424, 62, 1, 1, 1, 1717, 1539, 0, 1, 1, 4, 1, 1, 1, 2]),
 (12, [1122, 88, 0, 0, 0, 2006, 654, 0, 0, 0, 3, 1, 2, 0, 0]),
 (12, [874, 100, 0, 0, 0, 1082, 616, 0, 1, 0, 3, 0, 1, 2, 0]),
 (12, [2025, 74, 0, 1, 1, 1805, 791, 0, 0, 0, 0, 1, 2, 0, 0]),
 (12, [1122, 88, 0, 0, 0, 2006, 654, 0, 0, 0, 3, 1, 2, 0, 0]),
 (16, [886, 53, 1, 1, 1, 1549, 1690, 0, 1, 0, 0, 0, 0, 2, 2]),
 (12, [731, 116, 0, 0, 0, 1461, 1158, 0, 0, 2, 4, 0, 2, 1, 2]),
 (12, [1122, 88, 0, 0, 0, 2006, 654, 0, 0, 0, 3, 1, 2, 0, 0]),
 (12, [1308, 35, 0, 0, 0, 1470, 1808, 0, 1, 1, 3, 0, 1, 2, 1]),
 (12, [731, 116, 0, 0, 0, 1461, 1158, 0, 0, 2, 4, 0, 2, 1, 2]),
 (16, [886, 53, 1, 1, 1, 1549, 1690, 0, 1, 0, 0, 0, 0, 2, 2]),
 (12, [1122, 88, 0, 0, 0, 2006, 654, 0, 0, 0, 3, 1, 2, 0, 0])]
population
[(999, [2003, 111, 1, 0, 1, 1060, 1248, 0, 1, 3, 2, 0, 2, 2, 1]),
 (999, [1779, 66, 0, 1, 1, 1469, 1862, 0, 1, 3, 1, 1, 2, 2, 0]),
 (999, [1642, 114, 1, 1, 1, 2035, 923, 1, 1, 3, 3, 0, 0, 1, 2]),
 (999, [1544, 85, 1, 1, 1, 1698, 1482, 1, 0, 1, 5, 0, 1, 1, 2]),
 (999, [1446, 23, 1, 0, 0, 1534, 1693, 0, 0, 3, 4, 0, 1, 1, 2]),
 (999, [1282, 111, 1, 1, 1, 1900, 1985, 1, 1, 3, 5, 0, 1, 2, 2]),
 (999, [1185, 90, 0, 0, 1, 784, 1266, 0, 0, 2, 5, 1, 0, 0, 0]),
 (999, [1098, 70, 0, 1, 0, 1459, 1133, 0, 1, 3, 0, 1, 1, 2, 0]),
 (999, [915, 114, 0, 1, 1, 648, 2010, 0, 0, 1, 5, 0, 2, 2, 0]),
 (999, [908, 79, 0, 1, 0, 1875, 1278, 1, 1, 3, 0, 1, 2, 2, 2]),
 (999, [713, 108, 0, 1, 0, 824, 1506, 1, 0, 3, 3, 1, 0, 0, 0]),
 (999, [584, 45, 1, 0, 1, 864, 586, 1, 0, 3, 4, 1, 1, 2, 2]),
 (16, [1998, 26, 0, 1, 1, 1549, 1935, 1, 1, 0, 0, 1, 1, 1, 1]),
 (16, [1758, 102, 0, 0, 1, 754, 1861, 1, 1, 0, 0, 0, 2, 0, 2]),
 (16, [1690, 100, 1, 0, 1, 1802, 1002, 0, 1, 2, 3, 0, 2, 1, 1]),
 (16, [1561, 68, 0, 1, 0, 516, 579, 0, 1, 0, 0, 1, 1, 0, 2]),
 (16, [1462, 29, 1, 0, 1, 1120, 1329, 1, 0, 2, 2, 1, 0, 0, 1]),
 (16, [1424, 62, 1, 1, 1, 1717, 1539, 0, 1, 1, 4, 1, 1, 1, 2]),
 (16, [1399, 16, 0, 1, 1, 651, 980, 1, 0, 1, 3, 0, 1, 1, 1]),
 (16, [1378, 35, 1, 1, 1, 819, 887, 0, 1, 2, 3, 0, 0, 2, 0]),
 (16, [1254, 101, 1, 0, 0, 1973, 1813, 0, 0, 0, 3, 0, 0, 1, 1]),
 (16, [886, 53, 1, 1, 1, 1549, 1690, 0, 1, 0, 0, 0, 0, 2, 2]),
 (16, [759, 33, 0, 0, 0, 571, 1130, 1, 1, 2, 4, 1, 1, 1, 0]),
 (16, [648, 92, 0, 0, 1, 528, 956, 1, 0, 1, 3, 0, 2, 0, 2]),
 (16, [530, 13, 1, 0, 0, 929, 1855, 0, 1, 1, 3, 0, 2, 0, 2]),
 (12, [2025, 74, 0, 1, 1, 1805, 791, 0, 0, 0, 0, 1, 2, 0, 0]),
 (12, [1954, 31, 0, 0, 1, 1882, 1457, 1, 1, 1, 1, 0, 1, 2, 2]),
 (12, [1716, 11, 0, 1, 1, 1638, 1323, 0, 0, 2, 1, 1, 2, 1, 1]),
 (12, [1308, 35, 0, 0, 0, 1470, 1808, 0, 1, 1, 3, 0, 1, 2, 1]),
 (12, [1122, 88, 0, 0, 0, 2006, 654, 0, 0, 0, 3, 1, 2, 0, 0]),
 (12, [874, 100, 0, 0, 0, 1082, 616, 0, 1, 0, 3, 0, 1, 2, 0]),
 (12, [731, 116, 0, 0, 0, 1461, 1158, 0, 0, 2, 4, 0, 2, 1, 2])]
scored
[(12, [731, 116, 0, 0, 0, 1461, 1158, 0, 0, 2, 4, 0, 2, 1, 2]),
 (12, [874, 100, 0, 0, 0, 1082, 616, 0, 1, 0, 3, 0, 1, 2, 0]),
 (12, [1122, 88, 0, 0, 0, 2006, 654, 0, 0, 0, 3, 1, 2, 0, 0]),
 (12, [1308, 35, 0, 0, 0, 1470, 1808, 0, 1, 1, 3, 0, 1, 2, 1]),
 (12, [1716, 11, 0, 1, 1, 1638, 1323, 0, 0, 2, 1, 1, 2, 1, 1]),
 (12, [1954, 31, 0, 0, 1, 1882, 1457, 1, 1, 1, 1, 0, 1, 2, 2]),
 (12, [2025, 74, 0, 1, 1, 1805, 791, 0, 0, 0, 0, 1, 2, 0, 0]),
 (16, [530, 13, 1, 0, 0, 929, 1855, 0, 1, 1, 3, 0, 2, 0, 2]),
 (16, [648, 92, 0, 0, 1, 528, 956, 1, 0, 1, 3, 0, 2, 0, 2]),
 (16, [759, 33, 0, 0, 0, 571, 1130, 1, 1, 2, 4, 1, 1, 1, 0]),
 (16, [886, 53, 1, 1, 1, 1549, 1690, 0, 1, 0, 0, 0, 0, 2, 2]),
 (16, [1254, 101, 1, 0, 0, 1973, 1813, 0, 0, 0, 3, 0, 0, 1, 1]),
 (16, [1378, 35, 1, 1, 1, 819, 887, 0, 1, 2, 3, 0, 0, 2, 0]),
 (16, [1399, 16, 0, 1, 1, 651, 980, 1, 0, 1, 3, 0, 1, 1, 1]),
 (16, [1424, 62, 1, 1, 1, 1717, 1539, 0, 1, 1, 4, 1, 1, 1, 2]),
 (16, [1462, 29, 1, 0, 1, 1120, 1329, 1, 0, 2, 2, 1, 0, 0, 1]),
 (16, [1561, 68, 0, 1, 0, 516, 579, 0, 1, 0, 0, 1, 1, 0, 2]),
 (16, [1690, 100, 1, 0, 1, 1802, 1002, 0, 1, 2, 3, 0, 2, 1, 1]),
 (16, [1758, 102, 0, 0, 1, 754, 1861, 1, 1, 0, 0, 0, 2, 0, 2]),
 (16, [1998, 26, 0, 1, 1, 1549, 1935, 1, 1, 0, 0, 1, 1, 1, 1]),
 (999, [584, 45, 1, 0, 1, 864, 586, 1, 0, 3, 4, 1, 1, 2, 2]),
 (999, [713, 108, 0, 1, 0, 824, 1506, 1, 0, 3, 3, 1, 0, 0, 0]),
 (999, [908, 79, 0, 1, 0, 1875, 1278, 1, 1, 3, 0, 1, 2, 2, 2]),
 (999, [915, 114, 0, 1, 1, 648, 2010, 0, 0, 1, 5, 0, 2, 2, 0]),
 (999, [1098, 70, 0, 1, 0, 1459, 1133, 0, 1, 3, 0, 1, 1, 2, 0]),
 (999, [1185, 90, 0, 0, 1, 784, 1266, 0, 0, 2, 5, 1, 0, 0, 0]),
 (999, [1282, 111, 1, 1, 1, 1900, 1985, 1, 1, 3, 5, 0, 1, 2, 2]),
 (999, [1446, 23, 1, 0, 0, 1534, 1693, 0, 0, 3, 4, 0, 1, 1, 2]),
 (999, [1544, 85, 1, 1, 1, 1698, 1482, 1, 0, 1, 5, 0, 1, 1, 2]),
 (999, [1642, 114, 1, 1, 1, 2035, 923, 1, 1, 3, 3, 0, 0, 1, 2]),
 (999, [1779, 66, 0, 1, 1, 1469, 1862, 0, 1, 3, 1, 1, 2, 2, 0]),
 (999, [2003, 111, 1, 0, 1, 1060, 1248, 0, 1, 3, 2, 0, 2, 2, 1])]
Selected
[(12, [1716, 11, 0, 1, 1, 1638, 1323, 0, 0, 2, 1, 1, 2, 1, 1]),
 (12, [1308, 35, 0, 0, 0, 1470, 1808, 0, 1, 1, 3, 0, 1, 2, 1]),
 (12, [1308, 35, 0, 0, 0, 1470, 1808, 0, 1, 1, 3, 0, 1, 2, 1]),
 (12, [1308, 35, 0, 0, 0, 1470, 1808, 0, 1, 1, 3, 0, 1, 2, 1]),
 (12, [1954, 31, 0, 0, 1, 1882, 1457, 1, 1, 1, 1, 0, 1, 2, 2]),
 (12, [1716, 11, 0, 1, 1, 1638, 1323, 0, 0, 2, 1, 1, 2, 1, 1]),
 (12, [874, 100, 0, 0, 0, 1082, 616, 0, 1, 0, 3, 0, 1, 2, 0]),
 (12, [874, 100, 0, 0, 0, 1082, 616, 0, 1, 0, 3, 0, 1, 2, 0]),
 (12, [1122, 88, 0, 0, 0, 2006, 654, 0, 0, 0, 3, 1, 2, 0, 0]),
 (12, [1954, 31, 0, 0, 1, 1882, 1457, 1, 1, 1, 1, 0, 1, 2, 2]),
 (12, [731, 116, 0, 0, 0, 1461, 1158, 0, 0, 2, 4, 0, 2, 1, 2]),
 (12, [874, 100, 0, 0, 0, 1082, 616, 0, 1, 0, 3, 0, 1, 2, 0]),
 (12, [731, 116, 0, 0, 0, 1461, 1158, 0, 0, 2, 4, 0, 2, 1, 2]),
 (12, [1308, 35, 0, 0, 0, 1470, 1808, 0, 1, 1, 3, 0, 1, 2, 1]),
 (12, [731, 116, 0, 0, 0, 1461, 1158, 0, 0, 2, 4, 0, 2, 1, 2]),
 (16, [648, 92, 0, 0, 1, 528, 956, 1, 0, 1, 3, 0, 2, 0, 2]),
 (16, [1399, 16, 0, 1, 1, 651, 980, 1, 0, 1, 3, 0, 1, 1, 1]),
 (12, [2025, 74, 0, 1, 1, 1805, 791, 0, 0, 0, 0, 1, 2, 0, 0]),
 (12, [731, 116, 0, 0, 0, 1461, 1158, 0, 0, 2, 4, 0, 2, 1, 2]),
 (12, [731, 116, 0, 0, 0, 1461, 1158, 0, 0, 2, 4, 0, 2, 1, 2]),
 (12, [1122, 88, 0, 0, 0, 2006, 654, 0, 0, 0, 3, 1, 2, 0, 0]),
 (12, [874, 100, 0, 0, 0, 1082, 616, 0, 1, 0, 3, 0, 1, 2, 0]),
 (12, [731, 116, 0, 0, 0, 1461, 1158, 0, 0, 2, 4, 0, 2, 1, 2]),
 (12, [731, 116, 0, 0, 0, 1461, 1158, 0, 0, 2, 4, 0, 2, 1, 2]),
 (16, [530, 13, 1, 0, 0, 929, 1855, 0, 1, 1, 3, 0, 2, 0, 2]),
 (12, [731, 116, 0, 0, 0, 1461, 1158, 0, 0, 2, 4, 0, 2, 1, 2]),
 (12, [731, 116, 0, 0, 0, 1461, 1158, 0, 0, 2, 4, 0, 2, 1, 2])]

Poblacin de 32 individuos durante 15 generaciones
Poblacin inicial:
[(999, [2003, 111, 1, 0, 1, 1060, 1248, 0, 1, 3, 2, 0, 2, 2, 1]),
 (999, [1779, 66, 0, 1, 1, 1469, 1862, 0, 1, 3, 1, 1, 2, 2, 0]),
 (999, [1642, 114, 1, 1, 1, 2035, 923, 1, 1, 3, 3, 0, 0, 1, 2]),
 (999, [1544, 85, 1, 1, 1, 1698, 1482, 1, 0, 1, 5, 0, 1, 1, 2]),
 (999, [1446, 23, 1, 0, 0, 1534, 1693, 0, 0, 3, 4, 0, 1, 1, 2]),
 (999, [1282, 111, 1, 1, 1, 1900, 1985, 1, 1, 3, 5, 0, 1, 2, 2]),
 (999, [1185, 90, 0, 0, 1, 784, 1266, 0, 0, 2, 5, 1, 0, 0, 0]),
 (999, [1098, 70, 0, 1, 0, 1459, 1133, 0, 1, 3, 0, 1, 1, 2, 0]),
 (999, [915, 114, 0, 1, 1, 648, 2010, 0, 0, 1, 5, 0, 2, 2, 0]),
 (999, [908, 79, 0, 1, 0, 1875, 1278, 1, 1, 3, 0, 1, 2, 2, 2]),
 (999, [713, 108, 0, 1, 0, 824, 1506, 1, 0, 3, 3, 1, 0, 0, 0]),
 (999, [584, 45, 1, 0, 1, 864, 586, 1, 0, 3, 4, 1, 1, 2, 2]),
 (16, [1998, 26, 0, 1, 1, 1549, 1935, 1, 1, 0, 0, 1, 1, 1, 1]),
 (16, [1758, 102, 0, 0, 1, 754, 1861, 1, 1, 0, 0, 0, 2, 0, 2]),
 (16, [1690, 100, 1, 0, 1, 1802, 1002, 0, 1, 2, 3, 0, 2, 1, 1]),
 (16, [1561, 68, 0, 1, 0, 516, 579, 0, 1, 0, 0, 1, 1, 0, 2]),
 (16, [1462, 29, 1, 0, 1, 1120, 1329, 1, 0, 2, 2, 1, 0, 0, 1]),
 (16, [1424, 62, 1, 1, 1, 1717, 1539, 0, 1, 1, 4, 1, 1, 1, 2]),
 (16, [1399, 16, 0, 1, 1, 651, 980, 1, 0, 1, 3, 0, 1, 1, 1]),
 (16, [1378, 35, 1, 1, 1, 819, 887, 0, 1, 2, 3, 0, 0, 2, 0]),
 (16, [1254, 101, 1, 0, 0, 1973, 1813, 0, 0, 0, 3, 0, 0, 1, 1]),
 (16, [886, 53, 1, 1, 1, 1549, 1690, 0, 1, 0, 0, 0, 0, 2, 2]),
 (16, [759, 33, 0, 0, 0, 571, 1130, 1, 1, 2, 4, 1, 1, 1, 0]),
 (16, [648, 92, 0, 0, 1, 528, 956, 1, 0, 1, 3, 0, 2, 0, 2]),
 (16, [530, 13, 1, 0, 0, 929, 1855, 0, 1, 1, 3, 0, 2, 0, 2]),
 (12, [2025, 74, 0, 1, 1, 1805, 791, 0, 0, 0, 0, 1, 2, 0, 0]),
 (12, [1954, 31, 0, 0, 1, 1882, 1457, 1, 1, 1, 1, 0, 1, 2, 2]),
 (12, [1716, 11, 0, 1, 1, 1638, 1323, 0, 0, 2, 1, 1, 2, 1, 1]),
 (12, [1308, 35, 0, 0, 0, 1470, 1808, 0, 1, 1, 3, 0, 1, 2, 1]),
 (12, [1122, 88, 0, 0, 0, 2006, 654, 0, 0, 0, 3, 1, 2, 0, 0]),
 (12, [874, 100, 0, 0, 0, 1082, 616, 0, 1, 0, 3, 0, 1, 2, 0]),
 (12, [731, 116, 0, 0, 0, 1461, 1158, 0, 0, 2, 4, 0, 2, 1, 2])]
Poblacin final:
[(999, [2003, 111, 1, 0, 1, 1060, 1248, 0, 1, 3, 2, 0, 2, 2, 1]),
 (999, [1779, 66, 0, 1, 1, 1469, 1862, 0, 1, 3, 1, 1, 2, 2, 0]),
 (999, [1642, 114, 1, 1, 1, 2035, 923, 1, 1, 3, 3, 0, 0, 1, 2]),
 (999, [1544, 85, 1, 1, 1, 1698, 1482, 1, 0, 1, 5, 0, 1, 1, 2]),
 (999, [1446, 23, 1, 0, 0, 1534, 1693, 0, 0, 3, 4, 0, 1, 1, 2]),
 (999, [1282, 111, 1, 1, 1, 1900, 1985, 1, 1, 3, 5, 0, 1, 2, 2]),
 (999, [1185, 90, 0, 0, 1, 784, 1266, 0, 0, 2, 5, 1, 0, 0, 0]),
 (999, [1098, 70, 0, 1, 0, 1459, 1133, 0, 1, 3, 0, 1, 1, 2, 0]),
 (999, [915, 114, 0, 1, 1, 648, 2010, 0, 0, 1, 5, 0, 2, 2, 0]),
 (999, [908, 79, 0, 1, 0, 1875, 1278, 1, 1, 3, 0, 1, 2, 2, 2]),
 (999, [713, 108, 0, 1, 0, 824, 1506, 1, 0, 3, 3, 1, 0, 0, 0]),
 (999, [584, 45, 1, 0, 1, 864, 586, 1, 0, 3, 4, 1, 1, 2, 2]),
 (16, [1998, 26, 0, 1, 1, 1549, 1935, 1, 1, 0, 0, 1, 1, 1, 1]),
 (16, [1758, 102, 0, 0, 1, 754, 1861, 1, 1, 0, 0, 0, 2, 0, 2]),
 (16, [1690, 100, 1, 0, 1, 1802, 1002, 0, 1, 2, 3, 0, 2, 1, 1]),
 (16, [1561, 68, 0, 1, 0, 516, 579, 0, 1, 0, 0, 1, 1, 0, 2]),
 (16, [1462, 29, 1, 0, 1, 1120, 1329, 1, 0, 2, 2, 1, 0, 0, 1]),
 (16, [1424, 62, 1, 1, 1, 1717, 1539, 0, 1, 1, 4, 1, 1, 1, 2]),
 (16, [1399, 16, 0, 1, 1, 651, 980, 1, 0, 1, 3, 0, 1, 1, 1]),
 (16, [1378, 35, 1, 1, 1, 819, 887, 0, 1, 2, 3, 0, 0, 2, 0]),
 (16, [1254, 101, 1, 0, 0, 1973, 1813, 0, 0, 0, 3, 0, 0, 1, 1]),
 (16, [886, 53, 1, 1, 1, 1549, 1690, 0, 1, 0, 0, 0, 0, 2, 2]),
 (16, [759, 33, 0, 0, 0, 571, 1130, 1, 1, 2, 4, 1, 1, 1, 0]),
 (16, [648, 92, 0, 0, 1, 528, 956, 1, 0, 1, 3, 0, 2, 0, 2]),
 (16, [530, 13, 1, 0, 0, 929, 1855, 0, 1, 1, 3, 0, 2, 0, 2]),
 (12, [2025, 74, 0, 1, 1, 1805, 791, 0, 0, 0, 0, 1, 2, 0, 0]),
 (12, [1954, 31, 0, 0, 1, 1882, 1457, 1, 1, 1, 1, 0, 1, 2, 2]),
 (12, [1716, 11, 0, 1, 1, 1638, 1323, 0, 0, 2, 1, 1, 2, 1, 1]),
 (12, [1308, 35, 0, 0, 0, 1470, 1808, 0, 1, 1, 3, 0, 1, 2, 1]),
 (12, [1122, 88, 0, 0, 0, 2006, 654, 0, 0, 0, 3, 1, 2, 0, 0]),
 (12, [874, 100, 0, 0, 0, 1082, 616, 0, 1, 0, 3, 0, 1, 2, 0]),
 (12, [731, 116, 0, 0, 0, 1461, 1158, 0, 0, 2, 4, 0, 2, 1, 2])]
Elapsed time is 850.784544 seconds.
