 * Manually resetting nginx to stopped state
 * Manually resetting nginx to stopped state
 * Manually resetting nginx to stopped state
 * Manually resetting nginx to stopped state
 * Manually resetting nginx to stopped state
 * Manually resetting nginx to stopped state
 * Manually resetting nginx to stopped state
 * Manually resetting nginx to stopped state
 * Manually resetting nginx to stopped state
 * Manually resetting nginx to stopped state
 * Manually resetting nginx to stopped state
 * Manually resetting nginx to stopped state
 * Manually resetting nginx to stopped state
 * Manually resetting nginx to stopped state
 * Manually resetting nginx to stopped state
 * Manually resetting nginx to stopped state
 * Manually resetting nginx to stopped state
 * Manually resetting nginx to stopped state
 * Manually resetting nginx to stopped state
 * Manually resetting nginx to stopped state
genes: 15
individuals : 32
pressure: 5
mutation_chance: 0
generations: 15
crossover_type: 1
mutation_type_random: 1
Alerts:
12
Alerts:
12
Alerts:
12
Alerts:
12
Alerts:
16
Alerts:
33
Alerts:
35
Alerts:
16
Alerts:
33
Alerts:
33
Alerts:
34
Alerts:
16
Alerts:
33
Alerts:
12
Alerts:
34
Alerts:
12
Alerts:
33
Alerts:
16
Alerts:
16
Alerts:
33
population
[(12, [1977, 105, 1, 0, 0, 1191, 1100, 1, 0, 1, 2, 1, 2, 0, 1]),
 (999, [1324, 49, 1, 0, 0, 1075, 1223, 1, 0, 2, 5, 1, 0, 1, 0]),
 (999, [943, 45, 0, 1, 1, 591, 966, 0, 1, 3, 3, 1, 0, 0, 0]),
 (12, [931, 118, 1, 0, 1, 688, 1580, 1, 0, 1, 0, 1, 0, 1, 0]),
 (999, [535, 55, 1, 1, 0, 667, 585, 0, 0, 2, 5, 1, 0, 1, 1]),
 (999, [1136, 50, 0, 0, 1, 1855, 1084, 0, 1, 1, 5, 0, 2, 1, 1]),
 (12, [568, 68, 1, 0, 1, 514, 860, 1, 1, 2, 3, 0, 1, 1, 0]),
 (999, [1340, 13, 0, 1, 1, 833, 1350, 0, 1, 2, 5, 0, 0, 1, 2]),
 (12, [1253, 25, 0, 1, 1, 972, 1733, 0, 0, 2, 3, 0, 0, 0, 2]),
 (16, [754, 47, 1, 0, 0, 825, 736, 1, 0, 1, 2, 1, 0, 1, 2]),
 (33, [1830, 14, 0, 1, 0, 1272, 1106, 0, 0, 1, 2, 1, 0, 2, 1]),
 (35, [1704, 25, 1, 1, 0, 1746, 1490, 0, 1, 2, 2, 1, 1, 2, 1]),
 (999, [1783, 13, 0, 1, 0, 946, 1125, 0, 0, 2, 5, 0, 1, 2, 2]),
 (16, [588, 75, 0, 1, 1, 1675, 735, 0, 1, 1, 0, 1, 1, 2, 1]),
 (999, [535, 50, 1, 0, 0, 1206, 1644, 1, 1, 2, 5, 1, 2, 0, 2]),
 (33, [1858, 84, 1, 1, 0, 941, 1722, 1, 1, 1, 2, 1, 0, 2, 2]),
 (33, [1555, 13, 0, 1, 0, 663, 698, 1, 1, 0, 4, 1, 2, 1, 1]),
 (34, [545, 42, 1, 1, 0, 731, 2047, 1, 0, 2, 2, 1, 0, 0, 0]),
 (16, [1034, 69, 1, 0, 1, 810, 1511, 1, 0, 1, 3, 1, 1, 2, 2]),
 (999, [1792, 114, 1, 1, 0, 951, 540, 1, 1, 3, 0, 0, 1, 2, 1]),
 (999, [1197, 111, 1, 1, 0, 1887, 1265, 0, 0, 3, 4, 1, 0, 1, 0]),
 (33, [1649, 38, 0, 0, 0, 1866, 1828, 0, 0, 1, 2, 1, 0, 2, 1]),
 (12, [1754, 30, 1, 1, 0, 1148, 1819, 0, 0, 2, 4, 1, 0, 2, 1]),
 (34, [1874, 58, 0, 0, 0, 795, 688, 1, 1, 2, 2, 0, 2, 2, 1]),
 (999, [614, 75, 0, 1, 1, 1795, 1640, 0, 1, 0, 5, 0, 2, 0, 1]),
 (999, [710, 13, 0, 0, 0, 1595, 1362, 0, 1, 3, 2, 0, 2, 2, 0]),
 (12, [546, 108, 0, 1, 0, 1454, 1887, 1, 0, 0, 3, 1, 2, 0, 2]),
 (33, [1824, 72, 0, 0, 0, 970, 612, 0, 1, 0, 1, 1, 2, 2, 0]),
 (16, [1445, 73, 1, 1, 0, 1272, 632, 1, 0, 0, 0, 1, 1, 1, 1]),
 (999, [1297, 34, 1, 0, 1, 849, 1290, 1, 0, 3, 5, 1, 2, 0, 0]),
 (16, [1937, 92, 1, 0, 0, 1504, 1415, 0, 1, 0, 0, 1, 1, 0, 2]),
 (33, [1789, 54, 0, 1, 0, 1154, 726, 0, 1, 2, 4, 0, 2, 2, 2])]
scored
[(12, [546, 108, 0, 1, 0, 1454, 1887, 1, 0, 0, 3, 1, 2, 0, 2]),
 (12, [568, 68, 1, 0, 1, 514, 860, 1, 1, 2, 3, 0, 1, 1, 0]),
 (12, [931, 118, 1, 0, 1, 688, 1580, 1, 0, 1, 0, 1, 0, 1, 0]),
 (12, [1253, 25, 0, 1, 1, 972, 1733, 0, 0, 2, 3, 0, 0, 0, 2]),
 (12, [1754, 30, 1, 1, 0, 1148, 1819, 0, 0, 2, 4, 1, 0, 2, 1]),
 (12, [1977, 105, 1, 0, 0, 1191, 1100, 1, 0, 1, 2, 1, 2, 0, 1]),
 (16, [588, 75, 0, 1, 1, 1675, 735, 0, 1, 1, 0, 1, 1, 2, 1]),
 (16, [754, 47, 1, 0, 0, 825, 736, 1, 0, 1, 2, 1, 0, 1, 2]),
 (16, [1034, 69, 1, 0, 1, 810, 1511, 1, 0, 1, 3, 1, 1, 2, 2]),
 (16, [1445, 73, 1, 1, 0, 1272, 632, 1, 0, 0, 0, 1, 1, 1, 1]),
 (16, [1937, 92, 1, 0, 0, 1504, 1415, 0, 1, 0, 0, 1, 1, 0, 2]),
 (33, [1555, 13, 0, 1, 0, 663, 698, 1, 1, 0, 4, 1, 2, 1, 1]),
 (33, [1649, 38, 0, 0, 0, 1866, 1828, 0, 0, 1, 2, 1, 0, 2, 1]),
 (33, [1789, 54, 0, 1, 0, 1154, 726, 0, 1, 2, 4, 0, 2, 2, 2]),
 (33, [1824, 72, 0, 0, 0, 970, 612, 0, 1, 0, 1, 1, 2, 2, 0]),
 (33, [1830, 14, 0, 1, 0, 1272, 1106, 0, 0, 1, 2, 1, 0, 2, 1]),
 (33, [1858, 84, 1, 1, 0, 941, 1722, 1, 1, 1, 2, 1, 0, 2, 2]),
 (34, [545, 42, 1, 1, 0, 731, 2047, 1, 0, 2, 2, 1, 0, 0, 0]),
 (34, [1874, 58, 0, 0, 0, 795, 688, 1, 1, 2, 2, 0, 2, 2, 1]),
 (35, [1704, 25, 1, 1, 0, 1746, 1490, 0, 1, 2, 2, 1, 1, 2, 1]),
 (999, [535, 50, 1, 0, 0, 1206, 1644, 1, 1, 2, 5, 1, 2, 0, 2]),
 (999, [535, 55, 1, 1, 0, 667, 585, 0, 0, 2, 5, 1, 0, 1, 1]),
 (999, [614, 75, 0, 1, 1, 1795, 1640, 0, 1, 0, 5, 0, 2, 0, 1]),
 (999, [710, 13, 0, 0, 0, 1595, 1362, 0, 1, 3, 2, 0, 2, 2, 0]),
 (999, [943, 45, 0, 1, 1, 591, 966, 0, 1, 3, 3, 1, 0, 0, 0]),
 (999, [1136, 50, 0, 0, 1, 1855, 1084, 0, 1, 1, 5, 0, 2, 1, 1]),
 (999, [1197, 111, 1, 1, 0, 1887, 1265, 0, 0, 3, 4, 1, 0, 1, 0]),
 (999, [1297, 34, 1, 0, 1, 849, 1290, 1, 0, 3, 5, 1, 2, 0, 0]),
 (999, [1324, 49, 1, 0, 0, 1075, 1223, 1, 0, 2, 5, 1, 0, 1, 0]),
 (999, [1340, 13, 0, 1, 1, 833, 1350, 0, 1, 2, 5, 0, 0, 1, 2]),
 (999, [1783, 13, 0, 1, 0, 946, 1125, 0, 0, 2, 5, 0, 1, 2, 2]),
 (999, [1792, 114, 1, 1, 0, 951, 540, 1, 1, 3, 0, 0, 1, 2, 1])]
Selected
[(16, [754, 47, 1, 0, 0, 825, 736, 1, 0, 1, 2, 1, 0, 1, 2]),
 (12, [1253, 25, 0, 1, 1, 972, 1733, 0, 0, 2, 3, 0, 0, 0, 2]),
 (16, [1034, 69, 1, 0, 1, 810, 1511, 1, 0, 1, 3, 1, 1, 2, 2]),
 (12, [1253, 25, 0, 1, 1, 972, 1733, 0, 0, 2, 3, 0, 0, 0, 2]),
 (12, [546, 108, 0, 1, 0, 1454, 1887, 1, 0, 0, 3, 1, 2, 0, 2]),
 (12, [546, 108, 0, 1, 0, 1454, 1887, 1, 0, 0, 3, 1, 2, 0, 2]),
 (12, [931, 118, 1, 0, 1, 688, 1580, 1, 0, 1, 0, 1, 0, 1, 0]),
 (12, [568, 68, 1, 0, 1, 514, 860, 1, 1, 2, 3, 0, 1, 1, 0]),
 (12, [1253, 25, 0, 1, 1, 972, 1733, 0, 0, 2, 3, 0, 0, 0, 2]),
 (12, [546, 108, 0, 1, 0, 1454, 1887, 1, 0, 0, 3, 1, 2, 0, 2]),
 (16, [1445, 73, 1, 1, 0, 1272, 632, 1, 0, 0, 0, 1, 1, 1, 1]),
 (12, [546, 108, 0, 1, 0, 1454, 1887, 1, 0, 0, 3, 1, 2, 0, 2]),
 (12, [931, 118, 1, 0, 1, 688, 1580, 1, 0, 1, 0, 1, 0, 1, 0]),
 (16, [1034, 69, 1, 0, 1, 810, 1511, 1, 0, 1, 3, 1, 1, 2, 2]),
 (12, [546, 108, 0, 1, 0, 1454, 1887, 1, 0, 0, 3, 1, 2, 0, 2]),
 (12, [1253, 25, 0, 1, 1, 972, 1733, 0, 0, 2, 3, 0, 0, 0, 2]),
 (12, [546, 108, 0, 1, 0, 1454, 1887, 1, 0, 0, 3, 1, 2, 0, 2]),
 (12, [568, 68, 1, 0, 1, 514, 860, 1, 1, 2, 3, 0, 1, 1, 0]),
 (12, [568, 68, 1, 0, 1, 514, 860, 1, 1, 2, 3, 0, 1, 1, 0]),
 (16, [754, 47, 1, 0, 0, 825, 736, 1, 0, 1, 2, 1, 0, 1, 2]),
 (12, [931, 118, 1, 0, 1, 688, 1580, 1, 0, 1, 0, 1, 0, 1, 0]),
 (33, [1789, 54, 0, 1, 0, 1154, 726, 0, 1, 2, 4, 0, 2, 2, 2]),
 (12, [1754, 30, 1, 1, 0, 1148, 1819, 0, 0, 2, 4, 1, 0, 2, 1]),
 (12, [931, 118, 1, 0, 1, 688, 1580, 1, 0, 1, 0, 1, 0, 1, 0]),
 (12, [546, 108, 0, 1, 0, 1454, 1887, 1, 0, 0, 3, 1, 2, 0, 2]),
 (12, [546, 108, 0, 1, 0, 1454, 1887, 1, 0, 0, 3, 1, 2, 0, 2]),
 (12, [1977, 105, 1, 0, 0, 1191, 1100, 1, 0, 1, 2, 1, 2, 0, 1])]
population
[(999, [1792, 114, 1, 1, 0, 951, 540, 1, 1, 3, 0, 0, 1, 2, 1]),
 (999, [1783, 13, 0, 1, 0, 946, 1125, 0, 0, 2, 5, 0, 1, 2, 2]),
 (999, [1340, 13, 0, 1, 1, 833, 1350, 0, 1, 2, 5, 0, 0, 1, 2]),
 (999, [1324, 49, 1, 0, 0, 1075, 1223, 1, 0, 2, 5, 1, 0, 1, 0]),
 (999, [1297, 34, 1, 0, 1, 849, 1290, 1, 0, 3, 5, 1, 2, 0, 0]),
 (999, [1197, 111, 1, 1, 0, 1887, 1265, 0, 0, 3, 4, 1, 0, 1, 0]),
 (999, [1136, 50, 0, 0, 1, 1855, 1084, 0, 1, 1, 5, 0, 2, 1, 1]),
 (999, [943, 45, 0, 1, 1, 591, 966, 0, 1, 3, 3, 1, 0, 0, 0]),
 (999, [710, 13, 0, 0, 0, 1595, 1362, 0, 1, 3, 2, 0, 2, 2, 0]),
 (999, [614, 75, 0, 1, 1, 1795, 1640, 0, 1, 0, 5, 0, 2, 0, 1]),
 (999, [535, 55, 1, 1, 0, 667, 585, 0, 0, 2, 5, 1, 0, 1, 1]),
 (999, [535, 50, 1, 0, 0, 1206, 1644, 1, 1, 2, 5, 1, 2, 0, 2]),
 (35, [1704, 25, 1, 1, 0, 1746, 1490, 0, 1, 2, 2, 1, 1, 2, 1]),
 (34, [1874, 58, 0, 0, 0, 795, 688, 1, 1, 2, 2, 0, 2, 2, 1]),
 (34, [545, 42, 1, 1, 0, 731, 2047, 1, 0, 2, 2, 1, 0, 0, 0]),
 (33, [1858, 84, 1, 1, 0, 941, 1722, 1, 1, 1, 2, 1, 0, 2, 2]),
 (33, [1830, 14, 0, 1, 0, 1272, 1106, 0, 0, 1, 2, 1, 0, 2, 1]),
 (33, [1824, 72, 0, 0, 0, 970, 612, 0, 1, 0, 1, 1, 2, 2, 0]),
 (33, [1789, 54, 0, 1, 0, 1154, 726, 0, 1, 2, 4, 0, 2, 2, 2]),
 (33, [1649, 38, 0, 0, 0, 1866, 1828, 0, 0, 1, 2, 1, 0, 2, 1]),
 (33, [1555, 13, 0, 1, 0, 663, 698, 1, 1, 0, 4, 1, 2, 1, 1]),
 (16, [1937, 92, 1, 0, 0, 1504, 1415, 0, 1, 0, 0, 1, 1, 0, 2]),
 (16, [1445, 73, 1, 1, 0, 1272, 632, 1, 0, 0, 0, 1, 1, 1, 1]),
 (16, [1034, 69, 1, 0, 1, 810, 1511, 1, 0, 1, 3, 1, 1, 2, 2]),
 (16, [754, 47, 1, 0, 0, 825, 736, 1, 0, 1, 2, 1, 0, 1, 2]),
 (16, [588, 75, 0, 1, 1, 1675, 735, 0, 1, 1, 0, 1, 1, 2, 1]),
 (12, [1977, 105, 1, 0, 0, 1191, 1100, 1, 0, 1, 2, 1, 2, 0, 1]),
 (12, [1754, 30, 1, 1, 0, 1148, 1819, 0, 0, 2, 4, 1, 0, 2, 1]),
 (12, [1253, 25, 0, 1, 1, 972, 1733, 0, 0, 2, 3, 0, 0, 0, 2]),
 (12, [931, 118, 1, 0, 1, 688, 1580, 1, 0, 1, 0, 1, 0, 1, 0]),
 (12, [568, 68, 1, 0, 1, 514, 860, 1, 1, 2, 3, 0, 1, 1, 0]),
 (12, [546, 108, 0, 1, 0, 1454, 1887, 1, 0, 0, 3, 1, 2, 0, 2])]
scored
[(12, [546, 108, 0, 1, 0, 1454, 1887, 1, 0, 0, 3, 1, 2, 0, 2]),
 (12, [568, 68, 1, 0, 1, 514, 860, 1, 1, 2, 3, 0, 1, 1, 0]),
 (12, [931, 118, 1, 0, 1, 688, 1580, 1, 0, 1, 0, 1, 0, 1, 0]),
 (12, [1253, 25, 0, 1, 1, 972, 1733, 0, 0, 2, 3, 0, 0, 0, 2]),
 (12, [1754, 30, 1, 1, 0, 1148, 1819, 0, 0, 2, 4, 1, 0, 2, 1]),
 (12, [1977, 105, 1, 0, 0, 1191, 1100, 1, 0, 1, 2, 1, 2, 0, 1]),
 (16, [588, 75, 0, 1, 1, 1675, 735, 0, 1, 1, 0, 1, 1, 2, 1]),
 (16, [754, 47, 1, 0, 0, 825, 736, 1, 0, 1, 2, 1, 0, 1, 2]),
 (16, [1034, 69, 1, 0, 1, 810, 1511, 1, 0, 1, 3, 1, 1, 2, 2]),
 (16, [1445, 73, 1, 1, 0, 1272, 632, 1, 0, 0, 0, 1, 1, 1, 1]),
 (16, [1937, 92, 1, 0, 0, 1504, 1415, 0, 1, 0, 0, 1, 1, 0, 2]),
 (33, [1555, 13, 0, 1, 0, 663, 698, 1, 1, 0, 4, 1, 2, 1, 1]),
 (33, [1649, 38, 0, 0, 0, 1866, 1828, 0, 0, 1, 2, 1, 0, 2, 1]),
 (33, [1789, 54, 0, 1, 0, 1154, 726, 0, 1, 2, 4, 0, 2, 2, 2]),
 (33, [1824, 72, 0, 0, 0, 970, 612, 0, 1, 0, 1, 1, 2, 2, 0]),
 (33, [1830, 14, 0, 1, 0, 1272, 1106, 0, 0, 1, 2, 1, 0, 2, 1]),
 (33, [1858, 84, 1, 1, 0, 941, 1722, 1, 1, 1, 2, 1, 0, 2, 2]),
 (34, [545, 42, 1, 1, 0, 731, 2047, 1, 0, 2, 2, 1, 0, 0, 0]),
 (34, [1874, 58, 0, 0, 0, 795, 688, 1, 1, 2, 2, 0, 2, 2, 1]),
 (35, [1704, 25, 1, 1, 0, 1746, 1490, 0, 1, 2, 2, 1, 1, 2, 1]),
 (999, [535, 50, 1, 0, 0, 1206, 1644, 1, 1, 2, 5, 1, 2, 0, 2]),
 (999, [535, 55, 1, 1, 0, 667, 585, 0, 0, 2, 5, 1, 0, 1, 1]),
 (999, [614, 75, 0, 1, 1, 1795, 1640, 0, 1, 0, 5, 0, 2, 0, 1]),
 (999, [710, 13, 0, 0, 0, 1595, 1362, 0, 1, 3, 2, 0, 2, 2, 0]),
 (999, [943, 45, 0, 1, 1, 591, 966, 0, 1, 3, 3, 1, 0, 0, 0]),
 (999, [1136, 50, 0, 0, 1, 1855, 1084, 0, 1, 1, 5, 0, 2, 1, 1]),
 (999, [1197, 111, 1, 1, 0, 1887, 1265, 0, 0, 3, 4, 1, 0, 1, 0]),
 (999, [1297, 34, 1, 0, 1, 849, 1290, 1, 0, 3, 5, 1, 2, 0, 0]),
 (999, [1324, 49, 1, 0, 0, 1075, 1223, 1, 0, 2, 5, 1, 0, 1, 0]),
 (999, [1340, 13, 0, 1, 1, 833, 1350, 0, 1, 2, 5, 0, 0, 1, 2]),
 (999, [1783, 13, 0, 1, 0, 946, 1125, 0, 0, 2, 5, 0, 1, 2, 2]),
 (999, [1792, 114, 1, 1, 0, 951, 540, 1, 1, 3, 0, 0, 1, 2, 1])]
Selected
[(16, [754, 47, 1, 0, 0, 825, 736, 1, 0, 1, 2, 1, 0, 1, 2]),
 (12, [1977, 105, 1, 0, 0, 1191, 1100, 1, 0, 1, 2, 1, 2, 0, 1]),
 (12, [546, 108, 0, 1, 0, 1454, 1887, 1, 0, 0, 3, 1, 2, 0, 2]),
 (12, [1754, 30, 1, 1, 0, 1148, 1819, 0, 0, 2, 4, 1, 0, 2, 1]),
 (12, [546, 108, 0, 1, 0, 1454, 1887, 1, 0, 0, 3, 1, 2, 0, 2]),
 (12, [1253, 25, 0, 1, 1, 972, 1733, 0, 0, 2, 3, 0, 0, 0, 2]),
 (12, [931, 118, 1, 0, 1, 688, 1580, 1, 0, 1, 0, 1, 0, 1, 0]),
 (33, [1789, 54, 0, 1, 0, 1154, 726, 0, 1, 2, 4, 0, 2, 2, 2]),
 (16, [1034, 69, 1, 0, 1, 810, 1511, 1, 0, 1, 3, 1, 1, 2, 2]),
 (12, [546, 108, 0, 1, 0, 1454, 1887, 1, 0, 0, 3, 1, 2, 0, 2]),
 (33, [1830, 14, 0, 1, 0, 1272, 1106, 0, 0, 1, 2, 1, 0, 2, 1]),
 (16, [1937, 92, 1, 0, 0, 1504, 1415, 0, 1, 0, 0, 1, 1, 0, 2]),
 (16, [588, 75, 0, 1, 1, 1675, 735, 0, 1, 1, 0, 1, 1, 2, 1]),
 (16, [588, 75, 0, 1, 1, 1675, 735, 0, 1, 1, 0, 1, 1, 2, 1]),
 (12, [1754, 30, 1, 1, 0, 1148, 1819, 0, 0, 2, 4, 1, 0, 2, 1]),
 (12, [1253, 25, 0, 1, 1, 972, 1733, 0, 0, 2, 3, 0, 0, 0, 2]),
 (12, [1754, 30, 1, 1, 0, 1148, 1819, 0, 0, 2, 4, 1, 0, 2, 1]),
 (33, [1555, 13, 0, 1, 0, 663, 698, 1, 1, 0, 4, 1, 2, 1, 1]),
 (12, [568, 68, 1, 0, 1, 514, 860, 1, 1, 2, 3, 0, 1, 1, 0]),
 (12, [931, 118, 1, 0, 1, 688, 1580, 1, 0, 1, 0, 1, 0, 1, 0]),
 (12, [568, 68, 1, 0, 1, 514, 860, 1, 1, 2, 3, 0, 1, 1, 0]),
 (16, [1034, 69, 1, 0, 1, 810, 1511, 1, 0, 1, 3, 1, 1, 2, 2]),
 (12, [1754, 30, 1, 1, 0, 1148, 1819, 0, 0, 2, 4, 1, 0, 2, 1]),
 (16, [1937, 92, 1, 0, 0, 1504, 1415, 0, 1, 0, 0, 1, 1, 0, 2]),
 (12, [546, 108, 0, 1, 0, 1454, 1887, 1, 0, 0, 3, 1, 2, 0, 2]),
 (12, [931, 118, 1, 0, 1, 688, 1580, 1, 0, 1, 0, 1, 0, 1, 0]),
 (12, [1977, 105, 1, 0, 0, 1191, 1100, 1, 0, 1, 2, 1, 2, 0, 1])]
population
[(999, [1792, 114, 1, 1, 0, 951, 540, 1, 1, 3, 0, 0, 1, 2, 1]),
 (999, [1783, 13, 0, 1, 0, 946, 1125, 0, 0, 2, 5, 0, 1, 2, 2]),
 (999, [1340, 13, 0, 1, 1, 833, 1350, 0, 1, 2, 5, 0, 0, 1, 2]),
 (999, [1324, 49, 1, 0, 0, 1075, 1223, 1, 0, 2, 5, 1, 0, 1, 0]),
 (999, [1297, 34, 1, 0, 1, 849, 1290, 1, 0, 3, 5, 1, 2, 0, 0]),
 (999, [1197, 111, 1, 1, 0, 1887, 1265, 0, 0, 3, 4, 1, 0, 1, 0]),
 (999, [1136, 50, 0, 0, 1, 1855, 1084, 0, 1, 1, 5, 0, 2, 1, 1]),
 (999, [943, 45, 0, 1, 1, 591, 966, 0, 1, 3, 3, 1, 0, 0, 0]),
 (999, [710, 13, 0, 0, 0, 1595, 1362, 0, 1, 3, 2, 0, 2, 2, 0]),
 (999, [614, 75, 0, 1, 1, 1795, 1640, 0, 1, 0, 5, 0, 2, 0, 1]),
 (999, [535, 55, 1, 1, 0, 667, 585, 0, 0, 2, 5, 1, 0, 1, 1]),
 (999, [535, 50, 1, 0, 0, 1206, 1644, 1, 1, 2, 5, 1, 2, 0, 2]),
 (35, [1704, 25, 1, 1, 0, 1746, 1490, 0, 1, 2, 2, 1, 1, 2, 1]),
 (34, [1874, 58, 0, 0, 0, 795, 688, 1, 1, 2, 2, 0, 2, 2, 1]),
 (34, [545, 42, 1, 1, 0, 731, 2047, 1, 0, 2, 2, 1, 0, 0, 0]),
 (33, [1858, 84, 1, 1, 0, 941, 1722, 1, 1, 1, 2, 1, 0, 2, 2]),
 (33, [1830, 14, 0, 1, 0, 1272, 1106, 0, 0, 1, 2, 1, 0, 2, 1]),
 (33, [1824, 72, 0, 0, 0, 970, 612, 0, 1, 0, 1, 1, 2, 2, 0]),
 (33, [1789, 54, 0, 1, 0, 1154, 726, 0, 1, 2, 4, 0, 2, 2, 2]),
 (33, [1649, 38, 0, 0, 0, 1866, 1828, 0, 0, 1, 2, 1, 0, 2, 1]),
 (33, [1555, 13, 0, 1, 0, 663, 698, 1, 1, 0, 4, 1, 2, 1, 1]),
 (16, [1937, 92, 1, 0, 0, 1504, 1415, 0, 1, 0, 0, 1, 1, 0, 2]),
 (16, [1445, 73, 1, 1, 0, 1272, 632, 1, 0, 0, 0, 1, 1, 1, 1]),
 (16, [1034, 69, 1, 0, 1, 810, 1511, 1, 0, 1, 3, 1, 1, 2, 2]),
 (16, [754, 47, 1, 0, 0, 825, 736, 1, 0, 1, 2, 1, 0, 1, 2]),
 (16, [588, 75, 0, 1, 1, 1675, 735, 0, 1, 1, 0, 1, 1, 2, 1]),
 (12, [1977, 105, 1, 0, 0, 1191, 1100, 1, 0, 1, 2, 1, 2, 0, 1]),
 (12, [1754, 30, 1, 1, 0, 1148, 1819, 0, 0, 2, 4, 1, 0, 2, 1]),
 (12, [1253, 25, 0, 1, 1, 972, 1733, 0, 0, 2, 3, 0, 0, 0, 2]),
 (12, [931, 118, 1, 0, 1, 688, 1580, 1, 0, 1, 0, 1, 0, 1, 0]),
 (12, [568, 68, 1, 0, 1, 514, 860, 1, 1, 2, 3, 0, 1, 1, 0]),
 (12, [546, 108, 0, 1, 0, 1454, 1887, 1, 0, 0, 3, 1, 2, 0, 2])]
scored
[(12, [546, 108, 0, 1, 0, 1454, 1887, 1, 0, 0, 3, 1, 2, 0, 2]),
 (12, [568, 68, 1, 0, 1, 514, 860, 1, 1, 2, 3, 0, 1, 1, 0]),
 (12, [931, 118, 1, 0, 1, 688, 1580, 1, 0, 1, 0, 1, 0, 1, 0]),
 (12, [1253, 25, 0, 1, 1, 972, 1733, 0, 0, 2, 3, 0, 0, 0, 2]),
 (12, [1754, 30, 1, 1, 0, 1148, 1819, 0, 0, 2, 4, 1, 0, 2, 1]),
 (12, [1977, 105, 1, 0, 0, 1191, 1100, 1, 0, 1, 2, 1, 2, 0, 1]),
 (16, [588, 75, 0, 1, 1, 1675, 735, 0, 1, 1, 0, 1, 1, 2, 1]),
 (16, [754, 47, 1, 0, 0, 825, 736, 1, 0, 1, 2, 1, 0, 1, 2]),
 (16, [1034, 69, 1, 0, 1, 810, 1511, 1, 0, 1, 3, 1, 1, 2, 2]),
 (16, [1445, 73, 1, 1, 0, 1272, 632, 1, 0, 0, 0, 1, 1, 1, 1]),
 (16, [1937, 92, 1, 0, 0, 1504, 1415, 0, 1, 0, 0, 1, 1, 0, 2]),
 (33, [1555, 13, 0, 1, 0, 663, 698, 1, 1, 0, 4, 1, 2, 1, 1]),
 (33, [1649, 38, 0, 0, 0, 1866, 1828, 0, 0, 1, 2, 1, 0, 2, 1]),
 (33, [1789, 54, 0, 1, 0, 1154, 726, 0, 1, 2, 4, 0, 2, 2, 2]),
 (33, [1824, 72, 0, 0, 0, 970, 612, 0, 1, 0, 1, 1, 2, 2, 0]),
 (33, [1830, 14, 0, 1, 0, 1272, 1106, 0, 0, 1, 2, 1, 0, 2, 1]),
 (33, [1858, 84, 1, 1, 0, 941, 1722, 1, 1, 1, 2, 1, 0, 2, 2]),
 (34, [545, 42, 1, 1, 0, 731, 2047, 1, 0, 2, 2, 1, 0, 0, 0]),
 (34, [1874, 58, 0, 0, 0, 795, 688, 1, 1, 2, 2, 0, 2, 2, 1]),
 (35, [1704, 25, 1, 1, 0, 1746, 1490, 0, 1, 2, 2, 1, 1, 2, 1]),
 (999, [535, 50, 1, 0, 0, 1206, 1644, 1, 1, 2, 5, 1, 2, 0, 2]),
 (999, [535, 55, 1, 1, 0, 667, 585, 0, 0, 2, 5, 1, 0, 1, 1]),
 (999, [614, 75, 0, 1, 1, 1795, 1640, 0, 1, 0, 5, 0, 2, 0, 1]),
 (999, [710, 13, 0, 0, 0, 1595, 1362, 0, 1, 3, 2, 0, 2, 2, 0]),
 (999, [943, 45, 0, 1, 1, 591, 966, 0, 1, 3, 3, 1, 0, 0, 0]),
 (999, [1136, 50, 0, 0, 1, 1855, 1084, 0, 1, 1, 5, 0, 2, 1, 1]),
 (999, [1197, 111, 1, 1, 0, 1887, 1265, 0, 0, 3, 4, 1, 0, 1, 0]),
 (999, [1297, 34, 1, 0, 1, 849, 1290, 1, 0, 3, 5, 1, 2, 0, 0]),
 (999, [1324, 49, 1, 0, 0, 1075, 1223, 1, 0, 2, 5, 1, 0, 1, 0]),
 (999, [1340, 13, 0, 1, 1, 833, 1350, 0, 1, 2, 5, 0, 0, 1, 2]),
 (999, [1783, 13, 0, 1, 0, 946, 1125, 0, 0, 2, 5, 0, 1, 2, 2]),
 (999, [1792, 114, 1, 1, 0, 951, 540, 1, 1, 3, 0, 0, 1, 2, 1])]
Selected
[(12, [931, 118, 1, 0, 1, 688, 1580, 1, 0, 1, 0, 1, 0, 1, 0]),
 (12, [546, 108, 0, 1, 0, 1454, 1887, 1, 0, 0, 3, 1, 2, 0, 2]),
 (12, [568, 68, 1, 0, 1, 514, 860, 1, 1, 2, 3, 0, 1, 1, 0]),
 (16, [588, 75, 0, 1, 1, 1675, 735, 0, 1, 1, 0, 1, 1, 2, 1]),
 (12, [546, 108, 0, 1, 0, 1454, 1887, 1, 0, 0, 3, 1, 2, 0, 2]),
 (33, [1649, 38, 0, 0, 0, 1866, 1828, 0, 0, 1, 2, 1, 0, 2, 1]),
 (16, [588, 75, 0, 1, 1, 1675, 735, 0, 1, 1, 0, 1, 1, 2, 1]),
 (12, [1754, 30, 1, 1, 0, 1148, 1819, 0, 0, 2, 4, 1, 0, 2, 1]),
 (12, [568, 68, 1, 0, 1, 514, 860, 1, 1, 2, 3, 0, 1, 1, 0]),
 (12, [931, 118, 1, 0, 1, 688, 1580, 1, 0, 1, 0, 1, 0, 1, 0]),
 (12, [568, 68, 1, 0, 1, 514, 860, 1, 1, 2, 3, 0, 1, 1, 0]),
 (12, [1977, 105, 1, 0, 0, 1191, 1100, 1, 0, 1, 2, 1, 2, 0, 1]),
 (12, [546, 108, 0, 1, 0, 1454, 1887, 1, 0, 0, 3, 1, 2, 0, 2]),
 (12, [546, 108, 0, 1, 0, 1454, 1887, 1, 0, 0, 3, 1, 2, 0, 2]),
 (12, [1977, 105, 1, 0, 0, 1191, 1100, 1, 0, 1, 2, 1, 2, 0, 1]),
 (12, [546, 108, 0, 1, 0, 1454, 1887, 1, 0, 0, 3, 1, 2, 0, 2]),
 (12, [931, 118, 1, 0, 1, 688, 1580, 1, 0, 1, 0, 1, 0, 1, 0]),
 (12, [568, 68, 1, 0, 1, 514, 860, 1, 1, 2, 3, 0, 1, 1, 0]),
 (16, [754, 47, 1, 0, 0, 825, 736, 1, 0, 1, 2, 1, 0, 1, 2]),
 (16, [1034, 69, 1, 0, 1, 810, 1511, 1, 0, 1, 3, 1, 1, 2, 2]),
 (12, [568, 68, 1, 0, 1, 514, 860, 1, 1, 2, 3, 0, 1, 1, 0]),
 (12, [1977, 105, 1, 0, 0, 1191, 1100, 1, 0, 1, 2, 1, 2, 0, 1]),
 (12, [1253, 25, 0, 1, 1, 972, 1733, 0, 0, 2, 3, 0, 0, 0, 2]),
 (12, [1253, 25, 0, 1, 1, 972, 1733, 0, 0, 2, 3, 0, 0, 0, 2]),
 (16, [588, 75, 0, 1, 1, 1675, 735, 0, 1, 1, 0, 1, 1, 2, 1]),
 (16, [1034, 69, 1, 0, 1, 810, 1511, 1, 0, 1, 3, 1, 1, 2, 2]),
 (12, [568, 68, 1, 0, 1, 514, 860, 1, 1, 2, 3, 0, 1, 1, 0])]
population
[(999, [1792, 114, 1, 1, 0, 951, 540, 1, 1, 3, 0, 0, 1, 2, 1]),
 (999, [1783, 13, 0, 1, 0, 946, 1125, 0, 0, 2, 5, 0, 1, 2, 2]),
 (999, [1340, 13, 0, 1, 1, 833, 1350, 0, 1, 2, 5, 0, 0, 1, 2]),
 (999, [1324, 49, 1, 0, 0, 1075, 1223, 1, 0, 2, 5, 1, 0, 1, 0]),
 (999, [1297, 34, 1, 0, 1, 849, 1290, 1, 0, 3, 5, 1, 2, 0, 0]),
 (999, [1197, 111, 1, 1, 0, 1887, 1265, 0, 0, 3, 4, 1, 0, 1, 0]),
 (999, [1136, 50, 0, 0, 1, 1855, 1084, 0, 1, 1, 5, 0, 2, 1, 1]),
 (999, [943, 45, 0, 1, 1, 591, 966, 0, 1, 3, 3, 1, 0, 0, 0]),
 (999, [710, 13, 0, 0, 0, 1595, 1362, 0, 1, 3, 2, 0, 2, 2, 0]),
 (999, [614, 75, 0, 1, 1, 1795, 1640, 0, 1, 0, 5, 0, 2, 0, 1]),
 (999, [535, 55, 1, 1, 0, 667, 585, 0, 0, 2, 5, 1, 0, 1, 1]),
 (999, [535, 50, 1, 0, 0, 1206, 1644, 1, 1, 2, 5, 1, 2, 0, 2]),
 (35, [1704, 25, 1, 1, 0, 1746, 1490, 0, 1, 2, 2, 1, 1, 2, 1]),
 (34, [1874, 58, 0, 0, 0, 795, 688, 1, 1, 2, 2, 0, 2, 2, 1]),
 (34, [545, 42, 1, 1, 0, 731, 2047, 1, 0, 2, 2, 1, 0, 0, 0]),
 (33, [1858, 84, 1, 1, 0, 941, 1722, 1, 1, 1, 2, 1, 0, 2, 2]),
 (33, [1830, 14, 0, 1, 0, 1272, 1106, 0, 0, 1, 2, 1, 0, 2, 1]),
 (33, [1824, 72, 0, 0, 0, 970, 612, 0, 1, 0, 1, 1, 2, 2, 0]),
 (33, [1789, 54, 0, 1, 0, 1154, 726, 0, 1, 2, 4, 0, 2, 2, 2]),
 (33, [1649, 38, 0, 0, 0, 1866, 1828, 0, 0, 1, 2, 1, 0, 2, 1]),
 (33, [1555, 13, 0, 1, 0, 663, 698, 1, 1, 0, 4, 1, 2, 1, 1]),
 (16, [1937, 92, 1, 0, 0, 1504, 1415, 0, 1, 0, 0, 1, 1, 0, 2]),
 (16, [1445, 73, 1, 1, 0, 1272, 632, 1, 0, 0, 0, 1, 1, 1, 1]),
 (16, [1034, 69, 1, 0, 1, 810, 1511, 1, 0, 1, 3, 1, 1, 2, 2]),
 (16, [754, 47, 1, 0, 0, 825, 736, 1, 0, 1, 2, 1, 0, 1, 2]),
 (16, [588, 75, 0, 1, 1, 1675, 735, 0, 1, 1, 0, 1, 1, 2, 1]),
 (12, [1977, 105, 1, 0, 0, 1191, 1100, 1, 0, 1, 2, 1, 2, 0, 1]),
 (12, [1754, 30, 1, 1, 0, 1148, 1819, 0, 0, 2, 4, 1, 0, 2, 1]),
 (12, [1253, 25, 0, 1, 1, 972, 1733, 0, 0, 2, 3, 0, 0, 0, 2]),
 (12, [931, 118, 1, 0, 1, 688, 1580, 1, 0, 1, 0, 1, 0, 1, 0]),
 (12, [568, 68, 1, 0, 1, 514, 860, 1, 1, 2, 3, 0, 1, 1, 0]),
 (12, [546, 108, 0, 1, 0, 1454, 1887, 1, 0, 0, 3, 1, 2, 0, 2])]
scored
[(12, [546, 108, 0, 1, 0, 1454, 1887, 1, 0, 0, 3, 1, 2, 0, 2]),
 (12, [568, 68, 1, 0, 1, 514, 860, 1, 1, 2, 3, 0, 1, 1, 0]),
 (12, [931, 118, 1, 0, 1, 688, 1580, 1, 0, 1, 0, 1, 0, 1, 0]),
 (12, [1253, 25, 0, 1, 1, 972, 1733, 0, 0, 2, 3, 0, 0, 0, 2]),
 (12, [1754, 30, 1, 1, 0, 1148, 1819, 0, 0, 2, 4, 1, 0, 2, 1]),
 (12, [1977, 105, 1, 0, 0, 1191, 1100, 1, 0, 1, 2, 1, 2, 0, 1]),
 (16, [588, 75, 0, 1, 1, 1675, 735, 0, 1, 1, 0, 1, 1, 2, 1]),
 (16, [754, 47, 1, 0, 0, 825, 736, 1, 0, 1, 2, 1, 0, 1, 2]),
 (16, [1034, 69, 1, 0, 1, 810, 1511, 1, 0, 1, 3, 1, 1, 2, 2]),
 (16, [1445, 73, 1, 1, 0, 1272, 632, 1, 0, 0, 0, 1, 1, 1, 1]),
 (16, [1937, 92, 1, 0, 0, 1504, 1415, 0, 1, 0, 0, 1, 1, 0, 2]),
 (33, [1555, 13, 0, 1, 0, 663, 698, 1, 1, 0, 4, 1, 2, 1, 1]),
 (33, [1649, 38, 0, 0, 0, 1866, 1828, 0, 0, 1, 2, 1, 0, 2, 1]),
 (33, [1789, 54, 0, 1, 0, 1154, 726, 0, 1, 2, 4, 0, 2, 2, 2]),
 (33, [1824, 72, 0, 0, 0, 970, 612, 0, 1, 0, 1, 1, 2, 2, 0]),
 (33, [1830, 14, 0, 1, 0, 1272, 1106, 0, 0, 1, 2, 1, 0, 2, 1]),
 (33, [1858, 84, 1, 1, 0, 941, 1722, 1, 1, 1, 2, 1, 0, 2, 2]),
 (34, [545, 42, 1, 1, 0, 731, 2047, 1, 0, 2, 2, 1, 0, 0, 0]),
 (34, [1874, 58, 0, 0, 0, 795, 688, 1, 1, 2, 2, 0, 2, 2, 1]),
 (35, [1704, 25, 1, 1, 0, 1746, 1490, 0, 1, 2, 2, 1, 1, 2, 1]),
 (999, [535, 50, 1, 0, 0, 1206, 1644, 1, 1, 2, 5, 1, 2, 0, 2]),
 (999, [535, 55, 1, 1, 0, 667, 585, 0, 0, 2, 5, 1, 0, 1, 1]),
 (999, [614, 75, 0, 1, 1, 1795, 1640, 0, 1, 0, 5, 0, 2, 0, 1]),
 (999, [710, 13, 0, 0, 0, 1595, 1362, 0, 1, 3, 2, 0, 2, 2, 0]),
 (999, [943, 45, 0, 1, 1, 591, 966, 0, 1, 3, 3, 1, 0, 0, 0]),
 (999, [1136, 50, 0, 0, 1, 1855, 1084, 0, 1, 1, 5, 0, 2, 1, 1]),
 (999, [1197, 111, 1, 1, 0, 1887, 1265, 0, 0, 3, 4, 1, 0, 1, 0]),
 (999, [1297, 34, 1, 0, 1, 849, 1290, 1, 0, 3, 5, 1, 2, 0, 0]),
 (999, [1324, 49, 1, 0, 0, 1075, 1223, 1, 0, 2, 5, 1, 0, 1, 0]),
 (999, [1340, 13, 0, 1, 1, 833, 1350, 0, 1, 2, 5, 0, 0, 1, 2]),
 (999, [1783, 13, 0, 1, 0, 946, 1125, 0, 0, 2, 5, 0, 1, 2, 2]),
 (999, [1792, 114, 1, 1, 0, 951, 540, 1, 1, 3, 0, 0, 1, 2, 1])]
Selected
[(12, [568, 68, 1, 0, 1, 514, 860, 1, 1, 2, 3, 0, 1, 1, 0]),
 (12, [546, 108, 0, 1, 0, 1454, 1887, 1, 0, 0, 3, 1, 2, 0, 2]),
 (16, [754, 47, 1, 0, 0, 825, 736, 1, 0, 1, 2, 1, 0, 1, 2]),
 (16, [1034, 69, 1, 0, 1, 810, 1511, 1, 0, 1, 3, 1, 1, 2, 2]),
 (12, [1754, 30, 1, 1, 0, 1148, 1819, 0, 0, 2, 4, 1, 0, 2, 1]),
 (16, [588, 75, 0, 1, 1, 1675, 735, 0, 1, 1, 0, 1, 1, 2, 1]),
 (16, [1937, 92, 1, 0, 0, 1504, 1415, 0, 1, 0, 0, 1, 1, 0, 2]),
 (12, [1253, 25, 0, 1, 1, 972, 1733, 0, 0, 2, 3, 0, 0, 0, 2]),
 (16, [1034, 69, 1, 0, 1, 810, 1511, 1, 0, 1, 3, 1, 1, 2, 2]),
 (12, [568, 68, 1, 0, 1, 514, 860, 1, 1, 2, 3, 0, 1, 1, 0]),
 (16, [1034, 69, 1, 0, 1, 810, 1511, 1, 0, 1, 3, 1, 1, 2, 2]),
 (16, [588, 75, 0, 1, 1, 1675, 735, 0, 1, 1, 0, 1, 1, 2, 1]),
 (16, [1034, 69, 1, 0, 1, 810, 1511, 1, 0, 1, 3, 1, 1, 2, 2]),
 (12, [1253, 25, 0, 1, 1, 972, 1733, 0, 0, 2, 3, 0, 0, 0, 2]),
 (12, [1754, 30, 1, 1, 0, 1148, 1819, 0, 0, 2, 4, 1, 0, 2, 1]),
 (12, [1253, 25, 0, 1, 1, 972, 1733, 0, 0, 2, 3, 0, 0, 0, 2]),
 (12, [1253, 25, 0, 1, 1, 972, 1733, 0, 0, 2, 3, 0, 0, 0, 2]),
 (12, [546, 108, 0, 1, 0, 1454, 1887, 1, 0, 0, 3, 1, 2, 0, 2]),
 (12, [568, 68, 1, 0, 1, 514, 860, 1, 1, 2, 3, 0, 1, 1, 0]),
 (12, [1754, 30, 1, 1, 0, 1148, 1819, 0, 0, 2, 4, 1, 0, 2, 1]),
 (12, [931, 118, 1, 0, 1, 688, 1580, 1, 0, 1, 0, 1, 0, 1, 0]),
 (16, [588, 75, 0, 1, 1, 1675, 735, 0, 1, 1, 0, 1, 1, 2, 1]),
 (16, [588, 75, 0, 1, 1, 1675, 735, 0, 1, 1, 0, 1, 1, 2, 1]),
 (12, [568, 68, 1, 0, 1, 514, 860, 1, 1, 2, 3, 0, 1, 1, 0]),
 (12, [1253, 25, 0, 1, 1, 972, 1733, 0, 0, 2, 3, 0, 0, 0, 2]),
 (16, [1937, 92, 1, 0, 0, 1504, 1415, 0, 1, 0, 0, 1, 1, 0, 2]),
 (12, [568, 68, 1, 0, 1, 514, 860, 1, 1, 2, 3, 0, 1, 1, 0])]
population
[(999, [1792, 114, 1, 1, 0, 951, 540, 1, 1, 3, 0, 0, 1, 2, 1]),
 (999, [1783, 13, 0, 1, 0, 946, 1125, 0, 0, 2, 5, 0, 1, 2, 2]),
 (999, [1340, 13, 0, 1, 1, 833, 1350, 0, 1, 2, 5, 0, 0, 1, 2]),
 (999, [1324, 49, 1, 0, 0, 1075, 1223, 1, 0, 2, 5, 1, 0, 1, 0]),
 (999, [1297, 34, 1, 0, 1, 849, 1290, 1, 0, 3, 5, 1, 2, 0, 0]),
 (999, [1197, 111, 1, 1, 0, 1887, 1265, 0, 0, 3, 4, 1, 0, 1, 0]),
 (999, [1136, 50, 0, 0, 1, 1855, 1084, 0, 1, 1, 5, 0, 2, 1, 1]),
 (999, [943, 45, 0, 1, 1, 591, 966, 0, 1, 3, 3, 1, 0, 0, 0]),
 (999, [710, 13, 0, 0, 0, 1595, 1362, 0, 1, 3, 2, 0, 2, 2, 0]),
 (999, [614, 75, 0, 1, 1, 1795, 1640, 0, 1, 0, 5, 0, 2, 0, 1]),
 (999, [535, 55, 1, 1, 0, 667, 585, 0, 0, 2, 5, 1, 0, 1, 1]),
 (999, [535, 50, 1, 0, 0, 1206, 1644, 1, 1, 2, 5, 1, 2, 0, 2]),
 (35, [1704, 25, 1, 1, 0, 1746, 1490, 0, 1, 2, 2, 1, 1, 2, 1]),
 (34, [1874, 58, 0, 0, 0, 795, 688, 1, 1, 2, 2, 0, 2, 2, 1]),
 (34, [545, 42, 1, 1, 0, 731, 2047, 1, 0, 2, 2, 1, 0, 0, 0]),
 (33, [1858, 84, 1, 1, 0, 941, 1722, 1, 1, 1, 2, 1, 0, 2, 2]),
 (33, [1830, 14, 0, 1, 0, 1272, 1106, 0, 0, 1, 2, 1, 0, 2, 1]),
 (33, [1824, 72, 0, 0, 0, 970, 612, 0, 1, 0, 1, 1, 2, 2, 0]),
 (33, [1789, 54, 0, 1, 0, 1154, 726, 0, 1, 2, 4, 0, 2, 2, 2]),
 (33, [1649, 38, 0, 0, 0, 1866, 1828, 0, 0, 1, 2, 1, 0, 2, 1]),
 (33, [1555, 13, 0, 1, 0, 663, 698, 1, 1, 0, 4, 1, 2, 1, 1]),
 (16, [1937, 92, 1, 0, 0, 1504, 1415, 0, 1, 0, 0, 1, 1, 0, 2]),
 (16, [1445, 73, 1, 1, 0, 1272, 632, 1, 0, 0, 0, 1, 1, 1, 1]),
 (16, [1034, 69, 1, 0, 1, 810, 1511, 1, 0, 1, 3, 1, 1, 2, 2]),
 (16, [754, 47, 1, 0, 0, 825, 736, 1, 0, 1, 2, 1, 0, 1, 2]),
 (16, [588, 75, 0, 1, 1, 1675, 735, 0, 1, 1, 0, 1, 1, 2, 1]),
 (12, [1977, 105, 1, 0, 0, 1191, 1100, 1, 0, 1, 2, 1, 2, 0, 1]),
 (12, [1754, 30, 1, 1, 0, 1148, 1819, 0, 0, 2, 4, 1, 0, 2, 1]),
 (12, [1253, 25, 0, 1, 1, 972, 1733, 0, 0, 2, 3, 0, 0, 0, 2]),
 (12, [931, 118, 1, 0, 1, 688, 1580, 1, 0, 1, 0, 1, 0, 1, 0]),
 (12, [568, 68, 1, 0, 1, 514, 860, 1, 1, 2, 3, 0, 1, 1, 0]),
 (12, [546, 108, 0, 1, 0, 1454, 1887, 1, 0, 0, 3, 1, 2, 0, 2])]
scored
[(12, [546, 108, 0, 1, 0, 1454, 1887, 1, 0, 0, 3, 1, 2, 0, 2]),
 (12, [568, 68, 1, 0, 1, 514, 860, 1, 1, 2, 3, 0, 1, 1, 0]),
 (12, [931, 118, 1, 0, 1, 688, 1580, 1, 0, 1, 0, 1, 0, 1, 0]),
 (12, [1253, 25, 0, 1, 1, 972, 1733, 0, 0, 2, 3, 0, 0, 0, 2]),
 (12, [1754, 30, 1, 1, 0, 1148, 1819, 0, 0, 2, 4, 1, 0, 2, 1]),
 (12, [1977, 105, 1, 0, 0, 1191, 1100, 1, 0, 1, 2, 1, 2, 0, 1]),
 (16, [588, 75, 0, 1, 1, 1675, 735, 0, 1, 1, 0, 1, 1, 2, 1]),
 (16, [754, 47, 1, 0, 0, 825, 736, 1, 0, 1, 2, 1, 0, 1, 2]),
 (16, [1034, 69, 1, 0, 1, 810, 1511, 1, 0, 1, 3, 1, 1, 2, 2]),
 (16, [1445, 73, 1, 1, 0, 1272, 632, 1, 0, 0, 0, 1, 1, 1, 1]),
 (16, [1937, 92, 1, 0, 0, 1504, 1415, 0, 1, 0, 0, 1, 1, 0, 2]),
 (33, [1555, 13, 0, 1, 0, 663, 698, 1, 1, 0, 4, 1, 2, 1, 1]),
 (33, [1649, 38, 0, 0, 0, 1866, 1828, 0, 0, 1, 2, 1, 0, 2, 1]),
 (33, [1789, 54, 0, 1, 0, 1154, 726, 0, 1, 2, 4, 0, 2, 2, 2]),
 (33, [1824, 72, 0, 0, 0, 970, 612, 0, 1, 0, 1, 1, 2, 2, 0]),
 (33, [1830, 14, 0, 1, 0, 1272, 1106, 0, 0, 1, 2, 1, 0, 2, 1]),
 (33, [1858, 84, 1, 1, 0, 941, 1722, 1, 1, 1, 2, 1, 0, 2, 2]),
 (34, [545, 42, 1, 1, 0, 731, 2047, 1, 0, 2, 2, 1, 0, 0, 0]),
 (34, [1874, 58, 0, 0, 0, 795, 688, 1, 1, 2, 2, 0, 2, 2, 1]),
 (35, [1704, 25, 1, 1, 0, 1746, 1490, 0, 1, 2, 2, 1, 1, 2, 1]),
 (999, [535, 50, 1, 0, 0, 1206, 1644, 1, 1, 2, 5, 1, 2, 0, 2]),
 (999, [535, 55, 1, 1, 0, 667, 585, 0, 0, 2, 5, 1, 0, 1, 1]),
 (999, [614, 75, 0, 1, 1, 1795, 1640, 0, 1, 0, 5, 0, 2, 0, 1]),
 (999, [710, 13, 0, 0, 0, 1595, 1362, 0, 1, 3, 2, 0, 2, 2, 0]),
 (999, [943, 45, 0, 1, 1, 591, 966, 0, 1, 3, 3, 1, 0, 0, 0]),
 (999, [1136, 50, 0, 0, 1, 1855, 1084, 0, 1, 1, 5, 0, 2, 1, 1]),
 (999, [1197, 111, 1, 1, 0, 1887, 1265, 0, 0, 3, 4, 1, 0, 1, 0]),
 (999, [1297, 34, 1, 0, 1, 849, 1290, 1, 0, 3, 5, 1, 2, 0, 0]),
 (999, [1324, 49, 1, 0, 0, 1075, 1223, 1, 0, 2, 5, 1, 0, 1, 0]),
 (999, [1340, 13, 0, 1, 1, 833, 1350, 0, 1, 2, 5, 0, 0, 1, 2]),
 (999, [1783, 13, 0, 1, 0, 946, 1125, 0, 0, 2, 5, 0, 1, 2, 2]),
 (999, [1792, 114, 1, 1, 0, 951, 540, 1, 1, 3, 0, 0, 1, 2, 1])]
Selected
[(12, [546, 108, 0, 1, 0, 1454, 1887, 1, 0, 0, 3, 1, 2, 0, 2]),
 (33, [1789, 54, 0, 1, 0, 1154, 726, 0, 1, 2, 4, 0, 2, 2, 2]),
 (12, [1977, 105, 1, 0, 0, 1191, 1100, 1, 0, 1, 2, 1, 2, 0, 1]),
 (16, [1937, 92, 1, 0, 0, 1504, 1415, 0, 1, 0, 0, 1, 1, 0, 2]),
 (33, [1555, 13, 0, 1, 0, 663, 698, 1, 1, 0, 4, 1, 2, 1, 1]),
 (16, [1937, 92, 1, 0, 0, 1504, 1415, 0, 1, 0, 0, 1, 1, 0, 2]),
 (12, [546, 108, 0, 1, 0, 1454, 1887, 1, 0, 0, 3, 1, 2, 0, 2]),
 (12, [546, 108, 0, 1, 0, 1454, 1887, 1, 0, 0, 3, 1, 2, 0, 2]),
 (12, [546, 108, 0, 1, 0, 1454, 1887, 1, 0, 0, 3, 1, 2, 0, 2]),
 (33, [1649, 38, 0, 0, 0, 1866, 1828, 0, 0, 1, 2, 1, 0, 2, 1]),
 (12, [1754, 30, 1, 1, 0, 1148, 1819, 0, 0, 2, 4, 1, 0, 2, 1]),
 (999, [535, 50, 1, 0, 0, 1206, 1644, 1, 1, 2, 5, 1, 2, 0, 2]),
 (12, [546, 108, 0, 1, 0, 1454, 1887, 1, 0, 0, 3, 1, 2, 0, 2]),
 (12, [546, 108, 0, 1, 0, 1454, 1887, 1, 0, 0, 3, 1, 2, 0, 2]),
 (12, [546, 108, 0, 1, 0, 1454, 1887, 1, 0, 0, 3, 1, 2, 0, 2]),
 (12, [546, 108, 0, 1, 0, 1454, 1887, 1, 0, 0, 3, 1, 2, 0, 2]),
 (12, [931, 118, 1, 0, 1, 688, 1580, 1, 0, 1, 0, 1, 0, 1, 0]),
 (12, [1977, 105, 1, 0, 0, 1191, 1100, 1, 0, 1, 2, 1, 2, 0, 1]),
 (12, [1754, 30, 1, 1, 0, 1148, 1819, 0, 0, 2, 4, 1, 0, 2, 1]),
 (35, [1704, 25, 1, 1, 0, 1746, 1490, 0, 1, 2, 2, 1, 1, 2, 1]),
 (12, [546, 108, 0, 1, 0, 1454, 1887, 1, 0, 0, 3, 1, 2, 0, 2]),
 (16, [1445, 73, 1, 1, 0, 1272, 632, 1, 0, 0, 0, 1, 1, 1, 1]),
 (16, [1445, 73, 1, 1, 0, 1272, 632, 1, 0, 0, 0, 1, 1, 1, 1]),
 (12, [546, 108, 0, 1, 0, 1454, 1887, 1, 0, 0, 3, 1, 2, 0, 2]),
 (12, [568, 68, 1, 0, 1, 514, 860, 1, 1, 2, 3, 0, 1, 1, 0]),
 (12, [1754, 30, 1, 1, 0, 1148, 1819, 0, 0, 2, 4, 1, 0, 2, 1]),
 (16, [1445, 73, 1, 1, 0, 1272, 632, 1, 0, 0, 0, 1, 1, 1, 1])]
population
[(999, [1792, 114, 1, 1, 0, 951, 540, 1, 1, 3, 0, 0, 1, 2, 1]),
 (999, [1783, 13, 0, 1, 0, 946, 1125, 0, 0, 2, 5, 0, 1, 2, 2]),
 (999, [1340, 13, 0, 1, 1, 833, 1350, 0, 1, 2, 5, 0, 0, 1, 2]),
 (999, [1324, 49, 1, 0, 0, 1075, 1223, 1, 0, 2, 5, 1, 0, 1, 0]),
 (999, [1297, 34, 1, 0, 1, 849, 1290, 1, 0, 3, 5, 1, 2, 0, 0]),
 (999, [1197, 111, 1, 1, 0, 1887, 1265, 0, 0, 3, 4, 1, 0, 1, 0]),
 (999, [1136, 50, 0, 0, 1, 1855, 1084, 0, 1, 1, 5, 0, 2, 1, 1]),
 (999, [943, 45, 0, 1, 1, 591, 966, 0, 1, 3, 3, 1, 0, 0, 0]),
 (999, [710, 13, 0, 0, 0, 1595, 1362, 0, 1, 3, 2, 0, 2, 2, 0]),
 (999, [614, 75, 0, 1, 1, 1795, 1640, 0, 1, 0, 5, 0, 2, 0, 1]),
 (999, [535, 55, 1, 1, 0, 667, 585, 0, 0, 2, 5, 1, 0, 1, 1]),
 (999, [535, 50, 1, 0, 0, 1206, 1644, 1, 1, 2, 5, 1, 2, 0, 2]),
 (35, [1704, 25, 1, 1, 0, 1746, 1490, 0, 1, 2, 2, 1, 1, 2, 1]),
 (34, [1874, 58, 0, 0, 0, 795, 688, 1, 1, 2, 2, 0, 2, 2, 1]),
 (34, [545, 42, 1, 1, 0, 731, 2047, 1, 0, 2, 2, 1, 0, 0, 0]),
 (33, [1858, 84, 1, 1, 0, 941, 1722, 1, 1, 1, 2, 1, 0, 2, 2]),
 (33, [1830, 14, 0, 1, 0, 1272, 1106, 0, 0, 1, 2, 1, 0, 2, 1]),
 (33, [1824, 72, 0, 0, 0, 970, 612, 0, 1, 0, 1, 1, 2, 2, 0]),
 (33, [1789, 54, 0, 1, 0, 1154, 726, 0, 1, 2, 4, 0, 2, 2, 2]),
 (33, [1649, 38, 0, 0, 0, 1866, 1828, 0, 0, 1, 2, 1, 0, 2, 1]),
 (33, [1555, 13, 0, 1, 0, 663, 698, 1, 1, 0, 4, 1, 2, 1, 1]),
 (16, [1937, 92, 1, 0, 0, 1504, 1415, 0, 1, 0, 0, 1, 1, 0, 2]),
 (16, [1445, 73, 1, 1, 0, 1272, 632, 1, 0, 0, 0, 1, 1, 1, 1]),
 (16, [1034, 69, 1, 0, 1, 810, 1511, 1, 0, 1, 3, 1, 1, 2, 2]),
 (16, [754, 47, 1, 0, 0, 825, 736, 1, 0, 1, 2, 1, 0, 1, 2]),
 (16, [588, 75, 0, 1, 1, 1675, 735, 0, 1, 1, 0, 1, 1, 2, 1]),
 (12, [1977, 105, 1, 0, 0, 1191, 1100, 1, 0, 1, 2, 1, 2, 0, 1]),
 (12, [1754, 30, 1, 1, 0, 1148, 1819, 0, 0, 2, 4, 1, 0, 2, 1]),
 (12, [1253, 25, 0, 1, 1, 972, 1733, 0, 0, 2, 3, 0, 0, 0, 2]),
 (12, [931, 118, 1, 0, 1, 688, 1580, 1, 0, 1, 0, 1, 0, 1, 0]),
 (12, [568, 68, 1, 0, 1, 514, 860, 1, 1, 2, 3, 0, 1, 1, 0]),
 (12, [546, 108, 0, 1, 0, 1454, 1887, 1, 0, 0, 3, 1, 2, 0, 2])]
scored
[(12, [546, 108, 0, 1, 0, 1454, 1887, 1, 0, 0, 3, 1, 2, 0, 2]),
 (12, [568, 68, 1, 0, 1, 514, 860, 1, 1, 2, 3, 0, 1, 1, 0]),
 (12, [931, 118, 1, 0, 1, 688, 1580, 1, 0, 1, 0, 1, 0, 1, 0]),
 (12, [1253, 25, 0, 1, 1, 972, 1733, 0, 0, 2, 3, 0, 0, 0, 2]),
 (12, [1754, 30, 1, 1, 0, 1148, 1819, 0, 0, 2, 4, 1, 0, 2, 1]),
 (12, [1977, 105, 1, 0, 0, 1191, 1100, 1, 0, 1, 2, 1, 2, 0, 1]),
 (16, [588, 75, 0, 1, 1, 1675, 735, 0, 1, 1, 0, 1, 1, 2, 1]),
 (16, [754, 47, 1, 0, 0, 825, 736, 1, 0, 1, 2, 1, 0, 1, 2]),
 (16, [1034, 69, 1, 0, 1, 810, 1511, 1, 0, 1, 3, 1, 1, 2, 2]),
 (16, [1445, 73, 1, 1, 0, 1272, 632, 1, 0, 0, 0, 1, 1, 1, 1]),
 (16, [1937, 92, 1, 0, 0, 1504, 1415, 0, 1, 0, 0, 1, 1, 0, 2]),
 (33, [1555, 13, 0, 1, 0, 663, 698, 1, 1, 0, 4, 1, 2, 1, 1]),
 (33, [1649, 38, 0, 0, 0, 1866, 1828, 0, 0, 1, 2, 1, 0, 2, 1]),
 (33, [1789, 54, 0, 1, 0, 1154, 726, 0, 1, 2, 4, 0, 2, 2, 2]),
 (33, [1824, 72, 0, 0, 0, 970, 612, 0, 1, 0, 1, 1, 2, 2, 0]),
 (33, [1830, 14, 0, 1, 0, 1272, 1106, 0, 0, 1, 2, 1, 0, 2, 1]),
 (33, [1858, 84, 1, 1, 0, 941, 1722, 1, 1, 1, 2, 1, 0, 2, 2]),
 (34, [545, 42, 1, 1, 0, 731, 2047, 1, 0, 2, 2, 1, 0, 0, 0]),
 (34, [1874, 58, 0, 0, 0, 795, 688, 1, 1, 2, 2, 0, 2, 2, 1]),
 (35, [1704, 25, 1, 1, 0, 1746, 1490, 0, 1, 2, 2, 1, 1, 2, 1]),
 (999, [535, 50, 1, 0, 0, 1206, 1644, 1, 1, 2, 5, 1, 2, 0, 2]),
 (999, [535, 55, 1, 1, 0, 667, 585, 0, 0, 2, 5, 1, 0, 1, 1]),
 (999, [614, 75, 0, 1, 1, 1795, 1640, 0, 1, 0, 5, 0, 2, 0, 1]),
 (999, [710, 13, 0, 0, 0, 1595, 1362, 0, 1, 3, 2, 0, 2, 2, 0]),
 (999, [943, 45, 0, 1, 1, 591, 966, 0, 1, 3, 3, 1, 0, 0, 0]),
 (999, [1136, 50, 0, 0, 1, 1855, 1084, 0, 1, 1, 5, 0, 2, 1, 1]),
 (999, [1197, 111, 1, 1, 0, 1887, 1265, 0, 0, 3, 4, 1, 0, 1, 0]),
 (999, [1297, 34, 1, 0, 1, 849, 1290, 1, 0, 3, 5, 1, 2, 0, 0]),
 (999, [1324, 49, 1, 0, 0, 1075, 1223, 1, 0, 2, 5, 1, 0, 1, 0]),
 (999, [1340, 13, 0, 1, 1, 833, 1350, 0, 1, 2, 5, 0, 0, 1, 2]),
 (999, [1783, 13, 0, 1, 0, 946, 1125, 0, 0, 2, 5, 0, 1, 2, 2]),
 (999, [1792, 114, 1, 1, 0, 951, 540, 1, 1, 3, 0, 0, 1, 2, 1])]
Selected
[(16, [754, 47, 1, 0, 0, 825, 736, 1, 0, 1, 2, 1, 0, 1, 2]),
 (16, [754, 47, 1, 0, 0, 825, 736, 1, 0, 1, 2, 1, 0, 1, 2]),
 (16, [588, 75, 0, 1, 1, 1675, 735, 0, 1, 1, 0, 1, 1, 2, 1]),
 (12, [1754, 30, 1, 1, 0, 1148, 1819, 0, 0, 2, 4, 1, 0, 2, 1]),
 (12, [1253, 25, 0, 1, 1, 972, 1733, 0, 0, 2, 3, 0, 0, 0, 2]),
 (12, [1754, 30, 1, 1, 0, 1148, 1819, 0, 0, 2, 4, 1, 0, 2, 1]),
 (12, [546, 108, 0, 1, 0, 1454, 1887, 1, 0, 0, 3, 1, 2, 0, 2]),
 (12, [1253, 25, 0, 1, 1, 972, 1733, 0, 0, 2, 3, 0, 0, 0, 2]),
 (12, [1977, 105, 1, 0, 0, 1191, 1100, 1, 0, 1, 2, 1, 2, 0, 1]),
 (12, [1977, 105, 1, 0, 0, 1191, 1100, 1, 0, 1, 2, 1, 2, 0, 1]),
 (16, [754, 47, 1, 0, 0, 825, 736, 1, 0, 1, 2, 1, 0, 1, 2]),
 (16, [1034, 69, 1, 0, 1, 810, 1511, 1, 0, 1, 3, 1, 1, 2, 2]),
 (16, [1445, 73, 1, 1, 0, 1272, 632, 1, 0, 0, 0, 1, 1, 1, 1]),
 (12, [568, 68, 1, 0, 1, 514, 860, 1, 1, 2, 3, 0, 1, 1, 0]),
 (12, [568, 68, 1, 0, 1, 514, 860, 1, 1, 2, 3, 0, 1, 1, 0]),
 (12, [546, 108, 0, 1, 0, 1454, 1887, 1, 0, 0, 3, 1, 2, 0, 2]),
 (12, [568, 68, 1, 0, 1, 514, 860, 1, 1, 2, 3, 0, 1, 1, 0]),
 (12, [568, 68, 1, 0, 1, 514, 860, 1, 1, 2, 3, 0, 1, 1, 0]),
 (12, [1754, 30, 1, 1, 0, 1148, 1819, 0, 0, 2, 4, 1, 0, 2, 1]),
 (16, [588, 75, 0, 1, 1, 1675, 735, 0, 1, 1, 0, 1, 1, 2, 1]),
 (12, [1754, 30, 1, 1, 0, 1148, 1819, 0, 0, 2, 4, 1, 0, 2, 1]),
 (12, [546, 108, 0, 1, 0, 1454, 1887, 1, 0, 0, 3, 1, 2, 0, 2]),
 (12, [568, 68, 1, 0, 1, 514, 860, 1, 1, 2, 3, 0, 1, 1, 0]),
 (12, [568, 68, 1, 0, 1, 514, 860, 1, 1, 2, 3, 0, 1, 1, 0]),
 (12, [931, 118, 1, 0, 1, 688, 1580, 1, 0, 1, 0, 1, 0, 1, 0]),
 (12, [568, 68, 1, 0, 1, 514, 860, 1, 1, 2, 3, 0, 1, 1, 0]),
 (12, [546, 108, 0, 1, 0, 1454, 1887, 1, 0, 0, 3, 1, 2, 0, 2])]
population
[(999, [1792, 114, 1, 1, 0, 951, 540, 1, 1, 3, 0, 0, 1, 2, 1]),
 (999, [1783, 13, 0, 1, 0, 946, 1125, 0, 0, 2, 5, 0, 1, 2, 2]),
 (999, [1340, 13, 0, 1, 1, 833, 1350, 0, 1, 2, 5, 0, 0, 1, 2]),
 (999, [1324, 49, 1, 0, 0, 1075, 1223, 1, 0, 2, 5, 1, 0, 1, 0]),
 (999, [1297, 34, 1, 0, 1, 849, 1290, 1, 0, 3, 5, 1, 2, 0, 0]),
 (999, [1197, 111, 1, 1, 0, 1887, 1265, 0, 0, 3, 4, 1, 0, 1, 0]),
 (999, [1136, 50, 0, 0, 1, 1855, 1084, 0, 1, 1, 5, 0, 2, 1, 1]),
 (999, [943, 45, 0, 1, 1, 591, 966, 0, 1, 3, 3, 1, 0, 0, 0]),
 (999, [710, 13, 0, 0, 0, 1595, 1362, 0, 1, 3, 2, 0, 2, 2, 0]),
 (999, [614, 75, 0, 1, 1, 1795, 1640, 0, 1, 0, 5, 0, 2, 0, 1]),
 (999, [535, 55, 1, 1, 0, 667, 585, 0, 0, 2, 5, 1, 0, 1, 1]),
 (999, [535, 50, 1, 0, 0, 1206, 1644, 1, 1, 2, 5, 1, 2, 0, 2]),
 (35, [1704, 25, 1, 1, 0, 1746, 1490, 0, 1, 2, 2, 1, 1, 2, 1]),
 (34, [1874, 58, 0, 0, 0, 795, 688, 1, 1, 2, 2, 0, 2, 2, 1]),
 (34, [545, 42, 1, 1, 0, 731, 2047, 1, 0, 2, 2, 1, 0, 0, 0]),
 (33, [1858, 84, 1, 1, 0, 941, 1722, 1, 1, 1, 2, 1, 0, 2, 2]),
 (33, [1830, 14, 0, 1, 0, 1272, 1106, 0, 0, 1, 2, 1, 0, 2, 1]),
 (33, [1824, 72, 0, 0, 0, 970, 612, 0, 1, 0, 1, 1, 2, 2, 0]),
 (33, [1789, 54, 0, 1, 0, 1154, 726, 0, 1, 2, 4, 0, 2, 2, 2]),
 (33, [1649, 38, 0, 0, 0, 1866, 1828, 0, 0, 1, 2, 1, 0, 2, 1]),
 (33, [1555, 13, 0, 1, 0, 663, 698, 1, 1, 0, 4, 1, 2, 1, 1]),
 (16, [1937, 92, 1, 0, 0, 1504, 1415, 0, 1, 0, 0, 1, 1, 0, 2]),
 (16, [1445, 73, 1, 1, 0, 1272, 632, 1, 0, 0, 0, 1, 1, 1, 1]),
 (16, [1034, 69, 1, 0, 1, 810, 1511, 1, 0, 1, 3, 1, 1, 2, 2]),
 (16, [754, 47, 1, 0, 0, 825, 736, 1, 0, 1, 2, 1, 0, 1, 2]),
 (16, [588, 75, 0, 1, 1, 1675, 735, 0, 1, 1, 0, 1, 1, 2, 1]),
 (12, [1977, 105, 1, 0, 0, 1191, 1100, 1, 0, 1, 2, 1, 2, 0, 1]),
 (12, [1754, 30, 1, 1, 0, 1148, 1819, 0, 0, 2, 4, 1, 0, 2, 1]),
 (12, [1253, 25, 0, 1, 1, 972, 1733, 0, 0, 2, 3, 0, 0, 0, 2]),
 (12, [931, 118, 1, 0, 1, 688, 1580, 1, 0, 1, 0, 1, 0, 1, 0]),
 (12, [568, 68, 1, 0, 1, 514, 860, 1, 1, 2, 3, 0, 1, 1, 0]),
 (12, [546, 108, 0, 1, 0, 1454, 1887, 1, 0, 0, 3, 1, 2, 0, 2])]
scored
[(12, [546, 108, 0, 1, 0, 1454, 1887, 1, 0, 0, 3, 1, 2, 0, 2]),
 (12, [568, 68, 1, 0, 1, 514, 860, 1, 1, 2, 3, 0, 1, 1, 0]),
 (12, [931, 118, 1, 0, 1, 688, 1580, 1, 0, 1, 0, 1, 0, 1, 0]),
 (12, [1253, 25, 0, 1, 1, 972, 1733, 0, 0, 2, 3, 0, 0, 0, 2]),
 (12, [1754, 30, 1, 1, 0, 1148, 1819, 0, 0, 2, 4, 1, 0, 2, 1]),
 (12, [1977, 105, 1, 0, 0, 1191, 1100, 1, 0, 1, 2, 1, 2, 0, 1]),
 (16, [588, 75, 0, 1, 1, 1675, 735, 0, 1, 1, 0, 1, 1, 2, 1]),
 (16, [754, 47, 1, 0, 0, 825, 736, 1, 0, 1, 2, 1, 0, 1, 2]),
 (16, [1034, 69, 1, 0, 1, 810, 1511, 1, 0, 1, 3, 1, 1, 2, 2]),
 (16, [1445, 73, 1, 1, 0, 1272, 632, 1, 0, 0, 0, 1, 1, 1, 1]),
 (16, [1937, 92, 1, 0, 0, 1504, 1415, 0, 1, 0, 0, 1, 1, 0, 2]),
 (33, [1555, 13, 0, 1, 0, 663, 698, 1, 1, 0, 4, 1, 2, 1, 1]),
 (33, [1649, 38, 0, 0, 0, 1866, 1828, 0, 0, 1, 2, 1, 0, 2, 1]),
 (33, [1789, 54, 0, 1, 0, 1154, 726, 0, 1, 2, 4, 0, 2, 2, 2]),
 (33, [1824, 72, 0, 0, 0, 970, 612, 0, 1, 0, 1, 1, 2, 2, 0]),
 (33, [1830, 14, 0, 1, 0, 1272, 1106, 0, 0, 1, 2, 1, 0, 2, 1]),
 (33, [1858, 84, 1, 1, 0, 941, 1722, 1, 1, 1, 2, 1, 0, 2, 2]),
 (34, [545, 42, 1, 1, 0, 731, 2047, 1, 0, 2, 2, 1, 0, 0, 0]),
 (34, [1874, 58, 0, 0, 0, 795, 688, 1, 1, 2, 2, 0, 2, 2, 1]),
 (35, [1704, 25, 1, 1, 0, 1746, 1490, 0, 1, 2, 2, 1, 1, 2, 1]),
 (999, [535, 50, 1, 0, 0, 1206, 1644, 1, 1, 2, 5, 1, 2, 0, 2]),
 (999, [535, 55, 1, 1, 0, 667, 585, 0, 0, 2, 5, 1, 0, 1, 1]),
 (999, [614, 75, 0, 1, 1, 1795, 1640, 0, 1, 0, 5, 0, 2, 0, 1]),
 (999, [710, 13, 0, 0, 0, 1595, 1362, 0, 1, 3, 2, 0, 2, 2, 0]),
 (999, [943, 45, 0, 1, 1, 591, 966, 0, 1, 3, 3, 1, 0, 0, 0]),
 (999, [1136, 50, 0, 0, 1, 1855, 1084, 0, 1, 1, 5, 0, 2, 1, 1]),
 (999, [1197, 111, 1, 1, 0, 1887, 1265, 0, 0, 3, 4, 1, 0, 1, 0]),
 (999, [1297, 34, 1, 0, 1, 849, 1290, 1, 0, 3, 5, 1, 2, 0, 0]),
 (999, [1324, 49, 1, 0, 0, 1075, 1223, 1, 0, 2, 5, 1, 0, 1, 0]),
 (999, [1340, 13, 0, 1, 1, 833, 1350, 0, 1, 2, 5, 0, 0, 1, 2]),
 (999, [1783, 13, 0, 1, 0, 946, 1125, 0, 0, 2, 5, 0, 1, 2, 2]),
 (999, [1792, 114, 1, 1, 0, 951, 540, 1, 1, 3, 0, 0, 1, 2, 1])]
Selected
[(12, [931, 118, 1, 0, 1, 688, 1580, 1, 0, 1, 0, 1, 0, 1, 0]),
 (12, [546, 108, 0, 1, 0, 1454, 1887, 1, 0, 0, 3, 1, 2, 0, 2]),
 (33, [1555, 13, 0, 1, 0, 663, 698, 1, 1, 0, 4, 1, 2, 1, 1]),
 (12, [931, 118, 1, 0, 1, 688, 1580, 1, 0, 1, 0, 1, 0, 1, 0]),
 (16, [1445, 73, 1, 1, 0, 1272, 632, 1, 0, 0, 0, 1, 1, 1, 1]),
 (16, [754, 47, 1, 0, 0, 825, 736, 1, 0, 1, 2, 1, 0, 1, 2]),
 (16, [588, 75, 0, 1, 1, 1675, 735, 0, 1, 1, 0, 1, 1, 2, 1]),
 (12, [546, 108, 0, 1, 0, 1454, 1887, 1, 0, 0, 3, 1, 2, 0, 2]),
 (12, [546, 108, 0, 1, 0, 1454, 1887, 1, 0, 0, 3, 1, 2, 0, 2]),
 (16, [588, 75, 0, 1, 1, 1675, 735, 0, 1, 1, 0, 1, 1, 2, 1]),
 (12, [568, 68, 1, 0, 1, 514, 860, 1, 1, 2, 3, 0, 1, 1, 0]),
 (12, [931, 118, 1, 0, 1, 688, 1580, 1, 0, 1, 0, 1, 0, 1, 0]),
 (12, [546, 108, 0, 1, 0, 1454, 1887, 1, 0, 0, 3, 1, 2, 0, 2]),
 (16, [754, 47, 1, 0, 0, 825, 736, 1, 0, 1, 2, 1, 0, 1, 2]),
 (12, [931, 118, 1, 0, 1, 688, 1580, 1, 0, 1, 0, 1, 0, 1, 0]),
 (12, [1977, 105, 1, 0, 0, 1191, 1100, 1, 0, 1, 2, 1, 2, 0, 1]),
 (12, [1977, 105, 1, 0, 0, 1191, 1100, 1, 0, 1, 2, 1, 2, 0, 1]),
 (12, [1754, 30, 1, 1, 0, 1148, 1819, 0, 0, 2, 4, 1, 0, 2, 1]),
 (12, [1253, 25, 0, 1, 1, 972, 1733, 0, 0, 2, 3, 0, 0, 0, 2]),
 (12, [568, 68, 1, 0, 1, 514, 860, 1, 1, 2, 3, 0, 1, 1, 0]),
 (12, [1977, 105, 1, 0, 0, 1191, 1100, 1, 0, 1, 2, 1, 2, 0, 1]),
 (16, [1034, 69, 1, 0, 1, 810, 1511, 1, 0, 1, 3, 1, 1, 2, 2]),
 (12, [931, 118, 1, 0, 1, 688, 1580, 1, 0, 1, 0, 1, 0, 1, 0]),
 (33, [1789, 54, 0, 1, 0, 1154, 726, 0, 1, 2, 4, 0, 2, 2, 2]),
 (12, [1253, 25, 0, 1, 1, 972, 1733, 0, 0, 2, 3, 0, 0, 0, 2]),
 (16, [1445, 73, 1, 1, 0, 1272, 632, 1, 0, 0, 0, 1, 1, 1, 1]),
 (12, [931, 118, 1, 0, 1, 688, 1580, 1, 0, 1, 0, 1, 0, 1, 0])]
population
[(999, [1792, 114, 1, 1, 0, 951, 540, 1, 1, 3, 0, 0, 1, 2, 1]),
 (999, [1783, 13, 0, 1, 0, 946, 1125, 0, 0, 2, 5, 0, 1, 2, 2]),
 (999, [1340, 13, 0, 1, 1, 833, 1350, 0, 1, 2, 5, 0, 0, 1, 2]),
 (999, [1324, 49, 1, 0, 0, 1075, 1223, 1, 0, 2, 5, 1, 0, 1, 0]),
 (999, [1297, 34, 1, 0, 1, 849, 1290, 1, 0, 3, 5, 1, 2, 0, 0]),
 (999, [1197, 111, 1, 1, 0, 1887, 1265, 0, 0, 3, 4, 1, 0, 1, 0]),
 (999, [1136, 50, 0, 0, 1, 1855, 1084, 0, 1, 1, 5, 0, 2, 1, 1]),
 (999, [943, 45, 0, 1, 1, 591, 966, 0, 1, 3, 3, 1, 0, 0, 0]),
 (999, [710, 13, 0, 0, 0, 1595, 1362, 0, 1, 3, 2, 0, 2, 2, 0]),
 (999, [614, 75, 0, 1, 1, 1795, 1640, 0, 1, 0, 5, 0, 2, 0, 1]),
 (999, [535, 55, 1, 1, 0, 667, 585, 0, 0, 2, 5, 1, 0, 1, 1]),
 (999, [535, 50, 1, 0, 0, 1206, 1644, 1, 1, 2, 5, 1, 2, 0, 2]),
 (35, [1704, 25, 1, 1, 0, 1746, 1490, 0, 1, 2, 2, 1, 1, 2, 1]),
 (34, [1874, 58, 0, 0, 0, 795, 688, 1, 1, 2, 2, 0, 2, 2, 1]),
 (34, [545, 42, 1, 1, 0, 731, 2047, 1, 0, 2, 2, 1, 0, 0, 0]),
 (33, [1858, 84, 1, 1, 0, 941, 1722, 1, 1, 1, 2, 1, 0, 2, 2]),
 (33, [1830, 14, 0, 1, 0, 1272, 1106, 0, 0, 1, 2, 1, 0, 2, 1]),
 (33, [1824, 72, 0, 0, 0, 970, 612, 0, 1, 0, 1, 1, 2, 2, 0]),
 (33, [1789, 54, 0, 1, 0, 1154, 726, 0, 1, 2, 4, 0, 2, 2, 2]),
 (33, [1649, 38, 0, 0, 0, 1866, 1828, 0, 0, 1, 2, 1, 0, 2, 1]),
 (33, [1555, 13, 0, 1, 0, 663, 698, 1, 1, 0, 4, 1, 2, 1, 1]),
 (16, [1937, 92, 1, 0, 0, 1504, 1415, 0, 1, 0, 0, 1, 1, 0, 2]),
 (16, [1445, 73, 1, 1, 0, 1272, 632, 1, 0, 0, 0, 1, 1, 1, 1]),
 (16, [1034, 69, 1, 0, 1, 810, 1511, 1, 0, 1, 3, 1, 1, 2, 2]),
 (16, [754, 47, 1, 0, 0, 825, 736, 1, 0, 1, 2, 1, 0, 1, 2]),
 (16, [588, 75, 0, 1, 1, 1675, 735, 0, 1, 1, 0, 1, 1, 2, 1]),
 (12, [1977, 105, 1, 0, 0, 1191, 1100, 1, 0, 1, 2, 1, 2, 0, 1]),
 (12, [1754, 30, 1, 1, 0, 1148, 1819, 0, 0, 2, 4, 1, 0, 2, 1]),
 (12, [1253, 25, 0, 1, 1, 972, 1733, 0, 0, 2, 3, 0, 0, 0, 2]),
 (12, [931, 118, 1, 0, 1, 688, 1580, 1, 0, 1, 0, 1, 0, 1, 0]),
 (12, [568, 68, 1, 0, 1, 514, 860, 1, 1, 2, 3, 0, 1, 1, 0]),
 (12, [546, 108, 0, 1, 0, 1454, 1887, 1, 0, 0, 3, 1, 2, 0, 2])]
scored
[(12, [546, 108, 0, 1, 0, 1454, 1887, 1, 0, 0, 3, 1, 2, 0, 2]),
 (12, [568, 68, 1, 0, 1, 514, 860, 1, 1, 2, 3, 0, 1, 1, 0]),
 (12, [931, 118, 1, 0, 1, 688, 1580, 1, 0, 1, 0, 1, 0, 1, 0]),
 (12, [1253, 25, 0, 1, 1, 972, 1733, 0, 0, 2, 3, 0, 0, 0, 2]),
 (12, [1754, 30, 1, 1, 0, 1148, 1819, 0, 0, 2, 4, 1, 0, 2, 1]),
 (12, [1977, 105, 1, 0, 0, 1191, 1100, 1, 0, 1, 2, 1, 2, 0, 1]),
 (16, [588, 75, 0, 1, 1, 1675, 735, 0, 1, 1, 0, 1, 1, 2, 1]),
 (16, [754, 47, 1, 0, 0, 825, 736, 1, 0, 1, 2, 1, 0, 1, 2]),
 (16, [1034, 69, 1, 0, 1, 810, 1511, 1, 0, 1, 3, 1, 1, 2, 2]),
 (16, [1445, 73, 1, 1, 0, 1272, 632, 1, 0, 0, 0, 1, 1, 1, 1]),
 (16, [1937, 92, 1, 0, 0, 1504, 1415, 0, 1, 0, 0, 1, 1, 0, 2]),
 (33, [1555, 13, 0, 1, 0, 663, 698, 1, 1, 0, 4, 1, 2, 1, 1]),
 (33, [1649, 38, 0, 0, 0, 1866, 1828, 0, 0, 1, 2, 1, 0, 2, 1]),
 (33, [1789, 54, 0, 1, 0, 1154, 726, 0, 1, 2, 4, 0, 2, 2, 2]),
 (33, [1824, 72, 0, 0, 0, 970, 612, 0, 1, 0, 1, 1, 2, 2, 0]),
 (33, [1830, 14, 0, 1, 0, 1272, 1106, 0, 0, 1, 2, 1, 0, 2, 1]),
 (33, [1858, 84, 1, 1, 0, 941, 1722, 1, 1, 1, 2, 1, 0, 2, 2]),
 (34, [545, 42, 1, 1, 0, 731, 2047, 1, 0, 2, 2, 1, 0, 0, 0]),
 (34, [1874, 58, 0, 0, 0, 795, 688, 1, 1, 2, 2, 0, 2, 2, 1]),
 (35, [1704, 25, 1, 1, 0, 1746, 1490, 0, 1, 2, 2, 1, 1, 2, 1]),
 (999, [535, 50, 1, 0, 0, 1206, 1644, 1, 1, 2, 5, 1, 2, 0, 2]),
 (999, [535, 55, 1, 1, 0, 667, 585, 0, 0, 2, 5, 1, 0, 1, 1]),
 (999, [614, 75, 0, 1, 1, 1795, 1640, 0, 1, 0, 5, 0, 2, 0, 1]),
 (999, [710, 13, 0, 0, 0, 1595, 1362, 0, 1, 3, 2, 0, 2, 2, 0]),
 (999, [943, 45, 0, 1, 1, 591, 966, 0, 1, 3, 3, 1, 0, 0, 0]),
 (999, [1136, 50, 0, 0, 1, 1855, 1084, 0, 1, 1, 5, 0, 2, 1, 1]),
 (999, [1197, 111, 1, 1, 0, 1887, 1265, 0, 0, 3, 4, 1, 0, 1, 0]),
 (999, [1297, 34, 1, 0, 1, 849, 1290, 1, 0, 3, 5, 1, 2, 0, 0]),
 (999, [1324, 49, 1, 0, 0, 1075, 1223, 1, 0, 2, 5, 1, 0, 1, 0]),
 (999, [1340, 13, 0, 1, 1, 833, 1350, 0, 1, 2, 5, 0, 0, 1, 2]),
 (999, [1783, 13, 0, 1, 0, 946, 1125, 0, 0, 2, 5, 0, 1, 2, 2]),
 (999, [1792, 114, 1, 1, 0, 951, 540, 1, 1, 3, 0, 0, 1, 2, 1])]
Selected
[(12, [546, 108, 0, 1, 0, 1454, 1887, 1, 0, 0, 3, 1, 2, 0, 2]),
 (16, [754, 47, 1, 0, 0, 825, 736, 1, 0, 1, 2, 1, 0, 1, 2]),
 (16, [1034, 69, 1, 0, 1, 810, 1511, 1, 0, 1, 3, 1, 1, 2, 2]),
 (12, [546, 108, 0, 1, 0, 1454, 1887, 1, 0, 0, 3, 1, 2, 0, 2]),
 (16, [1034, 69, 1, 0, 1, 810, 1511, 1, 0, 1, 3, 1, 1, 2, 2]),
 (12, [546, 108, 0, 1, 0, 1454, 1887, 1, 0, 0, 3, 1, 2, 0, 2]),
 (12, [931, 118, 1, 0, 1, 688, 1580, 1, 0, 1, 0, 1, 0, 1, 0]),
 (12, [1253, 25, 0, 1, 1, 972, 1733, 0, 0, 2, 3, 0, 0, 0, 2]),
 (16, [1445, 73, 1, 1, 0, 1272, 632, 1, 0, 0, 0, 1, 1, 1, 1]),
 (16, [1034, 69, 1, 0, 1, 810, 1511, 1, 0, 1, 3, 1, 1, 2, 2]),
 (12, [568, 68, 1, 0, 1, 514, 860, 1, 1, 2, 3, 0, 1, 1, 0]),
 (12, [931, 118, 1, 0, 1, 688, 1580, 1, 0, 1, 0, 1, 0, 1, 0]),
 (16, [588, 75, 0, 1, 1, 1675, 735, 0, 1, 1, 0, 1, 1, 2, 1]),
 (12, [568, 68, 1, 0, 1, 514, 860, 1, 1, 2, 3, 0, 1, 1, 0]),
 (16, [1034, 69, 1, 0, 1, 810, 1511, 1, 0, 1, 3, 1, 1, 2, 2]),
 (16, [1034, 69, 1, 0, 1, 810, 1511, 1, 0, 1, 3, 1, 1, 2, 2]),
 (12, [931, 118, 1, 0, 1, 688, 1580, 1, 0, 1, 0, 1, 0, 1, 0]),
 (12, [931, 118, 1, 0, 1, 688, 1580, 1, 0, 1, 0, 1, 0, 1, 0]),
 (12, [568, 68, 1, 0, 1, 514, 860, 1, 1, 2, 3, 0, 1, 1, 0]),
 (12, [546, 108, 0, 1, 0, 1454, 1887, 1, 0, 0, 3, 1, 2, 0, 2]),
 (12, [1754, 30, 1, 1, 0, 1148, 1819, 0, 0, 2, 4, 1, 0, 2, 1]),
 (16, [1034, 69, 1, 0, 1, 810, 1511, 1, 0, 1, 3, 1, 1, 2, 2]),
 (12, [1253, 25, 0, 1, 1, 972, 1733, 0, 0, 2, 3, 0, 0, 0, 2]),
 (12, [1253, 25, 0, 1, 1, 972, 1733, 0, 0, 2, 3, 0, 0, 0, 2]),
 (12, [931, 118, 1, 0, 1, 688, 1580, 1, 0, 1, 0, 1, 0, 1, 0]),
 (12, [1977, 105, 1, 0, 0, 1191, 1100, 1, 0, 1, 2, 1, 2, 0, 1]),
 (16, [754, 47, 1, 0, 0, 825, 736, 1, 0, 1, 2, 1, 0, 1, 2])]
population
[(999, [1792, 114, 1, 1, 0, 951, 540, 1, 1, 3, 0, 0, 1, 2, 1]),
 (999, [1783, 13, 0, 1, 0, 946, 1125, 0, 0, 2, 5, 0, 1, 2, 2]),
 (999, [1340, 13, 0, 1, 1, 833, 1350, 0, 1, 2, 5, 0, 0, 1, 2]),
 (999, [1324, 49, 1, 0, 0, 1075, 1223, 1, 0, 2, 5, 1, 0, 1, 0]),
 (999, [1297, 34, 1, 0, 1, 849, 1290, 1, 0, 3, 5, 1, 2, 0, 0]),
 (999, [1197, 111, 1, 1, 0, 1887, 1265, 0, 0, 3, 4, 1, 0, 1, 0]),
 (999, [1136, 50, 0, 0, 1, 1855, 1084, 0, 1, 1, 5, 0, 2, 1, 1]),
 (999, [943, 45, 0, 1, 1, 591, 966, 0, 1, 3, 3, 1, 0, 0, 0]),
 (999, [710, 13, 0, 0, 0, 1595, 1362, 0, 1, 3, 2, 0, 2, 2, 0]),
 (999, [614, 75, 0, 1, 1, 1795, 1640, 0, 1, 0, 5, 0, 2, 0, 1]),
 (999, [535, 55, 1, 1, 0, 667, 585, 0, 0, 2, 5, 1, 0, 1, 1]),
 (999, [535, 50, 1, 0, 0, 1206, 1644, 1, 1, 2, 5, 1, 2, 0, 2]),
 (35, [1704, 25, 1, 1, 0, 1746, 1490, 0, 1, 2, 2, 1, 1, 2, 1]),
 (34, [1874, 58, 0, 0, 0, 795, 688, 1, 1, 2, 2, 0, 2, 2, 1]),
 (34, [545, 42, 1, 1, 0, 731, 2047, 1, 0, 2, 2, 1, 0, 0, 0]),
 (33, [1858, 84, 1, 1, 0, 941, 1722, 1, 1, 1, 2, 1, 0, 2, 2]),
 (33, [1830, 14, 0, 1, 0, 1272, 1106, 0, 0, 1, 2, 1, 0, 2, 1]),
 (33, [1824, 72, 0, 0, 0, 970, 612, 0, 1, 0, 1, 1, 2, 2, 0]),
 (33, [1789, 54, 0, 1, 0, 1154, 726, 0, 1, 2, 4, 0, 2, 2, 2]),
 (33, [1649, 38, 0, 0, 0, 1866, 1828, 0, 0, 1, 2, 1, 0, 2, 1]),
 (33, [1555, 13, 0, 1, 0, 663, 698, 1, 1, 0, 4, 1, 2, 1, 1]),
 (16, [1937, 92, 1, 0, 0, 1504, 1415, 0, 1, 0, 0, 1, 1, 0, 2]),
 (16, [1445, 73, 1, 1, 0, 1272, 632, 1, 0, 0, 0, 1, 1, 1, 1]),
 (16, [1034, 69, 1, 0, 1, 810, 1511, 1, 0, 1, 3, 1, 1, 2, 2]),
 (16, [754, 47, 1, 0, 0, 825, 736, 1, 0, 1, 2, 1, 0, 1, 2]),
 (16, [588, 75, 0, 1, 1, 1675, 735, 0, 1, 1, 0, 1, 1, 2, 1]),
 (12, [1977, 105, 1, 0, 0, 1191, 1100, 1, 0, 1, 2, 1, 2, 0, 1]),
 (12, [1754, 30, 1, 1, 0, 1148, 1819, 0, 0, 2, 4, 1, 0, 2, 1]),
 (12, [1253, 25, 0, 1, 1, 972, 1733, 0, 0, 2, 3, 0, 0, 0, 2]),
 (12, [931, 118, 1, 0, 1, 688, 1580, 1, 0, 1, 0, 1, 0, 1, 0]),
 (12, [568, 68, 1, 0, 1, 514, 860, 1, 1, 2, 3, 0, 1, 1, 0]),
 (12, [546, 108, 0, 1, 0, 1454, 1887, 1, 0, 0, 3, 1, 2, 0, 2])]
scored
[(12, [546, 108, 0, 1, 0, 1454, 1887, 1, 0, 0, 3, 1, 2, 0, 2]),
 (12, [568, 68, 1, 0, 1, 514, 860, 1, 1, 2, 3, 0, 1, 1, 0]),
 (12, [931, 118, 1, 0, 1, 688, 1580, 1, 0, 1, 0, 1, 0, 1, 0]),
 (12, [1253, 25, 0, 1, 1, 972, 1733, 0, 0, 2, 3, 0, 0, 0, 2]),
 (12, [1754, 30, 1, 1, 0, 1148, 1819, 0, 0, 2, 4, 1, 0, 2, 1]),
 (12, [1977, 105, 1, 0, 0, 1191, 1100, 1, 0, 1, 2, 1, 2, 0, 1]),
 (16, [588, 75, 0, 1, 1, 1675, 735, 0, 1, 1, 0, 1, 1, 2, 1]),
 (16, [754, 47, 1, 0, 0, 825, 736, 1, 0, 1, 2, 1, 0, 1, 2]),
 (16, [1034, 69, 1, 0, 1, 810, 1511, 1, 0, 1, 3, 1, 1, 2, 2]),
 (16, [1445, 73, 1, 1, 0, 1272, 632, 1, 0, 0, 0, 1, 1, 1, 1]),
 (16, [1937, 92, 1, 0, 0, 1504, 1415, 0, 1, 0, 0, 1, 1, 0, 2]),
 (33, [1555, 13, 0, 1, 0, 663, 698, 1, 1, 0, 4, 1, 2, 1, 1]),
 (33, [1649, 38, 0, 0, 0, 1866, 1828, 0, 0, 1, 2, 1, 0, 2, 1]),
 (33, [1789, 54, 0, 1, 0, 1154, 726, 0, 1, 2, 4, 0, 2, 2, 2]),
 (33, [1824, 72, 0, 0, 0, 970, 612, 0, 1, 0, 1, 1, 2, 2, 0]),
 (33, [1830, 14, 0, 1, 0, 1272, 1106, 0, 0, 1, 2, 1, 0, 2, 1]),
 (33, [1858, 84, 1, 1, 0, 941, 1722, 1, 1, 1, 2, 1, 0, 2, 2]),
 (34, [545, 42, 1, 1, 0, 731, 2047, 1, 0, 2, 2, 1, 0, 0, 0]),
 (34, [1874, 58, 0, 0, 0, 795, 688, 1, 1, 2, 2, 0, 2, 2, 1]),
 (35, [1704, 25, 1, 1, 0, 1746, 1490, 0, 1, 2, 2, 1, 1, 2, 1]),
 (999, [535, 50, 1, 0, 0, 1206, 1644, 1, 1, 2, 5, 1, 2, 0, 2]),
 (999, [535, 55, 1, 1, 0, 667, 585, 0, 0, 2, 5, 1, 0, 1, 1]),
 (999, [614, 75, 0, 1, 1, 1795, 1640, 0, 1, 0, 5, 0, 2, 0, 1]),
 (999, [710, 13, 0, 0, 0, 1595, 1362, 0, 1, 3, 2, 0, 2, 2, 0]),
 (999, [943, 45, 0, 1, 1, 591, 966, 0, 1, 3, 3, 1, 0, 0, 0]),
 (999, [1136, 50, 0, 0, 1, 1855, 1084, 0, 1, 1, 5, 0, 2, 1, 1]),
 (999, [1197, 111, 1, 1, 0, 1887, 1265, 0, 0, 3, 4, 1, 0, 1, 0]),
 (999, [1297, 34, 1, 0, 1, 849, 1290, 1, 0, 3, 5, 1, 2, 0, 0]),
 (999, [1324, 49, 1, 0, 0, 1075, 1223, 1, 0, 2, 5, 1, 0, 1, 0]),
 (999, [1340, 13, 0, 1, 1, 833, 1350, 0, 1, 2, 5, 0, 0, 1, 2]),
 (999, [1783, 13, 0, 1, 0, 946, 1125, 0, 0, 2, 5, 0, 1, 2, 2]),
 (999, [1792, 114, 1, 1, 0, 951, 540, 1, 1, 3, 0, 0, 1, 2, 1])]
Selected
[(12, [1977, 105, 1, 0, 0, 1191, 1100, 1, 0, 1, 2, 1, 2, 0, 1]),
 (12, [931, 118, 1, 0, 1, 688, 1580, 1, 0, 1, 0, 1, 0, 1, 0]),
 (12, [568, 68, 1, 0, 1, 514, 860, 1, 1, 2, 3, 0, 1, 1, 0]),
 (12, [1754, 30, 1, 1, 0, 1148, 1819, 0, 0, 2, 4, 1, 0, 2, 1]),
 (16, [754, 47, 1, 0, 0, 825, 736, 1, 0, 1, 2, 1, 0, 1, 2]),
 (12, [568, 68, 1, 0, 1, 514, 860, 1, 1, 2, 3, 0, 1, 1, 0]),
 (33, [1824, 72, 0, 0, 0, 970, 612, 0, 1, 0, 1, 1, 2, 2, 0]),
 (12, [568, 68, 1, 0, 1, 514, 860, 1, 1, 2, 3, 0, 1, 1, 0]),
 (12, [568, 68, 1, 0, 1, 514, 860, 1, 1, 2, 3, 0, 1, 1, 0]),
 (12, [931, 118, 1, 0, 1, 688, 1580, 1, 0, 1, 0, 1, 0, 1, 0]),
 (12, [1253, 25, 0, 1, 1, 972, 1733, 0, 0, 2, 3, 0, 0, 0, 2]),
 (16, [1937, 92, 1, 0, 0, 1504, 1415, 0, 1, 0, 0, 1, 1, 0, 2]),
 (12, [546, 108, 0, 1, 0, 1454, 1887, 1, 0, 0, 3, 1, 2, 0, 2]),
 (12, [568, 68, 1, 0, 1, 514, 860, 1, 1, 2, 3, 0, 1, 1, 0]),
 (16, [588, 75, 0, 1, 1, 1675, 735, 0, 1, 1, 0, 1, 1, 2, 1]),
 (12, [1253, 25, 0, 1, 1, 972, 1733, 0, 0, 2, 3, 0, 0, 0, 2]),
 (16, [588, 75, 0, 1, 1, 1675, 735, 0, 1, 1, 0, 1, 1, 2, 1]),
 (12, [1253, 25, 0, 1, 1, 972, 1733, 0, 0, 2, 3, 0, 0, 0, 2]),
 (16, [588, 75, 0, 1, 1, 1675, 735, 0, 1, 1, 0, 1, 1, 2, 1]),
 (12, [568, 68, 1, 0, 1, 514, 860, 1, 1, 2, 3, 0, 1, 1, 0]),
 (16, [754, 47, 1, 0, 0, 825, 736, 1, 0, 1, 2, 1, 0, 1, 2]),
 (12, [568, 68, 1, 0, 1, 514, 860, 1, 1, 2, 3, 0, 1, 1, 0]),
 (16, [1034, 69, 1, 0, 1, 810, 1511, 1, 0, 1, 3, 1, 1, 2, 2]),
 (16, [1034, 69, 1, 0, 1, 810, 1511, 1, 0, 1, 3, 1, 1, 2, 2]),
 (12, [546, 108, 0, 1, 0, 1454, 1887, 1, 0, 0, 3, 1, 2, 0, 2]),
 (12, [1977, 105, 1, 0, 0, 1191, 1100, 1, 0, 1, 2, 1, 2, 0, 1]),
 (12, [568, 68, 1, 0, 1, 514, 860, 1, 1, 2, 3, 0, 1, 1, 0])]
population
[(999, [1792, 114, 1, 1, 0, 951, 540, 1, 1, 3, 0, 0, 1, 2, 1]),
 (999, [1783, 13, 0, 1, 0, 946, 1125, 0, 0, 2, 5, 0, 1, 2, 2]),
 (999, [1340, 13, 0, 1, 1, 833, 1350, 0, 1, 2, 5, 0, 0, 1, 2]),
 (999, [1324, 49, 1, 0, 0, 1075, 1223, 1, 0, 2, 5, 1, 0, 1, 0]),
 (999, [1297, 34, 1, 0, 1, 849, 1290, 1, 0, 3, 5, 1, 2, 0, 0]),
 (999, [1197, 111, 1, 1, 0, 1887, 1265, 0, 0, 3, 4, 1, 0, 1, 0]),
 (999, [1136, 50, 0, 0, 1, 1855, 1084, 0, 1, 1, 5, 0, 2, 1, 1]),
 (999, [943, 45, 0, 1, 1, 591, 966, 0, 1, 3, 3, 1, 0, 0, 0]),
 (999, [710, 13, 0, 0, 0, 1595, 1362, 0, 1, 3, 2, 0, 2, 2, 0]),
 (999, [614, 75, 0, 1, 1, 1795, 1640, 0, 1, 0, 5, 0, 2, 0, 1]),
 (999, [535, 55, 1, 1, 0, 667, 585, 0, 0, 2, 5, 1, 0, 1, 1]),
 (999, [535, 50, 1, 0, 0, 1206, 1644, 1, 1, 2, 5, 1, 2, 0, 2]),
 (35, [1704, 25, 1, 1, 0, 1746, 1490, 0, 1, 2, 2, 1, 1, 2, 1]),
 (34, [1874, 58, 0, 0, 0, 795, 688, 1, 1, 2, 2, 0, 2, 2, 1]),
 (34, [545, 42, 1, 1, 0, 731, 2047, 1, 0, 2, 2, 1, 0, 0, 0]),
 (33, [1858, 84, 1, 1, 0, 941, 1722, 1, 1, 1, 2, 1, 0, 2, 2]),
 (33, [1830, 14, 0, 1, 0, 1272, 1106, 0, 0, 1, 2, 1, 0, 2, 1]),
 (33, [1824, 72, 0, 0, 0, 970, 612, 0, 1, 0, 1, 1, 2, 2, 0]),
 (33, [1789, 54, 0, 1, 0, 1154, 726, 0, 1, 2, 4, 0, 2, 2, 2]),
 (33, [1649, 38, 0, 0, 0, 1866, 1828, 0, 0, 1, 2, 1, 0, 2, 1]),
 (33, [1555, 13, 0, 1, 0, 663, 698, 1, 1, 0, 4, 1, 2, 1, 1]),
 (16, [1937, 92, 1, 0, 0, 1504, 1415, 0, 1, 0, 0, 1, 1, 0, 2]),
 (16, [1445, 73, 1, 1, 0, 1272, 632, 1, 0, 0, 0, 1, 1, 1, 1]),
 (16, [1034, 69, 1, 0, 1, 810, 1511, 1, 0, 1, 3, 1, 1, 2, 2]),
 (16, [754, 47, 1, 0, 0, 825, 736, 1, 0, 1, 2, 1, 0, 1, 2]),
 (16, [588, 75, 0, 1, 1, 1675, 735, 0, 1, 1, 0, 1, 1, 2, 1]),
 (12, [1977, 105, 1, 0, 0, 1191, 1100, 1, 0, 1, 2, 1, 2, 0, 1]),
 (12, [1754, 30, 1, 1, 0, 1148, 1819, 0, 0, 2, 4, 1, 0, 2, 1]),
 (12, [1253, 25, 0, 1, 1, 972, 1733, 0, 0, 2, 3, 0, 0, 0, 2]),
 (12, [931, 118, 1, 0, 1, 688, 1580, 1, 0, 1, 0, 1, 0, 1, 0]),
 (12, [568, 68, 1, 0, 1, 514, 860, 1, 1, 2, 3, 0, 1, 1, 0]),
 (12, [546, 108, 0, 1, 0, 1454, 1887, 1, 0, 0, 3, 1, 2, 0, 2])]
scored
[(12, [546, 108, 0, 1, 0, 1454, 1887, 1, 0, 0, 3, 1, 2, 0, 2]),
 (12, [568, 68, 1, 0, 1, 514, 860, 1, 1, 2, 3, 0, 1, 1, 0]),
 (12, [931, 118, 1, 0, 1, 688, 1580, 1, 0, 1, 0, 1, 0, 1, 0]),
 (12, [1253, 25, 0, 1, 1, 972, 1733, 0, 0, 2, 3, 0, 0, 0, 2]),
 (12, [1754, 30, 1, 1, 0, 1148, 1819, 0, 0, 2, 4, 1, 0, 2, 1]),
 (12, [1977, 105, 1, 0, 0, 1191, 1100, 1, 0, 1, 2, 1, 2, 0, 1]),
 (16, [588, 75, 0, 1, 1, 1675, 735, 0, 1, 1, 0, 1, 1, 2, 1]),
 (16, [754, 47, 1, 0, 0, 825, 736, 1, 0, 1, 2, 1, 0, 1, 2]),
 (16, [1034, 69, 1, 0, 1, 810, 1511, 1, 0, 1, 3, 1, 1, 2, 2]),
 (16, [1445, 73, 1, 1, 0, 1272, 632, 1, 0, 0, 0, 1, 1, 1, 1]),
 (16, [1937, 92, 1, 0, 0, 1504, 1415, 0, 1, 0, 0, 1, 1, 0, 2]),
 (33, [1555, 13, 0, 1, 0, 663, 698, 1, 1, 0, 4, 1, 2, 1, 1]),
 (33, [1649, 38, 0, 0, 0, 1866, 1828, 0, 0, 1, 2, 1, 0, 2, 1]),
 (33, [1789, 54, 0, 1, 0, 1154, 726, 0, 1, 2, 4, 0, 2, 2, 2]),
 (33, [1824, 72, 0, 0, 0, 970, 612, 0, 1, 0, 1, 1, 2, 2, 0]),
 (33, [1830, 14, 0, 1, 0, 1272, 1106, 0, 0, 1, 2, 1, 0, 2, 1]),
 (33, [1858, 84, 1, 1, 0, 941, 1722, 1, 1, 1, 2, 1, 0, 2, 2]),
 (34, [545, 42, 1, 1, 0, 731, 2047, 1, 0, 2, 2, 1, 0, 0, 0]),
 (34, [1874, 58, 0, 0, 0, 795, 688, 1, 1, 2, 2, 0, 2, 2, 1]),
 (35, [1704, 25, 1, 1, 0, 1746, 1490, 0, 1, 2, 2, 1, 1, 2, 1]),
 (999, [535, 50, 1, 0, 0, 1206, 1644, 1, 1, 2, 5, 1, 2, 0, 2]),
 (999, [535, 55, 1, 1, 0, 667, 585, 0, 0, 2, 5, 1, 0, 1, 1]),
 (999, [614, 75, 0, 1, 1, 1795, 1640, 0, 1, 0, 5, 0, 2, 0, 1]),
 (999, [710, 13, 0, 0, 0, 1595, 1362, 0, 1, 3, 2, 0, 2, 2, 0]),
 (999, [943, 45, 0, 1, 1, 591, 966, 0, 1, 3, 3, 1, 0, 0, 0]),
 (999, [1136, 50, 0, 0, 1, 1855, 1084, 0, 1, 1, 5, 0, 2, 1, 1]),
 (999, [1197, 111, 1, 1, 0, 1887, 1265, 0, 0, 3, 4, 1, 0, 1, 0]),
 (999, [1297, 34, 1, 0, 1, 849, 1290, 1, 0, 3, 5, 1, 2, 0, 0]),
 (999, [1324, 49, 1, 0, 0, 1075, 1223, 1, 0, 2, 5, 1, 0, 1, 0]),
 (999, [1340, 13, 0, 1, 1, 833, 1350, 0, 1, 2, 5, 0, 0, 1, 2]),
 (999, [1783, 13, 0, 1, 0, 946, 1125, 0, 0, 2, 5, 0, 1, 2, 2]),
 (999, [1792, 114, 1, 1, 0, 951, 540, 1, 1, 3, 0, 0, 1, 2, 1])]
Selected
[(12, [1977, 105, 1, 0, 0, 1191, 1100, 1, 0, 1, 2, 1, 2, 0, 1]),
 (12, [1253, 25, 0, 1, 1, 972, 1733, 0, 0, 2, 3, 0, 0, 0, 2]),
 (16, [588, 75, 0, 1, 1, 1675, 735, 0, 1, 1, 0, 1, 1, 2, 1]),
 (16, [1445, 73, 1, 1, 0, 1272, 632, 1, 0, 0, 0, 1, 1, 1, 1]),
 (16, [1034, 69, 1, 0, 1, 810, 1511, 1, 0, 1, 3, 1, 1, 2, 2]),
 (16, [1034, 69, 1, 0, 1, 810, 1511, 1, 0, 1, 3, 1, 1, 2, 2]),
 (12, [931, 118, 1, 0, 1, 688, 1580, 1, 0, 1, 0, 1, 0, 1, 0]),
 (12, [1977, 105, 1, 0, 0, 1191, 1100, 1, 0, 1, 2, 1, 2, 0, 1]),
 (12, [931, 118, 1, 0, 1, 688, 1580, 1, 0, 1, 0, 1, 0, 1, 0]),
 (12, [1754, 30, 1, 1, 0, 1148, 1819, 0, 0, 2, 4, 1, 0, 2, 1]),
 (12, [568, 68, 1, 0, 1, 514, 860, 1, 1, 2, 3, 0, 1, 1, 0]),
 (12, [1253, 25, 0, 1, 1, 972, 1733, 0, 0, 2, 3, 0, 0, 0, 2]),
 (33, [1830, 14, 0, 1, 0, 1272, 1106, 0, 0, 1, 2, 1, 0, 2, 1]),
 (12, [568, 68, 1, 0, 1, 514, 860, 1, 1, 2, 3, 0, 1, 1, 0]),
 (16, [1937, 92, 1, 0, 0, 1504, 1415, 0, 1, 0, 0, 1, 1, 0, 2]),
 (12, [568, 68, 1, 0, 1, 514, 860, 1, 1, 2, 3, 0, 1, 1, 0]),
 (33, [1830, 14, 0, 1, 0, 1272, 1106, 0, 0, 1, 2, 1, 0, 2, 1]),
 (12, [568, 68, 1, 0, 1, 514, 860, 1, 1, 2, 3, 0, 1, 1, 0]),
 (12, [1754, 30, 1, 1, 0, 1148, 1819, 0, 0, 2, 4, 1, 0, 2, 1]),
 (12, [546, 108, 0, 1, 0, 1454, 1887, 1, 0, 0, 3, 1, 2, 0, 2]),
 (12, [568, 68, 1, 0, 1, 514, 860, 1, 1, 2, 3, 0, 1, 1, 0]),
 (12, [568, 68, 1, 0, 1, 514, 860, 1, 1, 2, 3, 0, 1, 1, 0]),
 (12, [568, 68, 1, 0, 1, 514, 860, 1, 1, 2, 3, 0, 1, 1, 0]),
 (12, [1977, 105, 1, 0, 0, 1191, 1100, 1, 0, 1, 2, 1, 2, 0, 1]),
 (33, [1555, 13, 0, 1, 0, 663, 698, 1, 1, 0, 4, 1, 2, 1, 1]),
 (12, [1754, 30, 1, 1, 0, 1148, 1819, 0, 0, 2, 4, 1, 0, 2, 1]),
 (12, [1253, 25, 0, 1, 1, 972, 1733, 0, 0, 2, 3, 0, 0, 0, 2])]
population
[(999, [1792, 114, 1, 1, 0, 951, 540, 1, 1, 3, 0, 0, 1, 2, 1]),
 (999, [1783, 13, 0, 1, 0, 946, 1125, 0, 0, 2, 5, 0, 1, 2, 2]),
 (999, [1340, 13, 0, 1, 1, 833, 1350, 0, 1, 2, 5, 0, 0, 1, 2]),
 (999, [1324, 49, 1, 0, 0, 1075, 1223, 1, 0, 2, 5, 1, 0, 1, 0]),
 (999, [1297, 34, 1, 0, 1, 849, 1290, 1, 0, 3, 5, 1, 2, 0, 0]),
 (999, [1197, 111, 1, 1, 0, 1887, 1265, 0, 0, 3, 4, 1, 0, 1, 0]),
 (999, [1136, 50, 0, 0, 1, 1855, 1084, 0, 1, 1, 5, 0, 2, 1, 1]),
 (999, [943, 45, 0, 1, 1, 591, 966, 0, 1, 3, 3, 1, 0, 0, 0]),
 (999, [710, 13, 0, 0, 0, 1595, 1362, 0, 1, 3, 2, 0, 2, 2, 0]),
 (999, [614, 75, 0, 1, 1, 1795, 1640, 0, 1, 0, 5, 0, 2, 0, 1]),
 (999, [535, 55, 1, 1, 0, 667, 585, 0, 0, 2, 5, 1, 0, 1, 1]),
 (999, [535, 50, 1, 0, 0, 1206, 1644, 1, 1, 2, 5, 1, 2, 0, 2]),
 (35, [1704, 25, 1, 1, 0, 1746, 1490, 0, 1, 2, 2, 1, 1, 2, 1]),
 (34, [1874, 58, 0, 0, 0, 795, 688, 1, 1, 2, 2, 0, 2, 2, 1]),
 (34, [545, 42, 1, 1, 0, 731, 2047, 1, 0, 2, 2, 1, 0, 0, 0]),
 (33, [1858, 84, 1, 1, 0, 941, 1722, 1, 1, 1, 2, 1, 0, 2, 2]),
 (33, [1830, 14, 0, 1, 0, 1272, 1106, 0, 0, 1, 2, 1, 0, 2, 1]),
 (33, [1824, 72, 0, 0, 0, 970, 612, 0, 1, 0, 1, 1, 2, 2, 0]),
 (33, [1789, 54, 0, 1, 0, 1154, 726, 0, 1, 2, 4, 0, 2, 2, 2]),
 (33, [1649, 38, 0, 0, 0, 1866, 1828, 0, 0, 1, 2, 1, 0, 2, 1]),
 (33, [1555, 13, 0, 1, 0, 663, 698, 1, 1, 0, 4, 1, 2, 1, 1]),
 (16, [1937, 92, 1, 0, 0, 1504, 1415, 0, 1, 0, 0, 1, 1, 0, 2]),
 (16, [1445, 73, 1, 1, 0, 1272, 632, 1, 0, 0, 0, 1, 1, 1, 1]),
 (16, [1034, 69, 1, 0, 1, 810, 1511, 1, 0, 1, 3, 1, 1, 2, 2]),
 (16, [754, 47, 1, 0, 0, 825, 736, 1, 0, 1, 2, 1, 0, 1, 2]),
 (16, [588, 75, 0, 1, 1, 1675, 735, 0, 1, 1, 0, 1, 1, 2, 1]),
 (12, [1977, 105, 1, 0, 0, 1191, 1100, 1, 0, 1, 2, 1, 2, 0, 1]),
 (12, [1754, 30, 1, 1, 0, 1148, 1819, 0, 0, 2, 4, 1, 0, 2, 1]),
 (12, [1253, 25, 0, 1, 1, 972, 1733, 0, 0, 2, 3, 0, 0, 0, 2]),
 (12, [931, 118, 1, 0, 1, 688, 1580, 1, 0, 1, 0, 1, 0, 1, 0]),
 (12, [568, 68, 1, 0, 1, 514, 860, 1, 1, 2, 3, 0, 1, 1, 0]),
 (12, [546, 108, 0, 1, 0, 1454, 1887, 1, 0, 0, 3, 1, 2, 0, 2])]
scored
[(12, [546, 108, 0, 1, 0, 1454, 1887, 1, 0, 0, 3, 1, 2, 0, 2]),
 (12, [568, 68, 1, 0, 1, 514, 860, 1, 1, 2, 3, 0, 1, 1, 0]),
 (12, [931, 118, 1, 0, 1, 688, 1580, 1, 0, 1, 0, 1, 0, 1, 0]),
 (12, [1253, 25, 0, 1, 1, 972, 1733, 0, 0, 2, 3, 0, 0, 0, 2]),
 (12, [1754, 30, 1, 1, 0, 1148, 1819, 0, 0, 2, 4, 1, 0, 2, 1]),
 (12, [1977, 105, 1, 0, 0, 1191, 1100, 1, 0, 1, 2, 1, 2, 0, 1]),
 (16, [588, 75, 0, 1, 1, 1675, 735, 0, 1, 1, 0, 1, 1, 2, 1]),
 (16, [754, 47, 1, 0, 0, 825, 736, 1, 0, 1, 2, 1, 0, 1, 2]),
 (16, [1034, 69, 1, 0, 1, 810, 1511, 1, 0, 1, 3, 1, 1, 2, 2]),
 (16, [1445, 73, 1, 1, 0, 1272, 632, 1, 0, 0, 0, 1, 1, 1, 1]),
 (16, [1937, 92, 1, 0, 0, 1504, 1415, 0, 1, 0, 0, 1, 1, 0, 2]),
 (33, [1555, 13, 0, 1, 0, 663, 698, 1, 1, 0, 4, 1, 2, 1, 1]),
 (33, [1649, 38, 0, 0, 0, 1866, 1828, 0, 0, 1, 2, 1, 0, 2, 1]),
 (33, [1789, 54, 0, 1, 0, 1154, 726, 0, 1, 2, 4, 0, 2, 2, 2]),
 (33, [1824, 72, 0, 0, 0, 970, 612, 0, 1, 0, 1, 1, 2, 2, 0]),
 (33, [1830, 14, 0, 1, 0, 1272, 1106, 0, 0, 1, 2, 1, 0, 2, 1]),
 (33, [1858, 84, 1, 1, 0, 941, 1722, 1, 1, 1, 2, 1, 0, 2, 2]),
 (34, [545, 42, 1, 1, 0, 731, 2047, 1, 0, 2, 2, 1, 0, 0, 0]),
 (34, [1874, 58, 0, 0, 0, 795, 688, 1, 1, 2, 2, 0, 2, 2, 1]),
 (35, [1704, 25, 1, 1, 0, 1746, 1490, 0, 1, 2, 2, 1, 1, 2, 1]),
 (999, [535, 50, 1, 0, 0, 1206, 1644, 1, 1, 2, 5, 1, 2, 0, 2]),
 (999, [535, 55, 1, 1, 0, 667, 585, 0, 0, 2, 5, 1, 0, 1, 1]),
 (999, [614, 75, 0, 1, 1, 1795, 1640, 0, 1, 0, 5, 0, 2, 0, 1]),
 (999, [710, 13, 0, 0, 0, 1595, 1362, 0, 1, 3, 2, 0, 2, 2, 0]),
 (999, [943, 45, 0, 1, 1, 591, 966, 0, 1, 3, 3, 1, 0, 0, 0]),
 (999, [1136, 50, 0, 0, 1, 1855, 1084, 0, 1, 1, 5, 0, 2, 1, 1]),
 (999, [1197, 111, 1, 1, 0, 1887, 1265, 0, 0, 3, 4, 1, 0, 1, 0]),
 (999, [1297, 34, 1, 0, 1, 849, 1290, 1, 0, 3, 5, 1, 2, 0, 0]),
 (999, [1324, 49, 1, 0, 0, 1075, 1223, 1, 0, 2, 5, 1, 0, 1, 0]),
 (999, [1340, 13, 0, 1, 1, 833, 1350, 0, 1, 2, 5, 0, 0, 1, 2]),
 (999, [1783, 13, 0, 1, 0, 946, 1125, 0, 0, 2, 5, 0, 1, 2, 2]),
 (999, [1792, 114, 1, 1, 0, 951, 540, 1, 1, 3, 0, 0, 1, 2, 1])]
Selected
[(16, [1937, 92, 1, 0, 0, 1504, 1415, 0, 1, 0, 0, 1, 1, 0, 2]),
 (12, [1253, 25, 0, 1, 1, 972, 1733, 0, 0, 2, 3, 0, 0, 0, 2]),
 (16, [1034, 69, 1, 0, 1, 810, 1511, 1, 0, 1, 3, 1, 1, 2, 2]),
 (12, [568, 68, 1, 0, 1, 514, 860, 1, 1, 2, 3, 0, 1, 1, 0]),
 (33, [1830, 14, 0, 1, 0, 1272, 1106, 0, 0, 1, 2, 1, 0, 2, 1]),
 (12, [568, 68, 1, 0, 1, 514, 860, 1, 1, 2, 3, 0, 1, 1, 0]),
 (12, [1253, 25, 0, 1, 1, 972, 1733, 0, 0, 2, 3, 0, 0, 0, 2]),
 (12, [1253, 25, 0, 1, 1, 972, 1733, 0, 0, 2, 3, 0, 0, 0, 2]),
 (12, [568, 68, 1, 0, 1, 514, 860, 1, 1, 2, 3, 0, 1, 1, 0]),
 (12, [546, 108, 0, 1, 0, 1454, 1887, 1, 0, 0, 3, 1, 2, 0, 2]),
 (33, [1649, 38, 0, 0, 0, 1866, 1828, 0, 0, 1, 2, 1, 0, 2, 1]),
 (12, [546, 108, 0, 1, 0, 1454, 1887, 1, 0, 0, 3, 1, 2, 0, 2]),
 (12, [931, 118, 1, 0, 1, 688, 1580, 1, 0, 1, 0, 1, 0, 1, 0]),
 (16, [588, 75, 0, 1, 1, 1675, 735, 0, 1, 1, 0, 1, 1, 2, 1]),
 (16, [754, 47, 1, 0, 0, 825, 736, 1, 0, 1, 2, 1, 0, 1, 2]),
 (12, [1977, 105, 1, 0, 0, 1191, 1100, 1, 0, 1, 2, 1, 2, 0, 1]),
 (12, [1253, 25, 0, 1, 1, 972, 1733, 0, 0, 2, 3, 0, 0, 0, 2]),
 (12, [1977, 105, 1, 0, 0, 1191, 1100, 1, 0, 1, 2, 1, 2, 0, 1]),
 (16, [754, 47, 1, 0, 0, 825, 736, 1, 0, 1, 2, 1, 0, 1, 2]),
 (16, [588, 75, 0, 1, 1, 1675, 735, 0, 1, 1, 0, 1, 1, 2, 1]),
 (16, [1034, 69, 1, 0, 1, 810, 1511, 1, 0, 1, 3, 1, 1, 2, 2]),
 (12, [1977, 105, 1, 0, 0, 1191, 1100, 1, 0, 1, 2, 1, 2, 0, 1]),
 (12, [1253, 25, 0, 1, 1, 972, 1733, 0, 0, 2, 3, 0, 0, 0, 2]),
 (16, [1937, 92, 1, 0, 0, 1504, 1415, 0, 1, 0, 0, 1, 1, 0, 2]),
 (16, [1445, 73, 1, 1, 0, 1272, 632, 1, 0, 0, 0, 1, 1, 1, 1]),
 (16, [1034, 69, 1, 0, 1, 810, 1511, 1, 0, 1, 3, 1, 1, 2, 2]),
 (12, [931, 118, 1, 0, 1, 688, 1580, 1, 0, 1, 0, 1, 0, 1, 0])]
population
[(999, [1792, 114, 1, 1, 0, 951, 540, 1, 1, 3, 0, 0, 1, 2, 1]),
 (999, [1783, 13, 0, 1, 0, 946, 1125, 0, 0, 2, 5, 0, 1, 2, 2]),
 (999, [1340, 13, 0, 1, 1, 833, 1350, 0, 1, 2, 5, 0, 0, 1, 2]),
 (999, [1324, 49, 1, 0, 0, 1075, 1223, 1, 0, 2, 5, 1, 0, 1, 0]),
 (999, [1297, 34, 1, 0, 1, 849, 1290, 1, 0, 3, 5, 1, 2, 0, 0]),
 (999, [1197, 111, 1, 1, 0, 1887, 1265, 0, 0, 3, 4, 1, 0, 1, 0]),
 (999, [1136, 50, 0, 0, 1, 1855, 1084, 0, 1, 1, 5, 0, 2, 1, 1]),
 (999, [943, 45, 0, 1, 1, 591, 966, 0, 1, 3, 3, 1, 0, 0, 0]),
 (999, [710, 13, 0, 0, 0, 1595, 1362, 0, 1, 3, 2, 0, 2, 2, 0]),
 (999, [614, 75, 0, 1, 1, 1795, 1640, 0, 1, 0, 5, 0, 2, 0, 1]),
 (999, [535, 55, 1, 1, 0, 667, 585, 0, 0, 2, 5, 1, 0, 1, 1]),
 (999, [535, 50, 1, 0, 0, 1206, 1644, 1, 1, 2, 5, 1, 2, 0, 2]),
 (35, [1704, 25, 1, 1, 0, 1746, 1490, 0, 1, 2, 2, 1, 1, 2, 1]),
 (34, [1874, 58, 0, 0, 0, 795, 688, 1, 1, 2, 2, 0, 2, 2, 1]),
 (34, [545, 42, 1, 1, 0, 731, 2047, 1, 0, 2, 2, 1, 0, 0, 0]),
 (33, [1858, 84, 1, 1, 0, 941, 1722, 1, 1, 1, 2, 1, 0, 2, 2]),
 (33, [1830, 14, 0, 1, 0, 1272, 1106, 0, 0, 1, 2, 1, 0, 2, 1]),
 (33, [1824, 72, 0, 0, 0, 970, 612, 0, 1, 0, 1, 1, 2, 2, 0]),
 (33, [1789, 54, 0, 1, 0, 1154, 726, 0, 1, 2, 4, 0, 2, 2, 2]),
 (33, [1649, 38, 0, 0, 0, 1866, 1828, 0, 0, 1, 2, 1, 0, 2, 1]),
 (33, [1555, 13, 0, 1, 0, 663, 698, 1, 1, 0, 4, 1, 2, 1, 1]),
 (16, [1937, 92, 1, 0, 0, 1504, 1415, 0, 1, 0, 0, 1, 1, 0, 2]),
 (16, [1445, 73, 1, 1, 0, 1272, 632, 1, 0, 0, 0, 1, 1, 1, 1]),
 (16, [1034, 69, 1, 0, 1, 810, 1511, 1, 0, 1, 3, 1, 1, 2, 2]),
 (16, [754, 47, 1, 0, 0, 825, 736, 1, 0, 1, 2, 1, 0, 1, 2]),
 (16, [588, 75, 0, 1, 1, 1675, 735, 0, 1, 1, 0, 1, 1, 2, 1]),
 (12, [1977, 105, 1, 0, 0, 1191, 1100, 1, 0, 1, 2, 1, 2, 0, 1]),
 (12, [1754, 30, 1, 1, 0, 1148, 1819, 0, 0, 2, 4, 1, 0, 2, 1]),
 (12, [1253, 25, 0, 1, 1, 972, 1733, 0, 0, 2, 3, 0, 0, 0, 2]),
 (12, [931, 118, 1, 0, 1, 688, 1580, 1, 0, 1, 0, 1, 0, 1, 0]),
 (12, [568, 68, 1, 0, 1, 514, 860, 1, 1, 2, 3, 0, 1, 1, 0]),
 (12, [546, 108, 0, 1, 0, 1454, 1887, 1, 0, 0, 3, 1, 2, 0, 2])]
scored
[(12, [546, 108, 0, 1, 0, 1454, 1887, 1, 0, 0, 3, 1, 2, 0, 2]),
 (12, [568, 68, 1, 0, 1, 514, 860, 1, 1, 2, 3, 0, 1, 1, 0]),
 (12, [931, 118, 1, 0, 1, 688, 1580, 1, 0, 1, 0, 1, 0, 1, 0]),
 (12, [1253, 25, 0, 1, 1, 972, 1733, 0, 0, 2, 3, 0, 0, 0, 2]),
 (12, [1754, 30, 1, 1, 0, 1148, 1819, 0, 0, 2, 4, 1, 0, 2, 1]),
 (12, [1977, 105, 1, 0, 0, 1191, 1100, 1, 0, 1, 2, 1, 2, 0, 1]),
 (16, [588, 75, 0, 1, 1, 1675, 735, 0, 1, 1, 0, 1, 1, 2, 1]),
 (16, [754, 47, 1, 0, 0, 825, 736, 1, 0, 1, 2, 1, 0, 1, 2]),
 (16, [1034, 69, 1, 0, 1, 810, 1511, 1, 0, 1, 3, 1, 1, 2, 2]),
 (16, [1445, 73, 1, 1, 0, 1272, 632, 1, 0, 0, 0, 1, 1, 1, 1]),
 (16, [1937, 92, 1, 0, 0, 1504, 1415, 0, 1, 0, 0, 1, 1, 0, 2]),
 (33, [1555, 13, 0, 1, 0, 663, 698, 1, 1, 0, 4, 1, 2, 1, 1]),
 (33, [1649, 38, 0, 0, 0, 1866, 1828, 0, 0, 1, 2, 1, 0, 2, 1]),
 (33, [1789, 54, 0, 1, 0, 1154, 726, 0, 1, 2, 4, 0, 2, 2, 2]),
 (33, [1824, 72, 0, 0, 0, 970, 612, 0, 1, 0, 1, 1, 2, 2, 0]),
 (33, [1830, 14, 0, 1, 0, 1272, 1106, 0, 0, 1, 2, 1, 0, 2, 1]),
 (33, [1858, 84, 1, 1, 0, 941, 1722, 1, 1, 1, 2, 1, 0, 2, 2]),
 (34, [545, 42, 1, 1, 0, 731, 2047, 1, 0, 2, 2, 1, 0, 0, 0]),
 (34, [1874, 58, 0, 0, 0, 795, 688, 1, 1, 2, 2, 0, 2, 2, 1]),
 (35, [1704, 25, 1, 1, 0, 1746, 1490, 0, 1, 2, 2, 1, 1, 2, 1]),
 (999, [535, 50, 1, 0, 0, 1206, 1644, 1, 1, 2, 5, 1, 2, 0, 2]),
 (999, [535, 55, 1, 1, 0, 667, 585, 0, 0, 2, 5, 1, 0, 1, 1]),
 (999, [614, 75, 0, 1, 1, 1795, 1640, 0, 1, 0, 5, 0, 2, 0, 1]),
 (999, [710, 13, 0, 0, 0, 1595, 1362, 0, 1, 3, 2, 0, 2, 2, 0]),
 (999, [943, 45, 0, 1, 1, 591, 966, 0, 1, 3, 3, 1, 0, 0, 0]),
 (999, [1136, 50, 0, 0, 1, 1855, 1084, 0, 1, 1, 5, 0, 2, 1, 1]),
 (999, [1197, 111, 1, 1, 0, 1887, 1265, 0, 0, 3, 4, 1, 0, 1, 0]),
 (999, [1297, 34, 1, 0, 1, 849, 1290, 1, 0, 3, 5, 1, 2, 0, 0]),
 (999, [1324, 49, 1, 0, 0, 1075, 1223, 1, 0, 2, 5, 1, 0, 1, 0]),
 (999, [1340, 13, 0, 1, 1, 833, 1350, 0, 1, 2, 5, 0, 0, 1, 2]),
 (999, [1783, 13, 0, 1, 0, 946, 1125, 0, 0, 2, 5, 0, 1, 2, 2]),
 (999, [1792, 114, 1, 1, 0, 951, 540, 1, 1, 3, 0, 0, 1, 2, 1])]
Selected
[(16, [1937, 92, 1, 0, 0, 1504, 1415, 0, 1, 0, 0, 1, 1, 0, 2]),
 (12, [546, 108, 0, 1, 0, 1454, 1887, 1, 0, 0, 3, 1, 2, 0, 2]),
 (33, [1789, 54, 0, 1, 0, 1154, 726, 0, 1, 2, 4, 0, 2, 2, 2]),
 (33, [1555, 13, 0, 1, 0, 663, 698, 1, 1, 0, 4, 1, 2, 1, 1]),
 (33, [1789, 54, 0, 1, 0, 1154, 726, 0, 1, 2, 4, 0, 2, 2, 2]),
 (12, [568, 68, 1, 0, 1, 514, 860, 1, 1, 2, 3, 0, 1, 1, 0]),
 (12, [1754, 30, 1, 1, 0, 1148, 1819, 0, 0, 2, 4, 1, 0, 2, 1]),
 (12, [931, 118, 1, 0, 1, 688, 1580, 1, 0, 1, 0, 1, 0, 1, 0]),
 (12, [1754, 30, 1, 1, 0, 1148, 1819, 0, 0, 2, 4, 1, 0, 2, 1]),
 (12, [568, 68, 1, 0, 1, 514, 860, 1, 1, 2, 3, 0, 1, 1, 0]),
 (12, [1754, 30, 1, 1, 0, 1148, 1819, 0, 0, 2, 4, 1, 0, 2, 1]),
 (12, [931, 118, 1, 0, 1, 688, 1580, 1, 0, 1, 0, 1, 0, 1, 0]),
 (12, [931, 118, 1, 0, 1, 688, 1580, 1, 0, 1, 0, 1, 0, 1, 0]),
 (16, [588, 75, 0, 1, 1, 1675, 735, 0, 1, 1, 0, 1, 1, 2, 1]),
 (12, [568, 68, 1, 0, 1, 514, 860, 1, 1, 2, 3, 0, 1, 1, 0]),
 (12, [1754, 30, 1, 1, 0, 1148, 1819, 0, 0, 2, 4, 1, 0, 2, 1]),
 (16, [1034, 69, 1, 0, 1, 810, 1511, 1, 0, 1, 3, 1, 1, 2, 2]),
 (12, [1977, 105, 1, 0, 0, 1191, 1100, 1, 0, 1, 2, 1, 2, 0, 1]),
 (12, [568, 68, 1, 0, 1, 514, 860, 1, 1, 2, 3, 0, 1, 1, 0]),
 (16, [1937, 92, 1, 0, 0, 1504, 1415, 0, 1, 0, 0, 1, 1, 0, 2]),
 (12, [568, 68, 1, 0, 1, 514, 860, 1, 1, 2, 3, 0, 1, 1, 0]),
 (12, [568, 68, 1, 0, 1, 514, 860, 1, 1, 2, 3, 0, 1, 1, 0]),
 (999, [535, 55, 1, 1, 0, 667, 585, 0, 0, 2, 5, 1, 0, 1, 1]),
 (16, [588, 75, 0, 1, 1, 1675, 735, 0, 1, 1, 0, 1, 1, 2, 1]),
 (12, [1253, 25, 0, 1, 1, 972, 1733, 0, 0, 2, 3, 0, 0, 0, 2]),
 (16, [754, 47, 1, 0, 0, 825, 736, 1, 0, 1, 2, 1, 0, 1, 2]),
 (12, [546, 108, 0, 1, 0, 1454, 1887, 1, 0, 0, 3, 1, 2, 0, 2])]
population
[(999, [1792, 114, 1, 1, 0, 951, 540, 1, 1, 3, 0, 0, 1, 2, 1]),
 (999, [1783, 13, 0, 1, 0, 946, 1125, 0, 0, 2, 5, 0, 1, 2, 2]),
 (999, [1340, 13, 0, 1, 1, 833, 1350, 0, 1, 2, 5, 0, 0, 1, 2]),
 (999, [1324, 49, 1, 0, 0, 1075, 1223, 1, 0, 2, 5, 1, 0, 1, 0]),
 (999, [1297, 34, 1, 0, 1, 849, 1290, 1, 0, 3, 5, 1, 2, 0, 0]),
 (999, [1197, 111, 1, 1, 0, 1887, 1265, 0, 0, 3, 4, 1, 0, 1, 0]),
 (999, [1136, 50, 0, 0, 1, 1855, 1084, 0, 1, 1, 5, 0, 2, 1, 1]),
 (999, [943, 45, 0, 1, 1, 591, 966, 0, 1, 3, 3, 1, 0, 0, 0]),
 (999, [710, 13, 0, 0, 0, 1595, 1362, 0, 1, 3, 2, 0, 2, 2, 0]),
 (999, [614, 75, 0, 1, 1, 1795, 1640, 0, 1, 0, 5, 0, 2, 0, 1]),
 (999, [535, 55, 1, 1, 0, 667, 585, 0, 0, 2, 5, 1, 0, 1, 1]),
 (999, [535, 50, 1, 0, 0, 1206, 1644, 1, 1, 2, 5, 1, 2, 0, 2]),
 (35, [1704, 25, 1, 1, 0, 1746, 1490, 0, 1, 2, 2, 1, 1, 2, 1]),
 (34, [1874, 58, 0, 0, 0, 795, 688, 1, 1, 2, 2, 0, 2, 2, 1]),
 (34, [545, 42, 1, 1, 0, 731, 2047, 1, 0, 2, 2, 1, 0, 0, 0]),
 (33, [1858, 84, 1, 1, 0, 941, 1722, 1, 1, 1, 2, 1, 0, 2, 2]),
 (33, [1830, 14, 0, 1, 0, 1272, 1106, 0, 0, 1, 2, 1, 0, 2, 1]),
 (33, [1824, 72, 0, 0, 0, 970, 612, 0, 1, 0, 1, 1, 2, 2, 0]),
 (33, [1789, 54, 0, 1, 0, 1154, 726, 0, 1, 2, 4, 0, 2, 2, 2]),
 (33, [1649, 38, 0, 0, 0, 1866, 1828, 0, 0, 1, 2, 1, 0, 2, 1]),
 (33, [1555, 13, 0, 1, 0, 663, 698, 1, 1, 0, 4, 1, 2, 1, 1]),
 (16, [1937, 92, 1, 0, 0, 1504, 1415, 0, 1, 0, 0, 1, 1, 0, 2]),
 (16, [1445, 73, 1, 1, 0, 1272, 632, 1, 0, 0, 0, 1, 1, 1, 1]),
 (16, [1034, 69, 1, 0, 1, 810, 1511, 1, 0, 1, 3, 1, 1, 2, 2]),
 (16, [754, 47, 1, 0, 0, 825, 736, 1, 0, 1, 2, 1, 0, 1, 2]),
 (16, [588, 75, 0, 1, 1, 1675, 735, 0, 1, 1, 0, 1, 1, 2, 1]),
 (12, [1977, 105, 1, 0, 0, 1191, 1100, 1, 0, 1, 2, 1, 2, 0, 1]),
 (12, [1754, 30, 1, 1, 0, 1148, 1819, 0, 0, 2, 4, 1, 0, 2, 1]),
 (12, [1253, 25, 0, 1, 1, 972, 1733, 0, 0, 2, 3, 0, 0, 0, 2]),
 (12, [931, 118, 1, 0, 1, 688, 1580, 1, 0, 1, 0, 1, 0, 1, 0]),
 (12, [568, 68, 1, 0, 1, 514, 860, 1, 1, 2, 3, 0, 1, 1, 0]),
 (12, [546, 108, 0, 1, 0, 1454, 1887, 1, 0, 0, 3, 1, 2, 0, 2])]
scored
[(12, [546, 108, 0, 1, 0, 1454, 1887, 1, 0, 0, 3, 1, 2, 0, 2]),
 (12, [568, 68, 1, 0, 1, 514, 860, 1, 1, 2, 3, 0, 1, 1, 0]),
 (12, [931, 118, 1, 0, 1, 688, 1580, 1, 0, 1, 0, 1, 0, 1, 0]),
 (12, [1253, 25, 0, 1, 1, 972, 1733, 0, 0, 2, 3, 0, 0, 0, 2]),
 (12, [1754, 30, 1, 1, 0, 1148, 1819, 0, 0, 2, 4, 1, 0, 2, 1]),
 (12, [1977, 105, 1, 0, 0, 1191, 1100, 1, 0, 1, 2, 1, 2, 0, 1]),
 (16, [588, 75, 0, 1, 1, 1675, 735, 0, 1, 1, 0, 1, 1, 2, 1]),
 (16, [754, 47, 1, 0, 0, 825, 736, 1, 0, 1, 2, 1, 0, 1, 2]),
 (16, [1034, 69, 1, 0, 1, 810, 1511, 1, 0, 1, 3, 1, 1, 2, 2]),
 (16, [1445, 73, 1, 1, 0, 1272, 632, 1, 0, 0, 0, 1, 1, 1, 1]),
 (16, [1937, 92, 1, 0, 0, 1504, 1415, 0, 1, 0, 0, 1, 1, 0, 2]),
 (33, [1555, 13, 0, 1, 0, 663, 698, 1, 1, 0, 4, 1, 2, 1, 1]),
 (33, [1649, 38, 0, 0, 0, 1866, 1828, 0, 0, 1, 2, 1, 0, 2, 1]),
 (33, [1789, 54, 0, 1, 0, 1154, 726, 0, 1, 2, 4, 0, 2, 2, 2]),
 (33, [1824, 72, 0, 0, 0, 970, 612, 0, 1, 0, 1, 1, 2, 2, 0]),
 (33, [1830, 14, 0, 1, 0, 1272, 1106, 0, 0, 1, 2, 1, 0, 2, 1]),
 (33, [1858, 84, 1, 1, 0, 941, 1722, 1, 1, 1, 2, 1, 0, 2, 2]),
 (34, [545, 42, 1, 1, 0, 731, 2047, 1, 0, 2, 2, 1, 0, 0, 0]),
 (34, [1874, 58, 0, 0, 0, 795, 688, 1, 1, 2, 2, 0, 2, 2, 1]),
 (35, [1704, 25, 1, 1, 0, 1746, 1490, 0, 1, 2, 2, 1, 1, 2, 1]),
 (999, [535, 50, 1, 0, 0, 1206, 1644, 1, 1, 2, 5, 1, 2, 0, 2]),
 (999, [535, 55, 1, 1, 0, 667, 585, 0, 0, 2, 5, 1, 0, 1, 1]),
 (999, [614, 75, 0, 1, 1, 1795, 1640, 0, 1, 0, 5, 0, 2, 0, 1]),
 (999, [710, 13, 0, 0, 0, 1595, 1362, 0, 1, 3, 2, 0, 2, 2, 0]),
 (999, [943, 45, 0, 1, 1, 591, 966, 0, 1, 3, 3, 1, 0, 0, 0]),
 (999, [1136, 50, 0, 0, 1, 1855, 1084, 0, 1, 1, 5, 0, 2, 1, 1]),
 (999, [1197, 111, 1, 1, 0, 1887, 1265, 0, 0, 3, 4, 1, 0, 1, 0]),
 (999, [1297, 34, 1, 0, 1, 849, 1290, 1, 0, 3, 5, 1, 2, 0, 0]),
 (999, [1324, 49, 1, 0, 0, 1075, 1223, 1, 0, 2, 5, 1, 0, 1, 0]),
 (999, [1340, 13, 0, 1, 1, 833, 1350, 0, 1, 2, 5, 0, 0, 1, 2]),
 (999, [1783, 13, 0, 1, 0, 946, 1125, 0, 0, 2, 5, 0, 1, 2, 2]),
 (999, [1792, 114, 1, 1, 0, 951, 540, 1, 1, 3, 0, 0, 1, 2, 1])]
Selected
[(12, [931, 118, 1, 0, 1, 688, 1580, 1, 0, 1, 0, 1, 0, 1, 0]),
 (16, [588, 75, 0, 1, 1, 1675, 735, 0, 1, 1, 0, 1, 1, 2, 1]),
 (33, [1789, 54, 0, 1, 0, 1154, 726, 0, 1, 2, 4, 0, 2, 2, 2]),
 (12, [1253, 25, 0, 1, 1, 972, 1733, 0, 0, 2, 3, 0, 0, 0, 2]),
 (16, [588, 75, 0, 1, 1, 1675, 735, 0, 1, 1, 0, 1, 1, 2, 1]),
 (34, [1874, 58, 0, 0, 0, 795, 688, 1, 1, 2, 2, 0, 2, 2, 1]),
 (12, [568, 68, 1, 0, 1, 514, 860, 1, 1, 2, 3, 0, 1, 1, 0]),
 (16, [1034, 69, 1, 0, 1, 810, 1511, 1, 0, 1, 3, 1, 1, 2, 2]),
 (12, [1253, 25, 0, 1, 1, 972, 1733, 0, 0, 2, 3, 0, 0, 0, 2]),
 (12, [546, 108, 0, 1, 0, 1454, 1887, 1, 0, 0, 3, 1, 2, 0, 2]),
 (12, [546, 108, 0, 1, 0, 1454, 1887, 1, 0, 0, 3, 1, 2, 0, 2]),
 (12, [546, 108, 0, 1, 0, 1454, 1887, 1, 0, 0, 3, 1, 2, 0, 2]),
 (33, [1824, 72, 0, 0, 0, 970, 612, 0, 1, 0, 1, 1, 2, 2, 0]),
 (33, [1555, 13, 0, 1, 0, 663, 698, 1, 1, 0, 4, 1, 2, 1, 1]),
 (12, [1977, 105, 1, 0, 0, 1191, 1100, 1, 0, 1, 2, 1, 2, 0, 1]),
 (12, [546, 108, 0, 1, 0, 1454, 1887, 1, 0, 0, 3, 1, 2, 0, 2]),
 (12, [1754, 30, 1, 1, 0, 1148, 1819, 0, 0, 2, 4, 1, 0, 2, 1]),
 (16, [754, 47, 1, 0, 0, 825, 736, 1, 0, 1, 2, 1, 0, 1, 2]),
 (33, [1649, 38, 0, 0, 0, 1866, 1828, 0, 0, 1, 2, 1, 0, 2, 1]),
 (12, [1253, 25, 0, 1, 1, 972, 1733, 0, 0, 2, 3, 0, 0, 0, 2]),
 (33, [1555, 13, 0, 1, 0, 663, 698, 1, 1, 0, 4, 1, 2, 1, 1]),
 (12, [1253, 25, 0, 1, 1, 972, 1733, 0, 0, 2, 3, 0, 0, 0, 2]),
 (12, [546, 108, 0, 1, 0, 1454, 1887, 1, 0, 0, 3, 1, 2, 0, 2]),
 (12, [1977, 105, 1, 0, 0, 1191, 1100, 1, 0, 1, 2, 1, 2, 0, 1]),
 (16, [754, 47, 1, 0, 0, 825, 736, 1, 0, 1, 2, 1, 0, 1, 2]),
 (12, [1977, 105, 1, 0, 0, 1191, 1100, 1, 0, 1, 2, 1, 2, 0, 1]),
 (12, [568, 68, 1, 0, 1, 514, 860, 1, 1, 2, 3, 0, 1, 1, 0])]
population
[(999, [1792, 114, 1, 1, 0, 951, 540, 1, 1, 3, 0, 0, 1, 2, 1]),
 (999, [1783, 13, 0, 1, 0, 946, 1125, 0, 0, 2, 5, 0, 1, 2, 2]),
 (999, [1340, 13, 0, 1, 1, 833, 1350, 0, 1, 2, 5, 0, 0, 1, 2]),
 (999, [1324, 49, 1, 0, 0, 1075, 1223, 1, 0, 2, 5, 1, 0, 1, 0]),
 (999, [1297, 34, 1, 0, 1, 849, 1290, 1, 0, 3, 5, 1, 2, 0, 0]),
 (999, [1197, 111, 1, 1, 0, 1887, 1265, 0, 0, 3, 4, 1, 0, 1, 0]),
 (999, [1136, 50, 0, 0, 1, 1855, 1084, 0, 1, 1, 5, 0, 2, 1, 1]),
 (999, [943, 45, 0, 1, 1, 591, 966, 0, 1, 3, 3, 1, 0, 0, 0]),
 (999, [710, 13, 0, 0, 0, 1595, 1362, 0, 1, 3, 2, 0, 2, 2, 0]),
 (999, [614, 75, 0, 1, 1, 1795, 1640, 0, 1, 0, 5, 0, 2, 0, 1]),
 (999, [535, 55, 1, 1, 0, 667, 585, 0, 0, 2, 5, 1, 0, 1, 1]),
 (999, [535, 50, 1, 0, 0, 1206, 1644, 1, 1, 2, 5, 1, 2, 0, 2]),
 (35, [1704, 25, 1, 1, 0, 1746, 1490, 0, 1, 2, 2, 1, 1, 2, 1]),
 (34, [1874, 58, 0, 0, 0, 795, 688, 1, 1, 2, 2, 0, 2, 2, 1]),
 (34, [545, 42, 1, 1, 0, 731, 2047, 1, 0, 2, 2, 1, 0, 0, 0]),
 (33, [1858, 84, 1, 1, 0, 941, 1722, 1, 1, 1, 2, 1, 0, 2, 2]),
 (33, [1830, 14, 0, 1, 0, 1272, 1106, 0, 0, 1, 2, 1, 0, 2, 1]),
 (33, [1824, 72, 0, 0, 0, 970, 612, 0, 1, 0, 1, 1, 2, 2, 0]),
 (33, [1789, 54, 0, 1, 0, 1154, 726, 0, 1, 2, 4, 0, 2, 2, 2]),
 (33, [1649, 38, 0, 0, 0, 1866, 1828, 0, 0, 1, 2, 1, 0, 2, 1]),
 (33, [1555, 13, 0, 1, 0, 663, 698, 1, 1, 0, 4, 1, 2, 1, 1]),
 (16, [1937, 92, 1, 0, 0, 1504, 1415, 0, 1, 0, 0, 1, 1, 0, 2]),
 (16, [1445, 73, 1, 1, 0, 1272, 632, 1, 0, 0, 0, 1, 1, 1, 1]),
 (16, [1034, 69, 1, 0, 1, 810, 1511, 1, 0, 1, 3, 1, 1, 2, 2]),
 (16, [754, 47, 1, 0, 0, 825, 736, 1, 0, 1, 2, 1, 0, 1, 2]),
 (16, [588, 75, 0, 1, 1, 1675, 735, 0, 1, 1, 0, 1, 1, 2, 1]),
 (12, [1977, 105, 1, 0, 0, 1191, 1100, 1, 0, 1, 2, 1, 2, 0, 1]),
 (12, [1754, 30, 1, 1, 0, 1148, 1819, 0, 0, 2, 4, 1, 0, 2, 1]),
 (12, [1253, 25, 0, 1, 1, 972, 1733, 0, 0, 2, 3, 0, 0, 0, 2]),
 (12, [931, 118, 1, 0, 1, 688, 1580, 1, 0, 1, 0, 1, 0, 1, 0]),
 (12, [568, 68, 1, 0, 1, 514, 860, 1, 1, 2, 3, 0, 1, 1, 0]),
 (12, [546, 108, 0, 1, 0, 1454, 1887, 1, 0, 0, 3, 1, 2, 0, 2])]
scored
[(12, [546, 108, 0, 1, 0, 1454, 1887, 1, 0, 0, 3, 1, 2, 0, 2]),
 (12, [568, 68, 1, 0, 1, 514, 860, 1, 1, 2, 3, 0, 1, 1, 0]),
 (12, [931, 118, 1, 0, 1, 688, 1580, 1, 0, 1, 0, 1, 0, 1, 0]),
 (12, [1253, 25, 0, 1, 1, 972, 1733, 0, 0, 2, 3, 0, 0, 0, 2]),
 (12, [1754, 30, 1, 1, 0, 1148, 1819, 0, 0, 2, 4, 1, 0, 2, 1]),
 (12, [1977, 105, 1, 0, 0, 1191, 1100, 1, 0, 1, 2, 1, 2, 0, 1]),
 (16, [588, 75, 0, 1, 1, 1675, 735, 0, 1, 1, 0, 1, 1, 2, 1]),
 (16, [754, 47, 1, 0, 0, 825, 736, 1, 0, 1, 2, 1, 0, 1, 2]),
 (16, [1034, 69, 1, 0, 1, 810, 1511, 1, 0, 1, 3, 1, 1, 2, 2]),
 (16, [1445, 73, 1, 1, 0, 1272, 632, 1, 0, 0, 0, 1, 1, 1, 1]),
 (16, [1937, 92, 1, 0, 0, 1504, 1415, 0, 1, 0, 0, 1, 1, 0, 2]),
 (33, [1555, 13, 0, 1, 0, 663, 698, 1, 1, 0, 4, 1, 2, 1, 1]),
 (33, [1649, 38, 0, 0, 0, 1866, 1828, 0, 0, 1, 2, 1, 0, 2, 1]),
 (33, [1789, 54, 0, 1, 0, 1154, 726, 0, 1, 2, 4, 0, 2, 2, 2]),
 (33, [1824, 72, 0, 0, 0, 970, 612, 0, 1, 0, 1, 1, 2, 2, 0]),
 (33, [1830, 14, 0, 1, 0, 1272, 1106, 0, 0, 1, 2, 1, 0, 2, 1]),
 (33, [1858, 84, 1, 1, 0, 941, 1722, 1, 1, 1, 2, 1, 0, 2, 2]),
 (34, [545, 42, 1, 1, 0, 731, 2047, 1, 0, 2, 2, 1, 0, 0, 0]),
 (34, [1874, 58, 0, 0, 0, 795, 688, 1, 1, 2, 2, 0, 2, 2, 1]),
 (35, [1704, 25, 1, 1, 0, 1746, 1490, 0, 1, 2, 2, 1, 1, 2, 1]),
 (999, [535, 50, 1, 0, 0, 1206, 1644, 1, 1, 2, 5, 1, 2, 0, 2]),
 (999, [535, 55, 1, 1, 0, 667, 585, 0, 0, 2, 5, 1, 0, 1, 1]),
 (999, [614, 75, 0, 1, 1, 1795, 1640, 0, 1, 0, 5, 0, 2, 0, 1]),
 (999, [710, 13, 0, 0, 0, 1595, 1362, 0, 1, 3, 2, 0, 2, 2, 0]),
 (999, [943, 45, 0, 1, 1, 591, 966, 0, 1, 3, 3, 1, 0, 0, 0]),
 (999, [1136, 50, 0, 0, 1, 1855, 1084, 0, 1, 1, 5, 0, 2, 1, 1]),
 (999, [1197, 111, 1, 1, 0, 1887, 1265, 0, 0, 3, 4, 1, 0, 1, 0]),
 (999, [1297, 34, 1, 0, 1, 849, 1290, 1, 0, 3, 5, 1, 2, 0, 0]),
 (999, [1324, 49, 1, 0, 0, 1075, 1223, 1, 0, 2, 5, 1, 0, 1, 0]),
 (999, [1340, 13, 0, 1, 1, 833, 1350, 0, 1, 2, 5, 0, 0, 1, 2]),
 (999, [1783, 13, 0, 1, 0, 946, 1125, 0, 0, 2, 5, 0, 1, 2, 2]),
 (999, [1792, 114, 1, 1, 0, 951, 540, 1, 1, 3, 0, 0, 1, 2, 1])]
Selected
[(12, [1253, 25, 0, 1, 1, 972, 1733, 0, 0, 2, 3, 0, 0, 0, 2]),
 (16, [1445, 73, 1, 1, 0, 1272, 632, 1, 0, 0, 0, 1, 1, 1, 1]),
 (12, [931, 118, 1, 0, 1, 688, 1580, 1, 0, 1, 0, 1, 0, 1, 0]),
 (16, [754, 47, 1, 0, 0, 825, 736, 1, 0, 1, 2, 1, 0, 1, 2]),
 (12, [546, 108, 0, 1, 0, 1454, 1887, 1, 0, 0, 3, 1, 2, 0, 2]),
 (16, [1937, 92, 1, 0, 0, 1504, 1415, 0, 1, 0, 0, 1, 1, 0, 2]),
 (12, [1977, 105, 1, 0, 0, 1191, 1100, 1, 0, 1, 2, 1, 2, 0, 1]),
 (16, [754, 47, 1, 0, 0, 825, 736, 1, 0, 1, 2, 1, 0, 1, 2]),
 (33, [1555, 13, 0, 1, 0, 663, 698, 1, 1, 0, 4, 1, 2, 1, 1]),
 (16, [1937, 92, 1, 0, 0, 1504, 1415, 0, 1, 0, 0, 1, 1, 0, 2]),
 (16, [1937, 92, 1, 0, 0, 1504, 1415, 0, 1, 0, 0, 1, 1, 0, 2]),
 (12, [1754, 30, 1, 1, 0, 1148, 1819, 0, 0, 2, 4, 1, 0, 2, 1]),
 (12, [546, 108, 0, 1, 0, 1454, 1887, 1, 0, 0, 3, 1, 2, 0, 2]),
 (12, [568, 68, 1, 0, 1, 514, 860, 1, 1, 2, 3, 0, 1, 1, 0]),
 (12, [546, 108, 0, 1, 0, 1454, 1887, 1, 0, 0, 3, 1, 2, 0, 2]),
 (12, [568, 68, 1, 0, 1, 514, 860, 1, 1, 2, 3, 0, 1, 1, 0]),
 (12, [1253, 25, 0, 1, 1, 972, 1733, 0, 0, 2, 3, 0, 0, 0, 2]),
 (12, [931, 118, 1, 0, 1, 688, 1580, 1, 0, 1, 0, 1, 0, 1, 0]),
 (12, [931, 118, 1, 0, 1, 688, 1580, 1, 0, 1, 0, 1, 0, 1, 0]),
 (12, [1754, 30, 1, 1, 0, 1148, 1819, 0, 0, 2, 4, 1, 0, 2, 1]),
 (16, [588, 75, 0, 1, 1, 1675, 735, 0, 1, 1, 0, 1, 1, 2, 1]),
 (12, [931, 118, 1, 0, 1, 688, 1580, 1, 0, 1, 0, 1, 0, 1, 0]),
 (12, [1754, 30, 1, 1, 0, 1148, 1819, 0, 0, 2, 4, 1, 0, 2, 1]),
 (12, [1253, 25, 0, 1, 1, 972, 1733, 0, 0, 2, 3, 0, 0, 0, 2]),
 (12, [931, 118, 1, 0, 1, 688, 1580, 1, 0, 1, 0, 1, 0, 1, 0]),
 (12, [931, 118, 1, 0, 1, 688, 1580, 1, 0, 1, 0, 1, 0, 1, 0]),
 (12, [568, 68, 1, 0, 1, 514, 860, 1, 1, 2, 3, 0, 1, 1, 0])]
population
[(999, [1792, 114, 1, 1, 0, 951, 540, 1, 1, 3, 0, 0, 1, 2, 1]),
 (999, [1783, 13, 0, 1, 0, 946, 1125, 0, 0, 2, 5, 0, 1, 2, 2]),
 (999, [1340, 13, 0, 1, 1, 833, 1350, 0, 1, 2, 5, 0, 0, 1, 2]),
 (999, [1324, 49, 1, 0, 0, 1075, 1223, 1, 0, 2, 5, 1, 0, 1, 0]),
 (999, [1297, 34, 1, 0, 1, 849, 1290, 1, 0, 3, 5, 1, 2, 0, 0]),
 (999, [1197, 111, 1, 1, 0, 1887, 1265, 0, 0, 3, 4, 1, 0, 1, 0]),
 (999, [1136, 50, 0, 0, 1, 1855, 1084, 0, 1, 1, 5, 0, 2, 1, 1]),
 (999, [943, 45, 0, 1, 1, 591, 966, 0, 1, 3, 3, 1, 0, 0, 0]),
 (999, [710, 13, 0, 0, 0, 1595, 1362, 0, 1, 3, 2, 0, 2, 2, 0]),
 (999, [614, 75, 0, 1, 1, 1795, 1640, 0, 1, 0, 5, 0, 2, 0, 1]),
 (999, [535, 55, 1, 1, 0, 667, 585, 0, 0, 2, 5, 1, 0, 1, 1]),
 (999, [535, 50, 1, 0, 0, 1206, 1644, 1, 1, 2, 5, 1, 2, 0, 2]),
 (35, [1704, 25, 1, 1, 0, 1746, 1490, 0, 1, 2, 2, 1, 1, 2, 1]),
 (34, [1874, 58, 0, 0, 0, 795, 688, 1, 1, 2, 2, 0, 2, 2, 1]),
 (34, [545, 42, 1, 1, 0, 731, 2047, 1, 0, 2, 2, 1, 0, 0, 0]),
 (33, [1858, 84, 1, 1, 0, 941, 1722, 1, 1, 1, 2, 1, 0, 2, 2]),
 (33, [1830, 14, 0, 1, 0, 1272, 1106, 0, 0, 1, 2, 1, 0, 2, 1]),
 (33, [1824, 72, 0, 0, 0, 970, 612, 0, 1, 0, 1, 1, 2, 2, 0]),
 (33, [1789, 54, 0, 1, 0, 1154, 726, 0, 1, 2, 4, 0, 2, 2, 2]),
 (33, [1649, 38, 0, 0, 0, 1866, 1828, 0, 0, 1, 2, 1, 0, 2, 1]),
 (33, [1555, 13, 0, 1, 0, 663, 698, 1, 1, 0, 4, 1, 2, 1, 1]),
 (16, [1937, 92, 1, 0, 0, 1504, 1415, 0, 1, 0, 0, 1, 1, 0, 2]),
 (16, [1445, 73, 1, 1, 0, 1272, 632, 1, 0, 0, 0, 1, 1, 1, 1]),
 (16, [1034, 69, 1, 0, 1, 810, 1511, 1, 0, 1, 3, 1, 1, 2, 2]),
 (16, [754, 47, 1, 0, 0, 825, 736, 1, 0, 1, 2, 1, 0, 1, 2]),
 (16, [588, 75, 0, 1, 1, 1675, 735, 0, 1, 1, 0, 1, 1, 2, 1]),
 (12, [1977, 105, 1, 0, 0, 1191, 1100, 1, 0, 1, 2, 1, 2, 0, 1]),
 (12, [1754, 30, 1, 1, 0, 1148, 1819, 0, 0, 2, 4, 1, 0, 2, 1]),
 (12, [1253, 25, 0, 1, 1, 972, 1733, 0, 0, 2, 3, 0, 0, 0, 2]),
 (12, [931, 118, 1, 0, 1, 688, 1580, 1, 0, 1, 0, 1, 0, 1, 0]),
 (12, [568, 68, 1, 0, 1, 514, 860, 1, 1, 2, 3, 0, 1, 1, 0]),
 (12, [546, 108, 0, 1, 0, 1454, 1887, 1, 0, 0, 3, 1, 2, 0, 2])]
scored
[(12, [546, 108, 0, 1, 0, 1454, 1887, 1, 0, 0, 3, 1, 2, 0, 2]),
 (12, [568, 68, 1, 0, 1, 514, 860, 1, 1, 2, 3, 0, 1, 1, 0]),
 (12, [931, 118, 1, 0, 1, 688, 1580, 1, 0, 1, 0, 1, 0, 1, 0]),
 (12, [1253, 25, 0, 1, 1, 972, 1733, 0, 0, 2, 3, 0, 0, 0, 2]),
 (12, [1754, 30, 1, 1, 0, 1148, 1819, 0, 0, 2, 4, 1, 0, 2, 1]),
 (12, [1977, 105, 1, 0, 0, 1191, 1100, 1, 0, 1, 2, 1, 2, 0, 1]),
 (16, [588, 75, 0, 1, 1, 1675, 735, 0, 1, 1, 0, 1, 1, 2, 1]),
 (16, [754, 47, 1, 0, 0, 825, 736, 1, 0, 1, 2, 1, 0, 1, 2]),
 (16, [1034, 69, 1, 0, 1, 810, 1511, 1, 0, 1, 3, 1, 1, 2, 2]),
 (16, [1445, 73, 1, 1, 0, 1272, 632, 1, 0, 0, 0, 1, 1, 1, 1]),
 (16, [1937, 92, 1, 0, 0, 1504, 1415, 0, 1, 0, 0, 1, 1, 0, 2]),
 (33, [1555, 13, 0, 1, 0, 663, 698, 1, 1, 0, 4, 1, 2, 1, 1]),
 (33, [1649, 38, 0, 0, 0, 1866, 1828, 0, 0, 1, 2, 1, 0, 2, 1]),
 (33, [1789, 54, 0, 1, 0, 1154, 726, 0, 1, 2, 4, 0, 2, 2, 2]),
 (33, [1824, 72, 0, 0, 0, 970, 612, 0, 1, 0, 1, 1, 2, 2, 0]),
 (33, [1830, 14, 0, 1, 0, 1272, 1106, 0, 0, 1, 2, 1, 0, 2, 1]),
 (33, [1858, 84, 1, 1, 0, 941, 1722, 1, 1, 1, 2, 1, 0, 2, 2]),
 (34, [545, 42, 1, 1, 0, 731, 2047, 1, 0, 2, 2, 1, 0, 0, 0]),
 (34, [1874, 58, 0, 0, 0, 795, 688, 1, 1, 2, 2, 0, 2, 2, 1]),
 (35, [1704, 25, 1, 1, 0, 1746, 1490, 0, 1, 2, 2, 1, 1, 2, 1]),
 (999, [535, 50, 1, 0, 0, 1206, 1644, 1, 1, 2, 5, 1, 2, 0, 2]),
 (999, [535, 55, 1, 1, 0, 667, 585, 0, 0, 2, 5, 1, 0, 1, 1]),
 (999, [614, 75, 0, 1, 1, 1795, 1640, 0, 1, 0, 5, 0, 2, 0, 1]),
 (999, [710, 13, 0, 0, 0, 1595, 1362, 0, 1, 3, 2, 0, 2, 2, 0]),
 (999, [943, 45, 0, 1, 1, 591, 966, 0, 1, 3, 3, 1, 0, 0, 0]),
 (999, [1136, 50, 0, 0, 1, 1855, 1084, 0, 1, 1, 5, 0, 2, 1, 1]),
 (999, [1197, 111, 1, 1, 0, 1887, 1265, 0, 0, 3, 4, 1, 0, 1, 0]),
 (999, [1297, 34, 1, 0, 1, 849, 1290, 1, 0, 3, 5, 1, 2, 0, 0]),
 (999, [1324, 49, 1, 0, 0, 1075, 1223, 1, 0, 2, 5, 1, 0, 1, 0]),
 (999, [1340, 13, 0, 1, 1, 833, 1350, 0, 1, 2, 5, 0, 0, 1, 2]),
 (999, [1783, 13, 0, 1, 0, 946, 1125, 0, 0, 2, 5, 0, 1, 2, 2]),
 (999, [1792, 114, 1, 1, 0, 951, 540, 1, 1, 3, 0, 0, 1, 2, 1])]
Selected
[(12, [1977, 105, 1, 0, 0, 1191, 1100, 1, 0, 1, 2, 1, 2, 0, 1]),
 (16, [1937, 92, 1, 0, 0, 1504, 1415, 0, 1, 0, 0, 1, 1, 0, 2]),
 (12, [1977, 105, 1, 0, 0, 1191, 1100, 1, 0, 1, 2, 1, 2, 0, 1]),
 (12, [1977, 105, 1, 0, 0, 1191, 1100, 1, 0, 1, 2, 1, 2, 0, 1]),
 (12, [931, 118, 1, 0, 1, 688, 1580, 1, 0, 1, 0, 1, 0, 1, 0]),
 (12, [568, 68, 1, 0, 1, 514, 860, 1, 1, 2, 3, 0, 1, 1, 0]),
 (12, [931, 118, 1, 0, 1, 688, 1580, 1, 0, 1, 0, 1, 0, 1, 0]),
 (12, [546, 108, 0, 1, 0, 1454, 1887, 1, 0, 0, 3, 1, 2, 0, 2]),
 (16, [588, 75, 0, 1, 1, 1675, 735, 0, 1, 1, 0, 1, 1, 2, 1]),
 (33, [1789, 54, 0, 1, 0, 1154, 726, 0, 1, 2, 4, 0, 2, 2, 2]),
 (12, [546, 108, 0, 1, 0, 1454, 1887, 1, 0, 0, 3, 1, 2, 0, 2]),
 (16, [1445, 73, 1, 1, 0, 1272, 632, 1, 0, 0, 0, 1, 1, 1, 1]),
 (12, [931, 118, 1, 0, 1, 688, 1580, 1, 0, 1, 0, 1, 0, 1, 0]),
 (16, [1034, 69, 1, 0, 1, 810, 1511, 1, 0, 1, 3, 1, 1, 2, 2]),
 (33, [1555, 13, 0, 1, 0, 663, 698, 1, 1, 0, 4, 1, 2, 1, 1]),
 (33, [1649, 38, 0, 0, 0, 1866, 1828, 0, 0, 1, 2, 1, 0, 2, 1]),
 (12, [568, 68, 1, 0, 1, 514, 860, 1, 1, 2, 3, 0, 1, 1, 0]),
 (12, [546, 108, 0, 1, 0, 1454, 1887, 1, 0, 0, 3, 1, 2, 0, 2]),
 (12, [1754, 30, 1, 1, 0, 1148, 1819, 0, 0, 2, 4, 1, 0, 2, 1]),
 (12, [931, 118, 1, 0, 1, 688, 1580, 1, 0, 1, 0, 1, 0, 1, 0]),
 (16, [754, 47, 1, 0, 0, 825, 736, 1, 0, 1, 2, 1, 0, 1, 2]),
 (33, [1858, 84, 1, 1, 0, 941, 1722, 1, 1, 1, 2, 1, 0, 2, 2]),
 (16, [588, 75, 0, 1, 1, 1675, 735, 0, 1, 1, 0, 1, 1, 2, 1]),
 (12, [546, 108, 0, 1, 0, 1454, 1887, 1, 0, 0, 3, 1, 2, 0, 2]),
 (16, [1445, 73, 1, 1, 0, 1272, 632, 1, 0, 0, 0, 1, 1, 1, 1]),
 (12, [931, 118, 1, 0, 1, 688, 1580, 1, 0, 1, 0, 1, 0, 1, 0]),
 (12, [1754, 30, 1, 1, 0, 1148, 1819, 0, 0, 2, 4, 1, 0, 2, 1])]

Poblacin de 32 individuos durante 15 generaciones
Poblacin inicial:
[(999, [1792, 114, 1, 1, 0, 951, 540, 1, 1, 3, 0, 0, 1, 2, 1]),
 (999, [1783, 13, 0, 1, 0, 946, 1125, 0, 0, 2, 5, 0, 1, 2, 2]),
 (999, [1340, 13, 0, 1, 1, 833, 1350, 0, 1, 2, 5, 0, 0, 1, 2]),
 (999, [1324, 49, 1, 0, 0, 1075, 1223, 1, 0, 2, 5, 1, 0, 1, 0]),
 (999, [1297, 34, 1, 0, 1, 849, 1290, 1, 0, 3, 5, 1, 2, 0, 0]),
 (999, [1197, 111, 1, 1, 0, 1887, 1265, 0, 0, 3, 4, 1, 0, 1, 0]),
 (999, [1136, 50, 0, 0, 1, 1855, 1084, 0, 1, 1, 5, 0, 2, 1, 1]),
 (999, [943, 45, 0, 1, 1, 591, 966, 0, 1, 3, 3, 1, 0, 0, 0]),
 (999, [710, 13, 0, 0, 0, 1595, 1362, 0, 1, 3, 2, 0, 2, 2, 0]),
 (999, [614, 75, 0, 1, 1, 1795, 1640, 0, 1, 0, 5, 0, 2, 0, 1]),
 (999, [535, 55, 1, 1, 0, 667, 585, 0, 0, 2, 5, 1, 0, 1, 1]),
 (999, [535, 50, 1, 0, 0, 1206, 1644, 1, 1, 2, 5, 1, 2, 0, 2]),
 (35, [1704, 25, 1, 1, 0, 1746, 1490, 0, 1, 2, 2, 1, 1, 2, 1]),
 (34, [1874, 58, 0, 0, 0, 795, 688, 1, 1, 2, 2, 0, 2, 2, 1]),
 (34, [545, 42, 1, 1, 0, 731, 2047, 1, 0, 2, 2, 1, 0, 0, 0]),
 (33, [1858, 84, 1, 1, 0, 941, 1722, 1, 1, 1, 2, 1, 0, 2, 2]),
 (33, [1830, 14, 0, 1, 0, 1272, 1106, 0, 0, 1, 2, 1, 0, 2, 1]),
 (33, [1824, 72, 0, 0, 0, 970, 612, 0, 1, 0, 1, 1, 2, 2, 0]),
 (33, [1789, 54, 0, 1, 0, 1154, 726, 0, 1, 2, 4, 0, 2, 2, 2]),
 (33, [1649, 38, 0, 0, 0, 1866, 1828, 0, 0, 1, 2, 1, 0, 2, 1]),
 (33, [1555, 13, 0, 1, 0, 663, 698, 1, 1, 0, 4, 1, 2, 1, 1]),
 (16, [1937, 92, 1, 0, 0, 1504, 1415, 0, 1, 0, 0, 1, 1, 0, 2]),
 (16, [1445, 73, 1, 1, 0, 1272, 632, 1, 0, 0, 0, 1, 1, 1, 1]),
 (16, [1034, 69, 1, 0, 1, 810, 1511, 1, 0, 1, 3, 1, 1, 2, 2]),
 (16, [754, 47, 1, 0, 0, 825, 736, 1, 0, 1, 2, 1, 0, 1, 2]),
 (16, [588, 75, 0, 1, 1, 1675, 735, 0, 1, 1, 0, 1, 1, 2, 1]),
 (12, [1977, 105, 1, 0, 0, 1191, 1100, 1, 0, 1, 2, 1, 2, 0, 1]),
 (12, [1754, 30, 1, 1, 0, 1148, 1819, 0, 0, 2, 4, 1, 0, 2, 1]),
 (12, [1253, 25, 0, 1, 1, 972, 1733, 0, 0, 2, 3, 0, 0, 0, 2]),
 (12, [931, 118, 1, 0, 1, 688, 1580, 1, 0, 1, 0, 1, 0, 1, 0]),
 (12, [568, 68, 1, 0, 1, 514, 860, 1, 1, 2, 3, 0, 1, 1, 0]),
 (12, [546, 108, 0, 1, 0, 1454, 1887, 1, 0, 0, 3, 1, 2, 0, 2])]
Poblacin final:
[(999, [1792, 114, 1, 1, 0, 951, 540, 1, 1, 3, 0, 0, 1, 2, 1]),
 (999, [1783, 13, 0, 1, 0, 946, 1125, 0, 0, 2, 5, 0, 1, 2, 2]),
 (999, [1340, 13, 0, 1, 1, 833, 1350, 0, 1, 2, 5, 0, 0, 1, 2]),
 (999, [1324, 49, 1, 0, 0, 1075, 1223, 1, 0, 2, 5, 1, 0, 1, 0]),
 (999, [1297, 34, 1, 0, 1, 849, 1290, 1, 0, 3, 5, 1, 2, 0, 0]),
 (999, [1197, 111, 1, 1, 0, 1887, 1265, 0, 0, 3, 4, 1, 0, 1, 0]),
 (999, [1136, 50, 0, 0, 1, 1855, 1084, 0, 1, 1, 5, 0, 2, 1, 1]),
 (999, [943, 45, 0, 1, 1, 591, 966, 0, 1, 3, 3, 1, 0, 0, 0]),
 (999, [710, 13, 0, 0, 0, 1595, 1362, 0, 1, 3, 2, 0, 2, 2, 0]),
 (999, [614, 75, 0, 1, 1, 1795, 1640, 0, 1, 0, 5, 0, 2, 0, 1]),
 (999, [535, 55, 1, 1, 0, 667, 585, 0, 0, 2, 5, 1, 0, 1, 1]),
 (999, [535, 50, 1, 0, 0, 1206, 1644, 1, 1, 2, 5, 1, 2, 0, 2]),
 (35, [1704, 25, 1, 1, 0, 1746, 1490, 0, 1, 2, 2, 1, 1, 2, 1]),
 (34, [1874, 58, 0, 0, 0, 795, 688, 1, 1, 2, 2, 0, 2, 2, 1]),
 (34, [545, 42, 1, 1, 0, 731, 2047, 1, 0, 2, 2, 1, 0, 0, 0]),
 (33, [1858, 84, 1, 1, 0, 941, 1722, 1, 1, 1, 2, 1, 0, 2, 2]),
 (33, [1830, 14, 0, 1, 0, 1272, 1106, 0, 0, 1, 2, 1, 0, 2, 1]),
 (33, [1824, 72, 0, 0, 0, 970, 612, 0, 1, 0, 1, 1, 2, 2, 0]),
 (33, [1789, 54, 0, 1, 0, 1154, 726, 0, 1, 2, 4, 0, 2, 2, 2]),
 (33, [1649, 38, 0, 0, 0, 1866, 1828, 0, 0, 1, 2, 1, 0, 2, 1]),
 (33, [1555, 13, 0, 1, 0, 663, 698, 1, 1, 0, 4, 1, 2, 1, 1]),
 (16, [1937, 92, 1, 0, 0, 1504, 1415, 0, 1, 0, 0, 1, 1, 0, 2]),
 (16, [1445, 73, 1, 1, 0, 1272, 632, 1, 0, 0, 0, 1, 1, 1, 1]),
 (16, [1034, 69, 1, 0, 1, 810, 1511, 1, 0, 1, 3, 1, 1, 2, 2]),
 (16, [754, 47, 1, 0, 0, 825, 736, 1, 0, 1, 2, 1, 0, 1, 2]),
 (16, [588, 75, 0, 1, 1, 1675, 735, 0, 1, 1, 0, 1, 1, 2, 1]),
 (12, [1977, 105, 1, 0, 0, 1191, 1100, 1, 0, 1, 2, 1, 2, 0, 1]),
 (12, [1754, 30, 1, 1, 0, 1148, 1819, 0, 0, 2, 4, 1, 0, 2, 1]),
 (12, [1253, 25, 0, 1, 1, 972, 1733, 0, 0, 2, 3, 0, 0, 0, 2]),
 (12, [931, 118, 1, 0, 1, 688, 1580, 1, 0, 1, 0, 1, 0, 1, 0]),
 (12, [568, 68, 1, 0, 1, 514, 860, 1, 1, 2, 3, 0, 1, 1, 0]),
 (12, [546, 108, 0, 1, 0, 1454, 1887, 1, 0, 0, 3, 1, 2, 0, 2])]
Elapsed time is 425.300277 seconds.
