 * Manually resetting nginx to stopped state
 * Manually resetting nginx to stopped state
 * Manually resetting nginx to stopped state
 * Manually resetting nginx to stopped state
 * Manually resetting nginx to stopped state
 * Manually resetting nginx to stopped state
 * Manually resetting nginx to stopped state
 * Manually resetting nginx to stopped state
 * Manually resetting nginx to stopped state
 * Manually resetting nginx to stopped state
 * Manually resetting nginx to stopped state
 * Manually resetting nginx to stopped state
 * Manually resetting nginx to stopped state
 * Manually resetting nginx to stopped state
 * Manually resetting nginx to stopped state
 * Manually resetting nginx to stopped state
 * Manually resetting nginx to stopped state
 * Manually resetting nginx to stopped state
 * Manually resetting nginx to stopped state
 * Manually resetting nginx to stopped state
 * Manually resetting nginx to stopped state
 * Manually resetting nginx to stopped state
 * Manually resetting nginx to stopped state
 * Manually resetting nginx to stopped state
 * Manually resetting nginx to stopped state
 * Manually resetting nginx to stopped state
genes: 15
individuals : 32
pressure: 5
mutation_chance: 0
generations: 15
crossover_type: 1
mutation_type_random: 0
Alerts:
16
Alerts:
16
Alerts:
12
Alerts:
12
Alerts:
16
Alerts:
12
Alerts:
12
Alerts:
16
Alerts:
16
Alerts:
33
Alerts:
12
Alerts:
12
Alerts:
12
Alerts:
16
Alerts:
12
Alerts:
16
Alerts:
16
Alerts:
16
Alerts:
12
Alerts:
12
Alerts:
12
Alerts:
16
Alerts:
12
Alerts:
16
Alerts:
12
Alerts:
12
population
[(16, [1537, 119, 0, 1, 1, 971, 543, 1, 0, 1, 3, 0, 0, 1, 1]),
 (999, [1718, 117, 1, 0, 0, 1149, 1770, 1, 0, 1, 5, 1, 1, 1, 1]),
 (16, [887, 104, 0, 1, 0, 1848, 1564, 0, 1, 0, 3, 1, 2, 2, 1]),
 (12, [1764, 105, 1, 1, 0, 533, 811, 1, 1, 0, 0, 0, 2, 2, 0]),
 (12, [1866, 55, 1, 0, 1, 1095, 929, 0, 1, 0, 1, 0, 0, 2, 1]),
 (16, [1050, 110, 1, 1, 0, 910, 1780, 1, 0, 1, 1, 0, 1, 2, 2]),
 (12, [525, 111, 1, 0, 0, 1461, 1925, 1, 0, 0, 3, 1, 0, 0, 0]),
 (12, [776, 117, 0, 1, 1, 1147, 1299, 0, 1, 1, 4, 0, 2, 2, 2]),
 (16, [1200, 15, 1, 1, 0, 2036, 974, 0, 1, 0, 0, 1, 0, 0, 2]),
 (16, [512, 103, 0, 0, 0, 1074, 728, 0, 1, 0, 2, 0, 1, 2, 1]),
 (33, [1324, 37, 0, 0, 0, 1426, 1899, 1, 1, 1, 3, 1, 2, 1, 2]),
 (999, [957, 73, 1, 1, 1, 817, 1747, 0, 0, 0, 5, 1, 2, 1, 1]),
 (12, [928, 83, 0, 0, 1, 1729, 887, 0, 0, 0, 0, 1, 1, 0, 1]),
 (12, [1462, 24, 1, 1, 0, 649, 1876, 1, 0, 2, 1, 1, 1, 1, 0]),
 (12, [833, 23, 1, 1, 0, 1495, 1814, 0, 0, 1, 4, 1, 0, 0, 2]),
 (16, [1829, 120, 0, 1, 1, 723, 865, 0, 1, 1, 3, 0, 2, 0, 0]),
 (12, [1663, 82, 1, 1, 0, 1791, 1431, 0, 0, 1, 0, 0, 1, 2, 2]),
 (16, [762, 94, 1, 1, 1, 1985, 1364, 0, 0, 1, 2, 1, 1, 1, 1]),
 (16, [1794, 16, 1, 1, 0, 953, 1385, 0, 0, 0, 1, 0, 0, 2, 0]),
 (16, [1448, 62, 0, 1, 0, 1180, 1087, 1, 0, 2, 0, 0, 2, 0, 1]),
 (12, [1008, 40, 1, 1, 1, 1900, 1523, 1, 1, 2, 1, 0, 0, 1, 0]),
 (12, [2014, 54, 0, 0, 1, 1054, 1514, 0, 0, 2, 3, 1, 2, 2, 0]),
 (12, [1757, 32, 0, 0, 1, 1087, 1896, 0, 0, 2, 1, 0, 2, 0, 2]),
 (16, [1162, 21, 1, 1, 0, 1525, 723, 1, 1, 0, 0, 1, 2, 2, 0]),
 (12, [1313, 36, 0, 0, 0, 1331, 1034, 1, 1, 0, 1, 1, 2, 1, 0]),
 (16, [2032, 102, 0, 0, 1, 1383, 1993, 0, 1, 1, 4, 0, 2, 2, 2]),
 (12, [566, 65, 0, 1, 1, 848, 1177, 1, 0, 2, 3, 0, 2, 1, 1]),
 (999, [1115, 99, 1, 0, 0, 1931, 1526, 1, 1, 3, 5, 0, 0, 0, 2]),
 (999, [1920, 68, 1, 0, 1, 678, 1716, 1, 0, 3, 5, 1, 2, 2, 1]),
 (999, [1805, 87, 1, 1, 1, 1446, 1786, 0, 1, 1, 5, 0, 0, 0, 0]),
 (999, [1274, 107, 0, 1, 0, 692, 1292, 0, 1, 3, 0, 0, 0, 1, 2]),
 (12, [1414, 71, 1, 0, 1, 682, 910, 1, 0, 1, 2, 0, 1, 1, 2])]
scored
[(12, [525, 111, 1, 0, 0, 1461, 1925, 1, 0, 0, 3, 1, 0, 0, 0]),
 (12, [566, 65, 0, 1, 1, 848, 1177, 1, 0, 2, 3, 0, 2, 1, 1]),
 (12, [776, 117, 0, 1, 1, 1147, 1299, 0, 1, 1, 4, 0, 2, 2, 2]),
 (12, [833, 23, 1, 1, 0, 1495, 1814, 0, 0, 1, 4, 1, 0, 0, 2]),
 (12, [928, 83, 0, 0, 1, 1729, 887, 0, 0, 0, 0, 1, 1, 0, 1]),
 (12, [1008, 40, 1, 1, 1, 1900, 1523, 1, 1, 2, 1, 0, 0, 1, 0]),
 (12, [1313, 36, 0, 0, 0, 1331, 1034, 1, 1, 0, 1, 1, 2, 1, 0]),
 (12, [1414, 71, 1, 0, 1, 682, 910, 1, 0, 1, 2, 0, 1, 1, 2]),
 (12, [1462, 24, 1, 1, 0, 649, 1876, 1, 0, 2, 1, 1, 1, 1, 0]),
 (12, [1663, 82, 1, 1, 0, 1791, 1431, 0, 0, 1, 0, 0, 1, 2, 2]),
 (12, [1757, 32, 0, 0, 1, 1087, 1896, 0, 0, 2, 1, 0, 2, 0, 2]),
 (12, [1764, 105, 1, 1, 0, 533, 811, 1, 1, 0, 0, 0, 2, 2, 0]),
 (12, [1866, 55, 1, 0, 1, 1095, 929, 0, 1, 0, 1, 0, 0, 2, 1]),
 (12, [2014, 54, 0, 0, 1, 1054, 1514, 0, 0, 2, 3, 1, 2, 2, 0]),
 (16, [512, 103, 0, 0, 0, 1074, 728, 0, 1, 0, 2, 0, 1, 2, 1]),
 (16, [762, 94, 1, 1, 1, 1985, 1364, 0, 0, 1, 2, 1, 1, 1, 1]),
 (16, [887, 104, 0, 1, 0, 1848, 1564, 0, 1, 0, 3, 1, 2, 2, 1]),
 (16, [1050, 110, 1, 1, 0, 910, 1780, 1, 0, 1, 1, 0, 1, 2, 2]),
 (16, [1162, 21, 1, 1, 0, 1525, 723, 1, 1, 0, 0, 1, 2, 2, 0]),
 (16, [1200, 15, 1, 1, 0, 2036, 974, 0, 1, 0, 0, 1, 0, 0, 2]),
 (16, [1448, 62, 0, 1, 0, 1180, 1087, 1, 0, 2, 0, 0, 2, 0, 1]),
 (16, [1537, 119, 0, 1, 1, 971, 543, 1, 0, 1, 3, 0, 0, 1, 1]),
 (16, [1794, 16, 1, 1, 0, 953, 1385, 0, 0, 0, 1, 0, 0, 2, 0]),
 (16, [1829, 120, 0, 1, 1, 723, 865, 0, 1, 1, 3, 0, 2, 0, 0]),
 (16, [2032, 102, 0, 0, 1, 1383, 1993, 0, 1, 1, 4, 0, 2, 2, 2]),
 (33, [1324, 37, 0, 0, 0, 1426, 1899, 1, 1, 1, 3, 1, 2, 1, 2]),
 (999, [957, 73, 1, 1, 1, 817, 1747, 0, 0, 0, 5, 1, 2, 1, 1]),
 (999, [1115, 99, 1, 0, 0, 1931, 1526, 1, 1, 3, 5, 0, 0, 0, 2]),
 (999, [1274, 107, 0, 1, 0, 692, 1292, 0, 1, 3, 0, 0, 0, 1, 2]),
 (999, [1718, 117, 1, 0, 0, 1149, 1770, 1, 0, 1, 5, 1, 1, 1, 1]),
 (999, [1805, 87, 1, 1, 1, 1446, 1786, 0, 1, 1, 5, 0, 0, 0, 0]),
 (999, [1920, 68, 1, 0, 1, 678, 1716, 1, 0, 3, 5, 1, 2, 2, 1])]
Selected
[(12, [776, 117, 0, 1, 1, 1147, 1299, 0, 1, 1, 4, 0, 2, 2, 2]),
 (12, [525, 111, 1, 0, 0, 1461, 1925, 1, 0, 0, 3, 1, 0, 0, 0]),
 (12, [1313, 36, 0, 0, 0, 1331, 1034, 1, 1, 0, 1, 1, 2, 1, 0]),
 (12, [1663, 82, 1, 1, 0, 1791, 1431, 0, 0, 1, 0, 0, 1, 2, 2]),
 (12, [525, 111, 1, 0, 0, 1461, 1925, 1, 0, 0, 3, 1, 0, 0, 0]),
 (12, [1764, 105, 1, 1, 0, 533, 811, 1, 1, 0, 0, 0, 2, 2, 0]),
 (12, [1414, 71, 1, 0, 1, 682, 910, 1, 0, 1, 2, 0, 1, 1, 2]),
 (12, [1414, 71, 1, 0, 1, 682, 910, 1, 0, 1, 2, 0, 1, 1, 2]),
 (12, [1663, 82, 1, 1, 0, 1791, 1431, 0, 0, 1, 0, 0, 1, 2, 2]),
 (12, [1414, 71, 1, 0, 1, 682, 910, 1, 0, 1, 2, 0, 1, 1, 2]),
 (12, [2014, 54, 0, 0, 1, 1054, 1514, 0, 0, 2, 3, 1, 2, 2, 0]),
 (12, [776, 117, 0, 1, 1, 1147, 1299, 0, 1, 1, 4, 0, 2, 2, 2]),
 (12, [566, 65, 0, 1, 1, 848, 1177, 1, 0, 2, 3, 0, 2, 1, 1]),
 (12, [1008, 40, 1, 1, 1, 1900, 1523, 1, 1, 2, 1, 0, 0, 1, 0]),
 (12, [833, 23, 1, 1, 0, 1495, 1814, 0, 0, 1, 4, 1, 0, 0, 2]),
 (12, [1008, 40, 1, 1, 1, 1900, 1523, 1, 1, 2, 1, 0, 0, 1, 0]),
 (12, [1757, 32, 0, 0, 1, 1087, 1896, 0, 0, 2, 1, 0, 2, 0, 2]),
 (12, [1663, 82, 1, 1, 0, 1791, 1431, 0, 0, 1, 0, 0, 1, 2, 2]),
 (12, [525, 111, 1, 0, 0, 1461, 1925, 1, 0, 0, 3, 1, 0, 0, 0]),
 (12, [566, 65, 0, 1, 1, 848, 1177, 1, 0, 2, 3, 0, 2, 1, 1]),
 (12, [525, 111, 1, 0, 0, 1461, 1925, 1, 0, 0, 3, 1, 0, 0, 0]),
 (12, [833, 23, 1, 1, 0, 1495, 1814, 0, 0, 1, 4, 1, 0, 0, 2]),
 (12, [833, 23, 1, 1, 0, 1495, 1814, 0, 0, 1, 4, 1, 0, 0, 2]),
 (12, [1757, 32, 0, 0, 1, 1087, 1896, 0, 0, 2, 1, 0, 2, 0, 2]),
 (12, [776, 117, 0, 1, 1, 1147, 1299, 0, 1, 1, 4, 0, 2, 2, 2]),
 (12, [1866, 55, 1, 0, 1, 1095, 929, 0, 1, 0, 1, 0, 0, 2, 1]),
 (12, [566, 65, 0, 1, 1, 848, 1177, 1, 0, 2, 3, 0, 2, 1, 1])]
population
[(999, [1920, 68, 1, 0, 1, 678, 1716, 1, 0, 3, 5, 1, 2, 2, 1]),
 (999, [1805, 87, 1, 1, 1, 1446, 1786, 0, 1, 1, 5, 0, 0, 0, 0]),
 (999, [1718, 117, 1, 0, 0, 1149, 1770, 1, 0, 1, 5, 1, 1, 1, 1]),
 (999, [1274, 107, 0, 1, 0, 692, 1292, 0, 1, 3, 0, 0, 0, 1, 2]),
 (999, [1115, 99, 1, 0, 0, 1931, 1526, 1, 1, 3, 5, 0, 0, 0, 2]),
 (999, [957, 73, 1, 1, 1, 817, 1747, 0, 0, 0, 5, 1, 2, 1, 1]),
 (33, [1324, 37, 0, 0, 0, 1426, 1899, 1, 1, 1, 3, 1, 2, 1, 2]),
 (16, [2032, 102, 0, 0, 1, 1383, 1993, 0, 1, 1, 4, 0, 2, 2, 2]),
 (16, [1829, 120, 0, 1, 1, 723, 865, 0, 1, 1, 3, 0, 2, 0, 0]),
 (16, [1794, 16, 1, 1, 0, 953, 1385, 0, 0, 0, 1, 0, 0, 2, 0]),
 (16, [1537, 119, 0, 1, 1, 971, 543, 1, 0, 1, 3, 0, 0, 1, 1]),
 (16, [1448, 62, 0, 1, 0, 1180, 1087, 1, 0, 2, 0, 0, 2, 0, 1]),
 (16, [1200, 15, 1, 1, 0, 2036, 974, 0, 1, 0, 0, 1, 0, 0, 2]),
 (16, [1162, 21, 1, 1, 0, 1525, 723, 1, 1, 0, 0, 1, 2, 2, 0]),
 (16, [1050, 110, 1, 1, 0, 910, 1780, 1, 0, 1, 1, 0, 1, 2, 2]),
 (16, [887, 104, 0, 1, 0, 1848, 1564, 0, 1, 0, 3, 1, 2, 2, 1]),
 (16, [762, 94, 1, 1, 1, 1985, 1364, 0, 0, 1, 2, 1, 1, 1, 1]),
 (16, [512, 103, 0, 0, 0, 1074, 728, 0, 1, 0, 2, 0, 1, 2, 1]),
 (12, [2014, 54, 0, 0, 1, 1054, 1514, 0, 0, 2, 3, 1, 2, 2, 0]),
 (12, [1866, 55, 1, 0, 1, 1095, 929, 0, 1, 0, 1, 0, 0, 2, 1]),
 (12, [1764, 105, 1, 1, 0, 533, 811, 1, 1, 0, 0, 0, 2, 2, 0]),
 (12, [1757, 32, 0, 0, 1, 1087, 1896, 0, 0, 2, 1, 0, 2, 0, 2]),
 (12, [1663, 82, 1, 1, 0, 1791, 1431, 0, 0, 1, 0, 0, 1, 2, 2]),
 (12, [1462, 24, 1, 1, 0, 649, 1876, 1, 0, 2, 1, 1, 1, 1, 0]),
 (12, [1414, 71, 1, 0, 1, 682, 910, 1, 0, 1, 2, 0, 1, 1, 2]),
 (12, [1313, 36, 0, 0, 0, 1331, 1034, 1, 1, 0, 1, 1, 2, 1, 0]),
 (12, [1008, 40, 1, 1, 1, 1900, 1523, 1, 1, 2, 1, 0, 0, 1, 0]),
 (12, [928, 83, 0, 0, 1, 1729, 887, 0, 0, 0, 0, 1, 1, 0, 1]),
 (12, [833, 23, 1, 1, 0, 1495, 1814, 0, 0, 1, 4, 1, 0, 0, 2]),
 (12, [776, 117, 0, 1, 1, 1147, 1299, 0, 1, 1, 4, 0, 2, 2, 2]),
 (12, [566, 65, 0, 1, 1, 848, 1177, 1, 0, 2, 3, 0, 2, 1, 1]),
 (12, [525, 111, 1, 0, 0, 1461, 1925, 1, 0, 0, 3, 1, 0, 0, 0])]
scored
[(12, [525, 111, 1, 0, 0, 1461, 1925, 1, 0, 0, 3, 1, 0, 0, 0]),
 (12, [566, 65, 0, 1, 1, 848, 1177, 1, 0, 2, 3, 0, 2, 1, 1]),
 (12, [776, 117, 0, 1, 1, 1147, 1299, 0, 1, 1, 4, 0, 2, 2, 2]),
 (12, [833, 23, 1, 1, 0, 1495, 1814, 0, 0, 1, 4, 1, 0, 0, 2]),
 (12, [928, 83, 0, 0, 1, 1729, 887, 0, 0, 0, 0, 1, 1, 0, 1]),
 (12, [1008, 40, 1, 1, 1, 1900, 1523, 1, 1, 2, 1, 0, 0, 1, 0]),
 (12, [1313, 36, 0, 0, 0, 1331, 1034, 1, 1, 0, 1, 1, 2, 1, 0]),
 (12, [1414, 71, 1, 0, 1, 682, 910, 1, 0, 1, 2, 0, 1, 1, 2]),
 (12, [1462, 24, 1, 1, 0, 649, 1876, 1, 0, 2, 1, 1, 1, 1, 0]),
 (12, [1663, 82, 1, 1, 0, 1791, 1431, 0, 0, 1, 0, 0, 1, 2, 2]),
 (12, [1757, 32, 0, 0, 1, 1087, 1896, 0, 0, 2, 1, 0, 2, 0, 2]),
 (12, [1764, 105, 1, 1, 0, 533, 811, 1, 1, 0, 0, 0, 2, 2, 0]),
 (12, [1866, 55, 1, 0, 1, 1095, 929, 0, 1, 0, 1, 0, 0, 2, 1]),
 (12, [2014, 54, 0, 0, 1, 1054, 1514, 0, 0, 2, 3, 1, 2, 2, 0]),
 (16, [512, 103, 0, 0, 0, 1074, 728, 0, 1, 0, 2, 0, 1, 2, 1]),
 (16, [762, 94, 1, 1, 1, 1985, 1364, 0, 0, 1, 2, 1, 1, 1, 1]),
 (16, [887, 104, 0, 1, 0, 1848, 1564, 0, 1, 0, 3, 1, 2, 2, 1]),
 (16, [1050, 110, 1, 1, 0, 910, 1780, 1, 0, 1, 1, 0, 1, 2, 2]),
 (16, [1162, 21, 1, 1, 0, 1525, 723, 1, 1, 0, 0, 1, 2, 2, 0]),
 (16, [1200, 15, 1, 1, 0, 2036, 974, 0, 1, 0, 0, 1, 0, 0, 2]),
 (16, [1448, 62, 0, 1, 0, 1180, 1087, 1, 0, 2, 0, 0, 2, 0, 1]),
 (16, [1537, 119, 0, 1, 1, 971, 543, 1, 0, 1, 3, 0, 0, 1, 1]),
 (16, [1794, 16, 1, 1, 0, 953, 1385, 0, 0, 0, 1, 0, 0, 2, 0]),
 (16, [1829, 120, 0, 1, 1, 723, 865, 0, 1, 1, 3, 0, 2, 0, 0]),
 (16, [2032, 102, 0, 0, 1, 1383, 1993, 0, 1, 1, 4, 0, 2, 2, 2]),
 (33, [1324, 37, 0, 0, 0, 1426, 1899, 1, 1, 1, 3, 1, 2, 1, 2]),
 (999, [957, 73, 1, 1, 1, 817, 1747, 0, 0, 0, 5, 1, 2, 1, 1]),
 (999, [1115, 99, 1, 0, 0, 1931, 1526, 1, 1, 3, 5, 0, 0, 0, 2]),
 (999, [1274, 107, 0, 1, 0, 692, 1292, 0, 1, 3, 0, 0, 0, 1, 2]),
 (999, [1718, 117, 1, 0, 0, 1149, 1770, 1, 0, 1, 5, 1, 1, 1, 1]),
 (999, [1805, 87, 1, 1, 1, 1446, 1786, 0, 1, 1, 5, 0, 0, 0, 0]),
 (999, [1920, 68, 1, 0, 1, 678, 1716, 1, 0, 3, 5, 1, 2, 2, 1])]
Selected
[(12, [776, 117, 0, 1, 1, 1147, 1299, 0, 1, 1, 4, 0, 2, 2, 2]),
 (12, [1663, 82, 1, 1, 0, 1791, 1431, 0, 0, 1, 0, 0, 1, 2, 2]),
 (12, [928, 83, 0, 0, 1, 1729, 887, 0, 0, 0, 0, 1, 1, 0, 1]),
 (12, [525, 111, 1, 0, 0, 1461, 1925, 1, 0, 0, 3, 1, 0, 0, 0]),
 (12, [566, 65, 0, 1, 1, 848, 1177, 1, 0, 2, 3, 0, 2, 1, 1]),
 (12, [566, 65, 0, 1, 1, 848, 1177, 1, 0, 2, 3, 0, 2, 1, 1]),
 (12, [1462, 24, 1, 1, 0, 649, 1876, 1, 0, 2, 1, 1, 1, 1, 0]),
 (12, [525, 111, 1, 0, 0, 1461, 1925, 1, 0, 0, 3, 1, 0, 0, 0]),
 (12, [566, 65, 0, 1, 1, 848, 1177, 1, 0, 2, 3, 0, 2, 1, 1]),
 (12, [566, 65, 0, 1, 1, 848, 1177, 1, 0, 2, 3, 0, 2, 1, 1]),
 (12, [2014, 54, 0, 0, 1, 1054, 1514, 0, 0, 2, 3, 1, 2, 2, 0]),
 (12, [566, 65, 0, 1, 1, 848, 1177, 1, 0, 2, 3, 0, 2, 1, 1]),
 (12, [833, 23, 1, 1, 0, 1495, 1814, 0, 0, 1, 4, 1, 0, 0, 2]),
 (12, [525, 111, 1, 0, 0, 1461, 1925, 1, 0, 0, 3, 1, 0, 0, 0]),
 (16, [1448, 62, 0, 1, 0, 1180, 1087, 1, 0, 2, 0, 0, 2, 0, 1]),
 (12, [525, 111, 1, 0, 0, 1461, 1925, 1, 0, 0, 3, 1, 0, 0, 0]),
 (12, [525, 111, 1, 0, 0, 1461, 1925, 1, 0, 0, 3, 1, 0, 0, 0]),
 (12, [776, 117, 0, 1, 1, 1147, 1299, 0, 1, 1, 4, 0, 2, 2, 2]),
 (12, [776, 117, 0, 1, 1, 1147, 1299, 0, 1, 1, 4, 0, 2, 2, 2]),
 (12, [776, 117, 0, 1, 1, 1147, 1299, 0, 1, 1, 4, 0, 2, 2, 2]),
 (12, [833, 23, 1, 1, 0, 1495, 1814, 0, 0, 1, 4, 1, 0, 0, 2]),
 (12, [928, 83, 0, 0, 1, 1729, 887, 0, 0, 0, 0, 1, 1, 0, 1]),
 (12, [525, 111, 1, 0, 0, 1461, 1925, 1, 0, 0, 3, 1, 0, 0, 0]),
 (12, [928, 83, 0, 0, 1, 1729, 887, 0, 0, 0, 0, 1, 1, 0, 1]),
 (12, [525, 111, 1, 0, 0, 1461, 1925, 1, 0, 0, 3, 1, 0, 0, 0]),
 (12, [776, 117, 0, 1, 1, 1147, 1299, 0, 1, 1, 4, 0, 2, 2, 2]),
 (12, [833, 23, 1, 1, 0, 1495, 1814, 0, 0, 1, 4, 1, 0, 0, 2])]
population
[(999, [1920, 68, 1, 0, 1, 678, 1716, 1, 0, 3, 5, 1, 2, 2, 1]),
 (999, [1805, 87, 1, 1, 1, 1446, 1786, 0, 1, 1, 5, 0, 0, 0, 0]),
 (999, [1718, 117, 1, 0, 0, 1149, 1770, 1, 0, 1, 5, 1, 1, 1, 1]),
 (999, [1274, 107, 0, 1, 0, 692, 1292, 0, 1, 3, 0, 0, 0, 1, 2]),
 (999, [1115, 99, 1, 0, 0, 1931, 1526, 1, 1, 3, 5, 0, 0, 0, 2]),
 (999, [957, 73, 1, 1, 1, 817, 1747, 0, 0, 0, 5, 1, 2, 1, 1]),
 (33, [1324, 37, 0, 0, 0, 1426, 1899, 1, 1, 1, 3, 1, 2, 1, 2]),
 (16, [2032, 102, 0, 0, 1, 1383, 1993, 0, 1, 1, 4, 0, 2, 2, 2]),
 (16, [1829, 120, 0, 1, 1, 723, 865, 0, 1, 1, 3, 0, 2, 0, 0]),
 (16, [1794, 16, 1, 1, 0, 953, 1385, 0, 0, 0, 1, 0, 0, 2, 0]),
 (16, [1537, 119, 0, 1, 1, 971, 543, 1, 0, 1, 3, 0, 0, 1, 1]),
 (16, [1448, 62, 0, 1, 0, 1180, 1087, 1, 0, 2, 0, 0, 2, 0, 1]),
 (16, [1200, 15, 1, 1, 0, 2036, 974, 0, 1, 0, 0, 1, 0, 0, 2]),
 (16, [1162, 21, 1, 1, 0, 1525, 723, 1, 1, 0, 0, 1, 2, 2, 0]),
 (16, [1050, 110, 1, 1, 0, 910, 1780, 1, 0, 1, 1, 0, 1, 2, 2]),
 (16, [887, 104, 0, 1, 0, 1848, 1564, 0, 1, 0, 3, 1, 2, 2, 1]),
 (16, [762, 94, 1, 1, 1, 1985, 1364, 0, 0, 1, 2, 1, 1, 1, 1]),
 (16, [512, 103, 0, 0, 0, 1074, 728, 0, 1, 0, 2, 0, 1, 2, 1]),
 (12, [2014, 54, 0, 0, 1, 1054, 1514, 0, 0, 2, 3, 1, 2, 2, 0]),
 (12, [1866, 55, 1, 0, 1, 1095, 929, 0, 1, 0, 1, 0, 0, 2, 1]),
 (12, [1764, 105, 1, 1, 0, 533, 811, 1, 1, 0, 0, 0, 2, 2, 0]),
 (12, [1757, 32, 0, 0, 1, 1087, 1896, 0, 0, 2, 1, 0, 2, 0, 2]),
 (12, [1663, 82, 1, 1, 0, 1791, 1431, 0, 0, 1, 0, 0, 1, 2, 2]),
 (12, [1462, 24, 1, 1, 0, 649, 1876, 1, 0, 2, 1, 1, 1, 1, 0]),
 (12, [1414, 71, 1, 0, 1, 682, 910, 1, 0, 1, 2, 0, 1, 1, 2]),
 (12, [1313, 36, 0, 0, 0, 1331, 1034, 1, 1, 0, 1, 1, 2, 1, 0]),
 (12, [1008, 40, 1, 1, 1, 1900, 1523, 1, 1, 2, 1, 0, 0, 1, 0]),
 (12, [928, 83, 0, 0, 1, 1729, 887, 0, 0, 0, 0, 1, 1, 0, 1]),
 (12, [833, 23, 1, 1, 0, 1495, 1814, 0, 0, 1, 4, 1, 0, 0, 2]),
 (12, [776, 117, 0, 1, 1, 1147, 1299, 0, 1, 1, 4, 0, 2, 2, 2]),
 (12, [566, 65, 0, 1, 1, 848, 1177, 1, 0, 2, 3, 0, 2, 1, 1]),
 (12, [525, 111, 1, 0, 0, 1461, 1925, 1, 0, 0, 3, 1, 0, 0, 0])]
scored
[(12, [525, 111, 1, 0, 0, 1461, 1925, 1, 0, 0, 3, 1, 0, 0, 0]),
 (12, [566, 65, 0, 1, 1, 848, 1177, 1, 0, 2, 3, 0, 2, 1, 1]),
 (12, [776, 117, 0, 1, 1, 1147, 1299, 0, 1, 1, 4, 0, 2, 2, 2]),
 (12, [833, 23, 1, 1, 0, 1495, 1814, 0, 0, 1, 4, 1, 0, 0, 2]),
 (12, [928, 83, 0, 0, 1, 1729, 887, 0, 0, 0, 0, 1, 1, 0, 1]),
 (12, [1008, 40, 1, 1, 1, 1900, 1523, 1, 1, 2, 1, 0, 0, 1, 0]),
 (12, [1313, 36, 0, 0, 0, 1331, 1034, 1, 1, 0, 1, 1, 2, 1, 0]),
 (12, [1414, 71, 1, 0, 1, 682, 910, 1, 0, 1, 2, 0, 1, 1, 2]),
 (12, [1462, 24, 1, 1, 0, 649, 1876, 1, 0, 2, 1, 1, 1, 1, 0]),
 (12, [1663, 82, 1, 1, 0, 1791, 1431, 0, 0, 1, 0, 0, 1, 2, 2]),
 (12, [1757, 32, 0, 0, 1, 1087, 1896, 0, 0, 2, 1, 0, 2, 0, 2]),
 (12, [1764, 105, 1, 1, 0, 533, 811, 1, 1, 0, 0, 0, 2, 2, 0]),
 (12, [1866, 55, 1, 0, 1, 1095, 929, 0, 1, 0, 1, 0, 0, 2, 1]),
 (12, [2014, 54, 0, 0, 1, 1054, 1514, 0, 0, 2, 3, 1, 2, 2, 0]),
 (16, [512, 103, 0, 0, 0, 1074, 728, 0, 1, 0, 2, 0, 1, 2, 1]),
 (16, [762, 94, 1, 1, 1, 1985, 1364, 0, 0, 1, 2, 1, 1, 1, 1]),
 (16, [887, 104, 0, 1, 0, 1848, 1564, 0, 1, 0, 3, 1, 2, 2, 1]),
 (16, [1050, 110, 1, 1, 0, 910, 1780, 1, 0, 1, 1, 0, 1, 2, 2]),
 (16, [1162, 21, 1, 1, 0, 1525, 723, 1, 1, 0, 0, 1, 2, 2, 0]),
 (16, [1200, 15, 1, 1, 0, 2036, 974, 0, 1, 0, 0, 1, 0, 0, 2]),
 (16, [1448, 62, 0, 1, 0, 1180, 1087, 1, 0, 2, 0, 0, 2, 0, 1]),
 (16, [1537, 119, 0, 1, 1, 971, 543, 1, 0, 1, 3, 0, 0, 1, 1]),
 (16, [1794, 16, 1, 1, 0, 953, 1385, 0, 0, 0, 1, 0, 0, 2, 0]),
 (16, [1829, 120, 0, 1, 1, 723, 865, 0, 1, 1, 3, 0, 2, 0, 0]),
 (16, [2032, 102, 0, 0, 1, 1383, 1993, 0, 1, 1, 4, 0, 2, 2, 2]),
 (33, [1324, 37, 0, 0, 0, 1426, 1899, 1, 1, 1, 3, 1, 2, 1, 2]),
 (999, [957, 73, 1, 1, 1, 817, 1747, 0, 0, 0, 5, 1, 2, 1, 1]),
 (999, [1115, 99, 1, 0, 0, 1931, 1526, 1, 1, 3, 5, 0, 0, 0, 2]),
 (999, [1274, 107, 0, 1, 0, 692, 1292, 0, 1, 3, 0, 0, 0, 1, 2]),
 (999, [1718, 117, 1, 0, 0, 1149, 1770, 1, 0, 1, 5, 1, 1, 1, 1]),
 (999, [1805, 87, 1, 1, 1, 1446, 1786, 0, 1, 1, 5, 0, 0, 0, 0]),
 (999, [1920, 68, 1, 0, 1, 678, 1716, 1, 0, 3, 5, 1, 2, 2, 1])]
Selected
[(16, [762, 94, 1, 1, 1, 1985, 1364, 0, 0, 1, 2, 1, 1, 1, 1]),
 (12, [833, 23, 1, 1, 0, 1495, 1814, 0, 0, 1, 4, 1, 0, 0, 2]),
 (12, [776, 117, 0, 1, 1, 1147, 1299, 0, 1, 1, 4, 0, 2, 2, 2]),
 (12, [1313, 36, 0, 0, 0, 1331, 1034, 1, 1, 0, 1, 1, 2, 1, 0]),
 (12, [525, 111, 1, 0, 0, 1461, 1925, 1, 0, 0, 3, 1, 0, 0, 0]),
 (12, [1008, 40, 1, 1, 1, 1900, 1523, 1, 1, 2, 1, 0, 0, 1, 0]),
 (12, [833, 23, 1, 1, 0, 1495, 1814, 0, 0, 1, 4, 1, 0, 0, 2]),
 (12, [525, 111, 1, 0, 0, 1461, 1925, 1, 0, 0, 3, 1, 0, 0, 0]),
 (12, [566, 65, 0, 1, 1, 848, 1177, 1, 0, 2, 3, 0, 2, 1, 1]),
 (12, [776, 117, 0, 1, 1, 1147, 1299, 0, 1, 1, 4, 0, 2, 2, 2]),
 (12, [833, 23, 1, 1, 0, 1495, 1814, 0, 0, 1, 4, 1, 0, 0, 2]),
 (12, [928, 83, 0, 0, 1, 1729, 887, 0, 0, 0, 0, 1, 1, 0, 1]),
 (12, [928, 83, 0, 0, 1, 1729, 887, 0, 0, 0, 0, 1, 1, 0, 1]),
 (12, [1313, 36, 0, 0, 0, 1331, 1034, 1, 1, 0, 1, 1, 2, 1, 0]),
 (12, [525, 111, 1, 0, 0, 1461, 1925, 1, 0, 0, 3, 1, 0, 0, 0]),
 (12, [566, 65, 0, 1, 1, 848, 1177, 1, 0, 2, 3, 0, 2, 1, 1]),
 (16, [512, 103, 0, 0, 0, 1074, 728, 0, 1, 0, 2, 0, 1, 2, 1]),
 (12, [776, 117, 0, 1, 1, 1147, 1299, 0, 1, 1, 4, 0, 2, 2, 2]),
 (12, [1313, 36, 0, 0, 0, 1331, 1034, 1, 1, 0, 1, 1, 2, 1, 0]),
 (12, [1313, 36, 0, 0, 0, 1331, 1034, 1, 1, 0, 1, 1, 2, 1, 0]),
 (12, [1008, 40, 1, 1, 1, 1900, 1523, 1, 1, 2, 1, 0, 0, 1, 0]),
 (12, [1008, 40, 1, 1, 1, 1900, 1523, 1, 1, 2, 1, 0, 0, 1, 0]),
 (12, [776, 117, 0, 1, 1, 1147, 1299, 0, 1, 1, 4, 0, 2, 2, 2]),
 (12, [928, 83, 0, 0, 1, 1729, 887, 0, 0, 0, 0, 1, 1, 0, 1]),
 (12, [1462, 24, 1, 1, 0, 649, 1876, 1, 0, 2, 1, 1, 1, 1, 0]),
 (12, [1313, 36, 0, 0, 0, 1331, 1034, 1, 1, 0, 1, 1, 2, 1, 0]),
 (12, [566, 65, 0, 1, 1, 848, 1177, 1, 0, 2, 3, 0, 2, 1, 1])]
population
[(999, [1920, 68, 1, 0, 1, 678, 1716, 1, 0, 3, 5, 1, 2, 2, 1]),
 (999, [1805, 87, 1, 1, 1, 1446, 1786, 0, 1, 1, 5, 0, 0, 0, 0]),
 (999, [1718, 117, 1, 0, 0, 1149, 1770, 1, 0, 1, 5, 1, 1, 1, 1]),
 (999, [1274, 107, 0, 1, 0, 692, 1292, 0, 1, 3, 0, 0, 0, 1, 2]),
 (999, [1115, 99, 1, 0, 0, 1931, 1526, 1, 1, 3, 5, 0, 0, 0, 2]),
 (999, [957, 73, 1, 1, 1, 817, 1747, 0, 0, 0, 5, 1, 2, 1, 1]),
 (33, [1324, 37, 0, 0, 0, 1426, 1899, 1, 1, 1, 3, 1, 2, 1, 2]),
 (16, [2032, 102, 0, 0, 1, 1383, 1993, 0, 1, 1, 4, 0, 2, 2, 2]),
 (16, [1829, 120, 0, 1, 1, 723, 865, 0, 1, 1, 3, 0, 2, 0, 0]),
 (16, [1794, 16, 1, 1, 0, 953, 1385, 0, 0, 0, 1, 0, 0, 2, 0]),
 (16, [1537, 119, 0, 1, 1, 971, 543, 1, 0, 1, 3, 0, 0, 1, 1]),
 (16, [1448, 62, 0, 1, 0, 1180, 1087, 1, 0, 2, 0, 0, 2, 0, 1]),
 (16, [1200, 15, 1, 1, 0, 2036, 974, 0, 1, 0, 0, 1, 0, 0, 2]),
 (16, [1162, 21, 1, 1, 0, 1525, 723, 1, 1, 0, 0, 1, 2, 2, 0]),
 (16, [1050, 110, 1, 1, 0, 910, 1780, 1, 0, 1, 1, 0, 1, 2, 2]),
 (16, [887, 104, 0, 1, 0, 1848, 1564, 0, 1, 0, 3, 1, 2, 2, 1]),
 (16, [762, 94, 1, 1, 1, 1985, 1364, 0, 0, 1, 2, 1, 1, 1, 1]),
 (16, [512, 103, 0, 0, 0, 1074, 728, 0, 1, 0, 2, 0, 1, 2, 1]),
 (12, [2014, 54, 0, 0, 1, 1054, 1514, 0, 0, 2, 3, 1, 2, 2, 0]),
 (12, [1866, 55, 1, 0, 1, 1095, 929, 0, 1, 0, 1, 0, 0, 2, 1]),
 (12, [1764, 105, 1, 1, 0, 533, 811, 1, 1, 0, 0, 0, 2, 2, 0]),
 (12, [1757, 32, 0, 0, 1, 1087, 1896, 0, 0, 2, 1, 0, 2, 0, 2]),
 (12, [1663, 82, 1, 1, 0, 1791, 1431, 0, 0, 1, 0, 0, 1, 2, 2]),
 (12, [1462, 24, 1, 1, 0, 649, 1876, 1, 0, 2, 1, 1, 1, 1, 0]),
 (12, [1414, 71, 1, 0, 1, 682, 910, 1, 0, 1, 2, 0, 1, 1, 2]),
 (12, [1313, 36, 0, 0, 0, 1331, 1034, 1, 1, 0, 1, 1, 2, 1, 0]),
 (12, [1008, 40, 1, 1, 1, 1900, 1523, 1, 1, 2, 1, 0, 0, 1, 0]),
 (12, [928, 83, 0, 0, 1, 1729, 887, 0, 0, 0, 0, 1, 1, 0, 1]),
 (12, [833, 23, 1, 1, 0, 1495, 1814, 0, 0, 1, 4, 1, 0, 0, 2]),
 (12, [776, 117, 0, 1, 1, 1147, 1299, 0, 1, 1, 4, 0, 2, 2, 2]),
 (12, [566, 65, 0, 1, 1, 848, 1177, 1, 0, 2, 3, 0, 2, 1, 1]),
 (12, [525, 111, 1, 0, 0, 1461, 1925, 1, 0, 0, 3, 1, 0, 0, 0])]
scored
[(12, [525, 111, 1, 0, 0, 1461, 1925, 1, 0, 0, 3, 1, 0, 0, 0]),
 (12, [566, 65, 0, 1, 1, 848, 1177, 1, 0, 2, 3, 0, 2, 1, 1]),
 (12, [776, 117, 0, 1, 1, 1147, 1299, 0, 1, 1, 4, 0, 2, 2, 2]),
 (12, [833, 23, 1, 1, 0, 1495, 1814, 0, 0, 1, 4, 1, 0, 0, 2]),
 (12, [928, 83, 0, 0, 1, 1729, 887, 0, 0, 0, 0, 1, 1, 0, 1]),
 (12, [1008, 40, 1, 1, 1, 1900, 1523, 1, 1, 2, 1, 0, 0, 1, 0]),
 (12, [1313, 36, 0, 0, 0, 1331, 1034, 1, 1, 0, 1, 1, 2, 1, 0]),
 (12, [1414, 71, 1, 0, 1, 682, 910, 1, 0, 1, 2, 0, 1, 1, 2]),
 (12, [1462, 24, 1, 1, 0, 649, 1876, 1, 0, 2, 1, 1, 1, 1, 0]),
 (12, [1663, 82, 1, 1, 0, 1791, 1431, 0, 0, 1, 0, 0, 1, 2, 2]),
 (12, [1757, 32, 0, 0, 1, 1087, 1896, 0, 0, 2, 1, 0, 2, 0, 2]),
 (12, [1764, 105, 1, 1, 0, 533, 811, 1, 1, 0, 0, 0, 2, 2, 0]),
 (12, [1866, 55, 1, 0, 1, 1095, 929, 0, 1, 0, 1, 0, 0, 2, 1]),
 (12, [2014, 54, 0, 0, 1, 1054, 1514, 0, 0, 2, 3, 1, 2, 2, 0]),
 (16, [512, 103, 0, 0, 0, 1074, 728, 0, 1, 0, 2, 0, 1, 2, 1]),
 (16, [762, 94, 1, 1, 1, 1985, 1364, 0, 0, 1, 2, 1, 1, 1, 1]),
 (16, [887, 104, 0, 1, 0, 1848, 1564, 0, 1, 0, 3, 1, 2, 2, 1]),
 (16, [1050, 110, 1, 1, 0, 910, 1780, 1, 0, 1, 1, 0, 1, 2, 2]),
 (16, [1162, 21, 1, 1, 0, 1525, 723, 1, 1, 0, 0, 1, 2, 2, 0]),
 (16, [1200, 15, 1, 1, 0, 2036, 974, 0, 1, 0, 0, 1, 0, 0, 2]),
 (16, [1448, 62, 0, 1, 0, 1180, 1087, 1, 0, 2, 0, 0, 2, 0, 1]),
 (16, [1537, 119, 0, 1, 1, 971, 543, 1, 0, 1, 3, 0, 0, 1, 1]),
 (16, [1794, 16, 1, 1, 0, 953, 1385, 0, 0, 0, 1, 0, 0, 2, 0]),
 (16, [1829, 120, 0, 1, 1, 723, 865, 0, 1, 1, 3, 0, 2, 0, 0]),
 (16, [2032, 102, 0, 0, 1, 1383, 1993, 0, 1, 1, 4, 0, 2, 2, 2]),
 (33, [1324, 37, 0, 0, 0, 1426, 1899, 1, 1, 1, 3, 1, 2, 1, 2]),
 (999, [957, 73, 1, 1, 1, 817, 1747, 0, 0, 0, 5, 1, 2, 1, 1]),
 (999, [1115, 99, 1, 0, 0, 1931, 1526, 1, 1, 3, 5, 0, 0, 0, 2]),
 (999, [1274, 107, 0, 1, 0, 692, 1292, 0, 1, 3, 0, 0, 0, 1, 2]),
 (999, [1718, 117, 1, 0, 0, 1149, 1770, 1, 0, 1, 5, 1, 1, 1, 1]),
 (999, [1805, 87, 1, 1, 1, 1446, 1786, 0, 1, 1, 5, 0, 0, 0, 0]),
 (999, [1920, 68, 1, 0, 1, 678, 1716, 1, 0, 3, 5, 1, 2, 2, 1])]
Selected
[(12, [1313, 36, 0, 0, 0, 1331, 1034, 1, 1, 0, 1, 1, 2, 1, 0]),
 (12, [1663, 82, 1, 1, 0, 1791, 1431, 0, 0, 1, 0, 0, 1, 2, 2]),
 (12, [1462, 24, 1, 1, 0, 649, 1876, 1, 0, 2, 1, 1, 1, 1, 0]),
 (12, [776, 117, 0, 1, 1, 1147, 1299, 0, 1, 1, 4, 0, 2, 2, 2]),
 (12, [1462, 24, 1, 1, 0, 649, 1876, 1, 0, 2, 1, 1, 1, 1, 0]),
 (12, [1313, 36, 0, 0, 0, 1331, 1034, 1, 1, 0, 1, 1, 2, 1, 0]),
 (12, [566, 65, 0, 1, 1, 848, 1177, 1, 0, 2, 3, 0, 2, 1, 1]),
 (12, [1764, 105, 1, 1, 0, 533, 811, 1, 1, 0, 0, 0, 2, 2, 0]),
 (12, [833, 23, 1, 1, 0, 1495, 1814, 0, 0, 1, 4, 1, 0, 0, 2]),
 (12, [833, 23, 1, 1, 0, 1495, 1814, 0, 0, 1, 4, 1, 0, 0, 2]),
 (12, [525, 111, 1, 0, 0, 1461, 1925, 1, 0, 0, 3, 1, 0, 0, 0]),
 (12, [1008, 40, 1, 1, 1, 1900, 1523, 1, 1, 2, 1, 0, 0, 1, 0]),
 (12, [1414, 71, 1, 0, 1, 682, 910, 1, 0, 1, 2, 0, 1, 1, 2]),
 (12, [833, 23, 1, 1, 0, 1495, 1814, 0, 0, 1, 4, 1, 0, 0, 2]),
 (12, [525, 111, 1, 0, 0, 1461, 1925, 1, 0, 0, 3, 1, 0, 0, 0]),
 (12, [525, 111, 1, 0, 0, 1461, 1925, 1, 0, 0, 3, 1, 0, 0, 0]),
 (12, [833, 23, 1, 1, 0, 1495, 1814, 0, 0, 1, 4, 1, 0, 0, 2]),
 (12, [1663, 82, 1, 1, 0, 1791, 1431, 0, 0, 1, 0, 0, 1, 2, 2]),
 (12, [928, 83, 0, 0, 1, 1729, 887, 0, 0, 0, 0, 1, 1, 0, 1]),
 (12, [1757, 32, 0, 0, 1, 1087, 1896, 0, 0, 2, 1, 0, 2, 0, 2]),
 (12, [525, 111, 1, 0, 0, 1461, 1925, 1, 0, 0, 3, 1, 0, 0, 0]),
 (12, [1757, 32, 0, 0, 1, 1087, 1896, 0, 0, 2, 1, 0, 2, 0, 2]),
 (12, [776, 117, 0, 1, 1, 1147, 1299, 0, 1, 1, 4, 0, 2, 2, 2]),
 (12, [2014, 54, 0, 0, 1, 1054, 1514, 0, 0, 2, 3, 1, 2, 2, 0]),
 (12, [928, 83, 0, 0, 1, 1729, 887, 0, 0, 0, 0, 1, 1, 0, 1]),
 (12, [776, 117, 0, 1, 1, 1147, 1299, 0, 1, 1, 4, 0, 2, 2, 2]),
 (12, [525, 111, 1, 0, 0, 1461, 1925, 1, 0, 0, 3, 1, 0, 0, 0])]
population
[(999, [1920, 68, 1, 0, 1, 678, 1716, 1, 0, 3, 5, 1, 2, 2, 1]),
 (999, [1805, 87, 1, 1, 1, 1446, 1786, 0, 1, 1, 5, 0, 0, 0, 0]),
 (999, [1718, 117, 1, 0, 0, 1149, 1770, 1, 0, 1, 5, 1, 1, 1, 1]),
 (999, [1274, 107, 0, 1, 0, 692, 1292, 0, 1, 3, 0, 0, 0, 1, 2]),
 (999, [1115, 99, 1, 0, 0, 1931, 1526, 1, 1, 3, 5, 0, 0, 0, 2]),
 (999, [957, 73, 1, 1, 1, 817, 1747, 0, 0, 0, 5, 1, 2, 1, 1]),
 (33, [1324, 37, 0, 0, 0, 1426, 1899, 1, 1, 1, 3, 1, 2, 1, 2]),
 (16, [2032, 102, 0, 0, 1, 1383, 1993, 0, 1, 1, 4, 0, 2, 2, 2]),
 (16, [1829, 120, 0, 1, 1, 723, 865, 0, 1, 1, 3, 0, 2, 0, 0]),
 (16, [1794, 16, 1, 1, 0, 953, 1385, 0, 0, 0, 1, 0, 0, 2, 0]),
 (16, [1537, 119, 0, 1, 1, 971, 543, 1, 0, 1, 3, 0, 0, 1, 1]),
 (16, [1448, 62, 0, 1, 0, 1180, 1087, 1, 0, 2, 0, 0, 2, 0, 1]),
 (16, [1200, 15, 1, 1, 0, 2036, 974, 0, 1, 0, 0, 1, 0, 0, 2]),
 (16, [1162, 21, 1, 1, 0, 1525, 723, 1, 1, 0, 0, 1, 2, 2, 0]),
 (16, [1050, 110, 1, 1, 0, 910, 1780, 1, 0, 1, 1, 0, 1, 2, 2]),
 (16, [887, 104, 0, 1, 0, 1848, 1564, 0, 1, 0, 3, 1, 2, 2, 1]),
 (16, [762, 94, 1, 1, 1, 1985, 1364, 0, 0, 1, 2, 1, 1, 1, 1]),
 (16, [512, 103, 0, 0, 0, 1074, 728, 0, 1, 0, 2, 0, 1, 2, 1]),
 (12, [2014, 54, 0, 0, 1, 1054, 1514, 0, 0, 2, 3, 1, 2, 2, 0]),
 (12, [1866, 55, 1, 0, 1, 1095, 929, 0, 1, 0, 1, 0, 0, 2, 1]),
 (12, [1764, 105, 1, 1, 0, 533, 811, 1, 1, 0, 0, 0, 2, 2, 0]),
 (12, [1757, 32, 0, 0, 1, 1087, 1896, 0, 0, 2, 1, 0, 2, 0, 2]),
 (12, [1663, 82, 1, 1, 0, 1791, 1431, 0, 0, 1, 0, 0, 1, 2, 2]),
 (12, [1462, 24, 1, 1, 0, 649, 1876, 1, 0, 2, 1, 1, 1, 1, 0]),
 (12, [1414, 71, 1, 0, 1, 682, 910, 1, 0, 1, 2, 0, 1, 1, 2]),
 (12, [1313, 36, 0, 0, 0, 1331, 1034, 1, 1, 0, 1, 1, 2, 1, 0]),
 (12, [1008, 40, 1, 1, 1, 1900, 1523, 1, 1, 2, 1, 0, 0, 1, 0]),
 (12, [928, 83, 0, 0, 1, 1729, 887, 0, 0, 0, 0, 1, 1, 0, 1]),
 (12, [833, 23, 1, 1, 0, 1495, 1814, 0, 0, 1, 4, 1, 0, 0, 2]),
 (12, [776, 117, 0, 1, 1, 1147, 1299, 0, 1, 1, 4, 0, 2, 2, 2]),
 (12, [566, 65, 0, 1, 1, 848, 1177, 1, 0, 2, 3, 0, 2, 1, 1]),
 (12, [525, 111, 1, 0, 0, 1461, 1925, 1, 0, 0, 3, 1, 0, 0, 0])]
scored
[(12, [525, 111, 1, 0, 0, 1461, 1925, 1, 0, 0, 3, 1, 0, 0, 0]),
 (12, [566, 65, 0, 1, 1, 848, 1177, 1, 0, 2, 3, 0, 2, 1, 1]),
 (12, [776, 117, 0, 1, 1, 1147, 1299, 0, 1, 1, 4, 0, 2, 2, 2]),
 (12, [833, 23, 1, 1, 0, 1495, 1814, 0, 0, 1, 4, 1, 0, 0, 2]),
 (12, [928, 83, 0, 0, 1, 1729, 887, 0, 0, 0, 0, 1, 1, 0, 1]),
 (12, [1008, 40, 1, 1, 1, 1900, 1523, 1, 1, 2, 1, 0, 0, 1, 0]),
 (12, [1313, 36, 0, 0, 0, 1331, 1034, 1, 1, 0, 1, 1, 2, 1, 0]),
 (12, [1414, 71, 1, 0, 1, 682, 910, 1, 0, 1, 2, 0, 1, 1, 2]),
 (12, [1462, 24, 1, 1, 0, 649, 1876, 1, 0, 2, 1, 1, 1, 1, 0]),
 (12, [1663, 82, 1, 1, 0, 1791, 1431, 0, 0, 1, 0, 0, 1, 2, 2]),
 (12, [1757, 32, 0, 0, 1, 1087, 1896, 0, 0, 2, 1, 0, 2, 0, 2]),
 (12, [1764, 105, 1, 1, 0, 533, 811, 1, 1, 0, 0, 0, 2, 2, 0]),
 (12, [1866, 55, 1, 0, 1, 1095, 929, 0, 1, 0, 1, 0, 0, 2, 1]),
 (12, [2014, 54, 0, 0, 1, 1054, 1514, 0, 0, 2, 3, 1, 2, 2, 0]),
 (16, [512, 103, 0, 0, 0, 1074, 728, 0, 1, 0, 2, 0, 1, 2, 1]),
 (16, [762, 94, 1, 1, 1, 1985, 1364, 0, 0, 1, 2, 1, 1, 1, 1]),
 (16, [887, 104, 0, 1, 0, 1848, 1564, 0, 1, 0, 3, 1, 2, 2, 1]),
 (16, [1050, 110, 1, 1, 0, 910, 1780, 1, 0, 1, 1, 0, 1, 2, 2]),
 (16, [1162, 21, 1, 1, 0, 1525, 723, 1, 1, 0, 0, 1, 2, 2, 0]),
 (16, [1200, 15, 1, 1, 0, 2036, 974, 0, 1, 0, 0, 1, 0, 0, 2]),
 (16, [1448, 62, 0, 1, 0, 1180, 1087, 1, 0, 2, 0, 0, 2, 0, 1]),
 (16, [1537, 119, 0, 1, 1, 971, 543, 1, 0, 1, 3, 0, 0, 1, 1]),
 (16, [1794, 16, 1, 1, 0, 953, 1385, 0, 0, 0, 1, 0, 0, 2, 0]),
 (16, [1829, 120, 0, 1, 1, 723, 865, 0, 1, 1, 3, 0, 2, 0, 0]),
 (16, [2032, 102, 0, 0, 1, 1383, 1993, 0, 1, 1, 4, 0, 2, 2, 2]),
 (33, [1324, 37, 0, 0, 0, 1426, 1899, 1, 1, 1, 3, 1, 2, 1, 2]),
 (999, [957, 73, 1, 1, 1, 817, 1747, 0, 0, 0, 5, 1, 2, 1, 1]),
 (999, [1115, 99, 1, 0, 0, 1931, 1526, 1, 1, 3, 5, 0, 0, 0, 2]),
 (999, [1274, 107, 0, 1, 0, 692, 1292, 0, 1, 3, 0, 0, 0, 1, 2]),
 (999, [1718, 117, 1, 0, 0, 1149, 1770, 1, 0, 1, 5, 1, 1, 1, 1]),
 (999, [1805, 87, 1, 1, 1, 1446, 1786, 0, 1, 1, 5, 0, 0, 0, 0]),
 (999, [1920, 68, 1, 0, 1, 678, 1716, 1, 0, 3, 5, 1, 2, 2, 1])]
Selected
[(12, [928, 83, 0, 0, 1, 1729, 887, 0, 0, 0, 0, 1, 1, 0, 1]),
 (12, [2014, 54, 0, 0, 1, 1054, 1514, 0, 0, 2, 3, 1, 2, 2, 0]),
 (12, [566, 65, 0, 1, 1, 848, 1177, 1, 0, 2, 3, 0, 2, 1, 1]),
 (12, [833, 23, 1, 1, 0, 1495, 1814, 0, 0, 1, 4, 1, 0, 0, 2]),
 (12, [525, 111, 1, 0, 0, 1461, 1925, 1, 0, 0, 3, 1, 0, 0, 0]),
 (12, [525, 111, 1, 0, 0, 1461, 1925, 1, 0, 0, 3, 1, 0, 0, 0]),
 (12, [1764, 105, 1, 1, 0, 533, 811, 1, 1, 0, 0, 0, 2, 2, 0]),
 (12, [566, 65, 0, 1, 1, 848, 1177, 1, 0, 2, 3, 0, 2, 1, 1]),
 (12, [833, 23, 1, 1, 0, 1495, 1814, 0, 0, 1, 4, 1, 0, 0, 2]),
 (12, [928, 83, 0, 0, 1, 1729, 887, 0, 0, 0, 0, 1, 1, 0, 1]),
 (16, [887, 104, 0, 1, 0, 1848, 1564, 0, 1, 0, 3, 1, 2, 2, 1]),
 (12, [1663, 82, 1, 1, 0, 1791, 1431, 0, 0, 1, 0, 0, 1, 2, 2]),
 (12, [833, 23, 1, 1, 0, 1495, 1814, 0, 0, 1, 4, 1, 0, 0, 2]),
 (12, [1414, 71, 1, 0, 1, 682, 910, 1, 0, 1, 2, 0, 1, 1, 2]),
 (12, [928, 83, 0, 0, 1, 1729, 887, 0, 0, 0, 0, 1, 1, 0, 1]),
 (12, [928, 83, 0, 0, 1, 1729, 887, 0, 0, 0, 0, 1, 1, 0, 1]),
 (12, [928, 83, 0, 0, 1, 1729, 887, 0, 0, 0, 0, 1, 1, 0, 1]),
 (12, [1008, 40, 1, 1, 1, 1900, 1523, 1, 1, 2, 1, 0, 0, 1, 0]),
 (12, [776, 117, 0, 1, 1, 1147, 1299, 0, 1, 1, 4, 0, 2, 2, 2]),
 (12, [1313, 36, 0, 0, 0, 1331, 1034, 1, 1, 0, 1, 1, 2, 1, 0]),
 (12, [928, 83, 0, 0, 1, 1729, 887, 0, 0, 0, 0, 1, 1, 0, 1]),
 (16, [1162, 21, 1, 1, 0, 1525, 723, 1, 1, 0, 0, 1, 2, 2, 0]),
 (12, [833, 23, 1, 1, 0, 1495, 1814, 0, 0, 1, 4, 1, 0, 0, 2]),
 (12, [776, 117, 0, 1, 1, 1147, 1299, 0, 1, 1, 4, 0, 2, 2, 2]),
 (12, [1313, 36, 0, 0, 0, 1331, 1034, 1, 1, 0, 1, 1, 2, 1, 0]),
 (12, [566, 65, 0, 1, 1, 848, 1177, 1, 0, 2, 3, 0, 2, 1, 1]),
 (12, [1008, 40, 1, 1, 1, 1900, 1523, 1, 1, 2, 1, 0, 0, 1, 0])]
population
[(999, [1920, 68, 1, 0, 1, 678, 1716, 1, 0, 3, 5, 1, 2, 2, 1]),
 (999, [1805, 87, 1, 1, 1, 1446, 1786, 0, 1, 1, 5, 0, 0, 0, 0]),
 (999, [1718, 117, 1, 0, 0, 1149, 1770, 1, 0, 1, 5, 1, 1, 1, 1]),
 (999, [1274, 107, 0, 1, 0, 692, 1292, 0, 1, 3, 0, 0, 0, 1, 2]),
 (999, [1115, 99, 1, 0, 0, 1931, 1526, 1, 1, 3, 5, 0, 0, 0, 2]),
 (999, [957, 73, 1, 1, 1, 817, 1747, 0, 0, 0, 5, 1, 2, 1, 1]),
 (33, [1324, 37, 0, 0, 0, 1426, 1899, 1, 1, 1, 3, 1, 2, 1, 2]),
 (16, [2032, 102, 0, 0, 1, 1383, 1993, 0, 1, 1, 4, 0, 2, 2, 2]),
 (16, [1829, 120, 0, 1, 1, 723, 865, 0, 1, 1, 3, 0, 2, 0, 0]),
 (16, [1794, 16, 1, 1, 0, 953, 1385, 0, 0, 0, 1, 0, 0, 2, 0]),
 (16, [1537, 119, 0, 1, 1, 971, 543, 1, 0, 1, 3, 0, 0, 1, 1]),
 (16, [1448, 62, 0, 1, 0, 1180, 1087, 1, 0, 2, 0, 0, 2, 0, 1]),
 (16, [1200, 15, 1, 1, 0, 2036, 974, 0, 1, 0, 0, 1, 0, 0, 2]),
 (16, [1162, 21, 1, 1, 0, 1525, 723, 1, 1, 0, 0, 1, 2, 2, 0]),
 (16, [1050, 110, 1, 1, 0, 910, 1780, 1, 0, 1, 1, 0, 1, 2, 2]),
 (16, [887, 104, 0, 1, 0, 1848, 1564, 0, 1, 0, 3, 1, 2, 2, 1]),
 (16, [762, 94, 1, 1, 1, 1985, 1364, 0, 0, 1, 2, 1, 1, 1, 1]),
 (16, [512, 103, 0, 0, 0, 1074, 728, 0, 1, 0, 2, 0, 1, 2, 1]),
 (12, [2014, 54, 0, 0, 1, 1054, 1514, 0, 0, 2, 3, 1, 2, 2, 0]),
 (12, [1866, 55, 1, 0, 1, 1095, 929, 0, 1, 0, 1, 0, 0, 2, 1]),
 (12, [1764, 105, 1, 1, 0, 533, 811, 1, 1, 0, 0, 0, 2, 2, 0]),
 (12, [1757, 32, 0, 0, 1, 1087, 1896, 0, 0, 2, 1, 0, 2, 0, 2]),
 (12, [1663, 82, 1, 1, 0, 1791, 1431, 0, 0, 1, 0, 0, 1, 2, 2]),
 (12, [1462, 24, 1, 1, 0, 649, 1876, 1, 0, 2, 1, 1, 1, 1, 0]),
 (12, [1414, 71, 1, 0, 1, 682, 910, 1, 0, 1, 2, 0, 1, 1, 2]),
 (12, [1313, 36, 0, 0, 0, 1331, 1034, 1, 1, 0, 1, 1, 2, 1, 0]),
 (12, [1008, 40, 1, 1, 1, 1900, 1523, 1, 1, 2, 1, 0, 0, 1, 0]),
 (12, [928, 83, 0, 0, 1, 1729, 887, 0, 0, 0, 0, 1, 1, 0, 1]),
 (12, [833, 23, 1, 1, 0, 1495, 1814, 0, 0, 1, 4, 1, 0, 0, 2]),
 (12, [776, 117, 0, 1, 1, 1147, 1299, 0, 1, 1, 4, 0, 2, 2, 2]),
 (12, [566, 65, 0, 1, 1, 848, 1177, 1, 0, 2, 3, 0, 2, 1, 1]),
 (12, [525, 111, 1, 0, 0, 1461, 1925, 1, 0, 0, 3, 1, 0, 0, 0])]
scored
[(12, [525, 111, 1, 0, 0, 1461, 1925, 1, 0, 0, 3, 1, 0, 0, 0]),
 (12, [566, 65, 0, 1, 1, 848, 1177, 1, 0, 2, 3, 0, 2, 1, 1]),
 (12, [776, 117, 0, 1, 1, 1147, 1299, 0, 1, 1, 4, 0, 2, 2, 2]),
 (12, [833, 23, 1, 1, 0, 1495, 1814, 0, 0, 1, 4, 1, 0, 0, 2]),
 (12, [928, 83, 0, 0, 1, 1729, 887, 0, 0, 0, 0, 1, 1, 0, 1]),
 (12, [1008, 40, 1, 1, 1, 1900, 1523, 1, 1, 2, 1, 0, 0, 1, 0]),
 (12, [1313, 36, 0, 0, 0, 1331, 1034, 1, 1, 0, 1, 1, 2, 1, 0]),
 (12, [1414, 71, 1, 0, 1, 682, 910, 1, 0, 1, 2, 0, 1, 1, 2]),
 (12, [1462, 24, 1, 1, 0, 649, 1876, 1, 0, 2, 1, 1, 1, 1, 0]),
 (12, [1663, 82, 1, 1, 0, 1791, 1431, 0, 0, 1, 0, 0, 1, 2, 2]),
 (12, [1757, 32, 0, 0, 1, 1087, 1896, 0, 0, 2, 1, 0, 2, 0, 2]),
 (12, [1764, 105, 1, 1, 0, 533, 811, 1, 1, 0, 0, 0, 2, 2, 0]),
 (12, [1866, 55, 1, 0, 1, 1095, 929, 0, 1, 0, 1, 0, 0, 2, 1]),
 (12, [2014, 54, 0, 0, 1, 1054, 1514, 0, 0, 2, 3, 1, 2, 2, 0]),
 (16, [512, 103, 0, 0, 0, 1074, 728, 0, 1, 0, 2, 0, 1, 2, 1]),
 (16, [762, 94, 1, 1, 1, 1985, 1364, 0, 0, 1, 2, 1, 1, 1, 1]),
 (16, [887, 104, 0, 1, 0, 1848, 1564, 0, 1, 0, 3, 1, 2, 2, 1]),
 (16, [1050, 110, 1, 1, 0, 910, 1780, 1, 0, 1, 1, 0, 1, 2, 2]),
 (16, [1162, 21, 1, 1, 0, 1525, 723, 1, 1, 0, 0, 1, 2, 2, 0]),
 (16, [1200, 15, 1, 1, 0, 2036, 974, 0, 1, 0, 0, 1, 0, 0, 2]),
 (16, [1448, 62, 0, 1, 0, 1180, 1087, 1, 0, 2, 0, 0, 2, 0, 1]),
 (16, [1537, 119, 0, 1, 1, 971, 543, 1, 0, 1, 3, 0, 0, 1, 1]),
 (16, [1794, 16, 1, 1, 0, 953, 1385, 0, 0, 0, 1, 0, 0, 2, 0]),
 (16, [1829, 120, 0, 1, 1, 723, 865, 0, 1, 1, 3, 0, 2, 0, 0]),
 (16, [2032, 102, 0, 0, 1, 1383, 1993, 0, 1, 1, 4, 0, 2, 2, 2]),
 (33, [1324, 37, 0, 0, 0, 1426, 1899, 1, 1, 1, 3, 1, 2, 1, 2]),
 (999, [957, 73, 1, 1, 1, 817, 1747, 0, 0, 0, 5, 1, 2, 1, 1]),
 (999, [1115, 99, 1, 0, 0, 1931, 1526, 1, 1, 3, 5, 0, 0, 0, 2]),
 (999, [1274, 107, 0, 1, 0, 692, 1292, 0, 1, 3, 0, 0, 0, 1, 2]),
 (999, [1718, 117, 1, 0, 0, 1149, 1770, 1, 0, 1, 5, 1, 1, 1, 1]),
 (999, [1805, 87, 1, 1, 1, 1446, 1786, 0, 1, 1, 5, 0, 0, 0, 0]),
 (999, [1920, 68, 1, 0, 1, 678, 1716, 1, 0, 3, 5, 1, 2, 2, 1])]
Selected
[(12, [833, 23, 1, 1, 0, 1495, 1814, 0, 0, 1, 4, 1, 0, 0, 2]),
 (12, [1757, 32, 0, 0, 1, 1087, 1896, 0, 0, 2, 1, 0, 2, 0, 2]),
 (12, [525, 111, 1, 0, 0, 1461, 1925, 1, 0, 0, 3, 1, 0, 0, 0]),
 (12, [833, 23, 1, 1, 0, 1495, 1814, 0, 0, 1, 4, 1, 0, 0, 2]),
 (12, [1008, 40, 1, 1, 1, 1900, 1523, 1, 1, 2, 1, 0, 0, 1, 0]),
 (12, [928, 83, 0, 0, 1, 1729, 887, 0, 0, 0, 0, 1, 1, 0, 1]),
 (12, [833, 23, 1, 1, 0, 1495, 1814, 0, 0, 1, 4, 1, 0, 0, 2]),
 (12, [1313, 36, 0, 0, 0, 1331, 1034, 1, 1, 0, 1, 1, 2, 1, 0]),
 (12, [525, 111, 1, 0, 0, 1461, 1925, 1, 0, 0, 3, 1, 0, 0, 0]),
 (12, [776, 117, 0, 1, 1, 1147, 1299, 0, 1, 1, 4, 0, 2, 2, 2]),
 (12, [525, 111, 1, 0, 0, 1461, 1925, 1, 0, 0, 3, 1, 0, 0, 0]),
 (12, [1764, 105, 1, 1, 0, 533, 811, 1, 1, 0, 0, 0, 2, 2, 0]),
 (12, [525, 111, 1, 0, 0, 1461, 1925, 1, 0, 0, 3, 1, 0, 0, 0]),
 (12, [525, 111, 1, 0, 0, 1461, 1925, 1, 0, 0, 3, 1, 0, 0, 0]),
 (12, [566, 65, 0, 1, 1, 848, 1177, 1, 0, 2, 3, 0, 2, 1, 1]),
 (12, [776, 117, 0, 1, 1, 1147, 1299, 0, 1, 1, 4, 0, 2, 2, 2]),
 (12, [566, 65, 0, 1, 1, 848, 1177, 1, 0, 2, 3, 0, 2, 1, 1]),
 (12, [1764, 105, 1, 1, 0, 533, 811, 1, 1, 0, 0, 0, 2, 2, 0]),
 (12, [833, 23, 1, 1, 0, 1495, 1814, 0, 0, 1, 4, 1, 0, 0, 2]),
 (12, [928, 83, 0, 0, 1, 1729, 887, 0, 0, 0, 0, 1, 1, 0, 1]),
 (12, [833, 23, 1, 1, 0, 1495, 1814, 0, 0, 1, 4, 1, 0, 0, 2]),
 (12, [525, 111, 1, 0, 0, 1461, 1925, 1, 0, 0, 3, 1, 0, 0, 0]),
 (12, [928, 83, 0, 0, 1, 1729, 887, 0, 0, 0, 0, 1, 1, 0, 1]),
 (16, [762, 94, 1, 1, 1, 1985, 1364, 0, 0, 1, 2, 1, 1, 1, 1]),
 (12, [776, 117, 0, 1, 1, 1147, 1299, 0, 1, 1, 4, 0, 2, 2, 2]),
 (12, [928, 83, 0, 0, 1, 1729, 887, 0, 0, 0, 0, 1, 1, 0, 1]),
 (12, [525, 111, 1, 0, 0, 1461, 1925, 1, 0, 0, 3, 1, 0, 0, 0])]
population
[(999, [1920, 68, 1, 0, 1, 678, 1716, 1, 0, 3, 5, 1, 2, 2, 1]),
 (999, [1805, 87, 1, 1, 1, 1446, 1786, 0, 1, 1, 5, 0, 0, 0, 0]),
 (999, [1718, 117, 1, 0, 0, 1149, 1770, 1, 0, 1, 5, 1, 1, 1, 1]),
 (999, [1274, 107, 0, 1, 0, 692, 1292, 0, 1, 3, 0, 0, 0, 1, 2]),
 (999, [1115, 99, 1, 0, 0, 1931, 1526, 1, 1, 3, 5, 0, 0, 0, 2]),
 (999, [957, 73, 1, 1, 1, 817, 1747, 0, 0, 0, 5, 1, 2, 1, 1]),
 (33, [1324, 37, 0, 0, 0, 1426, 1899, 1, 1, 1, 3, 1, 2, 1, 2]),
 (16, [2032, 102, 0, 0, 1, 1383, 1993, 0, 1, 1, 4, 0, 2, 2, 2]),
 (16, [1829, 120, 0, 1, 1, 723, 865, 0, 1, 1, 3, 0, 2, 0, 0]),
 (16, [1794, 16, 1, 1, 0, 953, 1385, 0, 0, 0, 1, 0, 0, 2, 0]),
 (16, [1537, 119, 0, 1, 1, 971, 543, 1, 0, 1, 3, 0, 0, 1, 1]),
 (16, [1448, 62, 0, 1, 0, 1180, 1087, 1, 0, 2, 0, 0, 2, 0, 1]),
 (16, [1200, 15, 1, 1, 0, 2036, 974, 0, 1, 0, 0, 1, 0, 0, 2]),
 (16, [1162, 21, 1, 1, 0, 1525, 723, 1, 1, 0, 0, 1, 2, 2, 0]),
 (16, [1050, 110, 1, 1, 0, 910, 1780, 1, 0, 1, 1, 0, 1, 2, 2]),
 (16, [887, 104, 0, 1, 0, 1848, 1564, 0, 1, 0, 3, 1, 2, 2, 1]),
 (16, [762, 94, 1, 1, 1, 1985, 1364, 0, 0, 1, 2, 1, 1, 1, 1]),
 (16, [512, 103, 0, 0, 0, 1074, 728, 0, 1, 0, 2, 0, 1, 2, 1]),
 (12, [2014, 54, 0, 0, 1, 1054, 1514, 0, 0, 2, 3, 1, 2, 2, 0]),
 (12, [1866, 55, 1, 0, 1, 1095, 929, 0, 1, 0, 1, 0, 0, 2, 1]),
 (12, [1764, 105, 1, 1, 0, 533, 811, 1, 1, 0, 0, 0, 2, 2, 0]),
 (12, [1757, 32, 0, 0, 1, 1087, 1896, 0, 0, 2, 1, 0, 2, 0, 2]),
 (12, [1663, 82, 1, 1, 0, 1791, 1431, 0, 0, 1, 0, 0, 1, 2, 2]),
 (12, [1462, 24, 1, 1, 0, 649, 1876, 1, 0, 2, 1, 1, 1, 1, 0]),
 (12, [1414, 71, 1, 0, 1, 682, 910, 1, 0, 1, 2, 0, 1, 1, 2]),
 (12, [1313, 36, 0, 0, 0, 1331, 1034, 1, 1, 0, 1, 1, 2, 1, 0]),
 (12, [1008, 40, 1, 1, 1, 1900, 1523, 1, 1, 2, 1, 0, 0, 1, 0]),
 (12, [928, 83, 0, 0, 1, 1729, 887, 0, 0, 0, 0, 1, 1, 0, 1]),
 (12, [833, 23, 1, 1, 0, 1495, 1814, 0, 0, 1, 4, 1, 0, 0, 2]),
 (12, [776, 117, 0, 1, 1, 1147, 1299, 0, 1, 1, 4, 0, 2, 2, 2]),
 (12, [566, 65, 0, 1, 1, 848, 1177, 1, 0, 2, 3, 0, 2, 1, 1]),
 (12, [525, 111, 1, 0, 0, 1461, 1925, 1, 0, 0, 3, 1, 0, 0, 0])]
scored
[(12, [525, 111, 1, 0, 0, 1461, 1925, 1, 0, 0, 3, 1, 0, 0, 0]),
 (12, [566, 65, 0, 1, 1, 848, 1177, 1, 0, 2, 3, 0, 2, 1, 1]),
 (12, [776, 117, 0, 1, 1, 1147, 1299, 0, 1, 1, 4, 0, 2, 2, 2]),
 (12, [833, 23, 1, 1, 0, 1495, 1814, 0, 0, 1, 4, 1, 0, 0, 2]),
 (12, [928, 83, 0, 0, 1, 1729, 887, 0, 0, 0, 0, 1, 1, 0, 1]),
 (12, [1008, 40, 1, 1, 1, 1900, 1523, 1, 1, 2, 1, 0, 0, 1, 0]),
 (12, [1313, 36, 0, 0, 0, 1331, 1034, 1, 1, 0, 1, 1, 2, 1, 0]),
 (12, [1414, 71, 1, 0, 1, 682, 910, 1, 0, 1, 2, 0, 1, 1, 2]),
 (12, [1462, 24, 1, 1, 0, 649, 1876, 1, 0, 2, 1, 1, 1, 1, 0]),
 (12, [1663, 82, 1, 1, 0, 1791, 1431, 0, 0, 1, 0, 0, 1, 2, 2]),
 (12, [1757, 32, 0, 0, 1, 1087, 1896, 0, 0, 2, 1, 0, 2, 0, 2]),
 (12, [1764, 105, 1, 1, 0, 533, 811, 1, 1, 0, 0, 0, 2, 2, 0]),
 (12, [1866, 55, 1, 0, 1, 1095, 929, 0, 1, 0, 1, 0, 0, 2, 1]),
 (12, [2014, 54, 0, 0, 1, 1054, 1514, 0, 0, 2, 3, 1, 2, 2, 0]),
 (16, [512, 103, 0, 0, 0, 1074, 728, 0, 1, 0, 2, 0, 1, 2, 1]),
 (16, [762, 94, 1, 1, 1, 1985, 1364, 0, 0, 1, 2, 1, 1, 1, 1]),
 (16, [887, 104, 0, 1, 0, 1848, 1564, 0, 1, 0, 3, 1, 2, 2, 1]),
 (16, [1050, 110, 1, 1, 0, 910, 1780, 1, 0, 1, 1, 0, 1, 2, 2]),
 (16, [1162, 21, 1, 1, 0, 1525, 723, 1, 1, 0, 0, 1, 2, 2, 0]),
 (16, [1200, 15, 1, 1, 0, 2036, 974, 0, 1, 0, 0, 1, 0, 0, 2]),
 (16, [1448, 62, 0, 1, 0, 1180, 1087, 1, 0, 2, 0, 0, 2, 0, 1]),
 (16, [1537, 119, 0, 1, 1, 971, 543, 1, 0, 1, 3, 0, 0, 1, 1]),
 (16, [1794, 16, 1, 1, 0, 953, 1385, 0, 0, 0, 1, 0, 0, 2, 0]),
 (16, [1829, 120, 0, 1, 1, 723, 865, 0, 1, 1, 3, 0, 2, 0, 0]),
 (16, [2032, 102, 0, 0, 1, 1383, 1993, 0, 1, 1, 4, 0, 2, 2, 2]),
 (33, [1324, 37, 0, 0, 0, 1426, 1899, 1, 1, 1, 3, 1, 2, 1, 2]),
 (999, [957, 73, 1, 1, 1, 817, 1747, 0, 0, 0, 5, 1, 2, 1, 1]),
 (999, [1115, 99, 1, 0, 0, 1931, 1526, 1, 1, 3, 5, 0, 0, 0, 2]),
 (999, [1274, 107, 0, 1, 0, 692, 1292, 0, 1, 3, 0, 0, 0, 1, 2]),
 (999, [1718, 117, 1, 0, 0, 1149, 1770, 1, 0, 1, 5, 1, 1, 1, 1]),
 (999, [1805, 87, 1, 1, 1, 1446, 1786, 0, 1, 1, 5, 0, 0, 0, 0]),
 (999, [1920, 68, 1, 0, 1, 678, 1716, 1, 0, 3, 5, 1, 2, 2, 1])]
Selected
[(12, [776, 117, 0, 1, 1, 1147, 1299, 0, 1, 1, 4, 0, 2, 2, 2]),
 (12, [833, 23, 1, 1, 0, 1495, 1814, 0, 0, 1, 4, 1, 0, 0, 2]),
 (12, [928, 83, 0, 0, 1, 1729, 887, 0, 0, 0, 0, 1, 1, 0, 1]),
 (12, [525, 111, 1, 0, 0, 1461, 1925, 1, 0, 0, 3, 1, 0, 0, 0]),
 (12, [525, 111, 1, 0, 0, 1461, 1925, 1, 0, 0, 3, 1, 0, 0, 0]),
 (12, [928, 83, 0, 0, 1, 1729, 887, 0, 0, 0, 0, 1, 1, 0, 1]),
 (12, [525, 111, 1, 0, 0, 1461, 1925, 1, 0, 0, 3, 1, 0, 0, 0]),
 (12, [1764, 105, 1, 1, 0, 533, 811, 1, 1, 0, 0, 0, 2, 2, 0]),
 (12, [566, 65, 0, 1, 1, 848, 1177, 1, 0, 2, 3, 0, 2, 1, 1]),
 (12, [1462, 24, 1, 1, 0, 649, 1876, 1, 0, 2, 1, 1, 1, 1, 0]),
 (12, [776, 117, 0, 1, 1, 1147, 1299, 0, 1, 1, 4, 0, 2, 2, 2]),
 (12, [1313, 36, 0, 0, 0, 1331, 1034, 1, 1, 0, 1, 1, 2, 1, 0]),
 (12, [833, 23, 1, 1, 0, 1495, 1814, 0, 0, 1, 4, 1, 0, 0, 2]),
 (12, [566, 65, 0, 1, 1, 848, 1177, 1, 0, 2, 3, 0, 2, 1, 1]),
 (12, [1462, 24, 1, 1, 0, 649, 1876, 1, 0, 2, 1, 1, 1, 1, 0]),
 (12, [833, 23, 1, 1, 0, 1495, 1814, 0, 0, 1, 4, 1, 0, 0, 2]),
 (12, [525, 111, 1, 0, 0, 1461, 1925, 1, 0, 0, 3, 1, 0, 0, 0]),
 (12, [776, 117, 0, 1, 1, 1147, 1299, 0, 1, 1, 4, 0, 2, 2, 2]),
 (12, [1462, 24, 1, 1, 0, 649, 1876, 1, 0, 2, 1, 1, 1, 1, 0]),
 (12, [525, 111, 1, 0, 0, 1461, 1925, 1, 0, 0, 3, 1, 0, 0, 0]),
 (12, [776, 117, 0, 1, 1, 1147, 1299, 0, 1, 1, 4, 0, 2, 2, 2]),
 (12, [1313, 36, 0, 0, 0, 1331, 1034, 1, 1, 0, 1, 1, 2, 1, 0]),
 (12, [776, 117, 0, 1, 1, 1147, 1299, 0, 1, 1, 4, 0, 2, 2, 2]),
 (12, [525, 111, 1, 0, 0, 1461, 1925, 1, 0, 0, 3, 1, 0, 0, 0]),
 (16, [762, 94, 1, 1, 1, 1985, 1364, 0, 0, 1, 2, 1, 1, 1, 1]),
 (12, [1008, 40, 1, 1, 1, 1900, 1523, 1, 1, 2, 1, 0, 0, 1, 0]),
 (12, [566, 65, 0, 1, 1, 848, 1177, 1, 0, 2, 3, 0, 2, 1, 1])]
population
[(999, [1920, 68, 1, 0, 1, 678, 1716, 1, 0, 3, 5, 1, 2, 2, 1]),
 (999, [1805, 87, 1, 1, 1, 1446, 1786, 0, 1, 1, 5, 0, 0, 0, 0]),
 (999, [1718, 117, 1, 0, 0, 1149, 1770, 1, 0, 1, 5, 1, 1, 1, 1]),
 (999, [1274, 107, 0, 1, 0, 692, 1292, 0, 1, 3, 0, 0, 0, 1, 2]),
 (999, [1115, 99, 1, 0, 0, 1931, 1526, 1, 1, 3, 5, 0, 0, 0, 2]),
 (999, [957, 73, 1, 1, 1, 817, 1747, 0, 0, 0, 5, 1, 2, 1, 1]),
 (33, [1324, 37, 0, 0, 0, 1426, 1899, 1, 1, 1, 3, 1, 2, 1, 2]),
 (16, [2032, 102, 0, 0, 1, 1383, 1993, 0, 1, 1, 4, 0, 2, 2, 2]),
 (16, [1829, 120, 0, 1, 1, 723, 865, 0, 1, 1, 3, 0, 2, 0, 0]),
 (16, [1794, 16, 1, 1, 0, 953, 1385, 0, 0, 0, 1, 0, 0, 2, 0]),
 (16, [1537, 119, 0, 1, 1, 971, 543, 1, 0, 1, 3, 0, 0, 1, 1]),
 (16, [1448, 62, 0, 1, 0, 1180, 1087, 1, 0, 2, 0, 0, 2, 0, 1]),
 (16, [1200, 15, 1, 1, 0, 2036, 974, 0, 1, 0, 0, 1, 0, 0, 2]),
 (16, [1162, 21, 1, 1, 0, 1525, 723, 1, 1, 0, 0, 1, 2, 2, 0]),
 (16, [1050, 110, 1, 1, 0, 910, 1780, 1, 0, 1, 1, 0, 1, 2, 2]),
 (16, [887, 104, 0, 1, 0, 1848, 1564, 0, 1, 0, 3, 1, 2, 2, 1]),
 (16, [762, 94, 1, 1, 1, 1985, 1364, 0, 0, 1, 2, 1, 1, 1, 1]),
 (16, [512, 103, 0, 0, 0, 1074, 728, 0, 1, 0, 2, 0, 1, 2, 1]),
 (12, [2014, 54, 0, 0, 1, 1054, 1514, 0, 0, 2, 3, 1, 2, 2, 0]),
 (12, [1866, 55, 1, 0, 1, 1095, 929, 0, 1, 0, 1, 0, 0, 2, 1]),
 (12, [1764, 105, 1, 1, 0, 533, 811, 1, 1, 0, 0, 0, 2, 2, 0]),
 (12, [1757, 32, 0, 0, 1, 1087, 1896, 0, 0, 2, 1, 0, 2, 0, 2]),
 (12, [1663, 82, 1, 1, 0, 1791, 1431, 0, 0, 1, 0, 0, 1, 2, 2]),
 (12, [1462, 24, 1, 1, 0, 649, 1876, 1, 0, 2, 1, 1, 1, 1, 0]),
 (12, [1414, 71, 1, 0, 1, 682, 910, 1, 0, 1, 2, 0, 1, 1, 2]),
 (12, [1313, 36, 0, 0, 0, 1331, 1034, 1, 1, 0, 1, 1, 2, 1, 0]),
 (12, [1008, 40, 1, 1, 1, 1900, 1523, 1, 1, 2, 1, 0, 0, 1, 0]),
 (12, [928, 83, 0, 0, 1, 1729, 887, 0, 0, 0, 0, 1, 1, 0, 1]),
 (12, [833, 23, 1, 1, 0, 1495, 1814, 0, 0, 1, 4, 1, 0, 0, 2]),
 (12, [776, 117, 0, 1, 1, 1147, 1299, 0, 1, 1, 4, 0, 2, 2, 2]),
 (12, [566, 65, 0, 1, 1, 848, 1177, 1, 0, 2, 3, 0, 2, 1, 1]),
 (12, [525, 111, 1, 0, 0, 1461, 1925, 1, 0, 0, 3, 1, 0, 0, 0])]
scored
[(12, [525, 111, 1, 0, 0, 1461, 1925, 1, 0, 0, 3, 1, 0, 0, 0]),
 (12, [566, 65, 0, 1, 1, 848, 1177, 1, 0, 2, 3, 0, 2, 1, 1]),
 (12, [776, 117, 0, 1, 1, 1147, 1299, 0, 1, 1, 4, 0, 2, 2, 2]),
 (12, [833, 23, 1, 1, 0, 1495, 1814, 0, 0, 1, 4, 1, 0, 0, 2]),
 (12, [928, 83, 0, 0, 1, 1729, 887, 0, 0, 0, 0, 1, 1, 0, 1]),
 (12, [1008, 40, 1, 1, 1, 1900, 1523, 1, 1, 2, 1, 0, 0, 1, 0]),
 (12, [1313, 36, 0, 0, 0, 1331, 1034, 1, 1, 0, 1, 1, 2, 1, 0]),
 (12, [1414, 71, 1, 0, 1, 682, 910, 1, 0, 1, 2, 0, 1, 1, 2]),
 (12, [1462, 24, 1, 1, 0, 649, 1876, 1, 0, 2, 1, 1, 1, 1, 0]),
 (12, [1663, 82, 1, 1, 0, 1791, 1431, 0, 0, 1, 0, 0, 1, 2, 2]),
 (12, [1757, 32, 0, 0, 1, 1087, 1896, 0, 0, 2, 1, 0, 2, 0, 2]),
 (12, [1764, 105, 1, 1, 0, 533, 811, 1, 1, 0, 0, 0, 2, 2, 0]),
 (12, [1866, 55, 1, 0, 1, 1095, 929, 0, 1, 0, 1, 0, 0, 2, 1]),
 (12, [2014, 54, 0, 0, 1, 1054, 1514, 0, 0, 2, 3, 1, 2, 2, 0]),
 (16, [512, 103, 0, 0, 0, 1074, 728, 0, 1, 0, 2, 0, 1, 2, 1]),
 (16, [762, 94, 1, 1, 1, 1985, 1364, 0, 0, 1, 2, 1, 1, 1, 1]),
 (16, [887, 104, 0, 1, 0, 1848, 1564, 0, 1, 0, 3, 1, 2, 2, 1]),
 (16, [1050, 110, 1, 1, 0, 910, 1780, 1, 0, 1, 1, 0, 1, 2, 2]),
 (16, [1162, 21, 1, 1, 0, 1525, 723, 1, 1, 0, 0, 1, 2, 2, 0]),
 (16, [1200, 15, 1, 1, 0, 2036, 974, 0, 1, 0, 0, 1, 0, 0, 2]),
 (16, [1448, 62, 0, 1, 0, 1180, 1087, 1, 0, 2, 0, 0, 2, 0, 1]),
 (16, [1537, 119, 0, 1, 1, 971, 543, 1, 0, 1, 3, 0, 0, 1, 1]),
 (16, [1794, 16, 1, 1, 0, 953, 1385, 0, 0, 0, 1, 0, 0, 2, 0]),
 (16, [1829, 120, 0, 1, 1, 723, 865, 0, 1, 1, 3, 0, 2, 0, 0]),
 (16, [2032, 102, 0, 0, 1, 1383, 1993, 0, 1, 1, 4, 0, 2, 2, 2]),
 (33, [1324, 37, 0, 0, 0, 1426, 1899, 1, 1, 1, 3, 1, 2, 1, 2]),
 (999, [957, 73, 1, 1, 1, 817, 1747, 0, 0, 0, 5, 1, 2, 1, 1]),
 (999, [1115, 99, 1, 0, 0, 1931, 1526, 1, 1, 3, 5, 0, 0, 0, 2]),
 (999, [1274, 107, 0, 1, 0, 692, 1292, 0, 1, 3, 0, 0, 0, 1, 2]),
 (999, [1718, 117, 1, 0, 0, 1149, 1770, 1, 0, 1, 5, 1, 1, 1, 1]),
 (999, [1805, 87, 1, 1, 1, 1446, 1786, 0, 1, 1, 5, 0, 0, 0, 0]),
 (999, [1920, 68, 1, 0, 1, 678, 1716, 1, 0, 3, 5, 1, 2, 2, 1])]
Selected
[(12, [776, 117, 0, 1, 1, 1147, 1299, 0, 1, 1, 4, 0, 2, 2, 2]),
 (16, [887, 104, 0, 1, 0, 1848, 1564, 0, 1, 0, 3, 1, 2, 2, 1]),
 (12, [1663, 82, 1, 1, 0, 1791, 1431, 0, 0, 1, 0, 0, 1, 2, 2]),
 (12, [1313, 36, 0, 0, 0, 1331, 1034, 1, 1, 0, 1, 1, 2, 1, 0]),
 (12, [928, 83, 0, 0, 1, 1729, 887, 0, 0, 0, 0, 1, 1, 0, 1]),
 (12, [1008, 40, 1, 1, 1, 1900, 1523, 1, 1, 2, 1, 0, 0, 1, 0]),
 (12, [566, 65, 0, 1, 1, 848, 1177, 1, 0, 2, 3, 0, 2, 1, 1]),
 (12, [776, 117, 0, 1, 1, 1147, 1299, 0, 1, 1, 4, 0, 2, 2, 2]),
 (12, [1663, 82, 1, 1, 0, 1791, 1431, 0, 0, 1, 0, 0, 1, 2, 2]),
 (12, [928, 83, 0, 0, 1, 1729, 887, 0, 0, 0, 0, 1, 1, 0, 1]),
 (12, [1313, 36, 0, 0, 0, 1331, 1034, 1, 1, 0, 1, 1, 2, 1, 0]),
 (12, [776, 117, 0, 1, 1, 1147, 1299, 0, 1, 1, 4, 0, 2, 2, 2]),
 (12, [776, 117, 0, 1, 1, 1147, 1299, 0, 1, 1, 4, 0, 2, 2, 2]),
 (12, [776, 117, 0, 1, 1, 1147, 1299, 0, 1, 1, 4, 0, 2, 2, 2]),
 (12, [1414, 71, 1, 0, 1, 682, 910, 1, 0, 1, 2, 0, 1, 1, 2]),
 (16, [512, 103, 0, 0, 0, 1074, 728, 0, 1, 0, 2, 0, 1, 2, 1]),
 (12, [566, 65, 0, 1, 1, 848, 1177, 1, 0, 2, 3, 0, 2, 1, 1]),
 (12, [1414, 71, 1, 0, 1, 682, 910, 1, 0, 1, 2, 0, 1, 1, 2]),
 (12, [833, 23, 1, 1, 0, 1495, 1814, 0, 0, 1, 4, 1, 0, 0, 2]),
 (12, [1663, 82, 1, 1, 0, 1791, 1431, 0, 0, 1, 0, 0, 1, 2, 2]),
 (12, [833, 23, 1, 1, 0, 1495, 1814, 0, 0, 1, 4, 1, 0, 0, 2]),
 (12, [1462, 24, 1, 1, 0, 649, 1876, 1, 0, 2, 1, 1, 1, 1, 0]),
 (12, [525, 111, 1, 0, 0, 1461, 1925, 1, 0, 0, 3, 1, 0, 0, 0]),
 (12, [525, 111, 1, 0, 0, 1461, 1925, 1, 0, 0, 3, 1, 0, 0, 0]),
 (16, [887, 104, 0, 1, 0, 1848, 1564, 0, 1, 0, 3, 1, 2, 2, 1]),
 (12, [566, 65, 0, 1, 1, 848, 1177, 1, 0, 2, 3, 0, 2, 1, 1]),
 (12, [928, 83, 0, 0, 1, 1729, 887, 0, 0, 0, 0, 1, 1, 0, 1])]
population
[(999, [1920, 68, 1, 0, 1, 678, 1716, 1, 0, 3, 5, 1, 2, 2, 1]),
 (999, [1805, 87, 1, 1, 1, 1446, 1786, 0, 1, 1, 5, 0, 0, 0, 0]),
 (999, [1718, 117, 1, 0, 0, 1149, 1770, 1, 0, 1, 5, 1, 1, 1, 1]),
 (999, [1274, 107, 0, 1, 0, 692, 1292, 0, 1, 3, 0, 0, 0, 1, 2]),
 (999, [1115, 99, 1, 0, 0, 1931, 1526, 1, 1, 3, 5, 0, 0, 0, 2]),
 (999, [957, 73, 1, 1, 1, 817, 1747, 0, 0, 0, 5, 1, 2, 1, 1]),
 (33, [1324, 37, 0, 0, 0, 1426, 1899, 1, 1, 1, 3, 1, 2, 1, 2]),
 (16, [2032, 102, 0, 0, 1, 1383, 1993, 0, 1, 1, 4, 0, 2, 2, 2]),
 (16, [1829, 120, 0, 1, 1, 723, 865, 0, 1, 1, 3, 0, 2, 0, 0]),
 (16, [1794, 16, 1, 1, 0, 953, 1385, 0, 0, 0, 1, 0, 0, 2, 0]),
 (16, [1537, 119, 0, 1, 1, 971, 543, 1, 0, 1, 3, 0, 0, 1, 1]),
 (16, [1448, 62, 0, 1, 0, 1180, 1087, 1, 0, 2, 0, 0, 2, 0, 1]),
 (16, [1200, 15, 1, 1, 0, 2036, 974, 0, 1, 0, 0, 1, 0, 0, 2]),
 (16, [1162, 21, 1, 1, 0, 1525, 723, 1, 1, 0, 0, 1, 2, 2, 0]),
 (16, [1050, 110, 1, 1, 0, 910, 1780, 1, 0, 1, 1, 0, 1, 2, 2]),
 (16, [887, 104, 0, 1, 0, 1848, 1564, 0, 1, 0, 3, 1, 2, 2, 1]),
 (16, [762, 94, 1, 1, 1, 1985, 1364, 0, 0, 1, 2, 1, 1, 1, 1]),
 (16, [512, 103, 0, 0, 0, 1074, 728, 0, 1, 0, 2, 0, 1, 2, 1]),
 (12, [2014, 54, 0, 0, 1, 1054, 1514, 0, 0, 2, 3, 1, 2, 2, 0]),
 (12, [1866, 55, 1, 0, 1, 1095, 929, 0, 1, 0, 1, 0, 0, 2, 1]),
 (12, [1764, 105, 1, 1, 0, 533, 811, 1, 1, 0, 0, 0, 2, 2, 0]),
 (12, [1757, 32, 0, 0, 1, 1087, 1896, 0, 0, 2, 1, 0, 2, 0, 2]),
 (12, [1663, 82, 1, 1, 0, 1791, 1431, 0, 0, 1, 0, 0, 1, 2, 2]),
 (12, [1462, 24, 1, 1, 0, 649, 1876, 1, 0, 2, 1, 1, 1, 1, 0]),
 (12, [1414, 71, 1, 0, 1, 682, 910, 1, 0, 1, 2, 0, 1, 1, 2]),
 (12, [1313, 36, 0, 0, 0, 1331, 1034, 1, 1, 0, 1, 1, 2, 1, 0]),
 (12, [1008, 40, 1, 1, 1, 1900, 1523, 1, 1, 2, 1, 0, 0, 1, 0]),
 (12, [928, 83, 0, 0, 1, 1729, 887, 0, 0, 0, 0, 1, 1, 0, 1]),
 (12, [833, 23, 1, 1, 0, 1495, 1814, 0, 0, 1, 4, 1, 0, 0, 2]),
 (12, [776, 117, 0, 1, 1, 1147, 1299, 0, 1, 1, 4, 0, 2, 2, 2]),
 (12, [566, 65, 0, 1, 1, 848, 1177, 1, 0, 2, 3, 0, 2, 1, 1]),
 (12, [525, 111, 1, 0, 0, 1461, 1925, 1, 0, 0, 3, 1, 0, 0, 0])]
scored
[(12, [525, 111, 1, 0, 0, 1461, 1925, 1, 0, 0, 3, 1, 0, 0, 0]),
 (12, [566, 65, 0, 1, 1, 848, 1177, 1, 0, 2, 3, 0, 2, 1, 1]),
 (12, [776, 117, 0, 1, 1, 1147, 1299, 0, 1, 1, 4, 0, 2, 2, 2]),
 (12, [833, 23, 1, 1, 0, 1495, 1814, 0, 0, 1, 4, 1, 0, 0, 2]),
 (12, [928, 83, 0, 0, 1, 1729, 887, 0, 0, 0, 0, 1, 1, 0, 1]),
 (12, [1008, 40, 1, 1, 1, 1900, 1523, 1, 1, 2, 1, 0, 0, 1, 0]),
 (12, [1313, 36, 0, 0, 0, 1331, 1034, 1, 1, 0, 1, 1, 2, 1, 0]),
 (12, [1414, 71, 1, 0, 1, 682, 910, 1, 0, 1, 2, 0, 1, 1, 2]),
 (12, [1462, 24, 1, 1, 0, 649, 1876, 1, 0, 2, 1, 1, 1, 1, 0]),
 (12, [1663, 82, 1, 1, 0, 1791, 1431, 0, 0, 1, 0, 0, 1, 2, 2]),
 (12, [1757, 32, 0, 0, 1, 1087, 1896, 0, 0, 2, 1, 0, 2, 0, 2]),
 (12, [1764, 105, 1, 1, 0, 533, 811, 1, 1, 0, 0, 0, 2, 2, 0]),
 (12, [1866, 55, 1, 0, 1, 1095, 929, 0, 1, 0, 1, 0, 0, 2, 1]),
 (12, [2014, 54, 0, 0, 1, 1054, 1514, 0, 0, 2, 3, 1, 2, 2, 0]),
 (16, [512, 103, 0, 0, 0, 1074, 728, 0, 1, 0, 2, 0, 1, 2, 1]),
 (16, [762, 94, 1, 1, 1, 1985, 1364, 0, 0, 1, 2, 1, 1, 1, 1]),
 (16, [887, 104, 0, 1, 0, 1848, 1564, 0, 1, 0, 3, 1, 2, 2, 1]),
 (16, [1050, 110, 1, 1, 0, 910, 1780, 1, 0, 1, 1, 0, 1, 2, 2]),
 (16, [1162, 21, 1, 1, 0, 1525, 723, 1, 1, 0, 0, 1, 2, 2, 0]),
 (16, [1200, 15, 1, 1, 0, 2036, 974, 0, 1, 0, 0, 1, 0, 0, 2]),
 (16, [1448, 62, 0, 1, 0, 1180, 1087, 1, 0, 2, 0, 0, 2, 0, 1]),
 (16, [1537, 119, 0, 1, 1, 971, 543, 1, 0, 1, 3, 0, 0, 1, 1]),
 (16, [1794, 16, 1, 1, 0, 953, 1385, 0, 0, 0, 1, 0, 0, 2, 0]),
 (16, [1829, 120, 0, 1, 1, 723, 865, 0, 1, 1, 3, 0, 2, 0, 0]),
 (16, [2032, 102, 0, 0, 1, 1383, 1993, 0, 1, 1, 4, 0, 2, 2, 2]),
 (33, [1324, 37, 0, 0, 0, 1426, 1899, 1, 1, 1, 3, 1, 2, 1, 2]),
 (999, [957, 73, 1, 1, 1, 817, 1747, 0, 0, 0, 5, 1, 2, 1, 1]),
 (999, [1115, 99, 1, 0, 0, 1931, 1526, 1, 1, 3, 5, 0, 0, 0, 2]),
 (999, [1274, 107, 0, 1, 0, 692, 1292, 0, 1, 3, 0, 0, 0, 1, 2]),
 (999, [1718, 117, 1, 0, 0, 1149, 1770, 1, 0, 1, 5, 1, 1, 1, 1]),
 (999, [1805, 87, 1, 1, 1, 1446, 1786, 0, 1, 1, 5, 0, 0, 0, 0]),
 (999, [1920, 68, 1, 0, 1, 678, 1716, 1, 0, 3, 5, 1, 2, 2, 1])]
Selected
[(12, [525, 111, 1, 0, 0, 1461, 1925, 1, 0, 0, 3, 1, 0, 0, 0]),
 (12, [1414, 71, 1, 0, 1, 682, 910, 1, 0, 1, 2, 0, 1, 1, 2]),
 (12, [525, 111, 1, 0, 0, 1461, 1925, 1, 0, 0, 3, 1, 0, 0, 0]),
 (12, [566, 65, 0, 1, 1, 848, 1177, 1, 0, 2, 3, 0, 2, 1, 1]),
 (12, [566, 65, 0, 1, 1, 848, 1177, 1, 0, 2, 3, 0, 2, 1, 1]),
 (12, [525, 111, 1, 0, 0, 1461, 1925, 1, 0, 0, 3, 1, 0, 0, 0]),
 (12, [525, 111, 1, 0, 0, 1461, 1925, 1, 0, 0, 3, 1, 0, 0, 0]),
 (12, [776, 117, 0, 1, 1, 1147, 1299, 0, 1, 1, 4, 0, 2, 2, 2]),
 (12, [1757, 32, 0, 0, 1, 1087, 1896, 0, 0, 2, 1, 0, 2, 0, 2]),
 (12, [525, 111, 1, 0, 0, 1461, 1925, 1, 0, 0, 3, 1, 0, 0, 0]),
 (12, [1757, 32, 0, 0, 1, 1087, 1896, 0, 0, 2, 1, 0, 2, 0, 2]),
 (12, [833, 23, 1, 1, 0, 1495, 1814, 0, 0, 1, 4, 1, 0, 0, 2]),
 (16, [1050, 110, 1, 1, 0, 910, 1780, 1, 0, 1, 1, 0, 1, 2, 2]),
 (12, [776, 117, 0, 1, 1, 1147, 1299, 0, 1, 1, 4, 0, 2, 2, 2]),
 (12, [525, 111, 1, 0, 0, 1461, 1925, 1, 0, 0, 3, 1, 0, 0, 0]),
 (12, [566, 65, 0, 1, 1, 848, 1177, 1, 0, 2, 3, 0, 2, 1, 1]),
 (12, [928, 83, 0, 0, 1, 1729, 887, 0, 0, 0, 0, 1, 1, 0, 1]),
 (12, [776, 117, 0, 1, 1, 1147, 1299, 0, 1, 1, 4, 0, 2, 2, 2]),
 (12, [928, 83, 0, 0, 1, 1729, 887, 0, 0, 0, 0, 1, 1, 0, 1]),
 (12, [776, 117, 0, 1, 1, 1147, 1299, 0, 1, 1, 4, 0, 2, 2, 2]),
 (12, [525, 111, 1, 0, 0, 1461, 1925, 1, 0, 0, 3, 1, 0, 0, 0]),
 (12, [1757, 32, 0, 0, 1, 1087, 1896, 0, 0, 2, 1, 0, 2, 0, 2]),
 (12, [1414, 71, 1, 0, 1, 682, 910, 1, 0, 1, 2, 0, 1, 1, 2]),
 (12, [566, 65, 0, 1, 1, 848, 1177, 1, 0, 2, 3, 0, 2, 1, 1]),
 (16, [887, 104, 0, 1, 0, 1848, 1564, 0, 1, 0, 3, 1, 2, 2, 1]),
 (12, [525, 111, 1, 0, 0, 1461, 1925, 1, 0, 0, 3, 1, 0, 0, 0]),
 (12, [833, 23, 1, 1, 0, 1495, 1814, 0, 0, 1, 4, 1, 0, 0, 2])]
population
[(999, [1920, 68, 1, 0, 1, 678, 1716, 1, 0, 3, 5, 1, 2, 2, 1]),
 (999, [1805, 87, 1, 1, 1, 1446, 1786, 0, 1, 1, 5, 0, 0, 0, 0]),
 (999, [1718, 117, 1, 0, 0, 1149, 1770, 1, 0, 1, 5, 1, 1, 1, 1]),
 (999, [1274, 107, 0, 1, 0, 692, 1292, 0, 1, 3, 0, 0, 0, 1, 2]),
 (999, [1115, 99, 1, 0, 0, 1931, 1526, 1, 1, 3, 5, 0, 0, 0, 2]),
 (999, [957, 73, 1, 1, 1, 817, 1747, 0, 0, 0, 5, 1, 2, 1, 1]),
 (33, [1324, 37, 0, 0, 0, 1426, 1899, 1, 1, 1, 3, 1, 2, 1, 2]),
 (16, [2032, 102, 0, 0, 1, 1383, 1993, 0, 1, 1, 4, 0, 2, 2, 2]),
 (16, [1829, 120, 0, 1, 1, 723, 865, 0, 1, 1, 3, 0, 2, 0, 0]),
 (16, [1794, 16, 1, 1, 0, 953, 1385, 0, 0, 0, 1, 0, 0, 2, 0]),
 (16, [1537, 119, 0, 1, 1, 971, 543, 1, 0, 1, 3, 0, 0, 1, 1]),
 (16, [1448, 62, 0, 1, 0, 1180, 1087, 1, 0, 2, 0, 0, 2, 0, 1]),
 (16, [1200, 15, 1, 1, 0, 2036, 974, 0, 1, 0, 0, 1, 0, 0, 2]),
 (16, [1162, 21, 1, 1, 0, 1525, 723, 1, 1, 0, 0, 1, 2, 2, 0]),
 (16, [1050, 110, 1, 1, 0, 910, 1780, 1, 0, 1, 1, 0, 1, 2, 2]),
 (16, [887, 104, 0, 1, 0, 1848, 1564, 0, 1, 0, 3, 1, 2, 2, 1]),
 (16, [762, 94, 1, 1, 1, 1985, 1364, 0, 0, 1, 2, 1, 1, 1, 1]),
 (16, [512, 103, 0, 0, 0, 1074, 728, 0, 1, 0, 2, 0, 1, 2, 1]),
 (12, [2014, 54, 0, 0, 1, 1054, 1514, 0, 0, 2, 3, 1, 2, 2, 0]),
 (12, [1866, 55, 1, 0, 1, 1095, 929, 0, 1, 0, 1, 0, 0, 2, 1]),
 (12, [1764, 105, 1, 1, 0, 533, 811, 1, 1, 0, 0, 0, 2, 2, 0]),
 (12, [1757, 32, 0, 0, 1, 1087, 1896, 0, 0, 2, 1, 0, 2, 0, 2]),
 (12, [1663, 82, 1, 1, 0, 1791, 1431, 0, 0, 1, 0, 0, 1, 2, 2]),
 (12, [1462, 24, 1, 1, 0, 649, 1876, 1, 0, 2, 1, 1, 1, 1, 0]),
 (12, [1414, 71, 1, 0, 1, 682, 910, 1, 0, 1, 2, 0, 1, 1, 2]),
 (12, [1313, 36, 0, 0, 0, 1331, 1034, 1, 1, 0, 1, 1, 2, 1, 0]),
 (12, [1008, 40, 1, 1, 1, 1900, 1523, 1, 1, 2, 1, 0, 0, 1, 0]),
 (12, [928, 83, 0, 0, 1, 1729, 887, 0, 0, 0, 0, 1, 1, 0, 1]),
 (12, [833, 23, 1, 1, 0, 1495, 1814, 0, 0, 1, 4, 1, 0, 0, 2]),
 (12, [776, 117, 0, 1, 1, 1147, 1299, 0, 1, 1, 4, 0, 2, 2, 2]),
 (12, [566, 65, 0, 1, 1, 848, 1177, 1, 0, 2, 3, 0, 2, 1, 1]),
 (12, [525, 111, 1, 0, 0, 1461, 1925, 1, 0, 0, 3, 1, 0, 0, 0])]
scored
[(12, [525, 111, 1, 0, 0, 1461, 1925, 1, 0, 0, 3, 1, 0, 0, 0]),
 (12, [566, 65, 0, 1, 1, 848, 1177, 1, 0, 2, 3, 0, 2, 1, 1]),
 (12, [776, 117, 0, 1, 1, 1147, 1299, 0, 1, 1, 4, 0, 2, 2, 2]),
 (12, [833, 23, 1, 1, 0, 1495, 1814, 0, 0, 1, 4, 1, 0, 0, 2]),
 (12, [928, 83, 0, 0, 1, 1729, 887, 0, 0, 0, 0, 1, 1, 0, 1]),
 (12, [1008, 40, 1, 1, 1, 1900, 1523, 1, 1, 2, 1, 0, 0, 1, 0]),
 (12, [1313, 36, 0, 0, 0, 1331, 1034, 1, 1, 0, 1, 1, 2, 1, 0]),
 (12, [1414, 71, 1, 0, 1, 682, 910, 1, 0, 1, 2, 0, 1, 1, 2]),
 (12, [1462, 24, 1, 1, 0, 649, 1876, 1, 0, 2, 1, 1, 1, 1, 0]),
 (12, [1663, 82, 1, 1, 0, 1791, 1431, 0, 0, 1, 0, 0, 1, 2, 2]),
 (12, [1757, 32, 0, 0, 1, 1087, 1896, 0, 0, 2, 1, 0, 2, 0, 2]),
 (12, [1764, 105, 1, 1, 0, 533, 811, 1, 1, 0, 0, 0, 2, 2, 0]),
 (12, [1866, 55, 1, 0, 1, 1095, 929, 0, 1, 0, 1, 0, 0, 2, 1]),
 (12, [2014, 54, 0, 0, 1, 1054, 1514, 0, 0, 2, 3, 1, 2, 2, 0]),
 (16, [512, 103, 0, 0, 0, 1074, 728, 0, 1, 0, 2, 0, 1, 2, 1]),
 (16, [762, 94, 1, 1, 1, 1985, 1364, 0, 0, 1, 2, 1, 1, 1, 1]),
 (16, [887, 104, 0, 1, 0, 1848, 1564, 0, 1, 0, 3, 1, 2, 2, 1]),
 (16, [1050, 110, 1, 1, 0, 910, 1780, 1, 0, 1, 1, 0, 1, 2, 2]),
 (16, [1162, 21, 1, 1, 0, 1525, 723, 1, 1, 0, 0, 1, 2, 2, 0]),
 (16, [1200, 15, 1, 1, 0, 2036, 974, 0, 1, 0, 0, 1, 0, 0, 2]),
 (16, [1448, 62, 0, 1, 0, 1180, 1087, 1, 0, 2, 0, 0, 2, 0, 1]),
 (16, [1537, 119, 0, 1, 1, 971, 543, 1, 0, 1, 3, 0, 0, 1, 1]),
 (16, [1794, 16, 1, 1, 0, 953, 1385, 0, 0, 0, 1, 0, 0, 2, 0]),
 (16, [1829, 120, 0, 1, 1, 723, 865, 0, 1, 1, 3, 0, 2, 0, 0]),
 (16, [2032, 102, 0, 0, 1, 1383, 1993, 0, 1, 1, 4, 0, 2, 2, 2]),
 (33, [1324, 37, 0, 0, 0, 1426, 1899, 1, 1, 1, 3, 1, 2, 1, 2]),
 (999, [957, 73, 1, 1, 1, 817, 1747, 0, 0, 0, 5, 1, 2, 1, 1]),
 (999, [1115, 99, 1, 0, 0, 1931, 1526, 1, 1, 3, 5, 0, 0, 0, 2]),
 (999, [1274, 107, 0, 1, 0, 692, 1292, 0, 1, 3, 0, 0, 0, 1, 2]),
 (999, [1718, 117, 1, 0, 0, 1149, 1770, 1, 0, 1, 5, 1, 1, 1, 1]),
 (999, [1805, 87, 1, 1, 1, 1446, 1786, 0, 1, 1, 5, 0, 0, 0, 0]),
 (999, [1920, 68, 1, 0, 1, 678, 1716, 1, 0, 3, 5, 1, 2, 2, 1])]
Selected
[(12, [566, 65, 0, 1, 1, 848, 1177, 1, 0, 2, 3, 0, 2, 1, 1]),
 (12, [833, 23, 1, 1, 0, 1495, 1814, 0, 0, 1, 4, 1, 0, 0, 2]),
 (12, [928, 83, 0, 0, 1, 1729, 887, 0, 0, 0, 0, 1, 1, 0, 1]),
 (12, [566, 65, 0, 1, 1, 848, 1177, 1, 0, 2, 3, 0, 2, 1, 1]),
 (12, [1008, 40, 1, 1, 1, 1900, 1523, 1, 1, 2, 1, 0, 0, 1, 0]),
 (12, [928, 83, 0, 0, 1, 1729, 887, 0, 0, 0, 0, 1, 1, 0, 1]),
 (12, [566, 65, 0, 1, 1, 848, 1177, 1, 0, 2, 3, 0, 2, 1, 1]),
 (12, [525, 111, 1, 0, 0, 1461, 1925, 1, 0, 0, 3, 1, 0, 0, 0]),
 (12, [776, 117, 0, 1, 1, 1147, 1299, 0, 1, 1, 4, 0, 2, 2, 2]),
 (12, [776, 117, 0, 1, 1, 1147, 1299, 0, 1, 1, 4, 0, 2, 2, 2]),
 (12, [1414, 71, 1, 0, 1, 682, 910, 1, 0, 1, 2, 0, 1, 1, 2]),
 (12, [525, 111, 1, 0, 0, 1461, 1925, 1, 0, 0, 3, 1, 0, 0, 0]),
 (16, [512, 103, 0, 0, 0, 1074, 728, 0, 1, 0, 2, 0, 1, 2, 1]),
 (12, [776, 117, 0, 1, 1, 1147, 1299, 0, 1, 1, 4, 0, 2, 2, 2]),
 (12, [1462, 24, 1, 1, 0, 649, 1876, 1, 0, 2, 1, 1, 1, 1, 0]),
 (12, [1462, 24, 1, 1, 0, 649, 1876, 1, 0, 2, 1, 1, 1, 1, 0]),
 (12, [1313, 36, 0, 0, 0, 1331, 1034, 1, 1, 0, 1, 1, 2, 1, 0]),
 (12, [1414, 71, 1, 0, 1, 682, 910, 1, 0, 1, 2, 0, 1, 1, 2]),
 (12, [525, 111, 1, 0, 0, 1461, 1925, 1, 0, 0, 3, 1, 0, 0, 0]),
 (12, [1866, 55, 1, 0, 1, 1095, 929, 0, 1, 0, 1, 0, 0, 2, 1]),
 (12, [928, 83, 0, 0, 1, 1729, 887, 0, 0, 0, 0, 1, 1, 0, 1]),
 (12, [525, 111, 1, 0, 0, 1461, 1925, 1, 0, 0, 3, 1, 0, 0, 0]),
 (12, [833, 23, 1, 1, 0, 1495, 1814, 0, 0, 1, 4, 1, 0, 0, 2]),
 (12, [1414, 71, 1, 0, 1, 682, 910, 1, 0, 1, 2, 0, 1, 1, 2]),
 (12, [1414, 71, 1, 0, 1, 682, 910, 1, 0, 1, 2, 0, 1, 1, 2]),
 (12, [928, 83, 0, 0, 1, 1729, 887, 0, 0, 0, 0, 1, 1, 0, 1]),
 (12, [1008, 40, 1, 1, 1, 1900, 1523, 1, 1, 2, 1, 0, 0, 1, 0])]
population
[(999, [1920, 68, 1, 0, 1, 678, 1716, 1, 0, 3, 5, 1, 2, 2, 1]),
 (999, [1805, 87, 1, 1, 1, 1446, 1786, 0, 1, 1, 5, 0, 0, 0, 0]),
 (999, [1718, 117, 1, 0, 0, 1149, 1770, 1, 0, 1, 5, 1, 1, 1, 1]),
 (999, [1274, 107, 0, 1, 0, 692, 1292, 0, 1, 3, 0, 0, 0, 1, 2]),
 (999, [1115, 99, 1, 0, 0, 1931, 1526, 1, 1, 3, 5, 0, 0, 0, 2]),
 (999, [957, 73, 1, 1, 1, 817, 1747, 0, 0, 0, 5, 1, 2, 1, 1]),
 (33, [1324, 37, 0, 0, 0, 1426, 1899, 1, 1, 1, 3, 1, 2, 1, 2]),
 (16, [2032, 102, 0, 0, 1, 1383, 1993, 0, 1, 1, 4, 0, 2, 2, 2]),
 (16, [1829, 120, 0, 1, 1, 723, 865, 0, 1, 1, 3, 0, 2, 0, 0]),
 (16, [1794, 16, 1, 1, 0, 953, 1385, 0, 0, 0, 1, 0, 0, 2, 0]),
 (16, [1537, 119, 0, 1, 1, 971, 543, 1, 0, 1, 3, 0, 0, 1, 1]),
 (16, [1448, 62, 0, 1, 0, 1180, 1087, 1, 0, 2, 0, 0, 2, 0, 1]),
 (16, [1200, 15, 1, 1, 0, 2036, 974, 0, 1, 0, 0, 1, 0, 0, 2]),
 (16, [1162, 21, 1, 1, 0, 1525, 723, 1, 1, 0, 0, 1, 2, 2, 0]),
 (16, [1050, 110, 1, 1, 0, 910, 1780, 1, 0, 1, 1, 0, 1, 2, 2]),
 (16, [887, 104, 0, 1, 0, 1848, 1564, 0, 1, 0, 3, 1, 2, 2, 1]),
 (16, [762, 94, 1, 1, 1, 1985, 1364, 0, 0, 1, 2, 1, 1, 1, 1]),
 (16, [512, 103, 0, 0, 0, 1074, 728, 0, 1, 0, 2, 0, 1, 2, 1]),
 (12, [2014, 54, 0, 0, 1, 1054, 1514, 0, 0, 2, 3, 1, 2, 2, 0]),
 (12, [1866, 55, 1, 0, 1, 1095, 929, 0, 1, 0, 1, 0, 0, 2, 1]),
 (12, [1764, 105, 1, 1, 0, 533, 811, 1, 1, 0, 0, 0, 2, 2, 0]),
 (12, [1757, 32, 0, 0, 1, 1087, 1896, 0, 0, 2, 1, 0, 2, 0, 2]),
 (12, [1663, 82, 1, 1, 0, 1791, 1431, 0, 0, 1, 0, 0, 1, 2, 2]),
 (12, [1462, 24, 1, 1, 0, 649, 1876, 1, 0, 2, 1, 1, 1, 1, 0]),
 (12, [1414, 71, 1, 0, 1, 682, 910, 1, 0, 1, 2, 0, 1, 1, 2]),
 (12, [1313, 36, 0, 0, 0, 1331, 1034, 1, 1, 0, 1, 1, 2, 1, 0]),
 (12, [1008, 40, 1, 1, 1, 1900, 1523, 1, 1, 2, 1, 0, 0, 1, 0]),
 (12, [928, 83, 0, 0, 1, 1729, 887, 0, 0, 0, 0, 1, 1, 0, 1]),
 (12, [833, 23, 1, 1, 0, 1495, 1814, 0, 0, 1, 4, 1, 0, 0, 2]),
 (12, [776, 117, 0, 1, 1, 1147, 1299, 0, 1, 1, 4, 0, 2, 2, 2]),
 (12, [566, 65, 0, 1, 1, 848, 1177, 1, 0, 2, 3, 0, 2, 1, 1]),
 (12, [525, 111, 1, 0, 0, 1461, 1925, 1, 0, 0, 3, 1, 0, 0, 0])]
scored
[(12, [525, 111, 1, 0, 0, 1461, 1925, 1, 0, 0, 3, 1, 0, 0, 0]),
 (12, [566, 65, 0, 1, 1, 848, 1177, 1, 0, 2, 3, 0, 2, 1, 1]),
 (12, [776, 117, 0, 1, 1, 1147, 1299, 0, 1, 1, 4, 0, 2, 2, 2]),
 (12, [833, 23, 1, 1, 0, 1495, 1814, 0, 0, 1, 4, 1, 0, 0, 2]),
 (12, [928, 83, 0, 0, 1, 1729, 887, 0, 0, 0, 0, 1, 1, 0, 1]),
 (12, [1008, 40, 1, 1, 1, 1900, 1523, 1, 1, 2, 1, 0, 0, 1, 0]),
 (12, [1313, 36, 0, 0, 0, 1331, 1034, 1, 1, 0, 1, 1, 2, 1, 0]),
 (12, [1414, 71, 1, 0, 1, 682, 910, 1, 0, 1, 2, 0, 1, 1, 2]),
 (12, [1462, 24, 1, 1, 0, 649, 1876, 1, 0, 2, 1, 1, 1, 1, 0]),
 (12, [1663, 82, 1, 1, 0, 1791, 1431, 0, 0, 1, 0, 0, 1, 2, 2]),
 (12, [1757, 32, 0, 0, 1, 1087, 1896, 0, 0, 2, 1, 0, 2, 0, 2]),
 (12, [1764, 105, 1, 1, 0, 533, 811, 1, 1, 0, 0, 0, 2, 2, 0]),
 (12, [1866, 55, 1, 0, 1, 1095, 929, 0, 1, 0, 1, 0, 0, 2, 1]),
 (12, [2014, 54, 0, 0, 1, 1054, 1514, 0, 0, 2, 3, 1, 2, 2, 0]),
 (16, [512, 103, 0, 0, 0, 1074, 728, 0, 1, 0, 2, 0, 1, 2, 1]),
 (16, [762, 94, 1, 1, 1, 1985, 1364, 0, 0, 1, 2, 1, 1, 1, 1]),
 (16, [887, 104, 0, 1, 0, 1848, 1564, 0, 1, 0, 3, 1, 2, 2, 1]),
 (16, [1050, 110, 1, 1, 0, 910, 1780, 1, 0, 1, 1, 0, 1, 2, 2]),
 (16, [1162, 21, 1, 1, 0, 1525, 723, 1, 1, 0, 0, 1, 2, 2, 0]),
 (16, [1200, 15, 1, 1, 0, 2036, 974, 0, 1, 0, 0, 1, 0, 0, 2]),
 (16, [1448, 62, 0, 1, 0, 1180, 1087, 1, 0, 2, 0, 0, 2, 0, 1]),
 (16, [1537, 119, 0, 1, 1, 971, 543, 1, 0, 1, 3, 0, 0, 1, 1]),
 (16, [1794, 16, 1, 1, 0, 953, 1385, 0, 0, 0, 1, 0, 0, 2, 0]),
 (16, [1829, 120, 0, 1, 1, 723, 865, 0, 1, 1, 3, 0, 2, 0, 0]),
 (16, [2032, 102, 0, 0, 1, 1383, 1993, 0, 1, 1, 4, 0, 2, 2, 2]),
 (33, [1324, 37, 0, 0, 0, 1426, 1899, 1, 1, 1, 3, 1, 2, 1, 2]),
 (999, [957, 73, 1, 1, 1, 817, 1747, 0, 0, 0, 5, 1, 2, 1, 1]),
 (999, [1115, 99, 1, 0, 0, 1931, 1526, 1, 1, 3, 5, 0, 0, 0, 2]),
 (999, [1274, 107, 0, 1, 0, 692, 1292, 0, 1, 3, 0, 0, 0, 1, 2]),
 (999, [1718, 117, 1, 0, 0, 1149, 1770, 1, 0, 1, 5, 1, 1, 1, 1]),
 (999, [1805, 87, 1, 1, 1, 1446, 1786, 0, 1, 1, 5, 0, 0, 0, 0]),
 (999, [1920, 68, 1, 0, 1, 678, 1716, 1, 0, 3, 5, 1, 2, 2, 1])]
Selected
[(12, [1757, 32, 0, 0, 1, 1087, 1896, 0, 0, 2, 1, 0, 2, 0, 2]),
 (12, [1008, 40, 1, 1, 1, 1900, 1523, 1, 1, 2, 1, 0, 0, 1, 0]),
 (12, [776, 117, 0, 1, 1, 1147, 1299, 0, 1, 1, 4, 0, 2, 2, 2]),
 (12, [525, 111, 1, 0, 0, 1461, 1925, 1, 0, 0, 3, 1, 0, 0, 0]),
 (12, [566, 65, 0, 1, 1, 848, 1177, 1, 0, 2, 3, 0, 2, 1, 1]),
 (12, [776, 117, 0, 1, 1, 1147, 1299, 0, 1, 1, 4, 0, 2, 2, 2]),
 (12, [928, 83, 0, 0, 1, 1729, 887, 0, 0, 0, 0, 1, 1, 0, 1]),
 (12, [1414, 71, 1, 0, 1, 682, 910, 1, 0, 1, 2, 0, 1, 1, 2]),
 (12, [1414, 71, 1, 0, 1, 682, 910, 1, 0, 1, 2, 0, 1, 1, 2]),
 (12, [833, 23, 1, 1, 0, 1495, 1814, 0, 0, 1, 4, 1, 0, 0, 2]),
 (12, [1414, 71, 1, 0, 1, 682, 910, 1, 0, 1, 2, 0, 1, 1, 2]),
 (12, [928, 83, 0, 0, 1, 1729, 887, 0, 0, 0, 0, 1, 1, 0, 1]),
 (12, [1663, 82, 1, 1, 0, 1791, 1431, 0, 0, 1, 0, 0, 1, 2, 2]),
 (12, [1008, 40, 1, 1, 1, 1900, 1523, 1, 1, 2, 1, 0, 0, 1, 0]),
 (12, [776, 117, 0, 1, 1, 1147, 1299, 0, 1, 1, 4, 0, 2, 2, 2]),
 (12, [776, 117, 0, 1, 1, 1147, 1299, 0, 1, 1, 4, 0, 2, 2, 2]),
 (12, [525, 111, 1, 0, 0, 1461, 1925, 1, 0, 0, 3, 1, 0, 0, 0]),
 (12, [1663, 82, 1, 1, 0, 1791, 1431, 0, 0, 1, 0, 0, 1, 2, 2]),
 (12, [833, 23, 1, 1, 0, 1495, 1814, 0, 0, 1, 4, 1, 0, 0, 2]),
 (12, [928, 83, 0, 0, 1, 1729, 887, 0, 0, 0, 0, 1, 1, 0, 1]),
 (12, [1414, 71, 1, 0, 1, 682, 910, 1, 0, 1, 2, 0, 1, 1, 2]),
 (12, [525, 111, 1, 0, 0, 1461, 1925, 1, 0, 0, 3, 1, 0, 0, 0]),
 (12, [525, 111, 1, 0, 0, 1461, 1925, 1, 0, 0, 3, 1, 0, 0, 0]),
 (12, [525, 111, 1, 0, 0, 1461, 1925, 1, 0, 0, 3, 1, 0, 0, 0]),
 (12, [833, 23, 1, 1, 0, 1495, 1814, 0, 0, 1, 4, 1, 0, 0, 2]),
 (12, [1414, 71, 1, 0, 1, 682, 910, 1, 0, 1, 2, 0, 1, 1, 2]),
 (12, [1008, 40, 1, 1, 1, 1900, 1523, 1, 1, 2, 1, 0, 0, 1, 0])]
population
[(999, [1920, 68, 1, 0, 1, 678, 1716, 1, 0, 3, 5, 1, 2, 2, 1]),
 (999, [1805, 87, 1, 1, 1, 1446, 1786, 0, 1, 1, 5, 0, 0, 0, 0]),
 (999, [1718, 117, 1, 0, 0, 1149, 1770, 1, 0, 1, 5, 1, 1, 1, 1]),
 (999, [1274, 107, 0, 1, 0, 692, 1292, 0, 1, 3, 0, 0, 0, 1, 2]),
 (999, [1115, 99, 1, 0, 0, 1931, 1526, 1, 1, 3, 5, 0, 0, 0, 2]),
 (999, [957, 73, 1, 1, 1, 817, 1747, 0, 0, 0, 5, 1, 2, 1, 1]),
 (33, [1324, 37, 0, 0, 0, 1426, 1899, 1, 1, 1, 3, 1, 2, 1, 2]),
 (16, [2032, 102, 0, 0, 1, 1383, 1993, 0, 1, 1, 4, 0, 2, 2, 2]),
 (16, [1829, 120, 0, 1, 1, 723, 865, 0, 1, 1, 3, 0, 2, 0, 0]),
 (16, [1794, 16, 1, 1, 0, 953, 1385, 0, 0, 0, 1, 0, 0, 2, 0]),
 (16, [1537, 119, 0, 1, 1, 971, 543, 1, 0, 1, 3, 0, 0, 1, 1]),
 (16, [1448, 62, 0, 1, 0, 1180, 1087, 1, 0, 2, 0, 0, 2, 0, 1]),
 (16, [1200, 15, 1, 1, 0, 2036, 974, 0, 1, 0, 0, 1, 0, 0, 2]),
 (16, [1162, 21, 1, 1, 0, 1525, 723, 1, 1, 0, 0, 1, 2, 2, 0]),
 (16, [1050, 110, 1, 1, 0, 910, 1780, 1, 0, 1, 1, 0, 1, 2, 2]),
 (16, [887, 104, 0, 1, 0, 1848, 1564, 0, 1, 0, 3, 1, 2, 2, 1]),
 (16, [762, 94, 1, 1, 1, 1985, 1364, 0, 0, 1, 2, 1, 1, 1, 1]),
 (16, [512, 103, 0, 0, 0, 1074, 728, 0, 1, 0, 2, 0, 1, 2, 1]),
 (12, [2014, 54, 0, 0, 1, 1054, 1514, 0, 0, 2, 3, 1, 2, 2, 0]),
 (12, [1866, 55, 1, 0, 1, 1095, 929, 0, 1, 0, 1, 0, 0, 2, 1]),
 (12, [1764, 105, 1, 1, 0, 533, 811, 1, 1, 0, 0, 0, 2, 2, 0]),
 (12, [1757, 32, 0, 0, 1, 1087, 1896, 0, 0, 2, 1, 0, 2, 0, 2]),
 (12, [1663, 82, 1, 1, 0, 1791, 1431, 0, 0, 1, 0, 0, 1, 2, 2]),
 (12, [1462, 24, 1, 1, 0, 649, 1876, 1, 0, 2, 1, 1, 1, 1, 0]),
 (12, [1414, 71, 1, 0, 1, 682, 910, 1, 0, 1, 2, 0, 1, 1, 2]),
 (12, [1313, 36, 0, 0, 0, 1331, 1034, 1, 1, 0, 1, 1, 2, 1, 0]),
 (12, [1008, 40, 1, 1, 1, 1900, 1523, 1, 1, 2, 1, 0, 0, 1, 0]),
 (12, [928, 83, 0, 0, 1, 1729, 887, 0, 0, 0, 0, 1, 1, 0, 1]),
 (12, [833, 23, 1, 1, 0, 1495, 1814, 0, 0, 1, 4, 1, 0, 0, 2]),
 (12, [776, 117, 0, 1, 1, 1147, 1299, 0, 1, 1, 4, 0, 2, 2, 2]),
 (12, [566, 65, 0, 1, 1, 848, 1177, 1, 0, 2, 3, 0, 2, 1, 1]),
 (12, [525, 111, 1, 0, 0, 1461, 1925, 1, 0, 0, 3, 1, 0, 0, 0])]
scored
[(12, [525, 111, 1, 0, 0, 1461, 1925, 1, 0, 0, 3, 1, 0, 0, 0]),
 (12, [566, 65, 0, 1, 1, 848, 1177, 1, 0, 2, 3, 0, 2, 1, 1]),
 (12, [776, 117, 0, 1, 1, 1147, 1299, 0, 1, 1, 4, 0, 2, 2, 2]),
 (12, [833, 23, 1, 1, 0, 1495, 1814, 0, 0, 1, 4, 1, 0, 0, 2]),
 (12, [928, 83, 0, 0, 1, 1729, 887, 0, 0, 0, 0, 1, 1, 0, 1]),
 (12, [1008, 40, 1, 1, 1, 1900, 1523, 1, 1, 2, 1, 0, 0, 1, 0]),
 (12, [1313, 36, 0, 0, 0, 1331, 1034, 1, 1, 0, 1, 1, 2, 1, 0]),
 (12, [1414, 71, 1, 0, 1, 682, 910, 1, 0, 1, 2, 0, 1, 1, 2]),
 (12, [1462, 24, 1, 1, 0, 649, 1876, 1, 0, 2, 1, 1, 1, 1, 0]),
 (12, [1663, 82, 1, 1, 0, 1791, 1431, 0, 0, 1, 0, 0, 1, 2, 2]),
 (12, [1757, 32, 0, 0, 1, 1087, 1896, 0, 0, 2, 1, 0, 2, 0, 2]),
 (12, [1764, 105, 1, 1, 0, 533, 811, 1, 1, 0, 0, 0, 2, 2, 0]),
 (12, [1866, 55, 1, 0, 1, 1095, 929, 0, 1, 0, 1, 0, 0, 2, 1]),
 (12, [2014, 54, 0, 0, 1, 1054, 1514, 0, 0, 2, 3, 1, 2, 2, 0]),
 (16, [512, 103, 0, 0, 0, 1074, 728, 0, 1, 0, 2, 0, 1, 2, 1]),
 (16, [762, 94, 1, 1, 1, 1985, 1364, 0, 0, 1, 2, 1, 1, 1, 1]),
 (16, [887, 104, 0, 1, 0, 1848, 1564, 0, 1, 0, 3, 1, 2, 2, 1]),
 (16, [1050, 110, 1, 1, 0, 910, 1780, 1, 0, 1, 1, 0, 1, 2, 2]),
 (16, [1162, 21, 1, 1, 0, 1525, 723, 1, 1, 0, 0, 1, 2, 2, 0]),
 (16, [1200, 15, 1, 1, 0, 2036, 974, 0, 1, 0, 0, 1, 0, 0, 2]),
 (16, [1448, 62, 0, 1, 0, 1180, 1087, 1, 0, 2, 0, 0, 2, 0, 1]),
 (16, [1537, 119, 0, 1, 1, 971, 543, 1, 0, 1, 3, 0, 0, 1, 1]),
 (16, [1794, 16, 1, 1, 0, 953, 1385, 0, 0, 0, 1, 0, 0, 2, 0]),
 (16, [1829, 120, 0, 1, 1, 723, 865, 0, 1, 1, 3, 0, 2, 0, 0]),
 (16, [2032, 102, 0, 0, 1, 1383, 1993, 0, 1, 1, 4, 0, 2, 2, 2]),
 (33, [1324, 37, 0, 0, 0, 1426, 1899, 1, 1, 1, 3, 1, 2, 1, 2]),
 (999, [957, 73, 1, 1, 1, 817, 1747, 0, 0, 0, 5, 1, 2, 1, 1]),
 (999, [1115, 99, 1, 0, 0, 1931, 1526, 1, 1, 3, 5, 0, 0, 0, 2]),
 (999, [1274, 107, 0, 1, 0, 692, 1292, 0, 1, 3, 0, 0, 0, 1, 2]),
 (999, [1718, 117, 1, 0, 0, 1149, 1770, 1, 0, 1, 5, 1, 1, 1, 1]),
 (999, [1805, 87, 1, 1, 1, 1446, 1786, 0, 1, 1, 5, 0, 0, 0, 0]),
 (999, [1920, 68, 1, 0, 1, 678, 1716, 1, 0, 3, 5, 1, 2, 2, 1])]
Selected
[(12, [776, 117, 0, 1, 1, 1147, 1299, 0, 1, 1, 4, 0, 2, 2, 2]),
 (12, [1462, 24, 1, 1, 0, 649, 1876, 1, 0, 2, 1, 1, 1, 1, 0]),
 (12, [1757, 32, 0, 0, 1, 1087, 1896, 0, 0, 2, 1, 0, 2, 0, 2]),
 (12, [928, 83, 0, 0, 1, 1729, 887, 0, 0, 0, 0, 1, 1, 0, 1]),
 (12, [928, 83, 0, 0, 1, 1729, 887, 0, 0, 0, 0, 1, 1, 0, 1]),
 (12, [1462, 24, 1, 1, 0, 649, 1876, 1, 0, 2, 1, 1, 1, 1, 0]),
 (12, [833, 23, 1, 1, 0, 1495, 1814, 0, 0, 1, 4, 1, 0, 0, 2]),
 (16, [1050, 110, 1, 1, 0, 910, 1780, 1, 0, 1, 1, 0, 1, 2, 2]),
 (12, [525, 111, 1, 0, 0, 1461, 1925, 1, 0, 0, 3, 1, 0, 0, 0]),
 (12, [1866, 55, 1, 0, 1, 1095, 929, 0, 1, 0, 1, 0, 0, 2, 1]),
 (12, [1008, 40, 1, 1, 1, 1900, 1523, 1, 1, 2, 1, 0, 0, 1, 0]),
 (12, [1414, 71, 1, 0, 1, 682, 910, 1, 0, 1, 2, 0, 1, 1, 2]),
 (12, [2014, 54, 0, 0, 1, 1054, 1514, 0, 0, 2, 3, 1, 2, 2, 0]),
 (12, [833, 23, 1, 1, 0, 1495, 1814, 0, 0, 1, 4, 1, 0, 0, 2]),
 (12, [525, 111, 1, 0, 0, 1461, 1925, 1, 0, 0, 3, 1, 0, 0, 0]),
 (16, [512, 103, 0, 0, 0, 1074, 728, 0, 1, 0, 2, 0, 1, 2, 1]),
 (12, [1663, 82, 1, 1, 0, 1791, 1431, 0, 0, 1, 0, 0, 1, 2, 2]),
 (12, [566, 65, 0, 1, 1, 848, 1177, 1, 0, 2, 3, 0, 2, 1, 1]),
 (12, [1663, 82, 1, 1, 0, 1791, 1431, 0, 0, 1, 0, 0, 1, 2, 2]),
 (12, [1462, 24, 1, 1, 0, 649, 1876, 1, 0, 2, 1, 1, 1, 1, 0]),
 (12, [833, 23, 1, 1, 0, 1495, 1814, 0, 0, 1, 4, 1, 0, 0, 2]),
 (12, [1008, 40, 1, 1, 1, 1900, 1523, 1, 1, 2, 1, 0, 0, 1, 0]),
 (12, [1008, 40, 1, 1, 1, 1900, 1523, 1, 1, 2, 1, 0, 0, 1, 0]),
 (12, [1313, 36, 0, 0, 0, 1331, 1034, 1, 1, 0, 1, 1, 2, 1, 0]),
 (12, [1414, 71, 1, 0, 1, 682, 910, 1, 0, 1, 2, 0, 1, 1, 2]),
 (16, [1162, 21, 1, 1, 0, 1525, 723, 1, 1, 0, 0, 1, 2, 2, 0]),
 (12, [776, 117, 0, 1, 1, 1147, 1299, 0, 1, 1, 4, 0, 2, 2, 2])]
population
[(999, [1920, 68, 1, 0, 1, 678, 1716, 1, 0, 3, 5, 1, 2, 2, 1]),
 (999, [1805, 87, 1, 1, 1, 1446, 1786, 0, 1, 1, 5, 0, 0, 0, 0]),
 (999, [1718, 117, 1, 0, 0, 1149, 1770, 1, 0, 1, 5, 1, 1, 1, 1]),
 (999, [1274, 107, 0, 1, 0, 692, 1292, 0, 1, 3, 0, 0, 0, 1, 2]),
 (999, [1115, 99, 1, 0, 0, 1931, 1526, 1, 1, 3, 5, 0, 0, 0, 2]),
 (999, [957, 73, 1, 1, 1, 817, 1747, 0, 0, 0, 5, 1, 2, 1, 1]),
 (33, [1324, 37, 0, 0, 0, 1426, 1899, 1, 1, 1, 3, 1, 2, 1, 2]),
 (16, [2032, 102, 0, 0, 1, 1383, 1993, 0, 1, 1, 4, 0, 2, 2, 2]),
 (16, [1829, 120, 0, 1, 1, 723, 865, 0, 1, 1, 3, 0, 2, 0, 0]),
 (16, [1794, 16, 1, 1, 0, 953, 1385, 0, 0, 0, 1, 0, 0, 2, 0]),
 (16, [1537, 119, 0, 1, 1, 971, 543, 1, 0, 1, 3, 0, 0, 1, 1]),
 (16, [1448, 62, 0, 1, 0, 1180, 1087, 1, 0, 2, 0, 0, 2, 0, 1]),
 (16, [1200, 15, 1, 1, 0, 2036, 974, 0, 1, 0, 0, 1, 0, 0, 2]),
 (16, [1162, 21, 1, 1, 0, 1525, 723, 1, 1, 0, 0, 1, 2, 2, 0]),
 (16, [1050, 110, 1, 1, 0, 910, 1780, 1, 0, 1, 1, 0, 1, 2, 2]),
 (16, [887, 104, 0, 1, 0, 1848, 1564, 0, 1, 0, 3, 1, 2, 2, 1]),
 (16, [762, 94, 1, 1, 1, 1985, 1364, 0, 0, 1, 2, 1, 1, 1, 1]),
 (16, [512, 103, 0, 0, 0, 1074, 728, 0, 1, 0, 2, 0, 1, 2, 1]),
 (12, [2014, 54, 0, 0, 1, 1054, 1514, 0, 0, 2, 3, 1, 2, 2, 0]),
 (12, [1866, 55, 1, 0, 1, 1095, 929, 0, 1, 0, 1, 0, 0, 2, 1]),
 (12, [1764, 105, 1, 1, 0, 533, 811, 1, 1, 0, 0, 0, 2, 2, 0]),
 (12, [1757, 32, 0, 0, 1, 1087, 1896, 0, 0, 2, 1, 0, 2, 0, 2]),
 (12, [1663, 82, 1, 1, 0, 1791, 1431, 0, 0, 1, 0, 0, 1, 2, 2]),
 (12, [1462, 24, 1, 1, 0, 649, 1876, 1, 0, 2, 1, 1, 1, 1, 0]),
 (12, [1414, 71, 1, 0, 1, 682, 910, 1, 0, 1, 2, 0, 1, 1, 2]),
 (12, [1313, 36, 0, 0, 0, 1331, 1034, 1, 1, 0, 1, 1, 2, 1, 0]),
 (12, [1008, 40, 1, 1, 1, 1900, 1523, 1, 1, 2, 1, 0, 0, 1, 0]),
 (12, [928, 83, 0, 0, 1, 1729, 887, 0, 0, 0, 0, 1, 1, 0, 1]),
 (12, [833, 23, 1, 1, 0, 1495, 1814, 0, 0, 1, 4, 1, 0, 0, 2]),
 (12, [776, 117, 0, 1, 1, 1147, 1299, 0, 1, 1, 4, 0, 2, 2, 2]),
 (12, [566, 65, 0, 1, 1, 848, 1177, 1, 0, 2, 3, 0, 2, 1, 1]),
 (12, [525, 111, 1, 0, 0, 1461, 1925, 1, 0, 0, 3, 1, 0, 0, 0])]
scored
[(12, [525, 111, 1, 0, 0, 1461, 1925, 1, 0, 0, 3, 1, 0, 0, 0]),
 (12, [566, 65, 0, 1, 1, 848, 1177, 1, 0, 2, 3, 0, 2, 1, 1]),
 (12, [776, 117, 0, 1, 1, 1147, 1299, 0, 1, 1, 4, 0, 2, 2, 2]),
 (12, [833, 23, 1, 1, 0, 1495, 1814, 0, 0, 1, 4, 1, 0, 0, 2]),
 (12, [928, 83, 0, 0, 1, 1729, 887, 0, 0, 0, 0, 1, 1, 0, 1]),
 (12, [1008, 40, 1, 1, 1, 1900, 1523, 1, 1, 2, 1, 0, 0, 1, 0]),
 (12, [1313, 36, 0, 0, 0, 1331, 1034, 1, 1, 0, 1, 1, 2, 1, 0]),
 (12, [1414, 71, 1, 0, 1, 682, 910, 1, 0, 1, 2, 0, 1, 1, 2]),
 (12, [1462, 24, 1, 1, 0, 649, 1876, 1, 0, 2, 1, 1, 1, 1, 0]),
 (12, [1663, 82, 1, 1, 0, 1791, 1431, 0, 0, 1, 0, 0, 1, 2, 2]),
 (12, [1757, 32, 0, 0, 1, 1087, 1896, 0, 0, 2, 1, 0, 2, 0, 2]),
 (12, [1764, 105, 1, 1, 0, 533, 811, 1, 1, 0, 0, 0, 2, 2, 0]),
 (12, [1866, 55, 1, 0, 1, 1095, 929, 0, 1, 0, 1, 0, 0, 2, 1]),
 (12, [2014, 54, 0, 0, 1, 1054, 1514, 0, 0, 2, 3, 1, 2, 2, 0]),
 (16, [512, 103, 0, 0, 0, 1074, 728, 0, 1, 0, 2, 0, 1, 2, 1]),
 (16, [762, 94, 1, 1, 1, 1985, 1364, 0, 0, 1, 2, 1, 1, 1, 1]),
 (16, [887, 104, 0, 1, 0, 1848, 1564, 0, 1, 0, 3, 1, 2, 2, 1]),
 (16, [1050, 110, 1, 1, 0, 910, 1780, 1, 0, 1, 1, 0, 1, 2, 2]),
 (16, [1162, 21, 1, 1, 0, 1525, 723, 1, 1, 0, 0, 1, 2, 2, 0]),
 (16, [1200, 15, 1, 1, 0, 2036, 974, 0, 1, 0, 0, 1, 0, 0, 2]),
 (16, [1448, 62, 0, 1, 0, 1180, 1087, 1, 0, 2, 0, 0, 2, 0, 1]),
 (16, [1537, 119, 0, 1, 1, 971, 543, 1, 0, 1, 3, 0, 0, 1, 1]),
 (16, [1794, 16, 1, 1, 0, 953, 1385, 0, 0, 0, 1, 0, 0, 2, 0]),
 (16, [1829, 120, 0, 1, 1, 723, 865, 0, 1, 1, 3, 0, 2, 0, 0]),
 (16, [2032, 102, 0, 0, 1, 1383, 1993, 0, 1, 1, 4, 0, 2, 2, 2]),
 (33, [1324, 37, 0, 0, 0, 1426, 1899, 1, 1, 1, 3, 1, 2, 1, 2]),
 (999, [957, 73, 1, 1, 1, 817, 1747, 0, 0, 0, 5, 1, 2, 1, 1]),
 (999, [1115, 99, 1, 0, 0, 1931, 1526, 1, 1, 3, 5, 0, 0, 0, 2]),
 (999, [1274, 107, 0, 1, 0, 692, 1292, 0, 1, 3, 0, 0, 0, 1, 2]),
 (999, [1718, 117, 1, 0, 0, 1149, 1770, 1, 0, 1, 5, 1, 1, 1, 1]),
 (999, [1805, 87, 1, 1, 1, 1446, 1786, 0, 1, 1, 5, 0, 0, 0, 0]),
 (999, [1920, 68, 1, 0, 1, 678, 1716, 1, 0, 3, 5, 1, 2, 2, 1])]
Selected
[(12, [566, 65, 0, 1, 1, 848, 1177, 1, 0, 2, 3, 0, 2, 1, 1]),
 (12, [525, 111, 1, 0, 0, 1461, 1925, 1, 0, 0, 3, 1, 0, 0, 0]),
 (12, [776, 117, 0, 1, 1, 1147, 1299, 0, 1, 1, 4, 0, 2, 2, 2]),
 (12, [928, 83, 0, 0, 1, 1729, 887, 0, 0, 0, 0, 1, 1, 0, 1]),
 (12, [566, 65, 0, 1, 1, 848, 1177, 1, 0, 2, 3, 0, 2, 1, 1]),
 (12, [833, 23, 1, 1, 0, 1495, 1814, 0, 0, 1, 4, 1, 0, 0, 2]),
 (12, [525, 111, 1, 0, 0, 1461, 1925, 1, 0, 0, 3, 1, 0, 0, 0]),
 (16, [762, 94, 1, 1, 1, 1985, 1364, 0, 0, 1, 2, 1, 1, 1, 1]),
 (16, [1200, 15, 1, 1, 0, 2036, 974, 0, 1, 0, 0, 1, 0, 0, 2]),
 (12, [833, 23, 1, 1, 0, 1495, 1814, 0, 0, 1, 4, 1, 0, 0, 2]),
 (12, [525, 111, 1, 0, 0, 1461, 1925, 1, 0, 0, 3, 1, 0, 0, 0]),
 (12, [776, 117, 0, 1, 1, 1147, 1299, 0, 1, 1, 4, 0, 2, 2, 2]),
 (12, [525, 111, 1, 0, 0, 1461, 1925, 1, 0, 0, 3, 1, 0, 0, 0]),
 (12, [1313, 36, 0, 0, 0, 1331, 1034, 1, 1, 0, 1, 1, 2, 1, 0]),
 (12, [776, 117, 0, 1, 1, 1147, 1299, 0, 1, 1, 4, 0, 2, 2, 2]),
 (12, [1757, 32, 0, 0, 1, 1087, 1896, 0, 0, 2, 1, 0, 2, 0, 2]),
 (12, [525, 111, 1, 0, 0, 1461, 1925, 1, 0, 0, 3, 1, 0, 0, 0]),
 (12, [1764, 105, 1, 1, 0, 533, 811, 1, 1, 0, 0, 0, 2, 2, 0]),
 (12, [1414, 71, 1, 0, 1, 682, 910, 1, 0, 1, 2, 0, 1, 1, 2]),
 (12, [566, 65, 0, 1, 1, 848, 1177, 1, 0, 2, 3, 0, 2, 1, 1]),
 (12, [928, 83, 0, 0, 1, 1729, 887, 0, 0, 0, 0, 1, 1, 0, 1]),
 (12, [566, 65, 0, 1, 1, 848, 1177, 1, 0, 2, 3, 0, 2, 1, 1]),
 (12, [1462, 24, 1, 1, 0, 649, 1876, 1, 0, 2, 1, 1, 1, 1, 0]),
 (12, [1008, 40, 1, 1, 1, 1900, 1523, 1, 1, 2, 1, 0, 0, 1, 0]),
 (12, [833, 23, 1, 1, 0, 1495, 1814, 0, 0, 1, 4, 1, 0, 0, 2]),
 (12, [525, 111, 1, 0, 0, 1461, 1925, 1, 0, 0, 3, 1, 0, 0, 0]),
 (12, [525, 111, 1, 0, 0, 1461, 1925, 1, 0, 0, 3, 1, 0, 0, 0])]
population
[(999, [1920, 68, 1, 0, 1, 678, 1716, 1, 0, 3, 5, 1, 2, 2, 1]),
 (999, [1805, 87, 1, 1, 1, 1446, 1786, 0, 1, 1, 5, 0, 0, 0, 0]),
 (999, [1718, 117, 1, 0, 0, 1149, 1770, 1, 0, 1, 5, 1, 1, 1, 1]),
 (999, [1274, 107, 0, 1, 0, 692, 1292, 0, 1, 3, 0, 0, 0, 1, 2]),
 (999, [1115, 99, 1, 0, 0, 1931, 1526, 1, 1, 3, 5, 0, 0, 0, 2]),
 (999, [957, 73, 1, 1, 1, 817, 1747, 0, 0, 0, 5, 1, 2, 1, 1]),
 (33, [1324, 37, 0, 0, 0, 1426, 1899, 1, 1, 1, 3, 1, 2, 1, 2]),
 (16, [2032, 102, 0, 0, 1, 1383, 1993, 0, 1, 1, 4, 0, 2, 2, 2]),
 (16, [1829, 120, 0, 1, 1, 723, 865, 0, 1, 1, 3, 0, 2, 0, 0]),
 (16, [1794, 16, 1, 1, 0, 953, 1385, 0, 0, 0, 1, 0, 0, 2, 0]),
 (16, [1537, 119, 0, 1, 1, 971, 543, 1, 0, 1, 3, 0, 0, 1, 1]),
 (16, [1448, 62, 0, 1, 0, 1180, 1087, 1, 0, 2, 0, 0, 2, 0, 1]),
 (16, [1200, 15, 1, 1, 0, 2036, 974, 0, 1, 0, 0, 1, 0, 0, 2]),
 (16, [1162, 21, 1, 1, 0, 1525, 723, 1, 1, 0, 0, 1, 2, 2, 0]),
 (16, [1050, 110, 1, 1, 0, 910, 1780, 1, 0, 1, 1, 0, 1, 2, 2]),
 (16, [887, 104, 0, 1, 0, 1848, 1564, 0, 1, 0, 3, 1, 2, 2, 1]),
 (16, [762, 94, 1, 1, 1, 1985, 1364, 0, 0, 1, 2, 1, 1, 1, 1]),
 (16, [512, 103, 0, 0, 0, 1074, 728, 0, 1, 0, 2, 0, 1, 2, 1]),
 (12, [2014, 54, 0, 0, 1, 1054, 1514, 0, 0, 2, 3, 1, 2, 2, 0]),
 (12, [1866, 55, 1, 0, 1, 1095, 929, 0, 1, 0, 1, 0, 0, 2, 1]),
 (12, [1764, 105, 1, 1, 0, 533, 811, 1, 1, 0, 0, 0, 2, 2, 0]),
 (12, [1757, 32, 0, 0, 1, 1087, 1896, 0, 0, 2, 1, 0, 2, 0, 2]),
 (12, [1663, 82, 1, 1, 0, 1791, 1431, 0, 0, 1, 0, 0, 1, 2, 2]),
 (12, [1462, 24, 1, 1, 0, 649, 1876, 1, 0, 2, 1, 1, 1, 1, 0]),
 (12, [1414, 71, 1, 0, 1, 682, 910, 1, 0, 1, 2, 0, 1, 1, 2]),
 (12, [1313, 36, 0, 0, 0, 1331, 1034, 1, 1, 0, 1, 1, 2, 1, 0]),
 (12, [1008, 40, 1, 1, 1, 1900, 1523, 1, 1, 2, 1, 0, 0, 1, 0]),
 (12, [928, 83, 0, 0, 1, 1729, 887, 0, 0, 0, 0, 1, 1, 0, 1]),
 (12, [833, 23, 1, 1, 0, 1495, 1814, 0, 0, 1, 4, 1, 0, 0, 2]),
 (12, [776, 117, 0, 1, 1, 1147, 1299, 0, 1, 1, 4, 0, 2, 2, 2]),
 (12, [566, 65, 0, 1, 1, 848, 1177, 1, 0, 2, 3, 0, 2, 1, 1]),
 (12, [525, 111, 1, 0, 0, 1461, 1925, 1, 0, 0, 3, 1, 0, 0, 0])]
scored
[(12, [525, 111, 1, 0, 0, 1461, 1925, 1, 0, 0, 3, 1, 0, 0, 0]),
 (12, [566, 65, 0, 1, 1, 848, 1177, 1, 0, 2, 3, 0, 2, 1, 1]),
 (12, [776, 117, 0, 1, 1, 1147, 1299, 0, 1, 1, 4, 0, 2, 2, 2]),
 (12, [833, 23, 1, 1, 0, 1495, 1814, 0, 0, 1, 4, 1, 0, 0, 2]),
 (12, [928, 83, 0, 0, 1, 1729, 887, 0, 0, 0, 0, 1, 1, 0, 1]),
 (12, [1008, 40, 1, 1, 1, 1900, 1523, 1, 1, 2, 1, 0, 0, 1, 0]),
 (12, [1313, 36, 0, 0, 0, 1331, 1034, 1, 1, 0, 1, 1, 2, 1, 0]),
 (12, [1414, 71, 1, 0, 1, 682, 910, 1, 0, 1, 2, 0, 1, 1, 2]),
 (12, [1462, 24, 1, 1, 0, 649, 1876, 1, 0, 2, 1, 1, 1, 1, 0]),
 (12, [1663, 82, 1, 1, 0, 1791, 1431, 0, 0, 1, 0, 0, 1, 2, 2]),
 (12, [1757, 32, 0, 0, 1, 1087, 1896, 0, 0, 2, 1, 0, 2, 0, 2]),
 (12, [1764, 105, 1, 1, 0, 533, 811, 1, 1, 0, 0, 0, 2, 2, 0]),
 (12, [1866, 55, 1, 0, 1, 1095, 929, 0, 1, 0, 1, 0, 0, 2, 1]),
 (12, [2014, 54, 0, 0, 1, 1054, 1514, 0, 0, 2, 3, 1, 2, 2, 0]),
 (16, [512, 103, 0, 0, 0, 1074, 728, 0, 1, 0, 2, 0, 1, 2, 1]),
 (16, [762, 94, 1, 1, 1, 1985, 1364, 0, 0, 1, 2, 1, 1, 1, 1]),
 (16, [887, 104, 0, 1, 0, 1848, 1564, 0, 1, 0, 3, 1, 2, 2, 1]),
 (16, [1050, 110, 1, 1, 0, 910, 1780, 1, 0, 1, 1, 0, 1, 2, 2]),
 (16, [1162, 21, 1, 1, 0, 1525, 723, 1, 1, 0, 0, 1, 2, 2, 0]),
 (16, [1200, 15, 1, 1, 0, 2036, 974, 0, 1, 0, 0, 1, 0, 0, 2]),
 (16, [1448, 62, 0, 1, 0, 1180, 1087, 1, 0, 2, 0, 0, 2, 0, 1]),
 (16, [1537, 119, 0, 1, 1, 971, 543, 1, 0, 1, 3, 0, 0, 1, 1]),
 (16, [1794, 16, 1, 1, 0, 953, 1385, 0, 0, 0, 1, 0, 0, 2, 0]),
 (16, [1829, 120, 0, 1, 1, 723, 865, 0, 1, 1, 3, 0, 2, 0, 0]),
 (16, [2032, 102, 0, 0, 1, 1383, 1993, 0, 1, 1, 4, 0, 2, 2, 2]),
 (33, [1324, 37, 0, 0, 0, 1426, 1899, 1, 1, 1, 3, 1, 2, 1, 2]),
 (999, [957, 73, 1, 1, 1, 817, 1747, 0, 0, 0, 5, 1, 2, 1, 1]),
 (999, [1115, 99, 1, 0, 0, 1931, 1526, 1, 1, 3, 5, 0, 0, 0, 2]),
 (999, [1274, 107, 0, 1, 0, 692, 1292, 0, 1, 3, 0, 0, 0, 1, 2]),
 (999, [1718, 117, 1, 0, 0, 1149, 1770, 1, 0, 1, 5, 1, 1, 1, 1]),
 (999, [1805, 87, 1, 1, 1, 1446, 1786, 0, 1, 1, 5, 0, 0, 0, 0]),
 (999, [1920, 68, 1, 0, 1, 678, 1716, 1, 0, 3, 5, 1, 2, 2, 1])]
Selected
[(12, [1663, 82, 1, 1, 0, 1791, 1431, 0, 0, 1, 0, 0, 1, 2, 2]),
 (12, [1866, 55, 1, 0, 1, 1095, 929, 0, 1, 0, 1, 0, 0, 2, 1]),
 (12, [1764, 105, 1, 1, 0, 533, 811, 1, 1, 0, 0, 0, 2, 2, 0]),
 (12, [776, 117, 0, 1, 1, 1147, 1299, 0, 1, 1, 4, 0, 2, 2, 2]),
 (12, [1462, 24, 1, 1, 0, 649, 1876, 1, 0, 2, 1, 1, 1, 1, 0]),
 (12, [1764, 105, 1, 1, 0, 533, 811, 1, 1, 0, 0, 0, 2, 2, 0]),
 (16, [512, 103, 0, 0, 0, 1074, 728, 0, 1, 0, 2, 0, 1, 2, 1]),
 (12, [1866, 55, 1, 0, 1, 1095, 929, 0, 1, 0, 1, 0, 0, 2, 1]),
 (12, [1866, 55, 1, 0, 1, 1095, 929, 0, 1, 0, 1, 0, 0, 2, 1]),
 (12, [1414, 71, 1, 0, 1, 682, 910, 1, 0, 1, 2, 0, 1, 1, 2]),
 (12, [1866, 55, 1, 0, 1, 1095, 929, 0, 1, 0, 1, 0, 0, 2, 1]),
 (12, [525, 111, 1, 0, 0, 1461, 1925, 1, 0, 0, 3, 1, 0, 0, 0]),
 (12, [525, 111, 1, 0, 0, 1461, 1925, 1, 0, 0, 3, 1, 0, 0, 0]),
 (16, [1448, 62, 0, 1, 0, 1180, 1087, 1, 0, 2, 0, 0, 2, 0, 1]),
 (12, [525, 111, 1, 0, 0, 1461, 1925, 1, 0, 0, 3, 1, 0, 0, 0]),
 (12, [1313, 36, 0, 0, 0, 1331, 1034, 1, 1, 0, 1, 1, 2, 1, 0]),
 (12, [1462, 24, 1, 1, 0, 649, 1876, 1, 0, 2, 1, 1, 1, 1, 0]),
 (12, [566, 65, 0, 1, 1, 848, 1177, 1, 0, 2, 3, 0, 2, 1, 1]),
 (12, [566, 65, 0, 1, 1, 848, 1177, 1, 0, 2, 3, 0, 2, 1, 1]),
 (12, [833, 23, 1, 1, 0, 1495, 1814, 0, 0, 1, 4, 1, 0, 0, 2]),
 (12, [776, 117, 0, 1, 1, 1147, 1299, 0, 1, 1, 4, 0, 2, 2, 2]),
 (12, [776, 117, 0, 1, 1, 1147, 1299, 0, 1, 1, 4, 0, 2, 2, 2]),
 (12, [525, 111, 1, 0, 0, 1461, 1925, 1, 0, 0, 3, 1, 0, 0, 0]),
 (12, [776, 117, 0, 1, 1, 1147, 1299, 0, 1, 1, 4, 0, 2, 2, 2]),
 (12, [566, 65, 0, 1, 1, 848, 1177, 1, 0, 2, 3, 0, 2, 1, 1]),
 (12, [2014, 54, 0, 0, 1, 1054, 1514, 0, 0, 2, 3, 1, 2, 2, 0]),
 (12, [1757, 32, 0, 0, 1, 1087, 1896, 0, 0, 2, 1, 0, 2, 0, 2])]
population
[(999, [1920, 68, 1, 0, 1, 678, 1716, 1, 0, 3, 5, 1, 2, 2, 1]),
 (999, [1805, 87, 1, 1, 1, 1446, 1786, 0, 1, 1, 5, 0, 0, 0, 0]),
 (999, [1718, 117, 1, 0, 0, 1149, 1770, 1, 0, 1, 5, 1, 1, 1, 1]),
 (999, [1274, 107, 0, 1, 0, 692, 1292, 0, 1, 3, 0, 0, 0, 1, 2]),
 (999, [1115, 99, 1, 0, 0, 1931, 1526, 1, 1, 3, 5, 0, 0, 0, 2]),
 (999, [957, 73, 1, 1, 1, 817, 1747, 0, 0, 0, 5, 1, 2, 1, 1]),
 (33, [1324, 37, 0, 0, 0, 1426, 1899, 1, 1, 1, 3, 1, 2, 1, 2]),
 (16, [2032, 102, 0, 0, 1, 1383, 1993, 0, 1, 1, 4, 0, 2, 2, 2]),
 (16, [1829, 120, 0, 1, 1, 723, 865, 0, 1, 1, 3, 0, 2, 0, 0]),
 (16, [1794, 16, 1, 1, 0, 953, 1385, 0, 0, 0, 1, 0, 0, 2, 0]),
 (16, [1537, 119, 0, 1, 1, 971, 543, 1, 0, 1, 3, 0, 0, 1, 1]),
 (16, [1448, 62, 0, 1, 0, 1180, 1087, 1, 0, 2, 0, 0, 2, 0, 1]),
 (16, [1200, 15, 1, 1, 0, 2036, 974, 0, 1, 0, 0, 1, 0, 0, 2]),
 (16, [1162, 21, 1, 1, 0, 1525, 723, 1, 1, 0, 0, 1, 2, 2, 0]),
 (16, [1050, 110, 1, 1, 0, 910, 1780, 1, 0, 1, 1, 0, 1, 2, 2]),
 (16, [887, 104, 0, 1, 0, 1848, 1564, 0, 1, 0, 3, 1, 2, 2, 1]),
 (16, [762, 94, 1, 1, 1, 1985, 1364, 0, 0, 1, 2, 1, 1, 1, 1]),
 (16, [512, 103, 0, 0, 0, 1074, 728, 0, 1, 0, 2, 0, 1, 2, 1]),
 (12, [2014, 54, 0, 0, 1, 1054, 1514, 0, 0, 2, 3, 1, 2, 2, 0]),
 (12, [1866, 55, 1, 0, 1, 1095, 929, 0, 1, 0, 1, 0, 0, 2, 1]),
 (12, [1764, 105, 1, 1, 0, 533, 811, 1, 1, 0, 0, 0, 2, 2, 0]),
 (12, [1757, 32, 0, 0, 1, 1087, 1896, 0, 0, 2, 1, 0, 2, 0, 2]),
 (12, [1663, 82, 1, 1, 0, 1791, 1431, 0, 0, 1, 0, 0, 1, 2, 2]),
 (12, [1462, 24, 1, 1, 0, 649, 1876, 1, 0, 2, 1, 1, 1, 1, 0]),
 (12, [1414, 71, 1, 0, 1, 682, 910, 1, 0, 1, 2, 0, 1, 1, 2]),
 (12, [1313, 36, 0, 0, 0, 1331, 1034, 1, 1, 0, 1, 1, 2, 1, 0]),
 (12, [1008, 40, 1, 1, 1, 1900, 1523, 1, 1, 2, 1, 0, 0, 1, 0]),
 (12, [928, 83, 0, 0, 1, 1729, 887, 0, 0, 0, 0, 1, 1, 0, 1]),
 (12, [833, 23, 1, 1, 0, 1495, 1814, 0, 0, 1, 4, 1, 0, 0, 2]),
 (12, [776, 117, 0, 1, 1, 1147, 1299, 0, 1, 1, 4, 0, 2, 2, 2]),
 (12, [566, 65, 0, 1, 1, 848, 1177, 1, 0, 2, 3, 0, 2, 1, 1]),
 (12, [525, 111, 1, 0, 0, 1461, 1925, 1, 0, 0, 3, 1, 0, 0, 0])]
scored
[(12, [525, 111, 1, 0, 0, 1461, 1925, 1, 0, 0, 3, 1, 0, 0, 0]),
 (12, [566, 65, 0, 1, 1, 848, 1177, 1, 0, 2, 3, 0, 2, 1, 1]),
 (12, [776, 117, 0, 1, 1, 1147, 1299, 0, 1, 1, 4, 0, 2, 2, 2]),
 (12, [833, 23, 1, 1, 0, 1495, 1814, 0, 0, 1, 4, 1, 0, 0, 2]),
 (12, [928, 83, 0, 0, 1, 1729, 887, 0, 0, 0, 0, 1, 1, 0, 1]),
 (12, [1008, 40, 1, 1, 1, 1900, 1523, 1, 1, 2, 1, 0, 0, 1, 0]),
 (12, [1313, 36, 0, 0, 0, 1331, 1034, 1, 1, 0, 1, 1, 2, 1, 0]),
 (12, [1414, 71, 1, 0, 1, 682, 910, 1, 0, 1, 2, 0, 1, 1, 2]),
 (12, [1462, 24, 1, 1, 0, 649, 1876, 1, 0, 2, 1, 1, 1, 1, 0]),
 (12, [1663, 82, 1, 1, 0, 1791, 1431, 0, 0, 1, 0, 0, 1, 2, 2]),
 (12, [1757, 32, 0, 0, 1, 1087, 1896, 0, 0, 2, 1, 0, 2, 0, 2]),
 (12, [1764, 105, 1, 1, 0, 533, 811, 1, 1, 0, 0, 0, 2, 2, 0]),
 (12, [1866, 55, 1, 0, 1, 1095, 929, 0, 1, 0, 1, 0, 0, 2, 1]),
 (12, [2014, 54, 0, 0, 1, 1054, 1514, 0, 0, 2, 3, 1, 2, 2, 0]),
 (16, [512, 103, 0, 0, 0, 1074, 728, 0, 1, 0, 2, 0, 1, 2, 1]),
 (16, [762, 94, 1, 1, 1, 1985, 1364, 0, 0, 1, 2, 1, 1, 1, 1]),
 (16, [887, 104, 0, 1, 0, 1848, 1564, 0, 1, 0, 3, 1, 2, 2, 1]),
 (16, [1050, 110, 1, 1, 0, 910, 1780, 1, 0, 1, 1, 0, 1, 2, 2]),
 (16, [1162, 21, 1, 1, 0, 1525, 723, 1, 1, 0, 0, 1, 2, 2, 0]),
 (16, [1200, 15, 1, 1, 0, 2036, 974, 0, 1, 0, 0, 1, 0, 0, 2]),
 (16, [1448, 62, 0, 1, 0, 1180, 1087, 1, 0, 2, 0, 0, 2, 0, 1]),
 (16, [1537, 119, 0, 1, 1, 971, 543, 1, 0, 1, 3, 0, 0, 1, 1]),
 (16, [1794, 16, 1, 1, 0, 953, 1385, 0, 0, 0, 1, 0, 0, 2, 0]),
 (16, [1829, 120, 0, 1, 1, 723, 865, 0, 1, 1, 3, 0, 2, 0, 0]),
 (16, [2032, 102, 0, 0, 1, 1383, 1993, 0, 1, 1, 4, 0, 2, 2, 2]),
 (33, [1324, 37, 0, 0, 0, 1426, 1899, 1, 1, 1, 3, 1, 2, 1, 2]),
 (999, [957, 73, 1, 1, 1, 817, 1747, 0, 0, 0, 5, 1, 2, 1, 1]),
 (999, [1115, 99, 1, 0, 0, 1931, 1526, 1, 1, 3, 5, 0, 0, 0, 2]),
 (999, [1274, 107, 0, 1, 0, 692, 1292, 0, 1, 3, 0, 0, 0, 1, 2]),
 (999, [1718, 117, 1, 0, 0, 1149, 1770, 1, 0, 1, 5, 1, 1, 1, 1]),
 (999, [1805, 87, 1, 1, 1, 1446, 1786, 0, 1, 1, 5, 0, 0, 0, 0]),
 (999, [1920, 68, 1, 0, 1, 678, 1716, 1, 0, 3, 5, 1, 2, 2, 1])]
Selected
[(12, [525, 111, 1, 0, 0, 1461, 1925, 1, 0, 0, 3, 1, 0, 0, 0]),
 (12, [833, 23, 1, 1, 0, 1495, 1814, 0, 0, 1, 4, 1, 0, 0, 2]),
 (12, [1663, 82, 1, 1, 0, 1791, 1431, 0, 0, 1, 0, 0, 1, 2, 2]),
 (12, [928, 83, 0, 0, 1, 1729, 887, 0, 0, 0, 0, 1, 1, 0, 1]),
 (12, [1462, 24, 1, 1, 0, 649, 1876, 1, 0, 2, 1, 1, 1, 1, 0]),
 (12, [1313, 36, 0, 0, 0, 1331, 1034, 1, 1, 0, 1, 1, 2, 1, 0]),
 (12, [1866, 55, 1, 0, 1, 1095, 929, 0, 1, 0, 1, 0, 0, 2, 1]),
 (12, [833, 23, 1, 1, 0, 1495, 1814, 0, 0, 1, 4, 1, 0, 0, 2]),
 (12, [1008, 40, 1, 1, 1, 1900, 1523, 1, 1, 2, 1, 0, 0, 1, 0]),
 (12, [1663, 82, 1, 1, 0, 1791, 1431, 0, 0, 1, 0, 0, 1, 2, 2]),
 (12, [1757, 32, 0, 0, 1, 1087, 1896, 0, 0, 2, 1, 0, 2, 0, 2]),
 (12, [525, 111, 1, 0, 0, 1461, 1925, 1, 0, 0, 3, 1, 0, 0, 0]),
 (12, [928, 83, 0, 0, 1, 1729, 887, 0, 0, 0, 0, 1, 1, 0, 1]),
 (12, [525, 111, 1, 0, 0, 1461, 1925, 1, 0, 0, 3, 1, 0, 0, 0]),
 (12, [1764, 105, 1, 1, 0, 533, 811, 1, 1, 0, 0, 0, 2, 2, 0]),
 (12, [776, 117, 0, 1, 1, 1147, 1299, 0, 1, 1, 4, 0, 2, 2, 2]),
 (12, [776, 117, 0, 1, 1, 1147, 1299, 0, 1, 1, 4, 0, 2, 2, 2]),
 (12, [1008, 40, 1, 1, 1, 1900, 1523, 1, 1, 2, 1, 0, 0, 1, 0]),
 (12, [776, 117, 0, 1, 1, 1147, 1299, 0, 1, 1, 4, 0, 2, 2, 2]),
 (12, [1008, 40, 1, 1, 1, 1900, 1523, 1, 1, 2, 1, 0, 0, 1, 0]),
 (12, [566, 65, 0, 1, 1, 848, 1177, 1, 0, 2, 3, 0, 2, 1, 1]),
 (12, [525, 111, 1, 0, 0, 1461, 1925, 1, 0, 0, 3, 1, 0, 0, 0]),
 (12, [1414, 71, 1, 0, 1, 682, 910, 1, 0, 1, 2, 0, 1, 1, 2]),
 (12, [1008, 40, 1, 1, 1, 1900, 1523, 1, 1, 2, 1, 0, 0, 1, 0]),
 (12, [928, 83, 0, 0, 1, 1729, 887, 0, 0, 0, 0, 1, 1, 0, 1]),
 (12, [928, 83, 0, 0, 1, 1729, 887, 0, 0, 0, 0, 1, 1, 0, 1]),
 (12, [1414, 71, 1, 0, 1, 682, 910, 1, 0, 1, 2, 0, 1, 1, 2])]

Poblacin de 32 individuos durante 15 generaciones
Poblacin inicial:
[(999, [1920, 68, 1, 0, 1, 678, 1716, 1, 0, 3, 5, 1, 2, 2, 1]),
 (999, [1805, 87, 1, 1, 1, 1446, 1786, 0, 1, 1, 5, 0, 0, 0, 0]),
 (999, [1718, 117, 1, 0, 0, 1149, 1770, 1, 0, 1, 5, 1, 1, 1, 1]),
 (999, [1274, 107, 0, 1, 0, 692, 1292, 0, 1, 3, 0, 0, 0, 1, 2]),
 (999, [1115, 99, 1, 0, 0, 1931, 1526, 1, 1, 3, 5, 0, 0, 0, 2]),
 (999, [957, 73, 1, 1, 1, 817, 1747, 0, 0, 0, 5, 1, 2, 1, 1]),
 (33, [1324, 37, 0, 0, 0, 1426, 1899, 1, 1, 1, 3, 1, 2, 1, 2]),
 (16, [2032, 102, 0, 0, 1, 1383, 1993, 0, 1, 1, 4, 0, 2, 2, 2]),
 (16, [1829, 120, 0, 1, 1, 723, 865, 0, 1, 1, 3, 0, 2, 0, 0]),
 (16, [1794, 16, 1, 1, 0, 953, 1385, 0, 0, 0, 1, 0, 0, 2, 0]),
 (16, [1537, 119, 0, 1, 1, 971, 543, 1, 0, 1, 3, 0, 0, 1, 1]),
 (16, [1448, 62, 0, 1, 0, 1180, 1087, 1, 0, 2, 0, 0, 2, 0, 1]),
 (16, [1200, 15, 1, 1, 0, 2036, 974, 0, 1, 0, 0, 1, 0, 0, 2]),
 (16, [1162, 21, 1, 1, 0, 1525, 723, 1, 1, 0, 0, 1, 2, 2, 0]),
 (16, [1050, 110, 1, 1, 0, 910, 1780, 1, 0, 1, 1, 0, 1, 2, 2]),
 (16, [887, 104, 0, 1, 0, 1848, 1564, 0, 1, 0, 3, 1, 2, 2, 1]),
 (16, [762, 94, 1, 1, 1, 1985, 1364, 0, 0, 1, 2, 1, 1, 1, 1]),
 (16, [512, 103, 0, 0, 0, 1074, 728, 0, 1, 0, 2, 0, 1, 2, 1]),
 (12, [2014, 54, 0, 0, 1, 1054, 1514, 0, 0, 2, 3, 1, 2, 2, 0]),
 (12, [1866, 55, 1, 0, 1, 1095, 929, 0, 1, 0, 1, 0, 0, 2, 1]),
 (12, [1764, 105, 1, 1, 0, 533, 811, 1, 1, 0, 0, 0, 2, 2, 0]),
 (12, [1757, 32, 0, 0, 1, 1087, 1896, 0, 0, 2, 1, 0, 2, 0, 2]),
 (12, [1663, 82, 1, 1, 0, 1791, 1431, 0, 0, 1, 0, 0, 1, 2, 2]),
 (12, [1462, 24, 1, 1, 0, 649, 1876, 1, 0, 2, 1, 1, 1, 1, 0]),
 (12, [1414, 71, 1, 0, 1, 682, 910, 1, 0, 1, 2, 0, 1, 1, 2]),
 (12, [1313, 36, 0, 0, 0, 1331, 1034, 1, 1, 0, 1, 1, 2, 1, 0]),
 (12, [1008, 40, 1, 1, 1, 1900, 1523, 1, 1, 2, 1, 0, 0, 1, 0]),
 (12, [928, 83, 0, 0, 1, 1729, 887, 0, 0, 0, 0, 1, 1, 0, 1]),
 (12, [833, 23, 1, 1, 0, 1495, 1814, 0, 0, 1, 4, 1, 0, 0, 2]),
 (12, [776, 117, 0, 1, 1, 1147, 1299, 0, 1, 1, 4, 0, 2, 2, 2]),
 (12, [566, 65, 0, 1, 1, 848, 1177, 1, 0, 2, 3, 0, 2, 1, 1]),
 (12, [525, 111, 1, 0, 0, 1461, 1925, 1, 0, 0, 3, 1, 0, 0, 0])]
Poblacin final:
[(999, [1920, 68, 1, 0, 1, 678, 1716, 1, 0, 3, 5, 1, 2, 2, 1]),
 (999, [1805, 87, 1, 1, 1, 1446, 1786, 0, 1, 1, 5, 0, 0, 0, 0]),
 (999, [1718, 117, 1, 0, 0, 1149, 1770, 1, 0, 1, 5, 1, 1, 1, 1]),
 (999, [1274, 107, 0, 1, 0, 692, 1292, 0, 1, 3, 0, 0, 0, 1, 2]),
 (999, [1115, 99, 1, 0, 0, 1931, 1526, 1, 1, 3, 5, 0, 0, 0, 2]),
 (999, [957, 73, 1, 1, 1, 817, 1747, 0, 0, 0, 5, 1, 2, 1, 1]),
 (33, [1324, 37, 0, 0, 0, 1426, 1899, 1, 1, 1, 3, 1, 2, 1, 2]),
 (16, [2032, 102, 0, 0, 1, 1383, 1993, 0, 1, 1, 4, 0, 2, 2, 2]),
 (16, [1829, 120, 0, 1, 1, 723, 865, 0, 1, 1, 3, 0, 2, 0, 0]),
 (16, [1794, 16, 1, 1, 0, 953, 1385, 0, 0, 0, 1, 0, 0, 2, 0]),
 (16, [1537, 119, 0, 1, 1, 971, 543, 1, 0, 1, 3, 0, 0, 1, 1]),
 (16, [1448, 62, 0, 1, 0, 1180, 1087, 1, 0, 2, 0, 0, 2, 0, 1]),
 (16, [1200, 15, 1, 1, 0, 2036, 974, 0, 1, 0, 0, 1, 0, 0, 2]),
 (16, [1162, 21, 1, 1, 0, 1525, 723, 1, 1, 0, 0, 1, 2, 2, 0]),
 (16, [1050, 110, 1, 1, 0, 910, 1780, 1, 0, 1, 1, 0, 1, 2, 2]),
 (16, [887, 104, 0, 1, 0, 1848, 1564, 0, 1, 0, 3, 1, 2, 2, 1]),
 (16, [762, 94, 1, 1, 1, 1985, 1364, 0, 0, 1, 2, 1, 1, 1, 1]),
 (16, [512, 103, 0, 0, 0, 1074, 728, 0, 1, 0, 2, 0, 1, 2, 1]),
 (12, [2014, 54, 0, 0, 1, 1054, 1514, 0, 0, 2, 3, 1, 2, 2, 0]),
 (12, [1866, 55, 1, 0, 1, 1095, 929, 0, 1, 0, 1, 0, 0, 2, 1]),
 (12, [1764, 105, 1, 1, 0, 533, 811, 1, 1, 0, 0, 0, 2, 2, 0]),
 (12, [1757, 32, 0, 0, 1, 1087, 1896, 0, 0, 2, 1, 0, 2, 0, 2]),
 (12, [1663, 82, 1, 1, 0, 1791, 1431, 0, 0, 1, 0, 0, 1, 2, 2]),
 (12, [1462, 24, 1, 1, 0, 649, 1876, 1, 0, 2, 1, 1, 1, 1, 0]),
 (12, [1414, 71, 1, 0, 1, 682, 910, 1, 0, 1, 2, 0, 1, 1, 2]),
 (12, [1313, 36, 0, 0, 0, 1331, 1034, 1, 1, 0, 1, 1, 2, 1, 0]),
 (12, [1008, 40, 1, 1, 1, 1900, 1523, 1, 1, 2, 1, 0, 0, 1, 0]),
 (12, [928, 83, 0, 0, 1, 1729, 887, 0, 0, 0, 0, 1, 1, 0, 1]),
 (12, [833, 23, 1, 1, 0, 1495, 1814, 0, 0, 1, 4, 1, 0, 0, 2]),
 (12, [776, 117, 0, 1, 1, 1147, 1299, 0, 1, 1, 4, 0, 2, 2, 2]),
 (12, [566, 65, 0, 1, 1, 848, 1177, 1, 0, 2, 3, 0, 2, 1, 1]),
 (12, [525, 111, 1, 0, 0, 1461, 1925, 1, 0, 0, 3, 1, 0, 0, 0])]
Elapsed time is 956.786426 seconds.
