 * Manually resetting nginx to stopped state
 * Manually resetting nginx to stopped state
 * Manually resetting nginx to stopped state
 * Manually resetting nginx to stopped state
 * Manually resetting nginx to stopped state
 * Manually resetting nginx to stopped state
 * Manually resetting nginx to stopped state
 * Manually resetting nginx to stopped state
 * Manually resetting nginx to stopped state
 * Manually resetting nginx to stopped state
 * Manually resetting nginx to stopped state
 * Manually resetting nginx to stopped state
 * Manually resetting nginx to stopped state
 * Manually resetting nginx to stopped state
 * Manually resetting nginx to stopped state
 * Manually resetting nginx to stopped state
 * Manually resetting nginx to stopped state
 * Manually resetting nginx to stopped state
 * Manually resetting nginx to stopped state
 * Manually resetting nginx to stopped state
genes: 15
individuals : 32
pressure: 5
mutation_chance: 0
generations: 15
crossover_type: 1
mutation_type_random: 0
Alerts:
12
Alerts:
16
Alerts:
12
Alerts:
16
Alerts:
12
Alerts:
12
Alerts:
16
Alerts:
12
Alerts:
12
Alerts:
16
Alerts:
16
Alerts:
12
Alerts:
12
Alerts:
16
Alerts:
12
Alerts:
12
Alerts:
16
Alerts:
16
Alerts:
16
Alerts:
16
population
[(12, [1841, 28, 0, 0, 0, 1449, 1256, 1, 0, 2, 0, 1, 2, 1, 1]),
 (16, [2044, 98, 0, 0, 1, 1586, 719, 0, 1, 2, 4, 1, 2, 2, 0]),
 (999, [1166, 61, 0, 1, 1, 1672, 1010, 1, 1, 3, 3, 0, 1, 2, 2]),
 (12, [1583, 60, 0, 1, 1, 1478, 1395, 1, 0, 2, 0, 0, 0, 1, 1]),
 (999, [1730, 104, 0, 1, 1, 1930, 1713, 0, 0, 3, 2, 1, 0, 0, 1]),
 (16, [1259, 34, 1, 1, 0, 1706, 907, 0, 1, 0, 4, 1, 1, 2, 1]),
 (999, [941, 49, 0, 1, 0, 1175, 797, 1, 1, 3, 2, 0, 1, 0, 0]),
 (999, [1391, 42, 1, 1, 0, 2031, 670, 0, 1, 2, 5, 1, 1, 1, 0]),
 (12, [655, 51, 1, 1, 0, 1553, 821, 0, 1, 1, 3, 0, 0, 1, 0]),
 (12, [1535, 62, 0, 1, 0, 1100, 914, 0, 1, 1, 3, 1, 0, 1, 2]),
 (16, [1903, 94, 0, 1, 1, 1432, 974, 1, 0, 2, 4, 0, 2, 0, 2]),
 (999, [1390, 102, 1, 1, 1, 1543, 1957, 1, 0, 3, 0, 0, 1, 1, 0]),
 (12, [1111, 60, 0, 0, 1, 834, 1840, 0, 0, 2, 0, 0, 1, 0, 2]),
 (999, [1647, 83, 1, 0, 1, 618, 1647, 0, 0, 1, 5, 0, 1, 2, 1]),
 (12, [516, 81, 0, 0, 1, 845, 1744, 0, 0, 0, 3, 1, 2, 1, 0]),
 (16, [1886, 42, 0, 0, 0, 1127, 1385, 0, 1, 0, 0, 0, 1, 0, 2]),
 (16, [653, 62, 1, 1, 0, 1734, 585, 0, 1, 1, 0, 1, 2, 1, 0]),
 (12, [1765, 112, 0, 0, 0, 852, 794, 0, 1, 2, 0, 1, 0, 1, 1]),
 (999, [1859, 44, 1, 1, 1, 842, 616, 0, 1, 2, 5, 0, 2, 2, 1]),
 (999, [1068, 47, 1, 0, 0, 573, 762, 0, 0, 3, 0, 0, 0, 2, 0]),
 (12, [1849, 67, 1, 0, 0, 1867, 1504, 0, 1, 1, 2, 1, 1, 1, 2]),
 (16, [1635, 40, 1, 1, 0, 795, 1626, 0, 1, 2, 0, 1, 0, 1, 2]),
 (12, [1519, 84, 0, 0, 0, 1697, 1364, 1, 1, 2, 4, 1, 2, 2, 2]),
 (12, [1310, 21, 1, 0, 1, 1825, 1382, 1, 0, 2, 4, 1, 0, 2, 0]),
 (999, [670, 13, 1, 1, 0, 1763, 1382, 0, 0, 3, 4, 1, 0, 2, 1]),
 (16, [566, 12, 1, 0, 0, 564, 1699, 1, 1, 2, 2, 0, 0, 0, 0]),
 (16, [512, 94, 1, 1, 1, 1197, 1756, 0, 1, 2, 4, 0, 0, 0, 0]),
 (999, [564, 21, 0, 0, 0, 1457, 973, 0, 0, 3, 5, 0, 2, 2, 2]),
 (999, [1560, 81, 0, 0, 1, 1290, 1355, 0, 0, 2, 5, 0, 1, 0, 0]),
 (16, [1067, 63, 1, 0, 0, 892, 527, 0, 1, 1, 1, 0, 2, 2, 1]),
 (999, [1656, 12, 1, 0, 0, 741, 1703, 0, 0, 3, 5, 1, 1, 2, 1]),
 (16, [1750, 28, 1, 1, 0, 2015, 1393, 0, 1, 1, 4, 1, 0, 2, 2])]
scored
[(12, [516, 81, 0, 0, 1, 845, 1744, 0, 0, 0, 3, 1, 2, 1, 0]),
 (12, [655, 51, 1, 1, 0, 1553, 821, 0, 1, 1, 3, 0, 0, 1, 0]),
 (12, [1111, 60, 0, 0, 1, 834, 1840, 0, 0, 2, 0, 0, 1, 0, 2]),
 (12, [1310, 21, 1, 0, 1, 1825, 1382, 1, 0, 2, 4, 1, 0, 2, 0]),
 (12, [1519, 84, 0, 0, 0, 1697, 1364, 1, 1, 2, 4, 1, 2, 2, 2]),
 (12, [1535, 62, 0, 1, 0, 1100, 914, 0, 1, 1, 3, 1, 0, 1, 2]),
 (12, [1583, 60, 0, 1, 1, 1478, 1395, 1, 0, 2, 0, 0, 0, 1, 1]),
 (12, [1765, 112, 0, 0, 0, 852, 794, 0, 1, 2, 0, 1, 0, 1, 1]),
 (12, [1841, 28, 0, 0, 0, 1449, 1256, 1, 0, 2, 0, 1, 2, 1, 1]),
 (12, [1849, 67, 1, 0, 0, 1867, 1504, 0, 1, 1, 2, 1, 1, 1, 2]),
 (16, [512, 94, 1, 1, 1, 1197, 1756, 0, 1, 2, 4, 0, 0, 0, 0]),
 (16, [566, 12, 1, 0, 0, 564, 1699, 1, 1, 2, 2, 0, 0, 0, 0]),
 (16, [653, 62, 1, 1, 0, 1734, 585, 0, 1, 1, 0, 1, 2, 1, 0]),
 (16, [1067, 63, 1, 0, 0, 892, 527, 0, 1, 1, 1, 0, 2, 2, 1]),
 (16, [1259, 34, 1, 1, 0, 1706, 907, 0, 1, 0, 4, 1, 1, 2, 1]),
 (16, [1635, 40, 1, 1, 0, 795, 1626, 0, 1, 2, 0, 1, 0, 1, 2]),
 (16, [1750, 28, 1, 1, 0, 2015, 1393, 0, 1, 1, 4, 1, 0, 2, 2]),
 (16, [1886, 42, 0, 0, 0, 1127, 1385, 0, 1, 0, 0, 0, 1, 0, 2]),
 (16, [1903, 94, 0, 1, 1, 1432, 974, 1, 0, 2, 4, 0, 2, 0, 2]),
 (16, [2044, 98, 0, 0, 1, 1586, 719, 0, 1, 2, 4, 1, 2, 2, 0]),
 (999, [564, 21, 0, 0, 0, 1457, 973, 0, 0, 3, 5, 0, 2, 2, 2]),
 (999, [670, 13, 1, 1, 0, 1763, 1382, 0, 0, 3, 4, 1, 0, 2, 1]),
 (999, [941, 49, 0, 1, 0, 1175, 797, 1, 1, 3, 2, 0, 1, 0, 0]),
 (999, [1068, 47, 1, 0, 0, 573, 762, 0, 0, 3, 0, 0, 0, 2, 0]),
 (999, [1166, 61, 0, 1, 1, 1672, 1010, 1, 1, 3, 3, 0, 1, 2, 2]),
 (999, [1390, 102, 1, 1, 1, 1543, 1957, 1, 0, 3, 0, 0, 1, 1, 0]),
 (999, [1391, 42, 1, 1, 0, 2031, 670, 0, 1, 2, 5, 1, 1, 1, 0]),
 (999, [1560, 81, 0, 0, 1, 1290, 1355, 0, 0, 2, 5, 0, 1, 0, 0]),
 (999, [1647, 83, 1, 0, 1, 618, 1647, 0, 0, 1, 5, 0, 1, 2, 1]),
 (999, [1656, 12, 1, 0, 0, 741, 1703, 0, 0, 3, 5, 1, 1, 2, 1]),
 (999, [1730, 104, 0, 1, 1, 1930, 1713, 0, 0, 3, 2, 1, 0, 0, 1]),
 (999, [1859, 44, 1, 1, 1, 842, 616, 0, 1, 2, 5, 0, 2, 2, 1])]
Selected
[(12, [1849, 67, 1, 0, 0, 1867, 1504, 0, 1, 1, 2, 1, 1, 1, 2]),
 (12, [516, 81, 0, 0, 1, 845, 1744, 0, 0, 0, 3, 1, 2, 1, 0]),
 (12, [1519, 84, 0, 0, 0, 1697, 1364, 1, 1, 2, 4, 1, 2, 2, 2]),
 (12, [516, 81, 0, 0, 1, 845, 1744, 0, 0, 0, 3, 1, 2, 1, 0]),
 (12, [1310, 21, 1, 0, 1, 1825, 1382, 1, 0, 2, 4, 1, 0, 2, 0]),
 (12, [1535, 62, 0, 1, 0, 1100, 914, 0, 1, 1, 3, 1, 0, 1, 2]),
 (12, [516, 81, 0, 0, 1, 845, 1744, 0, 0, 0, 3, 1, 2, 1, 0]),
 (12, [1583, 60, 0, 1, 1, 1478, 1395, 1, 0, 2, 0, 0, 0, 1, 1]),
 (12, [1849, 67, 1, 0, 0, 1867, 1504, 0, 1, 1, 2, 1, 1, 1, 2]),
 (16, [653, 62, 1, 1, 0, 1734, 585, 0, 1, 1, 0, 1, 2, 1, 0]),
 (12, [1841, 28, 0, 0, 0, 1449, 1256, 1, 0, 2, 0, 1, 2, 1, 1]),
 (12, [1841, 28, 0, 0, 0, 1449, 1256, 1, 0, 2, 0, 1, 2, 1, 1]),
 (16, [566, 12, 1, 0, 0, 564, 1699, 1, 1, 2, 2, 0, 0, 0, 0]),
 (12, [516, 81, 0, 0, 1, 845, 1744, 0, 0, 0, 3, 1, 2, 1, 0]),
 (16, [1259, 34, 1, 1, 0, 1706, 907, 0, 1, 0, 4, 1, 1, 2, 1]),
 (12, [1765, 112, 0, 0, 0, 852, 794, 0, 1, 2, 0, 1, 0, 1, 1]),
 (12, [1519, 84, 0, 0, 0, 1697, 1364, 1, 1, 2, 4, 1, 2, 2, 2]),
 (12, [1841, 28, 0, 0, 0, 1449, 1256, 1, 0, 2, 0, 1, 2, 1, 1]),
 (12, [1841, 28, 0, 0, 0, 1449, 1256, 1, 0, 2, 0, 1, 2, 1, 1]),
 (16, [1259, 34, 1, 1, 0, 1706, 907, 0, 1, 0, 4, 1, 1, 2, 1]),
 (12, [1111, 60, 0, 0, 1, 834, 1840, 0, 0, 2, 0, 0, 1, 0, 2]),
 (12, [1310, 21, 1, 0, 1, 1825, 1382, 1, 0, 2, 4, 1, 0, 2, 0]),
 (12, [516, 81, 0, 0, 1, 845, 1744, 0, 0, 0, 3, 1, 2, 1, 0]),
 (12, [516, 81, 0, 0, 1, 845, 1744, 0, 0, 0, 3, 1, 2, 1, 0]),
 (12, [1310, 21, 1, 0, 1, 1825, 1382, 1, 0, 2, 4, 1, 0, 2, 0]),
 (12, [1535, 62, 0, 1, 0, 1100, 914, 0, 1, 1, 3, 1, 0, 1, 2]),
 (12, [655, 51, 1, 1, 0, 1553, 821, 0, 1, 1, 3, 0, 0, 1, 0])]
population
[(999, [1859, 44, 1, 1, 1, 842, 616, 0, 1, 2, 5, 0, 2, 2, 1]),
 (999, [1730, 104, 0, 1, 1, 1930, 1713, 0, 0, 3, 2, 1, 0, 0, 1]),
 (999, [1656, 12, 1, 0, 0, 741, 1703, 0, 0, 3, 5, 1, 1, 2, 1]),
 (999, [1647, 83, 1, 0, 1, 618, 1647, 0, 0, 1, 5, 0, 1, 2, 1]),
 (999, [1560, 81, 0, 0, 1, 1290, 1355, 0, 0, 2, 5, 0, 1, 0, 0]),
 (999, [1391, 42, 1, 1, 0, 2031, 670, 0, 1, 2, 5, 1, 1, 1, 0]),
 (999, [1390, 102, 1, 1, 1, 1543, 1957, 1, 0, 3, 0, 0, 1, 1, 0]),
 (999, [1166, 61, 0, 1, 1, 1672, 1010, 1, 1, 3, 3, 0, 1, 2, 2]),
 (999, [1068, 47, 1, 0, 0, 573, 762, 0, 0, 3, 0, 0, 0, 2, 0]),
 (999, [941, 49, 0, 1, 0, 1175, 797, 1, 1, 3, 2, 0, 1, 0, 0]),
 (999, [670, 13, 1, 1, 0, 1763, 1382, 0, 0, 3, 4, 1, 0, 2, 1]),
 (999, [564, 21, 0, 0, 0, 1457, 973, 0, 0, 3, 5, 0, 2, 2, 2]),
 (16, [2044, 98, 0, 0, 1, 1586, 719, 0, 1, 2, 4, 1, 2, 2, 0]),
 (16, [1903, 94, 0, 1, 1, 1432, 974, 1, 0, 2, 4, 0, 2, 0, 2]),
 (16, [1886, 42, 0, 0, 0, 1127, 1385, 0, 1, 0, 0, 0, 1, 0, 2]),
 (16, [1750, 28, 1, 1, 0, 2015, 1393, 0, 1, 1, 4, 1, 0, 2, 2]),
 (16, [1635, 40, 1, 1, 0, 795, 1626, 0, 1, 2, 0, 1, 0, 1, 2]),
 (16, [1259, 34, 1, 1, 0, 1706, 907, 0, 1, 0, 4, 1, 1, 2, 1]),
 (16, [1067, 63, 1, 0, 0, 892, 527, 0, 1, 1, 1, 0, 2, 2, 1]),
 (16, [653, 62, 1, 1, 0, 1734, 585, 0, 1, 1, 0, 1, 2, 1, 0]),
 (16, [566, 12, 1, 0, 0, 564, 1699, 1, 1, 2, 2, 0, 0, 0, 0]),
 (16, [512, 94, 1, 1, 1, 1197, 1756, 0, 1, 2, 4, 0, 0, 0, 0]),
 (12, [1849, 67, 1, 0, 0, 1867, 1504, 0, 1, 1, 2, 1, 1, 1, 2]),
 (12, [1841, 28, 0, 0, 0, 1449, 1256, 1, 0, 2, 0, 1, 2, 1, 1]),
 (12, [1765, 112, 0, 0, 0, 852, 794, 0, 1, 2, 0, 1, 0, 1, 1]),
 (12, [1583, 60, 0, 1, 1, 1478, 1395, 1, 0, 2, 0, 0, 0, 1, 1]),
 (12, [1535, 62, 0, 1, 0, 1100, 914, 0, 1, 1, 3, 1, 0, 1, 2]),
 (12, [1519, 84, 0, 0, 0, 1697, 1364, 1, 1, 2, 4, 1, 2, 2, 2]),
 (12, [1310, 21, 1, 0, 1, 1825, 1382, 1, 0, 2, 4, 1, 0, 2, 0]),
 (12, [1111, 60, 0, 0, 1, 834, 1840, 0, 0, 2, 0, 0, 1, 0, 2]),
 (12, [655, 51, 1, 1, 0, 1553, 821, 0, 1, 1, 3, 0, 0, 1, 0]),
 (12, [516, 81, 0, 0, 1, 845, 1744, 0, 0, 0, 3, 1, 2, 1, 0])]
scored
[(12, [516, 81, 0, 0, 1, 845, 1744, 0, 0, 0, 3, 1, 2, 1, 0]),
 (12, [655, 51, 1, 1, 0, 1553, 821, 0, 1, 1, 3, 0, 0, 1, 0]),
 (12, [1111, 60, 0, 0, 1, 834, 1840, 0, 0, 2, 0, 0, 1, 0, 2]),
 (12, [1310, 21, 1, 0, 1, 1825, 1382, 1, 0, 2, 4, 1, 0, 2, 0]),
 (12, [1519, 84, 0, 0, 0, 1697, 1364, 1, 1, 2, 4, 1, 2, 2, 2]),
 (12, [1535, 62, 0, 1, 0, 1100, 914, 0, 1, 1, 3, 1, 0, 1, 2]),
 (12, [1583, 60, 0, 1, 1, 1478, 1395, 1, 0, 2, 0, 0, 0, 1, 1]),
 (12, [1765, 112, 0, 0, 0, 852, 794, 0, 1, 2, 0, 1, 0, 1, 1]),
 (12, [1841, 28, 0, 0, 0, 1449, 1256, 1, 0, 2, 0, 1, 2, 1, 1]),
 (12, [1849, 67, 1, 0, 0, 1867, 1504, 0, 1, 1, 2, 1, 1, 1, 2]),
 (16, [512, 94, 1, 1, 1, 1197, 1756, 0, 1, 2, 4, 0, 0, 0, 0]),
 (16, [566, 12, 1, 0, 0, 564, 1699, 1, 1, 2, 2, 0, 0, 0, 0]),
 (16, [653, 62, 1, 1, 0, 1734, 585, 0, 1, 1, 0, 1, 2, 1, 0]),
 (16, [1067, 63, 1, 0, 0, 892, 527, 0, 1, 1, 1, 0, 2, 2, 1]),
 (16, [1259, 34, 1, 1, 0, 1706, 907, 0, 1, 0, 4, 1, 1, 2, 1]),
 (16, [1635, 40, 1, 1, 0, 795, 1626, 0, 1, 2, 0, 1, 0, 1, 2]),
 (16, [1750, 28, 1, 1, 0, 2015, 1393, 0, 1, 1, 4, 1, 0, 2, 2]),
 (16, [1886, 42, 0, 0, 0, 1127, 1385, 0, 1, 0, 0, 0, 1, 0, 2]),
 (16, [1903, 94, 0, 1, 1, 1432, 974, 1, 0, 2, 4, 0, 2, 0, 2]),
 (16, [2044, 98, 0, 0, 1, 1586, 719, 0, 1, 2, 4, 1, 2, 2, 0]),
 (999, [564, 21, 0, 0, 0, 1457, 973, 0, 0, 3, 5, 0, 2, 2, 2]),
 (999, [670, 13, 1, 1, 0, 1763, 1382, 0, 0, 3, 4, 1, 0, 2, 1]),
 (999, [941, 49, 0, 1, 0, 1175, 797, 1, 1, 3, 2, 0, 1, 0, 0]),
 (999, [1068, 47, 1, 0, 0, 573, 762, 0, 0, 3, 0, 0, 0, 2, 0]),
 (999, [1166, 61, 0, 1, 1, 1672, 1010, 1, 1, 3, 3, 0, 1, 2, 2]),
 (999, [1390, 102, 1, 1, 1, 1543, 1957, 1, 0, 3, 0, 0, 1, 1, 0]),
 (999, [1391, 42, 1, 1, 0, 2031, 670, 0, 1, 2, 5, 1, 1, 1, 0]),
 (999, [1560, 81, 0, 0, 1, 1290, 1355, 0, 0, 2, 5, 0, 1, 0, 0]),
 (999, [1647, 83, 1, 0, 1, 618, 1647, 0, 0, 1, 5, 0, 1, 2, 1]),
 (999, [1656, 12, 1, 0, 0, 741, 1703, 0, 0, 3, 5, 1, 1, 2, 1]),
 (999, [1730, 104, 0, 1, 1, 1930, 1713, 0, 0, 3, 2, 1, 0, 0, 1]),
 (999, [1859, 44, 1, 1, 1, 842, 616, 0, 1, 2, 5, 0, 2, 2, 1])]
Selected
[(12, [1583, 60, 0, 1, 1, 1478, 1395, 1, 0, 2, 0, 0, 0, 1, 1]),
 (12, [1310, 21, 1, 0, 1, 1825, 1382, 1, 0, 2, 4, 1, 0, 2, 0]),
 (16, [566, 12, 1, 0, 0, 564, 1699, 1, 1, 2, 2, 0, 0, 0, 0]),
 (16, [653, 62, 1, 1, 0, 1734, 585, 0, 1, 1, 0, 1, 2, 1, 0]),
 (12, [1583, 60, 0, 1, 1, 1478, 1395, 1, 0, 2, 0, 0, 0, 1, 1]),
 (16, [512, 94, 1, 1, 1, 1197, 1756, 0, 1, 2, 4, 0, 0, 0, 0]),
 (12, [1519, 84, 0, 0, 0, 1697, 1364, 1, 1, 2, 4, 1, 2, 2, 2]),
 (12, [655, 51, 1, 1, 0, 1553, 821, 0, 1, 1, 3, 0, 0, 1, 0]),
 (12, [1111, 60, 0, 0, 1, 834, 1840, 0, 0, 2, 0, 0, 1, 0, 2]),
 (12, [1519, 84, 0, 0, 0, 1697, 1364, 1, 1, 2, 4, 1, 2, 2, 2]),
 (12, [1535, 62, 0, 1, 0, 1100, 914, 0, 1, 1, 3, 1, 0, 1, 2]),
 (12, [1310, 21, 1, 0, 1, 1825, 1382, 1, 0, 2, 4, 1, 0, 2, 0]),
 (12, [1310, 21, 1, 0, 1, 1825, 1382, 1, 0, 2, 4, 1, 0, 2, 0]),
 (12, [1765, 112, 0, 0, 0, 852, 794, 0, 1, 2, 0, 1, 0, 1, 1]),
 (12, [516, 81, 0, 0, 1, 845, 1744, 0, 0, 0, 3, 1, 2, 1, 0]),
 (12, [1310, 21, 1, 0, 1, 1825, 1382, 1, 0, 2, 4, 1, 0, 2, 0]),
 (12, [1111, 60, 0, 0, 1, 834, 1840, 0, 0, 2, 0, 0, 1, 0, 2]),
 (12, [655, 51, 1, 1, 0, 1553, 821, 0, 1, 1, 3, 0, 0, 1, 0]),
 (16, [1635, 40, 1, 1, 0, 795, 1626, 0, 1, 2, 0, 1, 0, 1, 2]),
 (12, [655, 51, 1, 1, 0, 1553, 821, 0, 1, 1, 3, 0, 0, 1, 0]),
 (12, [1310, 21, 1, 0, 1, 1825, 1382, 1, 0, 2, 4, 1, 0, 2, 0]),
 (12, [1519, 84, 0, 0, 0, 1697, 1364, 1, 1, 2, 4, 1, 2, 2, 2]),
 (12, [1841, 28, 0, 0, 0, 1449, 1256, 1, 0, 2, 0, 1, 2, 1, 1]),
 (16, [653, 62, 1, 1, 0, 1734, 585, 0, 1, 1, 0, 1, 2, 1, 0]),
 (12, [1535, 62, 0, 1, 0, 1100, 914, 0, 1, 1, 3, 1, 0, 1, 2]),
 (12, [516, 81, 0, 0, 1, 845, 1744, 0, 0, 0, 3, 1, 2, 1, 0]),
 (12, [516, 81, 0, 0, 1, 845, 1744, 0, 0, 0, 3, 1, 2, 1, 0])]
population
[(999, [1859, 44, 1, 1, 1, 842, 616, 0, 1, 2, 5, 0, 2, 2, 1]),
 (999, [1730, 104, 0, 1, 1, 1930, 1713, 0, 0, 3, 2, 1, 0, 0, 1]),
 (999, [1656, 12, 1, 0, 0, 741, 1703, 0, 0, 3, 5, 1, 1, 2, 1]),
 (999, [1647, 83, 1, 0, 1, 618, 1647, 0, 0, 1, 5, 0, 1, 2, 1]),
 (999, [1560, 81, 0, 0, 1, 1290, 1355, 0, 0, 2, 5, 0, 1, 0, 0]),
 (999, [1391, 42, 1, 1, 0, 2031, 670, 0, 1, 2, 5, 1, 1, 1, 0]),
 (999, [1390, 102, 1, 1, 1, 1543, 1957, 1, 0, 3, 0, 0, 1, 1, 0]),
 (999, [1166, 61, 0, 1, 1, 1672, 1010, 1, 1, 3, 3, 0, 1, 2, 2]),
 (999, [1068, 47, 1, 0, 0, 573, 762, 0, 0, 3, 0, 0, 0, 2, 0]),
 (999, [941, 49, 0, 1, 0, 1175, 797, 1, 1, 3, 2, 0, 1, 0, 0]),
 (999, [670, 13, 1, 1, 0, 1763, 1382, 0, 0, 3, 4, 1, 0, 2, 1]),
 (999, [564, 21, 0, 0, 0, 1457, 973, 0, 0, 3, 5, 0, 2, 2, 2]),
 (16, [2044, 98, 0, 0, 1, 1586, 719, 0, 1, 2, 4, 1, 2, 2, 0]),
 (16, [1903, 94, 0, 1, 1, 1432, 974, 1, 0, 2, 4, 0, 2, 0, 2]),
 (16, [1886, 42, 0, 0, 0, 1127, 1385, 0, 1, 0, 0, 0, 1, 0, 2]),
 (16, [1750, 28, 1, 1, 0, 2015, 1393, 0, 1, 1, 4, 1, 0, 2, 2]),
 (16, [1635, 40, 1, 1, 0, 795, 1626, 0, 1, 2, 0, 1, 0, 1, 2]),
 (16, [1259, 34, 1, 1, 0, 1706, 907, 0, 1, 0, 4, 1, 1, 2, 1]),
 (16, [1067, 63, 1, 0, 0, 892, 527, 0, 1, 1, 1, 0, 2, 2, 1]),
 (16, [653, 62, 1, 1, 0, 1734, 585, 0, 1, 1, 0, 1, 2, 1, 0]),
 (16, [566, 12, 1, 0, 0, 564, 1699, 1, 1, 2, 2, 0, 0, 0, 0]),
 (16, [512, 94, 1, 1, 1, 1197, 1756, 0, 1, 2, 4, 0, 0, 0, 0]),
 (12, [1849, 67, 1, 0, 0, 1867, 1504, 0, 1, 1, 2, 1, 1, 1, 2]),
 (12, [1841, 28, 0, 0, 0, 1449, 1256, 1, 0, 2, 0, 1, 2, 1, 1]),
 (12, [1765, 112, 0, 0, 0, 852, 794, 0, 1, 2, 0, 1, 0, 1, 1]),
 (12, [1583, 60, 0, 1, 1, 1478, 1395, 1, 0, 2, 0, 0, 0, 1, 1]),
 (12, [1535, 62, 0, 1, 0, 1100, 914, 0, 1, 1, 3, 1, 0, 1, 2]),
 (12, [1519, 84, 0, 0, 0, 1697, 1364, 1, 1, 2, 4, 1, 2, 2, 2]),
 (12, [1310, 21, 1, 0, 1, 1825, 1382, 1, 0, 2, 4, 1, 0, 2, 0]),
 (12, [1111, 60, 0, 0, 1, 834, 1840, 0, 0, 2, 0, 0, 1, 0, 2]),
 (12, [655, 51, 1, 1, 0, 1553, 821, 0, 1, 1, 3, 0, 0, 1, 0]),
 (12, [516, 81, 0, 0, 1, 845, 1744, 0, 0, 0, 3, 1, 2, 1, 0])]
scored
[(12, [516, 81, 0, 0, 1, 845, 1744, 0, 0, 0, 3, 1, 2, 1, 0]),
 (12, [655, 51, 1, 1, 0, 1553, 821, 0, 1, 1, 3, 0, 0, 1, 0]),
 (12, [1111, 60, 0, 0, 1, 834, 1840, 0, 0, 2, 0, 0, 1, 0, 2]),
 (12, [1310, 21, 1, 0, 1, 1825, 1382, 1, 0, 2, 4, 1, 0, 2, 0]),
 (12, [1519, 84, 0, 0, 0, 1697, 1364, 1, 1, 2, 4, 1, 2, 2, 2]),
 (12, [1535, 62, 0, 1, 0, 1100, 914, 0, 1, 1, 3, 1, 0, 1, 2]),
 (12, [1583, 60, 0, 1, 1, 1478, 1395, 1, 0, 2, 0, 0, 0, 1, 1]),
 (12, [1765, 112, 0, 0, 0, 852, 794, 0, 1, 2, 0, 1, 0, 1, 1]),
 (12, [1841, 28, 0, 0, 0, 1449, 1256, 1, 0, 2, 0, 1, 2, 1, 1]),
 (12, [1849, 67, 1, 0, 0, 1867, 1504, 0, 1, 1, 2, 1, 1, 1, 2]),
 (16, [512, 94, 1, 1, 1, 1197, 1756, 0, 1, 2, 4, 0, 0, 0, 0]),
 (16, [566, 12, 1, 0, 0, 564, 1699, 1, 1, 2, 2, 0, 0, 0, 0]),
 (16, [653, 62, 1, 1, 0, 1734, 585, 0, 1, 1, 0, 1, 2, 1, 0]),
 (16, [1067, 63, 1, 0, 0, 892, 527, 0, 1, 1, 1, 0, 2, 2, 1]),
 (16, [1259, 34, 1, 1, 0, 1706, 907, 0, 1, 0, 4, 1, 1, 2, 1]),
 (16, [1635, 40, 1, 1, 0, 795, 1626, 0, 1, 2, 0, 1, 0, 1, 2]),
 (16, [1750, 28, 1, 1, 0, 2015, 1393, 0, 1, 1, 4, 1, 0, 2, 2]),
 (16, [1886, 42, 0, 0, 0, 1127, 1385, 0, 1, 0, 0, 0, 1, 0, 2]),
 (16, [1903, 94, 0, 1, 1, 1432, 974, 1, 0, 2, 4, 0, 2, 0, 2]),
 (16, [2044, 98, 0, 0, 1, 1586, 719, 0, 1, 2, 4, 1, 2, 2, 0]),
 (999, [564, 21, 0, 0, 0, 1457, 973, 0, 0, 3, 5, 0, 2, 2, 2]),
 (999, [670, 13, 1, 1, 0, 1763, 1382, 0, 0, 3, 4, 1, 0, 2, 1]),
 (999, [941, 49, 0, 1, 0, 1175, 797, 1, 1, 3, 2, 0, 1, 0, 0]),
 (999, [1068, 47, 1, 0, 0, 573, 762, 0, 0, 3, 0, 0, 0, 2, 0]),
 (999, [1166, 61, 0, 1, 1, 1672, 1010, 1, 1, 3, 3, 0, 1, 2, 2]),
 (999, [1390, 102, 1, 1, 1, 1543, 1957, 1, 0, 3, 0, 0, 1, 1, 0]),
 (999, [1391, 42, 1, 1, 0, 2031, 670, 0, 1, 2, 5, 1, 1, 1, 0]),
 (999, [1560, 81, 0, 0, 1, 1290, 1355, 0, 0, 2, 5, 0, 1, 0, 0]),
 (999, [1647, 83, 1, 0, 1, 618, 1647, 0, 0, 1, 5, 0, 1, 2, 1]),
 (999, [1656, 12, 1, 0, 0, 741, 1703, 0, 0, 3, 5, 1, 1, 2, 1]),
 (999, [1730, 104, 0, 1, 1, 1930, 1713, 0, 0, 3, 2, 1, 0, 0, 1]),
 (999, [1859, 44, 1, 1, 1, 842, 616, 0, 1, 2, 5, 0, 2, 2, 1])]
Selected
[(12, [516, 81, 0, 0, 1, 845, 1744, 0, 0, 0, 3, 1, 2, 1, 0]),
 (12, [1765, 112, 0, 0, 0, 852, 794, 0, 1, 2, 0, 1, 0, 1, 1]),
 (12, [655, 51, 1, 1, 0, 1553, 821, 0, 1, 1, 3, 0, 0, 1, 0]),
 (12, [1111, 60, 0, 0, 1, 834, 1840, 0, 0, 2, 0, 0, 1, 0, 2]),
 (12, [655, 51, 1, 1, 0, 1553, 821, 0, 1, 1, 3, 0, 0, 1, 0]),
 (12, [655, 51, 1, 1, 0, 1553, 821, 0, 1, 1, 3, 0, 0, 1, 0]),
 (12, [1310, 21, 1, 0, 1, 1825, 1382, 1, 0, 2, 4, 1, 0, 2, 0]),
 (12, [1519, 84, 0, 0, 0, 1697, 1364, 1, 1, 2, 4, 1, 2, 2, 2]),
 (12, [1310, 21, 1, 0, 1, 1825, 1382, 1, 0, 2, 4, 1, 0, 2, 0]),
 (16, [2044, 98, 0, 0, 1, 1586, 719, 0, 1, 2, 4, 1, 2, 2, 0]),
 (12, [1111, 60, 0, 0, 1, 834, 1840, 0, 0, 2, 0, 0, 1, 0, 2]),
 (12, [655, 51, 1, 1, 0, 1553, 821, 0, 1, 1, 3, 0, 0, 1, 0]),
 (12, [516, 81, 0, 0, 1, 845, 1744, 0, 0, 0, 3, 1, 2, 1, 0]),
 (12, [655, 51, 1, 1, 0, 1553, 821, 0, 1, 1, 3, 0, 0, 1, 0]),
 (12, [1519, 84, 0, 0, 0, 1697, 1364, 1, 1, 2, 4, 1, 2, 2, 2]),
 (12, [655, 51, 1, 1, 0, 1553, 821, 0, 1, 1, 3, 0, 0, 1, 0]),
 (12, [1841, 28, 0, 0, 0, 1449, 1256, 1, 0, 2, 0, 1, 2, 1, 1]),
 (12, [516, 81, 0, 0, 1, 845, 1744, 0, 0, 0, 3, 1, 2, 1, 0]),
 (12, [516, 81, 0, 0, 1, 845, 1744, 0, 0, 0, 3, 1, 2, 1, 0]),
 (16, [1259, 34, 1, 1, 0, 1706, 907, 0, 1, 0, 4, 1, 1, 2, 1]),
 (16, [653, 62, 1, 1, 0, 1734, 585, 0, 1, 1, 0, 1, 2, 1, 0]),
 (12, [1310, 21, 1, 0, 1, 1825, 1382, 1, 0, 2, 4, 1, 0, 2, 0]),
 (16, [566, 12, 1, 0, 0, 564, 1699, 1, 1, 2, 2, 0, 0, 0, 0]),
 (12, [1841, 28, 0, 0, 0, 1449, 1256, 1, 0, 2, 0, 1, 2, 1, 1]),
 (12, [1849, 67, 1, 0, 0, 1867, 1504, 0, 1, 1, 2, 1, 1, 1, 2]),
 (12, [1111, 60, 0, 0, 1, 834, 1840, 0, 0, 2, 0, 0, 1, 0, 2]),
 (12, [1765, 112, 0, 0, 0, 852, 794, 0, 1, 2, 0, 1, 0, 1, 1])]
population
[(999, [1859, 44, 1, 1, 1, 842, 616, 0, 1, 2, 5, 0, 2, 2, 1]),
 (999, [1730, 104, 0, 1, 1, 1930, 1713, 0, 0, 3, 2, 1, 0, 0, 1]),
 (999, [1656, 12, 1, 0, 0, 741, 1703, 0, 0, 3, 5, 1, 1, 2, 1]),
 (999, [1647, 83, 1, 0, 1, 618, 1647, 0, 0, 1, 5, 0, 1, 2, 1]),
 (999, [1560, 81, 0, 0, 1, 1290, 1355, 0, 0, 2, 5, 0, 1, 0, 0]),
 (999, [1391, 42, 1, 1, 0, 2031, 670, 0, 1, 2, 5, 1, 1, 1, 0]),
 (999, [1390, 102, 1, 1, 1, 1543, 1957, 1, 0, 3, 0, 0, 1, 1, 0]),
 (999, [1166, 61, 0, 1, 1, 1672, 1010, 1, 1, 3, 3, 0, 1, 2, 2]),
 (999, [1068, 47, 1, 0, 0, 573, 762, 0, 0, 3, 0, 0, 0, 2, 0]),
 (999, [941, 49, 0, 1, 0, 1175, 797, 1, 1, 3, 2, 0, 1, 0, 0]),
 (999, [670, 13, 1, 1, 0, 1763, 1382, 0, 0, 3, 4, 1, 0, 2, 1]),
 (999, [564, 21, 0, 0, 0, 1457, 973, 0, 0, 3, 5, 0, 2, 2, 2]),
 (16, [2044, 98, 0, 0, 1, 1586, 719, 0, 1, 2, 4, 1, 2, 2, 0]),
 (16, [1903, 94, 0, 1, 1, 1432, 974, 1, 0, 2, 4, 0, 2, 0, 2]),
 (16, [1886, 42, 0, 0, 0, 1127, 1385, 0, 1, 0, 0, 0, 1, 0, 2]),
 (16, [1750, 28, 1, 1, 0, 2015, 1393, 0, 1, 1, 4, 1, 0, 2, 2]),
 (16, [1635, 40, 1, 1, 0, 795, 1626, 0, 1, 2, 0, 1, 0, 1, 2]),
 (16, [1259, 34, 1, 1, 0, 1706, 907, 0, 1, 0, 4, 1, 1, 2, 1]),
 (16, [1067, 63, 1, 0, 0, 892, 527, 0, 1, 1, 1, 0, 2, 2, 1]),
 (16, [653, 62, 1, 1, 0, 1734, 585, 0, 1, 1, 0, 1, 2, 1, 0]),
 (16, [566, 12, 1, 0, 0, 564, 1699, 1, 1, 2, 2, 0, 0, 0, 0]),
 (16, [512, 94, 1, 1, 1, 1197, 1756, 0, 1, 2, 4, 0, 0, 0, 0]),
 (12, [1849, 67, 1, 0, 0, 1867, 1504, 0, 1, 1, 2, 1, 1, 1, 2]),
 (12, [1841, 28, 0, 0, 0, 1449, 1256, 1, 0, 2, 0, 1, 2, 1, 1]),
 (12, [1765, 112, 0, 0, 0, 852, 794, 0, 1, 2, 0, 1, 0, 1, 1]),
 (12, [1583, 60, 0, 1, 1, 1478, 1395, 1, 0, 2, 0, 0, 0, 1, 1]),
 (12, [1535, 62, 0, 1, 0, 1100, 914, 0, 1, 1, 3, 1, 0, 1, 2]),
 (12, [1519, 84, 0, 0, 0, 1697, 1364, 1, 1, 2, 4, 1, 2, 2, 2]),
 (12, [1310, 21, 1, 0, 1, 1825, 1382, 1, 0, 2, 4, 1, 0, 2, 0]),
 (12, [1111, 60, 0, 0, 1, 834, 1840, 0, 0, 2, 0, 0, 1, 0, 2]),
 (12, [655, 51, 1, 1, 0, 1553, 821, 0, 1, 1, 3, 0, 0, 1, 0]),
 (12, [516, 81, 0, 0, 1, 845, 1744, 0, 0, 0, 3, 1, 2, 1, 0])]
scored
[(12, [516, 81, 0, 0, 1, 845, 1744, 0, 0, 0, 3, 1, 2, 1, 0]),
 (12, [655, 51, 1, 1, 0, 1553, 821, 0, 1, 1, 3, 0, 0, 1, 0]),
 (12, [1111, 60, 0, 0, 1, 834, 1840, 0, 0, 2, 0, 0, 1, 0, 2]),
 (12, [1310, 21, 1, 0, 1, 1825, 1382, 1, 0, 2, 4, 1, 0, 2, 0]),
 (12, [1519, 84, 0, 0, 0, 1697, 1364, 1, 1, 2, 4, 1, 2, 2, 2]),
 (12, [1535, 62, 0, 1, 0, 1100, 914, 0, 1, 1, 3, 1, 0, 1, 2]),
 (12, [1583, 60, 0, 1, 1, 1478, 1395, 1, 0, 2, 0, 0, 0, 1, 1]),
 (12, [1765, 112, 0, 0, 0, 852, 794, 0, 1, 2, 0, 1, 0, 1, 1]),
 (12, [1841, 28, 0, 0, 0, 1449, 1256, 1, 0, 2, 0, 1, 2, 1, 1]),
 (12, [1849, 67, 1, 0, 0, 1867, 1504, 0, 1, 1, 2, 1, 1, 1, 2]),
 (16, [512, 94, 1, 1, 1, 1197, 1756, 0, 1, 2, 4, 0, 0, 0, 0]),
 (16, [566, 12, 1, 0, 0, 564, 1699, 1, 1, 2, 2, 0, 0, 0, 0]),
 (16, [653, 62, 1, 1, 0, 1734, 585, 0, 1, 1, 0, 1, 2, 1, 0]),
 (16, [1067, 63, 1, 0, 0, 892, 527, 0, 1, 1, 1, 0, 2, 2, 1]),
 (16, [1259, 34, 1, 1, 0, 1706, 907, 0, 1, 0, 4, 1, 1, 2, 1]),
 (16, [1635, 40, 1, 1, 0, 795, 1626, 0, 1, 2, 0, 1, 0, 1, 2]),
 (16, [1750, 28, 1, 1, 0, 2015, 1393, 0, 1, 1, 4, 1, 0, 2, 2]),
 (16, [1886, 42, 0, 0, 0, 1127, 1385, 0, 1, 0, 0, 0, 1, 0, 2]),
 (16, [1903, 94, 0, 1, 1, 1432, 974, 1, 0, 2, 4, 0, 2, 0, 2]),
 (16, [2044, 98, 0, 0, 1, 1586, 719, 0, 1, 2, 4, 1, 2, 2, 0]),
 (999, [564, 21, 0, 0, 0, 1457, 973, 0, 0, 3, 5, 0, 2, 2, 2]),
 (999, [670, 13, 1, 1, 0, 1763, 1382, 0, 0, 3, 4, 1, 0, 2, 1]),
 (999, [941, 49, 0, 1, 0, 1175, 797, 1, 1, 3, 2, 0, 1, 0, 0]),
 (999, [1068, 47, 1, 0, 0, 573, 762, 0, 0, 3, 0, 0, 0, 2, 0]),
 (999, [1166, 61, 0, 1, 1, 1672, 1010, 1, 1, 3, 3, 0, 1, 2, 2]),
 (999, [1390, 102, 1, 1, 1, 1543, 1957, 1, 0, 3, 0, 0, 1, 1, 0]),
 (999, [1391, 42, 1, 1, 0, 2031, 670, 0, 1, 2, 5, 1, 1, 1, 0]),
 (999, [1560, 81, 0, 0, 1, 1290, 1355, 0, 0, 2, 5, 0, 1, 0, 0]),
 (999, [1647, 83, 1, 0, 1, 618, 1647, 0, 0, 1, 5, 0, 1, 2, 1]),
 (999, [1656, 12, 1, 0, 0, 741, 1703, 0, 0, 3, 5, 1, 1, 2, 1]),
 (999, [1730, 104, 0, 1, 1, 1930, 1713, 0, 0, 3, 2, 1, 0, 0, 1]),
 (999, [1859, 44, 1, 1, 1, 842, 616, 0, 1, 2, 5, 0, 2, 2, 1])]
Selected
[(12, [655, 51, 1, 1, 0, 1553, 821, 0, 1, 1, 3, 0, 0, 1, 0]),
 (12, [1111, 60, 0, 0, 1, 834, 1840, 0, 0, 2, 0, 0, 1, 0, 2]),
 (12, [516, 81, 0, 0, 1, 845, 1744, 0, 0, 0, 3, 1, 2, 1, 0]),
 (12, [516, 81, 0, 0, 1, 845, 1744, 0, 0, 0, 3, 1, 2, 1, 0]),
 (12, [1583, 60, 0, 1, 1, 1478, 1395, 1, 0, 2, 0, 0, 0, 1, 1]),
 (12, [516, 81, 0, 0, 1, 845, 1744, 0, 0, 0, 3, 1, 2, 1, 0]),
 (16, [1259, 34, 1, 1, 0, 1706, 907, 0, 1, 0, 4, 1, 1, 2, 1]),
 (12, [516, 81, 0, 0, 1, 845, 1744, 0, 0, 0, 3, 1, 2, 1, 0]),
 (12, [1849, 67, 1, 0, 0, 1867, 1504, 0, 1, 1, 2, 1, 1, 1, 2]),
 (16, [653, 62, 1, 1, 0, 1734, 585, 0, 1, 1, 0, 1, 2, 1, 0]),
 (12, [1111, 60, 0, 0, 1, 834, 1840, 0, 0, 2, 0, 0, 1, 0, 2]),
 (16, [1259, 34, 1, 1, 0, 1706, 907, 0, 1, 0, 4, 1, 1, 2, 1]),
 (12, [1519, 84, 0, 0, 0, 1697, 1364, 1, 1, 2, 4, 1, 2, 2, 2]),
 (16, [512, 94, 1, 1, 1, 1197, 1756, 0, 1, 2, 4, 0, 0, 0, 0]),
 (12, [1519, 84, 0, 0, 0, 1697, 1364, 1, 1, 2, 4, 1, 2, 2, 2]),
 (12, [655, 51, 1, 1, 0, 1553, 821, 0, 1, 1, 3, 0, 0, 1, 0]),
 (12, [1849, 67, 1, 0, 0, 1867, 1504, 0, 1, 1, 2, 1, 1, 1, 2]),
 (12, [1765, 112, 0, 0, 0, 852, 794, 0, 1, 2, 0, 1, 0, 1, 1]),
 (12, [1583, 60, 0, 1, 1, 1478, 1395, 1, 0, 2, 0, 0, 0, 1, 1]),
 (16, [566, 12, 1, 0, 0, 564, 1699, 1, 1, 2, 2, 0, 0, 0, 0]),
 (16, [653, 62, 1, 1, 0, 1734, 585, 0, 1, 1, 0, 1, 2, 1, 0]),
 (12, [1310, 21, 1, 0, 1, 1825, 1382, 1, 0, 2, 4, 1, 0, 2, 0]),
 (12, [655, 51, 1, 1, 0, 1553, 821, 0, 1, 1, 3, 0, 0, 1, 0]),
 (12, [1765, 112, 0, 0, 0, 852, 794, 0, 1, 2, 0, 1, 0, 1, 1]),
 (12, [655, 51, 1, 1, 0, 1553, 821, 0, 1, 1, 3, 0, 0, 1, 0]),
 (12, [1849, 67, 1, 0, 0, 1867, 1504, 0, 1, 1, 2, 1, 1, 1, 2]),
 (12, [1111, 60, 0, 0, 1, 834, 1840, 0, 0, 2, 0, 0, 1, 0, 2])]
population
[(999, [1859, 44, 1, 1, 1, 842, 616, 0, 1, 2, 5, 0, 2, 2, 1]),
 (999, [1730, 104, 0, 1, 1, 1930, 1713, 0, 0, 3, 2, 1, 0, 0, 1]),
 (999, [1656, 12, 1, 0, 0, 741, 1703, 0, 0, 3, 5, 1, 1, 2, 1]),
 (999, [1647, 83, 1, 0, 1, 618, 1647, 0, 0, 1, 5, 0, 1, 2, 1]),
 (999, [1560, 81, 0, 0, 1, 1290, 1355, 0, 0, 2, 5, 0, 1, 0, 0]),
 (999, [1391, 42, 1, 1, 0, 2031, 670, 0, 1, 2, 5, 1, 1, 1, 0]),
 (999, [1390, 102, 1, 1, 1, 1543, 1957, 1, 0, 3, 0, 0, 1, 1, 0]),
 (999, [1166, 61, 0, 1, 1, 1672, 1010, 1, 1, 3, 3, 0, 1, 2, 2]),
 (999, [1068, 47, 1, 0, 0, 573, 762, 0, 0, 3, 0, 0, 0, 2, 0]),
 (999, [941, 49, 0, 1, 0, 1175, 797, 1, 1, 3, 2, 0, 1, 0, 0]),
 (999, [670, 13, 1, 1, 0, 1763, 1382, 0, 0, 3, 4, 1, 0, 2, 1]),
 (999, [564, 21, 0, 0, 0, 1457, 973, 0, 0, 3, 5, 0, 2, 2, 2]),
 (16, [2044, 98, 0, 0, 1, 1586, 719, 0, 1, 2, 4, 1, 2, 2, 0]),
 (16, [1903, 94, 0, 1, 1, 1432, 974, 1, 0, 2, 4, 0, 2, 0, 2]),
 (16, [1886, 42, 0, 0, 0, 1127, 1385, 0, 1, 0, 0, 0, 1, 0, 2]),
 (16, [1750, 28, 1, 1, 0, 2015, 1393, 0, 1, 1, 4, 1, 0, 2, 2]),
 (16, [1635, 40, 1, 1, 0, 795, 1626, 0, 1, 2, 0, 1, 0, 1, 2]),
 (16, [1259, 34, 1, 1, 0, 1706, 907, 0, 1, 0, 4, 1, 1, 2, 1]),
 (16, [1067, 63, 1, 0, 0, 892, 527, 0, 1, 1, 1, 0, 2, 2, 1]),
 (16, [653, 62, 1, 1, 0, 1734, 585, 0, 1, 1, 0, 1, 2, 1, 0]),
 (16, [566, 12, 1, 0, 0, 564, 1699, 1, 1, 2, 2, 0, 0, 0, 0]),
 (16, [512, 94, 1, 1, 1, 1197, 1756, 0, 1, 2, 4, 0, 0, 0, 0]),
 (12, [1849, 67, 1, 0, 0, 1867, 1504, 0, 1, 1, 2, 1, 1, 1, 2]),
 (12, [1841, 28, 0, 0, 0, 1449, 1256, 1, 0, 2, 0, 1, 2, 1, 1]),
 (12, [1765, 112, 0, 0, 0, 852, 794, 0, 1, 2, 0, 1, 0, 1, 1]),
 (12, [1583, 60, 0, 1, 1, 1478, 1395, 1, 0, 2, 0, 0, 0, 1, 1]),
 (12, [1535, 62, 0, 1, 0, 1100, 914, 0, 1, 1, 3, 1, 0, 1, 2]),
 (12, [1519, 84, 0, 0, 0, 1697, 1364, 1, 1, 2, 4, 1, 2, 2, 2]),
 (12, [1310, 21, 1, 0, 1, 1825, 1382, 1, 0, 2, 4, 1, 0, 2, 0]),
 (12, [1111, 60, 0, 0, 1, 834, 1840, 0, 0, 2, 0, 0, 1, 0, 2]),
 (12, [655, 51, 1, 1, 0, 1553, 821, 0, 1, 1, 3, 0, 0, 1, 0]),
 (12, [516, 81, 0, 0, 1, 845, 1744, 0, 0, 0, 3, 1, 2, 1, 0])]
scored
[(12, [516, 81, 0, 0, 1, 845, 1744, 0, 0, 0, 3, 1, 2, 1, 0]),
 (12, [655, 51, 1, 1, 0, 1553, 821, 0, 1, 1, 3, 0, 0, 1, 0]),
 (12, [1111, 60, 0, 0, 1, 834, 1840, 0, 0, 2, 0, 0, 1, 0, 2]),
 (12, [1310, 21, 1, 0, 1, 1825, 1382, 1, 0, 2, 4, 1, 0, 2, 0]),
 (12, [1519, 84, 0, 0, 0, 1697, 1364, 1, 1, 2, 4, 1, 2, 2, 2]),
 (12, [1535, 62, 0, 1, 0, 1100, 914, 0, 1, 1, 3, 1, 0, 1, 2]),
 (12, [1583, 60, 0, 1, 1, 1478, 1395, 1, 0, 2, 0, 0, 0, 1, 1]),
 (12, [1765, 112, 0, 0, 0, 852, 794, 0, 1, 2, 0, 1, 0, 1, 1]),
 (12, [1841, 28, 0, 0, 0, 1449, 1256, 1, 0, 2, 0, 1, 2, 1, 1]),
 (12, [1849, 67, 1, 0, 0, 1867, 1504, 0, 1, 1, 2, 1, 1, 1, 2]),
 (16, [512, 94, 1, 1, 1, 1197, 1756, 0, 1, 2, 4, 0, 0, 0, 0]),
 (16, [566, 12, 1, 0, 0, 564, 1699, 1, 1, 2, 2, 0, 0, 0, 0]),
 (16, [653, 62, 1, 1, 0, 1734, 585, 0, 1, 1, 0, 1, 2, 1, 0]),
 (16, [1067, 63, 1, 0, 0, 892, 527, 0, 1, 1, 1, 0, 2, 2, 1]),
 (16, [1259, 34, 1, 1, 0, 1706, 907, 0, 1, 0, 4, 1, 1, 2, 1]),
 (16, [1635, 40, 1, 1, 0, 795, 1626, 0, 1, 2, 0, 1, 0, 1, 2]),
 (16, [1750, 28, 1, 1, 0, 2015, 1393, 0, 1, 1, 4, 1, 0, 2, 2]),
 (16, [1886, 42, 0, 0, 0, 1127, 1385, 0, 1, 0, 0, 0, 1, 0, 2]),
 (16, [1903, 94, 0, 1, 1, 1432, 974, 1, 0, 2, 4, 0, 2, 0, 2]),
 (16, [2044, 98, 0, 0, 1, 1586, 719, 0, 1, 2, 4, 1, 2, 2, 0]),
 (999, [564, 21, 0, 0, 0, 1457, 973, 0, 0, 3, 5, 0, 2, 2, 2]),
 (999, [670, 13, 1, 1, 0, 1763, 1382, 0, 0, 3, 4, 1, 0, 2, 1]),
 (999, [941, 49, 0, 1, 0, 1175, 797, 1, 1, 3, 2, 0, 1, 0, 0]),
 (999, [1068, 47, 1, 0, 0, 573, 762, 0, 0, 3, 0, 0, 0, 2, 0]),
 (999, [1166, 61, 0, 1, 1, 1672, 1010, 1, 1, 3, 3, 0, 1, 2, 2]),
 (999, [1390, 102, 1, 1, 1, 1543, 1957, 1, 0, 3, 0, 0, 1, 1, 0]),
 (999, [1391, 42, 1, 1, 0, 2031, 670, 0, 1, 2, 5, 1, 1, 1, 0]),
 (999, [1560, 81, 0, 0, 1, 1290, 1355, 0, 0, 2, 5, 0, 1, 0, 0]),
 (999, [1647, 83, 1, 0, 1, 618, 1647, 0, 0, 1, 5, 0, 1, 2, 1]),
 (999, [1656, 12, 1, 0, 0, 741, 1703, 0, 0, 3, 5, 1, 1, 2, 1]),
 (999, [1730, 104, 0, 1, 1, 1930, 1713, 0, 0, 3, 2, 1, 0, 0, 1]),
 (999, [1859, 44, 1, 1, 1, 842, 616, 0, 1, 2, 5, 0, 2, 2, 1])]
Selected
[(12, [1583, 60, 0, 1, 1, 1478, 1395, 1, 0, 2, 0, 0, 0, 1, 1]),
 (12, [1535, 62, 0, 1, 0, 1100, 914, 0, 1, 1, 3, 1, 0, 1, 2]),
 (12, [1111, 60, 0, 0, 1, 834, 1840, 0, 0, 2, 0, 0, 1, 0, 2]),
 (12, [516, 81, 0, 0, 1, 845, 1744, 0, 0, 0, 3, 1, 2, 1, 0]),
 (12, [1535, 62, 0, 1, 0, 1100, 914, 0, 1, 1, 3, 1, 0, 1, 2]),
 (16, [653, 62, 1, 1, 0, 1734, 585, 0, 1, 1, 0, 1, 2, 1, 0]),
 (16, [512, 94, 1, 1, 1, 1197, 1756, 0, 1, 2, 4, 0, 0, 0, 0]),
 (12, [1310, 21, 1, 0, 1, 1825, 1382, 1, 0, 2, 4, 1, 0, 2, 0]),
 (12, [1111, 60, 0, 0, 1, 834, 1840, 0, 0, 2, 0, 0, 1, 0, 2]),
 (12, [1841, 28, 0, 0, 0, 1449, 1256, 1, 0, 2, 0, 1, 2, 1, 1]),
 (12, [655, 51, 1, 1, 0, 1553, 821, 0, 1, 1, 3, 0, 0, 1, 0]),
 (12, [516, 81, 0, 0, 1, 845, 1744, 0, 0, 0, 3, 1, 2, 1, 0]),
 (12, [1535, 62, 0, 1, 0, 1100, 914, 0, 1, 1, 3, 1, 0, 1, 2]),
 (12, [516, 81, 0, 0, 1, 845, 1744, 0, 0, 0, 3, 1, 2, 1, 0]),
 (12, [1519, 84, 0, 0, 0, 1697, 1364, 1, 1, 2, 4, 1, 2, 2, 2]),
 (12, [1519, 84, 0, 0, 0, 1697, 1364, 1, 1, 2, 4, 1, 2, 2, 2]),
 (12, [1849, 67, 1, 0, 0, 1867, 1504, 0, 1, 1, 2, 1, 1, 1, 2]),
 (12, [655, 51, 1, 1, 0, 1553, 821, 0, 1, 1, 3, 0, 0, 1, 0]),
 (16, [653, 62, 1, 1, 0, 1734, 585, 0, 1, 1, 0, 1, 2, 1, 0]),
 (12, [655, 51, 1, 1, 0, 1553, 821, 0, 1, 1, 3, 0, 0, 1, 0]),
 (12, [516, 81, 0, 0, 1, 845, 1744, 0, 0, 0, 3, 1, 2, 1, 0]),
 (12, [516, 81, 0, 0, 1, 845, 1744, 0, 0, 0, 3, 1, 2, 1, 0]),
 (12, [1111, 60, 0, 0, 1, 834, 1840, 0, 0, 2, 0, 0, 1, 0, 2]),
 (12, [655, 51, 1, 1, 0, 1553, 821, 0, 1, 1, 3, 0, 0, 1, 0]),
 (12, [1535, 62, 0, 1, 0, 1100, 914, 0, 1, 1, 3, 1, 0, 1, 2]),
 (12, [1519, 84, 0, 0, 0, 1697, 1364, 1, 1, 2, 4, 1, 2, 2, 2]),
 (12, [516, 81, 0, 0, 1, 845, 1744, 0, 0, 0, 3, 1, 2, 1, 0])]
population
[(999, [1859, 44, 1, 1, 1, 842, 616, 0, 1, 2, 5, 0, 2, 2, 1]),
 (999, [1730, 104, 0, 1, 1, 1930, 1713, 0, 0, 3, 2, 1, 0, 0, 1]),
 (999, [1656, 12, 1, 0, 0, 741, 1703, 0, 0, 3, 5, 1, 1, 2, 1]),
 (999, [1647, 83, 1, 0, 1, 618, 1647, 0, 0, 1, 5, 0, 1, 2, 1]),
 (999, [1560, 81, 0, 0, 1, 1290, 1355, 0, 0, 2, 5, 0, 1, 0, 0]),
 (999, [1391, 42, 1, 1, 0, 2031, 670, 0, 1, 2, 5, 1, 1, 1, 0]),
 (999, [1390, 102, 1, 1, 1, 1543, 1957, 1, 0, 3, 0, 0, 1, 1, 0]),
 (999, [1166, 61, 0, 1, 1, 1672, 1010, 1, 1, 3, 3, 0, 1, 2, 2]),
 (999, [1068, 47, 1, 0, 0, 573, 762, 0, 0, 3, 0, 0, 0, 2, 0]),
 (999, [941, 49, 0, 1, 0, 1175, 797, 1, 1, 3, 2, 0, 1, 0, 0]),
 (999, [670, 13, 1, 1, 0, 1763, 1382, 0, 0, 3, 4, 1, 0, 2, 1]),
 (999, [564, 21, 0, 0, 0, 1457, 973, 0, 0, 3, 5, 0, 2, 2, 2]),
 (16, [2044, 98, 0, 0, 1, 1586, 719, 0, 1, 2, 4, 1, 2, 2, 0]),
 (16, [1903, 94, 0, 1, 1, 1432, 974, 1, 0, 2, 4, 0, 2, 0, 2]),
 (16, [1886, 42, 0, 0, 0, 1127, 1385, 0, 1, 0, 0, 0, 1, 0, 2]),
 (16, [1750, 28, 1, 1, 0, 2015, 1393, 0, 1, 1, 4, 1, 0, 2, 2]),
 (16, [1635, 40, 1, 1, 0, 795, 1626, 0, 1, 2, 0, 1, 0, 1, 2]),
 (16, [1259, 34, 1, 1, 0, 1706, 907, 0, 1, 0, 4, 1, 1, 2, 1]),
 (16, [1067, 63, 1, 0, 0, 892, 527, 0, 1, 1, 1, 0, 2, 2, 1]),
 (16, [653, 62, 1, 1, 0, 1734, 585, 0, 1, 1, 0, 1, 2, 1, 0]),
 (16, [566, 12, 1, 0, 0, 564, 1699, 1, 1, 2, 2, 0, 0, 0, 0]),
 (16, [512, 94, 1, 1, 1, 1197, 1756, 0, 1, 2, 4, 0, 0, 0, 0]),
 (12, [1849, 67, 1, 0, 0, 1867, 1504, 0, 1, 1, 2, 1, 1, 1, 2]),
 (12, [1841, 28, 0, 0, 0, 1449, 1256, 1, 0, 2, 0, 1, 2, 1, 1]),
 (12, [1765, 112, 0, 0, 0, 852, 794, 0, 1, 2, 0, 1, 0, 1, 1]),
 (12, [1583, 60, 0, 1, 1, 1478, 1395, 1, 0, 2, 0, 0, 0, 1, 1]),
 (12, [1535, 62, 0, 1, 0, 1100, 914, 0, 1, 1, 3, 1, 0, 1, 2]),
 (12, [1519, 84, 0, 0, 0, 1697, 1364, 1, 1, 2, 4, 1, 2, 2, 2]),
 (12, [1310, 21, 1, 0, 1, 1825, 1382, 1, 0, 2, 4, 1, 0, 2, 0]),
 (12, [1111, 60, 0, 0, 1, 834, 1840, 0, 0, 2, 0, 0, 1, 0, 2]),
 (12, [655, 51, 1, 1, 0, 1553, 821, 0, 1, 1, 3, 0, 0, 1, 0]),
 (12, [516, 81, 0, 0, 1, 845, 1744, 0, 0, 0, 3, 1, 2, 1, 0])]
scored
[(12, [516, 81, 0, 0, 1, 845, 1744, 0, 0, 0, 3, 1, 2, 1, 0]),
 (12, [655, 51, 1, 1, 0, 1553, 821, 0, 1, 1, 3, 0, 0, 1, 0]),
 (12, [1111, 60, 0, 0, 1, 834, 1840, 0, 0, 2, 0, 0, 1, 0, 2]),
 (12, [1310, 21, 1, 0, 1, 1825, 1382, 1, 0, 2, 4, 1, 0, 2, 0]),
 (12, [1519, 84, 0, 0, 0, 1697, 1364, 1, 1, 2, 4, 1, 2, 2, 2]),
 (12, [1535, 62, 0, 1, 0, 1100, 914, 0, 1, 1, 3, 1, 0, 1, 2]),
 (12, [1583, 60, 0, 1, 1, 1478, 1395, 1, 0, 2, 0, 0, 0, 1, 1]),
 (12, [1765, 112, 0, 0, 0, 852, 794, 0, 1, 2, 0, 1, 0, 1, 1]),
 (12, [1841, 28, 0, 0, 0, 1449, 1256, 1, 0, 2, 0, 1, 2, 1, 1]),
 (12, [1849, 67, 1, 0, 0, 1867, 1504, 0, 1, 1, 2, 1, 1, 1, 2]),
 (16, [512, 94, 1, 1, 1, 1197, 1756, 0, 1, 2, 4, 0, 0, 0, 0]),
 (16, [566, 12, 1, 0, 0, 564, 1699, 1, 1, 2, 2, 0, 0, 0, 0]),
 (16, [653, 62, 1, 1, 0, 1734, 585, 0, 1, 1, 0, 1, 2, 1, 0]),
 (16, [1067, 63, 1, 0, 0, 892, 527, 0, 1, 1, 1, 0, 2, 2, 1]),
 (16, [1259, 34, 1, 1, 0, 1706, 907, 0, 1, 0, 4, 1, 1, 2, 1]),
 (16, [1635, 40, 1, 1, 0, 795, 1626, 0, 1, 2, 0, 1, 0, 1, 2]),
 (16, [1750, 28, 1, 1, 0, 2015, 1393, 0, 1, 1, 4, 1, 0, 2, 2]),
 (16, [1886, 42, 0, 0, 0, 1127, 1385, 0, 1, 0, 0, 0, 1, 0, 2]),
 (16, [1903, 94, 0, 1, 1, 1432, 974, 1, 0, 2, 4, 0, 2, 0, 2]),
 (16, [2044, 98, 0, 0, 1, 1586, 719, 0, 1, 2, 4, 1, 2, 2, 0]),
 (999, [564, 21, 0, 0, 0, 1457, 973, 0, 0, 3, 5, 0, 2, 2, 2]),
 (999, [670, 13, 1, 1, 0, 1763, 1382, 0, 0, 3, 4, 1, 0, 2, 1]),
 (999, [941, 49, 0, 1, 0, 1175, 797, 1, 1, 3, 2, 0, 1, 0, 0]),
 (999, [1068, 47, 1, 0, 0, 573, 762, 0, 0, 3, 0, 0, 0, 2, 0]),
 (999, [1166, 61, 0, 1, 1, 1672, 1010, 1, 1, 3, 3, 0, 1, 2, 2]),
 (999, [1390, 102, 1, 1, 1, 1543, 1957, 1, 0, 3, 0, 0, 1, 1, 0]),
 (999, [1391, 42, 1, 1, 0, 2031, 670, 0, 1, 2, 5, 1, 1, 1, 0]),
 (999, [1560, 81, 0, 0, 1, 1290, 1355, 0, 0, 2, 5, 0, 1, 0, 0]),
 (999, [1647, 83, 1, 0, 1, 618, 1647, 0, 0, 1, 5, 0, 1, 2, 1]),
 (999, [1656, 12, 1, 0, 0, 741, 1703, 0, 0, 3, 5, 1, 1, 2, 1]),
 (999, [1730, 104, 0, 1, 1, 1930, 1713, 0, 0, 3, 2, 1, 0, 0, 1]),
 (999, [1859, 44, 1, 1, 1, 842, 616, 0, 1, 2, 5, 0, 2, 2, 1])]
Selected
[(12, [1849, 67, 1, 0, 0, 1867, 1504, 0, 1, 1, 2, 1, 1, 1, 2]),
 (12, [1111, 60, 0, 0, 1, 834, 1840, 0, 0, 2, 0, 0, 1, 0, 2]),
 (12, [1583, 60, 0, 1, 1, 1478, 1395, 1, 0, 2, 0, 0, 0, 1, 1]),
 (16, [1635, 40, 1, 1, 0, 795, 1626, 0, 1, 2, 0, 1, 0, 1, 2]),
 (12, [1519, 84, 0, 0, 0, 1697, 1364, 1, 1, 2, 4, 1, 2, 2, 2]),
 (12, [516, 81, 0, 0, 1, 845, 1744, 0, 0, 0, 3, 1, 2, 1, 0]),
 (16, [2044, 98, 0, 0, 1, 1586, 719, 0, 1, 2, 4, 1, 2, 2, 0]),
 (12, [1310, 21, 1, 0, 1, 1825, 1382, 1, 0, 2, 4, 1, 0, 2, 0]),
 (16, [512, 94, 1, 1, 1, 1197, 1756, 0, 1, 2, 4, 0, 0, 0, 0]),
 (12, [655, 51, 1, 1, 0, 1553, 821, 0, 1, 1, 3, 0, 0, 1, 0]),
 (12, [1310, 21, 1, 0, 1, 1825, 1382, 1, 0, 2, 4, 1, 0, 2, 0]),
 (12, [1310, 21, 1, 0, 1, 1825, 1382, 1, 0, 2, 4, 1, 0, 2, 0]),
 (12, [655, 51, 1, 1, 0, 1553, 821, 0, 1, 1, 3, 0, 0, 1, 0]),
 (12, [1111, 60, 0, 0, 1, 834, 1840, 0, 0, 2, 0, 0, 1, 0, 2]),
 (12, [1519, 84, 0, 0, 0, 1697, 1364, 1, 1, 2, 4, 1, 2, 2, 2]),
 (12, [655, 51, 1, 1, 0, 1553, 821, 0, 1, 1, 3, 0, 0, 1, 0]),
 (16, [512, 94, 1, 1, 1, 1197, 1756, 0, 1, 2, 4, 0, 0, 0, 0]),
 (12, [1310, 21, 1, 0, 1, 1825, 1382, 1, 0, 2, 4, 1, 0, 2, 0]),
 (12, [1111, 60, 0, 0, 1, 834, 1840, 0, 0, 2, 0, 0, 1, 0, 2]),
 (12, [655, 51, 1, 1, 0, 1553, 821, 0, 1, 1, 3, 0, 0, 1, 0]),
 (12, [516, 81, 0, 0, 1, 845, 1744, 0, 0, 0, 3, 1, 2, 1, 0]),
 (16, [2044, 98, 0, 0, 1, 1586, 719, 0, 1, 2, 4, 1, 2, 2, 0]),
 (16, [1067, 63, 1, 0, 0, 892, 527, 0, 1, 1, 1, 0, 2, 2, 1]),
 (12, [1111, 60, 0, 0, 1, 834, 1840, 0, 0, 2, 0, 0, 1, 0, 2]),
 (12, [1535, 62, 0, 1, 0, 1100, 914, 0, 1, 1, 3, 1, 0, 1, 2]),
 (16, [1259, 34, 1, 1, 0, 1706, 907, 0, 1, 0, 4, 1, 1, 2, 1]),
 (12, [1841, 28, 0, 0, 0, 1449, 1256, 1, 0, 2, 0, 1, 2, 1, 1])]
population
[(999, [1859, 44, 1, 1, 1, 842, 616, 0, 1, 2, 5, 0, 2, 2, 1]),
 (999, [1730, 104, 0, 1, 1, 1930, 1713, 0, 0, 3, 2, 1, 0, 0, 1]),
 (999, [1656, 12, 1, 0, 0, 741, 1703, 0, 0, 3, 5, 1, 1, 2, 1]),
 (999, [1647, 83, 1, 0, 1, 618, 1647, 0, 0, 1, 5, 0, 1, 2, 1]),
 (999, [1560, 81, 0, 0, 1, 1290, 1355, 0, 0, 2, 5, 0, 1, 0, 0]),
 (999, [1391, 42, 1, 1, 0, 2031, 670, 0, 1, 2, 5, 1, 1, 1, 0]),
 (999, [1390, 102, 1, 1, 1, 1543, 1957, 1, 0, 3, 0, 0, 1, 1, 0]),
 (999, [1166, 61, 0, 1, 1, 1672, 1010, 1, 1, 3, 3, 0, 1, 2, 2]),
 (999, [1068, 47, 1, 0, 0, 573, 762, 0, 0, 3, 0, 0, 0, 2, 0]),
 (999, [941, 49, 0, 1, 0, 1175, 797, 1, 1, 3, 2, 0, 1, 0, 0]),
 (999, [670, 13, 1, 1, 0, 1763, 1382, 0, 0, 3, 4, 1, 0, 2, 1]),
 (999, [564, 21, 0, 0, 0, 1457, 973, 0, 0, 3, 5, 0, 2, 2, 2]),
 (16, [2044, 98, 0, 0, 1, 1586, 719, 0, 1, 2, 4, 1, 2, 2, 0]),
 (16, [1903, 94, 0, 1, 1, 1432, 974, 1, 0, 2, 4, 0, 2, 0, 2]),
 (16, [1886, 42, 0, 0, 0, 1127, 1385, 0, 1, 0, 0, 0, 1, 0, 2]),
 (16, [1750, 28, 1, 1, 0, 2015, 1393, 0, 1, 1, 4, 1, 0, 2, 2]),
 (16, [1635, 40, 1, 1, 0, 795, 1626, 0, 1, 2, 0, 1, 0, 1, 2]),
 (16, [1259, 34, 1, 1, 0, 1706, 907, 0, 1, 0, 4, 1, 1, 2, 1]),
 (16, [1067, 63, 1, 0, 0, 892, 527, 0, 1, 1, 1, 0, 2, 2, 1]),
 (16, [653, 62, 1, 1, 0, 1734, 585, 0, 1, 1, 0, 1, 2, 1, 0]),
 (16, [566, 12, 1, 0, 0, 564, 1699, 1, 1, 2, 2, 0, 0, 0, 0]),
 (16, [512, 94, 1, 1, 1, 1197, 1756, 0, 1, 2, 4, 0, 0, 0, 0]),
 (12, [1849, 67, 1, 0, 0, 1867, 1504, 0, 1, 1, 2, 1, 1, 1, 2]),
 (12, [1841, 28, 0, 0, 0, 1449, 1256, 1, 0, 2, 0, 1, 2, 1, 1]),
 (12, [1765, 112, 0, 0, 0, 852, 794, 0, 1, 2, 0, 1, 0, 1, 1]),
 (12, [1583, 60, 0, 1, 1, 1478, 1395, 1, 0, 2, 0, 0, 0, 1, 1]),
 (12, [1535, 62, 0, 1, 0, 1100, 914, 0, 1, 1, 3, 1, 0, 1, 2]),
 (12, [1519, 84, 0, 0, 0, 1697, 1364, 1, 1, 2, 4, 1, 2, 2, 2]),
 (12, [1310, 21, 1, 0, 1, 1825, 1382, 1, 0, 2, 4, 1, 0, 2, 0]),
 (12, [1111, 60, 0, 0, 1, 834, 1840, 0, 0, 2, 0, 0, 1, 0, 2]),
 (12, [655, 51, 1, 1, 0, 1553, 821, 0, 1, 1, 3, 0, 0, 1, 0]),
 (12, [516, 81, 0, 0, 1, 845, 1744, 0, 0, 0, 3, 1, 2, 1, 0])]
scored
[(12, [516, 81, 0, 0, 1, 845, 1744, 0, 0, 0, 3, 1, 2, 1, 0]),
 (12, [655, 51, 1, 1, 0, 1553, 821, 0, 1, 1, 3, 0, 0, 1, 0]),
 (12, [1111, 60, 0, 0, 1, 834, 1840, 0, 0, 2, 0, 0, 1, 0, 2]),
 (12, [1310, 21, 1, 0, 1, 1825, 1382, 1, 0, 2, 4, 1, 0, 2, 0]),
 (12, [1519, 84, 0, 0, 0, 1697, 1364, 1, 1, 2, 4, 1, 2, 2, 2]),
 (12, [1535, 62, 0, 1, 0, 1100, 914, 0, 1, 1, 3, 1, 0, 1, 2]),
 (12, [1583, 60, 0, 1, 1, 1478, 1395, 1, 0, 2, 0, 0, 0, 1, 1]),
 (12, [1765, 112, 0, 0, 0, 852, 794, 0, 1, 2, 0, 1, 0, 1, 1]),
 (12, [1841, 28, 0, 0, 0, 1449, 1256, 1, 0, 2, 0, 1, 2, 1, 1]),
 (12, [1849, 67, 1, 0, 0, 1867, 1504, 0, 1, 1, 2, 1, 1, 1, 2]),
 (16, [512, 94, 1, 1, 1, 1197, 1756, 0, 1, 2, 4, 0, 0, 0, 0]),
 (16, [566, 12, 1, 0, 0, 564, 1699, 1, 1, 2, 2, 0, 0, 0, 0]),
 (16, [653, 62, 1, 1, 0, 1734, 585, 0, 1, 1, 0, 1, 2, 1, 0]),
 (16, [1067, 63, 1, 0, 0, 892, 527, 0, 1, 1, 1, 0, 2, 2, 1]),
 (16, [1259, 34, 1, 1, 0, 1706, 907, 0, 1, 0, 4, 1, 1, 2, 1]),
 (16, [1635, 40, 1, 1, 0, 795, 1626, 0, 1, 2, 0, 1, 0, 1, 2]),
 (16, [1750, 28, 1, 1, 0, 2015, 1393, 0, 1, 1, 4, 1, 0, 2, 2]),
 (16, [1886, 42, 0, 0, 0, 1127, 1385, 0, 1, 0, 0, 0, 1, 0, 2]),
 (16, [1903, 94, 0, 1, 1, 1432, 974, 1, 0, 2, 4, 0, 2, 0, 2]),
 (16, [2044, 98, 0, 0, 1, 1586, 719, 0, 1, 2, 4, 1, 2, 2, 0]),
 (999, [564, 21, 0, 0, 0, 1457, 973, 0, 0, 3, 5, 0, 2, 2, 2]),
 (999, [670, 13, 1, 1, 0, 1763, 1382, 0, 0, 3, 4, 1, 0, 2, 1]),
 (999, [941, 49, 0, 1, 0, 1175, 797, 1, 1, 3, 2, 0, 1, 0, 0]),
 (999, [1068, 47, 1, 0, 0, 573, 762, 0, 0, 3, 0, 0, 0, 2, 0]),
 (999, [1166, 61, 0, 1, 1, 1672, 1010, 1, 1, 3, 3, 0, 1, 2, 2]),
 (999, [1390, 102, 1, 1, 1, 1543, 1957, 1, 0, 3, 0, 0, 1, 1, 0]),
 (999, [1391, 42, 1, 1, 0, 2031, 670, 0, 1, 2, 5, 1, 1, 1, 0]),
 (999, [1560, 81, 0, 0, 1, 1290, 1355, 0, 0, 2, 5, 0, 1, 0, 0]),
 (999, [1647, 83, 1, 0, 1, 618, 1647, 0, 0, 1, 5, 0, 1, 2, 1]),
 (999, [1656, 12, 1, 0, 0, 741, 1703, 0, 0, 3, 5, 1, 1, 2, 1]),
 (999, [1730, 104, 0, 1, 1, 1930, 1713, 0, 0, 3, 2, 1, 0, 0, 1]),
 (999, [1859, 44, 1, 1, 1, 842, 616, 0, 1, 2, 5, 0, 2, 2, 1])]
Selected
[(12, [655, 51, 1, 1, 0, 1553, 821, 0, 1, 1, 3, 0, 0, 1, 0]),
 (16, [566, 12, 1, 0, 0, 564, 1699, 1, 1, 2, 2, 0, 0, 0, 0]),
 (12, [1519, 84, 0, 0, 0, 1697, 1364, 1, 1, 2, 4, 1, 2, 2, 2]),
 (12, [1841, 28, 0, 0, 0, 1449, 1256, 1, 0, 2, 0, 1, 2, 1, 1]),
 (12, [1111, 60, 0, 0, 1, 834, 1840, 0, 0, 2, 0, 0, 1, 0, 2]),
 (12, [1111, 60, 0, 0, 1, 834, 1840, 0, 0, 2, 0, 0, 1, 0, 2]),
 (12, [1310, 21, 1, 0, 1, 1825, 1382, 1, 0, 2, 4, 1, 0, 2, 0]),
 (12, [516, 81, 0, 0, 1, 845, 1744, 0, 0, 0, 3, 1, 2, 1, 0]),
 (12, [655, 51, 1, 1, 0, 1553, 821, 0, 1, 1, 3, 0, 0, 1, 0]),
 (12, [655, 51, 1, 1, 0, 1553, 821, 0, 1, 1, 3, 0, 0, 1, 0]),
 (12, [1111, 60, 0, 0, 1, 834, 1840, 0, 0, 2, 0, 0, 1, 0, 2]),
 (12, [1519, 84, 0, 0, 0, 1697, 1364, 1, 1, 2, 4, 1, 2, 2, 2]),
 (12, [655, 51, 1, 1, 0, 1553, 821, 0, 1, 1, 3, 0, 0, 1, 0]),
 (999, [941, 49, 0, 1, 0, 1175, 797, 1, 1, 3, 2, 0, 1, 0, 0]),
 (12, [1841, 28, 0, 0, 0, 1449, 1256, 1, 0, 2, 0, 1, 2, 1, 1]),
 (12, [655, 51, 1, 1, 0, 1553, 821, 0, 1, 1, 3, 0, 0, 1, 0]),
 (16, [653, 62, 1, 1, 0, 1734, 585, 0, 1, 1, 0, 1, 2, 1, 0]),
 (16, [653, 62, 1, 1, 0, 1734, 585, 0, 1, 1, 0, 1, 2, 1, 0]),
 (12, [1310, 21, 1, 0, 1, 1825, 1382, 1, 0, 2, 4, 1, 0, 2, 0]),
 (12, [1535, 62, 0, 1, 0, 1100, 914, 0, 1, 1, 3, 1, 0, 1, 2]),
 (12, [516, 81, 0, 0, 1, 845, 1744, 0, 0, 0, 3, 1, 2, 1, 0]),
 (12, [1310, 21, 1, 0, 1, 1825, 1382, 1, 0, 2, 4, 1, 0, 2, 0]),
 (12, [1111, 60, 0, 0, 1, 834, 1840, 0, 0, 2, 0, 0, 1, 0, 2]),
 (12, [1841, 28, 0, 0, 0, 1449, 1256, 1, 0, 2, 0, 1, 2, 1, 1]),
 (12, [655, 51, 1, 1, 0, 1553, 821, 0, 1, 1, 3, 0, 0, 1, 0]),
 (12, [516, 81, 0, 0, 1, 845, 1744, 0, 0, 0, 3, 1, 2, 1, 0]),
 (12, [1849, 67, 1, 0, 0, 1867, 1504, 0, 1, 1, 2, 1, 1, 1, 2])]
population
[(999, [1859, 44, 1, 1, 1, 842, 616, 0, 1, 2, 5, 0, 2, 2, 1]),
 (999, [1730, 104, 0, 1, 1, 1930, 1713, 0, 0, 3, 2, 1, 0, 0, 1]),
 (999, [1656, 12, 1, 0, 0, 741, 1703, 0, 0, 3, 5, 1, 1, 2, 1]),
 (999, [1647, 83, 1, 0, 1, 618, 1647, 0, 0, 1, 5, 0, 1, 2, 1]),
 (999, [1560, 81, 0, 0, 1, 1290, 1355, 0, 0, 2, 5, 0, 1, 0, 0]),
 (999, [1391, 42, 1, 1, 0, 2031, 670, 0, 1, 2, 5, 1, 1, 1, 0]),
 (999, [1390, 102, 1, 1, 1, 1543, 1957, 1, 0, 3, 0, 0, 1, 1, 0]),
 (999, [1166, 61, 0, 1, 1, 1672, 1010, 1, 1, 3, 3, 0, 1, 2, 2]),
 (999, [1068, 47, 1, 0, 0, 573, 762, 0, 0, 3, 0, 0, 0, 2, 0]),
 (999, [941, 49, 0, 1, 0, 1175, 797, 1, 1, 3, 2, 0, 1, 0, 0]),
 (999, [670, 13, 1, 1, 0, 1763, 1382, 0, 0, 3, 4, 1, 0, 2, 1]),
 (999, [564, 21, 0, 0, 0, 1457, 973, 0, 0, 3, 5, 0, 2, 2, 2]),
 (16, [2044, 98, 0, 0, 1, 1586, 719, 0, 1, 2, 4, 1, 2, 2, 0]),
 (16, [1903, 94, 0, 1, 1, 1432, 974, 1, 0, 2, 4, 0, 2, 0, 2]),
 (16, [1886, 42, 0, 0, 0, 1127, 1385, 0, 1, 0, 0, 0, 1, 0, 2]),
 (16, [1750, 28, 1, 1, 0, 2015, 1393, 0, 1, 1, 4, 1, 0, 2, 2]),
 (16, [1635, 40, 1, 1, 0, 795, 1626, 0, 1, 2, 0, 1, 0, 1, 2]),
 (16, [1259, 34, 1, 1, 0, 1706, 907, 0, 1, 0, 4, 1, 1, 2, 1]),
 (16, [1067, 63, 1, 0, 0, 892, 527, 0, 1, 1, 1, 0, 2, 2, 1]),
 (16, [653, 62, 1, 1, 0, 1734, 585, 0, 1, 1, 0, 1, 2, 1, 0]),
 (16, [566, 12, 1, 0, 0, 564, 1699, 1, 1, 2, 2, 0, 0, 0, 0]),
 (16, [512, 94, 1, 1, 1, 1197, 1756, 0, 1, 2, 4, 0, 0, 0, 0]),
 (12, [1849, 67, 1, 0, 0, 1867, 1504, 0, 1, 1, 2, 1, 1, 1, 2]),
 (12, [1841, 28, 0, 0, 0, 1449, 1256, 1, 0, 2, 0, 1, 2, 1, 1]),
 (12, [1765, 112, 0, 0, 0, 852, 794, 0, 1, 2, 0, 1, 0, 1, 1]),
 (12, [1583, 60, 0, 1, 1, 1478, 1395, 1, 0, 2, 0, 0, 0, 1, 1]),
 (12, [1535, 62, 0, 1, 0, 1100, 914, 0, 1, 1, 3, 1, 0, 1, 2]),
 (12, [1519, 84, 0, 0, 0, 1697, 1364, 1, 1, 2, 4, 1, 2, 2, 2]),
 (12, [1310, 21, 1, 0, 1, 1825, 1382, 1, 0, 2, 4, 1, 0, 2, 0]),
 (12, [1111, 60, 0, 0, 1, 834, 1840, 0, 0, 2, 0, 0, 1, 0, 2]),
 (12, [655, 51, 1, 1, 0, 1553, 821, 0, 1, 1, 3, 0, 0, 1, 0]),
 (12, [516, 81, 0, 0, 1, 845, 1744, 0, 0, 0, 3, 1, 2, 1, 0])]
scored
[(12, [516, 81, 0, 0, 1, 845, 1744, 0, 0, 0, 3, 1, 2, 1, 0]),
 (12, [655, 51, 1, 1, 0, 1553, 821, 0, 1, 1, 3, 0, 0, 1, 0]),
 (12, [1111, 60, 0, 0, 1, 834, 1840, 0, 0, 2, 0, 0, 1, 0, 2]),
 (12, [1310, 21, 1, 0, 1, 1825, 1382, 1, 0, 2, 4, 1, 0, 2, 0]),
 (12, [1519, 84, 0, 0, 0, 1697, 1364, 1, 1, 2, 4, 1, 2, 2, 2]),
 (12, [1535, 62, 0, 1, 0, 1100, 914, 0, 1, 1, 3, 1, 0, 1, 2]),
 (12, [1583, 60, 0, 1, 1, 1478, 1395, 1, 0, 2, 0, 0, 0, 1, 1]),
 (12, [1765, 112, 0, 0, 0, 852, 794, 0, 1, 2, 0, 1, 0, 1, 1]),
 (12, [1841, 28, 0, 0, 0, 1449, 1256, 1, 0, 2, 0, 1, 2, 1, 1]),
 (12, [1849, 67, 1, 0, 0, 1867, 1504, 0, 1, 1, 2, 1, 1, 1, 2]),
 (16, [512, 94, 1, 1, 1, 1197, 1756, 0, 1, 2, 4, 0, 0, 0, 0]),
 (16, [566, 12, 1, 0, 0, 564, 1699, 1, 1, 2, 2, 0, 0, 0, 0]),
 (16, [653, 62, 1, 1, 0, 1734, 585, 0, 1, 1, 0, 1, 2, 1, 0]),
 (16, [1067, 63, 1, 0, 0, 892, 527, 0, 1, 1, 1, 0, 2, 2, 1]),
 (16, [1259, 34, 1, 1, 0, 1706, 907, 0, 1, 0, 4, 1, 1, 2, 1]),
 (16, [1635, 40, 1, 1, 0, 795, 1626, 0, 1, 2, 0, 1, 0, 1, 2]),
 (16, [1750, 28, 1, 1, 0, 2015, 1393, 0, 1, 1, 4, 1, 0, 2, 2]),
 (16, [1886, 42, 0, 0, 0, 1127, 1385, 0, 1, 0, 0, 0, 1, 0, 2]),
 (16, [1903, 94, 0, 1, 1, 1432, 974, 1, 0, 2, 4, 0, 2, 0, 2]),
 (16, [2044, 98, 0, 0, 1, 1586, 719, 0, 1, 2, 4, 1, 2, 2, 0]),
 (999, [564, 21, 0, 0, 0, 1457, 973, 0, 0, 3, 5, 0, 2, 2, 2]),
 (999, [670, 13, 1, 1, 0, 1763, 1382, 0, 0, 3, 4, 1, 0, 2, 1]),
 (999, [941, 49, 0, 1, 0, 1175, 797, 1, 1, 3, 2, 0, 1, 0, 0]),
 (999, [1068, 47, 1, 0, 0, 573, 762, 0, 0, 3, 0, 0, 0, 2, 0]),
 (999, [1166, 61, 0, 1, 1, 1672, 1010, 1, 1, 3, 3, 0, 1, 2, 2]),
 (999, [1390, 102, 1, 1, 1, 1543, 1957, 1, 0, 3, 0, 0, 1, 1, 0]),
 (999, [1391, 42, 1, 1, 0, 2031, 670, 0, 1, 2, 5, 1, 1, 1, 0]),
 (999, [1560, 81, 0, 0, 1, 1290, 1355, 0, 0, 2, 5, 0, 1, 0, 0]),
 (999, [1647, 83, 1, 0, 1, 618, 1647, 0, 0, 1, 5, 0, 1, 2, 1]),
 (999, [1656, 12, 1, 0, 0, 741, 1703, 0, 0, 3, 5, 1, 1, 2, 1]),
 (999, [1730, 104, 0, 1, 1, 1930, 1713, 0, 0, 3, 2, 1, 0, 0, 1]),
 (999, [1859, 44, 1, 1, 1, 842, 616, 0, 1, 2, 5, 0, 2, 2, 1])]
Selected
[(12, [1765, 112, 0, 0, 0, 852, 794, 0, 1, 2, 0, 1, 0, 1, 1]),
 (12, [516, 81, 0, 0, 1, 845, 1744, 0, 0, 0, 3, 1, 2, 1, 0]),
 (12, [1535, 62, 0, 1, 0, 1100, 914, 0, 1, 1, 3, 1, 0, 1, 2]),
 (12, [516, 81, 0, 0, 1, 845, 1744, 0, 0, 0, 3, 1, 2, 1, 0]),
 (12, [655, 51, 1, 1, 0, 1553, 821, 0, 1, 1, 3, 0, 0, 1, 0]),
 (16, [653, 62, 1, 1, 0, 1734, 585, 0, 1, 1, 0, 1, 2, 1, 0]),
 (12, [516, 81, 0, 0, 1, 845, 1744, 0, 0, 0, 3, 1, 2, 1, 0]),
 (12, [516, 81, 0, 0, 1, 845, 1744, 0, 0, 0, 3, 1, 2, 1, 0]),
 (12, [1310, 21, 1, 0, 1, 1825, 1382, 1, 0, 2, 4, 1, 0, 2, 0]),
 (12, [1111, 60, 0, 0, 1, 834, 1840, 0, 0, 2, 0, 0, 1, 0, 2]),
 (16, [1750, 28, 1, 1, 0, 2015, 1393, 0, 1, 1, 4, 1, 0, 2, 2]),
 (12, [1535, 62, 0, 1, 0, 1100, 914, 0, 1, 1, 3, 1, 0, 1, 2]),
 (12, [1519, 84, 0, 0, 0, 1697, 1364, 1, 1, 2, 4, 1, 2, 2, 2]),
 (12, [1583, 60, 0, 1, 1, 1478, 1395, 1, 0, 2, 0, 0, 0, 1, 1]),
 (12, [1841, 28, 0, 0, 0, 1449, 1256, 1, 0, 2, 0, 1, 2, 1, 1]),
 (12, [655, 51, 1, 1, 0, 1553, 821, 0, 1, 1, 3, 0, 0, 1, 0]),
 (16, [512, 94, 1, 1, 1, 1197, 1756, 0, 1, 2, 4, 0, 0, 0, 0]),
 (12, [1310, 21, 1, 0, 1, 1825, 1382, 1, 0, 2, 4, 1, 0, 2, 0]),
 (12, [1519, 84, 0, 0, 0, 1697, 1364, 1, 1, 2, 4, 1, 2, 2, 2]),
 (12, [1111, 60, 0, 0, 1, 834, 1840, 0, 0, 2, 0, 0, 1, 0, 2]),
 (12, [1111, 60, 0, 0, 1, 834, 1840, 0, 0, 2, 0, 0, 1, 0, 2]),
 (12, [1519, 84, 0, 0, 0, 1697, 1364, 1, 1, 2, 4, 1, 2, 2, 2]),
 (12, [1583, 60, 0, 1, 1, 1478, 1395, 1, 0, 2, 0, 0, 0, 1, 1]),
 (16, [1259, 34, 1, 1, 0, 1706, 907, 0, 1, 0, 4, 1, 1, 2, 1]),
 (12, [516, 81, 0, 0, 1, 845, 1744, 0, 0, 0, 3, 1, 2, 1, 0]),
 (12, [1841, 28, 0, 0, 0, 1449, 1256, 1, 0, 2, 0, 1, 2, 1, 1]),
 (12, [1765, 112, 0, 0, 0, 852, 794, 0, 1, 2, 0, 1, 0, 1, 1])]
population
[(999, [1859, 44, 1, 1, 1, 842, 616, 0, 1, 2, 5, 0, 2, 2, 1]),
 (999, [1730, 104, 0, 1, 1, 1930, 1713, 0, 0, 3, 2, 1, 0, 0, 1]),
 (999, [1656, 12, 1, 0, 0, 741, 1703, 0, 0, 3, 5, 1, 1, 2, 1]),
 (999, [1647, 83, 1, 0, 1, 618, 1647, 0, 0, 1, 5, 0, 1, 2, 1]),
 (999, [1560, 81, 0, 0, 1, 1290, 1355, 0, 0, 2, 5, 0, 1, 0, 0]),
 (999, [1391, 42, 1, 1, 0, 2031, 670, 0, 1, 2, 5, 1, 1, 1, 0]),
 (999, [1390, 102, 1, 1, 1, 1543, 1957, 1, 0, 3, 0, 0, 1, 1, 0]),
 (999, [1166, 61, 0, 1, 1, 1672, 1010, 1, 1, 3, 3, 0, 1, 2, 2]),
 (999, [1068, 47, 1, 0, 0, 573, 762, 0, 0, 3, 0, 0, 0, 2, 0]),
 (999, [941, 49, 0, 1, 0, 1175, 797, 1, 1, 3, 2, 0, 1, 0, 0]),
 (999, [670, 13, 1, 1, 0, 1763, 1382, 0, 0, 3, 4, 1, 0, 2, 1]),
 (999, [564, 21, 0, 0, 0, 1457, 973, 0, 0, 3, 5, 0, 2, 2, 2]),
 (16, [2044, 98, 0, 0, 1, 1586, 719, 0, 1, 2, 4, 1, 2, 2, 0]),
 (16, [1903, 94, 0, 1, 1, 1432, 974, 1, 0, 2, 4, 0, 2, 0, 2]),
 (16, [1886, 42, 0, 0, 0, 1127, 1385, 0, 1, 0, 0, 0, 1, 0, 2]),
 (16, [1750, 28, 1, 1, 0, 2015, 1393, 0, 1, 1, 4, 1, 0, 2, 2]),
 (16, [1635, 40, 1, 1, 0, 795, 1626, 0, 1, 2, 0, 1, 0, 1, 2]),
 (16, [1259, 34, 1, 1, 0, 1706, 907, 0, 1, 0, 4, 1, 1, 2, 1]),
 (16, [1067, 63, 1, 0, 0, 892, 527, 0, 1, 1, 1, 0, 2, 2, 1]),
 (16, [653, 62, 1, 1, 0, 1734, 585, 0, 1, 1, 0, 1, 2, 1, 0]),
 (16, [566, 12, 1, 0, 0, 564, 1699, 1, 1, 2, 2, 0, 0, 0, 0]),
 (16, [512, 94, 1, 1, 1, 1197, 1756, 0, 1, 2, 4, 0, 0, 0, 0]),
 (12, [1849, 67, 1, 0, 0, 1867, 1504, 0, 1, 1, 2, 1, 1, 1, 2]),
 (12, [1841, 28, 0, 0, 0, 1449, 1256, 1, 0, 2, 0, 1, 2, 1, 1]),
 (12, [1765, 112, 0, 0, 0, 852, 794, 0, 1, 2, 0, 1, 0, 1, 1]),
 (12, [1583, 60, 0, 1, 1, 1478, 1395, 1, 0, 2, 0, 0, 0, 1, 1]),
 (12, [1535, 62, 0, 1, 0, 1100, 914, 0, 1, 1, 3, 1, 0, 1, 2]),
 (12, [1519, 84, 0, 0, 0, 1697, 1364, 1, 1, 2, 4, 1, 2, 2, 2]),
 (12, [1310, 21, 1, 0, 1, 1825, 1382, 1, 0, 2, 4, 1, 0, 2, 0]),
 (12, [1111, 60, 0, 0, 1, 834, 1840, 0, 0, 2, 0, 0, 1, 0, 2]),
 (12, [655, 51, 1, 1, 0, 1553, 821, 0, 1, 1, 3, 0, 0, 1, 0]),
 (12, [516, 81, 0, 0, 1, 845, 1744, 0, 0, 0, 3, 1, 2, 1, 0])]
scored
[(12, [516, 81, 0, 0, 1, 845, 1744, 0, 0, 0, 3, 1, 2, 1, 0]),
 (12, [655, 51, 1, 1, 0, 1553, 821, 0, 1, 1, 3, 0, 0, 1, 0]),
 (12, [1111, 60, 0, 0, 1, 834, 1840, 0, 0, 2, 0, 0, 1, 0, 2]),
 (12, [1310, 21, 1, 0, 1, 1825, 1382, 1, 0, 2, 4, 1, 0, 2, 0]),
 (12, [1519, 84, 0, 0, 0, 1697, 1364, 1, 1, 2, 4, 1, 2, 2, 2]),
 (12, [1535, 62, 0, 1, 0, 1100, 914, 0, 1, 1, 3, 1, 0, 1, 2]),
 (12, [1583, 60, 0, 1, 1, 1478, 1395, 1, 0, 2, 0, 0, 0, 1, 1]),
 (12, [1765, 112, 0, 0, 0, 852, 794, 0, 1, 2, 0, 1, 0, 1, 1]),
 (12, [1841, 28, 0, 0, 0, 1449, 1256, 1, 0, 2, 0, 1, 2, 1, 1]),
 (12, [1849, 67, 1, 0, 0, 1867, 1504, 0, 1, 1, 2, 1, 1, 1, 2]),
 (16, [512, 94, 1, 1, 1, 1197, 1756, 0, 1, 2, 4, 0, 0, 0, 0]),
 (16, [566, 12, 1, 0, 0, 564, 1699, 1, 1, 2, 2, 0, 0, 0, 0]),
 (16, [653, 62, 1, 1, 0, 1734, 585, 0, 1, 1, 0, 1, 2, 1, 0]),
 (16, [1067, 63, 1, 0, 0, 892, 527, 0, 1, 1, 1, 0, 2, 2, 1]),
 (16, [1259, 34, 1, 1, 0, 1706, 907, 0, 1, 0, 4, 1, 1, 2, 1]),
 (16, [1635, 40, 1, 1, 0, 795, 1626, 0, 1, 2, 0, 1, 0, 1, 2]),
 (16, [1750, 28, 1, 1, 0, 2015, 1393, 0, 1, 1, 4, 1, 0, 2, 2]),
 (16, [1886, 42, 0, 0, 0, 1127, 1385, 0, 1, 0, 0, 0, 1, 0, 2]),
 (16, [1903, 94, 0, 1, 1, 1432, 974, 1, 0, 2, 4, 0, 2, 0, 2]),
 (16, [2044, 98, 0, 0, 1, 1586, 719, 0, 1, 2, 4, 1, 2, 2, 0]),
 (999, [564, 21, 0, 0, 0, 1457, 973, 0, 0, 3, 5, 0, 2, 2, 2]),
 (999, [670, 13, 1, 1, 0, 1763, 1382, 0, 0, 3, 4, 1, 0, 2, 1]),
 (999, [941, 49, 0, 1, 0, 1175, 797, 1, 1, 3, 2, 0, 1, 0, 0]),
 (999, [1068, 47, 1, 0, 0, 573, 762, 0, 0, 3, 0, 0, 0, 2, 0]),
 (999, [1166, 61, 0, 1, 1, 1672, 1010, 1, 1, 3, 3, 0, 1, 2, 2]),
 (999, [1390, 102, 1, 1, 1, 1543, 1957, 1, 0, 3, 0, 0, 1, 1, 0]),
 (999, [1391, 42, 1, 1, 0, 2031, 670, 0, 1, 2, 5, 1, 1, 1, 0]),
 (999, [1560, 81, 0, 0, 1, 1290, 1355, 0, 0, 2, 5, 0, 1, 0, 0]),
 (999, [1647, 83, 1, 0, 1, 618, 1647, 0, 0, 1, 5, 0, 1, 2, 1]),
 (999, [1656, 12, 1, 0, 0, 741, 1703, 0, 0, 3, 5, 1, 1, 2, 1]),
 (999, [1730, 104, 0, 1, 1, 1930, 1713, 0, 0, 3, 2, 1, 0, 0, 1]),
 (999, [1859, 44, 1, 1, 1, 842, 616, 0, 1, 2, 5, 0, 2, 2, 1])]
Selected
[(16, [653, 62, 1, 1, 0, 1734, 585, 0, 1, 1, 0, 1, 2, 1, 0]),
 (12, [1765, 112, 0, 0, 0, 852, 794, 0, 1, 2, 0, 1, 0, 1, 1]),
 (12, [655, 51, 1, 1, 0, 1553, 821, 0, 1, 1, 3, 0, 0, 1, 0]),
 (12, [1111, 60, 0, 0, 1, 834, 1840, 0, 0, 2, 0, 0, 1, 0, 2]),
 (12, [1310, 21, 1, 0, 1, 1825, 1382, 1, 0, 2, 4, 1, 0, 2, 0]),
 (12, [516, 81, 0, 0, 1, 845, 1744, 0, 0, 0, 3, 1, 2, 1, 0]),
 (12, [1111, 60, 0, 0, 1, 834, 1840, 0, 0, 2, 0, 0, 1, 0, 2]),
 (999, [941, 49, 0, 1, 0, 1175, 797, 1, 1, 3, 2, 0, 1, 0, 0]),
 (12, [1841, 28, 0, 0, 0, 1449, 1256, 1, 0, 2, 0, 1, 2, 1, 1]),
 (12, [655, 51, 1, 1, 0, 1553, 821, 0, 1, 1, 3, 0, 0, 1, 0]),
 (12, [516, 81, 0, 0, 1, 845, 1744, 0, 0, 0, 3, 1, 2, 1, 0]),
 (12, [516, 81, 0, 0, 1, 845, 1744, 0, 0, 0, 3, 1, 2, 1, 0]),
 (12, [1310, 21, 1, 0, 1, 1825, 1382, 1, 0, 2, 4, 1, 0, 2, 0]),
 (12, [1519, 84, 0, 0, 0, 1697, 1364, 1, 1, 2, 4, 1, 2, 2, 2]),
 (12, [1535, 62, 0, 1, 0, 1100, 914, 0, 1, 1, 3, 1, 0, 1, 2]),
 (12, [655, 51, 1, 1, 0, 1553, 821, 0, 1, 1, 3, 0, 0, 1, 0]),
 (16, [653, 62, 1, 1, 0, 1734, 585, 0, 1, 1, 0, 1, 2, 1, 0]),
 (12, [1841, 28, 0, 0, 0, 1449, 1256, 1, 0, 2, 0, 1, 2, 1, 1]),
 (12, [655, 51, 1, 1, 0, 1553, 821, 0, 1, 1, 3, 0, 0, 1, 0]),
 (12, [516, 81, 0, 0, 1, 845, 1744, 0, 0, 0, 3, 1, 2, 1, 0]),
 (12, [1111, 60, 0, 0, 1, 834, 1840, 0, 0, 2, 0, 0, 1, 0, 2]),
 (12, [516, 81, 0, 0, 1, 845, 1744, 0, 0, 0, 3, 1, 2, 1, 0]),
 (12, [1535, 62, 0, 1, 0, 1100, 914, 0, 1, 1, 3, 1, 0, 1, 2]),
 (12, [1583, 60, 0, 1, 1, 1478, 1395, 1, 0, 2, 0, 0, 0, 1, 1]),
 (12, [1535, 62, 0, 1, 0, 1100, 914, 0, 1, 1, 3, 1, 0, 1, 2]),
 (12, [655, 51, 1, 1, 0, 1553, 821, 0, 1, 1, 3, 0, 0, 1, 0]),
 (12, [1583, 60, 0, 1, 1, 1478, 1395, 1, 0, 2, 0, 0, 0, 1, 1])]
population
[(999, [1859, 44, 1, 1, 1, 842, 616, 0, 1, 2, 5, 0, 2, 2, 1]),
 (999, [1730, 104, 0, 1, 1, 1930, 1713, 0, 0, 3, 2, 1, 0, 0, 1]),
 (999, [1656, 12, 1, 0, 0, 741, 1703, 0, 0, 3, 5, 1, 1, 2, 1]),
 (999, [1647, 83, 1, 0, 1, 618, 1647, 0, 0, 1, 5, 0, 1, 2, 1]),
 (999, [1560, 81, 0, 0, 1, 1290, 1355, 0, 0, 2, 5, 0, 1, 0, 0]),
 (999, [1391, 42, 1, 1, 0, 2031, 670, 0, 1, 2, 5, 1, 1, 1, 0]),
 (999, [1390, 102, 1, 1, 1, 1543, 1957, 1, 0, 3, 0, 0, 1, 1, 0]),
 (999, [1166, 61, 0, 1, 1, 1672, 1010, 1, 1, 3, 3, 0, 1, 2, 2]),
 (999, [1068, 47, 1, 0, 0, 573, 762, 0, 0, 3, 0, 0, 0, 2, 0]),
 (999, [941, 49, 0, 1, 0, 1175, 797, 1, 1, 3, 2, 0, 1, 0, 0]),
 (999, [670, 13, 1, 1, 0, 1763, 1382, 0, 0, 3, 4, 1, 0, 2, 1]),
 (999, [564, 21, 0, 0, 0, 1457, 973, 0, 0, 3, 5, 0, 2, 2, 2]),
 (16, [2044, 98, 0, 0, 1, 1586, 719, 0, 1, 2, 4, 1, 2, 2, 0]),
 (16, [1903, 94, 0, 1, 1, 1432, 974, 1, 0, 2, 4, 0, 2, 0, 2]),
 (16, [1886, 42, 0, 0, 0, 1127, 1385, 0, 1, 0, 0, 0, 1, 0, 2]),
 (16, [1750, 28, 1, 1, 0, 2015, 1393, 0, 1, 1, 4, 1, 0, 2, 2]),
 (16, [1635, 40, 1, 1, 0, 795, 1626, 0, 1, 2, 0, 1, 0, 1, 2]),
 (16, [1259, 34, 1, 1, 0, 1706, 907, 0, 1, 0, 4, 1, 1, 2, 1]),
 (16, [1067, 63, 1, 0, 0, 892, 527, 0, 1, 1, 1, 0, 2, 2, 1]),
 (16, [653, 62, 1, 1, 0, 1734, 585, 0, 1, 1, 0, 1, 2, 1, 0]),
 (16, [566, 12, 1, 0, 0, 564, 1699, 1, 1, 2, 2, 0, 0, 0, 0]),
 (16, [512, 94, 1, 1, 1, 1197, 1756, 0, 1, 2, 4, 0, 0, 0, 0]),
 (12, [1849, 67, 1, 0, 0, 1867, 1504, 0, 1, 1, 2, 1, 1, 1, 2]),
 (12, [1841, 28, 0, 0, 0, 1449, 1256, 1, 0, 2, 0, 1, 2, 1, 1]),
 (12, [1765, 112, 0, 0, 0, 852, 794, 0, 1, 2, 0, 1, 0, 1, 1]),
 (12, [1583, 60, 0, 1, 1, 1478, 1395, 1, 0, 2, 0, 0, 0, 1, 1]),
 (12, [1535, 62, 0, 1, 0, 1100, 914, 0, 1, 1, 3, 1, 0, 1, 2]),
 (12, [1519, 84, 0, 0, 0, 1697, 1364, 1, 1, 2, 4, 1, 2, 2, 2]),
 (12, [1310, 21, 1, 0, 1, 1825, 1382, 1, 0, 2, 4, 1, 0, 2, 0]),
 (12, [1111, 60, 0, 0, 1, 834, 1840, 0, 0, 2, 0, 0, 1, 0, 2]),
 (12, [655, 51, 1, 1, 0, 1553, 821, 0, 1, 1, 3, 0, 0, 1, 0]),
 (12, [516, 81, 0, 0, 1, 845, 1744, 0, 0, 0, 3, 1, 2, 1, 0])]
scored
[(12, [516, 81, 0, 0, 1, 845, 1744, 0, 0, 0, 3, 1, 2, 1, 0]),
 (12, [655, 51, 1, 1, 0, 1553, 821, 0, 1, 1, 3, 0, 0, 1, 0]),
 (12, [1111, 60, 0, 0, 1, 834, 1840, 0, 0, 2, 0, 0, 1, 0, 2]),
 (12, [1310, 21, 1, 0, 1, 1825, 1382, 1, 0, 2, 4, 1, 0, 2, 0]),
 (12, [1519, 84, 0, 0, 0, 1697, 1364, 1, 1, 2, 4, 1, 2, 2, 2]),
 (12, [1535, 62, 0, 1, 0, 1100, 914, 0, 1, 1, 3, 1, 0, 1, 2]),
 (12, [1583, 60, 0, 1, 1, 1478, 1395, 1, 0, 2, 0, 0, 0, 1, 1]),
 (12, [1765, 112, 0, 0, 0, 852, 794, 0, 1, 2, 0, 1, 0, 1, 1]),
 (12, [1841, 28, 0, 0, 0, 1449, 1256, 1, 0, 2, 0, 1, 2, 1, 1]),
 (12, [1849, 67, 1, 0, 0, 1867, 1504, 0, 1, 1, 2, 1, 1, 1, 2]),
 (16, [512, 94, 1, 1, 1, 1197, 1756, 0, 1, 2, 4, 0, 0, 0, 0]),
 (16, [566, 12, 1, 0, 0, 564, 1699, 1, 1, 2, 2, 0, 0, 0, 0]),
 (16, [653, 62, 1, 1, 0, 1734, 585, 0, 1, 1, 0, 1, 2, 1, 0]),
 (16, [1067, 63, 1, 0, 0, 892, 527, 0, 1, 1, 1, 0, 2, 2, 1]),
 (16, [1259, 34, 1, 1, 0, 1706, 907, 0, 1, 0, 4, 1, 1, 2, 1]),
 (16, [1635, 40, 1, 1, 0, 795, 1626, 0, 1, 2, 0, 1, 0, 1, 2]),
 (16, [1750, 28, 1, 1, 0, 2015, 1393, 0, 1, 1, 4, 1, 0, 2, 2]),
 (16, [1886, 42, 0, 0, 0, 1127, 1385, 0, 1, 0, 0, 0, 1, 0, 2]),
 (16, [1903, 94, 0, 1, 1, 1432, 974, 1, 0, 2, 4, 0, 2, 0, 2]),
 (16, [2044, 98, 0, 0, 1, 1586, 719, 0, 1, 2, 4, 1, 2, 2, 0]),
 (999, [564, 21, 0, 0, 0, 1457, 973, 0, 0, 3, 5, 0, 2, 2, 2]),
 (999, [670, 13, 1, 1, 0, 1763, 1382, 0, 0, 3, 4, 1, 0, 2, 1]),
 (999, [941, 49, 0, 1, 0, 1175, 797, 1, 1, 3, 2, 0, 1, 0, 0]),
 (999, [1068, 47, 1, 0, 0, 573, 762, 0, 0, 3, 0, 0, 0, 2, 0]),
 (999, [1166, 61, 0, 1, 1, 1672, 1010, 1, 1, 3, 3, 0, 1, 2, 2]),
 (999, [1390, 102, 1, 1, 1, 1543, 1957, 1, 0, 3, 0, 0, 1, 1, 0]),
 (999, [1391, 42, 1, 1, 0, 2031, 670, 0, 1, 2, 5, 1, 1, 1, 0]),
 (999, [1560, 81, 0, 0, 1, 1290, 1355, 0, 0, 2, 5, 0, 1, 0, 0]),
 (999, [1647, 83, 1, 0, 1, 618, 1647, 0, 0, 1, 5, 0, 1, 2, 1]),
 (999, [1656, 12, 1, 0, 0, 741, 1703, 0, 0, 3, 5, 1, 1, 2, 1]),
 (999, [1730, 104, 0, 1, 1, 1930, 1713, 0, 0, 3, 2, 1, 0, 0, 1]),
 (999, [1859, 44, 1, 1, 1, 842, 616, 0, 1, 2, 5, 0, 2, 2, 1])]
Selected
[(12, [655, 51, 1, 1, 0, 1553, 821, 0, 1, 1, 3, 0, 0, 1, 0]),
 (16, [1259, 34, 1, 1, 0, 1706, 907, 0, 1, 0, 4, 1, 1, 2, 1]),
 (12, [1310, 21, 1, 0, 1, 1825, 1382, 1, 0, 2, 4, 1, 0, 2, 0]),
 (16, [1635, 40, 1, 1, 0, 795, 1626, 0, 1, 2, 0, 1, 0, 1, 2]),
 (12, [1841, 28, 0, 0, 0, 1449, 1256, 1, 0, 2, 0, 1, 2, 1, 1]),
 (12, [1849, 67, 1, 0, 0, 1867, 1504, 0, 1, 1, 2, 1, 1, 1, 2]),
 (12, [1111, 60, 0, 0, 1, 834, 1840, 0, 0, 2, 0, 0, 1, 0, 2]),
 (12, [1841, 28, 0, 0, 0, 1449, 1256, 1, 0, 2, 0, 1, 2, 1, 1]),
 (12, [655, 51, 1, 1, 0, 1553, 821, 0, 1, 1, 3, 0, 0, 1, 0]),
 (12, [1765, 112, 0, 0, 0, 852, 794, 0, 1, 2, 0, 1, 0, 1, 1]),
 (12, [516, 81, 0, 0, 1, 845, 1744, 0, 0, 0, 3, 1, 2, 1, 0]),
 (12, [1111, 60, 0, 0, 1, 834, 1840, 0, 0, 2, 0, 0, 1, 0, 2]),
 (16, [512, 94, 1, 1, 1, 1197, 1756, 0, 1, 2, 4, 0, 0, 0, 0]),
 (12, [1111, 60, 0, 0, 1, 834, 1840, 0, 0, 2, 0, 0, 1, 0, 2]),
 (12, [1310, 21, 1, 0, 1, 1825, 1382, 1, 0, 2, 4, 1, 0, 2, 0]),
 (12, [1111, 60, 0, 0, 1, 834, 1840, 0, 0, 2, 0, 0, 1, 0, 2]),
 (12, [1765, 112, 0, 0, 0, 852, 794, 0, 1, 2, 0, 1, 0, 1, 1]),
 (12, [655, 51, 1, 1, 0, 1553, 821, 0, 1, 1, 3, 0, 0, 1, 0]),
 (12, [516, 81, 0, 0, 1, 845, 1744, 0, 0, 0, 3, 1, 2, 1, 0]),
 (12, [1519, 84, 0, 0, 0, 1697, 1364, 1, 1, 2, 4, 1, 2, 2, 2]),
 (12, [1535, 62, 0, 1, 0, 1100, 914, 0, 1, 1, 3, 1, 0, 1, 2]),
 (12, [1519, 84, 0, 0, 0, 1697, 1364, 1, 1, 2, 4, 1, 2, 2, 2]),
 (12, [1841, 28, 0, 0, 0, 1449, 1256, 1, 0, 2, 0, 1, 2, 1, 1]),
 (12, [1310, 21, 1, 0, 1, 1825, 1382, 1, 0, 2, 4, 1, 0, 2, 0]),
 (12, [1519, 84, 0, 0, 0, 1697, 1364, 1, 1, 2, 4, 1, 2, 2, 2]),
 (12, [655, 51, 1, 1, 0, 1553, 821, 0, 1, 1, 3, 0, 0, 1, 0]),
 (16, [653, 62, 1, 1, 0, 1734, 585, 0, 1, 1, 0, 1, 2, 1, 0])]
population
[(999, [1859, 44, 1, 1, 1, 842, 616, 0, 1, 2, 5, 0, 2, 2, 1]),
 (999, [1730, 104, 0, 1, 1, 1930, 1713, 0, 0, 3, 2, 1, 0, 0, 1]),
 (999, [1656, 12, 1, 0, 0, 741, 1703, 0, 0, 3, 5, 1, 1, 2, 1]),
 (999, [1647, 83, 1, 0, 1, 618, 1647, 0, 0, 1, 5, 0, 1, 2, 1]),
 (999, [1560, 81, 0, 0, 1, 1290, 1355, 0, 0, 2, 5, 0, 1, 0, 0]),
 (999, [1391, 42, 1, 1, 0, 2031, 670, 0, 1, 2, 5, 1, 1, 1, 0]),
 (999, [1390, 102, 1, 1, 1, 1543, 1957, 1, 0, 3, 0, 0, 1, 1, 0]),
 (999, [1166, 61, 0, 1, 1, 1672, 1010, 1, 1, 3, 3, 0, 1, 2, 2]),
 (999, [1068, 47, 1, 0, 0, 573, 762, 0, 0, 3, 0, 0, 0, 2, 0]),
 (999, [941, 49, 0, 1, 0, 1175, 797, 1, 1, 3, 2, 0, 1, 0, 0]),
 (999, [670, 13, 1, 1, 0, 1763, 1382, 0, 0, 3, 4, 1, 0, 2, 1]),
 (999, [564, 21, 0, 0, 0, 1457, 973, 0, 0, 3, 5, 0, 2, 2, 2]),
 (16, [2044, 98, 0, 0, 1, 1586, 719, 0, 1, 2, 4, 1, 2, 2, 0]),
 (16, [1903, 94, 0, 1, 1, 1432, 974, 1, 0, 2, 4, 0, 2, 0, 2]),
 (16, [1886, 42, 0, 0, 0, 1127, 1385, 0, 1, 0, 0, 0, 1, 0, 2]),
 (16, [1750, 28, 1, 1, 0, 2015, 1393, 0, 1, 1, 4, 1, 0, 2, 2]),
 (16, [1635, 40, 1, 1, 0, 795, 1626, 0, 1, 2, 0, 1, 0, 1, 2]),
 (16, [1259, 34, 1, 1, 0, 1706, 907, 0, 1, 0, 4, 1, 1, 2, 1]),
 (16, [1067, 63, 1, 0, 0, 892, 527, 0, 1, 1, 1, 0, 2, 2, 1]),
 (16, [653, 62, 1, 1, 0, 1734, 585, 0, 1, 1, 0, 1, 2, 1, 0]),
 (16, [566, 12, 1, 0, 0, 564, 1699, 1, 1, 2, 2, 0, 0, 0, 0]),
 (16, [512, 94, 1, 1, 1, 1197, 1756, 0, 1, 2, 4, 0, 0, 0, 0]),
 (12, [1849, 67, 1, 0, 0, 1867, 1504, 0, 1, 1, 2, 1, 1, 1, 2]),
 (12, [1841, 28, 0, 0, 0, 1449, 1256, 1, 0, 2, 0, 1, 2, 1, 1]),
 (12, [1765, 112, 0, 0, 0, 852, 794, 0, 1, 2, 0, 1, 0, 1, 1]),
 (12, [1583, 60, 0, 1, 1, 1478, 1395, 1, 0, 2, 0, 0, 0, 1, 1]),
 (12, [1535, 62, 0, 1, 0, 1100, 914, 0, 1, 1, 3, 1, 0, 1, 2]),
 (12, [1519, 84, 0, 0, 0, 1697, 1364, 1, 1, 2, 4, 1, 2, 2, 2]),
 (12, [1310, 21, 1, 0, 1, 1825, 1382, 1, 0, 2, 4, 1, 0, 2, 0]),
 (12, [1111, 60, 0, 0, 1, 834, 1840, 0, 0, 2, 0, 0, 1, 0, 2]),
 (12, [655, 51, 1, 1, 0, 1553, 821, 0, 1, 1, 3, 0, 0, 1, 0]),
 (12, [516, 81, 0, 0, 1, 845, 1744, 0, 0, 0, 3, 1, 2, 1, 0])]
scored
[(12, [516, 81, 0, 0, 1, 845, 1744, 0, 0, 0, 3, 1, 2, 1, 0]),
 (12, [655, 51, 1, 1, 0, 1553, 821, 0, 1, 1, 3, 0, 0, 1, 0]),
 (12, [1111, 60, 0, 0, 1, 834, 1840, 0, 0, 2, 0, 0, 1, 0, 2]),
 (12, [1310, 21, 1, 0, 1, 1825, 1382, 1, 0, 2, 4, 1, 0, 2, 0]),
 (12, [1519, 84, 0, 0, 0, 1697, 1364, 1, 1, 2, 4, 1, 2, 2, 2]),
 (12, [1535, 62, 0, 1, 0, 1100, 914, 0, 1, 1, 3, 1, 0, 1, 2]),
 (12, [1583, 60, 0, 1, 1, 1478, 1395, 1, 0, 2, 0, 0, 0, 1, 1]),
 (12, [1765, 112, 0, 0, 0, 852, 794, 0, 1, 2, 0, 1, 0, 1, 1]),
 (12, [1841, 28, 0, 0, 0, 1449, 1256, 1, 0, 2, 0, 1, 2, 1, 1]),
 (12, [1849, 67, 1, 0, 0, 1867, 1504, 0, 1, 1, 2, 1, 1, 1, 2]),
 (16, [512, 94, 1, 1, 1, 1197, 1756, 0, 1, 2, 4, 0, 0, 0, 0]),
 (16, [566, 12, 1, 0, 0, 564, 1699, 1, 1, 2, 2, 0, 0, 0, 0]),
 (16, [653, 62, 1, 1, 0, 1734, 585, 0, 1, 1, 0, 1, 2, 1, 0]),
 (16, [1067, 63, 1, 0, 0, 892, 527, 0, 1, 1, 1, 0, 2, 2, 1]),
 (16, [1259, 34, 1, 1, 0, 1706, 907, 0, 1, 0, 4, 1, 1, 2, 1]),
 (16, [1635, 40, 1, 1, 0, 795, 1626, 0, 1, 2, 0, 1, 0, 1, 2]),
 (16, [1750, 28, 1, 1, 0, 2015, 1393, 0, 1, 1, 4, 1, 0, 2, 2]),
 (16, [1886, 42, 0, 0, 0, 1127, 1385, 0, 1, 0, 0, 0, 1, 0, 2]),
 (16, [1903, 94, 0, 1, 1, 1432, 974, 1, 0, 2, 4, 0, 2, 0, 2]),
 (16, [2044, 98, 0, 0, 1, 1586, 719, 0, 1, 2, 4, 1, 2, 2, 0]),
 (999, [564, 21, 0, 0, 0, 1457, 973, 0, 0, 3, 5, 0, 2, 2, 2]),
 (999, [670, 13, 1, 1, 0, 1763, 1382, 0, 0, 3, 4, 1, 0, 2, 1]),
 (999, [941, 49, 0, 1, 0, 1175, 797, 1, 1, 3, 2, 0, 1, 0, 0]),
 (999, [1068, 47, 1, 0, 0, 573, 762, 0, 0, 3, 0, 0, 0, 2, 0]),
 (999, [1166, 61, 0, 1, 1, 1672, 1010, 1, 1, 3, 3, 0, 1, 2, 2]),
 (999, [1390, 102, 1, 1, 1, 1543, 1957, 1, 0, 3, 0, 0, 1, 1, 0]),
 (999, [1391, 42, 1, 1, 0, 2031, 670, 0, 1, 2, 5, 1, 1, 1, 0]),
 (999, [1560, 81, 0, 0, 1, 1290, 1355, 0, 0, 2, 5, 0, 1, 0, 0]),
 (999, [1647, 83, 1, 0, 1, 618, 1647, 0, 0, 1, 5, 0, 1, 2, 1]),
 (999, [1656, 12, 1, 0, 0, 741, 1703, 0, 0, 3, 5, 1, 1, 2, 1]),
 (999, [1730, 104, 0, 1, 1, 1930, 1713, 0, 0, 3, 2, 1, 0, 0, 1]),
 (999, [1859, 44, 1, 1, 1, 842, 616, 0, 1, 2, 5, 0, 2, 2, 1])]
Selected
[(12, [516, 81, 0, 0, 1, 845, 1744, 0, 0, 0, 3, 1, 2, 1, 0]),
 (12, [516, 81, 0, 0, 1, 845, 1744, 0, 0, 0, 3, 1, 2, 1, 0]),
 (12, [1111, 60, 0, 0, 1, 834, 1840, 0, 0, 2, 0, 0, 1, 0, 2]),
 (12, [1583, 60, 0, 1, 1, 1478, 1395, 1, 0, 2, 0, 0, 0, 1, 1]),
 (12, [1519, 84, 0, 0, 0, 1697, 1364, 1, 1, 2, 4, 1, 2, 2, 2]),
 (12, [1849, 67, 1, 0, 0, 1867, 1504, 0, 1, 1, 2, 1, 1, 1, 2]),
 (12, [1583, 60, 0, 1, 1, 1478, 1395, 1, 0, 2, 0, 0, 0, 1, 1]),
 (12, [1310, 21, 1, 0, 1, 1825, 1382, 1, 0, 2, 4, 1, 0, 2, 0]),
 (12, [1111, 60, 0, 0, 1, 834, 1840, 0, 0, 2, 0, 0, 1, 0, 2]),
 (12, [1519, 84, 0, 0, 0, 1697, 1364, 1, 1, 2, 4, 1, 2, 2, 2]),
 (12, [516, 81, 0, 0, 1, 845, 1744, 0, 0, 0, 3, 1, 2, 1, 0]),
 (12, [1519, 84, 0, 0, 0, 1697, 1364, 1, 1, 2, 4, 1, 2, 2, 2]),
 (12, [1765, 112, 0, 0, 0, 852, 794, 0, 1, 2, 0, 1, 0, 1, 1]),
 (12, [1535, 62, 0, 1, 0, 1100, 914, 0, 1, 1, 3, 1, 0, 1, 2]),
 (16, [1259, 34, 1, 1, 0, 1706, 907, 0, 1, 0, 4, 1, 1, 2, 1]),
 (12, [516, 81, 0, 0, 1, 845, 1744, 0, 0, 0, 3, 1, 2, 1, 0]),
 (12, [516, 81, 0, 0, 1, 845, 1744, 0, 0, 0, 3, 1, 2, 1, 0]),
 (16, [1259, 34, 1, 1, 0, 1706, 907, 0, 1, 0, 4, 1, 1, 2, 1]),
 (12, [1535, 62, 0, 1, 0, 1100, 914, 0, 1, 1, 3, 1, 0, 1, 2]),
 (12, [1583, 60, 0, 1, 1, 1478, 1395, 1, 0, 2, 0, 0, 0, 1, 1]),
 (12, [1765, 112, 0, 0, 0, 852, 794, 0, 1, 2, 0, 1, 0, 1, 1]),
 (12, [1111, 60, 0, 0, 1, 834, 1840, 0, 0, 2, 0, 0, 1, 0, 2]),
 (12, [1111, 60, 0, 0, 1, 834, 1840, 0, 0, 2, 0, 0, 1, 0, 2]),
 (16, [566, 12, 1, 0, 0, 564, 1699, 1, 1, 2, 2, 0, 0, 0, 0]),
 (12, [516, 81, 0, 0, 1, 845, 1744, 0, 0, 0, 3, 1, 2, 1, 0]),
 (12, [1583, 60, 0, 1, 1, 1478, 1395, 1, 0, 2, 0, 0, 0, 1, 1]),
 (16, [653, 62, 1, 1, 0, 1734, 585, 0, 1, 1, 0, 1, 2, 1, 0])]
population
[(999, [1859, 44, 1, 1, 1, 842, 616, 0, 1, 2, 5, 0, 2, 2, 1]),
 (999, [1730, 104, 0, 1, 1, 1930, 1713, 0, 0, 3, 2, 1, 0, 0, 1]),
 (999, [1656, 12, 1, 0, 0, 741, 1703, 0, 0, 3, 5, 1, 1, 2, 1]),
 (999, [1647, 83, 1, 0, 1, 618, 1647, 0, 0, 1, 5, 0, 1, 2, 1]),
 (999, [1560, 81, 0, 0, 1, 1290, 1355, 0, 0, 2, 5, 0, 1, 0, 0]),
 (999, [1391, 42, 1, 1, 0, 2031, 670, 0, 1, 2, 5, 1, 1, 1, 0]),
 (999, [1390, 102, 1, 1, 1, 1543, 1957, 1, 0, 3, 0, 0, 1, 1, 0]),
 (999, [1166, 61, 0, 1, 1, 1672, 1010, 1, 1, 3, 3, 0, 1, 2, 2]),
 (999, [1068, 47, 1, 0, 0, 573, 762, 0, 0, 3, 0, 0, 0, 2, 0]),
 (999, [941, 49, 0, 1, 0, 1175, 797, 1, 1, 3, 2, 0, 1, 0, 0]),
 (999, [670, 13, 1, 1, 0, 1763, 1382, 0, 0, 3, 4, 1, 0, 2, 1]),
 (999, [564, 21, 0, 0, 0, 1457, 973, 0, 0, 3, 5, 0, 2, 2, 2]),
 (16, [2044, 98, 0, 0, 1, 1586, 719, 0, 1, 2, 4, 1, 2, 2, 0]),
 (16, [1903, 94, 0, 1, 1, 1432, 974, 1, 0, 2, 4, 0, 2, 0, 2]),
 (16, [1886, 42, 0, 0, 0, 1127, 1385, 0, 1, 0, 0, 0, 1, 0, 2]),
 (16, [1750, 28, 1, 1, 0, 2015, 1393, 0, 1, 1, 4, 1, 0, 2, 2]),
 (16, [1635, 40, 1, 1, 0, 795, 1626, 0, 1, 2, 0, 1, 0, 1, 2]),
 (16, [1259, 34, 1, 1, 0, 1706, 907, 0, 1, 0, 4, 1, 1, 2, 1]),
 (16, [1067, 63, 1, 0, 0, 892, 527, 0, 1, 1, 1, 0, 2, 2, 1]),
 (16, [653, 62, 1, 1, 0, 1734, 585, 0, 1, 1, 0, 1, 2, 1, 0]),
 (16, [566, 12, 1, 0, 0, 564, 1699, 1, 1, 2, 2, 0, 0, 0, 0]),
 (16, [512, 94, 1, 1, 1, 1197, 1756, 0, 1, 2, 4, 0, 0, 0, 0]),
 (12, [1849, 67, 1, 0, 0, 1867, 1504, 0, 1, 1, 2, 1, 1, 1, 2]),
 (12, [1841, 28, 0, 0, 0, 1449, 1256, 1, 0, 2, 0, 1, 2, 1, 1]),
 (12, [1765, 112, 0, 0, 0, 852, 794, 0, 1, 2, 0, 1, 0, 1, 1]),
 (12, [1583, 60, 0, 1, 1, 1478, 1395, 1, 0, 2, 0, 0, 0, 1, 1]),
 (12, [1535, 62, 0, 1, 0, 1100, 914, 0, 1, 1, 3, 1, 0, 1, 2]),
 (12, [1519, 84, 0, 0, 0, 1697, 1364, 1, 1, 2, 4, 1, 2, 2, 2]),
 (12, [1310, 21, 1, 0, 1, 1825, 1382, 1, 0, 2, 4, 1, 0, 2, 0]),
 (12, [1111, 60, 0, 0, 1, 834, 1840, 0, 0, 2, 0, 0, 1, 0, 2]),
 (12, [655, 51, 1, 1, 0, 1553, 821, 0, 1, 1, 3, 0, 0, 1, 0]),
 (12, [516, 81, 0, 0, 1, 845, 1744, 0, 0, 0, 3, 1, 2, 1, 0])]
scored
[(12, [516, 81, 0, 0, 1, 845, 1744, 0, 0, 0, 3, 1, 2, 1, 0]),
 (12, [655, 51, 1, 1, 0, 1553, 821, 0, 1, 1, 3, 0, 0, 1, 0]),
 (12, [1111, 60, 0, 0, 1, 834, 1840, 0, 0, 2, 0, 0, 1, 0, 2]),
 (12, [1310, 21, 1, 0, 1, 1825, 1382, 1, 0, 2, 4, 1, 0, 2, 0]),
 (12, [1519, 84, 0, 0, 0, 1697, 1364, 1, 1, 2, 4, 1, 2, 2, 2]),
 (12, [1535, 62, 0, 1, 0, 1100, 914, 0, 1, 1, 3, 1, 0, 1, 2]),
 (12, [1583, 60, 0, 1, 1, 1478, 1395, 1, 0, 2, 0, 0, 0, 1, 1]),
 (12, [1765, 112, 0, 0, 0, 852, 794, 0, 1, 2, 0, 1, 0, 1, 1]),
 (12, [1841, 28, 0, 0, 0, 1449, 1256, 1, 0, 2, 0, 1, 2, 1, 1]),
 (12, [1849, 67, 1, 0, 0, 1867, 1504, 0, 1, 1, 2, 1, 1, 1, 2]),
 (16, [512, 94, 1, 1, 1, 1197, 1756, 0, 1, 2, 4, 0, 0, 0, 0]),
 (16, [566, 12, 1, 0, 0, 564, 1699, 1, 1, 2, 2, 0, 0, 0, 0]),
 (16, [653, 62, 1, 1, 0, 1734, 585, 0, 1, 1, 0, 1, 2, 1, 0]),
 (16, [1067, 63, 1, 0, 0, 892, 527, 0, 1, 1, 1, 0, 2, 2, 1]),
 (16, [1259, 34, 1, 1, 0, 1706, 907, 0, 1, 0, 4, 1, 1, 2, 1]),
 (16, [1635, 40, 1, 1, 0, 795, 1626, 0, 1, 2, 0, 1, 0, 1, 2]),
 (16, [1750, 28, 1, 1, 0, 2015, 1393, 0, 1, 1, 4, 1, 0, 2, 2]),
 (16, [1886, 42, 0, 0, 0, 1127, 1385, 0, 1, 0, 0, 0, 1, 0, 2]),
 (16, [1903, 94, 0, 1, 1, 1432, 974, 1, 0, 2, 4, 0, 2, 0, 2]),
 (16, [2044, 98, 0, 0, 1, 1586, 719, 0, 1, 2, 4, 1, 2, 2, 0]),
 (999, [564, 21, 0, 0, 0, 1457, 973, 0, 0, 3, 5, 0, 2, 2, 2]),
 (999, [670, 13, 1, 1, 0, 1763, 1382, 0, 0, 3, 4, 1, 0, 2, 1]),
 (999, [941, 49, 0, 1, 0, 1175, 797, 1, 1, 3, 2, 0, 1, 0, 0]),
 (999, [1068, 47, 1, 0, 0, 573, 762, 0, 0, 3, 0, 0, 0, 2, 0]),
 (999, [1166, 61, 0, 1, 1, 1672, 1010, 1, 1, 3, 3, 0, 1, 2, 2]),
 (999, [1390, 102, 1, 1, 1, 1543, 1957, 1, 0, 3, 0, 0, 1, 1, 0]),
 (999, [1391, 42, 1, 1, 0, 2031, 670, 0, 1, 2, 5, 1, 1, 1, 0]),
 (999, [1560, 81, 0, 0, 1, 1290, 1355, 0, 0, 2, 5, 0, 1, 0, 0]),
 (999, [1647, 83, 1, 0, 1, 618, 1647, 0, 0, 1, 5, 0, 1, 2, 1]),
 (999, [1656, 12, 1, 0, 0, 741, 1703, 0, 0, 3, 5, 1, 1, 2, 1]),
 (999, [1730, 104, 0, 1, 1, 1930, 1713, 0, 0, 3, 2, 1, 0, 0, 1]),
 (999, [1859, 44, 1, 1, 1, 842, 616, 0, 1, 2, 5, 0, 2, 2, 1])]
Selected
[(16, [1259, 34, 1, 1, 0, 1706, 907, 0, 1, 0, 4, 1, 1, 2, 1]),
 (12, [1849, 67, 1, 0, 0, 1867, 1504, 0, 1, 1, 2, 1, 1, 1, 2]),
 (16, [1259, 34, 1, 1, 0, 1706, 907, 0, 1, 0, 4, 1, 1, 2, 1]),
 (12, [1519, 84, 0, 0, 0, 1697, 1364, 1, 1, 2, 4, 1, 2, 2, 2]),
 (12, [655, 51, 1, 1, 0, 1553, 821, 0, 1, 1, 3, 0, 0, 1, 0]),
 (12, [1535, 62, 0, 1, 0, 1100, 914, 0, 1, 1, 3, 1, 0, 1, 2]),
 (12, [1849, 67, 1, 0, 0, 1867, 1504, 0, 1, 1, 2, 1, 1, 1, 2]),
 (16, [512, 94, 1, 1, 1, 1197, 1756, 0, 1, 2, 4, 0, 0, 0, 0]),
 (12, [1583, 60, 0, 1, 1, 1478, 1395, 1, 0, 2, 0, 0, 0, 1, 1]),
 (12, [655, 51, 1, 1, 0, 1553, 821, 0, 1, 1, 3, 0, 0, 1, 0]),
 (12, [1765, 112, 0, 0, 0, 852, 794, 0, 1, 2, 0, 1, 0, 1, 1]),
 (12, [1111, 60, 0, 0, 1, 834, 1840, 0, 0, 2, 0, 0, 1, 0, 2]),
 (12, [1583, 60, 0, 1, 1, 1478, 1395, 1, 0, 2, 0, 0, 0, 1, 1]),
 (12, [655, 51, 1, 1, 0, 1553, 821, 0, 1, 1, 3, 0, 0, 1, 0]),
 (16, [1886, 42, 0, 0, 0, 1127, 1385, 0, 1, 0, 0, 0, 1, 0, 2]),
 (12, [1583, 60, 0, 1, 1, 1478, 1395, 1, 0, 2, 0, 0, 0, 1, 1]),
 (12, [1583, 60, 0, 1, 1, 1478, 1395, 1, 0, 2, 0, 0, 0, 1, 1]),
 (12, [655, 51, 1, 1, 0, 1553, 821, 0, 1, 1, 3, 0, 0, 1, 0]),
 (12, [1583, 60, 0, 1, 1, 1478, 1395, 1, 0, 2, 0, 0, 0, 1, 1]),
 (12, [1111, 60, 0, 0, 1, 834, 1840, 0, 0, 2, 0, 0, 1, 0, 2]),
 (12, [1765, 112, 0, 0, 0, 852, 794, 0, 1, 2, 0, 1, 0, 1, 1]),
 (12, [1583, 60, 0, 1, 1, 1478, 1395, 1, 0, 2, 0, 0, 0, 1, 1]),
 (12, [1519, 84, 0, 0, 0, 1697, 1364, 1, 1, 2, 4, 1, 2, 2, 2]),
 (12, [1841, 28, 0, 0, 0, 1449, 1256, 1, 0, 2, 0, 1, 2, 1, 1]),
 (12, [1583, 60, 0, 1, 1, 1478, 1395, 1, 0, 2, 0, 0, 0, 1, 1]),
 (12, [1765, 112, 0, 0, 0, 852, 794, 0, 1, 2, 0, 1, 0, 1, 1]),
 (12, [1535, 62, 0, 1, 0, 1100, 914, 0, 1, 1, 3, 1, 0, 1, 2])]
population
[(999, [1859, 44, 1, 1, 1, 842, 616, 0, 1, 2, 5, 0, 2, 2, 1]),
 (999, [1730, 104, 0, 1, 1, 1930, 1713, 0, 0, 3, 2, 1, 0, 0, 1]),
 (999, [1656, 12, 1, 0, 0, 741, 1703, 0, 0, 3, 5, 1, 1, 2, 1]),
 (999, [1647, 83, 1, 0, 1, 618, 1647, 0, 0, 1, 5, 0, 1, 2, 1]),
 (999, [1560, 81, 0, 0, 1, 1290, 1355, 0, 0, 2, 5, 0, 1, 0, 0]),
 (999, [1391, 42, 1, 1, 0, 2031, 670, 0, 1, 2, 5, 1, 1, 1, 0]),
 (999, [1390, 102, 1, 1, 1, 1543, 1957, 1, 0, 3, 0, 0, 1, 1, 0]),
 (999, [1166, 61, 0, 1, 1, 1672, 1010, 1, 1, 3, 3, 0, 1, 2, 2]),
 (999, [1068, 47, 1, 0, 0, 573, 762, 0, 0, 3, 0, 0, 0, 2, 0]),
 (999, [941, 49, 0, 1, 0, 1175, 797, 1, 1, 3, 2, 0, 1, 0, 0]),
 (999, [670, 13, 1, 1, 0, 1763, 1382, 0, 0, 3, 4, 1, 0, 2, 1]),
 (999, [564, 21, 0, 0, 0, 1457, 973, 0, 0, 3, 5, 0, 2, 2, 2]),
 (16, [2044, 98, 0, 0, 1, 1586, 719, 0, 1, 2, 4, 1, 2, 2, 0]),
 (16, [1903, 94, 0, 1, 1, 1432, 974, 1, 0, 2, 4, 0, 2, 0, 2]),
 (16, [1886, 42, 0, 0, 0, 1127, 1385, 0, 1, 0, 0, 0, 1, 0, 2]),
 (16, [1750, 28, 1, 1, 0, 2015, 1393, 0, 1, 1, 4, 1, 0, 2, 2]),
 (16, [1635, 40, 1, 1, 0, 795, 1626, 0, 1, 2, 0, 1, 0, 1, 2]),
 (16, [1259, 34, 1, 1, 0, 1706, 907, 0, 1, 0, 4, 1, 1, 2, 1]),
 (16, [1067, 63, 1, 0, 0, 892, 527, 0, 1, 1, 1, 0, 2, 2, 1]),
 (16, [653, 62, 1, 1, 0, 1734, 585, 0, 1, 1, 0, 1, 2, 1, 0]),
 (16, [566, 12, 1, 0, 0, 564, 1699, 1, 1, 2, 2, 0, 0, 0, 0]),
 (16, [512, 94, 1, 1, 1, 1197, 1756, 0, 1, 2, 4, 0, 0, 0, 0]),
 (12, [1849, 67, 1, 0, 0, 1867, 1504, 0, 1, 1, 2, 1, 1, 1, 2]),
 (12, [1841, 28, 0, 0, 0, 1449, 1256, 1, 0, 2, 0, 1, 2, 1, 1]),
 (12, [1765, 112, 0, 0, 0, 852, 794, 0, 1, 2, 0, 1, 0, 1, 1]),
 (12, [1583, 60, 0, 1, 1, 1478, 1395, 1, 0, 2, 0, 0, 0, 1, 1]),
 (12, [1535, 62, 0, 1, 0, 1100, 914, 0, 1, 1, 3, 1, 0, 1, 2]),
 (12, [1519, 84, 0, 0, 0, 1697, 1364, 1, 1, 2, 4, 1, 2, 2, 2]),
 (12, [1310, 21, 1, 0, 1, 1825, 1382, 1, 0, 2, 4, 1, 0, 2, 0]),
 (12, [1111, 60, 0, 0, 1, 834, 1840, 0, 0, 2, 0, 0, 1, 0, 2]),
 (12, [655, 51, 1, 1, 0, 1553, 821, 0, 1, 1, 3, 0, 0, 1, 0]),
 (12, [516, 81, 0, 0, 1, 845, 1744, 0, 0, 0, 3, 1, 2, 1, 0])]
scored
[(12, [516, 81, 0, 0, 1, 845, 1744, 0, 0, 0, 3, 1, 2, 1, 0]),
 (12, [655, 51, 1, 1, 0, 1553, 821, 0, 1, 1, 3, 0, 0, 1, 0]),
 (12, [1111, 60, 0, 0, 1, 834, 1840, 0, 0, 2, 0, 0, 1, 0, 2]),
 (12, [1310, 21, 1, 0, 1, 1825, 1382, 1, 0, 2, 4, 1, 0, 2, 0]),
 (12, [1519, 84, 0, 0, 0, 1697, 1364, 1, 1, 2, 4, 1, 2, 2, 2]),
 (12, [1535, 62, 0, 1, 0, 1100, 914, 0, 1, 1, 3, 1, 0, 1, 2]),
 (12, [1583, 60, 0, 1, 1, 1478, 1395, 1, 0, 2, 0, 0, 0, 1, 1]),
 (12, [1765, 112, 0, 0, 0, 852, 794, 0, 1, 2, 0, 1, 0, 1, 1]),
 (12, [1841, 28, 0, 0, 0, 1449, 1256, 1, 0, 2, 0, 1, 2, 1, 1]),
 (12, [1849, 67, 1, 0, 0, 1867, 1504, 0, 1, 1, 2, 1, 1, 1, 2]),
 (16, [512, 94, 1, 1, 1, 1197, 1756, 0, 1, 2, 4, 0, 0, 0, 0]),
 (16, [566, 12, 1, 0, 0, 564, 1699, 1, 1, 2, 2, 0, 0, 0, 0]),
 (16, [653, 62, 1, 1, 0, 1734, 585, 0, 1, 1, 0, 1, 2, 1, 0]),
 (16, [1067, 63, 1, 0, 0, 892, 527, 0, 1, 1, 1, 0, 2, 2, 1]),
 (16, [1259, 34, 1, 1, 0, 1706, 907, 0, 1, 0, 4, 1, 1, 2, 1]),
 (16, [1635, 40, 1, 1, 0, 795, 1626, 0, 1, 2, 0, 1, 0, 1, 2]),
 (16, [1750, 28, 1, 1, 0, 2015, 1393, 0, 1, 1, 4, 1, 0, 2, 2]),
 (16, [1886, 42, 0, 0, 0, 1127, 1385, 0, 1, 0, 0, 0, 1, 0, 2]),
 (16, [1903, 94, 0, 1, 1, 1432, 974, 1, 0, 2, 4, 0, 2, 0, 2]),
 (16, [2044, 98, 0, 0, 1, 1586, 719, 0, 1, 2, 4, 1, 2, 2, 0]),
 (999, [564, 21, 0, 0, 0, 1457, 973, 0, 0, 3, 5, 0, 2, 2, 2]),
 (999, [670, 13, 1, 1, 0, 1763, 1382, 0, 0, 3, 4, 1, 0, 2, 1]),
 (999, [941, 49, 0, 1, 0, 1175, 797, 1, 1, 3, 2, 0, 1, 0, 0]),
 (999, [1068, 47, 1, 0, 0, 573, 762, 0, 0, 3, 0, 0, 0, 2, 0]),
 (999, [1166, 61, 0, 1, 1, 1672, 1010, 1, 1, 3, 3, 0, 1, 2, 2]),
 (999, [1390, 102, 1, 1, 1, 1543, 1957, 1, 0, 3, 0, 0, 1, 1, 0]),
 (999, [1391, 42, 1, 1, 0, 2031, 670, 0, 1, 2, 5, 1, 1, 1, 0]),
 (999, [1560, 81, 0, 0, 1, 1290, 1355, 0, 0, 2, 5, 0, 1, 0, 0]),
 (999, [1647, 83, 1, 0, 1, 618, 1647, 0, 0, 1, 5, 0, 1, 2, 1]),
 (999, [1656, 12, 1, 0, 0, 741, 1703, 0, 0, 3, 5, 1, 1, 2, 1]),
 (999, [1730, 104, 0, 1, 1, 1930, 1713, 0, 0, 3, 2, 1, 0, 0, 1]),
 (999, [1859, 44, 1, 1, 1, 842, 616, 0, 1, 2, 5, 0, 2, 2, 1])]
Selected
[(16, [512, 94, 1, 1, 1, 1197, 1756, 0, 1, 2, 4, 0, 0, 0, 0]),
 (12, [1519, 84, 0, 0, 0, 1697, 1364, 1, 1, 2, 4, 1, 2, 2, 2]),
 (12, [1765, 112, 0, 0, 0, 852, 794, 0, 1, 2, 0, 1, 0, 1, 1]),
 (16, [653, 62, 1, 1, 0, 1734, 585, 0, 1, 1, 0, 1, 2, 1, 0]),
 (16, [653, 62, 1, 1, 0, 1734, 585, 0, 1, 1, 0, 1, 2, 1, 0]),
 (12, [516, 81, 0, 0, 1, 845, 1744, 0, 0, 0, 3, 1, 2, 1, 0]),
 (16, [566, 12, 1, 0, 0, 564, 1699, 1, 1, 2, 2, 0, 0, 0, 0]),
 (12, [655, 51, 1, 1, 0, 1553, 821, 0, 1, 1, 3, 0, 0, 1, 0]),
 (12, [1519, 84, 0, 0, 0, 1697, 1364, 1, 1, 2, 4, 1, 2, 2, 2]),
 (12, [516, 81, 0, 0, 1, 845, 1744, 0, 0, 0, 3, 1, 2, 1, 0]),
 (12, [655, 51, 1, 1, 0, 1553, 821, 0, 1, 1, 3, 0, 0, 1, 0]),
 (12, [1535, 62, 0, 1, 0, 1100, 914, 0, 1, 1, 3, 1, 0, 1, 2]),
 (12, [655, 51, 1, 1, 0, 1553, 821, 0, 1, 1, 3, 0, 0, 1, 0]),
 (12, [1310, 21, 1, 0, 1, 1825, 1382, 1, 0, 2, 4, 1, 0, 2, 0]),
 (12, [516, 81, 0, 0, 1, 845, 1744, 0, 0, 0, 3, 1, 2, 1, 0]),
 (12, [655, 51, 1, 1, 0, 1553, 821, 0, 1, 1, 3, 0, 0, 1, 0]),
 (12, [516, 81, 0, 0, 1, 845, 1744, 0, 0, 0, 3, 1, 2, 1, 0]),
 (12, [1841, 28, 0, 0, 0, 1449, 1256, 1, 0, 2, 0, 1, 2, 1, 1]),
 (12, [516, 81, 0, 0, 1, 845, 1744, 0, 0, 0, 3, 1, 2, 1, 0]),
 (12, [655, 51, 1, 1, 0, 1553, 821, 0, 1, 1, 3, 0, 0, 1, 0]),
 (12, [1111, 60, 0, 0, 1, 834, 1840, 0, 0, 2, 0, 0, 1, 0, 2]),
 (12, [655, 51, 1, 1, 0, 1553, 821, 0, 1, 1, 3, 0, 0, 1, 0]),
 (12, [516, 81, 0, 0, 1, 845, 1744, 0, 0, 0, 3, 1, 2, 1, 0]),
 (12, [1519, 84, 0, 0, 0, 1697, 1364, 1, 1, 2, 4, 1, 2, 2, 2]),
 (12, [655, 51, 1, 1, 0, 1553, 821, 0, 1, 1, 3, 0, 0, 1, 0]),
 (12, [1519, 84, 0, 0, 0, 1697, 1364, 1, 1, 2, 4, 1, 2, 2, 2]),
 (12, [1111, 60, 0, 0, 1, 834, 1840, 0, 0, 2, 0, 0, 1, 0, 2])]
population
[(999, [1859, 44, 1, 1, 1, 842, 616, 0, 1, 2, 5, 0, 2, 2, 1]),
 (999, [1730, 104, 0, 1, 1, 1930, 1713, 0, 0, 3, 2, 1, 0, 0, 1]),
 (999, [1656, 12, 1, 0, 0, 741, 1703, 0, 0, 3, 5, 1, 1, 2, 1]),
 (999, [1647, 83, 1, 0, 1, 618, 1647, 0, 0, 1, 5, 0, 1, 2, 1]),
 (999, [1560, 81, 0, 0, 1, 1290, 1355, 0, 0, 2, 5, 0, 1, 0, 0]),
 (999, [1391, 42, 1, 1, 0, 2031, 670, 0, 1, 2, 5, 1, 1, 1, 0]),
 (999, [1390, 102, 1, 1, 1, 1543, 1957, 1, 0, 3, 0, 0, 1, 1, 0]),
 (999, [1166, 61, 0, 1, 1, 1672, 1010, 1, 1, 3, 3, 0, 1, 2, 2]),
 (999, [1068, 47, 1, 0, 0, 573, 762, 0, 0, 3, 0, 0, 0, 2, 0]),
 (999, [941, 49, 0, 1, 0, 1175, 797, 1, 1, 3, 2, 0, 1, 0, 0]),
 (999, [670, 13, 1, 1, 0, 1763, 1382, 0, 0, 3, 4, 1, 0, 2, 1]),
 (999, [564, 21, 0, 0, 0, 1457, 973, 0, 0, 3, 5, 0, 2, 2, 2]),
 (16, [2044, 98, 0, 0, 1, 1586, 719, 0, 1, 2, 4, 1, 2, 2, 0]),
 (16, [1903, 94, 0, 1, 1, 1432, 974, 1, 0, 2, 4, 0, 2, 0, 2]),
 (16, [1886, 42, 0, 0, 0, 1127, 1385, 0, 1, 0, 0, 0, 1, 0, 2]),
 (16, [1750, 28, 1, 1, 0, 2015, 1393, 0, 1, 1, 4, 1, 0, 2, 2]),
 (16, [1635, 40, 1, 1, 0, 795, 1626, 0, 1, 2, 0, 1, 0, 1, 2]),
 (16, [1259, 34, 1, 1, 0, 1706, 907, 0, 1, 0, 4, 1, 1, 2, 1]),
 (16, [1067, 63, 1, 0, 0, 892, 527, 0, 1, 1, 1, 0, 2, 2, 1]),
 (16, [653, 62, 1, 1, 0, 1734, 585, 0, 1, 1, 0, 1, 2, 1, 0]),
 (16, [566, 12, 1, 0, 0, 564, 1699, 1, 1, 2, 2, 0, 0, 0, 0]),
 (16, [512, 94, 1, 1, 1, 1197, 1756, 0, 1, 2, 4, 0, 0, 0, 0]),
 (12, [1849, 67, 1, 0, 0, 1867, 1504, 0, 1, 1, 2, 1, 1, 1, 2]),
 (12, [1841, 28, 0, 0, 0, 1449, 1256, 1, 0, 2, 0, 1, 2, 1, 1]),
 (12, [1765, 112, 0, 0, 0, 852, 794, 0, 1, 2, 0, 1, 0, 1, 1]),
 (12, [1583, 60, 0, 1, 1, 1478, 1395, 1, 0, 2, 0, 0, 0, 1, 1]),
 (12, [1535, 62, 0, 1, 0, 1100, 914, 0, 1, 1, 3, 1, 0, 1, 2]),
 (12, [1519, 84, 0, 0, 0, 1697, 1364, 1, 1, 2, 4, 1, 2, 2, 2]),
 (12, [1310, 21, 1, 0, 1, 1825, 1382, 1, 0, 2, 4, 1, 0, 2, 0]),
 (12, [1111, 60, 0, 0, 1, 834, 1840, 0, 0, 2, 0, 0, 1, 0, 2]),
 (12, [655, 51, 1, 1, 0, 1553, 821, 0, 1, 1, 3, 0, 0, 1, 0]),
 (12, [516, 81, 0, 0, 1, 845, 1744, 0, 0, 0, 3, 1, 2, 1, 0])]
scored
[(12, [516, 81, 0, 0, 1, 845, 1744, 0, 0, 0, 3, 1, 2, 1, 0]),
 (12, [655, 51, 1, 1, 0, 1553, 821, 0, 1, 1, 3, 0, 0, 1, 0]),
 (12, [1111, 60, 0, 0, 1, 834, 1840, 0, 0, 2, 0, 0, 1, 0, 2]),
 (12, [1310, 21, 1, 0, 1, 1825, 1382, 1, 0, 2, 4, 1, 0, 2, 0]),
 (12, [1519, 84, 0, 0, 0, 1697, 1364, 1, 1, 2, 4, 1, 2, 2, 2]),
 (12, [1535, 62, 0, 1, 0, 1100, 914, 0, 1, 1, 3, 1, 0, 1, 2]),
 (12, [1583, 60, 0, 1, 1, 1478, 1395, 1, 0, 2, 0, 0, 0, 1, 1]),
 (12, [1765, 112, 0, 0, 0, 852, 794, 0, 1, 2, 0, 1, 0, 1, 1]),
 (12, [1841, 28, 0, 0, 0, 1449, 1256, 1, 0, 2, 0, 1, 2, 1, 1]),
 (12, [1849, 67, 1, 0, 0, 1867, 1504, 0, 1, 1, 2, 1, 1, 1, 2]),
 (16, [512, 94, 1, 1, 1, 1197, 1756, 0, 1, 2, 4, 0, 0, 0, 0]),
 (16, [566, 12, 1, 0, 0, 564, 1699, 1, 1, 2, 2, 0, 0, 0, 0]),
 (16, [653, 62, 1, 1, 0, 1734, 585, 0, 1, 1, 0, 1, 2, 1, 0]),
 (16, [1067, 63, 1, 0, 0, 892, 527, 0, 1, 1, 1, 0, 2, 2, 1]),
 (16, [1259, 34, 1, 1, 0, 1706, 907, 0, 1, 0, 4, 1, 1, 2, 1]),
 (16, [1635, 40, 1, 1, 0, 795, 1626, 0, 1, 2, 0, 1, 0, 1, 2]),
 (16, [1750, 28, 1, 1, 0, 2015, 1393, 0, 1, 1, 4, 1, 0, 2, 2]),
 (16, [1886, 42, 0, 0, 0, 1127, 1385, 0, 1, 0, 0, 0, 1, 0, 2]),
 (16, [1903, 94, 0, 1, 1, 1432, 974, 1, 0, 2, 4, 0, 2, 0, 2]),
 (16, [2044, 98, 0, 0, 1, 1586, 719, 0, 1, 2, 4, 1, 2, 2, 0]),
 (999, [564, 21, 0, 0, 0, 1457, 973, 0, 0, 3, 5, 0, 2, 2, 2]),
 (999, [670, 13, 1, 1, 0, 1763, 1382, 0, 0, 3, 4, 1, 0, 2, 1]),
 (999, [941, 49, 0, 1, 0, 1175, 797, 1, 1, 3, 2, 0, 1, 0, 0]),
 (999, [1068, 47, 1, 0, 0, 573, 762, 0, 0, 3, 0, 0, 0, 2, 0]),
 (999, [1166, 61, 0, 1, 1, 1672, 1010, 1, 1, 3, 3, 0, 1, 2, 2]),
 (999, [1390, 102, 1, 1, 1, 1543, 1957, 1, 0, 3, 0, 0, 1, 1, 0]),
 (999, [1391, 42, 1, 1, 0, 2031, 670, 0, 1, 2, 5, 1, 1, 1, 0]),
 (999, [1560, 81, 0, 0, 1, 1290, 1355, 0, 0, 2, 5, 0, 1, 0, 0]),
 (999, [1647, 83, 1, 0, 1, 618, 1647, 0, 0, 1, 5, 0, 1, 2, 1]),
 (999, [1656, 12, 1, 0, 0, 741, 1703, 0, 0, 3, 5, 1, 1, 2, 1]),
 (999, [1730, 104, 0, 1, 1, 1930, 1713, 0, 0, 3, 2, 1, 0, 0, 1]),
 (999, [1859, 44, 1, 1, 1, 842, 616, 0, 1, 2, 5, 0, 2, 2, 1])]
Selected
[(12, [1519, 84, 0, 0, 0, 1697, 1364, 1, 1, 2, 4, 1, 2, 2, 2]),
 (12, [516, 81, 0, 0, 1, 845, 1744, 0, 0, 0, 3, 1, 2, 1, 0]),
 (12, [1535, 62, 0, 1, 0, 1100, 914, 0, 1, 1, 3, 1, 0, 1, 2]),
 (12, [1310, 21, 1, 0, 1, 1825, 1382, 1, 0, 2, 4, 1, 0, 2, 0]),
 (12, [1519, 84, 0, 0, 0, 1697, 1364, 1, 1, 2, 4, 1, 2, 2, 2]),
 (12, [655, 51, 1, 1, 0, 1553, 821, 0, 1, 1, 3, 0, 0, 1, 0]),
 (12, [1519, 84, 0, 0, 0, 1697, 1364, 1, 1, 2, 4, 1, 2, 2, 2]),
 (16, [512, 94, 1, 1, 1, 1197, 1756, 0, 1, 2, 4, 0, 0, 0, 0]),
 (12, [1310, 21, 1, 0, 1, 1825, 1382, 1, 0, 2, 4, 1, 0, 2, 0]),
 (12, [1111, 60, 0, 0, 1, 834, 1840, 0, 0, 2, 0, 0, 1, 0, 2]),
 (12, [516, 81, 0, 0, 1, 845, 1744, 0, 0, 0, 3, 1, 2, 1, 0]),
 (12, [1583, 60, 0, 1, 1, 1478, 1395, 1, 0, 2, 0, 0, 0, 1, 1]),
 (12, [1535, 62, 0, 1, 0, 1100, 914, 0, 1, 1, 3, 1, 0, 1, 2]),
 (16, [512, 94, 1, 1, 1, 1197, 1756, 0, 1, 2, 4, 0, 0, 0, 0]),
 (12, [1583, 60, 0, 1, 1, 1478, 1395, 1, 0, 2, 0, 0, 0, 1, 1]),
 (12, [1583, 60, 0, 1, 1, 1478, 1395, 1, 0, 2, 0, 0, 0, 1, 1]),
 (12, [516, 81, 0, 0, 1, 845, 1744, 0, 0, 0, 3, 1, 2, 1, 0]),
 (12, [1841, 28, 0, 0, 0, 1449, 1256, 1, 0, 2, 0, 1, 2, 1, 1]),
 (12, [516, 81, 0, 0, 1, 845, 1744, 0, 0, 0, 3, 1, 2, 1, 0]),
 (12, [516, 81, 0, 0, 1, 845, 1744, 0, 0, 0, 3, 1, 2, 1, 0]),
 (12, [1310, 21, 1, 0, 1, 1825, 1382, 1, 0, 2, 4, 1, 0, 2, 0]),
 (12, [1535, 62, 0, 1, 0, 1100, 914, 0, 1, 1, 3, 1, 0, 1, 2]),
 (16, [653, 62, 1, 1, 0, 1734, 585, 0, 1, 1, 0, 1, 2, 1, 0]),
 (12, [1583, 60, 0, 1, 1, 1478, 1395, 1, 0, 2, 0, 0, 0, 1, 1]),
 (16, [1259, 34, 1, 1, 0, 1706, 907, 0, 1, 0, 4, 1, 1, 2, 1]),
 (12, [1765, 112, 0, 0, 0, 852, 794, 0, 1, 2, 0, 1, 0, 1, 1]),
 (12, [1583, 60, 0, 1, 1, 1478, 1395, 1, 0, 2, 0, 0, 0, 1, 1])]
population
[(999, [1859, 44, 1, 1, 1, 842, 616, 0, 1, 2, 5, 0, 2, 2, 1]),
 (999, [1730, 104, 0, 1, 1, 1930, 1713, 0, 0, 3, 2, 1, 0, 0, 1]),
 (999, [1656, 12, 1, 0, 0, 741, 1703, 0, 0, 3, 5, 1, 1, 2, 1]),
 (999, [1647, 83, 1, 0, 1, 618, 1647, 0, 0, 1, 5, 0, 1, 2, 1]),
 (999, [1560, 81, 0, 0, 1, 1290, 1355, 0, 0, 2, 5, 0, 1, 0, 0]),
 (999, [1391, 42, 1, 1, 0, 2031, 670, 0, 1, 2, 5, 1, 1, 1, 0]),
 (999, [1390, 102, 1, 1, 1, 1543, 1957, 1, 0, 3, 0, 0, 1, 1, 0]),
 (999, [1166, 61, 0, 1, 1, 1672, 1010, 1, 1, 3, 3, 0, 1, 2, 2]),
 (999, [1068, 47, 1, 0, 0, 573, 762, 0, 0, 3, 0, 0, 0, 2, 0]),
 (999, [941, 49, 0, 1, 0, 1175, 797, 1, 1, 3, 2, 0, 1, 0, 0]),
 (999, [670, 13, 1, 1, 0, 1763, 1382, 0, 0, 3, 4, 1, 0, 2, 1]),
 (999, [564, 21, 0, 0, 0, 1457, 973, 0, 0, 3, 5, 0, 2, 2, 2]),
 (16, [2044, 98, 0, 0, 1, 1586, 719, 0, 1, 2, 4, 1, 2, 2, 0]),
 (16, [1903, 94, 0, 1, 1, 1432, 974, 1, 0, 2, 4, 0, 2, 0, 2]),
 (16, [1886, 42, 0, 0, 0, 1127, 1385, 0, 1, 0, 0, 0, 1, 0, 2]),
 (16, [1750, 28, 1, 1, 0, 2015, 1393, 0, 1, 1, 4, 1, 0, 2, 2]),
 (16, [1635, 40, 1, 1, 0, 795, 1626, 0, 1, 2, 0, 1, 0, 1, 2]),
 (16, [1259, 34, 1, 1, 0, 1706, 907, 0, 1, 0, 4, 1, 1, 2, 1]),
 (16, [1067, 63, 1, 0, 0, 892, 527, 0, 1, 1, 1, 0, 2, 2, 1]),
 (16, [653, 62, 1, 1, 0, 1734, 585, 0, 1, 1, 0, 1, 2, 1, 0]),
 (16, [566, 12, 1, 0, 0, 564, 1699, 1, 1, 2, 2, 0, 0, 0, 0]),
 (16, [512, 94, 1, 1, 1, 1197, 1756, 0, 1, 2, 4, 0, 0, 0, 0]),
 (12, [1849, 67, 1, 0, 0, 1867, 1504, 0, 1, 1, 2, 1, 1, 1, 2]),
 (12, [1841, 28, 0, 0, 0, 1449, 1256, 1, 0, 2, 0, 1, 2, 1, 1]),
 (12, [1765, 112, 0, 0, 0, 852, 794, 0, 1, 2, 0, 1, 0, 1, 1]),
 (12, [1583, 60, 0, 1, 1, 1478, 1395, 1, 0, 2, 0, 0, 0, 1, 1]),
 (12, [1535, 62, 0, 1, 0, 1100, 914, 0, 1, 1, 3, 1, 0, 1, 2]),
 (12, [1519, 84, 0, 0, 0, 1697, 1364, 1, 1, 2, 4, 1, 2, 2, 2]),
 (12, [1310, 21, 1, 0, 1, 1825, 1382, 1, 0, 2, 4, 1, 0, 2, 0]),
 (12, [1111, 60, 0, 0, 1, 834, 1840, 0, 0, 2, 0, 0, 1, 0, 2]),
 (12, [655, 51, 1, 1, 0, 1553, 821, 0, 1, 1, 3, 0, 0, 1, 0]),
 (12, [516, 81, 0, 0, 1, 845, 1744, 0, 0, 0, 3, 1, 2, 1, 0])]
scored
[(12, [516, 81, 0, 0, 1, 845, 1744, 0, 0, 0, 3, 1, 2, 1, 0]),
 (12, [655, 51, 1, 1, 0, 1553, 821, 0, 1, 1, 3, 0, 0, 1, 0]),
 (12, [1111, 60, 0, 0, 1, 834, 1840, 0, 0, 2, 0, 0, 1, 0, 2]),
 (12, [1310, 21, 1, 0, 1, 1825, 1382, 1, 0, 2, 4, 1, 0, 2, 0]),
 (12, [1519, 84, 0, 0, 0, 1697, 1364, 1, 1, 2, 4, 1, 2, 2, 2]),
 (12, [1535, 62, 0, 1, 0, 1100, 914, 0, 1, 1, 3, 1, 0, 1, 2]),
 (12, [1583, 60, 0, 1, 1, 1478, 1395, 1, 0, 2, 0, 0, 0, 1, 1]),
 (12, [1765, 112, 0, 0, 0, 852, 794, 0, 1, 2, 0, 1, 0, 1, 1]),
 (12, [1841, 28, 0, 0, 0, 1449, 1256, 1, 0, 2, 0, 1, 2, 1, 1]),
 (12, [1849, 67, 1, 0, 0, 1867, 1504, 0, 1, 1, 2, 1, 1, 1, 2]),
 (16, [512, 94, 1, 1, 1, 1197, 1756, 0, 1, 2, 4, 0, 0, 0, 0]),
 (16, [566, 12, 1, 0, 0, 564, 1699, 1, 1, 2, 2, 0, 0, 0, 0]),
 (16, [653, 62, 1, 1, 0, 1734, 585, 0, 1, 1, 0, 1, 2, 1, 0]),
 (16, [1067, 63, 1, 0, 0, 892, 527, 0, 1, 1, 1, 0, 2, 2, 1]),
 (16, [1259, 34, 1, 1, 0, 1706, 907, 0, 1, 0, 4, 1, 1, 2, 1]),
 (16, [1635, 40, 1, 1, 0, 795, 1626, 0, 1, 2, 0, 1, 0, 1, 2]),
 (16, [1750, 28, 1, 1, 0, 2015, 1393, 0, 1, 1, 4, 1, 0, 2, 2]),
 (16, [1886, 42, 0, 0, 0, 1127, 1385, 0, 1, 0, 0, 0, 1, 0, 2]),
 (16, [1903, 94, 0, 1, 1, 1432, 974, 1, 0, 2, 4, 0, 2, 0, 2]),
 (16, [2044, 98, 0, 0, 1, 1586, 719, 0, 1, 2, 4, 1, 2, 2, 0]),
 (999, [564, 21, 0, 0, 0, 1457, 973, 0, 0, 3, 5, 0, 2, 2, 2]),
 (999, [670, 13, 1, 1, 0, 1763, 1382, 0, 0, 3, 4, 1, 0, 2, 1]),
 (999, [941, 49, 0, 1, 0, 1175, 797, 1, 1, 3, 2, 0, 1, 0, 0]),
 (999, [1068, 47, 1, 0, 0, 573, 762, 0, 0, 3, 0, 0, 0, 2, 0]),
 (999, [1166, 61, 0, 1, 1, 1672, 1010, 1, 1, 3, 3, 0, 1, 2, 2]),
 (999, [1390, 102, 1, 1, 1, 1543, 1957, 1, 0, 3, 0, 0, 1, 1, 0]),
 (999, [1391, 42, 1, 1, 0, 2031, 670, 0, 1, 2, 5, 1, 1, 1, 0]),
 (999, [1560, 81, 0, 0, 1, 1290, 1355, 0, 0, 2, 5, 0, 1, 0, 0]),
 (999, [1647, 83, 1, 0, 1, 618, 1647, 0, 0, 1, 5, 0, 1, 2, 1]),
 (999, [1656, 12, 1, 0, 0, 741, 1703, 0, 0, 3, 5, 1, 1, 2, 1]),
 (999, [1730, 104, 0, 1, 1, 1930, 1713, 0, 0, 3, 2, 1, 0, 0, 1]),
 (999, [1859, 44, 1, 1, 1, 842, 616, 0, 1, 2, 5, 0, 2, 2, 1])]
Selected
[(12, [1519, 84, 0, 0, 0, 1697, 1364, 1, 1, 2, 4, 1, 2, 2, 2]),
 (12, [516, 81, 0, 0, 1, 845, 1744, 0, 0, 0, 3, 1, 2, 1, 0]),
 (12, [1111, 60, 0, 0, 1, 834, 1840, 0, 0, 2, 0, 0, 1, 0, 2]),
 (12, [1111, 60, 0, 0, 1, 834, 1840, 0, 0, 2, 0, 0, 1, 0, 2]),
 (12, [1519, 84, 0, 0, 0, 1697, 1364, 1, 1, 2, 4, 1, 2, 2, 2]),
 (12, [1310, 21, 1, 0, 1, 1825, 1382, 1, 0, 2, 4, 1, 0, 2, 0]),
 (12, [1535, 62, 0, 1, 0, 1100, 914, 0, 1, 1, 3, 1, 0, 1, 2]),
 (16, [1903, 94, 0, 1, 1, 1432, 974, 1, 0, 2, 4, 0, 2, 0, 2]),
 (12, [1519, 84, 0, 0, 0, 1697, 1364, 1, 1, 2, 4, 1, 2, 2, 2]),
 (12, [655, 51, 1, 1, 0, 1553, 821, 0, 1, 1, 3, 0, 0, 1, 0]),
 (12, [1111, 60, 0, 0, 1, 834, 1840, 0, 0, 2, 0, 0, 1, 0, 2]),
 (12, [1111, 60, 0, 0, 1, 834, 1840, 0, 0, 2, 0, 0, 1, 0, 2]),
 (12, [1310, 21, 1, 0, 1, 1825, 1382, 1, 0, 2, 4, 1, 0, 2, 0]),
 (12, [1519, 84, 0, 0, 0, 1697, 1364, 1, 1, 2, 4, 1, 2, 2, 2]),
 (12, [1111, 60, 0, 0, 1, 834, 1840, 0, 0, 2, 0, 0, 1, 0, 2]),
 (12, [1111, 60, 0, 0, 1, 834, 1840, 0, 0, 2, 0, 0, 1, 0, 2]),
 (12, [1519, 84, 0, 0, 0, 1697, 1364, 1, 1, 2, 4, 1, 2, 2, 2]),
 (12, [516, 81, 0, 0, 1, 845, 1744, 0, 0, 0, 3, 1, 2, 1, 0]),
 (16, [1903, 94, 0, 1, 1, 1432, 974, 1, 0, 2, 4, 0, 2, 0, 2]),
 (12, [1583, 60, 0, 1, 1, 1478, 1395, 1, 0, 2, 0, 0, 0, 1, 1]),
 (12, [516, 81, 0, 0, 1, 845, 1744, 0, 0, 0, 3, 1, 2, 1, 0]),
 (12, [1111, 60, 0, 0, 1, 834, 1840, 0, 0, 2, 0, 0, 1, 0, 2]),
 (12, [1111, 60, 0, 0, 1, 834, 1840, 0, 0, 2, 0, 0, 1, 0, 2]),
 (12, [1519, 84, 0, 0, 0, 1697, 1364, 1, 1, 2, 4, 1, 2, 2, 2]),
 (12, [1841, 28, 0, 0, 0, 1449, 1256, 1, 0, 2, 0, 1, 2, 1, 1]),
 (12, [1310, 21, 1, 0, 1, 1825, 1382, 1, 0, 2, 4, 1, 0, 2, 0]),
 (12, [1849, 67, 1, 0, 0, 1867, 1504, 0, 1, 1, 2, 1, 1, 1, 2])]

Poblacin de 32 individuos durante 15 generaciones
Poblacin inicial:
[(999, [1859, 44, 1, 1, 1, 842, 616, 0, 1, 2, 5, 0, 2, 2, 1]),
 (999, [1730, 104, 0, 1, 1, 1930, 1713, 0, 0, 3, 2, 1, 0, 0, 1]),
 (999, [1656, 12, 1, 0, 0, 741, 1703, 0, 0, 3, 5, 1, 1, 2, 1]),
 (999, [1647, 83, 1, 0, 1, 618, 1647, 0, 0, 1, 5, 0, 1, 2, 1]),
 (999, [1560, 81, 0, 0, 1, 1290, 1355, 0, 0, 2, 5, 0, 1, 0, 0]),
 (999, [1391, 42, 1, 1, 0, 2031, 670, 0, 1, 2, 5, 1, 1, 1, 0]),
 (999, [1390, 102, 1, 1, 1, 1543, 1957, 1, 0, 3, 0, 0, 1, 1, 0]),
 (999, [1166, 61, 0, 1, 1, 1672, 1010, 1, 1, 3, 3, 0, 1, 2, 2]),
 (999, [1068, 47, 1, 0, 0, 573, 762, 0, 0, 3, 0, 0, 0, 2, 0]),
 (999, [941, 49, 0, 1, 0, 1175, 797, 1, 1, 3, 2, 0, 1, 0, 0]),
 (999, [670, 13, 1, 1, 0, 1763, 1382, 0, 0, 3, 4, 1, 0, 2, 1]),
 (999, [564, 21, 0, 0, 0, 1457, 973, 0, 0, 3, 5, 0, 2, 2, 2]),
 (16, [2044, 98, 0, 0, 1, 1586, 719, 0, 1, 2, 4, 1, 2, 2, 0]),
 (16, [1903, 94, 0, 1, 1, 1432, 974, 1, 0, 2, 4, 0, 2, 0, 2]),
 (16, [1886, 42, 0, 0, 0, 1127, 1385, 0, 1, 0, 0, 0, 1, 0, 2]),
 (16, [1750, 28, 1, 1, 0, 2015, 1393, 0, 1, 1, 4, 1, 0, 2, 2]),
 (16, [1635, 40, 1, 1, 0, 795, 1626, 0, 1, 2, 0, 1, 0, 1, 2]),
 (16, [1259, 34, 1, 1, 0, 1706, 907, 0, 1, 0, 4, 1, 1, 2, 1]),
 (16, [1067, 63, 1, 0, 0, 892, 527, 0, 1, 1, 1, 0, 2, 2, 1]),
 (16, [653, 62, 1, 1, 0, 1734, 585, 0, 1, 1, 0, 1, 2, 1, 0]),
 (16, [566, 12, 1, 0, 0, 564, 1699, 1, 1, 2, 2, 0, 0, 0, 0]),
 (16, [512, 94, 1, 1, 1, 1197, 1756, 0, 1, 2, 4, 0, 0, 0, 0]),
 (12, [1849, 67, 1, 0, 0, 1867, 1504, 0, 1, 1, 2, 1, 1, 1, 2]),
 (12, [1841, 28, 0, 0, 0, 1449, 1256, 1, 0, 2, 0, 1, 2, 1, 1]),
 (12, [1765, 112, 0, 0, 0, 852, 794, 0, 1, 2, 0, 1, 0, 1, 1]),
 (12, [1583, 60, 0, 1, 1, 1478, 1395, 1, 0, 2, 0, 0, 0, 1, 1]),
 (12, [1535, 62, 0, 1, 0, 1100, 914, 0, 1, 1, 3, 1, 0, 1, 2]),
 (12, [1519, 84, 0, 0, 0, 1697, 1364, 1, 1, 2, 4, 1, 2, 2, 2]),
 (12, [1310, 21, 1, 0, 1, 1825, 1382, 1, 0, 2, 4, 1, 0, 2, 0]),
 (12, [1111, 60, 0, 0, 1, 834, 1840, 0, 0, 2, 0, 0, 1, 0, 2]),
 (12, [655, 51, 1, 1, 0, 1553, 821, 0, 1, 1, 3, 0, 0, 1, 0]),
 (12, [516, 81, 0, 0, 1, 845, 1744, 0, 0, 0, 3, 1, 2, 1, 0])]
Poblacin final:
[(999, [1859, 44, 1, 1, 1, 842, 616, 0, 1, 2, 5, 0, 2, 2, 1]),
 (999, [1730, 104, 0, 1, 1, 1930, 1713, 0, 0, 3, 2, 1, 0, 0, 1]),
 (999, [1656, 12, 1, 0, 0, 741, 1703, 0, 0, 3, 5, 1, 1, 2, 1]),
 (999, [1647, 83, 1, 0, 1, 618, 1647, 0, 0, 1, 5, 0, 1, 2, 1]),
 (999, [1560, 81, 0, 0, 1, 1290, 1355, 0, 0, 2, 5, 0, 1, 0, 0]),
 (999, [1391, 42, 1, 1, 0, 2031, 670, 0, 1, 2, 5, 1, 1, 1, 0]),
 (999, [1390, 102, 1, 1, 1, 1543, 1957, 1, 0, 3, 0, 0, 1, 1, 0]),
 (999, [1166, 61, 0, 1, 1, 1672, 1010, 1, 1, 3, 3, 0, 1, 2, 2]),
 (999, [1068, 47, 1, 0, 0, 573, 762, 0, 0, 3, 0, 0, 0, 2, 0]),
 (999, [941, 49, 0, 1, 0, 1175, 797, 1, 1, 3, 2, 0, 1, 0, 0]),
 (999, [670, 13, 1, 1, 0, 1763, 1382, 0, 0, 3, 4, 1, 0, 2, 1]),
 (999, [564, 21, 0, 0, 0, 1457, 973, 0, 0, 3, 5, 0, 2, 2, 2]),
 (16, [2044, 98, 0, 0, 1, 1586, 719, 0, 1, 2, 4, 1, 2, 2, 0]),
 (16, [1903, 94, 0, 1, 1, 1432, 974, 1, 0, 2, 4, 0, 2, 0, 2]),
 (16, [1886, 42, 0, 0, 0, 1127, 1385, 0, 1, 0, 0, 0, 1, 0, 2]),
 (16, [1750, 28, 1, 1, 0, 2015, 1393, 0, 1, 1, 4, 1, 0, 2, 2]),
 (16, [1635, 40, 1, 1, 0, 795, 1626, 0, 1, 2, 0, 1, 0, 1, 2]),
 (16, [1259, 34, 1, 1, 0, 1706, 907, 0, 1, 0, 4, 1, 1, 2, 1]),
 (16, [1067, 63, 1, 0, 0, 892, 527, 0, 1, 1, 1, 0, 2, 2, 1]),
 (16, [653, 62, 1, 1, 0, 1734, 585, 0, 1, 1, 0, 1, 2, 1, 0]),
 (16, [566, 12, 1, 0, 0, 564, 1699, 1, 1, 2, 2, 0, 0, 0, 0]),
 (16, [512, 94, 1, 1, 1, 1197, 1756, 0, 1, 2, 4, 0, 0, 0, 0]),
 (12, [1849, 67, 1, 0, 0, 1867, 1504, 0, 1, 1, 2, 1, 1, 1, 2]),
 (12, [1841, 28, 0, 0, 0, 1449, 1256, 1, 0, 2, 0, 1, 2, 1, 1]),
 (12, [1765, 112, 0, 0, 0, 852, 794, 0, 1, 2, 0, 1, 0, 1, 1]),
 (12, [1583, 60, 0, 1, 1, 1478, 1395, 1, 0, 2, 0, 0, 0, 1, 1]),
 (12, [1535, 62, 0, 1, 0, 1100, 914, 0, 1, 1, 3, 1, 0, 1, 2]),
 (12, [1519, 84, 0, 0, 0, 1697, 1364, 1, 1, 2, 4, 1, 2, 2, 2]),
 (12, [1310, 21, 1, 0, 1, 1825, 1382, 1, 0, 2, 4, 1, 0, 2, 0]),
 (12, [1111, 60, 0, 0, 1, 834, 1840, 0, 0, 2, 0, 0, 1, 0, 2]),
 (12, [655, 51, 1, 1, 0, 1553, 821, 0, 1, 1, 3, 0, 0, 1, 0]),
 (12, [516, 81, 0, 0, 1, 845, 1744, 0, 0, 0, 3, 1, 2, 1, 0])]
Elapsed time is 723.269232 seconds.
