 * Manually resetting nginx to stopped state
 * Manually resetting nginx to stopped state
 * Manually resetting nginx to stopped state
 * Manually resetting nginx to stopped state
 * Manually resetting nginx to stopped state
 * Manually resetting nginx to stopped state
 * Manually resetting nginx to stopped state
 * Manually resetting nginx to stopped state
 * Manually resetting nginx to stopped state
 * Manually resetting nginx to stopped state
 * Manually resetting nginx to stopped state
 * Manually resetting nginx to stopped state
 * Manually resetting nginx to stopped state
 * Manually resetting nginx to stopped state
 * Manually resetting nginx to stopped state
 * Manually resetting nginx to stopped state
 * Manually resetting nginx to stopped state
 * Manually resetting nginx to stopped state
 * Manually resetting nginx to stopped state
 * Manually resetting nginx to stopped state
 * Manually resetting nginx to stopped state
 * Manually resetting nginx to stopped state
 * Manually resetting nginx to stopped state
 * Manually resetting nginx to stopped state
 * Manually resetting nginx to stopped state
genes: 15
individuals : 32
pressure: 5
mutation_chance: 0
generations: 15
crossover_type: 2
mutation_type_random: 0
Alerts:
16
Alerts:
12
Alerts:
16
Alerts:
17
Alerts:
16
Alerts:
12
Alerts:
16
Alerts:
13
Alerts:
16
Alerts:
16
Alerts:
12
Alerts:
12
Alerts:
16
Alerts:
16
Alerts:
12
Alerts:
16
Alerts:
16
Alerts:
16
Alerts:
12
Alerts:
16
Alerts:
16
Alerts:
16
Alerts:
16
Alerts:
16
Alerts:
16
population
[(16, [1245, 113, 1, 0, 1, 1732, 1990, 1, 1, 1, 2, 1, 1, 1, 2]),
 (999, [1430, 89, 1, 1, 1, 1400, 820, 0, 1, 3, 5, 0, 0, 1, 1]),
 (12, [1950, 94, 0, 0, 0, 872, 872, 0, 1, 0, 4, 1, 1, 1, 2]),
 (999, [1214, 32, 0, 1, 1, 1250, 2006, 0, 0, 3, 2, 0, 0, 2, 2]),
 (16, [1951, 27, 0, 0, 1, 2012, 1845, 0, 0, 2, 1, 0, 0, 0, 1]),
 (999, [1661, 39, 1, 1, 0, 1137, 1433, 1, 1, 3, 5, 1, 1, 1, 1]),
 (17, [1279, 88, 1, 1, 0, 677, 2026, 0, 0, 2, 4, 1, 1, 2, 0]),
 (16, [790, 76, 1, 0, 1, 1618, 1922, 0, 1, 1, 2, 0, 2, 0, 2]),
 (999, [1918, 120, 1, 0, 1, 1496, 1758, 1, 1, 0, 5, 1, 2, 0, 2]),
 (12, [1146, 12, 1, 1, 1, 557, 625, 0, 0, 2, 1, 0, 0, 0, 2]),
 (16, [1896, 120, 0, 0, 0, 1655, 556, 1, 0, 0, 2, 1, 1, 1, 2]),
 (999, [1719, 86, 0, 0, 0, 1921, 737, 1, 1, 3, 3, 1, 1, 1, 2]),
 (13, [1322, 47, 0, 0, 0, 1924, 601, 1, 0, 2, 1, 0, 2, 0, 1]),
 (16, [1500, 35, 0, 1, 0, 1737, 1239, 1, 0, 1, 3, 0, 2, 1, 0]),
 (16, [1175, 46, 0, 1, 1, 638, 2041, 0, 0, 1, 3, 0, 0, 2, 0]),
 (999, [1560, 53, 1, 1, 1, 1605, 1339, 0, 1, 3, 5, 1, 2, 2, 1]),
 (12, [1060, 103, 0, 0, 1, 1880, 1569, 0, 1, 1, 0, 0, 2, 1, 1]),
 (12, [1766, 96, 0, 1, 1, 981, 686, 0, 1, 1, 2, 1, 2, 1, 2]),
 (16, [1297, 107, 1, 0, 1, 1947, 724, 0, 0, 2, 0, 1, 0, 2, 2]),
 (16, [932, 111, 0, 1, 1, 1617, 602, 0, 0, 2, 1, 0, 2, 2, 0]),
 (12, [781, 59, 1, 1, 1, 907, 1259, 1, 0, 2, 4, 0, 2, 2, 0]),
 (16, [1087, 89, 0, 0, 0, 973, 1046, 1, 0, 2, 0, 0, 1, 2, 1]),
 (16, [1590, 47, 0, 1, 1, 743, 1157, 0, 0, 2, 1, 1, 1, 0, 2]),
 (16, [1514, 50, 0, 0, 0, 1547, 1810, 0, 1, 0, 0, 0, 2, 2, 2]),
 (12, [842, 66, 0, 0, 0, 1024, 666, 1, 0, 1, 0, 1, 1, 1, 1]),
 (16, [1689, 86, 1, 0, 1, 1829, 575, 0, 0, 2, 4, 1, 1, 0, 1]),
 (999, [1297, 40, 1, 1, 1, 1627, 1778, 1, 1, 1, 5, 0, 1, 1, 1]),
 (16, [880, 49, 0, 1, 1, 642, 972, 1, 0, 0, 1, 0, 2, 1, 1]),
 (16, [1002, 62, 1, 1, 0, 1138, 556, 1, 0, 0, 3, 1, 0, 1, 2]),
 (16, [1404, 40, 1, 1, 0, 1296, 601, 0, 1, 1, 1, 1, 0, 1, 2]),
 (16, [1834, 116, 1, 0, 0, 1395, 1369, 1, 1, 1, 3, 0, 0, 2, 0]),
 (16, [1970, 59, 0, 0, 1, 1913, 846, 1, 1, 1, 3, 0, 2, 1, 2])]
scored
[(12, [781, 59, 1, 1, 1, 907, 1259, 1, 0, 2, 4, 0, 2, 2, 0]),
 (12, [842, 66, 0, 0, 0, 1024, 666, 1, 0, 1, 0, 1, 1, 1, 1]),
 (12, [1060, 103, 0, 0, 1, 1880, 1569, 0, 1, 1, 0, 0, 2, 1, 1]),
 (12, [1146, 12, 1, 1, 1, 557, 625, 0, 0, 2, 1, 0, 0, 0, 2]),
 (12, [1766, 96, 0, 1, 1, 981, 686, 0, 1, 1, 2, 1, 2, 1, 2]),
 (12, [1950, 94, 0, 0, 0, 872, 872, 0, 1, 0, 4, 1, 1, 1, 2]),
 (13, [1322, 47, 0, 0, 0, 1924, 601, 1, 0, 2, 1, 0, 2, 0, 1]),
 (16, [790, 76, 1, 0, 1, 1618, 1922, 0, 1, 1, 2, 0, 2, 0, 2]),
 (16, [880, 49, 0, 1, 1, 642, 972, 1, 0, 0, 1, 0, 2, 1, 1]),
 (16, [932, 111, 0, 1, 1, 1617, 602, 0, 0, 2, 1, 0, 2, 2, 0]),
 (16, [1002, 62, 1, 1, 0, 1138, 556, 1, 0, 0, 3, 1, 0, 1, 2]),
 (16, [1087, 89, 0, 0, 0, 973, 1046, 1, 0, 2, 0, 0, 1, 2, 1]),
 (16, [1175, 46, 0, 1, 1, 638, 2041, 0, 0, 1, 3, 0, 0, 2, 0]),
 (16, [1245, 113, 1, 0, 1, 1732, 1990, 1, 1, 1, 2, 1, 1, 1, 2]),
 (16, [1297, 107, 1, 0, 1, 1947, 724, 0, 0, 2, 0, 1, 0, 2, 2]),
 (16, [1404, 40, 1, 1, 0, 1296, 601, 0, 1, 1, 1, 1, 0, 1, 2]),
 (16, [1500, 35, 0, 1, 0, 1737, 1239, 1, 0, 1, 3, 0, 2, 1, 0]),
 (16, [1514, 50, 0, 0, 0, 1547, 1810, 0, 1, 0, 0, 0, 2, 2, 2]),
 (16, [1590, 47, 0, 1, 1, 743, 1157, 0, 0, 2, 1, 1, 1, 0, 2]),
 (16, [1689, 86, 1, 0, 1, 1829, 575, 0, 0, 2, 4, 1, 1, 0, 1]),
 (16, [1834, 116, 1, 0, 0, 1395, 1369, 1, 1, 1, 3, 0, 0, 2, 0]),
 (16, [1896, 120, 0, 0, 0, 1655, 556, 1, 0, 0, 2, 1, 1, 1, 2]),
 (16, [1951, 27, 0, 0, 1, 2012, 1845, 0, 0, 2, 1, 0, 0, 0, 1]),
 (16, [1970, 59, 0, 0, 1, 1913, 846, 1, 1, 1, 3, 0, 2, 1, 2]),
 (17, [1279, 88, 1, 1, 0, 677, 2026, 0, 0, 2, 4, 1, 1, 2, 0]),
 (999, [1214, 32, 0, 1, 1, 1250, 2006, 0, 0, 3, 2, 0, 0, 2, 2]),
 (999, [1297, 40, 1, 1, 1, 1627, 1778, 1, 1, 1, 5, 0, 1, 1, 1]),
 (999, [1430, 89, 1, 1, 1, 1400, 820, 0, 1, 3, 5, 0, 0, 1, 1]),
 (999, [1560, 53, 1, 1, 1, 1605, 1339, 0, 1, 3, 5, 1, 2, 2, 1]),
 (999, [1661, 39, 1, 1, 0, 1137, 1433, 1, 1, 3, 5, 1, 1, 1, 1]),
 (999, [1719, 86, 0, 0, 0, 1921, 737, 1, 1, 3, 3, 1, 1, 1, 2]),
 (999, [1918, 120, 1, 0, 1, 1496, 1758, 1, 1, 0, 5, 1, 2, 0, 2])]
Selected
[(12, [781, 59, 1, 1, 1, 907, 1259, 1, 0, 2, 4, 0, 2, 2, 0]),
 (12, [781, 59, 1, 1, 1, 907, 1259, 1, 0, 2, 4, 0, 2, 2, 0]),
 (16, [1245, 113, 1, 0, 1, 1732, 1990, 1, 1, 1, 2, 1, 1, 1, 2]),
 (12, [1766, 96, 0, 1, 1, 981, 686, 0, 1, 1, 2, 1, 2, 1, 2]),
 (16, [790, 76, 1, 0, 1, 1618, 1922, 0, 1, 1, 2, 0, 2, 0, 2]),
 (12, [781, 59, 1, 1, 1, 907, 1259, 1, 0, 2, 4, 0, 2, 2, 0]),
 (12, [1060, 103, 0, 0, 1, 1880, 1569, 0, 1, 1, 0, 0, 2, 1, 1]),
 (16, [790, 76, 1, 0, 1, 1618, 1922, 0, 1, 1, 2, 0, 2, 0, 2]),
 (12, [781, 59, 1, 1, 1, 907, 1259, 1, 0, 2, 4, 0, 2, 2, 0]),
 (12, [1766, 96, 0, 1, 1, 981, 686, 0, 1, 1, 2, 1, 2, 1, 2]),
 (12, [1950, 94, 0, 0, 0, 872, 872, 0, 1, 0, 4, 1, 1, 1, 2]),
 (16, [932, 111, 0, 1, 1, 1617, 602, 0, 0, 2, 1, 0, 2, 2, 0]),
 (12, [1950, 94, 0, 0, 0, 872, 872, 0, 1, 0, 4, 1, 1, 1, 2]),
 (12, [842, 66, 0, 0, 0, 1024, 666, 1, 0, 1, 0, 1, 1, 1, 1]),
 (12, [842, 66, 0, 0, 0, 1024, 666, 1, 0, 1, 0, 1, 1, 1, 1]),
 (12, [781, 59, 1, 1, 1, 907, 1259, 1, 0, 2, 4, 0, 2, 2, 0]),
 (16, [1514, 50, 0, 0, 0, 1547, 1810, 0, 1, 0, 0, 0, 2, 2, 2]),
 (12, [842, 66, 0, 0, 0, 1024, 666, 1, 0, 1, 0, 1, 1, 1, 1]),
 (16, [1245, 113, 1, 0, 1, 1732, 1990, 1, 1, 1, 2, 1, 1, 1, 2]),
 (16, [1087, 89, 0, 0, 0, 973, 1046, 1, 0, 2, 0, 0, 1, 2, 1]),
 (12, [842, 66, 0, 0, 0, 1024, 666, 1, 0, 1, 0, 1, 1, 1, 1]),
 (12, [1146, 12, 1, 1, 1, 557, 625, 0, 0, 2, 1, 0, 0, 0, 2]),
 (12, [781, 59, 1, 1, 1, 907, 1259, 1, 0, 2, 4, 0, 2, 2, 0]),
 (12, [1060, 103, 0, 0, 1, 1880, 1569, 0, 1, 1, 0, 0, 2, 1, 1]),
 (16, [880, 49, 0, 1, 1, 642, 972, 1, 0, 0, 1, 0, 2, 1, 1]),
 (16, [1002, 62, 1, 1, 0, 1138, 556, 1, 0, 0, 3, 1, 0, 1, 2]),
 (12, [1060, 103, 0, 0, 1, 1880, 1569, 0, 1, 1, 0, 0, 2, 1, 1])]
population
[(999, [1918, 120, 1, 0, 1, 1496, 1758, 1, 1, 0, 5, 1, 2, 0, 2]),
 (999, [1719, 86, 0, 0, 0, 1921, 737, 1, 1, 3, 3, 1, 1, 1, 2]),
 (999, [1661, 39, 1, 1, 0, 1137, 1433, 1, 1, 3, 5, 1, 1, 1, 1]),
 (999, [1560, 53, 1, 1, 1, 1605, 1339, 0, 1, 3, 5, 1, 2, 2, 1]),
 (999, [1430, 89, 1, 1, 1, 1400, 820, 0, 1, 3, 5, 0, 0, 1, 1]),
 (999, [1297, 40, 1, 1, 1, 1627, 1778, 1, 1, 1, 5, 0, 1, 1, 1]),
 (999, [1214, 32, 0, 1, 1, 1250, 2006, 0, 0, 3, 2, 0, 0, 2, 2]),
 (17, [1279, 88, 1, 1, 0, 677, 2026, 0, 0, 2, 4, 1, 1, 2, 0]),
 (16, [1970, 59, 0, 0, 1, 1913, 846, 1, 1, 1, 3, 0, 2, 1, 2]),
 (16, [1951, 27, 0, 0, 1, 2012, 1845, 0, 0, 2, 1, 0, 0, 0, 1]),
 (16, [1896, 120, 0, 0, 0, 1655, 556, 1, 0, 0, 2, 1, 1, 1, 2]),
 (16, [1834, 116, 1, 0, 0, 1395, 1369, 1, 1, 1, 3, 0, 0, 2, 0]),
 (16, [1689, 86, 1, 0, 1, 1829, 575, 0, 0, 2, 4, 1, 1, 0, 1]),
 (16, [1590, 47, 0, 1, 1, 743, 1157, 0, 0, 2, 1, 1, 1, 0, 2]),
 (16, [1514, 50, 0, 0, 0, 1547, 1810, 0, 1, 0, 0, 0, 2, 2, 2]),
 (16, [1500, 35, 0, 1, 0, 1737, 1239, 1, 0, 1, 3, 0, 2, 1, 0]),
 (16, [1404, 40, 1, 1, 0, 1296, 601, 0, 1, 1, 1, 1, 0, 1, 2]),
 (16, [1297, 107, 1, 0, 1, 1947, 724, 0, 0, 2, 0, 1, 0, 2, 2]),
 (16, [1245, 113, 1, 0, 1, 1732, 1990, 1, 1, 1, 2, 1, 1, 1, 2]),
 (16, [1175, 46, 0, 1, 1, 638, 2041, 0, 0, 1, 3, 0, 0, 2, 0]),
 (16, [1087, 89, 0, 0, 0, 973, 1046, 1, 0, 2, 0, 0, 1, 2, 1]),
 (16, [1002, 62, 1, 1, 0, 1138, 556, 1, 0, 0, 3, 1, 0, 1, 2]),
 (16, [932, 111, 0, 1, 1, 1617, 602, 0, 0, 2, 1, 0, 2, 2, 0]),
 (16, [880, 49, 0, 1, 1, 642, 972, 1, 0, 0, 1, 0, 2, 1, 1]),
 (16, [790, 76, 1, 0, 1, 1618, 1922, 0, 1, 1, 2, 0, 2, 0, 2]),
 (13, [1322, 47, 0, 0, 0, 1924, 601, 1, 0, 2, 1, 0, 2, 0, 1]),
 (12, [1950, 94, 0, 0, 0, 872, 872, 0, 1, 0, 4, 1, 1, 1, 2]),
 (12, [1766, 96, 0, 1, 1, 981, 686, 0, 1, 1, 2, 1, 2, 1, 2]),
 (12, [1146, 12, 1, 1, 1, 557, 625, 0, 0, 2, 1, 0, 0, 0, 2]),
 (12, [1060, 103, 0, 0, 1, 1880, 1569, 0, 1, 1, 0, 0, 2, 1, 1]),
 (12, [842, 66, 0, 0, 0, 1024, 666, 1, 0, 1, 0, 1, 1, 1, 1]),
 (12, [781, 59, 1, 1, 1, 907, 1259, 1, 0, 2, 4, 0, 2, 2, 0])]
scored
[(12, [781, 59, 1, 1, 1, 907, 1259, 1, 0, 2, 4, 0, 2, 2, 0]),
 (12, [842, 66, 0, 0, 0, 1024, 666, 1, 0, 1, 0, 1, 1, 1, 1]),
 (12, [1060, 103, 0, 0, 1, 1880, 1569, 0, 1, 1, 0, 0, 2, 1, 1]),
 (12, [1146, 12, 1, 1, 1, 557, 625, 0, 0, 2, 1, 0, 0, 0, 2]),
 (12, [1766, 96, 0, 1, 1, 981, 686, 0, 1, 1, 2, 1, 2, 1, 2]),
 (12, [1950, 94, 0, 0, 0, 872, 872, 0, 1, 0, 4, 1, 1, 1, 2]),
 (13, [1322, 47, 0, 0, 0, 1924, 601, 1, 0, 2, 1, 0, 2, 0, 1]),
 (16, [790, 76, 1, 0, 1, 1618, 1922, 0, 1, 1, 2, 0, 2, 0, 2]),
 (16, [880, 49, 0, 1, 1, 642, 972, 1, 0, 0, 1, 0, 2, 1, 1]),
 (16, [932, 111, 0, 1, 1, 1617, 602, 0, 0, 2, 1, 0, 2, 2, 0]),
 (16, [1002, 62, 1, 1, 0, 1138, 556, 1, 0, 0, 3, 1, 0, 1, 2]),
 (16, [1087, 89, 0, 0, 0, 973, 1046, 1, 0, 2, 0, 0, 1, 2, 1]),
 (16, [1175, 46, 0, 1, 1, 638, 2041, 0, 0, 1, 3, 0, 0, 2, 0]),
 (16, [1245, 113, 1, 0, 1, 1732, 1990, 1, 1, 1, 2, 1, 1, 1, 2]),
 (16, [1297, 107, 1, 0, 1, 1947, 724, 0, 0, 2, 0, 1, 0, 2, 2]),
 (16, [1404, 40, 1, 1, 0, 1296, 601, 0, 1, 1, 1, 1, 0, 1, 2]),
 (16, [1500, 35, 0, 1, 0, 1737, 1239, 1, 0, 1, 3, 0, 2, 1, 0]),
 (16, [1514, 50, 0, 0, 0, 1547, 1810, 0, 1, 0, 0, 0, 2, 2, 2]),
 (16, [1590, 47, 0, 1, 1, 743, 1157, 0, 0, 2, 1, 1, 1, 0, 2]),
 (16, [1689, 86, 1, 0, 1, 1829, 575, 0, 0, 2, 4, 1, 1, 0, 1]),
 (16, [1834, 116, 1, 0, 0, 1395, 1369, 1, 1, 1, 3, 0, 0, 2, 0]),
 (16, [1896, 120, 0, 0, 0, 1655, 556, 1, 0, 0, 2, 1, 1, 1, 2]),
 (16, [1951, 27, 0, 0, 1, 2012, 1845, 0, 0, 2, 1, 0, 0, 0, 1]),
 (16, [1970, 59, 0, 0, 1, 1913, 846, 1, 1, 1, 3, 0, 2, 1, 2]),
 (17, [1279, 88, 1, 1, 0, 677, 2026, 0, 0, 2, 4, 1, 1, 2, 0]),
 (999, [1214, 32, 0, 1, 1, 1250, 2006, 0, 0, 3, 2, 0, 0, 2, 2]),
 (999, [1297, 40, 1, 1, 1, 1627, 1778, 1, 1, 1, 5, 0, 1, 1, 1]),
 (999, [1430, 89, 1, 1, 1, 1400, 820, 0, 1, 3, 5, 0, 0, 1, 1]),
 (999, [1560, 53, 1, 1, 1, 1605, 1339, 0, 1, 3, 5, 1, 2, 2, 1]),
 (999, [1661, 39, 1, 1, 0, 1137, 1433, 1, 1, 3, 5, 1, 1, 1, 1]),
 (999, [1719, 86, 0, 0, 0, 1921, 737, 1, 1, 3, 3, 1, 1, 1, 2]),
 (999, [1918, 120, 1, 0, 1, 1496, 1758, 1, 1, 0, 5, 1, 2, 0, 2])]
Selected
[(12, [1146, 12, 1, 1, 1, 557, 625, 0, 0, 2, 1, 0, 0, 0, 2]),
 (12, [1146, 12, 1, 1, 1, 557, 625, 0, 0, 2, 1, 0, 0, 0, 2]),
 (16, [1245, 113, 1, 0, 1, 1732, 1990, 1, 1, 1, 2, 1, 1, 1, 2]),
 (12, [1766, 96, 0, 1, 1, 981, 686, 0, 1, 1, 2, 1, 2, 1, 2]),
 (16, [880, 49, 0, 1, 1, 642, 972, 1, 0, 0, 1, 0, 2, 1, 1]),
 (13, [1322, 47, 0, 0, 0, 1924, 601, 1, 0, 2, 1, 0, 2, 0, 1]),
 (12, [1950, 94, 0, 0, 0, 872, 872, 0, 1, 0, 4, 1, 1, 1, 2]),
 (12, [1950, 94, 0, 0, 0, 872, 872, 0, 1, 0, 4, 1, 1, 1, 2]),
 (12, [1950, 94, 0, 0, 0, 872, 872, 0, 1, 0, 4, 1, 1, 1, 2]),
 (12, [1146, 12, 1, 1, 1, 557, 625, 0, 0, 2, 1, 0, 0, 0, 2]),
 (12, [1060, 103, 0, 0, 1, 1880, 1569, 0, 1, 1, 0, 0, 2, 1, 1]),
 (12, [1766, 96, 0, 1, 1, 981, 686, 0, 1, 1, 2, 1, 2, 1, 2]),
 (12, [842, 66, 0, 0, 0, 1024, 666, 1, 0, 1, 0, 1, 1, 1, 1]),
 (16, [880, 49, 0, 1, 1, 642, 972, 1, 0, 0, 1, 0, 2, 1, 1]),
 (13, [1322, 47, 0, 0, 0, 1924, 601, 1, 0, 2, 1, 0, 2, 0, 1]),
 (12, [1060, 103, 0, 0, 1, 1880, 1569, 0, 1, 1, 0, 0, 2, 1, 1]),
 (12, [1060, 103, 0, 0, 1, 1880, 1569, 0, 1, 1, 0, 0, 2, 1, 1]),
 (12, [1060, 103, 0, 0, 1, 1880, 1569, 0, 1, 1, 0, 0, 2, 1, 1]),
 (12, [781, 59, 1, 1, 1, 907, 1259, 1, 0, 2, 4, 0, 2, 2, 0]),
 (12, [1146, 12, 1, 1, 1, 557, 625, 0, 0, 2, 1, 0, 0, 0, 2]),
 (16, [1002, 62, 1, 1, 0, 1138, 556, 1, 0, 0, 3, 1, 0, 1, 2]),
 (12, [781, 59, 1, 1, 1, 907, 1259, 1, 0, 2, 4, 0, 2, 2, 0]),
 (16, [790, 76, 1, 0, 1, 1618, 1922, 0, 1, 1, 2, 0, 2, 0, 2]),
 (13, [1322, 47, 0, 0, 0, 1924, 601, 1, 0, 2, 1, 0, 2, 0, 1]),
 (12, [842, 66, 0, 0, 0, 1024, 666, 1, 0, 1, 0, 1, 1, 1, 1]),
 (16, [880, 49, 0, 1, 1, 642, 972, 1, 0, 0, 1, 0, 2, 1, 1]),
 (12, [1146, 12, 1, 1, 1, 557, 625, 0, 0, 2, 1, 0, 0, 0, 2])]
population
[(999, [1918, 120, 1, 0, 1, 1496, 1758, 1, 1, 0, 5, 1, 2, 0, 2]),
 (999, [1719, 86, 0, 0, 0, 1921, 737, 1, 1, 3, 3, 1, 1, 1, 2]),
 (999, [1661, 39, 1, 1, 0, 1137, 1433, 1, 1, 3, 5, 1, 1, 1, 1]),
 (999, [1560, 53, 1, 1, 1, 1605, 1339, 0, 1, 3, 5, 1, 2, 2, 1]),
 (999, [1430, 89, 1, 1, 1, 1400, 820, 0, 1, 3, 5, 0, 0, 1, 1]),
 (999, [1297, 40, 1, 1, 1, 1627, 1778, 1, 1, 1, 5, 0, 1, 1, 1]),
 (999, [1214, 32, 0, 1, 1, 1250, 2006, 0, 0, 3, 2, 0, 0, 2, 2]),
 (17, [1279, 88, 1, 1, 0, 677, 2026, 0, 0, 2, 4, 1, 1, 2, 0]),
 (16, [1970, 59, 0, 0, 1, 1913, 846, 1, 1, 1, 3, 0, 2, 1, 2]),
 (16, [1951, 27, 0, 0, 1, 2012, 1845, 0, 0, 2, 1, 0, 0, 0, 1]),
 (16, [1896, 120, 0, 0, 0, 1655, 556, 1, 0, 0, 2, 1, 1, 1, 2]),
 (16, [1834, 116, 1, 0, 0, 1395, 1369, 1, 1, 1, 3, 0, 0, 2, 0]),
 (16, [1689, 86, 1, 0, 1, 1829, 575, 0, 0, 2, 4, 1, 1, 0, 1]),
 (16, [1590, 47, 0, 1, 1, 743, 1157, 0, 0, 2, 1, 1, 1, 0, 2]),
 (16, [1514, 50, 0, 0, 0, 1547, 1810, 0, 1, 0, 0, 0, 2, 2, 2]),
 (16, [1500, 35, 0, 1, 0, 1737, 1239, 1, 0, 1, 3, 0, 2, 1, 0]),
 (16, [1404, 40, 1, 1, 0, 1296, 601, 0, 1, 1, 1, 1, 0, 1, 2]),
 (16, [1297, 107, 1, 0, 1, 1947, 724, 0, 0, 2, 0, 1, 0, 2, 2]),
 (16, [1245, 113, 1, 0, 1, 1732, 1990, 1, 1, 1, 2, 1, 1, 1, 2]),
 (16, [1175, 46, 0, 1, 1, 638, 2041, 0, 0, 1, 3, 0, 0, 2, 0]),
 (16, [1087, 89, 0, 0, 0, 973, 1046, 1, 0, 2, 0, 0, 1, 2, 1]),
 (16, [1002, 62, 1, 1, 0, 1138, 556, 1, 0, 0, 3, 1, 0, 1, 2]),
 (16, [932, 111, 0, 1, 1, 1617, 602, 0, 0, 2, 1, 0, 2, 2, 0]),
 (16, [880, 49, 0, 1, 1, 642, 972, 1, 0, 0, 1, 0, 2, 1, 1]),
 (16, [790, 76, 1, 0, 1, 1618, 1922, 0, 1, 1, 2, 0, 2, 0, 2]),
 (13, [1322, 47, 0, 0, 0, 1924, 601, 1, 0, 2, 1, 0, 2, 0, 1]),
 (12, [1950, 94, 0, 0, 0, 872, 872, 0, 1, 0, 4, 1, 1, 1, 2]),
 (12, [1766, 96, 0, 1, 1, 981, 686, 0, 1, 1, 2, 1, 2, 1, 2]),
 (12, [1146, 12, 1, 1, 1, 557, 625, 0, 0, 2, 1, 0, 0, 0, 2]),
 (12, [1060, 103, 0, 0, 1, 1880, 1569, 0, 1, 1, 0, 0, 2, 1, 1]),
 (12, [842, 66, 0, 0, 0, 1024, 666, 1, 0, 1, 0, 1, 1, 1, 1]),
 (12, [781, 59, 1, 1, 1, 907, 1259, 1, 0, 2, 4, 0, 2, 2, 0])]
scored
[(12, [781, 59, 1, 1, 1, 907, 1259, 1, 0, 2, 4, 0, 2, 2, 0]),
 (12, [842, 66, 0, 0, 0, 1024, 666, 1, 0, 1, 0, 1, 1, 1, 1]),
 (12, [1060, 103, 0, 0, 1, 1880, 1569, 0, 1, 1, 0, 0, 2, 1, 1]),
 (12, [1146, 12, 1, 1, 1, 557, 625, 0, 0, 2, 1, 0, 0, 0, 2]),
 (12, [1766, 96, 0, 1, 1, 981, 686, 0, 1, 1, 2, 1, 2, 1, 2]),
 (12, [1950, 94, 0, 0, 0, 872, 872, 0, 1, 0, 4, 1, 1, 1, 2]),
 (13, [1322, 47, 0, 0, 0, 1924, 601, 1, 0, 2, 1, 0, 2, 0, 1]),
 (16, [790, 76, 1, 0, 1, 1618, 1922, 0, 1, 1, 2, 0, 2, 0, 2]),
 (16, [880, 49, 0, 1, 1, 642, 972, 1, 0, 0, 1, 0, 2, 1, 1]),
 (16, [932, 111, 0, 1, 1, 1617, 602, 0, 0, 2, 1, 0, 2, 2, 0]),
 (16, [1002, 62, 1, 1, 0, 1138, 556, 1, 0, 0, 3, 1, 0, 1, 2]),
 (16, [1087, 89, 0, 0, 0, 973, 1046, 1, 0, 2, 0, 0, 1, 2, 1]),
 (16, [1175, 46, 0, 1, 1, 638, 2041, 0, 0, 1, 3, 0, 0, 2, 0]),
 (16, [1245, 113, 1, 0, 1, 1732, 1990, 1, 1, 1, 2, 1, 1, 1, 2]),
 (16, [1297, 107, 1, 0, 1, 1947, 724, 0, 0, 2, 0, 1, 0, 2, 2]),
 (16, [1404, 40, 1, 1, 0, 1296, 601, 0, 1, 1, 1, 1, 0, 1, 2]),
 (16, [1500, 35, 0, 1, 0, 1737, 1239, 1, 0, 1, 3, 0, 2, 1, 0]),
 (16, [1514, 50, 0, 0, 0, 1547, 1810, 0, 1, 0, 0, 0, 2, 2, 2]),
 (16, [1590, 47, 0, 1, 1, 743, 1157, 0, 0, 2, 1, 1, 1, 0, 2]),
 (16, [1689, 86, 1, 0, 1, 1829, 575, 0, 0, 2, 4, 1, 1, 0, 1]),
 (16, [1834, 116, 1, 0, 0, 1395, 1369, 1, 1, 1, 3, 0, 0, 2, 0]),
 (16, [1896, 120, 0, 0, 0, 1655, 556, 1, 0, 0, 2, 1, 1, 1, 2]),
 (16, [1951, 27, 0, 0, 1, 2012, 1845, 0, 0, 2, 1, 0, 0, 0, 1]),
 (16, [1970, 59, 0, 0, 1, 1913, 846, 1, 1, 1, 3, 0, 2, 1, 2]),
 (17, [1279, 88, 1, 1, 0, 677, 2026, 0, 0, 2, 4, 1, 1, 2, 0]),
 (999, [1214, 32, 0, 1, 1, 1250, 2006, 0, 0, 3, 2, 0, 0, 2, 2]),
 (999, [1297, 40, 1, 1, 1, 1627, 1778, 1, 1, 1, 5, 0, 1, 1, 1]),
 (999, [1430, 89, 1, 1, 1, 1400, 820, 0, 1, 3, 5, 0, 0, 1, 1]),
 (999, [1560, 53, 1, 1, 1, 1605, 1339, 0, 1, 3, 5, 1, 2, 2, 1]),
 (999, [1661, 39, 1, 1, 0, 1137, 1433, 1, 1, 3, 5, 1, 1, 1, 1]),
 (999, [1719, 86, 0, 0, 0, 1921, 737, 1, 1, 3, 3, 1, 1, 1, 2]),
 (999, [1918, 120, 1, 0, 1, 1496, 1758, 1, 1, 0, 5, 1, 2, 0, 2])]
Selected
[(12, [842, 66, 0, 0, 0, 1024, 666, 1, 0, 1, 0, 1, 1, 1, 1]),
 (12, [1766, 96, 0, 1, 1, 981, 686, 0, 1, 1, 2, 1, 2, 1, 2]),
 (16, [1087, 89, 0, 0, 0, 973, 1046, 1, 0, 2, 0, 0, 1, 2, 1]),
 (13, [1322, 47, 0, 0, 0, 1924, 601, 1, 0, 2, 1, 0, 2, 0, 1]),
 (12, [842, 66, 0, 0, 0, 1024, 666, 1, 0, 1, 0, 1, 1, 1, 1]),
 (12, [1766, 96, 0, 1, 1, 981, 686, 0, 1, 1, 2, 1, 2, 1, 2]),
 (12, [842, 66, 0, 0, 0, 1024, 666, 1, 0, 1, 0, 1, 1, 1, 1]),
 (12, [1950, 94, 0, 0, 0, 872, 872, 0, 1, 0, 4, 1, 1, 1, 2]),
 (12, [1060, 103, 0, 0, 1, 1880, 1569, 0, 1, 1, 0, 0, 2, 1, 1]),
 (16, [1002, 62, 1, 1, 0, 1138, 556, 1, 0, 0, 3, 1, 0, 1, 2]),
 (12, [1060, 103, 0, 0, 1, 1880, 1569, 0, 1, 1, 0, 0, 2, 1, 1]),
 (12, [842, 66, 0, 0, 0, 1024, 666, 1, 0, 1, 0, 1, 1, 1, 1]),
 (12, [1766, 96, 0, 1, 1, 981, 686, 0, 1, 1, 2, 1, 2, 1, 2]),
 (12, [842, 66, 0, 0, 0, 1024, 666, 1, 0, 1, 0, 1, 1, 1, 1]),
 (12, [781, 59, 1, 1, 1, 907, 1259, 1, 0, 2, 4, 0, 2, 2, 0]),
 (16, [1087, 89, 0, 0, 0, 973, 1046, 1, 0, 2, 0, 0, 1, 2, 1]),
 (12, [1060, 103, 0, 0, 1, 1880, 1569, 0, 1, 1, 0, 0, 2, 1, 1]),
 (12, [1766, 96, 0, 1, 1, 981, 686, 0, 1, 1, 2, 1, 2, 1, 2]),
 (12, [1060, 103, 0, 0, 1, 1880, 1569, 0, 1, 1, 0, 0, 2, 1, 1]),
 (12, [1060, 103, 0, 0, 1, 1880, 1569, 0, 1, 1, 0, 0, 2, 1, 1]),
 (12, [842, 66, 0, 0, 0, 1024, 666, 1, 0, 1, 0, 1, 1, 1, 1]),
 (12, [1060, 103, 0, 0, 1, 1880, 1569, 0, 1, 1, 0, 0, 2, 1, 1]),
 (13, [1322, 47, 0, 0, 0, 1924, 601, 1, 0, 2, 1, 0, 2, 0, 1]),
 (12, [842, 66, 0, 0, 0, 1024, 666, 1, 0, 1, 0, 1, 1, 1, 1]),
 (12, [781, 59, 1, 1, 1, 907, 1259, 1, 0, 2, 4, 0, 2, 2, 0]),
 (12, [781, 59, 1, 1, 1, 907, 1259, 1, 0, 2, 4, 0, 2, 2, 0]),
 (12, [1146, 12, 1, 1, 1, 557, 625, 0, 0, 2, 1, 0, 0, 0, 2])]
population
[(999, [1918, 120, 1, 0, 1, 1496, 1758, 1, 1, 0, 5, 1, 2, 0, 2]),
 (999, [1719, 86, 0, 0, 0, 1921, 737, 1, 1, 3, 3, 1, 1, 1, 2]),
 (999, [1661, 39, 1, 1, 0, 1137, 1433, 1, 1, 3, 5, 1, 1, 1, 1]),
 (999, [1560, 53, 1, 1, 1, 1605, 1339, 0, 1, 3, 5, 1, 2, 2, 1]),
 (999, [1430, 89, 1, 1, 1, 1400, 820, 0, 1, 3, 5, 0, 0, 1, 1]),
 (999, [1297, 40, 1, 1, 1, 1627, 1778, 1, 1, 1, 5, 0, 1, 1, 1]),
 (999, [1214, 32, 0, 1, 1, 1250, 2006, 0, 0, 3, 2, 0, 0, 2, 2]),
 (17, [1279, 88, 1, 1, 0, 677, 2026, 0, 0, 2, 4, 1, 1, 2, 0]),
 (16, [1970, 59, 0, 0, 1, 1913, 846, 1, 1, 1, 3, 0, 2, 1, 2]),
 (16, [1951, 27, 0, 0, 1, 2012, 1845, 0, 0, 2, 1, 0, 0, 0, 1]),
 (16, [1896, 120, 0, 0, 0, 1655, 556, 1, 0, 0, 2, 1, 1, 1, 2]),
 (16, [1834, 116, 1, 0, 0, 1395, 1369, 1, 1, 1, 3, 0, 0, 2, 0]),
 (16, [1689, 86, 1, 0, 1, 1829, 575, 0, 0, 2, 4, 1, 1, 0, 1]),
 (16, [1590, 47, 0, 1, 1, 743, 1157, 0, 0, 2, 1, 1, 1, 0, 2]),
 (16, [1514, 50, 0, 0, 0, 1547, 1810, 0, 1, 0, 0, 0, 2, 2, 2]),
 (16, [1500, 35, 0, 1, 0, 1737, 1239, 1, 0, 1, 3, 0, 2, 1, 0]),
 (16, [1404, 40, 1, 1, 0, 1296, 601, 0, 1, 1, 1, 1, 0, 1, 2]),
 (16, [1297, 107, 1, 0, 1, 1947, 724, 0, 0, 2, 0, 1, 0, 2, 2]),
 (16, [1245, 113, 1, 0, 1, 1732, 1990, 1, 1, 1, 2, 1, 1, 1, 2]),
 (16, [1175, 46, 0, 1, 1, 638, 2041, 0, 0, 1, 3, 0, 0, 2, 0]),
 (16, [1087, 89, 0, 0, 0, 973, 1046, 1, 0, 2, 0, 0, 1, 2, 1]),
 (16, [1002, 62, 1, 1, 0, 1138, 556, 1, 0, 0, 3, 1, 0, 1, 2]),
 (16, [932, 111, 0, 1, 1, 1617, 602, 0, 0, 2, 1, 0, 2, 2, 0]),
 (16, [880, 49, 0, 1, 1, 642, 972, 1, 0, 0, 1, 0, 2, 1, 1]),
 (16, [790, 76, 1, 0, 1, 1618, 1922, 0, 1, 1, 2, 0, 2, 0, 2]),
 (13, [1322, 47, 0, 0, 0, 1924, 601, 1, 0, 2, 1, 0, 2, 0, 1]),
 (12, [1950, 94, 0, 0, 0, 872, 872, 0, 1, 0, 4, 1, 1, 1, 2]),
 (12, [1766, 96, 0, 1, 1, 981, 686, 0, 1, 1, 2, 1, 2, 1, 2]),
 (12, [1146, 12, 1, 1, 1, 557, 625, 0, 0, 2, 1, 0, 0, 0, 2]),
 (12, [1060, 103, 0, 0, 1, 1880, 1569, 0, 1, 1, 0, 0, 2, 1, 1]),
 (12, [842, 66, 0, 0, 0, 1024, 666, 1, 0, 1, 0, 1, 1, 1, 1]),
 (12, [781, 59, 1, 1, 1, 907, 1259, 1, 0, 2, 4, 0, 2, 2, 0])]
scored
[(12, [781, 59, 1, 1, 1, 907, 1259, 1, 0, 2, 4, 0, 2, 2, 0]),
 (12, [842, 66, 0, 0, 0, 1024, 666, 1, 0, 1, 0, 1, 1, 1, 1]),
 (12, [1060, 103, 0, 0, 1, 1880, 1569, 0, 1, 1, 0, 0, 2, 1, 1]),
 (12, [1146, 12, 1, 1, 1, 557, 625, 0, 0, 2, 1, 0, 0, 0, 2]),
 (12, [1766, 96, 0, 1, 1, 981, 686, 0, 1, 1, 2, 1, 2, 1, 2]),
 (12, [1950, 94, 0, 0, 0, 872, 872, 0, 1, 0, 4, 1, 1, 1, 2]),
 (13, [1322, 47, 0, 0, 0, 1924, 601, 1, 0, 2, 1, 0, 2, 0, 1]),
 (16, [790, 76, 1, 0, 1, 1618, 1922, 0, 1, 1, 2, 0, 2, 0, 2]),
 (16, [880, 49, 0, 1, 1, 642, 972, 1, 0, 0, 1, 0, 2, 1, 1]),
 (16, [932, 111, 0, 1, 1, 1617, 602, 0, 0, 2, 1, 0, 2, 2, 0]),
 (16, [1002, 62, 1, 1, 0, 1138, 556, 1, 0, 0, 3, 1, 0, 1, 2]),
 (16, [1087, 89, 0, 0, 0, 973, 1046, 1, 0, 2, 0, 0, 1, 2, 1]),
 (16, [1175, 46, 0, 1, 1, 638, 2041, 0, 0, 1, 3, 0, 0, 2, 0]),
 (16, [1245, 113, 1, 0, 1, 1732, 1990, 1, 1, 1, 2, 1, 1, 1, 2]),
 (16, [1297, 107, 1, 0, 1, 1947, 724, 0, 0, 2, 0, 1, 0, 2, 2]),
 (16, [1404, 40, 1, 1, 0, 1296, 601, 0, 1, 1, 1, 1, 0, 1, 2]),
 (16, [1500, 35, 0, 1, 0, 1737, 1239, 1, 0, 1, 3, 0, 2, 1, 0]),
 (16, [1514, 50, 0, 0, 0, 1547, 1810, 0, 1, 0, 0, 0, 2, 2, 2]),
 (16, [1590, 47, 0, 1, 1, 743, 1157, 0, 0, 2, 1, 1, 1, 0, 2]),
 (16, [1689, 86, 1, 0, 1, 1829, 575, 0, 0, 2, 4, 1, 1, 0, 1]),
 (16, [1834, 116, 1, 0, 0, 1395, 1369, 1, 1, 1, 3, 0, 0, 2, 0]),
 (16, [1896, 120, 0, 0, 0, 1655, 556, 1, 0, 0, 2, 1, 1, 1, 2]),
 (16, [1951, 27, 0, 0, 1, 2012, 1845, 0, 0, 2, 1, 0, 0, 0, 1]),
 (16, [1970, 59, 0, 0, 1, 1913, 846, 1, 1, 1, 3, 0, 2, 1, 2]),
 (17, [1279, 88, 1, 1, 0, 677, 2026, 0, 0, 2, 4, 1, 1, 2, 0]),
 (999, [1214, 32, 0, 1, 1, 1250, 2006, 0, 0, 3, 2, 0, 0, 2, 2]),
 (999, [1297, 40, 1, 1, 1, 1627, 1778, 1, 1, 1, 5, 0, 1, 1, 1]),
 (999, [1430, 89, 1, 1, 1, 1400, 820, 0, 1, 3, 5, 0, 0, 1, 1]),
 (999, [1560, 53, 1, 1, 1, 1605, 1339, 0, 1, 3, 5, 1, 2, 2, 1]),
 (999, [1661, 39, 1, 1, 0, 1137, 1433, 1, 1, 3, 5, 1, 1, 1, 1]),
 (999, [1719, 86, 0, 0, 0, 1921, 737, 1, 1, 3, 3, 1, 1, 1, 2]),
 (999, [1918, 120, 1, 0, 1, 1496, 1758, 1, 1, 0, 5, 1, 2, 0, 2])]
Selected
[(12, [1060, 103, 0, 0, 1, 1880, 1569, 0, 1, 1, 0, 0, 2, 1, 1]),
 (12, [1060, 103, 0, 0, 1, 1880, 1569, 0, 1, 1, 0, 0, 2, 1, 1]),
 (16, [1175, 46, 0, 1, 1, 638, 2041, 0, 0, 1, 3, 0, 0, 2, 0]),
 (12, [1060, 103, 0, 0, 1, 1880, 1569, 0, 1, 1, 0, 0, 2, 1, 1]),
 (16, [932, 111, 0, 1, 1, 1617, 602, 0, 0, 2, 1, 0, 2, 2, 0]),
 (12, [1146, 12, 1, 1, 1, 557, 625, 0, 0, 2, 1, 0, 0, 0, 2]),
 (12, [1060, 103, 0, 0, 1, 1880, 1569, 0, 1, 1, 0, 0, 2, 1, 1]),
 (13, [1322, 47, 0, 0, 0, 1924, 601, 1, 0, 2, 1, 0, 2, 0, 1]),
 (12, [1766, 96, 0, 1, 1, 981, 686, 0, 1, 1, 2, 1, 2, 1, 2]),
 (12, [1146, 12, 1, 1, 1, 557, 625, 0, 0, 2, 1, 0, 0, 0, 2]),
 (12, [781, 59, 1, 1, 1, 907, 1259, 1, 0, 2, 4, 0, 2, 2, 0]),
 (16, [1297, 107, 1, 0, 1, 1947, 724, 0, 0, 2, 0, 1, 0, 2, 2]),
 (12, [842, 66, 0, 0, 0, 1024, 666, 1, 0, 1, 0, 1, 1, 1, 1]),
 (12, [781, 59, 1, 1, 1, 907, 1259, 1, 0, 2, 4, 0, 2, 2, 0]),
 (16, [790, 76, 1, 0, 1, 1618, 1922, 0, 1, 1, 2, 0, 2, 0, 2]),
 (13, [1322, 47, 0, 0, 0, 1924, 601, 1, 0, 2, 1, 0, 2, 0, 1]),
 (12, [781, 59, 1, 1, 1, 907, 1259, 1, 0, 2, 4, 0, 2, 2, 0]),
 (12, [1146, 12, 1, 1, 1, 557, 625, 0, 0, 2, 1, 0, 0, 0, 2]),
 (16, [1002, 62, 1, 1, 0, 1138, 556, 1, 0, 0, 3, 1, 0, 1, 2]),
 (12, [781, 59, 1, 1, 1, 907, 1259, 1, 0, 2, 4, 0, 2, 2, 0]),
 (12, [1060, 103, 0, 0, 1, 1880, 1569, 0, 1, 1, 0, 0, 2, 1, 1]),
 (12, [1766, 96, 0, 1, 1, 981, 686, 0, 1, 1, 2, 1, 2, 1, 2]),
 (16, [880, 49, 0, 1, 1, 642, 972, 1, 0, 0, 1, 0, 2, 1, 1]),
 (12, [781, 59, 1, 1, 1, 907, 1259, 1, 0, 2, 4, 0, 2, 2, 0]),
 (12, [1060, 103, 0, 0, 1, 1880, 1569, 0, 1, 1, 0, 0, 2, 1, 1]),
 (12, [781, 59, 1, 1, 1, 907, 1259, 1, 0, 2, 4, 0, 2, 2, 0]),
 (13, [1322, 47, 0, 0, 0, 1924, 601, 1, 0, 2, 1, 0, 2, 0, 1])]
population
[(999, [1918, 120, 1, 0, 1, 1496, 1758, 1, 1, 0, 5, 1, 2, 0, 2]),
 (999, [1719, 86, 0, 0, 0, 1921, 737, 1, 1, 3, 3, 1, 1, 1, 2]),
 (999, [1661, 39, 1, 1, 0, 1137, 1433, 1, 1, 3, 5, 1, 1, 1, 1]),
 (999, [1560, 53, 1, 1, 1, 1605, 1339, 0, 1, 3, 5, 1, 2, 2, 1]),
 (999, [1430, 89, 1, 1, 1, 1400, 820, 0, 1, 3, 5, 0, 0, 1, 1]),
 (999, [1297, 40, 1, 1, 1, 1627, 1778, 1, 1, 1, 5, 0, 1, 1, 1]),
 (999, [1214, 32, 0, 1, 1, 1250, 2006, 0, 0, 3, 2, 0, 0, 2, 2]),
 (17, [1279, 88, 1, 1, 0, 677, 2026, 0, 0, 2, 4, 1, 1, 2, 0]),
 (16, [1970, 59, 0, 0, 1, 1913, 846, 1, 1, 1, 3, 0, 2, 1, 2]),
 (16, [1951, 27, 0, 0, 1, 2012, 1845, 0, 0, 2, 1, 0, 0, 0, 1]),
 (16, [1896, 120, 0, 0, 0, 1655, 556, 1, 0, 0, 2, 1, 1, 1, 2]),
 (16, [1834, 116, 1, 0, 0, 1395, 1369, 1, 1, 1, 3, 0, 0, 2, 0]),
 (16, [1689, 86, 1, 0, 1, 1829, 575, 0, 0, 2, 4, 1, 1, 0, 1]),
 (16, [1590, 47, 0, 1, 1, 743, 1157, 0, 0, 2, 1, 1, 1, 0, 2]),
 (16, [1514, 50, 0, 0, 0, 1547, 1810, 0, 1, 0, 0, 0, 2, 2, 2]),
 (16, [1500, 35, 0, 1, 0, 1737, 1239, 1, 0, 1, 3, 0, 2, 1, 0]),
 (16, [1404, 40, 1, 1, 0, 1296, 601, 0, 1, 1, 1, 1, 0, 1, 2]),
 (16, [1297, 107, 1, 0, 1, 1947, 724, 0, 0, 2, 0, 1, 0, 2, 2]),
 (16, [1245, 113, 1, 0, 1, 1732, 1990, 1, 1, 1, 2, 1, 1, 1, 2]),
 (16, [1175, 46, 0, 1, 1, 638, 2041, 0, 0, 1, 3, 0, 0, 2, 0]),
 (16, [1087, 89, 0, 0, 0, 973, 1046, 1, 0, 2, 0, 0, 1, 2, 1]),
 (16, [1002, 62, 1, 1, 0, 1138, 556, 1, 0, 0, 3, 1, 0, 1, 2]),
 (16, [932, 111, 0, 1, 1, 1617, 602, 0, 0, 2, 1, 0, 2, 2, 0]),
 (16, [880, 49, 0, 1, 1, 642, 972, 1, 0, 0, 1, 0, 2, 1, 1]),
 (16, [790, 76, 1, 0, 1, 1618, 1922, 0, 1, 1, 2, 0, 2, 0, 2]),
 (13, [1322, 47, 0, 0, 0, 1924, 601, 1, 0, 2, 1, 0, 2, 0, 1]),
 (12, [1950, 94, 0, 0, 0, 872, 872, 0, 1, 0, 4, 1, 1, 1, 2]),
 (12, [1766, 96, 0, 1, 1, 981, 686, 0, 1, 1, 2, 1, 2, 1, 2]),
 (12, [1146, 12, 1, 1, 1, 557, 625, 0, 0, 2, 1, 0, 0, 0, 2]),
 (12, [1060, 103, 0, 0, 1, 1880, 1569, 0, 1, 1, 0, 0, 2, 1, 1]),
 (12, [842, 66, 0, 0, 0, 1024, 666, 1, 0, 1, 0, 1, 1, 1, 1]),
 (12, [781, 59, 1, 1, 1, 907, 1259, 1, 0, 2, 4, 0, 2, 2, 0])]
scored
[(12, [781, 59, 1, 1, 1, 907, 1259, 1, 0, 2, 4, 0, 2, 2, 0]),
 (12, [842, 66, 0, 0, 0, 1024, 666, 1, 0, 1, 0, 1, 1, 1, 1]),
 (12, [1060, 103, 0, 0, 1, 1880, 1569, 0, 1, 1, 0, 0, 2, 1, 1]),
 (12, [1146, 12, 1, 1, 1, 557, 625, 0, 0, 2, 1, 0, 0, 0, 2]),
 (12, [1766, 96, 0, 1, 1, 981, 686, 0, 1, 1, 2, 1, 2, 1, 2]),
 (12, [1950, 94, 0, 0, 0, 872, 872, 0, 1, 0, 4, 1, 1, 1, 2]),
 (13, [1322, 47, 0, 0, 0, 1924, 601, 1, 0, 2, 1, 0, 2, 0, 1]),
 (16, [790, 76, 1, 0, 1, 1618, 1922, 0, 1, 1, 2, 0, 2, 0, 2]),
 (16, [880, 49, 0, 1, 1, 642, 972, 1, 0, 0, 1, 0, 2, 1, 1]),
 (16, [932, 111, 0, 1, 1, 1617, 602, 0, 0, 2, 1, 0, 2, 2, 0]),
 (16, [1002, 62, 1, 1, 0, 1138, 556, 1, 0, 0, 3, 1, 0, 1, 2]),
 (16, [1087, 89, 0, 0, 0, 973, 1046, 1, 0, 2, 0, 0, 1, 2, 1]),
 (16, [1175, 46, 0, 1, 1, 638, 2041, 0, 0, 1, 3, 0, 0, 2, 0]),
 (16, [1245, 113, 1, 0, 1, 1732, 1990, 1, 1, 1, 2, 1, 1, 1, 2]),
 (16, [1297, 107, 1, 0, 1, 1947, 724, 0, 0, 2, 0, 1, 0, 2, 2]),
 (16, [1404, 40, 1, 1, 0, 1296, 601, 0, 1, 1, 1, 1, 0, 1, 2]),
 (16, [1500, 35, 0, 1, 0, 1737, 1239, 1, 0, 1, 3, 0, 2, 1, 0]),
 (16, [1514, 50, 0, 0, 0, 1547, 1810, 0, 1, 0, 0, 0, 2, 2, 2]),
 (16, [1590, 47, 0, 1, 1, 743, 1157, 0, 0, 2, 1, 1, 1, 0, 2]),
 (16, [1689, 86, 1, 0, 1, 1829, 575, 0, 0, 2, 4, 1, 1, 0, 1]),
 (16, [1834, 116, 1, 0, 0, 1395, 1369, 1, 1, 1, 3, 0, 0, 2, 0]),
 (16, [1896, 120, 0, 0, 0, 1655, 556, 1, 0, 0, 2, 1, 1, 1, 2]),
 (16, [1951, 27, 0, 0, 1, 2012, 1845, 0, 0, 2, 1, 0, 0, 0, 1]),
 (16, [1970, 59, 0, 0, 1, 1913, 846, 1, 1, 1, 3, 0, 2, 1, 2]),
 (17, [1279, 88, 1, 1, 0, 677, 2026, 0, 0, 2, 4, 1, 1, 2, 0]),
 (999, [1214, 32, 0, 1, 1, 1250, 2006, 0, 0, 3, 2, 0, 0, 2, 2]),
 (999, [1297, 40, 1, 1, 1, 1627, 1778, 1, 1, 1, 5, 0, 1, 1, 1]),
 (999, [1430, 89, 1, 1, 1, 1400, 820, 0, 1, 3, 5, 0, 0, 1, 1]),
 (999, [1560, 53, 1, 1, 1, 1605, 1339, 0, 1, 3, 5, 1, 2, 2, 1]),
 (999, [1661, 39, 1, 1, 0, 1137, 1433, 1, 1, 3, 5, 1, 1, 1, 1]),
 (999, [1719, 86, 0, 0, 0, 1921, 737, 1, 1, 3, 3, 1, 1, 1, 2]),
 (999, [1918, 120, 1, 0, 1, 1496, 1758, 1, 1, 0, 5, 1, 2, 0, 2])]
Selected
[(12, [781, 59, 1, 1, 1, 907, 1259, 1, 0, 2, 4, 0, 2, 2, 0]),
 (16, [880, 49, 0, 1, 1, 642, 972, 1, 0, 0, 1, 0, 2, 1, 1]),
 (12, [842, 66, 0, 0, 0, 1024, 666, 1, 0, 1, 0, 1, 1, 1, 1]),
 (12, [1060, 103, 0, 0, 1, 1880, 1569, 0, 1, 1, 0, 0, 2, 1, 1]),
 (12, [781, 59, 1, 1, 1, 907, 1259, 1, 0, 2, 4, 0, 2, 2, 0]),
 (16, [1087, 89, 0, 0, 0, 973, 1046, 1, 0, 2, 0, 0, 1, 2, 1]),
 (13, [1322, 47, 0, 0, 0, 1924, 601, 1, 0, 2, 1, 0, 2, 0, 1]),
 (12, [781, 59, 1, 1, 1, 907, 1259, 1, 0, 2, 4, 0, 2, 2, 0]),
 (12, [781, 59, 1, 1, 1, 907, 1259, 1, 0, 2, 4, 0, 2, 2, 0]),
 (12, [1060, 103, 0, 0, 1, 1880, 1569, 0, 1, 1, 0, 0, 2, 1, 1]),
 (12, [781, 59, 1, 1, 1, 907, 1259, 1, 0, 2, 4, 0, 2, 2, 0]),
 (12, [1060, 103, 0, 0, 1, 1880, 1569, 0, 1, 1, 0, 0, 2, 1, 1]),
 (16, [1590, 47, 0, 1, 1, 743, 1157, 0, 0, 2, 1, 1, 1, 0, 2]),
 (12, [1060, 103, 0, 0, 1, 1880, 1569, 0, 1, 1, 0, 0, 2, 1, 1]),
 (12, [1766, 96, 0, 1, 1, 981, 686, 0, 1, 1, 2, 1, 2, 1, 2]),
 (16, [790, 76, 1, 0, 1, 1618, 1922, 0, 1, 1, 2, 0, 2, 0, 2]),
 (12, [1950, 94, 0, 0, 0, 872, 872, 0, 1, 0, 4, 1, 1, 1, 2]),
 (16, [932, 111, 0, 1, 1, 1617, 602, 0, 0, 2, 1, 0, 2, 2, 0]),
 (16, [790, 76, 1, 0, 1, 1618, 1922, 0, 1, 1, 2, 0, 2, 0, 2]),
 (12, [1146, 12, 1, 1, 1, 557, 625, 0, 0, 2, 1, 0, 0, 0, 2]),
 (12, [781, 59, 1, 1, 1, 907, 1259, 1, 0, 2, 4, 0, 2, 2, 0]),
 (12, [1146, 12, 1, 1, 1, 557, 625, 0, 0, 2, 1, 0, 0, 0, 2]),
 (16, [1514, 50, 0, 0, 0, 1547, 1810, 0, 1, 0, 0, 0, 2, 2, 2]),
 (12, [781, 59, 1, 1, 1, 907, 1259, 1, 0, 2, 4, 0, 2, 2, 0]),
 (12, [781, 59, 1, 1, 1, 907, 1259, 1, 0, 2, 4, 0, 2, 2, 0]),
 (12, [842, 66, 0, 0, 0, 1024, 666, 1, 0, 1, 0, 1, 1, 1, 1]),
 (12, [781, 59, 1, 1, 1, 907, 1259, 1, 0, 2, 4, 0, 2, 2, 0])]
population
[(999, [1918, 120, 1, 0, 1, 1496, 1758, 1, 1, 0, 5, 1, 2, 0, 2]),
 (999, [1719, 86, 0, 0, 0, 1921, 737, 1, 1, 3, 3, 1, 1, 1, 2]),
 (999, [1661, 39, 1, 1, 0, 1137, 1433, 1, 1, 3, 5, 1, 1, 1, 1]),
 (999, [1560, 53, 1, 1, 1, 1605, 1339, 0, 1, 3, 5, 1, 2, 2, 1]),
 (999, [1430, 89, 1, 1, 1, 1400, 820, 0, 1, 3, 5, 0, 0, 1, 1]),
 (999, [1297, 40, 1, 1, 1, 1627, 1778, 1, 1, 1, 5, 0, 1, 1, 1]),
 (999, [1214, 32, 0, 1, 1, 1250, 2006, 0, 0, 3, 2, 0, 0, 2, 2]),
 (17, [1279, 88, 1, 1, 0, 677, 2026, 0, 0, 2, 4, 1, 1, 2, 0]),
 (16, [1970, 59, 0, 0, 1, 1913, 846, 1, 1, 1, 3, 0, 2, 1, 2]),
 (16, [1951, 27, 0, 0, 1, 2012, 1845, 0, 0, 2, 1, 0, 0, 0, 1]),
 (16, [1896, 120, 0, 0, 0, 1655, 556, 1, 0, 0, 2, 1, 1, 1, 2]),
 (16, [1834, 116, 1, 0, 0, 1395, 1369, 1, 1, 1, 3, 0, 0, 2, 0]),
 (16, [1689, 86, 1, 0, 1, 1829, 575, 0, 0, 2, 4, 1, 1, 0, 1]),
 (16, [1590, 47, 0, 1, 1, 743, 1157, 0, 0, 2, 1, 1, 1, 0, 2]),
 (16, [1514, 50, 0, 0, 0, 1547, 1810, 0, 1, 0, 0, 0, 2, 2, 2]),
 (16, [1500, 35, 0, 1, 0, 1737, 1239, 1, 0, 1, 3, 0, 2, 1, 0]),
 (16, [1404, 40, 1, 1, 0, 1296, 601, 0, 1, 1, 1, 1, 0, 1, 2]),
 (16, [1297, 107, 1, 0, 1, 1947, 724, 0, 0, 2, 0, 1, 0, 2, 2]),
 (16, [1245, 113, 1, 0, 1, 1732, 1990, 1, 1, 1, 2, 1, 1, 1, 2]),
 (16, [1175, 46, 0, 1, 1, 638, 2041, 0, 0, 1, 3, 0, 0, 2, 0]),
 (16, [1087, 89, 0, 0, 0, 973, 1046, 1, 0, 2, 0, 0, 1, 2, 1]),
 (16, [1002, 62, 1, 1, 0, 1138, 556, 1, 0, 0, 3, 1, 0, 1, 2]),
 (16, [932, 111, 0, 1, 1, 1617, 602, 0, 0, 2, 1, 0, 2, 2, 0]),
 (16, [880, 49, 0, 1, 1, 642, 972, 1, 0, 0, 1, 0, 2, 1, 1]),
 (16, [790, 76, 1, 0, 1, 1618, 1922, 0, 1, 1, 2, 0, 2, 0, 2]),
 (13, [1322, 47, 0, 0, 0, 1924, 601, 1, 0, 2, 1, 0, 2, 0, 1]),
 (12, [1950, 94, 0, 0, 0, 872, 872, 0, 1, 0, 4, 1, 1, 1, 2]),
 (12, [1766, 96, 0, 1, 1, 981, 686, 0, 1, 1, 2, 1, 2, 1, 2]),
 (12, [1146, 12, 1, 1, 1, 557, 625, 0, 0, 2, 1, 0, 0, 0, 2]),
 (12, [1060, 103, 0, 0, 1, 1880, 1569, 0, 1, 1, 0, 0, 2, 1, 1]),
 (12, [842, 66, 0, 0, 0, 1024, 666, 1, 0, 1, 0, 1, 1, 1, 1]),
 (12, [781, 59, 1, 1, 1, 907, 1259, 1, 0, 2, 4, 0, 2, 2, 0])]
scored
[(12, [781, 59, 1, 1, 1, 907, 1259, 1, 0, 2, 4, 0, 2, 2, 0]),
 (12, [842, 66, 0, 0, 0, 1024, 666, 1, 0, 1, 0, 1, 1, 1, 1]),
 (12, [1060, 103, 0, 0, 1, 1880, 1569, 0, 1, 1, 0, 0, 2, 1, 1]),
 (12, [1146, 12, 1, 1, 1, 557, 625, 0, 0, 2, 1, 0, 0, 0, 2]),
 (12, [1766, 96, 0, 1, 1, 981, 686, 0, 1, 1, 2, 1, 2, 1, 2]),
 (12, [1950, 94, 0, 0, 0, 872, 872, 0, 1, 0, 4, 1, 1, 1, 2]),
 (13, [1322, 47, 0, 0, 0, 1924, 601, 1, 0, 2, 1, 0, 2, 0, 1]),
 (16, [790, 76, 1, 0, 1, 1618, 1922, 0, 1, 1, 2, 0, 2, 0, 2]),
 (16, [880, 49, 0, 1, 1, 642, 972, 1, 0, 0, 1, 0, 2, 1, 1]),
 (16, [932, 111, 0, 1, 1, 1617, 602, 0, 0, 2, 1, 0, 2, 2, 0]),
 (16, [1002, 62, 1, 1, 0, 1138, 556, 1, 0, 0, 3, 1, 0, 1, 2]),
 (16, [1087, 89, 0, 0, 0, 973, 1046, 1, 0, 2, 0, 0, 1, 2, 1]),
 (16, [1175, 46, 0, 1, 1, 638, 2041, 0, 0, 1, 3, 0, 0, 2, 0]),
 (16, [1245, 113, 1, 0, 1, 1732, 1990, 1, 1, 1, 2, 1, 1, 1, 2]),
 (16, [1297, 107, 1, 0, 1, 1947, 724, 0, 0, 2, 0, 1, 0, 2, 2]),
 (16, [1404, 40, 1, 1, 0, 1296, 601, 0, 1, 1, 1, 1, 0, 1, 2]),
 (16, [1500, 35, 0, 1, 0, 1737, 1239, 1, 0, 1, 3, 0, 2, 1, 0]),
 (16, [1514, 50, 0, 0, 0, 1547, 1810, 0, 1, 0, 0, 0, 2, 2, 2]),
 (16, [1590, 47, 0, 1, 1, 743, 1157, 0, 0, 2, 1, 1, 1, 0, 2]),
 (16, [1689, 86, 1, 0, 1, 1829, 575, 0, 0, 2, 4, 1, 1, 0, 1]),
 (16, [1834, 116, 1, 0, 0, 1395, 1369, 1, 1, 1, 3, 0, 0, 2, 0]),
 (16, [1896, 120, 0, 0, 0, 1655, 556, 1, 0, 0, 2, 1, 1, 1, 2]),
 (16, [1951, 27, 0, 0, 1, 2012, 1845, 0, 0, 2, 1, 0, 0, 0, 1]),
 (16, [1970, 59, 0, 0, 1, 1913, 846, 1, 1, 1, 3, 0, 2, 1, 2]),
 (17, [1279, 88, 1, 1, 0, 677, 2026, 0, 0, 2, 4, 1, 1, 2, 0]),
 (999, [1214, 32, 0, 1, 1, 1250, 2006, 0, 0, 3, 2, 0, 0, 2, 2]),
 (999, [1297, 40, 1, 1, 1, 1627, 1778, 1, 1, 1, 5, 0, 1, 1, 1]),
 (999, [1430, 89, 1, 1, 1, 1400, 820, 0, 1, 3, 5, 0, 0, 1, 1]),
 (999, [1560, 53, 1, 1, 1, 1605, 1339, 0, 1, 3, 5, 1, 2, 2, 1]),
 (999, [1661, 39, 1, 1, 0, 1137, 1433, 1, 1, 3, 5, 1, 1, 1, 1]),
 (999, [1719, 86, 0, 0, 0, 1921, 737, 1, 1, 3, 3, 1, 1, 1, 2]),
 (999, [1918, 120, 1, 0, 1, 1496, 1758, 1, 1, 0, 5, 1, 2, 0, 2])]
Selected
[(12, [781, 59, 1, 1, 1, 907, 1259, 1, 0, 2, 4, 0, 2, 2, 0]),
 (12, [781, 59, 1, 1, 1, 907, 1259, 1, 0, 2, 4, 0, 2, 2, 0]),
 (16, [880, 49, 0, 1, 1, 642, 972, 1, 0, 0, 1, 0, 2, 1, 1]),
 (12, [1146, 12, 1, 1, 1, 557, 625, 0, 0, 2, 1, 0, 0, 0, 2]),
 (12, [781, 59, 1, 1, 1, 907, 1259, 1, 0, 2, 4, 0, 2, 2, 0]),
 (12, [842, 66, 0, 0, 0, 1024, 666, 1, 0, 1, 0, 1, 1, 1, 1]),
 (12, [781, 59, 1, 1, 1, 907, 1259, 1, 0, 2, 4, 0, 2, 2, 0]),
 (12, [1146, 12, 1, 1, 1, 557, 625, 0, 0, 2, 1, 0, 0, 0, 2]),
 (12, [1060, 103, 0, 0, 1, 1880, 1569, 0, 1, 1, 0, 0, 2, 1, 1]),
 (12, [1146, 12, 1, 1, 1, 557, 625, 0, 0, 2, 1, 0, 0, 0, 2]),
 (12, [1060, 103, 0, 0, 1, 1880, 1569, 0, 1, 1, 0, 0, 2, 1, 1]),
 (16, [790, 76, 1, 0, 1, 1618, 1922, 0, 1, 1, 2, 0, 2, 0, 2]),
 (16, [790, 76, 1, 0, 1, 1618, 1922, 0, 1, 1, 2, 0, 2, 0, 2]),
 (12, [1950, 94, 0, 0, 0, 872, 872, 0, 1, 0, 4, 1, 1, 1, 2]),
 (12, [1950, 94, 0, 0, 0, 872, 872, 0, 1, 0, 4, 1, 1, 1, 2]),
 (12, [1060, 103, 0, 0, 1, 1880, 1569, 0, 1, 1, 0, 0, 2, 1, 1]),
 (12, [1146, 12, 1, 1, 1, 557, 625, 0, 0, 2, 1, 0, 0, 0, 2]),
 (16, [1590, 47, 0, 1, 1, 743, 1157, 0, 0, 2, 1, 1, 1, 0, 2]),
 (12, [1766, 96, 0, 1, 1, 981, 686, 0, 1, 1, 2, 1, 2, 1, 2]),
 (12, [1060, 103, 0, 0, 1, 1880, 1569, 0, 1, 1, 0, 0, 2, 1, 1]),
 (12, [1146, 12, 1, 1, 1, 557, 625, 0, 0, 2, 1, 0, 0, 0, 2]),
 (12, [1766, 96, 0, 1, 1, 981, 686, 0, 1, 1, 2, 1, 2, 1, 2]),
 (12, [842, 66, 0, 0, 0, 1024, 666, 1, 0, 1, 0, 1, 1, 1, 1]),
 (16, [880, 49, 0, 1, 1, 642, 972, 1, 0, 0, 1, 0, 2, 1, 1]),
 (16, [932, 111, 0, 1, 1, 1617, 602, 0, 0, 2, 1, 0, 2, 2, 0]),
 (12, [781, 59, 1, 1, 1, 907, 1259, 1, 0, 2, 4, 0, 2, 2, 0]),
 (12, [781, 59, 1, 1, 1, 907, 1259, 1, 0, 2, 4, 0, 2, 2, 0])]
population
[(999, [1918, 120, 1, 0, 1, 1496, 1758, 1, 1, 0, 5, 1, 2, 0, 2]),
 (999, [1719, 86, 0, 0, 0, 1921, 737, 1, 1, 3, 3, 1, 1, 1, 2]),
 (999, [1661, 39, 1, 1, 0, 1137, 1433, 1, 1, 3, 5, 1, 1, 1, 1]),
 (999, [1560, 53, 1, 1, 1, 1605, 1339, 0, 1, 3, 5, 1, 2, 2, 1]),
 (999, [1430, 89, 1, 1, 1, 1400, 820, 0, 1, 3, 5, 0, 0, 1, 1]),
 (999, [1297, 40, 1, 1, 1, 1627, 1778, 1, 1, 1, 5, 0, 1, 1, 1]),
 (999, [1214, 32, 0, 1, 1, 1250, 2006, 0, 0, 3, 2, 0, 0, 2, 2]),
 (17, [1279, 88, 1, 1, 0, 677, 2026, 0, 0, 2, 4, 1, 1, 2, 0]),
 (16, [1970, 59, 0, 0, 1, 1913, 846, 1, 1, 1, 3, 0, 2, 1, 2]),
 (16, [1951, 27, 0, 0, 1, 2012, 1845, 0, 0, 2, 1, 0, 0, 0, 1]),
 (16, [1896, 120, 0, 0, 0, 1655, 556, 1, 0, 0, 2, 1, 1, 1, 2]),
 (16, [1834, 116, 1, 0, 0, 1395, 1369, 1, 1, 1, 3, 0, 0, 2, 0]),
 (16, [1689, 86, 1, 0, 1, 1829, 575, 0, 0, 2, 4, 1, 1, 0, 1]),
 (16, [1590, 47, 0, 1, 1, 743, 1157, 0, 0, 2, 1, 1, 1, 0, 2]),
 (16, [1514, 50, 0, 0, 0, 1547, 1810, 0, 1, 0, 0, 0, 2, 2, 2]),
 (16, [1500, 35, 0, 1, 0, 1737, 1239, 1, 0, 1, 3, 0, 2, 1, 0]),
 (16, [1404, 40, 1, 1, 0, 1296, 601, 0, 1, 1, 1, 1, 0, 1, 2]),
 (16, [1297, 107, 1, 0, 1, 1947, 724, 0, 0, 2, 0, 1, 0, 2, 2]),
 (16, [1245, 113, 1, 0, 1, 1732, 1990, 1, 1, 1, 2, 1, 1, 1, 2]),
 (16, [1175, 46, 0, 1, 1, 638, 2041, 0, 0, 1, 3, 0, 0, 2, 0]),
 (16, [1087, 89, 0, 0, 0, 973, 1046, 1, 0, 2, 0, 0, 1, 2, 1]),
 (16, [1002, 62, 1, 1, 0, 1138, 556, 1, 0, 0, 3, 1, 0, 1, 2]),
 (16, [932, 111, 0, 1, 1, 1617, 602, 0, 0, 2, 1, 0, 2, 2, 0]),
 (16, [880, 49, 0, 1, 1, 642, 972, 1, 0, 0, 1, 0, 2, 1, 1]),
 (16, [790, 76, 1, 0, 1, 1618, 1922, 0, 1, 1, 2, 0, 2, 0, 2]),
 (13, [1322, 47, 0, 0, 0, 1924, 601, 1, 0, 2, 1, 0, 2, 0, 1]),
 (12, [1950, 94, 0, 0, 0, 872, 872, 0, 1, 0, 4, 1, 1, 1, 2]),
 (12, [1766, 96, 0, 1, 1, 981, 686, 0, 1, 1, 2, 1, 2, 1, 2]),
 (12, [1146, 12, 1, 1, 1, 557, 625, 0, 0, 2, 1, 0, 0, 0, 2]),
 (12, [1060, 103, 0, 0, 1, 1880, 1569, 0, 1, 1, 0, 0, 2, 1, 1]),
 (12, [842, 66, 0, 0, 0, 1024, 666, 1, 0, 1, 0, 1, 1, 1, 1]),
 (12, [781, 59, 1, 1, 1, 907, 1259, 1, 0, 2, 4, 0, 2, 2, 0])]
scored
[(12, [781, 59, 1, 1, 1, 907, 1259, 1, 0, 2, 4, 0, 2, 2, 0]),
 (12, [842, 66, 0, 0, 0, 1024, 666, 1, 0, 1, 0, 1, 1, 1, 1]),
 (12, [1060, 103, 0, 0, 1, 1880, 1569, 0, 1, 1, 0, 0, 2, 1, 1]),
 (12, [1146, 12, 1, 1, 1, 557, 625, 0, 0, 2, 1, 0, 0, 0, 2]),
 (12, [1766, 96, 0, 1, 1, 981, 686, 0, 1, 1, 2, 1, 2, 1, 2]),
 (12, [1950, 94, 0, 0, 0, 872, 872, 0, 1, 0, 4, 1, 1, 1, 2]),
 (13, [1322, 47, 0, 0, 0, 1924, 601, 1, 0, 2, 1, 0, 2, 0, 1]),
 (16, [790, 76, 1, 0, 1, 1618, 1922, 0, 1, 1, 2, 0, 2, 0, 2]),
 (16, [880, 49, 0, 1, 1, 642, 972, 1, 0, 0, 1, 0, 2, 1, 1]),
 (16, [932, 111, 0, 1, 1, 1617, 602, 0, 0, 2, 1, 0, 2, 2, 0]),
 (16, [1002, 62, 1, 1, 0, 1138, 556, 1, 0, 0, 3, 1, 0, 1, 2]),
 (16, [1087, 89, 0, 0, 0, 973, 1046, 1, 0, 2, 0, 0, 1, 2, 1]),
 (16, [1175, 46, 0, 1, 1, 638, 2041, 0, 0, 1, 3, 0, 0, 2, 0]),
 (16, [1245, 113, 1, 0, 1, 1732, 1990, 1, 1, 1, 2, 1, 1, 1, 2]),
 (16, [1297, 107, 1, 0, 1, 1947, 724, 0, 0, 2, 0, 1, 0, 2, 2]),
 (16, [1404, 40, 1, 1, 0, 1296, 601, 0, 1, 1, 1, 1, 0, 1, 2]),
 (16, [1500, 35, 0, 1, 0, 1737, 1239, 1, 0, 1, 3, 0, 2, 1, 0]),
 (16, [1514, 50, 0, 0, 0, 1547, 1810, 0, 1, 0, 0, 0, 2, 2, 2]),
 (16, [1590, 47, 0, 1, 1, 743, 1157, 0, 0, 2, 1, 1, 1, 0, 2]),
 (16, [1689, 86, 1, 0, 1, 1829, 575, 0, 0, 2, 4, 1, 1, 0, 1]),
 (16, [1834, 116, 1, 0, 0, 1395, 1369, 1, 1, 1, 3, 0, 0, 2, 0]),
 (16, [1896, 120, 0, 0, 0, 1655, 556, 1, 0, 0, 2, 1, 1, 1, 2]),
 (16, [1951, 27, 0, 0, 1, 2012, 1845, 0, 0, 2, 1, 0, 0, 0, 1]),
 (16, [1970, 59, 0, 0, 1, 1913, 846, 1, 1, 1, 3, 0, 2, 1, 2]),
 (17, [1279, 88, 1, 1, 0, 677, 2026, 0, 0, 2, 4, 1, 1, 2, 0]),
 (999, [1214, 32, 0, 1, 1, 1250, 2006, 0, 0, 3, 2, 0, 0, 2, 2]),
 (999, [1297, 40, 1, 1, 1, 1627, 1778, 1, 1, 1, 5, 0, 1, 1, 1]),
 (999, [1430, 89, 1, 1, 1, 1400, 820, 0, 1, 3, 5, 0, 0, 1, 1]),
 (999, [1560, 53, 1, 1, 1, 1605, 1339, 0, 1, 3, 5, 1, 2, 2, 1]),
 (999, [1661, 39, 1, 1, 0, 1137, 1433, 1, 1, 3, 5, 1, 1, 1, 1]),
 (999, [1719, 86, 0, 0, 0, 1921, 737, 1, 1, 3, 3, 1, 1, 1, 2]),
 (999, [1918, 120, 1, 0, 1, 1496, 1758, 1, 1, 0, 5, 1, 2, 0, 2])]
Selected
[(12, [781, 59, 1, 1, 1, 907, 1259, 1, 0, 2, 4, 0, 2, 2, 0]),
 (12, [1060, 103, 0, 0, 1, 1880, 1569, 0, 1, 1, 0, 0, 2, 1, 1]),
 (16, [1404, 40, 1, 1, 0, 1296, 601, 0, 1, 1, 1, 1, 0, 1, 2]),
 (12, [781, 59, 1, 1, 1, 907, 1259, 1, 0, 2, 4, 0, 2, 2, 0]),
 (12, [1146, 12, 1, 1, 1, 557, 625, 0, 0, 2, 1, 0, 0, 0, 2]),
 (12, [842, 66, 0, 0, 0, 1024, 666, 1, 0, 1, 0, 1, 1, 1, 1]),
 (13, [1322, 47, 0, 0, 0, 1924, 601, 1, 0, 2, 1, 0, 2, 0, 1]),
 (16, [880, 49, 0, 1, 1, 642, 972, 1, 0, 0, 1, 0, 2, 1, 1]),
 (12, [1950, 94, 0, 0, 0, 872, 872, 0, 1, 0, 4, 1, 1, 1, 2]),
 (12, [781, 59, 1, 1, 1, 907, 1259, 1, 0, 2, 4, 0, 2, 2, 0]),
 (16, [1297, 107, 1, 0, 1, 1947, 724, 0, 0, 2, 0, 1, 0, 2, 2]),
 (13, [1322, 47, 0, 0, 0, 1924, 601, 1, 0, 2, 1, 0, 2, 0, 1]),
 (16, [932, 111, 0, 1, 1, 1617, 602, 0, 0, 2, 1, 0, 2, 2, 0]),
 (13, [1322, 47, 0, 0, 0, 1924, 601, 1, 0, 2, 1, 0, 2, 0, 1]),
 (12, [1146, 12, 1, 1, 1, 557, 625, 0, 0, 2, 1, 0, 0, 0, 2]),
 (12, [842, 66, 0, 0, 0, 1024, 666, 1, 0, 1, 0, 1, 1, 1, 1]),
 (12, [781, 59, 1, 1, 1, 907, 1259, 1, 0, 2, 4, 0, 2, 2, 0]),
 (12, [1060, 103, 0, 0, 1, 1880, 1569, 0, 1, 1, 0, 0, 2, 1, 1]),
 (16, [790, 76, 1, 0, 1, 1618, 1922, 0, 1, 1, 2, 0, 2, 0, 2]),
 (12, [781, 59, 1, 1, 1, 907, 1259, 1, 0, 2, 4, 0, 2, 2, 0]),
 (16, [1245, 113, 1, 0, 1, 1732, 1990, 1, 1, 1, 2, 1, 1, 1, 2]),
 (12, [781, 59, 1, 1, 1, 907, 1259, 1, 0, 2, 4, 0, 2, 2, 0]),
 (12, [1060, 103, 0, 0, 1, 1880, 1569, 0, 1, 1, 0, 0, 2, 1, 1]),
 (12, [1060, 103, 0, 0, 1, 1880, 1569, 0, 1, 1, 0, 0, 2, 1, 1]),
 (16, [1002, 62, 1, 1, 0, 1138, 556, 1, 0, 0, 3, 1, 0, 1, 2]),
 (12, [1146, 12, 1, 1, 1, 557, 625, 0, 0, 2, 1, 0, 0, 0, 2]),
 (13, [1322, 47, 0, 0, 0, 1924, 601, 1, 0, 2, 1, 0, 2, 0, 1])]
population
[(999, [1918, 120, 1, 0, 1, 1496, 1758, 1, 1, 0, 5, 1, 2, 0, 2]),
 (999, [1719, 86, 0, 0, 0, 1921, 737, 1, 1, 3, 3, 1, 1, 1, 2]),
 (999, [1661, 39, 1, 1, 0, 1137, 1433, 1, 1, 3, 5, 1, 1, 1, 1]),
 (999, [1560, 53, 1, 1, 1, 1605, 1339, 0, 1, 3, 5, 1, 2, 2, 1]),
 (999, [1430, 89, 1, 1, 1, 1400, 820, 0, 1, 3, 5, 0, 0, 1, 1]),
 (999, [1297, 40, 1, 1, 1, 1627, 1778, 1, 1, 1, 5, 0, 1, 1, 1]),
 (999, [1214, 32, 0, 1, 1, 1250, 2006, 0, 0, 3, 2, 0, 0, 2, 2]),
 (17, [1279, 88, 1, 1, 0, 677, 2026, 0, 0, 2, 4, 1, 1, 2, 0]),
 (16, [1970, 59, 0, 0, 1, 1913, 846, 1, 1, 1, 3, 0, 2, 1, 2]),
 (16, [1951, 27, 0, 0, 1, 2012, 1845, 0, 0, 2, 1, 0, 0, 0, 1]),
 (16, [1896, 120, 0, 0, 0, 1655, 556, 1, 0, 0, 2, 1, 1, 1, 2]),
 (16, [1834, 116, 1, 0, 0, 1395, 1369, 1, 1, 1, 3, 0, 0, 2, 0]),
 (16, [1689, 86, 1, 0, 1, 1829, 575, 0, 0, 2, 4, 1, 1, 0, 1]),
 (16, [1590, 47, 0, 1, 1, 743, 1157, 0, 0, 2, 1, 1, 1, 0, 2]),
 (16, [1514, 50, 0, 0, 0, 1547, 1810, 0, 1, 0, 0, 0, 2, 2, 2]),
 (16, [1500, 35, 0, 1, 0, 1737, 1239, 1, 0, 1, 3, 0, 2, 1, 0]),
 (16, [1404, 40, 1, 1, 0, 1296, 601, 0, 1, 1, 1, 1, 0, 1, 2]),
 (16, [1297, 107, 1, 0, 1, 1947, 724, 0, 0, 2, 0, 1, 0, 2, 2]),
 (16, [1245, 113, 1, 0, 1, 1732, 1990, 1, 1, 1, 2, 1, 1, 1, 2]),
 (16, [1175, 46, 0, 1, 1, 638, 2041, 0, 0, 1, 3, 0, 0, 2, 0]),
 (16, [1087, 89, 0, 0, 0, 973, 1046, 1, 0, 2, 0, 0, 1, 2, 1]),
 (16, [1002, 62, 1, 1, 0, 1138, 556, 1, 0, 0, 3, 1, 0, 1, 2]),
 (16, [932, 111, 0, 1, 1, 1617, 602, 0, 0, 2, 1, 0, 2, 2, 0]),
 (16, [880, 49, 0, 1, 1, 642, 972, 1, 0, 0, 1, 0, 2, 1, 1]),
 (16, [790, 76, 1, 0, 1, 1618, 1922, 0, 1, 1, 2, 0, 2, 0, 2]),
 (13, [1322, 47, 0, 0, 0, 1924, 601, 1, 0, 2, 1, 0, 2, 0, 1]),
 (12, [1950, 94, 0, 0, 0, 872, 872, 0, 1, 0, 4, 1, 1, 1, 2]),
 (12, [1766, 96, 0, 1, 1, 981, 686, 0, 1, 1, 2, 1, 2, 1, 2]),
 (12, [1146, 12, 1, 1, 1, 557, 625, 0, 0, 2, 1, 0, 0, 0, 2]),
 (12, [1060, 103, 0, 0, 1, 1880, 1569, 0, 1, 1, 0, 0, 2, 1, 1]),
 (12, [842, 66, 0, 0, 0, 1024, 666, 1, 0, 1, 0, 1, 1, 1, 1]),
 (12, [781, 59, 1, 1, 1, 907, 1259, 1, 0, 2, 4, 0, 2, 2, 0])]
scored
[(12, [781, 59, 1, 1, 1, 907, 1259, 1, 0, 2, 4, 0, 2, 2, 0]),
 (12, [842, 66, 0, 0, 0, 1024, 666, 1, 0, 1, 0, 1, 1, 1, 1]),
 (12, [1060, 103, 0, 0, 1, 1880, 1569, 0, 1, 1, 0, 0, 2, 1, 1]),
 (12, [1146, 12, 1, 1, 1, 557, 625, 0, 0, 2, 1, 0, 0, 0, 2]),
 (12, [1766, 96, 0, 1, 1, 981, 686, 0, 1, 1, 2, 1, 2, 1, 2]),
 (12, [1950, 94, 0, 0, 0, 872, 872, 0, 1, 0, 4, 1, 1, 1, 2]),
 (13, [1322, 47, 0, 0, 0, 1924, 601, 1, 0, 2, 1, 0, 2, 0, 1]),
 (16, [790, 76, 1, 0, 1, 1618, 1922, 0, 1, 1, 2, 0, 2, 0, 2]),
 (16, [880, 49, 0, 1, 1, 642, 972, 1, 0, 0, 1, 0, 2, 1, 1]),
 (16, [932, 111, 0, 1, 1, 1617, 602, 0, 0, 2, 1, 0, 2, 2, 0]),
 (16, [1002, 62, 1, 1, 0, 1138, 556, 1, 0, 0, 3, 1, 0, 1, 2]),
 (16, [1087, 89, 0, 0, 0, 973, 1046, 1, 0, 2, 0, 0, 1, 2, 1]),
 (16, [1175, 46, 0, 1, 1, 638, 2041, 0, 0, 1, 3, 0, 0, 2, 0]),
 (16, [1245, 113, 1, 0, 1, 1732, 1990, 1, 1, 1, 2, 1, 1, 1, 2]),
 (16, [1297, 107, 1, 0, 1, 1947, 724, 0, 0, 2, 0, 1, 0, 2, 2]),
 (16, [1404, 40, 1, 1, 0, 1296, 601, 0, 1, 1, 1, 1, 0, 1, 2]),
 (16, [1500, 35, 0, 1, 0, 1737, 1239, 1, 0, 1, 3, 0, 2, 1, 0]),
 (16, [1514, 50, 0, 0, 0, 1547, 1810, 0, 1, 0, 0, 0, 2, 2, 2]),
 (16, [1590, 47, 0, 1, 1, 743, 1157, 0, 0, 2, 1, 1, 1, 0, 2]),
 (16, [1689, 86, 1, 0, 1, 1829, 575, 0, 0, 2, 4, 1, 1, 0, 1]),
 (16, [1834, 116, 1, 0, 0, 1395, 1369, 1, 1, 1, 3, 0, 0, 2, 0]),
 (16, [1896, 120, 0, 0, 0, 1655, 556, 1, 0, 0, 2, 1, 1, 1, 2]),
 (16, [1951, 27, 0, 0, 1, 2012, 1845, 0, 0, 2, 1, 0, 0, 0, 1]),
 (16, [1970, 59, 0, 0, 1, 1913, 846, 1, 1, 1, 3, 0, 2, 1, 2]),
 (17, [1279, 88, 1, 1, 0, 677, 2026, 0, 0, 2, 4, 1, 1, 2, 0]),
 (999, [1214, 32, 0, 1, 1, 1250, 2006, 0, 0, 3, 2, 0, 0, 2, 2]),
 (999, [1297, 40, 1, 1, 1, 1627, 1778, 1, 1, 1, 5, 0, 1, 1, 1]),
 (999, [1430, 89, 1, 1, 1, 1400, 820, 0, 1, 3, 5, 0, 0, 1, 1]),
 (999, [1560, 53, 1, 1, 1, 1605, 1339, 0, 1, 3, 5, 1, 2, 2, 1]),
 (999, [1661, 39, 1, 1, 0, 1137, 1433, 1, 1, 3, 5, 1, 1, 1, 1]),
 (999, [1719, 86, 0, 0, 0, 1921, 737, 1, 1, 3, 3, 1, 1, 1, 2]),
 (999, [1918, 120, 1, 0, 1, 1496, 1758, 1, 1, 0, 5, 1, 2, 0, 2])]
Selected
[(16, [932, 111, 0, 1, 1, 1617, 602, 0, 0, 2, 1, 0, 2, 2, 0]),
 (12, [1060, 103, 0, 0, 1, 1880, 1569, 0, 1, 1, 0, 0, 2, 1, 1]),
 (16, [790, 76, 1, 0, 1, 1618, 1922, 0, 1, 1, 2, 0, 2, 0, 2]),
 (12, [1766, 96, 0, 1, 1, 981, 686, 0, 1, 1, 2, 1, 2, 1, 2]),
 (16, [1002, 62, 1, 1, 0, 1138, 556, 1, 0, 0, 3, 1, 0, 1, 2]),
 (16, [1002, 62, 1, 1, 0, 1138, 556, 1, 0, 0, 3, 1, 0, 1, 2]),
 (16, [1087, 89, 0, 0, 0, 973, 1046, 1, 0, 2, 0, 0, 1, 2, 1]),
 (13, [1322, 47, 0, 0, 0, 1924, 601, 1, 0, 2, 1, 0, 2, 0, 1]),
 (13, [1322, 47, 0, 0, 0, 1924, 601, 1, 0, 2, 1, 0, 2, 0, 1]),
 (12, [1766, 96, 0, 1, 1, 981, 686, 0, 1, 1, 2, 1, 2, 1, 2]),
 (16, [790, 76, 1, 0, 1, 1618, 1922, 0, 1, 1, 2, 0, 2, 0, 2]),
 (12, [1950, 94, 0, 0, 0, 872, 872, 0, 1, 0, 4, 1, 1, 1, 2]),
 (12, [1950, 94, 0, 0, 0, 872, 872, 0, 1, 0, 4, 1, 1, 1, 2]),
 (12, [1950, 94, 0, 0, 0, 872, 872, 0, 1, 0, 4, 1, 1, 1, 2]),
 (12, [1146, 12, 1, 1, 1, 557, 625, 0, 0, 2, 1, 0, 0, 0, 2]),
 (16, [932, 111, 0, 1, 1, 1617, 602, 0, 0, 2, 1, 0, 2, 2, 0]),
 (16, [1404, 40, 1, 1, 0, 1296, 601, 0, 1, 1, 1, 1, 0, 1, 2]),
 (12, [842, 66, 0, 0, 0, 1024, 666, 1, 0, 1, 0, 1, 1, 1, 1]),
 (12, [842, 66, 0, 0, 0, 1024, 666, 1, 0, 1, 0, 1, 1, 1, 1]),
 (12, [1060, 103, 0, 0, 1, 1880, 1569, 0, 1, 1, 0, 0, 2, 1, 1]),
 (16, [1002, 62, 1, 1, 0, 1138, 556, 1, 0, 0, 3, 1, 0, 1, 2]),
 (16, [932, 111, 0, 1, 1, 1617, 602, 0, 0, 2, 1, 0, 2, 2, 0]),
 (12, [1950, 94, 0, 0, 0, 872, 872, 0, 1, 0, 4, 1, 1, 1, 2]),
 (12, [842, 66, 0, 0, 0, 1024, 666, 1, 0, 1, 0, 1, 1, 1, 1]),
 (12, [842, 66, 0, 0, 0, 1024, 666, 1, 0, 1, 0, 1, 1, 1, 1]),
 (16, [932, 111, 0, 1, 1, 1617, 602, 0, 0, 2, 1, 0, 2, 2, 0]),
 (12, [1950, 94, 0, 0, 0, 872, 872, 0, 1, 0, 4, 1, 1, 1, 2])]
population
[(999, [1918, 120, 1, 0, 1, 1496, 1758, 1, 1, 0, 5, 1, 2, 0, 2]),
 (999, [1719, 86, 0, 0, 0, 1921, 737, 1, 1, 3, 3, 1, 1, 1, 2]),
 (999, [1661, 39, 1, 1, 0, 1137, 1433, 1, 1, 3, 5, 1, 1, 1, 1]),
 (999, [1560, 53, 1, 1, 1, 1605, 1339, 0, 1, 3, 5, 1, 2, 2, 1]),
 (999, [1430, 89, 1, 1, 1, 1400, 820, 0, 1, 3, 5, 0, 0, 1, 1]),
 (999, [1297, 40, 1, 1, 1, 1627, 1778, 1, 1, 1, 5, 0, 1, 1, 1]),
 (999, [1214, 32, 0, 1, 1, 1250, 2006, 0, 0, 3, 2, 0, 0, 2, 2]),
 (17, [1279, 88, 1, 1, 0, 677, 2026, 0, 0, 2, 4, 1, 1, 2, 0]),
 (16, [1970, 59, 0, 0, 1, 1913, 846, 1, 1, 1, 3, 0, 2, 1, 2]),
 (16, [1951, 27, 0, 0, 1, 2012, 1845, 0, 0, 2, 1, 0, 0, 0, 1]),
 (16, [1896, 120, 0, 0, 0, 1655, 556, 1, 0, 0, 2, 1, 1, 1, 2]),
 (16, [1834, 116, 1, 0, 0, 1395, 1369, 1, 1, 1, 3, 0, 0, 2, 0]),
 (16, [1689, 86, 1, 0, 1, 1829, 575, 0, 0, 2, 4, 1, 1, 0, 1]),
 (16, [1590, 47, 0, 1, 1, 743, 1157, 0, 0, 2, 1, 1, 1, 0, 2]),
 (16, [1514, 50, 0, 0, 0, 1547, 1810, 0, 1, 0, 0, 0, 2, 2, 2]),
 (16, [1500, 35, 0, 1, 0, 1737, 1239, 1, 0, 1, 3, 0, 2, 1, 0]),
 (16, [1404, 40, 1, 1, 0, 1296, 601, 0, 1, 1, 1, 1, 0, 1, 2]),
 (16, [1297, 107, 1, 0, 1, 1947, 724, 0, 0, 2, 0, 1, 0, 2, 2]),
 (16, [1245, 113, 1, 0, 1, 1732, 1990, 1, 1, 1, 2, 1, 1, 1, 2]),
 (16, [1175, 46, 0, 1, 1, 638, 2041, 0, 0, 1, 3, 0, 0, 2, 0]),
 (16, [1087, 89, 0, 0, 0, 973, 1046, 1, 0, 2, 0, 0, 1, 2, 1]),
 (16, [1002, 62, 1, 1, 0, 1138, 556, 1, 0, 0, 3, 1, 0, 1, 2]),
 (16, [932, 111, 0, 1, 1, 1617, 602, 0, 0, 2, 1, 0, 2, 2, 0]),
 (16, [880, 49, 0, 1, 1, 642, 972, 1, 0, 0, 1, 0, 2, 1, 1]),
 (16, [790, 76, 1, 0, 1, 1618, 1922, 0, 1, 1, 2, 0, 2, 0, 2]),
 (13, [1322, 47, 0, 0, 0, 1924, 601, 1, 0, 2, 1, 0, 2, 0, 1]),
 (12, [1950, 94, 0, 0, 0, 872, 872, 0, 1, 0, 4, 1, 1, 1, 2]),
 (12, [1766, 96, 0, 1, 1, 981, 686, 0, 1, 1, 2, 1, 2, 1, 2]),
 (12, [1146, 12, 1, 1, 1, 557, 625, 0, 0, 2, 1, 0, 0, 0, 2]),
 (12, [1060, 103, 0, 0, 1, 1880, 1569, 0, 1, 1, 0, 0, 2, 1, 1]),
 (12, [842, 66, 0, 0, 0, 1024, 666, 1, 0, 1, 0, 1, 1, 1, 1]),
 (12, [781, 59, 1, 1, 1, 907, 1259, 1, 0, 2, 4, 0, 2, 2, 0])]
scored
[(12, [781, 59, 1, 1, 1, 907, 1259, 1, 0, 2, 4, 0, 2, 2, 0]),
 (12, [842, 66, 0, 0, 0, 1024, 666, 1, 0, 1, 0, 1, 1, 1, 1]),
 (12, [1060, 103, 0, 0, 1, 1880, 1569, 0, 1, 1, 0, 0, 2, 1, 1]),
 (12, [1146, 12, 1, 1, 1, 557, 625, 0, 0, 2, 1, 0, 0, 0, 2]),
 (12, [1766, 96, 0, 1, 1, 981, 686, 0, 1, 1, 2, 1, 2, 1, 2]),
 (12, [1950, 94, 0, 0, 0, 872, 872, 0, 1, 0, 4, 1, 1, 1, 2]),
 (13, [1322, 47, 0, 0, 0, 1924, 601, 1, 0, 2, 1, 0, 2, 0, 1]),
 (16, [790, 76, 1, 0, 1, 1618, 1922, 0, 1, 1, 2, 0, 2, 0, 2]),
 (16, [880, 49, 0, 1, 1, 642, 972, 1, 0, 0, 1, 0, 2, 1, 1]),
 (16, [932, 111, 0, 1, 1, 1617, 602, 0, 0, 2, 1, 0, 2, 2, 0]),
 (16, [1002, 62, 1, 1, 0, 1138, 556, 1, 0, 0, 3, 1, 0, 1, 2]),
 (16, [1087, 89, 0, 0, 0, 973, 1046, 1, 0, 2, 0, 0, 1, 2, 1]),
 (16, [1175, 46, 0, 1, 1, 638, 2041, 0, 0, 1, 3, 0, 0, 2, 0]),
 (16, [1245, 113, 1, 0, 1, 1732, 1990, 1, 1, 1, 2, 1, 1, 1, 2]),
 (16, [1297, 107, 1, 0, 1, 1947, 724, 0, 0, 2, 0, 1, 0, 2, 2]),
 (16, [1404, 40, 1, 1, 0, 1296, 601, 0, 1, 1, 1, 1, 0, 1, 2]),
 (16, [1500, 35, 0, 1, 0, 1737, 1239, 1, 0, 1, 3, 0, 2, 1, 0]),
 (16, [1514, 50, 0, 0, 0, 1547, 1810, 0, 1, 0, 0, 0, 2, 2, 2]),
 (16, [1590, 47, 0, 1, 1, 743, 1157, 0, 0, 2, 1, 1, 1, 0, 2]),
 (16, [1689, 86, 1, 0, 1, 1829, 575, 0, 0, 2, 4, 1, 1, 0, 1]),
 (16, [1834, 116, 1, 0, 0, 1395, 1369, 1, 1, 1, 3, 0, 0, 2, 0]),
 (16, [1896, 120, 0, 0, 0, 1655, 556, 1, 0, 0, 2, 1, 1, 1, 2]),
 (16, [1951, 27, 0, 0, 1, 2012, 1845, 0, 0, 2, 1, 0, 0, 0, 1]),
 (16, [1970, 59, 0, 0, 1, 1913, 846, 1, 1, 1, 3, 0, 2, 1, 2]),
 (17, [1279, 88, 1, 1, 0, 677, 2026, 0, 0, 2, 4, 1, 1, 2, 0]),
 (999, [1214, 32, 0, 1, 1, 1250, 2006, 0, 0, 3, 2, 0, 0, 2, 2]),
 (999, [1297, 40, 1, 1, 1, 1627, 1778, 1, 1, 1, 5, 0, 1, 1, 1]),
 (999, [1430, 89, 1, 1, 1, 1400, 820, 0, 1, 3, 5, 0, 0, 1, 1]),
 (999, [1560, 53, 1, 1, 1, 1605, 1339, 0, 1, 3, 5, 1, 2, 2, 1]),
 (999, [1661, 39, 1, 1, 0, 1137, 1433, 1, 1, 3, 5, 1, 1, 1, 1]),
 (999, [1719, 86, 0, 0, 0, 1921, 737, 1, 1, 3, 3, 1, 1, 1, 2]),
 (999, [1918, 120, 1, 0, 1, 1496, 1758, 1, 1, 0, 5, 1, 2, 0, 2])]
Selected
[(12, [1950, 94, 0, 0, 0, 872, 872, 0, 1, 0, 4, 1, 1, 1, 2]),
 (12, [842, 66, 0, 0, 0, 1024, 666, 1, 0, 1, 0, 1, 1, 1, 1]),
 (12, [781, 59, 1, 1, 1, 907, 1259, 1, 0, 2, 4, 0, 2, 2, 0]),
 (16, [1297, 107, 1, 0, 1, 1947, 724, 0, 0, 2, 0, 1, 0, 2, 2]),
 (12, [781, 59, 1, 1, 1, 907, 1259, 1, 0, 2, 4, 0, 2, 2, 0]),
 (12, [781, 59, 1, 1, 1, 907, 1259, 1, 0, 2, 4, 0, 2, 2, 0]),
 (12, [781, 59, 1, 1, 1, 907, 1259, 1, 0, 2, 4, 0, 2, 2, 0]),
 (12, [1060, 103, 0, 0, 1, 1880, 1569, 0, 1, 1, 0, 0, 2, 1, 1]),
 (12, [1060, 103, 0, 0, 1, 1880, 1569, 0, 1, 1, 0, 0, 2, 1, 1]),
 (12, [1766, 96, 0, 1, 1, 981, 686, 0, 1, 1, 2, 1, 2, 1, 2]),
 (12, [1950, 94, 0, 0, 0, 872, 872, 0, 1, 0, 4, 1, 1, 1, 2]),
 (12, [1766, 96, 0, 1, 1, 981, 686, 0, 1, 1, 2, 1, 2, 1, 2]),
 (12, [1766, 96, 0, 1, 1, 981, 686, 0, 1, 1, 2, 1, 2, 1, 2]),
 (12, [842, 66, 0, 0, 0, 1024, 666, 1, 0, 1, 0, 1, 1, 1, 1]),
 (12, [781, 59, 1, 1, 1, 907, 1259, 1, 0, 2, 4, 0, 2, 2, 0]),
 (12, [842, 66, 0, 0, 0, 1024, 666, 1, 0, 1, 0, 1, 1, 1, 1]),
 (12, [842, 66, 0, 0, 0, 1024, 666, 1, 0, 1, 0, 1, 1, 1, 1]),
 (12, [781, 59, 1, 1, 1, 907, 1259, 1, 0, 2, 4, 0, 2, 2, 0]),
 (12, [1146, 12, 1, 1, 1, 557, 625, 0, 0, 2, 1, 0, 0, 0, 2]),
 (12, [1060, 103, 0, 0, 1, 1880, 1569, 0, 1, 1, 0, 0, 2, 1, 1]),
 (12, [842, 66, 0, 0, 0, 1024, 666, 1, 0, 1, 0, 1, 1, 1, 1]),
 (12, [781, 59, 1, 1, 1, 907, 1259, 1, 0, 2, 4, 0, 2, 2, 0]),
 (12, [1950, 94, 0, 0, 0, 872, 872, 0, 1, 0, 4, 1, 1, 1, 2]),
 (13, [1322, 47, 0, 0, 0, 1924, 601, 1, 0, 2, 1, 0, 2, 0, 1]),
 (12, [1146, 12, 1, 1, 1, 557, 625, 0, 0, 2, 1, 0, 0, 0, 2]),
 (16, [1245, 113, 1, 0, 1, 1732, 1990, 1, 1, 1, 2, 1, 1, 1, 2]),
 (12, [842, 66, 0, 0, 0, 1024, 666, 1, 0, 1, 0, 1, 1, 1, 1])]
population
[(999, [1918, 120, 1, 0, 1, 1496, 1758, 1, 1, 0, 5, 1, 2, 0, 2]),
 (999, [1719, 86, 0, 0, 0, 1921, 737, 1, 1, 3, 3, 1, 1, 1, 2]),
 (999, [1661, 39, 1, 1, 0, 1137, 1433, 1, 1, 3, 5, 1, 1, 1, 1]),
 (999, [1560, 53, 1, 1, 1, 1605, 1339, 0, 1, 3, 5, 1, 2, 2, 1]),
 (999, [1430, 89, 1, 1, 1, 1400, 820, 0, 1, 3, 5, 0, 0, 1, 1]),
 (999, [1297, 40, 1, 1, 1, 1627, 1778, 1, 1, 1, 5, 0, 1, 1, 1]),
 (999, [1214, 32, 0, 1, 1, 1250, 2006, 0, 0, 3, 2, 0, 0, 2, 2]),
 (17, [1279, 88, 1, 1, 0, 677, 2026, 0, 0, 2, 4, 1, 1, 2, 0]),
 (16, [1970, 59, 0, 0, 1, 1913, 846, 1, 1, 1, 3, 0, 2, 1, 2]),
 (16, [1951, 27, 0, 0, 1, 2012, 1845, 0, 0, 2, 1, 0, 0, 0, 1]),
 (16, [1896, 120, 0, 0, 0, 1655, 556, 1, 0, 0, 2, 1, 1, 1, 2]),
 (16, [1834, 116, 1, 0, 0, 1395, 1369, 1, 1, 1, 3, 0, 0, 2, 0]),
 (16, [1689, 86, 1, 0, 1, 1829, 575, 0, 0, 2, 4, 1, 1, 0, 1]),
 (16, [1590, 47, 0, 1, 1, 743, 1157, 0, 0, 2, 1, 1, 1, 0, 2]),
 (16, [1514, 50, 0, 0, 0, 1547, 1810, 0, 1, 0, 0, 0, 2, 2, 2]),
 (16, [1500, 35, 0, 1, 0, 1737, 1239, 1, 0, 1, 3, 0, 2, 1, 0]),
 (16, [1404, 40, 1, 1, 0, 1296, 601, 0, 1, 1, 1, 1, 0, 1, 2]),
 (16, [1297, 107, 1, 0, 1, 1947, 724, 0, 0, 2, 0, 1, 0, 2, 2]),
 (16, [1245, 113, 1, 0, 1, 1732, 1990, 1, 1, 1, 2, 1, 1, 1, 2]),
 (16, [1175, 46, 0, 1, 1, 638, 2041, 0, 0, 1, 3, 0, 0, 2, 0]),
 (16, [1087, 89, 0, 0, 0, 973, 1046, 1, 0, 2, 0, 0, 1, 2, 1]),
 (16, [1002, 62, 1, 1, 0, 1138, 556, 1, 0, 0, 3, 1, 0, 1, 2]),
 (16, [932, 111, 0, 1, 1, 1617, 602, 0, 0, 2, 1, 0, 2, 2, 0]),
 (16, [880, 49, 0, 1, 1, 642, 972, 1, 0, 0, 1, 0, 2, 1, 1]),
 (16, [790, 76, 1, 0, 1, 1618, 1922, 0, 1, 1, 2, 0, 2, 0, 2]),
 (13, [1322, 47, 0, 0, 0, 1924, 601, 1, 0, 2, 1, 0, 2, 0, 1]),
 (12, [1950, 94, 0, 0, 0, 872, 872, 0, 1, 0, 4, 1, 1, 1, 2]),
 (12, [1766, 96, 0, 1, 1, 981, 686, 0, 1, 1, 2, 1, 2, 1, 2]),
 (12, [1146, 12, 1, 1, 1, 557, 625, 0, 0, 2, 1, 0, 0, 0, 2]),
 (12, [1060, 103, 0, 0, 1, 1880, 1569, 0, 1, 1, 0, 0, 2, 1, 1]),
 (12, [842, 66, 0, 0, 0, 1024, 666, 1, 0, 1, 0, 1, 1, 1, 1]),
 (12, [781, 59, 1, 1, 1, 907, 1259, 1, 0, 2, 4, 0, 2, 2, 0])]
scored
[(12, [781, 59, 1, 1, 1, 907, 1259, 1, 0, 2, 4, 0, 2, 2, 0]),
 (12, [842, 66, 0, 0, 0, 1024, 666, 1, 0, 1, 0, 1, 1, 1, 1]),
 (12, [1060, 103, 0, 0, 1, 1880, 1569, 0, 1, 1, 0, 0, 2, 1, 1]),
 (12, [1146, 12, 1, 1, 1, 557, 625, 0, 0, 2, 1, 0, 0, 0, 2]),
 (12, [1766, 96, 0, 1, 1, 981, 686, 0, 1, 1, 2, 1, 2, 1, 2]),
 (12, [1950, 94, 0, 0, 0, 872, 872, 0, 1, 0, 4, 1, 1, 1, 2]),
 (13, [1322, 47, 0, 0, 0, 1924, 601, 1, 0, 2, 1, 0, 2, 0, 1]),
 (16, [790, 76, 1, 0, 1, 1618, 1922, 0, 1, 1, 2, 0, 2, 0, 2]),
 (16, [880, 49, 0, 1, 1, 642, 972, 1, 0, 0, 1, 0, 2, 1, 1]),
 (16, [932, 111, 0, 1, 1, 1617, 602, 0, 0, 2, 1, 0, 2, 2, 0]),
 (16, [1002, 62, 1, 1, 0, 1138, 556, 1, 0, 0, 3, 1, 0, 1, 2]),
 (16, [1087, 89, 0, 0, 0, 973, 1046, 1, 0, 2, 0, 0, 1, 2, 1]),
 (16, [1175, 46, 0, 1, 1, 638, 2041, 0, 0, 1, 3, 0, 0, 2, 0]),
 (16, [1245, 113, 1, 0, 1, 1732, 1990, 1, 1, 1, 2, 1, 1, 1, 2]),
 (16, [1297, 107, 1, 0, 1, 1947, 724, 0, 0, 2, 0, 1, 0, 2, 2]),
 (16, [1404, 40, 1, 1, 0, 1296, 601, 0, 1, 1, 1, 1, 0, 1, 2]),
 (16, [1500, 35, 0, 1, 0, 1737, 1239, 1, 0, 1, 3, 0, 2, 1, 0]),
 (16, [1514, 50, 0, 0, 0, 1547, 1810, 0, 1, 0, 0, 0, 2, 2, 2]),
 (16, [1590, 47, 0, 1, 1, 743, 1157, 0, 0, 2, 1, 1, 1, 0, 2]),
 (16, [1689, 86, 1, 0, 1, 1829, 575, 0, 0, 2, 4, 1, 1, 0, 1]),
 (16, [1834, 116, 1, 0, 0, 1395, 1369, 1, 1, 1, 3, 0, 0, 2, 0]),
 (16, [1896, 120, 0, 0, 0, 1655, 556, 1, 0, 0, 2, 1, 1, 1, 2]),
 (16, [1951, 27, 0, 0, 1, 2012, 1845, 0, 0, 2, 1, 0, 0, 0, 1]),
 (16, [1970, 59, 0, 0, 1, 1913, 846, 1, 1, 1, 3, 0, 2, 1, 2]),
 (17, [1279, 88, 1, 1, 0, 677, 2026, 0, 0, 2, 4, 1, 1, 2, 0]),
 (999, [1214, 32, 0, 1, 1, 1250, 2006, 0, 0, 3, 2, 0, 0, 2, 2]),
 (999, [1297, 40, 1, 1, 1, 1627, 1778, 1, 1, 1, 5, 0, 1, 1, 1]),
 (999, [1430, 89, 1, 1, 1, 1400, 820, 0, 1, 3, 5, 0, 0, 1, 1]),
 (999, [1560, 53, 1, 1, 1, 1605, 1339, 0, 1, 3, 5, 1, 2, 2, 1]),
 (999, [1661, 39, 1, 1, 0, 1137, 1433, 1, 1, 3, 5, 1, 1, 1, 1]),
 (999, [1719, 86, 0, 0, 0, 1921, 737, 1, 1, 3, 3, 1, 1, 1, 2]),
 (999, [1918, 120, 1, 0, 1, 1496, 1758, 1, 1, 0, 5, 1, 2, 0, 2])]
Selected
[(12, [1766, 96, 0, 1, 1, 981, 686, 0, 1, 1, 2, 1, 2, 1, 2]),
 (12, [842, 66, 0, 0, 0, 1024, 666, 1, 0, 1, 0, 1, 1, 1, 1]),
 (16, [1002, 62, 1, 1, 0, 1138, 556, 1, 0, 0, 3, 1, 0, 1, 2]),
 (16, [1245, 113, 1, 0, 1, 1732, 1990, 1, 1, 1, 2, 1, 1, 1, 2]),
 (12, [1060, 103, 0, 0, 1, 1880, 1569, 0, 1, 1, 0, 0, 2, 1, 1]),
 (12, [842, 66, 0, 0, 0, 1024, 666, 1, 0, 1, 0, 1, 1, 1, 1]),
 (12, [1766, 96, 0, 1, 1, 981, 686, 0, 1, 1, 2, 1, 2, 1, 2]),
 (12, [842, 66, 0, 0, 0, 1024, 666, 1, 0, 1, 0, 1, 1, 1, 1]),
 (12, [781, 59, 1, 1, 1, 907, 1259, 1, 0, 2, 4, 0, 2, 2, 0]),
 (12, [1146, 12, 1, 1, 1, 557, 625, 0, 0, 2, 1, 0, 0, 0, 2]),
 (16, [790, 76, 1, 0, 1, 1618, 1922, 0, 1, 1, 2, 0, 2, 0, 2]),
 (16, [1689, 86, 1, 0, 1, 1829, 575, 0, 0, 2, 4, 1, 1, 0, 1]),
 (12, [842, 66, 0, 0, 0, 1024, 666, 1, 0, 1, 0, 1, 1, 1, 1]),
 (12, [1060, 103, 0, 0, 1, 1880, 1569, 0, 1, 1, 0, 0, 2, 1, 1]),
 (16, [790, 76, 1, 0, 1, 1618, 1922, 0, 1, 1, 2, 0, 2, 0, 2]),
 (12, [1146, 12, 1, 1, 1, 557, 625, 0, 0, 2, 1, 0, 0, 0, 2]),
 (12, [1766, 96, 0, 1, 1, 981, 686, 0, 1, 1, 2, 1, 2, 1, 2]),
 (16, [1175, 46, 0, 1, 1, 638, 2041, 0, 0, 1, 3, 0, 0, 2, 0]),
 (16, [880, 49, 0, 1, 1, 642, 972, 1, 0, 0, 1, 0, 2, 1, 1]),
 (12, [1950, 94, 0, 0, 0, 872, 872, 0, 1, 0, 4, 1, 1, 1, 2]),
 (13, [1322, 47, 0, 0, 0, 1924, 601, 1, 0, 2, 1, 0, 2, 0, 1]),
 (12, [781, 59, 1, 1, 1, 907, 1259, 1, 0, 2, 4, 0, 2, 2, 0]),
 (12, [1950, 94, 0, 0, 0, 872, 872, 0, 1, 0, 4, 1, 1, 1, 2]),
 (16, [1514, 50, 0, 0, 0, 1547, 1810, 0, 1, 0, 0, 0, 2, 2, 2]),
 (12, [842, 66, 0, 0, 0, 1024, 666, 1, 0, 1, 0, 1, 1, 1, 1]),
 (12, [1950, 94, 0, 0, 0, 872, 872, 0, 1, 0, 4, 1, 1, 1, 2]),
 (16, [790, 76, 1, 0, 1, 1618, 1922, 0, 1, 1, 2, 0, 2, 0, 2])]
population
[(999, [1918, 120, 1, 0, 1, 1496, 1758, 1, 1, 0, 5, 1, 2, 0, 2]),
 (999, [1719, 86, 0, 0, 0, 1921, 737, 1, 1, 3, 3, 1, 1, 1, 2]),
 (999, [1661, 39, 1, 1, 0, 1137, 1433, 1, 1, 3, 5, 1, 1, 1, 1]),
 (999, [1560, 53, 1, 1, 1, 1605, 1339, 0, 1, 3, 5, 1, 2, 2, 1]),
 (999, [1430, 89, 1, 1, 1, 1400, 820, 0, 1, 3, 5, 0, 0, 1, 1]),
 (999, [1297, 40, 1, 1, 1, 1627, 1778, 1, 1, 1, 5, 0, 1, 1, 1]),
 (999, [1214, 32, 0, 1, 1, 1250, 2006, 0, 0, 3, 2, 0, 0, 2, 2]),
 (17, [1279, 88, 1, 1, 0, 677, 2026, 0, 0, 2, 4, 1, 1, 2, 0]),
 (16, [1970, 59, 0, 0, 1, 1913, 846, 1, 1, 1, 3, 0, 2, 1, 2]),
 (16, [1951, 27, 0, 0, 1, 2012, 1845, 0, 0, 2, 1, 0, 0, 0, 1]),
 (16, [1896, 120, 0, 0, 0, 1655, 556, 1, 0, 0, 2, 1, 1, 1, 2]),
 (16, [1834, 116, 1, 0, 0, 1395, 1369, 1, 1, 1, 3, 0, 0, 2, 0]),
 (16, [1689, 86, 1, 0, 1, 1829, 575, 0, 0, 2, 4, 1, 1, 0, 1]),
 (16, [1590, 47, 0, 1, 1, 743, 1157, 0, 0, 2, 1, 1, 1, 0, 2]),
 (16, [1514, 50, 0, 0, 0, 1547, 1810, 0, 1, 0, 0, 0, 2, 2, 2]),
 (16, [1500, 35, 0, 1, 0, 1737, 1239, 1, 0, 1, 3, 0, 2, 1, 0]),
 (16, [1404, 40, 1, 1, 0, 1296, 601, 0, 1, 1, 1, 1, 0, 1, 2]),
 (16, [1297, 107, 1, 0, 1, 1947, 724, 0, 0, 2, 0, 1, 0, 2, 2]),
 (16, [1245, 113, 1, 0, 1, 1732, 1990, 1, 1, 1, 2, 1, 1, 1, 2]),
 (16, [1175, 46, 0, 1, 1, 638, 2041, 0, 0, 1, 3, 0, 0, 2, 0]),
 (16, [1087, 89, 0, 0, 0, 973, 1046, 1, 0, 2, 0, 0, 1, 2, 1]),
 (16, [1002, 62, 1, 1, 0, 1138, 556, 1, 0, 0, 3, 1, 0, 1, 2]),
 (16, [932, 111, 0, 1, 1, 1617, 602, 0, 0, 2, 1, 0, 2, 2, 0]),
 (16, [880, 49, 0, 1, 1, 642, 972, 1, 0, 0, 1, 0, 2, 1, 1]),
 (16, [790, 76, 1, 0, 1, 1618, 1922, 0, 1, 1, 2, 0, 2, 0, 2]),
 (13, [1322, 47, 0, 0, 0, 1924, 601, 1, 0, 2, 1, 0, 2, 0, 1]),
 (12, [1950, 94, 0, 0, 0, 872, 872, 0, 1, 0, 4, 1, 1, 1, 2]),
 (12, [1766, 96, 0, 1, 1, 981, 686, 0, 1, 1, 2, 1, 2, 1, 2]),
 (12, [1146, 12, 1, 1, 1, 557, 625, 0, 0, 2, 1, 0, 0, 0, 2]),
 (12, [1060, 103, 0, 0, 1, 1880, 1569, 0, 1, 1, 0, 0, 2, 1, 1]),
 (12, [842, 66, 0, 0, 0, 1024, 666, 1, 0, 1, 0, 1, 1, 1, 1]),
 (12, [781, 59, 1, 1, 1, 907, 1259, 1, 0, 2, 4, 0, 2, 2, 0])]
scored
[(12, [781, 59, 1, 1, 1, 907, 1259, 1, 0, 2, 4, 0, 2, 2, 0]),
 (12, [842, 66, 0, 0, 0, 1024, 666, 1, 0, 1, 0, 1, 1, 1, 1]),
 (12, [1060, 103, 0, 0, 1, 1880, 1569, 0, 1, 1, 0, 0, 2, 1, 1]),
 (12, [1146, 12, 1, 1, 1, 557, 625, 0, 0, 2, 1, 0, 0, 0, 2]),
 (12, [1766, 96, 0, 1, 1, 981, 686, 0, 1, 1, 2, 1, 2, 1, 2]),
 (12, [1950, 94, 0, 0, 0, 872, 872, 0, 1, 0, 4, 1, 1, 1, 2]),
 (13, [1322, 47, 0, 0, 0, 1924, 601, 1, 0, 2, 1, 0, 2, 0, 1]),
 (16, [790, 76, 1, 0, 1, 1618, 1922, 0, 1, 1, 2, 0, 2, 0, 2]),
 (16, [880, 49, 0, 1, 1, 642, 972, 1, 0, 0, 1, 0, 2, 1, 1]),
 (16, [932, 111, 0, 1, 1, 1617, 602, 0, 0, 2, 1, 0, 2, 2, 0]),
 (16, [1002, 62, 1, 1, 0, 1138, 556, 1, 0, 0, 3, 1, 0, 1, 2]),
 (16, [1087, 89, 0, 0, 0, 973, 1046, 1, 0, 2, 0, 0, 1, 2, 1]),
 (16, [1175, 46, 0, 1, 1, 638, 2041, 0, 0, 1, 3, 0, 0, 2, 0]),
 (16, [1245, 113, 1, 0, 1, 1732, 1990, 1, 1, 1, 2, 1, 1, 1, 2]),
 (16, [1297, 107, 1, 0, 1, 1947, 724, 0, 0, 2, 0, 1, 0, 2, 2]),
 (16, [1404, 40, 1, 1, 0, 1296, 601, 0, 1, 1, 1, 1, 0, 1, 2]),
 (16, [1500, 35, 0, 1, 0, 1737, 1239, 1, 0, 1, 3, 0, 2, 1, 0]),
 (16, [1514, 50, 0, 0, 0, 1547, 1810, 0, 1, 0, 0, 0, 2, 2, 2]),
 (16, [1590, 47, 0, 1, 1, 743, 1157, 0, 0, 2, 1, 1, 1, 0, 2]),
 (16, [1689, 86, 1, 0, 1, 1829, 575, 0, 0, 2, 4, 1, 1, 0, 1]),
 (16, [1834, 116, 1, 0, 0, 1395, 1369, 1, 1, 1, 3, 0, 0, 2, 0]),
 (16, [1896, 120, 0, 0, 0, 1655, 556, 1, 0, 0, 2, 1, 1, 1, 2]),
 (16, [1951, 27, 0, 0, 1, 2012, 1845, 0, 0, 2, 1, 0, 0, 0, 1]),
 (16, [1970, 59, 0, 0, 1, 1913, 846, 1, 1, 1, 3, 0, 2, 1, 2]),
 (17, [1279, 88, 1, 1, 0, 677, 2026, 0, 0, 2, 4, 1, 1, 2, 0]),
 (999, [1214, 32, 0, 1, 1, 1250, 2006, 0, 0, 3, 2, 0, 0, 2, 2]),
 (999, [1297, 40, 1, 1, 1, 1627, 1778, 1, 1, 1, 5, 0, 1, 1, 1]),
 (999, [1430, 89, 1, 1, 1, 1400, 820, 0, 1, 3, 5, 0, 0, 1, 1]),
 (999, [1560, 53, 1, 1, 1, 1605, 1339, 0, 1, 3, 5, 1, 2, 2, 1]),
 (999, [1661, 39, 1, 1, 0, 1137, 1433, 1, 1, 3, 5, 1, 1, 1, 1]),
 (999, [1719, 86, 0, 0, 0, 1921, 737, 1, 1, 3, 3, 1, 1, 1, 2]),
 (999, [1918, 120, 1, 0, 1, 1496, 1758, 1, 1, 0, 5, 1, 2, 0, 2])]
Selected
[(16, [790, 76, 1, 0, 1, 1618, 1922, 0, 1, 1, 2, 0, 2, 0, 2]),
 (12, [1766, 96, 0, 1, 1, 981, 686, 0, 1, 1, 2, 1, 2, 1, 2]),
 (16, [790, 76, 1, 0, 1, 1618, 1922, 0, 1, 1, 2, 0, 2, 0, 2]),
 (12, [1060, 103, 0, 0, 1, 1880, 1569, 0, 1, 1, 0, 0, 2, 1, 1]),
 (12, [1146, 12, 1, 1, 1, 557, 625, 0, 0, 2, 1, 0, 0, 0, 2]),
 (12, [1060, 103, 0, 0, 1, 1880, 1569, 0, 1, 1, 0, 0, 2, 1, 1]),
 (16, [790, 76, 1, 0, 1, 1618, 1922, 0, 1, 1, 2, 0, 2, 0, 2]),
 (12, [1060, 103, 0, 0, 1, 1880, 1569, 0, 1, 1, 0, 0, 2, 1, 1]),
 (12, [1060, 103, 0, 0, 1, 1880, 1569, 0, 1, 1, 0, 0, 2, 1, 1]),
 (12, [842, 66, 0, 0, 0, 1024, 666, 1, 0, 1, 0, 1, 1, 1, 1]),
 (16, [1297, 107, 1, 0, 1, 1947, 724, 0, 0, 2, 0, 1, 0, 2, 2]),
 (16, [1590, 47, 0, 1, 1, 743, 1157, 0, 0, 2, 1, 1, 1, 0, 2]),
 (16, [880, 49, 0, 1, 1, 642, 972, 1, 0, 0, 1, 0, 2, 1, 1]),
 (12, [1146, 12, 1, 1, 1, 557, 625, 0, 0, 2, 1, 0, 0, 0, 2]),
 (12, [1950, 94, 0, 0, 0, 872, 872, 0, 1, 0, 4, 1, 1, 1, 2]),
 (16, [1002, 62, 1, 1, 0, 1138, 556, 1, 0, 0, 3, 1, 0, 1, 2]),
 (12, [1766, 96, 0, 1, 1, 981, 686, 0, 1, 1, 2, 1, 2, 1, 2]),
 (12, [781, 59, 1, 1, 1, 907, 1259, 1, 0, 2, 4, 0, 2, 2, 0]),
 (12, [1766, 96, 0, 1, 1, 981, 686, 0, 1, 1, 2, 1, 2, 1, 2]),
 (16, [790, 76, 1, 0, 1, 1618, 1922, 0, 1, 1, 2, 0, 2, 0, 2]),
 (16, [790, 76, 1, 0, 1, 1618, 1922, 0, 1, 1, 2, 0, 2, 0, 2]),
 (12, [781, 59, 1, 1, 1, 907, 1259, 1, 0, 2, 4, 0, 2, 2, 0]),
 (12, [1060, 103, 0, 0, 1, 1880, 1569, 0, 1, 1, 0, 0, 2, 1, 1]),
 (12, [781, 59, 1, 1, 1, 907, 1259, 1, 0, 2, 4, 0, 2, 2, 0]),
 (12, [1766, 96, 0, 1, 1, 981, 686, 0, 1, 1, 2, 1, 2, 1, 2]),
 (16, [1590, 47, 0, 1, 1, 743, 1157, 0, 0, 2, 1, 1, 1, 0, 2]),
 (12, [781, 59, 1, 1, 1, 907, 1259, 1, 0, 2, 4, 0, 2, 2, 0])]
population
[(999, [1918, 120, 1, 0, 1, 1496, 1758, 1, 1, 0, 5, 1, 2, 0, 2]),
 (999, [1719, 86, 0, 0, 0, 1921, 737, 1, 1, 3, 3, 1, 1, 1, 2]),
 (999, [1661, 39, 1, 1, 0, 1137, 1433, 1, 1, 3, 5, 1, 1, 1, 1]),
 (999, [1560, 53, 1, 1, 1, 1605, 1339, 0, 1, 3, 5, 1, 2, 2, 1]),
 (999, [1430, 89, 1, 1, 1, 1400, 820, 0, 1, 3, 5, 0, 0, 1, 1]),
 (999, [1297, 40, 1, 1, 1, 1627, 1778, 1, 1, 1, 5, 0, 1, 1, 1]),
 (999, [1214, 32, 0, 1, 1, 1250, 2006, 0, 0, 3, 2, 0, 0, 2, 2]),
 (17, [1279, 88, 1, 1, 0, 677, 2026, 0, 0, 2, 4, 1, 1, 2, 0]),
 (16, [1970, 59, 0, 0, 1, 1913, 846, 1, 1, 1, 3, 0, 2, 1, 2]),
 (16, [1951, 27, 0, 0, 1, 2012, 1845, 0, 0, 2, 1, 0, 0, 0, 1]),
 (16, [1896, 120, 0, 0, 0, 1655, 556, 1, 0, 0, 2, 1, 1, 1, 2]),
 (16, [1834, 116, 1, 0, 0, 1395, 1369, 1, 1, 1, 3, 0, 0, 2, 0]),
 (16, [1689, 86, 1, 0, 1, 1829, 575, 0, 0, 2, 4, 1, 1, 0, 1]),
 (16, [1590, 47, 0, 1, 1, 743, 1157, 0, 0, 2, 1, 1, 1, 0, 2]),
 (16, [1514, 50, 0, 0, 0, 1547, 1810, 0, 1, 0, 0, 0, 2, 2, 2]),
 (16, [1500, 35, 0, 1, 0, 1737, 1239, 1, 0, 1, 3, 0, 2, 1, 0]),
 (16, [1404, 40, 1, 1, 0, 1296, 601, 0, 1, 1, 1, 1, 0, 1, 2]),
 (16, [1297, 107, 1, 0, 1, 1947, 724, 0, 0, 2, 0, 1, 0, 2, 2]),
 (16, [1245, 113, 1, 0, 1, 1732, 1990, 1, 1, 1, 2, 1, 1, 1, 2]),
 (16, [1175, 46, 0, 1, 1, 638, 2041, 0, 0, 1, 3, 0, 0, 2, 0]),
 (16, [1087, 89, 0, 0, 0, 973, 1046, 1, 0, 2, 0, 0, 1, 2, 1]),
 (16, [1002, 62, 1, 1, 0, 1138, 556, 1, 0, 0, 3, 1, 0, 1, 2]),
 (16, [932, 111, 0, 1, 1, 1617, 602, 0, 0, 2, 1, 0, 2, 2, 0]),
 (16, [880, 49, 0, 1, 1, 642, 972, 1, 0, 0, 1, 0, 2, 1, 1]),
 (16, [790, 76, 1, 0, 1, 1618, 1922, 0, 1, 1, 2, 0, 2, 0, 2]),
 (13, [1322, 47, 0, 0, 0, 1924, 601, 1, 0, 2, 1, 0, 2, 0, 1]),
 (12, [1950, 94, 0, 0, 0, 872, 872, 0, 1, 0, 4, 1, 1, 1, 2]),
 (12, [1766, 96, 0, 1, 1, 981, 686, 0, 1, 1, 2, 1, 2, 1, 2]),
 (12, [1146, 12, 1, 1, 1, 557, 625, 0, 0, 2, 1, 0, 0, 0, 2]),
 (12, [1060, 103, 0, 0, 1, 1880, 1569, 0, 1, 1, 0, 0, 2, 1, 1]),
 (12, [842, 66, 0, 0, 0, 1024, 666, 1, 0, 1, 0, 1, 1, 1, 1]),
 (12, [781, 59, 1, 1, 1, 907, 1259, 1, 0, 2, 4, 0, 2, 2, 0])]
scored
[(12, [781, 59, 1, 1, 1, 907, 1259, 1, 0, 2, 4, 0, 2, 2, 0]),
 (12, [842, 66, 0, 0, 0, 1024, 666, 1, 0, 1, 0, 1, 1, 1, 1]),
 (12, [1060, 103, 0, 0, 1, 1880, 1569, 0, 1, 1, 0, 0, 2, 1, 1]),
 (12, [1146, 12, 1, 1, 1, 557, 625, 0, 0, 2, 1, 0, 0, 0, 2]),
 (12, [1766, 96, 0, 1, 1, 981, 686, 0, 1, 1, 2, 1, 2, 1, 2]),
 (12, [1950, 94, 0, 0, 0, 872, 872, 0, 1, 0, 4, 1, 1, 1, 2]),
 (13, [1322, 47, 0, 0, 0, 1924, 601, 1, 0, 2, 1, 0, 2, 0, 1]),
 (16, [790, 76, 1, 0, 1, 1618, 1922, 0, 1, 1, 2, 0, 2, 0, 2]),
 (16, [880, 49, 0, 1, 1, 642, 972, 1, 0, 0, 1, 0, 2, 1, 1]),
 (16, [932, 111, 0, 1, 1, 1617, 602, 0, 0, 2, 1, 0, 2, 2, 0]),
 (16, [1002, 62, 1, 1, 0, 1138, 556, 1, 0, 0, 3, 1, 0, 1, 2]),
 (16, [1087, 89, 0, 0, 0, 973, 1046, 1, 0, 2, 0, 0, 1, 2, 1]),
 (16, [1175, 46, 0, 1, 1, 638, 2041, 0, 0, 1, 3, 0, 0, 2, 0]),
 (16, [1245, 113, 1, 0, 1, 1732, 1990, 1, 1, 1, 2, 1, 1, 1, 2]),
 (16, [1297, 107, 1, 0, 1, 1947, 724, 0, 0, 2, 0, 1, 0, 2, 2]),
 (16, [1404, 40, 1, 1, 0, 1296, 601, 0, 1, 1, 1, 1, 0, 1, 2]),
 (16, [1500, 35, 0, 1, 0, 1737, 1239, 1, 0, 1, 3, 0, 2, 1, 0]),
 (16, [1514, 50, 0, 0, 0, 1547, 1810, 0, 1, 0, 0, 0, 2, 2, 2]),
 (16, [1590, 47, 0, 1, 1, 743, 1157, 0, 0, 2, 1, 1, 1, 0, 2]),
 (16, [1689, 86, 1, 0, 1, 1829, 575, 0, 0, 2, 4, 1, 1, 0, 1]),
 (16, [1834, 116, 1, 0, 0, 1395, 1369, 1, 1, 1, 3, 0, 0, 2, 0]),
 (16, [1896, 120, 0, 0, 0, 1655, 556, 1, 0, 0, 2, 1, 1, 1, 2]),
 (16, [1951, 27, 0, 0, 1, 2012, 1845, 0, 0, 2, 1, 0, 0, 0, 1]),
 (16, [1970, 59, 0, 0, 1, 1913, 846, 1, 1, 1, 3, 0, 2, 1, 2]),
 (17, [1279, 88, 1, 1, 0, 677, 2026, 0, 0, 2, 4, 1, 1, 2, 0]),
 (999, [1214, 32, 0, 1, 1, 1250, 2006, 0, 0, 3, 2, 0, 0, 2, 2]),
 (999, [1297, 40, 1, 1, 1, 1627, 1778, 1, 1, 1, 5, 0, 1, 1, 1]),
 (999, [1430, 89, 1, 1, 1, 1400, 820, 0, 1, 3, 5, 0, 0, 1, 1]),
 (999, [1560, 53, 1, 1, 1, 1605, 1339, 0, 1, 3, 5, 1, 2, 2, 1]),
 (999, [1661, 39, 1, 1, 0, 1137, 1433, 1, 1, 3, 5, 1, 1, 1, 1]),
 (999, [1719, 86, 0, 0, 0, 1921, 737, 1, 1, 3, 3, 1, 1, 1, 2]),
 (999, [1918, 120, 1, 0, 1, 1496, 1758, 1, 1, 0, 5, 1, 2, 0, 2])]
Selected
[(12, [1060, 103, 0, 0, 1, 1880, 1569, 0, 1, 1, 0, 0, 2, 1, 1]),
 (12, [842, 66, 0, 0, 0, 1024, 666, 1, 0, 1, 0, 1, 1, 1, 1]),
 (12, [842, 66, 0, 0, 0, 1024, 666, 1, 0, 1, 0, 1, 1, 1, 1]),
 (16, [1297, 107, 1, 0, 1, 1947, 724, 0, 0, 2, 0, 1, 0, 2, 2]),
 (12, [1766, 96, 0, 1, 1, 981, 686, 0, 1, 1, 2, 1, 2, 1, 2]),
 (16, [932, 111, 0, 1, 1, 1617, 602, 0, 0, 2, 1, 0, 2, 2, 0]),
 (12, [1060, 103, 0, 0, 1, 1880, 1569, 0, 1, 1, 0, 0, 2, 1, 1]),
 (16, [790, 76, 1, 0, 1, 1618, 1922, 0, 1, 1, 2, 0, 2, 0, 2]),
 (13, [1322, 47, 0, 0, 0, 1924, 601, 1, 0, 2, 1, 0, 2, 0, 1]),
 (12, [1060, 103, 0, 0, 1, 1880, 1569, 0, 1, 1, 0, 0, 2, 1, 1]),
 (16, [790, 76, 1, 0, 1, 1618, 1922, 0, 1, 1, 2, 0, 2, 0, 2]),
 (13, [1322, 47, 0, 0, 0, 1924, 601, 1, 0, 2, 1, 0, 2, 0, 1]),
 (16, [932, 111, 0, 1, 1, 1617, 602, 0, 0, 2, 1, 0, 2, 2, 0]),
 (12, [842, 66, 0, 0, 0, 1024, 666, 1, 0, 1, 0, 1, 1, 1, 1]),
 (12, [1766, 96, 0, 1, 1, 981, 686, 0, 1, 1, 2, 1, 2, 1, 2]),
 (13, [1322, 47, 0, 0, 0, 1924, 601, 1, 0, 2, 1, 0, 2, 0, 1]),
 (12, [781, 59, 1, 1, 1, 907, 1259, 1, 0, 2, 4, 0, 2, 2, 0]),
 (16, [790, 76, 1, 0, 1, 1618, 1922, 0, 1, 1, 2, 0, 2, 0, 2]),
 (12, [1060, 103, 0, 0, 1, 1880, 1569, 0, 1, 1, 0, 0, 2, 1, 1]),
 (12, [1060, 103, 0, 0, 1, 1880, 1569, 0, 1, 1, 0, 0, 2, 1, 1]),
 (16, [880, 49, 0, 1, 1, 642, 972, 1, 0, 0, 1, 0, 2, 1, 1]),
 (16, [1175, 46, 0, 1, 1, 638, 2041, 0, 0, 1, 3, 0, 0, 2, 0]),
 (16, [1175, 46, 0, 1, 1, 638, 2041, 0, 0, 1, 3, 0, 0, 2, 0]),
 (16, [932, 111, 0, 1, 1, 1617, 602, 0, 0, 2, 1, 0, 2, 2, 0]),
 (12, [781, 59, 1, 1, 1, 907, 1259, 1, 0, 2, 4, 0, 2, 2, 0]),
 (12, [1766, 96, 0, 1, 1, 981, 686, 0, 1, 1, 2, 1, 2, 1, 2]),
 (16, [1245, 113, 1, 0, 1, 1732, 1990, 1, 1, 1, 2, 1, 1, 1, 2])]
population
[(999, [1918, 120, 1, 0, 1, 1496, 1758, 1, 1, 0, 5, 1, 2, 0, 2]),
 (999, [1719, 86, 0, 0, 0, 1921, 737, 1, 1, 3, 3, 1, 1, 1, 2]),
 (999, [1661, 39, 1, 1, 0, 1137, 1433, 1, 1, 3, 5, 1, 1, 1, 1]),
 (999, [1560, 53, 1, 1, 1, 1605, 1339, 0, 1, 3, 5, 1, 2, 2, 1]),
 (999, [1430, 89, 1, 1, 1, 1400, 820, 0, 1, 3, 5, 0, 0, 1, 1]),
 (999, [1297, 40, 1, 1, 1, 1627, 1778, 1, 1, 1, 5, 0, 1, 1, 1]),
 (999, [1214, 32, 0, 1, 1, 1250, 2006, 0, 0, 3, 2, 0, 0, 2, 2]),
 (17, [1279, 88, 1, 1, 0, 677, 2026, 0, 0, 2, 4, 1, 1, 2, 0]),
 (16, [1970, 59, 0, 0, 1, 1913, 846, 1, 1, 1, 3, 0, 2, 1, 2]),
 (16, [1951, 27, 0, 0, 1, 2012, 1845, 0, 0, 2, 1, 0, 0, 0, 1]),
 (16, [1896, 120, 0, 0, 0, 1655, 556, 1, 0, 0, 2, 1, 1, 1, 2]),
 (16, [1834, 116, 1, 0, 0, 1395, 1369, 1, 1, 1, 3, 0, 0, 2, 0]),
 (16, [1689, 86, 1, 0, 1, 1829, 575, 0, 0, 2, 4, 1, 1, 0, 1]),
 (16, [1590, 47, 0, 1, 1, 743, 1157, 0, 0, 2, 1, 1, 1, 0, 2]),
 (16, [1514, 50, 0, 0, 0, 1547, 1810, 0, 1, 0, 0, 0, 2, 2, 2]),
 (16, [1500, 35, 0, 1, 0, 1737, 1239, 1, 0, 1, 3, 0, 2, 1, 0]),
 (16, [1404, 40, 1, 1, 0, 1296, 601, 0, 1, 1, 1, 1, 0, 1, 2]),
 (16, [1297, 107, 1, 0, 1, 1947, 724, 0, 0, 2, 0, 1, 0, 2, 2]),
 (16, [1245, 113, 1, 0, 1, 1732, 1990, 1, 1, 1, 2, 1, 1, 1, 2]),
 (16, [1175, 46, 0, 1, 1, 638, 2041, 0, 0, 1, 3, 0, 0, 2, 0]),
 (16, [1087, 89, 0, 0, 0, 973, 1046, 1, 0, 2, 0, 0, 1, 2, 1]),
 (16, [1002, 62, 1, 1, 0, 1138, 556, 1, 0, 0, 3, 1, 0, 1, 2]),
 (16, [932, 111, 0, 1, 1, 1617, 602, 0, 0, 2, 1, 0, 2, 2, 0]),
 (16, [880, 49, 0, 1, 1, 642, 972, 1, 0, 0, 1, 0, 2, 1, 1]),
 (16, [790, 76, 1, 0, 1, 1618, 1922, 0, 1, 1, 2, 0, 2, 0, 2]),
 (13, [1322, 47, 0, 0, 0, 1924, 601, 1, 0, 2, 1, 0, 2, 0, 1]),
 (12, [1950, 94, 0, 0, 0, 872, 872, 0, 1, 0, 4, 1, 1, 1, 2]),
 (12, [1766, 96, 0, 1, 1, 981, 686, 0, 1, 1, 2, 1, 2, 1, 2]),
 (12, [1146, 12, 1, 1, 1, 557, 625, 0, 0, 2, 1, 0, 0, 0, 2]),
 (12, [1060, 103, 0, 0, 1, 1880, 1569, 0, 1, 1, 0, 0, 2, 1, 1]),
 (12, [842, 66, 0, 0, 0, 1024, 666, 1, 0, 1, 0, 1, 1, 1, 1]),
 (12, [781, 59, 1, 1, 1, 907, 1259, 1, 0, 2, 4, 0, 2, 2, 0])]
scored
[(12, [781, 59, 1, 1, 1, 907, 1259, 1, 0, 2, 4, 0, 2, 2, 0]),
 (12, [842, 66, 0, 0, 0, 1024, 666, 1, 0, 1, 0, 1, 1, 1, 1]),
 (12, [1060, 103, 0, 0, 1, 1880, 1569, 0, 1, 1, 0, 0, 2, 1, 1]),
 (12, [1146, 12, 1, 1, 1, 557, 625, 0, 0, 2, 1, 0, 0, 0, 2]),
 (12, [1766, 96, 0, 1, 1, 981, 686, 0, 1, 1, 2, 1, 2, 1, 2]),
 (12, [1950, 94, 0, 0, 0, 872, 872, 0, 1, 0, 4, 1, 1, 1, 2]),
 (13, [1322, 47, 0, 0, 0, 1924, 601, 1, 0, 2, 1, 0, 2, 0, 1]),
 (16, [790, 76, 1, 0, 1, 1618, 1922, 0, 1, 1, 2, 0, 2, 0, 2]),
 (16, [880, 49, 0, 1, 1, 642, 972, 1, 0, 0, 1, 0, 2, 1, 1]),
 (16, [932, 111, 0, 1, 1, 1617, 602, 0, 0, 2, 1, 0, 2, 2, 0]),
 (16, [1002, 62, 1, 1, 0, 1138, 556, 1, 0, 0, 3, 1, 0, 1, 2]),
 (16, [1087, 89, 0, 0, 0, 973, 1046, 1, 0, 2, 0, 0, 1, 2, 1]),
 (16, [1175, 46, 0, 1, 1, 638, 2041, 0, 0, 1, 3, 0, 0, 2, 0]),
 (16, [1245, 113, 1, 0, 1, 1732, 1990, 1, 1, 1, 2, 1, 1, 1, 2]),
 (16, [1297, 107, 1, 0, 1, 1947, 724, 0, 0, 2, 0, 1, 0, 2, 2]),
 (16, [1404, 40, 1, 1, 0, 1296, 601, 0, 1, 1, 1, 1, 0, 1, 2]),
 (16, [1500, 35, 0, 1, 0, 1737, 1239, 1, 0, 1, 3, 0, 2, 1, 0]),
 (16, [1514, 50, 0, 0, 0, 1547, 1810, 0, 1, 0, 0, 0, 2, 2, 2]),
 (16, [1590, 47, 0, 1, 1, 743, 1157, 0, 0, 2, 1, 1, 1, 0, 2]),
 (16, [1689, 86, 1, 0, 1, 1829, 575, 0, 0, 2, 4, 1, 1, 0, 1]),
 (16, [1834, 116, 1, 0, 0, 1395, 1369, 1, 1, 1, 3, 0, 0, 2, 0]),
 (16, [1896, 120, 0, 0, 0, 1655, 556, 1, 0, 0, 2, 1, 1, 1, 2]),
 (16, [1951, 27, 0, 0, 1, 2012, 1845, 0, 0, 2, 1, 0, 0, 0, 1]),
 (16, [1970, 59, 0, 0, 1, 1913, 846, 1, 1, 1, 3, 0, 2, 1, 2]),
 (17, [1279, 88, 1, 1, 0, 677, 2026, 0, 0, 2, 4, 1, 1, 2, 0]),
 (999, [1214, 32, 0, 1, 1, 1250, 2006, 0, 0, 3, 2, 0, 0, 2, 2]),
 (999, [1297, 40, 1, 1, 1, 1627, 1778, 1, 1, 1, 5, 0, 1, 1, 1]),
 (999, [1430, 89, 1, 1, 1, 1400, 820, 0, 1, 3, 5, 0, 0, 1, 1]),
 (999, [1560, 53, 1, 1, 1, 1605, 1339, 0, 1, 3, 5, 1, 2, 2, 1]),
 (999, [1661, 39, 1, 1, 0, 1137, 1433, 1, 1, 3, 5, 1, 1, 1, 1]),
 (999, [1719, 86, 0, 0, 0, 1921, 737, 1, 1, 3, 3, 1, 1, 1, 2]),
 (999, [1918, 120, 1, 0, 1, 1496, 1758, 1, 1, 0, 5, 1, 2, 0, 2])]
Selected
[(12, [842, 66, 0, 0, 0, 1024, 666, 1, 0, 1, 0, 1, 1, 1, 1]),
 (12, [842, 66, 0, 0, 0, 1024, 666, 1, 0, 1, 0, 1, 1, 1, 1]),
 (12, [1060, 103, 0, 0, 1, 1880, 1569, 0, 1, 1, 0, 0, 2, 1, 1]),
 (16, [880, 49, 0, 1, 1, 642, 972, 1, 0, 0, 1, 0, 2, 1, 1]),
 (16, [1245, 113, 1, 0, 1, 1732, 1990, 1, 1, 1, 2, 1, 1, 1, 2]),
 (12, [1060, 103, 0, 0, 1, 1880, 1569, 0, 1, 1, 0, 0, 2, 1, 1]),
 (12, [1060, 103, 0, 0, 1, 1880, 1569, 0, 1, 1, 0, 0, 2, 1, 1]),
 (12, [781, 59, 1, 1, 1, 907, 1259, 1, 0, 2, 4, 0, 2, 2, 0]),
 (16, [932, 111, 0, 1, 1, 1617, 602, 0, 0, 2, 1, 0, 2, 2, 0]),
 (12, [842, 66, 0, 0, 0, 1024, 666, 1, 0, 1, 0, 1, 1, 1, 1]),
 (12, [1950, 94, 0, 0, 0, 872, 872, 0, 1, 0, 4, 1, 1, 1, 2]),
 (12, [781, 59, 1, 1, 1, 907, 1259, 1, 0, 2, 4, 0, 2, 2, 0]),
 (12, [1146, 12, 1, 1, 1, 557, 625, 0, 0, 2, 1, 0, 0, 0, 2]),
 (12, [781, 59, 1, 1, 1, 907, 1259, 1, 0, 2, 4, 0, 2, 2, 0]),
 (13, [1322, 47, 0, 0, 0, 1924, 601, 1, 0, 2, 1, 0, 2, 0, 1]),
 (13, [1322, 47, 0, 0, 0, 1924, 601, 1, 0, 2, 1, 0, 2, 0, 1]),
 (16, [880, 49, 0, 1, 1, 642, 972, 1, 0, 0, 1, 0, 2, 1, 1]),
 (13, [1322, 47, 0, 0, 0, 1924, 601, 1, 0, 2, 1, 0, 2, 0, 1]),
 (16, [1500, 35, 0, 1, 0, 1737, 1239, 1, 0, 1, 3, 0, 2, 1, 0]),
 (12, [1060, 103, 0, 0, 1, 1880, 1569, 0, 1, 1, 0, 0, 2, 1, 1]),
 (12, [1766, 96, 0, 1, 1, 981, 686, 0, 1, 1, 2, 1, 2, 1, 2]),
 (12, [842, 66, 0, 0, 0, 1024, 666, 1, 0, 1, 0, 1, 1, 1, 1]),
 (12, [1146, 12, 1, 1, 1, 557, 625, 0, 0, 2, 1, 0, 0, 0, 2]),
 (12, [842, 66, 0, 0, 0, 1024, 666, 1, 0, 1, 0, 1, 1, 1, 1]),
 (12, [781, 59, 1, 1, 1, 907, 1259, 1, 0, 2, 4, 0, 2, 2, 0]),
 (12, [1146, 12, 1, 1, 1, 557, 625, 0, 0, 2, 1, 0, 0, 0, 2]),
 (12, [842, 66, 0, 0, 0, 1024, 666, 1, 0, 1, 0, 1, 1, 1, 1])]
population
[(999, [1918, 120, 1, 0, 1, 1496, 1758, 1, 1, 0, 5, 1, 2, 0, 2]),
 (999, [1719, 86, 0, 0, 0, 1921, 737, 1, 1, 3, 3, 1, 1, 1, 2]),
 (999, [1661, 39, 1, 1, 0, 1137, 1433, 1, 1, 3, 5, 1, 1, 1, 1]),
 (999, [1560, 53, 1, 1, 1, 1605, 1339, 0, 1, 3, 5, 1, 2, 2, 1]),
 (999, [1430, 89, 1, 1, 1, 1400, 820, 0, 1, 3, 5, 0, 0, 1, 1]),
 (999, [1297, 40, 1, 1, 1, 1627, 1778, 1, 1, 1, 5, 0, 1, 1, 1]),
 (999, [1214, 32, 0, 1, 1, 1250, 2006, 0, 0, 3, 2, 0, 0, 2, 2]),
 (17, [1279, 88, 1, 1, 0, 677, 2026, 0, 0, 2, 4, 1, 1, 2, 0]),
 (16, [1970, 59, 0, 0, 1, 1913, 846, 1, 1, 1, 3, 0, 2, 1, 2]),
 (16, [1951, 27, 0, 0, 1, 2012, 1845, 0, 0, 2, 1, 0, 0, 0, 1]),
 (16, [1896, 120, 0, 0, 0, 1655, 556, 1, 0, 0, 2, 1, 1, 1, 2]),
 (16, [1834, 116, 1, 0, 0, 1395, 1369, 1, 1, 1, 3, 0, 0, 2, 0]),
 (16, [1689, 86, 1, 0, 1, 1829, 575, 0, 0, 2, 4, 1, 1, 0, 1]),
 (16, [1590, 47, 0, 1, 1, 743, 1157, 0, 0, 2, 1, 1, 1, 0, 2]),
 (16, [1514, 50, 0, 0, 0, 1547, 1810, 0, 1, 0, 0, 0, 2, 2, 2]),
 (16, [1500, 35, 0, 1, 0, 1737, 1239, 1, 0, 1, 3, 0, 2, 1, 0]),
 (16, [1404, 40, 1, 1, 0, 1296, 601, 0, 1, 1, 1, 1, 0, 1, 2]),
 (16, [1297, 107, 1, 0, 1, 1947, 724, 0, 0, 2, 0, 1, 0, 2, 2]),
 (16, [1245, 113, 1, 0, 1, 1732, 1990, 1, 1, 1, 2, 1, 1, 1, 2]),
 (16, [1175, 46, 0, 1, 1, 638, 2041, 0, 0, 1, 3, 0, 0, 2, 0]),
 (16, [1087, 89, 0, 0, 0, 973, 1046, 1, 0, 2, 0, 0, 1, 2, 1]),
 (16, [1002, 62, 1, 1, 0, 1138, 556, 1, 0, 0, 3, 1, 0, 1, 2]),
 (16, [932, 111, 0, 1, 1, 1617, 602, 0, 0, 2, 1, 0, 2, 2, 0]),
 (16, [880, 49, 0, 1, 1, 642, 972, 1, 0, 0, 1, 0, 2, 1, 1]),
 (16, [790, 76, 1, 0, 1, 1618, 1922, 0, 1, 1, 2, 0, 2, 0, 2]),
 (13, [1322, 47, 0, 0, 0, 1924, 601, 1, 0, 2, 1, 0, 2, 0, 1]),
 (12, [1950, 94, 0, 0, 0, 872, 872, 0, 1, 0, 4, 1, 1, 1, 2]),
 (12, [1766, 96, 0, 1, 1, 981, 686, 0, 1, 1, 2, 1, 2, 1, 2]),
 (12, [1146, 12, 1, 1, 1, 557, 625, 0, 0, 2, 1, 0, 0, 0, 2]),
 (12, [1060, 103, 0, 0, 1, 1880, 1569, 0, 1, 1, 0, 0, 2, 1, 1]),
 (12, [842, 66, 0, 0, 0, 1024, 666, 1, 0, 1, 0, 1, 1, 1, 1]),
 (12, [781, 59, 1, 1, 1, 907, 1259, 1, 0, 2, 4, 0, 2, 2, 0])]
scored
[(12, [781, 59, 1, 1, 1, 907, 1259, 1, 0, 2, 4, 0, 2, 2, 0]),
 (12, [842, 66, 0, 0, 0, 1024, 666, 1, 0, 1, 0, 1, 1, 1, 1]),
 (12, [1060, 103, 0, 0, 1, 1880, 1569, 0, 1, 1, 0, 0, 2, 1, 1]),
 (12, [1146, 12, 1, 1, 1, 557, 625, 0, 0, 2, 1, 0, 0, 0, 2]),
 (12, [1766, 96, 0, 1, 1, 981, 686, 0, 1, 1, 2, 1, 2, 1, 2]),
 (12, [1950, 94, 0, 0, 0, 872, 872, 0, 1, 0, 4, 1, 1, 1, 2]),
 (13, [1322, 47, 0, 0, 0, 1924, 601, 1, 0, 2, 1, 0, 2, 0, 1]),
 (16, [790, 76, 1, 0, 1, 1618, 1922, 0, 1, 1, 2, 0, 2, 0, 2]),
 (16, [880, 49, 0, 1, 1, 642, 972, 1, 0, 0, 1, 0, 2, 1, 1]),
 (16, [932, 111, 0, 1, 1, 1617, 602, 0, 0, 2, 1, 0, 2, 2, 0]),
 (16, [1002, 62, 1, 1, 0, 1138, 556, 1, 0, 0, 3, 1, 0, 1, 2]),
 (16, [1087, 89, 0, 0, 0, 973, 1046, 1, 0, 2, 0, 0, 1, 2, 1]),
 (16, [1175, 46, 0, 1, 1, 638, 2041, 0, 0, 1, 3, 0, 0, 2, 0]),
 (16, [1245, 113, 1, 0, 1, 1732, 1990, 1, 1, 1, 2, 1, 1, 1, 2]),
 (16, [1297, 107, 1, 0, 1, 1947, 724, 0, 0, 2, 0, 1, 0, 2, 2]),
 (16, [1404, 40, 1, 1, 0, 1296, 601, 0, 1, 1, 1, 1, 0, 1, 2]),
 (16, [1500, 35, 0, 1, 0, 1737, 1239, 1, 0, 1, 3, 0, 2, 1, 0]),
 (16, [1514, 50, 0, 0, 0, 1547, 1810, 0, 1, 0, 0, 0, 2, 2, 2]),
 (16, [1590, 47, 0, 1, 1, 743, 1157, 0, 0, 2, 1, 1, 1, 0, 2]),
 (16, [1689, 86, 1, 0, 1, 1829, 575, 0, 0, 2, 4, 1, 1, 0, 1]),
 (16, [1834, 116, 1, 0, 0, 1395, 1369, 1, 1, 1, 3, 0, 0, 2, 0]),
 (16, [1896, 120, 0, 0, 0, 1655, 556, 1, 0, 0, 2, 1, 1, 1, 2]),
 (16, [1951, 27, 0, 0, 1, 2012, 1845, 0, 0, 2, 1, 0, 0, 0, 1]),
 (16, [1970, 59, 0, 0, 1, 1913, 846, 1, 1, 1, 3, 0, 2, 1, 2]),
 (17, [1279, 88, 1, 1, 0, 677, 2026, 0, 0, 2, 4, 1, 1, 2, 0]),
 (999, [1214, 32, 0, 1, 1, 1250, 2006, 0, 0, 3, 2, 0, 0, 2, 2]),
 (999, [1297, 40, 1, 1, 1, 1627, 1778, 1, 1, 1, 5, 0, 1, 1, 1]),
 (999, [1430, 89, 1, 1, 1, 1400, 820, 0, 1, 3, 5, 0, 0, 1, 1]),
 (999, [1560, 53, 1, 1, 1, 1605, 1339, 0, 1, 3, 5, 1, 2, 2, 1]),
 (999, [1661, 39, 1, 1, 0, 1137, 1433, 1, 1, 3, 5, 1, 1, 1, 1]),
 (999, [1719, 86, 0, 0, 0, 1921, 737, 1, 1, 3, 3, 1, 1, 1, 2]),
 (999, [1918, 120, 1, 0, 1, 1496, 1758, 1, 1, 0, 5, 1, 2, 0, 2])]
Selected
[(12, [1950, 94, 0, 0, 0, 872, 872, 0, 1, 0, 4, 1, 1, 1, 2]),
 (12, [1950, 94, 0, 0, 0, 872, 872, 0, 1, 0, 4, 1, 1, 1, 2]),
 (12, [842, 66, 0, 0, 0, 1024, 666, 1, 0, 1, 0, 1, 1, 1, 1]),
 (16, [932, 111, 0, 1, 1, 1617, 602, 0, 0, 2, 1, 0, 2, 2, 0]),
 (12, [842, 66, 0, 0, 0, 1024, 666, 1, 0, 1, 0, 1, 1, 1, 1]),
 (12, [842, 66, 0, 0, 0, 1024, 666, 1, 0, 1, 0, 1, 1, 1, 1]),
 (16, [1245, 113, 1, 0, 1, 1732, 1990, 1, 1, 1, 2, 1, 1, 1, 2]),
 (16, [790, 76, 1, 0, 1, 1618, 1922, 0, 1, 1, 2, 0, 2, 0, 2]),
 (12, [1060, 103, 0, 0, 1, 1880, 1569, 0, 1, 1, 0, 0, 2, 1, 1]),
 (12, [1146, 12, 1, 1, 1, 557, 625, 0, 0, 2, 1, 0, 0, 0, 2]),
 (12, [1060, 103, 0, 0, 1, 1880, 1569, 0, 1, 1, 0, 0, 2, 1, 1]),
 (12, [781, 59, 1, 1, 1, 907, 1259, 1, 0, 2, 4, 0, 2, 2, 0]),
 (16, [1245, 113, 1, 0, 1, 1732, 1990, 1, 1, 1, 2, 1, 1, 1, 2]),
 (12, [1766, 96, 0, 1, 1, 981, 686, 0, 1, 1, 2, 1, 2, 1, 2]),
 (12, [781, 59, 1, 1, 1, 907, 1259, 1, 0, 2, 4, 0, 2, 2, 0]),
 (16, [1500, 35, 0, 1, 0, 1737, 1239, 1, 0, 1, 3, 0, 2, 1, 0]),
 (12, [1060, 103, 0, 0, 1, 1880, 1569, 0, 1, 1, 0, 0, 2, 1, 1]),
 (16, [790, 76, 1, 0, 1, 1618, 1922, 0, 1, 1, 2, 0, 2, 0, 2]),
 (16, [790, 76, 1, 0, 1, 1618, 1922, 0, 1, 1, 2, 0, 2, 0, 2]),
 (12, [1146, 12, 1, 1, 1, 557, 625, 0, 0, 2, 1, 0, 0, 0, 2]),
 (12, [1060, 103, 0, 0, 1, 1880, 1569, 0, 1, 1, 0, 0, 2, 1, 1]),
 (12, [1060, 103, 0, 0, 1, 1880, 1569, 0, 1, 1, 0, 0, 2, 1, 1]),
 (13, [1322, 47, 0, 0, 0, 1924, 601, 1, 0, 2, 1, 0, 2, 0, 1]),
 (12, [1146, 12, 1, 1, 1, 557, 625, 0, 0, 2, 1, 0, 0, 0, 2]),
 (12, [842, 66, 0, 0, 0, 1024, 666, 1, 0, 1, 0, 1, 1, 1, 1]),
 (12, [1766, 96, 0, 1, 1, 981, 686, 0, 1, 1, 2, 1, 2, 1, 2]),
 (12, [842, 66, 0, 0, 0, 1024, 666, 1, 0, 1, 0, 1, 1, 1, 1])]
population
[(999, [1918, 120, 1, 0, 1, 1496, 1758, 1, 1, 0, 5, 1, 2, 0, 2]),
 (999, [1719, 86, 0, 0, 0, 1921, 737, 1, 1, 3, 3, 1, 1, 1, 2]),
 (999, [1661, 39, 1, 1, 0, 1137, 1433, 1, 1, 3, 5, 1, 1, 1, 1]),
 (999, [1560, 53, 1, 1, 1, 1605, 1339, 0, 1, 3, 5, 1, 2, 2, 1]),
 (999, [1430, 89, 1, 1, 1, 1400, 820, 0, 1, 3, 5, 0, 0, 1, 1]),
 (999, [1297, 40, 1, 1, 1, 1627, 1778, 1, 1, 1, 5, 0, 1, 1, 1]),
 (999, [1214, 32, 0, 1, 1, 1250, 2006, 0, 0, 3, 2, 0, 0, 2, 2]),
 (17, [1279, 88, 1, 1, 0, 677, 2026, 0, 0, 2, 4, 1, 1, 2, 0]),
 (16, [1970, 59, 0, 0, 1, 1913, 846, 1, 1, 1, 3, 0, 2, 1, 2]),
 (16, [1951, 27, 0, 0, 1, 2012, 1845, 0, 0, 2, 1, 0, 0, 0, 1]),
 (16, [1896, 120, 0, 0, 0, 1655, 556, 1, 0, 0, 2, 1, 1, 1, 2]),
 (16, [1834, 116, 1, 0, 0, 1395, 1369, 1, 1, 1, 3, 0, 0, 2, 0]),
 (16, [1689, 86, 1, 0, 1, 1829, 575, 0, 0, 2, 4, 1, 1, 0, 1]),
 (16, [1590, 47, 0, 1, 1, 743, 1157, 0, 0, 2, 1, 1, 1, 0, 2]),
 (16, [1514, 50, 0, 0, 0, 1547, 1810, 0, 1, 0, 0, 0, 2, 2, 2]),
 (16, [1500, 35, 0, 1, 0, 1737, 1239, 1, 0, 1, 3, 0, 2, 1, 0]),
 (16, [1404, 40, 1, 1, 0, 1296, 601, 0, 1, 1, 1, 1, 0, 1, 2]),
 (16, [1297, 107, 1, 0, 1, 1947, 724, 0, 0, 2, 0, 1, 0, 2, 2]),
 (16, [1245, 113, 1, 0, 1, 1732, 1990, 1, 1, 1, 2, 1, 1, 1, 2]),
 (16, [1175, 46, 0, 1, 1, 638, 2041, 0, 0, 1, 3, 0, 0, 2, 0]),
 (16, [1087, 89, 0, 0, 0, 973, 1046, 1, 0, 2, 0, 0, 1, 2, 1]),
 (16, [1002, 62, 1, 1, 0, 1138, 556, 1, 0, 0, 3, 1, 0, 1, 2]),
 (16, [932, 111, 0, 1, 1, 1617, 602, 0, 0, 2, 1, 0, 2, 2, 0]),
 (16, [880, 49, 0, 1, 1, 642, 972, 1, 0, 0, 1, 0, 2, 1, 1]),
 (16, [790, 76, 1, 0, 1, 1618, 1922, 0, 1, 1, 2, 0, 2, 0, 2]),
 (13, [1322, 47, 0, 0, 0, 1924, 601, 1, 0, 2, 1, 0, 2, 0, 1]),
 (12, [1950, 94, 0, 0, 0, 872, 872, 0, 1, 0, 4, 1, 1, 1, 2]),
 (12, [1766, 96, 0, 1, 1, 981, 686, 0, 1, 1, 2, 1, 2, 1, 2]),
 (12, [1146, 12, 1, 1, 1, 557, 625, 0, 0, 2, 1, 0, 0, 0, 2]),
 (12, [1060, 103, 0, 0, 1, 1880, 1569, 0, 1, 1, 0, 0, 2, 1, 1]),
 (12, [842, 66, 0, 0, 0, 1024, 666, 1, 0, 1, 0, 1, 1, 1, 1]),
 (12, [781, 59, 1, 1, 1, 907, 1259, 1, 0, 2, 4, 0, 2, 2, 0])]
scored
[(12, [781, 59, 1, 1, 1, 907, 1259, 1, 0, 2, 4, 0, 2, 2, 0]),
 (12, [842, 66, 0, 0, 0, 1024, 666, 1, 0, 1, 0, 1, 1, 1, 1]),
 (12, [1060, 103, 0, 0, 1, 1880, 1569, 0, 1, 1, 0, 0, 2, 1, 1]),
 (12, [1146, 12, 1, 1, 1, 557, 625, 0, 0, 2, 1, 0, 0, 0, 2]),
 (12, [1766, 96, 0, 1, 1, 981, 686, 0, 1, 1, 2, 1, 2, 1, 2]),
 (12, [1950, 94, 0, 0, 0, 872, 872, 0, 1, 0, 4, 1, 1, 1, 2]),
 (13, [1322, 47, 0, 0, 0, 1924, 601, 1, 0, 2, 1, 0, 2, 0, 1]),
 (16, [790, 76, 1, 0, 1, 1618, 1922, 0, 1, 1, 2, 0, 2, 0, 2]),
 (16, [880, 49, 0, 1, 1, 642, 972, 1, 0, 0, 1, 0, 2, 1, 1]),
 (16, [932, 111, 0, 1, 1, 1617, 602, 0, 0, 2, 1, 0, 2, 2, 0]),
 (16, [1002, 62, 1, 1, 0, 1138, 556, 1, 0, 0, 3, 1, 0, 1, 2]),
 (16, [1087, 89, 0, 0, 0, 973, 1046, 1, 0, 2, 0, 0, 1, 2, 1]),
 (16, [1175, 46, 0, 1, 1, 638, 2041, 0, 0, 1, 3, 0, 0, 2, 0]),
 (16, [1245, 113, 1, 0, 1, 1732, 1990, 1, 1, 1, 2, 1, 1, 1, 2]),
 (16, [1297, 107, 1, 0, 1, 1947, 724, 0, 0, 2, 0, 1, 0, 2, 2]),
 (16, [1404, 40, 1, 1, 0, 1296, 601, 0, 1, 1, 1, 1, 0, 1, 2]),
 (16, [1500, 35, 0, 1, 0, 1737, 1239, 1, 0, 1, 3, 0, 2, 1, 0]),
 (16, [1514, 50, 0, 0, 0, 1547, 1810, 0, 1, 0, 0, 0, 2, 2, 2]),
 (16, [1590, 47, 0, 1, 1, 743, 1157, 0, 0, 2, 1, 1, 1, 0, 2]),
 (16, [1689, 86, 1, 0, 1, 1829, 575, 0, 0, 2, 4, 1, 1, 0, 1]),
 (16, [1834, 116, 1, 0, 0, 1395, 1369, 1, 1, 1, 3, 0, 0, 2, 0]),
 (16, [1896, 120, 0, 0, 0, 1655, 556, 1, 0, 0, 2, 1, 1, 1, 2]),
 (16, [1951, 27, 0, 0, 1, 2012, 1845, 0, 0, 2, 1, 0, 0, 0, 1]),
 (16, [1970, 59, 0, 0, 1, 1913, 846, 1, 1, 1, 3, 0, 2, 1, 2]),
 (17, [1279, 88, 1, 1, 0, 677, 2026, 0, 0, 2, 4, 1, 1, 2, 0]),
 (999, [1214, 32, 0, 1, 1, 1250, 2006, 0, 0, 3, 2, 0, 0, 2, 2]),
 (999, [1297, 40, 1, 1, 1, 1627, 1778, 1, 1, 1, 5, 0, 1, 1, 1]),
 (999, [1430, 89, 1, 1, 1, 1400, 820, 0, 1, 3, 5, 0, 0, 1, 1]),
 (999, [1560, 53, 1, 1, 1, 1605, 1339, 0, 1, 3, 5, 1, 2, 2, 1]),
 (999, [1661, 39, 1, 1, 0, 1137, 1433, 1, 1, 3, 5, 1, 1, 1, 1]),
 (999, [1719, 86, 0, 0, 0, 1921, 737, 1, 1, 3, 3, 1, 1, 1, 2]),
 (999, [1918, 120, 1, 0, 1, 1496, 1758, 1, 1, 0, 5, 1, 2, 0, 2])]
Selected
[(13, [1322, 47, 0, 0, 0, 1924, 601, 1, 0, 2, 1, 0, 2, 0, 1]),
 (12, [1060, 103, 0, 0, 1, 1880, 1569, 0, 1, 1, 0, 0, 2, 1, 1]),
 (12, [1146, 12, 1, 1, 1, 557, 625, 0, 0, 2, 1, 0, 0, 0, 2]),
 (13, [1322, 47, 0, 0, 0, 1924, 601, 1, 0, 2, 1, 0, 2, 0, 1]),
 (12, [842, 66, 0, 0, 0, 1024, 666, 1, 0, 1, 0, 1, 1, 1, 1]),
 (12, [842, 66, 0, 0, 0, 1024, 666, 1, 0, 1, 0, 1, 1, 1, 1]),
 (12, [842, 66, 0, 0, 0, 1024, 666, 1, 0, 1, 0, 1, 1, 1, 1]),
 (12, [1766, 96, 0, 1, 1, 981, 686, 0, 1, 1, 2, 1, 2, 1, 2]),
 (12, [1766, 96, 0, 1, 1, 981, 686, 0, 1, 1, 2, 1, 2, 1, 2]),
 (16, [1087, 89, 0, 0, 0, 973, 1046, 1, 0, 2, 0, 0, 1, 2, 1]),
 (16, [1689, 86, 1, 0, 1, 1829, 575, 0, 0, 2, 4, 1, 1, 0, 1]),
 (16, [1689, 86, 1, 0, 1, 1829, 575, 0, 0, 2, 4, 1, 1, 0, 1]),
 (12, [781, 59, 1, 1, 1, 907, 1259, 1, 0, 2, 4, 0, 2, 2, 0]),
 (12, [1766, 96, 0, 1, 1, 981, 686, 0, 1, 1, 2, 1, 2, 1, 2]),
 (12, [781, 59, 1, 1, 1, 907, 1259, 1, 0, 2, 4, 0, 2, 2, 0]),
 (12, [1060, 103, 0, 0, 1, 1880, 1569, 0, 1, 1, 0, 0, 2, 1, 1]),
 (16, [932, 111, 0, 1, 1, 1617, 602, 0, 0, 2, 1, 0, 2, 2, 0]),
 (12, [1060, 103, 0, 0, 1, 1880, 1569, 0, 1, 1, 0, 0, 2, 1, 1]),
 (12, [1766, 96, 0, 1, 1, 981, 686, 0, 1, 1, 2, 1, 2, 1, 2]),
 (12, [1950, 94, 0, 0, 0, 872, 872, 0, 1, 0, 4, 1, 1, 1, 2]),
 (12, [1950, 94, 0, 0, 0, 872, 872, 0, 1, 0, 4, 1, 1, 1, 2]),
 (12, [1060, 103, 0, 0, 1, 1880, 1569, 0, 1, 1, 0, 0, 2, 1, 1]),
 (12, [1766, 96, 0, 1, 1, 981, 686, 0, 1, 1, 2, 1, 2, 1, 2]),
 (16, [1297, 107, 1, 0, 1, 1947, 724, 0, 0, 2, 0, 1, 0, 2, 2]),
 (12, [781, 59, 1, 1, 1, 907, 1259, 1, 0, 2, 4, 0, 2, 2, 0]),
 (12, [1060, 103, 0, 0, 1, 1880, 1569, 0, 1, 1, 0, 0, 2, 1, 1]),
 (12, [1766, 96, 0, 1, 1, 981, 686, 0, 1, 1, 2, 1, 2, 1, 2])]

Poblacin de 32 individuos durante 15 generaciones
Poblacin inicial:
[(999, [1918, 120, 1, 0, 1, 1496, 1758, 1, 1, 0, 5, 1, 2, 0, 2]),
 (999, [1719, 86, 0, 0, 0, 1921, 737, 1, 1, 3, 3, 1, 1, 1, 2]),
 (999, [1661, 39, 1, 1, 0, 1137, 1433, 1, 1, 3, 5, 1, 1, 1, 1]),
 (999, [1560, 53, 1, 1, 1, 1605, 1339, 0, 1, 3, 5, 1, 2, 2, 1]),
 (999, [1430, 89, 1, 1, 1, 1400, 820, 0, 1, 3, 5, 0, 0, 1, 1]),
 (999, [1297, 40, 1, 1, 1, 1627, 1778, 1, 1, 1, 5, 0, 1, 1, 1]),
 (999, [1214, 32, 0, 1, 1, 1250, 2006, 0, 0, 3, 2, 0, 0, 2, 2]),
 (17, [1279, 88, 1, 1, 0, 677, 2026, 0, 0, 2, 4, 1, 1, 2, 0]),
 (16, [1970, 59, 0, 0, 1, 1913, 846, 1, 1, 1, 3, 0, 2, 1, 2]),
 (16, [1951, 27, 0, 0, 1, 2012, 1845, 0, 0, 2, 1, 0, 0, 0, 1]),
 (16, [1896, 120, 0, 0, 0, 1655, 556, 1, 0, 0, 2, 1, 1, 1, 2]),
 (16, [1834, 116, 1, 0, 0, 1395, 1369, 1, 1, 1, 3, 0, 0, 2, 0]),
 (16, [1689, 86, 1, 0, 1, 1829, 575, 0, 0, 2, 4, 1, 1, 0, 1]),
 (16, [1590, 47, 0, 1, 1, 743, 1157, 0, 0, 2, 1, 1, 1, 0, 2]),
 (16, [1514, 50, 0, 0, 0, 1547, 1810, 0, 1, 0, 0, 0, 2, 2, 2]),
 (16, [1500, 35, 0, 1, 0, 1737, 1239, 1, 0, 1, 3, 0, 2, 1, 0]),
 (16, [1404, 40, 1, 1, 0, 1296, 601, 0, 1, 1, 1, 1, 0, 1, 2]),
 (16, [1297, 107, 1, 0, 1, 1947, 724, 0, 0, 2, 0, 1, 0, 2, 2]),
 (16, [1245, 113, 1, 0, 1, 1732, 1990, 1, 1, 1, 2, 1, 1, 1, 2]),
 (16, [1175, 46, 0, 1, 1, 638, 2041, 0, 0, 1, 3, 0, 0, 2, 0]),
 (16, [1087, 89, 0, 0, 0, 973, 1046, 1, 0, 2, 0, 0, 1, 2, 1]),
 (16, [1002, 62, 1, 1, 0, 1138, 556, 1, 0, 0, 3, 1, 0, 1, 2]),
 (16, [932, 111, 0, 1, 1, 1617, 602, 0, 0, 2, 1, 0, 2, 2, 0]),
 (16, [880, 49, 0, 1, 1, 642, 972, 1, 0, 0, 1, 0, 2, 1, 1]),
 (16, [790, 76, 1, 0, 1, 1618, 1922, 0, 1, 1, 2, 0, 2, 0, 2]),
 (13, [1322, 47, 0, 0, 0, 1924, 601, 1, 0, 2, 1, 0, 2, 0, 1]),
 (12, [1950, 94, 0, 0, 0, 872, 872, 0, 1, 0, 4, 1, 1, 1, 2]),
 (12, [1766, 96, 0, 1, 1, 981, 686, 0, 1, 1, 2, 1, 2, 1, 2]),
 (12, [1146, 12, 1, 1, 1, 557, 625, 0, 0, 2, 1, 0, 0, 0, 2]),
 (12, [1060, 103, 0, 0, 1, 1880, 1569, 0, 1, 1, 0, 0, 2, 1, 1]),
 (12, [842, 66, 0, 0, 0, 1024, 666, 1, 0, 1, 0, 1, 1, 1, 1]),
 (12, [781, 59, 1, 1, 1, 907, 1259, 1, 0, 2, 4, 0, 2, 2, 0])]
Poblacin final:
[(999, [1918, 120, 1, 0, 1, 1496, 1758, 1, 1, 0, 5, 1, 2, 0, 2]),
 (999, [1719, 86, 0, 0, 0, 1921, 737, 1, 1, 3, 3, 1, 1, 1, 2]),
 (999, [1661, 39, 1, 1, 0, 1137, 1433, 1, 1, 3, 5, 1, 1, 1, 1]),
 (999, [1560, 53, 1, 1, 1, 1605, 1339, 0, 1, 3, 5, 1, 2, 2, 1]),
 (999, [1430, 89, 1, 1, 1, 1400, 820, 0, 1, 3, 5, 0, 0, 1, 1]),
 (999, [1297, 40, 1, 1, 1, 1627, 1778, 1, 1, 1, 5, 0, 1, 1, 1]),
 (999, [1214, 32, 0, 1, 1, 1250, 2006, 0, 0, 3, 2, 0, 0, 2, 2]),
 (17, [1279, 88, 1, 1, 0, 677, 2026, 0, 0, 2, 4, 1, 1, 2, 0]),
 (16, [1970, 59, 0, 0, 1, 1913, 846, 1, 1, 1, 3, 0, 2, 1, 2]),
 (16, [1951, 27, 0, 0, 1, 2012, 1845, 0, 0, 2, 1, 0, 0, 0, 1]),
 (16, [1896, 120, 0, 0, 0, 1655, 556, 1, 0, 0, 2, 1, 1, 1, 2]),
 (16, [1834, 116, 1, 0, 0, 1395, 1369, 1, 1, 1, 3, 0, 0, 2, 0]),
 (16, [1689, 86, 1, 0, 1, 1829, 575, 0, 0, 2, 4, 1, 1, 0, 1]),
 (16, [1590, 47, 0, 1, 1, 743, 1157, 0, 0, 2, 1, 1, 1, 0, 2]),
 (16, [1514, 50, 0, 0, 0, 1547, 1810, 0, 1, 0, 0, 0, 2, 2, 2]),
 (16, [1500, 35, 0, 1, 0, 1737, 1239, 1, 0, 1, 3, 0, 2, 1, 0]),
 (16, [1404, 40, 1, 1, 0, 1296, 601, 0, 1, 1, 1, 1, 0, 1, 2]),
 (16, [1297, 107, 1, 0, 1, 1947, 724, 0, 0, 2, 0, 1, 0, 2, 2]),
 (16, [1245, 113, 1, 0, 1, 1732, 1990, 1, 1, 1, 2, 1, 1, 1, 2]),
 (16, [1175, 46, 0, 1, 1, 638, 2041, 0, 0, 1, 3, 0, 0, 2, 0]),
 (16, [1087, 89, 0, 0, 0, 973, 1046, 1, 0, 2, 0, 0, 1, 2, 1]),
 (16, [1002, 62, 1, 1, 0, 1138, 556, 1, 0, 0, 3, 1, 0, 1, 2]),
 (16, [932, 111, 0, 1, 1, 1617, 602, 0, 0, 2, 1, 0, 2, 2, 0]),
 (16, [880, 49, 0, 1, 1, 642, 972, 1, 0, 0, 1, 0, 2, 1, 1]),
 (16, [790, 76, 1, 0, 1, 1618, 1922, 0, 1, 1, 2, 0, 2, 0, 2]),
 (13, [1322, 47, 0, 0, 0, 1924, 601, 1, 0, 2, 1, 0, 2, 0, 1]),
 (12, [1950, 94, 0, 0, 0, 872, 872, 0, 1, 0, 4, 1, 1, 1, 2]),
 (12, [1766, 96, 0, 1, 1, 981, 686, 0, 1, 1, 2, 1, 2, 1, 2]),
 (12, [1146, 12, 1, 1, 1, 557, 625, 0, 0, 2, 1, 0, 0, 0, 2]),
 (12, [1060, 103, 0, 0, 1, 1880, 1569, 0, 1, 1, 0, 0, 2, 1, 1]),
 (12, [842, 66, 0, 0, 0, 1024, 666, 1, 0, 1, 0, 1, 1, 1, 1]),
 (12, [781, 59, 1, 1, 1, 907, 1259, 1, 0, 2, 4, 0, 2, 2, 0])]
Elapsed time is 1000.583496 seconds.
