 * Manually resetting nginx to stopped state
 * Manually resetting nginx to stopped state
 * Manually resetting nginx to stopped state
 * Manually resetting nginx to stopped state
 * Manually resetting nginx to stopped state
 * Manually resetting nginx to stopped state
 * Manually resetting nginx to stopped state
 * Manually resetting nginx to stopped state
 * Manually resetting nginx to stopped state
 * Manually resetting nginx to stopped state
 * Manually resetting nginx to stopped state
 * Manually resetting nginx to stopped state
 * Manually resetting nginx to stopped state
 * Manually resetting nginx to stopped state
 * Manually resetting nginx to stopped state
 * Manually resetting nginx to stopped state
genes: 15
individuals : 32
pressure: 5
mutation_chance: 0
generations: 15
crossover_type: 2
mutation_type_random: 0
Alerts:
16
Alerts:
16
Alerts:
16
Alerts:
16
Alerts:
16
Alerts:
12
Alerts:
16
Alerts:
16
Alerts:
16
Alerts:
16
Alerts:
12
Alerts:
12
Alerts:
17
Alerts:
16
Alerts:
16
Alerts:
16
population
[(999, [1713, 83, 1, 0, 1, 575, 533, 0, 1, 1, 5, 0, 2, 2, 0]),
 (999, [1523, 66, 0, 0, 1, 1783, 1974, 0, 0, 3, 2, 1, 1, 2, 0]),
 (16, [836, 60, 0, 0, 0, 1265, 1390, 1, 1, 0, 3, 0, 2, 0, 0]),
 (999, [550, 65, 1, 1, 1, 878, 928, 1, 0, 3, 5, 0, 0, 0, 0]),
 (16, [1774, 38, 1, 1, 0, 1283, 1740, 0, 1, 2, 1, 1, 2, 0, 0]),
 (999, [947, 27, 1, 1, 0, 571, 1303, 1, 1, 3, 1, 0, 2, 2, 0]),
 (999, [756, 15, 1, 0, 1, 1306, 1068, 0, 0, 2, 5, 0, 1, 0, 0]),
 (999, [890, 91, 0, 0, 0, 1050, 1471, 1, 1, 2, 5, 0, 2, 0, 1]),
 (999, [1368, 32, 1, 0, 1, 1189, 661, 1, 0, 3, 5, 1, 0, 2, 0]),
 (999, [765, 59, 1, 0, 0, 1964, 1578, 0, 0, 3, 4, 0, 0, 1, 0]),
 (16, [1520, 34, 1, 1, 1, 1402, 995, 0, 1, 0, 4, 0, 2, 1, 0]),
 (16, [1210, 31, 0, 1, 1, 2013, 1543, 1, 1, 0, 0, 0, 1, 1, 1]),
 (999, [540, 48, 1, 0, 1, 1656, 1772, 0, 0, 3, 1, 1, 2, 1, 2]),
 (999, [1825, 117, 0, 0, 0, 660, 1073, 0, 1, 3, 5, 1, 0, 1, 0]),
 (16, [1103, 25, 0, 0, 0, 1236, 941, 0, 0, 0, 3, 0, 2, 0, 1]),
 (12, [1744, 76, 0, 1, 1, 585, 1250, 0, 1, 2, 1, 0, 0, 0, 2]),
 (16, [1197, 40, 0, 1, 1, 1591, 1725, 0, 0, 0, 1, 0, 1, 1, 0]),
 (16, [1831, 71, 1, 1, 1, 738, 1385, 0, 0, 0, 4, 0, 1, 0, 0]),
 (16, [982, 53, 1, 1, 1, 1249, 1001, 0, 0, 2, 4, 1, 1, 1, 1]),
 (16, [1409, 14, 0, 0, 0, 746, 1955, 0, 0, 0, 1, 0, 2, 1, 1]),
 (999, [1177, 100, 1, 0, 1, 1207, 1601, 1, 1, 1, 5, 0, 1, 1, 0]),
 (999, [1633, 61, 0, 0, 1, 533, 895, 1, 0, 3, 1, 0, 1, 2, 2]),
 (999, [831, 40, 1, 1, 1, 1144, 1789, 0, 1, 3, 2, 0, 2, 1, 0]),
 (999, [1016, 26, 1, 1, 1, 1109, 1756, 1, 0, 3, 4, 1, 2, 1, 2]),
 (999, [941, 99, 1, 1, 0, 1938, 1437, 1, 0, 3, 3, 0, 2, 1, 1]),
 (12, [701, 17, 0, 0, 0, 1280, 1319, 1, 1, 0, 4, 0, 2, 2, 2]),
 (12, [1827, 27, 0, 0, 0, 1827, 1916, 0, 0, 0, 1, 0, 0, 1, 0]),
 (17, [1251, 119, 0, 0, 0, 592, 1180, 0, 0, 0, 4, 1, 1, 2, 1]),
 (16, [1674, 83, 0, 0, 0, 2018, 1131, 0, 0, 1, 3, 0, 1, 2, 0]),
 (16, [1529, 77, 0, 0, 0, 590, 1025, 0, 0, 0, 4, 0, 2, 0, 2]),
 (999, [1602, 14, 1, 1, 1, 1149, 1266, 1, 0, 3, 2, 0, 0, 2, 0]),
 (16, [752, 77, 0, 0, 0, 709, 1689, 1, 0, 1, 4, 1, 1, 0, 0])]
scored
[(12, [701, 17, 0, 0, 0, 1280, 1319, 1, 1, 0, 4, 0, 2, 2, 2]),
 (12, [1744, 76, 0, 1, 1, 585, 1250, 0, 1, 2, 1, 0, 0, 0, 2]),
 (12, [1827, 27, 0, 0, 0, 1827, 1916, 0, 0, 0, 1, 0, 0, 1, 0]),
 (16, [752, 77, 0, 0, 0, 709, 1689, 1, 0, 1, 4, 1, 1, 0, 0]),
 (16, [836, 60, 0, 0, 0, 1265, 1390, 1, 1, 0, 3, 0, 2, 0, 0]),
 (16, [982, 53, 1, 1, 1, 1249, 1001, 0, 0, 2, 4, 1, 1, 1, 1]),
 (16, [1103, 25, 0, 0, 0, 1236, 941, 0, 0, 0, 3, 0, 2, 0, 1]),
 (16, [1197, 40, 0, 1, 1, 1591, 1725, 0, 0, 0, 1, 0, 1, 1, 0]),
 (16, [1210, 31, 0, 1, 1, 2013, 1543, 1, 1, 0, 0, 0, 1, 1, 1]),
 (16, [1409, 14, 0, 0, 0, 746, 1955, 0, 0, 0, 1, 0, 2, 1, 1]),
 (16, [1520, 34, 1, 1, 1, 1402, 995, 0, 1, 0, 4, 0, 2, 1, 0]),
 (16, [1529, 77, 0, 0, 0, 590, 1025, 0, 0, 0, 4, 0, 2, 0, 2]),
 (16, [1674, 83, 0, 0, 0, 2018, 1131, 0, 0, 1, 3, 0, 1, 2, 0]),
 (16, [1774, 38, 1, 1, 0, 1283, 1740, 0, 1, 2, 1, 1, 2, 0, 0]),
 (16, [1831, 71, 1, 1, 1, 738, 1385, 0, 0, 0, 4, 0, 1, 0, 0]),
 (17, [1251, 119, 0, 0, 0, 592, 1180, 0, 0, 0, 4, 1, 1, 2, 1]),
 (999, [540, 48, 1, 0, 1, 1656, 1772, 0, 0, 3, 1, 1, 2, 1, 2]),
 (999, [550, 65, 1, 1, 1, 878, 928, 1, 0, 3, 5, 0, 0, 0, 0]),
 (999, [756, 15, 1, 0, 1, 1306, 1068, 0, 0, 2, 5, 0, 1, 0, 0]),
 (999, [765, 59, 1, 0, 0, 1964, 1578, 0, 0, 3, 4, 0, 0, 1, 0]),
 (999, [831, 40, 1, 1, 1, 1144, 1789, 0, 1, 3, 2, 0, 2, 1, 0]),
 (999, [890, 91, 0, 0, 0, 1050, 1471, 1, 1, 2, 5, 0, 2, 0, 1]),
 (999, [941, 99, 1, 1, 0, 1938, 1437, 1, 0, 3, 3, 0, 2, 1, 1]),
 (999, [947, 27, 1, 1, 0, 571, 1303, 1, 1, 3, 1, 0, 2, 2, 0]),
 (999, [1016, 26, 1, 1, 1, 1109, 1756, 1, 0, 3, 4, 1, 2, 1, 2]),
 (999, [1177, 100, 1, 0, 1, 1207, 1601, 1, 1, 1, 5, 0, 1, 1, 0]),
 (999, [1368, 32, 1, 0, 1, 1189, 661, 1, 0, 3, 5, 1, 0, 2, 0]),
 (999, [1523, 66, 0, 0, 1, 1783, 1974, 0, 0, 3, 2, 1, 1, 2, 0]),
 (999, [1602, 14, 1, 1, 1, 1149, 1266, 1, 0, 3, 2, 0, 0, 2, 0]),
 (999, [1633, 61, 0, 0, 1, 533, 895, 1, 0, 3, 1, 0, 1, 2, 2]),
 (999, [1713, 83, 1, 0, 1, 575, 533, 0, 1, 1, 5, 0, 2, 2, 0]),
 (999, [1825, 117, 0, 0, 0, 660, 1073, 0, 1, 3, 5, 1, 0, 1, 0])]
Selected
[(16, [982, 53, 1, 1, 1, 1249, 1001, 0, 0, 2, 4, 1, 1, 1, 1]),
 (16, [752, 77, 0, 0, 0, 709, 1689, 1, 0, 1, 4, 1, 1, 0, 0]),
 (12, [701, 17, 0, 0, 0, 1280, 1319, 1, 1, 0, 4, 0, 2, 2, 2]),
 (16, [752, 77, 0, 0, 0, 709, 1689, 1, 0, 1, 4, 1, 1, 0, 0]),
 (16, [752, 77, 0, 0, 0, 709, 1689, 1, 0, 1, 4, 1, 1, 0, 0]),
 (12, [701, 17, 0, 0, 0, 1280, 1319, 1, 1, 0, 4, 0, 2, 2, 2]),
 (16, [752, 77, 0, 0, 0, 709, 1689, 1, 0, 1, 4, 1, 1, 0, 0]),
 (16, [1520, 34, 1, 1, 1, 1402, 995, 0, 1, 0, 4, 0, 2, 1, 0]),
 (12, [701, 17, 0, 0, 0, 1280, 1319, 1, 1, 0, 4, 0, 2, 2, 2]),
 (16, [1409, 14, 0, 0, 0, 746, 1955, 0, 0, 0, 1, 0, 2, 1, 1]),
 (16, [1831, 71, 1, 1, 1, 738, 1385, 0, 0, 0, 4, 0, 1, 0, 0]),
 (16, [982, 53, 1, 1, 1, 1249, 1001, 0, 0, 2, 4, 1, 1, 1, 1]),
 (12, [1744, 76, 0, 1, 1, 585, 1250, 0, 1, 2, 1, 0, 0, 0, 2]),
 (12, [1744, 76, 0, 1, 1, 585, 1250, 0, 1, 2, 1, 0, 0, 0, 2]),
 (12, [1744, 76, 0, 1, 1, 585, 1250, 0, 1, 2, 1, 0, 0, 0, 2]),
 (16, [836, 60, 0, 0, 0, 1265, 1390, 1, 1, 0, 3, 0, 2, 0, 0]),
 (16, [836, 60, 0, 0, 0, 1265, 1390, 1, 1, 0, 3, 0, 2, 0, 0]),
 (12, [1744, 76, 0, 1, 1, 585, 1250, 0, 1, 2, 1, 0, 0, 0, 2]),
 (16, [982, 53, 1, 1, 1, 1249, 1001, 0, 0, 2, 4, 1, 1, 1, 1]),
 (16, [1103, 25, 0, 0, 0, 1236, 941, 0, 0, 0, 3, 0, 2, 0, 1]),
 (16, [752, 77, 0, 0, 0, 709, 1689, 1, 0, 1, 4, 1, 1, 0, 0]),
 (12, [1827, 27, 0, 0, 0, 1827, 1916, 0, 0, 0, 1, 0, 0, 1, 0]),
 (16, [982, 53, 1, 1, 1, 1249, 1001, 0, 0, 2, 4, 1, 1, 1, 1]),
 (12, [1744, 76, 0, 1, 1, 585, 1250, 0, 1, 2, 1, 0, 0, 0, 2]),
 (16, [1197, 40, 0, 1, 1, 1591, 1725, 0, 0, 0, 1, 0, 1, 1, 0]),
 (12, [701, 17, 0, 0, 0, 1280, 1319, 1, 1, 0, 4, 0, 2, 2, 2]),
 (16, [752, 77, 0, 0, 0, 709, 1689, 1, 0, 1, 4, 1, 1, 0, 0])]
population
[(999, [1825, 117, 0, 0, 0, 660, 1073, 0, 1, 3, 5, 1, 0, 1, 0]),
 (999, [1713, 83, 1, 0, 1, 575, 533, 0, 1, 1, 5, 0, 2, 2, 0]),
 (999, [1633, 61, 0, 0, 1, 533, 895, 1, 0, 3, 1, 0, 1, 2, 2]),
 (999, [1602, 14, 1, 1, 1, 1149, 1266, 1, 0, 3, 2, 0, 0, 2, 0]),
 (999, [1523, 66, 0, 0, 1, 1783, 1974, 0, 0, 3, 2, 1, 1, 2, 0]),
 (999, [1368, 32, 1, 0, 1, 1189, 661, 1, 0, 3, 5, 1, 0, 2, 0]),
 (999, [1177, 100, 1, 0, 1, 1207, 1601, 1, 1, 1, 5, 0, 1, 1, 0]),
 (999, [1016, 26, 1, 1, 1, 1109, 1756, 1, 0, 3, 4, 1, 2, 1, 2]),
 (999, [947, 27, 1, 1, 0, 571, 1303, 1, 1, 3, 1, 0, 2, 2, 0]),
 (999, [941, 99, 1, 1, 0, 1938, 1437, 1, 0, 3, 3, 0, 2, 1, 1]),
 (999, [890, 91, 0, 0, 0, 1050, 1471, 1, 1, 2, 5, 0, 2, 0, 1]),
 (999, [831, 40, 1, 1, 1, 1144, 1789, 0, 1, 3, 2, 0, 2, 1, 0]),
 (999, [765, 59, 1, 0, 0, 1964, 1578, 0, 0, 3, 4, 0, 0, 1, 0]),
 (999, [756, 15, 1, 0, 1, 1306, 1068, 0, 0, 2, 5, 0, 1, 0, 0]),
 (999, [550, 65, 1, 1, 1, 878, 928, 1, 0, 3, 5, 0, 0, 0, 0]),
 (999, [540, 48, 1, 0, 1, 1656, 1772, 0, 0, 3, 1, 1, 2, 1, 2]),
 (17, [1251, 119, 0, 0, 0, 592, 1180, 0, 0, 0, 4, 1, 1, 2, 1]),
 (16, [1831, 71, 1, 1, 1, 738, 1385, 0, 0, 0, 4, 0, 1, 0, 0]),
 (16, [1774, 38, 1, 1, 0, 1283, 1740, 0, 1, 2, 1, 1, 2, 0, 0]),
 (16, [1674, 83, 0, 0, 0, 2018, 1131, 0, 0, 1, 3, 0, 1, 2, 0]),
 (16, [1529, 77, 0, 0, 0, 590, 1025, 0, 0, 0, 4, 0, 2, 0, 2]),
 (16, [1520, 34, 1, 1, 1, 1402, 995, 0, 1, 0, 4, 0, 2, 1, 0]),
 (16, [1409, 14, 0, 0, 0, 746, 1955, 0, 0, 0, 1, 0, 2, 1, 1]),
 (16, [1210, 31, 0, 1, 1, 2013, 1543, 1, 1, 0, 0, 0, 1, 1, 1]),
 (16, [1197, 40, 0, 1, 1, 1591, 1725, 0, 0, 0, 1, 0, 1, 1, 0]),
 (16, [1103, 25, 0, 0, 0, 1236, 941, 0, 0, 0, 3, 0, 2, 0, 1]),
 (16, [982, 53, 1, 1, 1, 1249, 1001, 0, 0, 2, 4, 1, 1, 1, 1]),
 (16, [836, 60, 0, 0, 0, 1265, 1390, 1, 1, 0, 3, 0, 2, 0, 0]),
 (16, [752, 77, 0, 0, 0, 709, 1689, 1, 0, 1, 4, 1, 1, 0, 0]),
 (12, [1827, 27, 0, 0, 0, 1827, 1916, 0, 0, 0, 1, 0, 0, 1, 0]),
 (12, [1744, 76, 0, 1, 1, 585, 1250, 0, 1, 2, 1, 0, 0, 0, 2]),
 (12, [701, 17, 0, 0, 0, 1280, 1319, 1, 1, 0, 4, 0, 2, 2, 2])]
scored
[(12, [701, 17, 0, 0, 0, 1280, 1319, 1, 1, 0, 4, 0, 2, 2, 2]),
 (12, [1744, 76, 0, 1, 1, 585, 1250, 0, 1, 2, 1, 0, 0, 0, 2]),
 (12, [1827, 27, 0, 0, 0, 1827, 1916, 0, 0, 0, 1, 0, 0, 1, 0]),
 (16, [752, 77, 0, 0, 0, 709, 1689, 1, 0, 1, 4, 1, 1, 0, 0]),
 (16, [836, 60, 0, 0, 0, 1265, 1390, 1, 1, 0, 3, 0, 2, 0, 0]),
 (16, [982, 53, 1, 1, 1, 1249, 1001, 0, 0, 2, 4, 1, 1, 1, 1]),
 (16, [1103, 25, 0, 0, 0, 1236, 941, 0, 0, 0, 3, 0, 2, 0, 1]),
 (16, [1197, 40, 0, 1, 1, 1591, 1725, 0, 0, 0, 1, 0, 1, 1, 0]),
 (16, [1210, 31, 0, 1, 1, 2013, 1543, 1, 1, 0, 0, 0, 1, 1, 1]),
 (16, [1409, 14, 0, 0, 0, 746, 1955, 0, 0, 0, 1, 0, 2, 1, 1]),
 (16, [1520, 34, 1, 1, 1, 1402, 995, 0, 1, 0, 4, 0, 2, 1, 0]),
 (16, [1529, 77, 0, 0, 0, 590, 1025, 0, 0, 0, 4, 0, 2, 0, 2]),
 (16, [1674, 83, 0, 0, 0, 2018, 1131, 0, 0, 1, 3, 0, 1, 2, 0]),
 (16, [1774, 38, 1, 1, 0, 1283, 1740, 0, 1, 2, 1, 1, 2, 0, 0]),
 (16, [1831, 71, 1, 1, 1, 738, 1385, 0, 0, 0, 4, 0, 1, 0, 0]),
 (17, [1251, 119, 0, 0, 0, 592, 1180, 0, 0, 0, 4, 1, 1, 2, 1]),
 (999, [540, 48, 1, 0, 1, 1656, 1772, 0, 0, 3, 1, 1, 2, 1, 2]),
 (999, [550, 65, 1, 1, 1, 878, 928, 1, 0, 3, 5, 0, 0, 0, 0]),
 (999, [756, 15, 1, 0, 1, 1306, 1068, 0, 0, 2, 5, 0, 1, 0, 0]),
 (999, [765, 59, 1, 0, 0, 1964, 1578, 0, 0, 3, 4, 0, 0, 1, 0]),
 (999, [831, 40, 1, 1, 1, 1144, 1789, 0, 1, 3, 2, 0, 2, 1, 0]),
 (999, [890, 91, 0, 0, 0, 1050, 1471, 1, 1, 2, 5, 0, 2, 0, 1]),
 (999, [941, 99, 1, 1, 0, 1938, 1437, 1, 0, 3, 3, 0, 2, 1, 1]),
 (999, [947, 27, 1, 1, 0, 571, 1303, 1, 1, 3, 1, 0, 2, 2, 0]),
 (999, [1016, 26, 1, 1, 1, 1109, 1756, 1, 0, 3, 4, 1, 2, 1, 2]),
 (999, [1177, 100, 1, 0, 1, 1207, 1601, 1, 1, 1, 5, 0, 1, 1, 0]),
 (999, [1368, 32, 1, 0, 1, 1189, 661, 1, 0, 3, 5, 1, 0, 2, 0]),
 (999, [1523, 66, 0, 0, 1, 1783, 1974, 0, 0, 3, 2, 1, 1, 2, 0]),
 (999, [1602, 14, 1, 1, 1, 1149, 1266, 1, 0, 3, 2, 0, 0, 2, 0]),
 (999, [1633, 61, 0, 0, 1, 533, 895, 1, 0, 3, 1, 0, 1, 2, 2]),
 (999, [1713, 83, 1, 0, 1, 575, 533, 0, 1, 1, 5, 0, 2, 2, 0]),
 (999, [1825, 117, 0, 0, 0, 660, 1073, 0, 1, 3, 5, 1, 0, 1, 0])]
Selected
[(16, [1520, 34, 1, 1, 1, 1402, 995, 0, 1, 0, 4, 0, 2, 1, 0]),
 (12, [1827, 27, 0, 0, 0, 1827, 1916, 0, 0, 0, 1, 0, 0, 1, 0]),
 (16, [836, 60, 0, 0, 0, 1265, 1390, 1, 1, 0, 3, 0, 2, 0, 0]),
 (12, [701, 17, 0, 0, 0, 1280, 1319, 1, 1, 0, 4, 0, 2, 2, 2]),
 (16, [1103, 25, 0, 0, 0, 1236, 941, 0, 0, 0, 3, 0, 2, 0, 1]),
 (16, [1529, 77, 0, 0, 0, 590, 1025, 0, 0, 0, 4, 0, 2, 0, 2]),
 (16, [982, 53, 1, 1, 1, 1249, 1001, 0, 0, 2, 4, 1, 1, 1, 1]),
 (16, [982, 53, 1, 1, 1, 1249, 1001, 0, 0, 2, 4, 1, 1, 1, 1]),
 (12, [1744, 76, 0, 1, 1, 585, 1250, 0, 1, 2, 1, 0, 0, 0, 2]),
 (12, [701, 17, 0, 0, 0, 1280, 1319, 1, 1, 0, 4, 0, 2, 2, 2]),
 (12, [1744, 76, 0, 1, 1, 585, 1250, 0, 1, 2, 1, 0, 0, 0, 2]),
 (16, [1210, 31, 0, 1, 1, 2013, 1543, 1, 1, 0, 0, 0, 1, 1, 1]),
 (16, [1103, 25, 0, 0, 0, 1236, 941, 0, 0, 0, 3, 0, 2, 0, 1]),
 (12, [701, 17, 0, 0, 0, 1280, 1319, 1, 1, 0, 4, 0, 2, 2, 2]),
 (12, [701, 17, 0, 0, 0, 1280, 1319, 1, 1, 0, 4, 0, 2, 2, 2]),
 (12, [1827, 27, 0, 0, 0, 1827, 1916, 0, 0, 0, 1, 0, 0, 1, 0]),
 (16, [752, 77, 0, 0, 0, 709, 1689, 1, 0, 1, 4, 1, 1, 0, 0]),
 (12, [1744, 76, 0, 1, 1, 585, 1250, 0, 1, 2, 1, 0, 0, 0, 2]),
 (12, [1827, 27, 0, 0, 0, 1827, 1916, 0, 0, 0, 1, 0, 0, 1, 0]),
 (12, [701, 17, 0, 0, 0, 1280, 1319, 1, 1, 0, 4, 0, 2, 2, 2]),
 (16, [1529, 77, 0, 0, 0, 590, 1025, 0, 0, 0, 4, 0, 2, 0, 2]),
 (12, [1827, 27, 0, 0, 0, 1827, 1916, 0, 0, 0, 1, 0, 0, 1, 0]),
 (16, [1103, 25, 0, 0, 0, 1236, 941, 0, 0, 0, 3, 0, 2, 0, 1]),
 (16, [1831, 71, 1, 1, 1, 738, 1385, 0, 0, 0, 4, 0, 1, 0, 0]),
 (16, [1210, 31, 0, 1, 1, 2013, 1543, 1, 1, 0, 0, 0, 1, 1, 1]),
 (17, [1251, 119, 0, 0, 0, 592, 1180, 0, 0, 0, 4, 1, 1, 2, 1]),
 (16, [752, 77, 0, 0, 0, 709, 1689, 1, 0, 1, 4, 1, 1, 0, 0])]
population
[(999, [1825, 117, 0, 0, 0, 660, 1073, 0, 1, 3, 5, 1, 0, 1, 0]),
 (999, [1713, 83, 1, 0, 1, 575, 533, 0, 1, 1, 5, 0, 2, 2, 0]),
 (999, [1633, 61, 0, 0, 1, 533, 895, 1, 0, 3, 1, 0, 1, 2, 2]),
 (999, [1602, 14, 1, 1, 1, 1149, 1266, 1, 0, 3, 2, 0, 0, 2, 0]),
 (999, [1523, 66, 0, 0, 1, 1783, 1974, 0, 0, 3, 2, 1, 1, 2, 0]),
 (999, [1368, 32, 1, 0, 1, 1189, 661, 1, 0, 3, 5, 1, 0, 2, 0]),
 (999, [1177, 100, 1, 0, 1, 1207, 1601, 1, 1, 1, 5, 0, 1, 1, 0]),
 (999, [1016, 26, 1, 1, 1, 1109, 1756, 1, 0, 3, 4, 1, 2, 1, 2]),
 (999, [947, 27, 1, 1, 0, 571, 1303, 1, 1, 3, 1, 0, 2, 2, 0]),
 (999, [941, 99, 1, 1, 0, 1938, 1437, 1, 0, 3, 3, 0, 2, 1, 1]),
 (999, [890, 91, 0, 0, 0, 1050, 1471, 1, 1, 2, 5, 0, 2, 0, 1]),
 (999, [831, 40, 1, 1, 1, 1144, 1789, 0, 1, 3, 2, 0, 2, 1, 0]),
 (999, [765, 59, 1, 0, 0, 1964, 1578, 0, 0, 3, 4, 0, 0, 1, 0]),
 (999, [756, 15, 1, 0, 1, 1306, 1068, 0, 0, 2, 5, 0, 1, 0, 0]),
 (999, [550, 65, 1, 1, 1, 878, 928, 1, 0, 3, 5, 0, 0, 0, 0]),
 (999, [540, 48, 1, 0, 1, 1656, 1772, 0, 0, 3, 1, 1, 2, 1, 2]),
 (17, [1251, 119, 0, 0, 0, 592, 1180, 0, 0, 0, 4, 1, 1, 2, 1]),
 (16, [1831, 71, 1, 1, 1, 738, 1385, 0, 0, 0, 4, 0, 1, 0, 0]),
 (16, [1774, 38, 1, 1, 0, 1283, 1740, 0, 1, 2, 1, 1, 2, 0, 0]),
 (16, [1674, 83, 0, 0, 0, 2018, 1131, 0, 0, 1, 3, 0, 1, 2, 0]),
 (16, [1529, 77, 0, 0, 0, 590, 1025, 0, 0, 0, 4, 0, 2, 0, 2]),
 (16, [1520, 34, 1, 1, 1, 1402, 995, 0, 1, 0, 4, 0, 2, 1, 0]),
 (16, [1409, 14, 0, 0, 0, 746, 1955, 0, 0, 0, 1, 0, 2, 1, 1]),
 (16, [1210, 31, 0, 1, 1, 2013, 1543, 1, 1, 0, 0, 0, 1, 1, 1]),
 (16, [1197, 40, 0, 1, 1, 1591, 1725, 0, 0, 0, 1, 0, 1, 1, 0]),
 (16, [1103, 25, 0, 0, 0, 1236, 941, 0, 0, 0, 3, 0, 2, 0, 1]),
 (16, [982, 53, 1, 1, 1, 1249, 1001, 0, 0, 2, 4, 1, 1, 1, 1]),
 (16, [836, 60, 0, 0, 0, 1265, 1390, 1, 1, 0, 3, 0, 2, 0, 0]),
 (16, [752, 77, 0, 0, 0, 709, 1689, 1, 0, 1, 4, 1, 1, 0, 0]),
 (12, [1827, 27, 0, 0, 0, 1827, 1916, 0, 0, 0, 1, 0, 0, 1, 0]),
 (12, [1744, 76, 0, 1, 1, 585, 1250, 0, 1, 2, 1, 0, 0, 0, 2]),
 (12, [701, 17, 0, 0, 0, 1280, 1319, 1, 1, 0, 4, 0, 2, 2, 2])]
scored
[(12, [701, 17, 0, 0, 0, 1280, 1319, 1, 1, 0, 4, 0, 2, 2, 2]),
 (12, [1744, 76, 0, 1, 1, 585, 1250, 0, 1, 2, 1, 0, 0, 0, 2]),
 (12, [1827, 27, 0, 0, 0, 1827, 1916, 0, 0, 0, 1, 0, 0, 1, 0]),
 (16, [752, 77, 0, 0, 0, 709, 1689, 1, 0, 1, 4, 1, 1, 0, 0]),
 (16, [836, 60, 0, 0, 0, 1265, 1390, 1, 1, 0, 3, 0, 2, 0, 0]),
 (16, [982, 53, 1, 1, 1, 1249, 1001, 0, 0, 2, 4, 1, 1, 1, 1]),
 (16, [1103, 25, 0, 0, 0, 1236, 941, 0, 0, 0, 3, 0, 2, 0, 1]),
 (16, [1197, 40, 0, 1, 1, 1591, 1725, 0, 0, 0, 1, 0, 1, 1, 0]),
 (16, [1210, 31, 0, 1, 1, 2013, 1543, 1, 1, 0, 0, 0, 1, 1, 1]),
 (16, [1409, 14, 0, 0, 0, 746, 1955, 0, 0, 0, 1, 0, 2, 1, 1]),
 (16, [1520, 34, 1, 1, 1, 1402, 995, 0, 1, 0, 4, 0, 2, 1, 0]),
 (16, [1529, 77, 0, 0, 0, 590, 1025, 0, 0, 0, 4, 0, 2, 0, 2]),
 (16, [1674, 83, 0, 0, 0, 2018, 1131, 0, 0, 1, 3, 0, 1, 2, 0]),
 (16, [1774, 38, 1, 1, 0, 1283, 1740, 0, 1, 2, 1, 1, 2, 0, 0]),
 (16, [1831, 71, 1, 1, 1, 738, 1385, 0, 0, 0, 4, 0, 1, 0, 0]),
 (17, [1251, 119, 0, 0, 0, 592, 1180, 0, 0, 0, 4, 1, 1, 2, 1]),
 (999, [540, 48, 1, 0, 1, 1656, 1772, 0, 0, 3, 1, 1, 2, 1, 2]),
 (999, [550, 65, 1, 1, 1, 878, 928, 1, 0, 3, 5, 0, 0, 0, 0]),
 (999, [756, 15, 1, 0, 1, 1306, 1068, 0, 0, 2, 5, 0, 1, 0, 0]),
 (999, [765, 59, 1, 0, 0, 1964, 1578, 0, 0, 3, 4, 0, 0, 1, 0]),
 (999, [831, 40, 1, 1, 1, 1144, 1789, 0, 1, 3, 2, 0, 2, 1, 0]),
 (999, [890, 91, 0, 0, 0, 1050, 1471, 1, 1, 2, 5, 0, 2, 0, 1]),
 (999, [941, 99, 1, 1, 0, 1938, 1437, 1, 0, 3, 3, 0, 2, 1, 1]),
 (999, [947, 27, 1, 1, 0, 571, 1303, 1, 1, 3, 1, 0, 2, 2, 0]),
 (999, [1016, 26, 1, 1, 1, 1109, 1756, 1, 0, 3, 4, 1, 2, 1, 2]),
 (999, [1177, 100, 1, 0, 1, 1207, 1601, 1, 1, 1, 5, 0, 1, 1, 0]),
 (999, [1368, 32, 1, 0, 1, 1189, 661, 1, 0, 3, 5, 1, 0, 2, 0]),
 (999, [1523, 66, 0, 0, 1, 1783, 1974, 0, 0, 3, 2, 1, 1, 2, 0]),
 (999, [1602, 14, 1, 1, 1, 1149, 1266, 1, 0, 3, 2, 0, 0, 2, 0]),
 (999, [1633, 61, 0, 0, 1, 533, 895, 1, 0, 3, 1, 0, 1, 2, 2]),
 (999, [1713, 83, 1, 0, 1, 575, 533, 0, 1, 1, 5, 0, 2, 2, 0]),
 (999, [1825, 117, 0, 0, 0, 660, 1073, 0, 1, 3, 5, 1, 0, 1, 0])]
Selected
[(16, [982, 53, 1, 1, 1, 1249, 1001, 0, 0, 2, 4, 1, 1, 1, 1]),
 (12, [701, 17, 0, 0, 0, 1280, 1319, 1, 1, 0, 4, 0, 2, 2, 2]),
 (12, [701, 17, 0, 0, 0, 1280, 1319, 1, 1, 0, 4, 0, 2, 2, 2]),
 (12, [1827, 27, 0, 0, 0, 1827, 1916, 0, 0, 0, 1, 0, 0, 1, 0]),
 (17, [1251, 119, 0, 0, 0, 592, 1180, 0, 0, 0, 4, 1, 1, 2, 1]),
 (12, [1827, 27, 0, 0, 0, 1827, 1916, 0, 0, 0, 1, 0, 0, 1, 0]),
 (12, [701, 17, 0, 0, 0, 1280, 1319, 1, 1, 0, 4, 0, 2, 2, 2]),
 (16, [1409, 14, 0, 0, 0, 746, 1955, 0, 0, 0, 1, 0, 2, 1, 1]),
 (16, [1210, 31, 0, 1, 1, 2013, 1543, 1, 1, 0, 0, 0, 1, 1, 1]),
 (12, [701, 17, 0, 0, 0, 1280, 1319, 1, 1, 0, 4, 0, 2, 2, 2]),
 (16, [1197, 40, 0, 1, 1, 1591, 1725, 0, 0, 0, 1, 0, 1, 1, 0]),
 (16, [1529, 77, 0, 0, 0, 590, 1025, 0, 0, 0, 4, 0, 2, 0, 2]),
 (16, [752, 77, 0, 0, 0, 709, 1689, 1, 0, 1, 4, 1, 1, 0, 0]),
 (16, [1831, 71, 1, 1, 1, 738, 1385, 0, 0, 0, 4, 0, 1, 0, 0]),
 (12, [701, 17, 0, 0, 0, 1280, 1319, 1, 1, 0, 4, 0, 2, 2, 2]),
 (16, [1103, 25, 0, 0, 0, 1236, 941, 0, 0, 0, 3, 0, 2, 0, 1]),
 (12, [701, 17, 0, 0, 0, 1280, 1319, 1, 1, 0, 4, 0, 2, 2, 2]),
 (12, [701, 17, 0, 0, 0, 1280, 1319, 1, 1, 0, 4, 0, 2, 2, 2]),
 (12, [1744, 76, 0, 1, 1, 585, 1250, 0, 1, 2, 1, 0, 0, 0, 2]),
 (12, [701, 17, 0, 0, 0, 1280, 1319, 1, 1, 0, 4, 0, 2, 2, 2]),
 (16, [752, 77, 0, 0, 0, 709, 1689, 1, 0, 1, 4, 1, 1, 0, 0]),
 (16, [836, 60, 0, 0, 0, 1265, 1390, 1, 1, 0, 3, 0, 2, 0, 0]),
 (12, [1744, 76, 0, 1, 1, 585, 1250, 0, 1, 2, 1, 0, 0, 0, 2]),
 (16, [836, 60, 0, 0, 0, 1265, 1390, 1, 1, 0, 3, 0, 2, 0, 0]),
 (16, [1103, 25, 0, 0, 0, 1236, 941, 0, 0, 0, 3, 0, 2, 0, 1]),
 (12, [1744, 76, 0, 1, 1, 585, 1250, 0, 1, 2, 1, 0, 0, 0, 2]),
 (12, [701, 17, 0, 0, 0, 1280, 1319, 1, 1, 0, 4, 0, 2, 2, 2])]
population
[(999, [1825, 117, 0, 0, 0, 660, 1073, 0, 1, 3, 5, 1, 0, 1, 0]),
 (999, [1713, 83, 1, 0, 1, 575, 533, 0, 1, 1, 5, 0, 2, 2, 0]),
 (999, [1633, 61, 0, 0, 1, 533, 895, 1, 0, 3, 1, 0, 1, 2, 2]),
 (999, [1602, 14, 1, 1, 1, 1149, 1266, 1, 0, 3, 2, 0, 0, 2, 0]),
 (999, [1523, 66, 0, 0, 1, 1783, 1974, 0, 0, 3, 2, 1, 1, 2, 0]),
 (999, [1368, 32, 1, 0, 1, 1189, 661, 1, 0, 3, 5, 1, 0, 2, 0]),
 (999, [1177, 100, 1, 0, 1, 1207, 1601, 1, 1, 1, 5, 0, 1, 1, 0]),
 (999, [1016, 26, 1, 1, 1, 1109, 1756, 1, 0, 3, 4, 1, 2, 1, 2]),
 (999, [947, 27, 1, 1, 0, 571, 1303, 1, 1, 3, 1, 0, 2, 2, 0]),
 (999, [941, 99, 1, 1, 0, 1938, 1437, 1, 0, 3, 3, 0, 2, 1, 1]),
 (999, [890, 91, 0, 0, 0, 1050, 1471, 1, 1, 2, 5, 0, 2, 0, 1]),
 (999, [831, 40, 1, 1, 1, 1144, 1789, 0, 1, 3, 2, 0, 2, 1, 0]),
 (999, [765, 59, 1, 0, 0, 1964, 1578, 0, 0, 3, 4, 0, 0, 1, 0]),
 (999, [756, 15, 1, 0, 1, 1306, 1068, 0, 0, 2, 5, 0, 1, 0, 0]),
 (999, [550, 65, 1, 1, 1, 878, 928, 1, 0, 3, 5, 0, 0, 0, 0]),
 (999, [540, 48, 1, 0, 1, 1656, 1772, 0, 0, 3, 1, 1, 2, 1, 2]),
 (17, [1251, 119, 0, 0, 0, 592, 1180, 0, 0, 0, 4, 1, 1, 2, 1]),
 (16, [1831, 71, 1, 1, 1, 738, 1385, 0, 0, 0, 4, 0, 1, 0, 0]),
 (16, [1774, 38, 1, 1, 0, 1283, 1740, 0, 1, 2, 1, 1, 2, 0, 0]),
 (16, [1674, 83, 0, 0, 0, 2018, 1131, 0, 0, 1, 3, 0, 1, 2, 0]),
 (16, [1529, 77, 0, 0, 0, 590, 1025, 0, 0, 0, 4, 0, 2, 0, 2]),
 (16, [1520, 34, 1, 1, 1, 1402, 995, 0, 1, 0, 4, 0, 2, 1, 0]),
 (16, [1409, 14, 0, 0, 0, 746, 1955, 0, 0, 0, 1, 0, 2, 1, 1]),
 (16, [1210, 31, 0, 1, 1, 2013, 1543, 1, 1, 0, 0, 0, 1, 1, 1]),
 (16, [1197, 40, 0, 1, 1, 1591, 1725, 0, 0, 0, 1, 0, 1, 1, 0]),
 (16, [1103, 25, 0, 0, 0, 1236, 941, 0, 0, 0, 3, 0, 2, 0, 1]),
 (16, [982, 53, 1, 1, 1, 1249, 1001, 0, 0, 2, 4, 1, 1, 1, 1]),
 (16, [836, 60, 0, 0, 0, 1265, 1390, 1, 1, 0, 3, 0, 2, 0, 0]),
 (16, [752, 77, 0, 0, 0, 709, 1689, 1, 0, 1, 4, 1, 1, 0, 0]),
 (12, [1827, 27, 0, 0, 0, 1827, 1916, 0, 0, 0, 1, 0, 0, 1, 0]),
 (12, [1744, 76, 0, 1, 1, 585, 1250, 0, 1, 2, 1, 0, 0, 0, 2]),
 (12, [701, 17, 0, 0, 0, 1280, 1319, 1, 1, 0, 4, 0, 2, 2, 2])]
scored
[(12, [701, 17, 0, 0, 0, 1280, 1319, 1, 1, 0, 4, 0, 2, 2, 2]),
 (12, [1744, 76, 0, 1, 1, 585, 1250, 0, 1, 2, 1, 0, 0, 0, 2]),
 (12, [1827, 27, 0, 0, 0, 1827, 1916, 0, 0, 0, 1, 0, 0, 1, 0]),
 (16, [752, 77, 0, 0, 0, 709, 1689, 1, 0, 1, 4, 1, 1, 0, 0]),
 (16, [836, 60, 0, 0, 0, 1265, 1390, 1, 1, 0, 3, 0, 2, 0, 0]),
 (16, [982, 53, 1, 1, 1, 1249, 1001, 0, 0, 2, 4, 1, 1, 1, 1]),
 (16, [1103, 25, 0, 0, 0, 1236, 941, 0, 0, 0, 3, 0, 2, 0, 1]),
 (16, [1197, 40, 0, 1, 1, 1591, 1725, 0, 0, 0, 1, 0, 1, 1, 0]),
 (16, [1210, 31, 0, 1, 1, 2013, 1543, 1, 1, 0, 0, 0, 1, 1, 1]),
 (16, [1409, 14, 0, 0, 0, 746, 1955, 0, 0, 0, 1, 0, 2, 1, 1]),
 (16, [1520, 34, 1, 1, 1, 1402, 995, 0, 1, 0, 4, 0, 2, 1, 0]),
 (16, [1529, 77, 0, 0, 0, 590, 1025, 0, 0, 0, 4, 0, 2, 0, 2]),
 (16, [1674, 83, 0, 0, 0, 2018, 1131, 0, 0, 1, 3, 0, 1, 2, 0]),
 (16, [1774, 38, 1, 1, 0, 1283, 1740, 0, 1, 2, 1, 1, 2, 0, 0]),
 (16, [1831, 71, 1, 1, 1, 738, 1385, 0, 0, 0, 4, 0, 1, 0, 0]),
 (17, [1251, 119, 0, 0, 0, 592, 1180, 0, 0, 0, 4, 1, 1, 2, 1]),
 (999, [540, 48, 1, 0, 1, 1656, 1772, 0, 0, 3, 1, 1, 2, 1, 2]),
 (999, [550, 65, 1, 1, 1, 878, 928, 1, 0, 3, 5, 0, 0, 0, 0]),
 (999, [756, 15, 1, 0, 1, 1306, 1068, 0, 0, 2, 5, 0, 1, 0, 0]),
 (999, [765, 59, 1, 0, 0, 1964, 1578, 0, 0, 3, 4, 0, 0, 1, 0]),
 (999, [831, 40, 1, 1, 1, 1144, 1789, 0, 1, 3, 2, 0, 2, 1, 0]),
 (999, [890, 91, 0, 0, 0, 1050, 1471, 1, 1, 2, 5, 0, 2, 0, 1]),
 (999, [941, 99, 1, 1, 0, 1938, 1437, 1, 0, 3, 3, 0, 2, 1, 1]),
 (999, [947, 27, 1, 1, 0, 571, 1303, 1, 1, 3, 1, 0, 2, 2, 0]),
 (999, [1016, 26, 1, 1, 1, 1109, 1756, 1, 0, 3, 4, 1, 2, 1, 2]),
 (999, [1177, 100, 1, 0, 1, 1207, 1601, 1, 1, 1, 5, 0, 1, 1, 0]),
 (999, [1368, 32, 1, 0, 1, 1189, 661, 1, 0, 3, 5, 1, 0, 2, 0]),
 (999, [1523, 66, 0, 0, 1, 1783, 1974, 0, 0, 3, 2, 1, 1, 2, 0]),
 (999, [1602, 14, 1, 1, 1, 1149, 1266, 1, 0, 3, 2, 0, 0, 2, 0]),
 (999, [1633, 61, 0, 0, 1, 533, 895, 1, 0, 3, 1, 0, 1, 2, 2]),
 (999, [1713, 83, 1, 0, 1, 575, 533, 0, 1, 1, 5, 0, 2, 2, 0]),
 (999, [1825, 117, 0, 0, 0, 660, 1073, 0, 1, 3, 5, 1, 0, 1, 0])]
Selected
[(16, [836, 60, 0, 0, 0, 1265, 1390, 1, 1, 0, 3, 0, 2, 0, 0]),
 (12, [1827, 27, 0, 0, 0, 1827, 1916, 0, 0, 0, 1, 0, 0, 1, 0]),
 (12, [701, 17, 0, 0, 0, 1280, 1319, 1, 1, 0, 4, 0, 2, 2, 2]),
 (16, [982, 53, 1, 1, 1, 1249, 1001, 0, 0, 2, 4, 1, 1, 1, 1]),
 (16, [1831, 71, 1, 1, 1, 738, 1385, 0, 0, 0, 4, 0, 1, 0, 0]),
 (12, [1744, 76, 0, 1, 1, 585, 1250, 0, 1, 2, 1, 0, 0, 0, 2]),
 (12, [1744, 76, 0, 1, 1, 585, 1250, 0, 1, 2, 1, 0, 0, 0, 2]),
 (16, [1409, 14, 0, 0, 0, 746, 1955, 0, 0, 0, 1, 0, 2, 1, 1]),
 (16, [752, 77, 0, 0, 0, 709, 1689, 1, 0, 1, 4, 1, 1, 0, 0]),
 (16, [752, 77, 0, 0, 0, 709, 1689, 1, 0, 1, 4, 1, 1, 0, 0]),
 (12, [701, 17, 0, 0, 0, 1280, 1319, 1, 1, 0, 4, 0, 2, 2, 2]),
 (16, [1103, 25, 0, 0, 0, 1236, 941, 0, 0, 0, 3, 0, 2, 0, 1]),
 (16, [752, 77, 0, 0, 0, 709, 1689, 1, 0, 1, 4, 1, 1, 0, 0]),
 (12, [1744, 76, 0, 1, 1, 585, 1250, 0, 1, 2, 1, 0, 0, 0, 2]),
 (12, [1827, 27, 0, 0, 0, 1827, 1916, 0, 0, 0, 1, 0, 0, 1, 0]),
 (16, [982, 53, 1, 1, 1, 1249, 1001, 0, 0, 2, 4, 1, 1, 1, 1]),
 (12, [1827, 27, 0, 0, 0, 1827, 1916, 0, 0, 0, 1, 0, 0, 1, 0]),
 (12, [701, 17, 0, 0, 0, 1280, 1319, 1, 1, 0, 4, 0, 2, 2, 2]),
 (16, [1520, 34, 1, 1, 1, 1402, 995, 0, 1, 0, 4, 0, 2, 1, 0]),
 (16, [752, 77, 0, 0, 0, 709, 1689, 1, 0, 1, 4, 1, 1, 0, 0]),
 (16, [1520, 34, 1, 1, 1, 1402, 995, 0, 1, 0, 4, 0, 2, 1, 0]),
 (16, [836, 60, 0, 0, 0, 1265, 1390, 1, 1, 0, 3, 0, 2, 0, 0]),
 (12, [701, 17, 0, 0, 0, 1280, 1319, 1, 1, 0, 4, 0, 2, 2, 2]),
 (12, [701, 17, 0, 0, 0, 1280, 1319, 1, 1, 0, 4, 0, 2, 2, 2]),
 (16, [836, 60, 0, 0, 0, 1265, 1390, 1, 1, 0, 3, 0, 2, 0, 0]),
 (16, [1103, 25, 0, 0, 0, 1236, 941, 0, 0, 0, 3, 0, 2, 0, 1]),
 (16, [1409, 14, 0, 0, 0, 746, 1955, 0, 0, 0, 1, 0, 2, 1, 1])]
population
[(999, [1825, 117, 0, 0, 0, 660, 1073, 0, 1, 3, 5, 1, 0, 1, 0]),
 (999, [1713, 83, 1, 0, 1, 575, 533, 0, 1, 1, 5, 0, 2, 2, 0]),
 (999, [1633, 61, 0, 0, 1, 533, 895, 1, 0, 3, 1, 0, 1, 2, 2]),
 (999, [1602, 14, 1, 1, 1, 1149, 1266, 1, 0, 3, 2, 0, 0, 2, 0]),
 (999, [1523, 66, 0, 0, 1, 1783, 1974, 0, 0, 3, 2, 1, 1, 2, 0]),
 (999, [1368, 32, 1, 0, 1, 1189, 661, 1, 0, 3, 5, 1, 0, 2, 0]),
 (999, [1177, 100, 1, 0, 1, 1207, 1601, 1, 1, 1, 5, 0, 1, 1, 0]),
 (999, [1016, 26, 1, 1, 1, 1109, 1756, 1, 0, 3, 4, 1, 2, 1, 2]),
 (999, [947, 27, 1, 1, 0, 571, 1303, 1, 1, 3, 1, 0, 2, 2, 0]),
 (999, [941, 99, 1, 1, 0, 1938, 1437, 1, 0, 3, 3, 0, 2, 1, 1]),
 (999, [890, 91, 0, 0, 0, 1050, 1471, 1, 1, 2, 5, 0, 2, 0, 1]),
 (999, [831, 40, 1, 1, 1, 1144, 1789, 0, 1, 3, 2, 0, 2, 1, 0]),
 (999, [765, 59, 1, 0, 0, 1964, 1578, 0, 0, 3, 4, 0, 0, 1, 0]),
 (999, [756, 15, 1, 0, 1, 1306, 1068, 0, 0, 2, 5, 0, 1, 0, 0]),
 (999, [550, 65, 1, 1, 1, 878, 928, 1, 0, 3, 5, 0, 0, 0, 0]),
 (999, [540, 48, 1, 0, 1, 1656, 1772, 0, 0, 3, 1, 1, 2, 1, 2]),
 (17, [1251, 119, 0, 0, 0, 592, 1180, 0, 0, 0, 4, 1, 1, 2, 1]),
 (16, [1831, 71, 1, 1, 1, 738, 1385, 0, 0, 0, 4, 0, 1, 0, 0]),
 (16, [1774, 38, 1, 1, 0, 1283, 1740, 0, 1, 2, 1, 1, 2, 0, 0]),
 (16, [1674, 83, 0, 0, 0, 2018, 1131, 0, 0, 1, 3, 0, 1, 2, 0]),
 (16, [1529, 77, 0, 0, 0, 590, 1025, 0, 0, 0, 4, 0, 2, 0, 2]),
 (16, [1520, 34, 1, 1, 1, 1402, 995, 0, 1, 0, 4, 0, 2, 1, 0]),
 (16, [1409, 14, 0, 0, 0, 746, 1955, 0, 0, 0, 1, 0, 2, 1, 1]),
 (16, [1210, 31, 0, 1, 1, 2013, 1543, 1, 1, 0, 0, 0, 1, 1, 1]),
 (16, [1197, 40, 0, 1, 1, 1591, 1725, 0, 0, 0, 1, 0, 1, 1, 0]),
 (16, [1103, 25, 0, 0, 0, 1236, 941, 0, 0, 0, 3, 0, 2, 0, 1]),
 (16, [982, 53, 1, 1, 1, 1249, 1001, 0, 0, 2, 4, 1, 1, 1, 1]),
 (16, [836, 60, 0, 0, 0, 1265, 1390, 1, 1, 0, 3, 0, 2, 0, 0]),
 (16, [752, 77, 0, 0, 0, 709, 1689, 1, 0, 1, 4, 1, 1, 0, 0]),
 (12, [1827, 27, 0, 0, 0, 1827, 1916, 0, 0, 0, 1, 0, 0, 1, 0]),
 (12, [1744, 76, 0, 1, 1, 585, 1250, 0, 1, 2, 1, 0, 0, 0, 2]),
 (12, [701, 17, 0, 0, 0, 1280, 1319, 1, 1, 0, 4, 0, 2, 2, 2])]
scored
[(12, [701, 17, 0, 0, 0, 1280, 1319, 1, 1, 0, 4, 0, 2, 2, 2]),
 (12, [1744, 76, 0, 1, 1, 585, 1250, 0, 1, 2, 1, 0, 0, 0, 2]),
 (12, [1827, 27, 0, 0, 0, 1827, 1916, 0, 0, 0, 1, 0, 0, 1, 0]),
 (16, [752, 77, 0, 0, 0, 709, 1689, 1, 0, 1, 4, 1, 1, 0, 0]),
 (16, [836, 60, 0, 0, 0, 1265, 1390, 1, 1, 0, 3, 0, 2, 0, 0]),
 (16, [982, 53, 1, 1, 1, 1249, 1001, 0, 0, 2, 4, 1, 1, 1, 1]),
 (16, [1103, 25, 0, 0, 0, 1236, 941, 0, 0, 0, 3, 0, 2, 0, 1]),
 (16, [1197, 40, 0, 1, 1, 1591, 1725, 0, 0, 0, 1, 0, 1, 1, 0]),
 (16, [1210, 31, 0, 1, 1, 2013, 1543, 1, 1, 0, 0, 0, 1, 1, 1]),
 (16, [1409, 14, 0, 0, 0, 746, 1955, 0, 0, 0, 1, 0, 2, 1, 1]),
 (16, [1520, 34, 1, 1, 1, 1402, 995, 0, 1, 0, 4, 0, 2, 1, 0]),
 (16, [1529, 77, 0, 0, 0, 590, 1025, 0, 0, 0, 4, 0, 2, 0, 2]),
 (16, [1674, 83, 0, 0, 0, 2018, 1131, 0, 0, 1, 3, 0, 1, 2, 0]),
 (16, [1774, 38, 1, 1, 0, 1283, 1740, 0, 1, 2, 1, 1, 2, 0, 0]),
 (16, [1831, 71, 1, 1, 1, 738, 1385, 0, 0, 0, 4, 0, 1, 0, 0]),
 (17, [1251, 119, 0, 0, 0, 592, 1180, 0, 0, 0, 4, 1, 1, 2, 1]),
 (999, [540, 48, 1, 0, 1, 1656, 1772, 0, 0, 3, 1, 1, 2, 1, 2]),
 (999, [550, 65, 1, 1, 1, 878, 928, 1, 0, 3, 5, 0, 0, 0, 0]),
 (999, [756, 15, 1, 0, 1, 1306, 1068, 0, 0, 2, 5, 0, 1, 0, 0]),
 (999, [765, 59, 1, 0, 0, 1964, 1578, 0, 0, 3, 4, 0, 0, 1, 0]),
 (999, [831, 40, 1, 1, 1, 1144, 1789, 0, 1, 3, 2, 0, 2, 1, 0]),
 (999, [890, 91, 0, 0, 0, 1050, 1471, 1, 1, 2, 5, 0, 2, 0, 1]),
 (999, [941, 99, 1, 1, 0, 1938, 1437, 1, 0, 3, 3, 0, 2, 1, 1]),
 (999, [947, 27, 1, 1, 0, 571, 1303, 1, 1, 3, 1, 0, 2, 2, 0]),
 (999, [1016, 26, 1, 1, 1, 1109, 1756, 1, 0, 3, 4, 1, 2, 1, 2]),
 (999, [1177, 100, 1, 0, 1, 1207, 1601, 1, 1, 1, 5, 0, 1, 1, 0]),
 (999, [1368, 32, 1, 0, 1, 1189, 661, 1, 0, 3, 5, 1, 0, 2, 0]),
 (999, [1523, 66, 0, 0, 1, 1783, 1974, 0, 0, 3, 2, 1, 1, 2, 0]),
 (999, [1602, 14, 1, 1, 1, 1149, 1266, 1, 0, 3, 2, 0, 0, 2, 0]),
 (999, [1633, 61, 0, 0, 1, 533, 895, 1, 0, 3, 1, 0, 1, 2, 2]),
 (999, [1713, 83, 1, 0, 1, 575, 533, 0, 1, 1, 5, 0, 2, 2, 0]),
 (999, [1825, 117, 0, 0, 0, 660, 1073, 0, 1, 3, 5, 1, 0, 1, 0])]
Selected
[(12, [701, 17, 0, 0, 0, 1280, 1319, 1, 1, 0, 4, 0, 2, 2, 2]),
 (16, [836, 60, 0, 0, 0, 1265, 1390, 1, 1, 0, 3, 0, 2, 0, 0]),
 (16, [1210, 31, 0, 1, 1, 2013, 1543, 1, 1, 0, 0, 0, 1, 1, 1]),
 (12, [701, 17, 0, 0, 0, 1280, 1319, 1, 1, 0, 4, 0, 2, 2, 2]),
 (12, [1744, 76, 0, 1, 1, 585, 1250, 0, 1, 2, 1, 0, 0, 0, 2]),
 (16, [1197, 40, 0, 1, 1, 1591, 1725, 0, 0, 0, 1, 0, 1, 1, 0]),
 (16, [982, 53, 1, 1, 1, 1249, 1001, 0, 0, 2, 4, 1, 1, 1, 1]),
 (16, [1409, 14, 0, 0, 0, 746, 1955, 0, 0, 0, 1, 0, 2, 1, 1]),
 (16, [752, 77, 0, 0, 0, 709, 1689, 1, 0, 1, 4, 1, 1, 0, 0]),
 (16, [1409, 14, 0, 0, 0, 746, 1955, 0, 0, 0, 1, 0, 2, 1, 1]),
 (12, [1827, 27, 0, 0, 0, 1827, 1916, 0, 0, 0, 1, 0, 0, 1, 0]),
 (16, [1210, 31, 0, 1, 1, 2013, 1543, 1, 1, 0, 0, 0, 1, 1, 1]),
 (12, [1744, 76, 0, 1, 1, 585, 1250, 0, 1, 2, 1, 0, 0, 0, 2]),
 (12, [1827, 27, 0, 0, 0, 1827, 1916, 0, 0, 0, 1, 0, 0, 1, 0]),
 (12, [701, 17, 0, 0, 0, 1280, 1319, 1, 1, 0, 4, 0, 2, 2, 2]),
 (12, [701, 17, 0, 0, 0, 1280, 1319, 1, 1, 0, 4, 0, 2, 2, 2]),
 (16, [1409, 14, 0, 0, 0, 746, 1955, 0, 0, 0, 1, 0, 2, 1, 1]),
 (12, [1827, 27, 0, 0, 0, 1827, 1916, 0, 0, 0, 1, 0, 0, 1, 0]),
 (16, [982, 53, 1, 1, 1, 1249, 1001, 0, 0, 2, 4, 1, 1, 1, 1]),
 (16, [1103, 25, 0, 0, 0, 1236, 941, 0, 0, 0, 3, 0, 2, 0, 1]),
 (16, [982, 53, 1, 1, 1, 1249, 1001, 0, 0, 2, 4, 1, 1, 1, 1]),
 (12, [1744, 76, 0, 1, 1, 585, 1250, 0, 1, 2, 1, 0, 0, 0, 2]),
 (16, [982, 53, 1, 1, 1, 1249, 1001, 0, 0, 2, 4, 1, 1, 1, 1]),
 (16, [1210, 31, 0, 1, 1, 2013, 1543, 1, 1, 0, 0, 0, 1, 1, 1]),
 (12, [1744, 76, 0, 1, 1, 585, 1250, 0, 1, 2, 1, 0, 0, 0, 2]),
 (16, [982, 53, 1, 1, 1, 1249, 1001, 0, 0, 2, 4, 1, 1, 1, 1]),
 (16, [1103, 25, 0, 0, 0, 1236, 941, 0, 0, 0, 3, 0, 2, 0, 1])]
population
[(999, [1825, 117, 0, 0, 0, 660, 1073, 0, 1, 3, 5, 1, 0, 1, 0]),
 (999, [1713, 83, 1, 0, 1, 575, 533, 0, 1, 1, 5, 0, 2, 2, 0]),
 (999, [1633, 61, 0, 0, 1, 533, 895, 1, 0, 3, 1, 0, 1, 2, 2]),
 (999, [1602, 14, 1, 1, 1, 1149, 1266, 1, 0, 3, 2, 0, 0, 2, 0]),
 (999, [1523, 66, 0, 0, 1, 1783, 1974, 0, 0, 3, 2, 1, 1, 2, 0]),
 (999, [1368, 32, 1, 0, 1, 1189, 661, 1, 0, 3, 5, 1, 0, 2, 0]),
 (999, [1177, 100, 1, 0, 1, 1207, 1601, 1, 1, 1, 5, 0, 1, 1, 0]),
 (999, [1016, 26, 1, 1, 1, 1109, 1756, 1, 0, 3, 4, 1, 2, 1, 2]),
 (999, [947, 27, 1, 1, 0, 571, 1303, 1, 1, 3, 1, 0, 2, 2, 0]),
 (999, [941, 99, 1, 1, 0, 1938, 1437, 1, 0, 3, 3, 0, 2, 1, 1]),
 (999, [890, 91, 0, 0, 0, 1050, 1471, 1, 1, 2, 5, 0, 2, 0, 1]),
 (999, [831, 40, 1, 1, 1, 1144, 1789, 0, 1, 3, 2, 0, 2, 1, 0]),
 (999, [765, 59, 1, 0, 0, 1964, 1578, 0, 0, 3, 4, 0, 0, 1, 0]),
 (999, [756, 15, 1, 0, 1, 1306, 1068, 0, 0, 2, 5, 0, 1, 0, 0]),
 (999, [550, 65, 1, 1, 1, 878, 928, 1, 0, 3, 5, 0, 0, 0, 0]),
 (999, [540, 48, 1, 0, 1, 1656, 1772, 0, 0, 3, 1, 1, 2, 1, 2]),
 (17, [1251, 119, 0, 0, 0, 592, 1180, 0, 0, 0, 4, 1, 1, 2, 1]),
 (16, [1831, 71, 1, 1, 1, 738, 1385, 0, 0, 0, 4, 0, 1, 0, 0]),
 (16, [1774, 38, 1, 1, 0, 1283, 1740, 0, 1, 2, 1, 1, 2, 0, 0]),
 (16, [1674, 83, 0, 0, 0, 2018, 1131, 0, 0, 1, 3, 0, 1, 2, 0]),
 (16, [1529, 77, 0, 0, 0, 590, 1025, 0, 0, 0, 4, 0, 2, 0, 2]),
 (16, [1520, 34, 1, 1, 1, 1402, 995, 0, 1, 0, 4, 0, 2, 1, 0]),
 (16, [1409, 14, 0, 0, 0, 746, 1955, 0, 0, 0, 1, 0, 2, 1, 1]),
 (16, [1210, 31, 0, 1, 1, 2013, 1543, 1, 1, 0, 0, 0, 1, 1, 1]),
 (16, [1197, 40, 0, 1, 1, 1591, 1725, 0, 0, 0, 1, 0, 1, 1, 0]),
 (16, [1103, 25, 0, 0, 0, 1236, 941, 0, 0, 0, 3, 0, 2, 0, 1]),
 (16, [982, 53, 1, 1, 1, 1249, 1001, 0, 0, 2, 4, 1, 1, 1, 1]),
 (16, [836, 60, 0, 0, 0, 1265, 1390, 1, 1, 0, 3, 0, 2, 0, 0]),
 (16, [752, 77, 0, 0, 0, 709, 1689, 1, 0, 1, 4, 1, 1, 0, 0]),
 (12, [1827, 27, 0, 0, 0, 1827, 1916, 0, 0, 0, 1, 0, 0, 1, 0]),
 (12, [1744, 76, 0, 1, 1, 585, 1250, 0, 1, 2, 1, 0, 0, 0, 2]),
 (12, [701, 17, 0, 0, 0, 1280, 1319, 1, 1, 0, 4, 0, 2, 2, 2])]
scored
[(12, [701, 17, 0, 0, 0, 1280, 1319, 1, 1, 0, 4, 0, 2, 2, 2]),
 (12, [1744, 76, 0, 1, 1, 585, 1250, 0, 1, 2, 1, 0, 0, 0, 2]),
 (12, [1827, 27, 0, 0, 0, 1827, 1916, 0, 0, 0, 1, 0, 0, 1, 0]),
 (16, [752, 77, 0, 0, 0, 709, 1689, 1, 0, 1, 4, 1, 1, 0, 0]),
 (16, [836, 60, 0, 0, 0, 1265, 1390, 1, 1, 0, 3, 0, 2, 0, 0]),
 (16, [982, 53, 1, 1, 1, 1249, 1001, 0, 0, 2, 4, 1, 1, 1, 1]),
 (16, [1103, 25, 0, 0, 0, 1236, 941, 0, 0, 0, 3, 0, 2, 0, 1]),
 (16, [1197, 40, 0, 1, 1, 1591, 1725, 0, 0, 0, 1, 0, 1, 1, 0]),
 (16, [1210, 31, 0, 1, 1, 2013, 1543, 1, 1, 0, 0, 0, 1, 1, 1]),
 (16, [1409, 14, 0, 0, 0, 746, 1955, 0, 0, 0, 1, 0, 2, 1, 1]),
 (16, [1520, 34, 1, 1, 1, 1402, 995, 0, 1, 0, 4, 0, 2, 1, 0]),
 (16, [1529, 77, 0, 0, 0, 590, 1025, 0, 0, 0, 4, 0, 2, 0, 2]),
 (16, [1674, 83, 0, 0, 0, 2018, 1131, 0, 0, 1, 3, 0, 1, 2, 0]),
 (16, [1774, 38, 1, 1, 0, 1283, 1740, 0, 1, 2, 1, 1, 2, 0, 0]),
 (16, [1831, 71, 1, 1, 1, 738, 1385, 0, 0, 0, 4, 0, 1, 0, 0]),
 (17, [1251, 119, 0, 0, 0, 592, 1180, 0, 0, 0, 4, 1, 1, 2, 1]),
 (999, [540, 48, 1, 0, 1, 1656, 1772, 0, 0, 3, 1, 1, 2, 1, 2]),
 (999, [550, 65, 1, 1, 1, 878, 928, 1, 0, 3, 5, 0, 0, 0, 0]),
 (999, [756, 15, 1, 0, 1, 1306, 1068, 0, 0, 2, 5, 0, 1, 0, 0]),
 (999, [765, 59, 1, 0, 0, 1964, 1578, 0, 0, 3, 4, 0, 0, 1, 0]),
 (999, [831, 40, 1, 1, 1, 1144, 1789, 0, 1, 3, 2, 0, 2, 1, 0]),
 (999, [890, 91, 0, 0, 0, 1050, 1471, 1, 1, 2, 5, 0, 2, 0, 1]),
 (999, [941, 99, 1, 1, 0, 1938, 1437, 1, 0, 3, 3, 0, 2, 1, 1]),
 (999, [947, 27, 1, 1, 0, 571, 1303, 1, 1, 3, 1, 0, 2, 2, 0]),
 (999, [1016, 26, 1, 1, 1, 1109, 1756, 1, 0, 3, 4, 1, 2, 1, 2]),
 (999, [1177, 100, 1, 0, 1, 1207, 1601, 1, 1, 1, 5, 0, 1, 1, 0]),
 (999, [1368, 32, 1, 0, 1, 1189, 661, 1, 0, 3, 5, 1, 0, 2, 0]),
 (999, [1523, 66, 0, 0, 1, 1783, 1974, 0, 0, 3, 2, 1, 1, 2, 0]),
 (999, [1602, 14, 1, 1, 1, 1149, 1266, 1, 0, 3, 2, 0, 0, 2, 0]),
 (999, [1633, 61, 0, 0, 1, 533, 895, 1, 0, 3, 1, 0, 1, 2, 2]),
 (999, [1713, 83, 1, 0, 1, 575, 533, 0, 1, 1, 5, 0, 2, 2, 0]),
 (999, [1825, 117, 0, 0, 0, 660, 1073, 0, 1, 3, 5, 1, 0, 1, 0])]
Selected
[(16, [1103, 25, 0, 0, 0, 1236, 941, 0, 0, 0, 3, 0, 2, 0, 1]),
 (16, [836, 60, 0, 0, 0, 1265, 1390, 1, 1, 0, 3, 0, 2, 0, 0]),
 (16, [836, 60, 0, 0, 0, 1265, 1390, 1, 1, 0, 3, 0, 2, 0, 0]),
 (16, [1210, 31, 0, 1, 1, 2013, 1543, 1, 1, 0, 0, 0, 1, 1, 1]),
 (12, [1827, 27, 0, 0, 0, 1827, 1916, 0, 0, 0, 1, 0, 0, 1, 0]),
 (12, [1744, 76, 0, 1, 1, 585, 1250, 0, 1, 2, 1, 0, 0, 0, 2]),
 (999, [540, 48, 1, 0, 1, 1656, 1772, 0, 0, 3, 1, 1, 2, 1, 2]),
 (12, [1744, 76, 0, 1, 1, 585, 1250, 0, 1, 2, 1, 0, 0, 0, 2]),
 (12, [1827, 27, 0, 0, 0, 1827, 1916, 0, 0, 0, 1, 0, 0, 1, 0]),
 (16, [1674, 83, 0, 0, 0, 2018, 1131, 0, 0, 1, 3, 0, 1, 2, 0]),
 (16, [836, 60, 0, 0, 0, 1265, 1390, 1, 1, 0, 3, 0, 2, 0, 0]),
 (999, [756, 15, 1, 0, 1, 1306, 1068, 0, 0, 2, 5, 0, 1, 0, 0]),
 (12, [701, 17, 0, 0, 0, 1280, 1319, 1, 1, 0, 4, 0, 2, 2, 2]),
 (16, [1520, 34, 1, 1, 1, 1402, 995, 0, 1, 0, 4, 0, 2, 1, 0]),
 (16, [1103, 25, 0, 0, 0, 1236, 941, 0, 0, 0, 3, 0, 2, 0, 1]),
 (16, [1103, 25, 0, 0, 0, 1236, 941, 0, 0, 0, 3, 0, 2, 0, 1]),
 (16, [1197, 40, 0, 1, 1, 1591, 1725, 0, 0, 0, 1, 0, 1, 1, 0]),
 (16, [1520, 34, 1, 1, 1, 1402, 995, 0, 1, 0, 4, 0, 2, 1, 0]),
 (16, [1103, 25, 0, 0, 0, 1236, 941, 0, 0, 0, 3, 0, 2, 0, 1]),
 (16, [1210, 31, 0, 1, 1, 2013, 1543, 1, 1, 0, 0, 0, 1, 1, 1]),
 (12, [1827, 27, 0, 0, 0, 1827, 1916, 0, 0, 0, 1, 0, 0, 1, 0]),
 (16, [752, 77, 0, 0, 0, 709, 1689, 1, 0, 1, 4, 1, 1, 0, 0]),
 (12, [1744, 76, 0, 1, 1, 585, 1250, 0, 1, 2, 1, 0, 0, 0, 2]),
 (12, [1827, 27, 0, 0, 0, 1827, 1916, 0, 0, 0, 1, 0, 0, 1, 0]),
 (12, [1744, 76, 0, 1, 1, 585, 1250, 0, 1, 2, 1, 0, 0, 0, 2]),
 (16, [1103, 25, 0, 0, 0, 1236, 941, 0, 0, 0, 3, 0, 2, 0, 1]),
 (16, [836, 60, 0, 0, 0, 1265, 1390, 1, 1, 0, 3, 0, 2, 0, 0])]
population
[(999, [1825, 117, 0, 0, 0, 660, 1073, 0, 1, 3, 5, 1, 0, 1, 0]),
 (999, [1713, 83, 1, 0, 1, 575, 533, 0, 1, 1, 5, 0, 2, 2, 0]),
 (999, [1633, 61, 0, 0, 1, 533, 895, 1, 0, 3, 1, 0, 1, 2, 2]),
 (999, [1602, 14, 1, 1, 1, 1149, 1266, 1, 0, 3, 2, 0, 0, 2, 0]),
 (999, [1523, 66, 0, 0, 1, 1783, 1974, 0, 0, 3, 2, 1, 1, 2, 0]),
 (999, [1368, 32, 1, 0, 1, 1189, 661, 1, 0, 3, 5, 1, 0, 2, 0]),
 (999, [1177, 100, 1, 0, 1, 1207, 1601, 1, 1, 1, 5, 0, 1, 1, 0]),
 (999, [1016, 26, 1, 1, 1, 1109, 1756, 1, 0, 3, 4, 1, 2, 1, 2]),
 (999, [947, 27, 1, 1, 0, 571, 1303, 1, 1, 3, 1, 0, 2, 2, 0]),
 (999, [941, 99, 1, 1, 0, 1938, 1437, 1, 0, 3, 3, 0, 2, 1, 1]),
 (999, [890, 91, 0, 0, 0, 1050, 1471, 1, 1, 2, 5, 0, 2, 0, 1]),
 (999, [831, 40, 1, 1, 1, 1144, 1789, 0, 1, 3, 2, 0, 2, 1, 0]),
 (999, [765, 59, 1, 0, 0, 1964, 1578, 0, 0, 3, 4, 0, 0, 1, 0]),
 (999, [756, 15, 1, 0, 1, 1306, 1068, 0, 0, 2, 5, 0, 1, 0, 0]),
 (999, [550, 65, 1, 1, 1, 878, 928, 1, 0, 3, 5, 0, 0, 0, 0]),
 (999, [540, 48, 1, 0, 1, 1656, 1772, 0, 0, 3, 1, 1, 2, 1, 2]),
 (17, [1251, 119, 0, 0, 0, 592, 1180, 0, 0, 0, 4, 1, 1, 2, 1]),
 (16, [1831, 71, 1, 1, 1, 738, 1385, 0, 0, 0, 4, 0, 1, 0, 0]),
 (16, [1774, 38, 1, 1, 0, 1283, 1740, 0, 1, 2, 1, 1, 2, 0, 0]),
 (16, [1674, 83, 0, 0, 0, 2018, 1131, 0, 0, 1, 3, 0, 1, 2, 0]),
 (16, [1529, 77, 0, 0, 0, 590, 1025, 0, 0, 0, 4, 0, 2, 0, 2]),
 (16, [1520, 34, 1, 1, 1, 1402, 995, 0, 1, 0, 4, 0, 2, 1, 0]),
 (16, [1409, 14, 0, 0, 0, 746, 1955, 0, 0, 0, 1, 0, 2, 1, 1]),
 (16, [1210, 31, 0, 1, 1, 2013, 1543, 1, 1, 0, 0, 0, 1, 1, 1]),
 (16, [1197, 40, 0, 1, 1, 1591, 1725, 0, 0, 0, 1, 0, 1, 1, 0]),
 (16, [1103, 25, 0, 0, 0, 1236, 941, 0, 0, 0, 3, 0, 2, 0, 1]),
 (16, [982, 53, 1, 1, 1, 1249, 1001, 0, 0, 2, 4, 1, 1, 1, 1]),
 (16, [836, 60, 0, 0, 0, 1265, 1390, 1, 1, 0, 3, 0, 2, 0, 0]),
 (16, [752, 77, 0, 0, 0, 709, 1689, 1, 0, 1, 4, 1, 1, 0, 0]),
 (12, [1827, 27, 0, 0, 0, 1827, 1916, 0, 0, 0, 1, 0, 0, 1, 0]),
 (12, [1744, 76, 0, 1, 1, 585, 1250, 0, 1, 2, 1, 0, 0, 0, 2]),
 (12, [701, 17, 0, 0, 0, 1280, 1319, 1, 1, 0, 4, 0, 2, 2, 2])]
scored
[(12, [701, 17, 0, 0, 0, 1280, 1319, 1, 1, 0, 4, 0, 2, 2, 2]),
 (12, [1744, 76, 0, 1, 1, 585, 1250, 0, 1, 2, 1, 0, 0, 0, 2]),
 (12, [1827, 27, 0, 0, 0, 1827, 1916, 0, 0, 0, 1, 0, 0, 1, 0]),
 (16, [752, 77, 0, 0, 0, 709, 1689, 1, 0, 1, 4, 1, 1, 0, 0]),
 (16, [836, 60, 0, 0, 0, 1265, 1390, 1, 1, 0, 3, 0, 2, 0, 0]),
 (16, [982, 53, 1, 1, 1, 1249, 1001, 0, 0, 2, 4, 1, 1, 1, 1]),
 (16, [1103, 25, 0, 0, 0, 1236, 941, 0, 0, 0, 3, 0, 2, 0, 1]),
 (16, [1197, 40, 0, 1, 1, 1591, 1725, 0, 0, 0, 1, 0, 1, 1, 0]),
 (16, [1210, 31, 0, 1, 1, 2013, 1543, 1, 1, 0, 0, 0, 1, 1, 1]),
 (16, [1409, 14, 0, 0, 0, 746, 1955, 0, 0, 0, 1, 0, 2, 1, 1]),
 (16, [1520, 34, 1, 1, 1, 1402, 995, 0, 1, 0, 4, 0, 2, 1, 0]),
 (16, [1529, 77, 0, 0, 0, 590, 1025, 0, 0, 0, 4, 0, 2, 0, 2]),
 (16, [1674, 83, 0, 0, 0, 2018, 1131, 0, 0, 1, 3, 0, 1, 2, 0]),
 (16, [1774, 38, 1, 1, 0, 1283, 1740, 0, 1, 2, 1, 1, 2, 0, 0]),
 (16, [1831, 71, 1, 1, 1, 738, 1385, 0, 0, 0, 4, 0, 1, 0, 0]),
 (17, [1251, 119, 0, 0, 0, 592, 1180, 0, 0, 0, 4, 1, 1, 2, 1]),
 (999, [540, 48, 1, 0, 1, 1656, 1772, 0, 0, 3, 1, 1, 2, 1, 2]),
 (999, [550, 65, 1, 1, 1, 878, 928, 1, 0, 3, 5, 0, 0, 0, 0]),
 (999, [756, 15, 1, 0, 1, 1306, 1068, 0, 0, 2, 5, 0, 1, 0, 0]),
 (999, [765, 59, 1, 0, 0, 1964, 1578, 0, 0, 3, 4, 0, 0, 1, 0]),
 (999, [831, 40, 1, 1, 1, 1144, 1789, 0, 1, 3, 2, 0, 2, 1, 0]),
 (999, [890, 91, 0, 0, 0, 1050, 1471, 1, 1, 2, 5, 0, 2, 0, 1]),
 (999, [941, 99, 1, 1, 0, 1938, 1437, 1, 0, 3, 3, 0, 2, 1, 1]),
 (999, [947, 27, 1, 1, 0, 571, 1303, 1, 1, 3, 1, 0, 2, 2, 0]),
 (999, [1016, 26, 1, 1, 1, 1109, 1756, 1, 0, 3, 4, 1, 2, 1, 2]),
 (999, [1177, 100, 1, 0, 1, 1207, 1601, 1, 1, 1, 5, 0, 1, 1, 0]),
 (999, [1368, 32, 1, 0, 1, 1189, 661, 1, 0, 3, 5, 1, 0, 2, 0]),
 (999, [1523, 66, 0, 0, 1, 1783, 1974, 0, 0, 3, 2, 1, 1, 2, 0]),
 (999, [1602, 14, 1, 1, 1, 1149, 1266, 1, 0, 3, 2, 0, 0, 2, 0]),
 (999, [1633, 61, 0, 0, 1, 533, 895, 1, 0, 3, 1, 0, 1, 2, 2]),
 (999, [1713, 83, 1, 0, 1, 575, 533, 0, 1, 1, 5, 0, 2, 2, 0]),
 (999, [1825, 117, 0, 0, 0, 660, 1073, 0, 1, 3, 5, 1, 0, 1, 0])]
Selected
[(12, [1827, 27, 0, 0, 0, 1827, 1916, 0, 0, 0, 1, 0, 0, 1, 0]),
 (16, [1210, 31, 0, 1, 1, 2013, 1543, 1, 1, 0, 0, 0, 1, 1, 1]),
 (16, [752, 77, 0, 0, 0, 709, 1689, 1, 0, 1, 4, 1, 1, 0, 0]),
 (16, [752, 77, 0, 0, 0, 709, 1689, 1, 0, 1, 4, 1, 1, 0, 0]),
 (16, [1520, 34, 1, 1, 1, 1402, 995, 0, 1, 0, 4, 0, 2, 1, 0]),
 (12, [701, 17, 0, 0, 0, 1280, 1319, 1, 1, 0, 4, 0, 2, 2, 2]),
 (16, [836, 60, 0, 0, 0, 1265, 1390, 1, 1, 0, 3, 0, 2, 0, 0]),
 (12, [701, 17, 0, 0, 0, 1280, 1319, 1, 1, 0, 4, 0, 2, 2, 2]),
 (16, [982, 53, 1, 1, 1, 1249, 1001, 0, 0, 2, 4, 1, 1, 1, 1]),
 (12, [701, 17, 0, 0, 0, 1280, 1319, 1, 1, 0, 4, 0, 2, 2, 2]),
 (16, [836, 60, 0, 0, 0, 1265, 1390, 1, 1, 0, 3, 0, 2, 0, 0]),
 (16, [1197, 40, 0, 1, 1, 1591, 1725, 0, 0, 0, 1, 0, 1, 1, 0]),
 (16, [982, 53, 1, 1, 1, 1249, 1001, 0, 0, 2, 4, 1, 1, 1, 1]),
 (16, [1529, 77, 0, 0, 0, 590, 1025, 0, 0, 0, 4, 0, 2, 0, 2]),
 (12, [701, 17, 0, 0, 0, 1280, 1319, 1, 1, 0, 4, 0, 2, 2, 2]),
 (12, [701, 17, 0, 0, 0, 1280, 1319, 1, 1, 0, 4, 0, 2, 2, 2]),
 (12, [1827, 27, 0, 0, 0, 1827, 1916, 0, 0, 0, 1, 0, 0, 1, 0]),
 (16, [1210, 31, 0, 1, 1, 2013, 1543, 1, 1, 0, 0, 0, 1, 1, 1]),
 (16, [982, 53, 1, 1, 1, 1249, 1001, 0, 0, 2, 4, 1, 1, 1, 1]),
 (16, [982, 53, 1, 1, 1, 1249, 1001, 0, 0, 2, 4, 1, 1, 1, 1]),
 (12, [701, 17, 0, 0, 0, 1280, 1319, 1, 1, 0, 4, 0, 2, 2, 2]),
 (16, [752, 77, 0, 0, 0, 709, 1689, 1, 0, 1, 4, 1, 1, 0, 0]),
 (16, [1409, 14, 0, 0, 0, 746, 1955, 0, 0, 0, 1, 0, 2, 1, 1]),
 (16, [836, 60, 0, 0, 0, 1265, 1390, 1, 1, 0, 3, 0, 2, 0, 0]),
 (12, [1827, 27, 0, 0, 0, 1827, 1916, 0, 0, 0, 1, 0, 0, 1, 0]),
 (16, [836, 60, 0, 0, 0, 1265, 1390, 1, 1, 0, 3, 0, 2, 0, 0]),
 (12, [1827, 27, 0, 0, 0, 1827, 1916, 0, 0, 0, 1, 0, 0, 1, 0])]
population
[(999, [1825, 117, 0, 0, 0, 660, 1073, 0, 1, 3, 5, 1, 0, 1, 0]),
 (999, [1713, 83, 1, 0, 1, 575, 533, 0, 1, 1, 5, 0, 2, 2, 0]),
 (999, [1633, 61, 0, 0, 1, 533, 895, 1, 0, 3, 1, 0, 1, 2, 2]),
 (999, [1602, 14, 1, 1, 1, 1149, 1266, 1, 0, 3, 2, 0, 0, 2, 0]),
 (999, [1523, 66, 0, 0, 1, 1783, 1974, 0, 0, 3, 2, 1, 1, 2, 0]),
 (999, [1368, 32, 1, 0, 1, 1189, 661, 1, 0, 3, 5, 1, 0, 2, 0]),
 (999, [1177, 100, 1, 0, 1, 1207, 1601, 1, 1, 1, 5, 0, 1, 1, 0]),
 (999, [1016, 26, 1, 1, 1, 1109, 1756, 1, 0, 3, 4, 1, 2, 1, 2]),
 (999, [947, 27, 1, 1, 0, 571, 1303, 1, 1, 3, 1, 0, 2, 2, 0]),
 (999, [941, 99, 1, 1, 0, 1938, 1437, 1, 0, 3, 3, 0, 2, 1, 1]),
 (999, [890, 91, 0, 0, 0, 1050, 1471, 1, 1, 2, 5, 0, 2, 0, 1]),
 (999, [831, 40, 1, 1, 1, 1144, 1789, 0, 1, 3, 2, 0, 2, 1, 0]),
 (999, [765, 59, 1, 0, 0, 1964, 1578, 0, 0, 3, 4, 0, 0, 1, 0]),
 (999, [756, 15, 1, 0, 1, 1306, 1068, 0, 0, 2, 5, 0, 1, 0, 0]),
 (999, [550, 65, 1, 1, 1, 878, 928, 1, 0, 3, 5, 0, 0, 0, 0]),
 (999, [540, 48, 1, 0, 1, 1656, 1772, 0, 0, 3, 1, 1, 2, 1, 2]),
 (17, [1251, 119, 0, 0, 0, 592, 1180, 0, 0, 0, 4, 1, 1, 2, 1]),
 (16, [1831, 71, 1, 1, 1, 738, 1385, 0, 0, 0, 4, 0, 1, 0, 0]),
 (16, [1774, 38, 1, 1, 0, 1283, 1740, 0, 1, 2, 1, 1, 2, 0, 0]),
 (16, [1674, 83, 0, 0, 0, 2018, 1131, 0, 0, 1, 3, 0, 1, 2, 0]),
 (16, [1529, 77, 0, 0, 0, 590, 1025, 0, 0, 0, 4, 0, 2, 0, 2]),
 (16, [1520, 34, 1, 1, 1, 1402, 995, 0, 1, 0, 4, 0, 2, 1, 0]),
 (16, [1409, 14, 0, 0, 0, 746, 1955, 0, 0, 0, 1, 0, 2, 1, 1]),
 (16, [1210, 31, 0, 1, 1, 2013, 1543, 1, 1, 0, 0, 0, 1, 1, 1]),
 (16, [1197, 40, 0, 1, 1, 1591, 1725, 0, 0, 0, 1, 0, 1, 1, 0]),
 (16, [1103, 25, 0, 0, 0, 1236, 941, 0, 0, 0, 3, 0, 2, 0, 1]),
 (16, [982, 53, 1, 1, 1, 1249, 1001, 0, 0, 2, 4, 1, 1, 1, 1]),
 (16, [836, 60, 0, 0, 0, 1265, 1390, 1, 1, 0, 3, 0, 2, 0, 0]),
 (16, [752, 77, 0, 0, 0, 709, 1689, 1, 0, 1, 4, 1, 1, 0, 0]),
 (12, [1827, 27, 0, 0, 0, 1827, 1916, 0, 0, 0, 1, 0, 0, 1, 0]),
 (12, [1744, 76, 0, 1, 1, 585, 1250, 0, 1, 2, 1, 0, 0, 0, 2]),
 (12, [701, 17, 0, 0, 0, 1280, 1319, 1, 1, 0, 4, 0, 2, 2, 2])]
scored
[(12, [701, 17, 0, 0, 0, 1280, 1319, 1, 1, 0, 4, 0, 2, 2, 2]),
 (12, [1744, 76, 0, 1, 1, 585, 1250, 0, 1, 2, 1, 0, 0, 0, 2]),
 (12, [1827, 27, 0, 0, 0, 1827, 1916, 0, 0, 0, 1, 0, 0, 1, 0]),
 (16, [752, 77, 0, 0, 0, 709, 1689, 1, 0, 1, 4, 1, 1, 0, 0]),
 (16, [836, 60, 0, 0, 0, 1265, 1390, 1, 1, 0, 3, 0, 2, 0, 0]),
 (16, [982, 53, 1, 1, 1, 1249, 1001, 0, 0, 2, 4, 1, 1, 1, 1]),
 (16, [1103, 25, 0, 0, 0, 1236, 941, 0, 0, 0, 3, 0, 2, 0, 1]),
 (16, [1197, 40, 0, 1, 1, 1591, 1725, 0, 0, 0, 1, 0, 1, 1, 0]),
 (16, [1210, 31, 0, 1, 1, 2013, 1543, 1, 1, 0, 0, 0, 1, 1, 1]),
 (16, [1409, 14, 0, 0, 0, 746, 1955, 0, 0, 0, 1, 0, 2, 1, 1]),
 (16, [1520, 34, 1, 1, 1, 1402, 995, 0, 1, 0, 4, 0, 2, 1, 0]),
 (16, [1529, 77, 0, 0, 0, 590, 1025, 0, 0, 0, 4, 0, 2, 0, 2]),
 (16, [1674, 83, 0, 0, 0, 2018, 1131, 0, 0, 1, 3, 0, 1, 2, 0]),
 (16, [1774, 38, 1, 1, 0, 1283, 1740, 0, 1, 2, 1, 1, 2, 0, 0]),
 (16, [1831, 71, 1, 1, 1, 738, 1385, 0, 0, 0, 4, 0, 1, 0, 0]),
 (17, [1251, 119, 0, 0, 0, 592, 1180, 0, 0, 0, 4, 1, 1, 2, 1]),
 (999, [540, 48, 1, 0, 1, 1656, 1772, 0, 0, 3, 1, 1, 2, 1, 2]),
 (999, [550, 65, 1, 1, 1, 878, 928, 1, 0, 3, 5, 0, 0, 0, 0]),
 (999, [756, 15, 1, 0, 1, 1306, 1068, 0, 0, 2, 5, 0, 1, 0, 0]),
 (999, [765, 59, 1, 0, 0, 1964, 1578, 0, 0, 3, 4, 0, 0, 1, 0]),
 (999, [831, 40, 1, 1, 1, 1144, 1789, 0, 1, 3, 2, 0, 2, 1, 0]),
 (999, [890, 91, 0, 0, 0, 1050, 1471, 1, 1, 2, 5, 0, 2, 0, 1]),
 (999, [941, 99, 1, 1, 0, 1938, 1437, 1, 0, 3, 3, 0, 2, 1, 1]),
 (999, [947, 27, 1, 1, 0, 571, 1303, 1, 1, 3, 1, 0, 2, 2, 0]),
 (999, [1016, 26, 1, 1, 1, 1109, 1756, 1, 0, 3, 4, 1, 2, 1, 2]),
 (999, [1177, 100, 1, 0, 1, 1207, 1601, 1, 1, 1, 5, 0, 1, 1, 0]),
 (999, [1368, 32, 1, 0, 1, 1189, 661, 1, 0, 3, 5, 1, 0, 2, 0]),
 (999, [1523, 66, 0, 0, 1, 1783, 1974, 0, 0, 3, 2, 1, 1, 2, 0]),
 (999, [1602, 14, 1, 1, 1, 1149, 1266, 1, 0, 3, 2, 0, 0, 2, 0]),
 (999, [1633, 61, 0, 0, 1, 533, 895, 1, 0, 3, 1, 0, 1, 2, 2]),
 (999, [1713, 83, 1, 0, 1, 575, 533, 0, 1, 1, 5, 0, 2, 2, 0]),
 (999, [1825, 117, 0, 0, 0, 660, 1073, 0, 1, 3, 5, 1, 0, 1, 0])]
Selected
[(16, [1103, 25, 0, 0, 0, 1236, 941, 0, 0, 0, 3, 0, 2, 0, 1]),
 (16, [1197, 40, 0, 1, 1, 1591, 1725, 0, 0, 0, 1, 0, 1, 1, 0]),
 (12, [701, 17, 0, 0, 0, 1280, 1319, 1, 1, 0, 4, 0, 2, 2, 2]),
 (16, [1529, 77, 0, 0, 0, 590, 1025, 0, 0, 0, 4, 0, 2, 0, 2]),
 (16, [752, 77, 0, 0, 0, 709, 1689, 1, 0, 1, 4, 1, 1, 0, 0]),
 (12, [1744, 76, 0, 1, 1, 585, 1250, 0, 1, 2, 1, 0, 0, 0, 2]),
 (12, [1744, 76, 0, 1, 1, 585, 1250, 0, 1, 2, 1, 0, 0, 0, 2]),
 (16, [1103, 25, 0, 0, 0, 1236, 941, 0, 0, 0, 3, 0, 2, 0, 1]),
 (12, [1744, 76, 0, 1, 1, 585, 1250, 0, 1, 2, 1, 0, 0, 0, 2]),
 (16, [752, 77, 0, 0, 0, 709, 1689, 1, 0, 1, 4, 1, 1, 0, 0]),
 (12, [701, 17, 0, 0, 0, 1280, 1319, 1, 1, 0, 4, 0, 2, 2, 2]),
 (12, [1744, 76, 0, 1, 1, 585, 1250, 0, 1, 2, 1, 0, 0, 0, 2]),
 (16, [752, 77, 0, 0, 0, 709, 1689, 1, 0, 1, 4, 1, 1, 0, 0]),
 (16, [982, 53, 1, 1, 1, 1249, 1001, 0, 0, 2, 4, 1, 1, 1, 1]),
 (16, [1520, 34, 1, 1, 1, 1402, 995, 0, 1, 0, 4, 0, 2, 1, 0]),
 (16, [982, 53, 1, 1, 1, 1249, 1001, 0, 0, 2, 4, 1, 1, 1, 1]),
 (17, [1251, 119, 0, 0, 0, 592, 1180, 0, 0, 0, 4, 1, 1, 2, 1]),
 (16, [1197, 40, 0, 1, 1, 1591, 1725, 0, 0, 0, 1, 0, 1, 1, 0]),
 (16, [982, 53, 1, 1, 1, 1249, 1001, 0, 0, 2, 4, 1, 1, 1, 1]),
 (16, [1103, 25, 0, 0, 0, 1236, 941, 0, 0, 0, 3, 0, 2, 0, 1]),
 (16, [982, 53, 1, 1, 1, 1249, 1001, 0, 0, 2, 4, 1, 1, 1, 1]),
 (12, [1744, 76, 0, 1, 1, 585, 1250, 0, 1, 2, 1, 0, 0, 0, 2]),
 (12, [1744, 76, 0, 1, 1, 585, 1250, 0, 1, 2, 1, 0, 0, 0, 2]),
 (16, [1197, 40, 0, 1, 1, 1591, 1725, 0, 0, 0, 1, 0, 1, 1, 0]),
 (16, [982, 53, 1, 1, 1, 1249, 1001, 0, 0, 2, 4, 1, 1, 1, 1]),
 (16, [836, 60, 0, 0, 0, 1265, 1390, 1, 1, 0, 3, 0, 2, 0, 0]),
 (12, [701, 17, 0, 0, 0, 1280, 1319, 1, 1, 0, 4, 0, 2, 2, 2])]
population
[(999, [1825, 117, 0, 0, 0, 660, 1073, 0, 1, 3, 5, 1, 0, 1, 0]),
 (999, [1713, 83, 1, 0, 1, 575, 533, 0, 1, 1, 5, 0, 2, 2, 0]),
 (999, [1633, 61, 0, 0, 1, 533, 895, 1, 0, 3, 1, 0, 1, 2, 2]),
 (999, [1602, 14, 1, 1, 1, 1149, 1266, 1, 0, 3, 2, 0, 0, 2, 0]),
 (999, [1523, 66, 0, 0, 1, 1783, 1974, 0, 0, 3, 2, 1, 1, 2, 0]),
 (999, [1368, 32, 1, 0, 1, 1189, 661, 1, 0, 3, 5, 1, 0, 2, 0]),
 (999, [1177, 100, 1, 0, 1, 1207, 1601, 1, 1, 1, 5, 0, 1, 1, 0]),
 (999, [1016, 26, 1, 1, 1, 1109, 1756, 1, 0, 3, 4, 1, 2, 1, 2]),
 (999, [947, 27, 1, 1, 0, 571, 1303, 1, 1, 3, 1, 0, 2, 2, 0]),
 (999, [941, 99, 1, 1, 0, 1938, 1437, 1, 0, 3, 3, 0, 2, 1, 1]),
 (999, [890, 91, 0, 0, 0, 1050, 1471, 1, 1, 2, 5, 0, 2, 0, 1]),
 (999, [831, 40, 1, 1, 1, 1144, 1789, 0, 1, 3, 2, 0, 2, 1, 0]),
 (999, [765, 59, 1, 0, 0, 1964, 1578, 0, 0, 3, 4, 0, 0, 1, 0]),
 (999, [756, 15, 1, 0, 1, 1306, 1068, 0, 0, 2, 5, 0, 1, 0, 0]),
 (999, [550, 65, 1, 1, 1, 878, 928, 1, 0, 3, 5, 0, 0, 0, 0]),
 (999, [540, 48, 1, 0, 1, 1656, 1772, 0, 0, 3, 1, 1, 2, 1, 2]),
 (17, [1251, 119, 0, 0, 0, 592, 1180, 0, 0, 0, 4, 1, 1, 2, 1]),
 (16, [1831, 71, 1, 1, 1, 738, 1385, 0, 0, 0, 4, 0, 1, 0, 0]),
 (16, [1774, 38, 1, 1, 0, 1283, 1740, 0, 1, 2, 1, 1, 2, 0, 0]),
 (16, [1674, 83, 0, 0, 0, 2018, 1131, 0, 0, 1, 3, 0, 1, 2, 0]),
 (16, [1529, 77, 0, 0, 0, 590, 1025, 0, 0, 0, 4, 0, 2, 0, 2]),
 (16, [1520, 34, 1, 1, 1, 1402, 995, 0, 1, 0, 4, 0, 2, 1, 0]),
 (16, [1409, 14, 0, 0, 0, 746, 1955, 0, 0, 0, 1, 0, 2, 1, 1]),
 (16, [1210, 31, 0, 1, 1, 2013, 1543, 1, 1, 0, 0, 0, 1, 1, 1]),
 (16, [1197, 40, 0, 1, 1, 1591, 1725, 0, 0, 0, 1, 0, 1, 1, 0]),
 (16, [1103, 25, 0, 0, 0, 1236, 941, 0, 0, 0, 3, 0, 2, 0, 1]),
 (16, [982, 53, 1, 1, 1, 1249, 1001, 0, 0, 2, 4, 1, 1, 1, 1]),
 (16, [836, 60, 0, 0, 0, 1265, 1390, 1, 1, 0, 3, 0, 2, 0, 0]),
 (16, [752, 77, 0, 0, 0, 709, 1689, 1, 0, 1, 4, 1, 1, 0, 0]),
 (12, [1827, 27, 0, 0, 0, 1827, 1916, 0, 0, 0, 1, 0, 0, 1, 0]),
 (12, [1744, 76, 0, 1, 1, 585, 1250, 0, 1, 2, 1, 0, 0, 0, 2]),
 (12, [701, 17, 0, 0, 0, 1280, 1319, 1, 1, 0, 4, 0, 2, 2, 2])]
scored
[(12, [701, 17, 0, 0, 0, 1280, 1319, 1, 1, 0, 4, 0, 2, 2, 2]),
 (12, [1744, 76, 0, 1, 1, 585, 1250, 0, 1, 2, 1, 0, 0, 0, 2]),
 (12, [1827, 27, 0, 0, 0, 1827, 1916, 0, 0, 0, 1, 0, 0, 1, 0]),
 (16, [752, 77, 0, 0, 0, 709, 1689, 1, 0, 1, 4, 1, 1, 0, 0]),
 (16, [836, 60, 0, 0, 0, 1265, 1390, 1, 1, 0, 3, 0, 2, 0, 0]),
 (16, [982, 53, 1, 1, 1, 1249, 1001, 0, 0, 2, 4, 1, 1, 1, 1]),
 (16, [1103, 25, 0, 0, 0, 1236, 941, 0, 0, 0, 3, 0, 2, 0, 1]),
 (16, [1197, 40, 0, 1, 1, 1591, 1725, 0, 0, 0, 1, 0, 1, 1, 0]),
 (16, [1210, 31, 0, 1, 1, 2013, 1543, 1, 1, 0, 0, 0, 1, 1, 1]),
 (16, [1409, 14, 0, 0, 0, 746, 1955, 0, 0, 0, 1, 0, 2, 1, 1]),
 (16, [1520, 34, 1, 1, 1, 1402, 995, 0, 1, 0, 4, 0, 2, 1, 0]),
 (16, [1529, 77, 0, 0, 0, 590, 1025, 0, 0, 0, 4, 0, 2, 0, 2]),
 (16, [1674, 83, 0, 0, 0, 2018, 1131, 0, 0, 1, 3, 0, 1, 2, 0]),
 (16, [1774, 38, 1, 1, 0, 1283, 1740, 0, 1, 2, 1, 1, 2, 0, 0]),
 (16, [1831, 71, 1, 1, 1, 738, 1385, 0, 0, 0, 4, 0, 1, 0, 0]),
 (17, [1251, 119, 0, 0, 0, 592, 1180, 0, 0, 0, 4, 1, 1, 2, 1]),
 (999, [540, 48, 1, 0, 1, 1656, 1772, 0, 0, 3, 1, 1, 2, 1, 2]),
 (999, [550, 65, 1, 1, 1, 878, 928, 1, 0, 3, 5, 0, 0, 0, 0]),
 (999, [756, 15, 1, 0, 1, 1306, 1068, 0, 0, 2, 5, 0, 1, 0, 0]),
 (999, [765, 59, 1, 0, 0, 1964, 1578, 0, 0, 3, 4, 0, 0, 1, 0]),
 (999, [831, 40, 1, 1, 1, 1144, 1789, 0, 1, 3, 2, 0, 2, 1, 0]),
 (999, [890, 91, 0, 0, 0, 1050, 1471, 1, 1, 2, 5, 0, 2, 0, 1]),
 (999, [941, 99, 1, 1, 0, 1938, 1437, 1, 0, 3, 3, 0, 2, 1, 1]),
 (999, [947, 27, 1, 1, 0, 571, 1303, 1, 1, 3, 1, 0, 2, 2, 0]),
 (999, [1016, 26, 1, 1, 1, 1109, 1756, 1, 0, 3, 4, 1, 2, 1, 2]),
 (999, [1177, 100, 1, 0, 1, 1207, 1601, 1, 1, 1, 5, 0, 1, 1, 0]),
 (999, [1368, 32, 1, 0, 1, 1189, 661, 1, 0, 3, 5, 1, 0, 2, 0]),
 (999, [1523, 66, 0, 0, 1, 1783, 1974, 0, 0, 3, 2, 1, 1, 2, 0]),
 (999, [1602, 14, 1, 1, 1, 1149, 1266, 1, 0, 3, 2, 0, 0, 2, 0]),
 (999, [1633, 61, 0, 0, 1, 533, 895, 1, 0, 3, 1, 0, 1, 2, 2]),
 (999, [1713, 83, 1, 0, 1, 575, 533, 0, 1, 1, 5, 0, 2, 2, 0]),
 (999, [1825, 117, 0, 0, 0, 660, 1073, 0, 1, 3, 5, 1, 0, 1, 0])]
Selected
[(16, [982, 53, 1, 1, 1, 1249, 1001, 0, 0, 2, 4, 1, 1, 1, 1]),
 (12, [1827, 27, 0, 0, 0, 1827, 1916, 0, 0, 0, 1, 0, 0, 1, 0]),
 (16, [982, 53, 1, 1, 1, 1249, 1001, 0, 0, 2, 4, 1, 1, 1, 1]),
 (12, [1744, 76, 0, 1, 1, 585, 1250, 0, 1, 2, 1, 0, 0, 0, 2]),
 (999, [941, 99, 1, 1, 0, 1938, 1437, 1, 0, 3, 3, 0, 2, 1, 1]),
 (12, [701, 17, 0, 0, 0, 1280, 1319, 1, 1, 0, 4, 0, 2, 2, 2]),
 (16, [836, 60, 0, 0, 0, 1265, 1390, 1, 1, 0, 3, 0, 2, 0, 0]),
 (12, [1744, 76, 0, 1, 1, 585, 1250, 0, 1, 2, 1, 0, 0, 0, 2]),
 (16, [836, 60, 0, 0, 0, 1265, 1390, 1, 1, 0, 3, 0, 2, 0, 0]),
 (12, [1744, 76, 0, 1, 1, 585, 1250, 0, 1, 2, 1, 0, 0, 0, 2]),
 (12, [1744, 76, 0, 1, 1, 585, 1250, 0, 1, 2, 1, 0, 0, 0, 2]),
 (16, [1409, 14, 0, 0, 0, 746, 1955, 0, 0, 0, 1, 0, 2, 1, 1]),
 (16, [982, 53, 1, 1, 1, 1249, 1001, 0, 0, 2, 4, 1, 1, 1, 1]),
 (17, [1251, 119, 0, 0, 0, 592, 1180, 0, 0, 0, 4, 1, 1, 2, 1]),
 (12, [701, 17, 0, 0, 0, 1280, 1319, 1, 1, 0, 4, 0, 2, 2, 2]),
 (16, [982, 53, 1, 1, 1, 1249, 1001, 0, 0, 2, 4, 1, 1, 1, 1]),
 (12, [1744, 76, 0, 1, 1, 585, 1250, 0, 1, 2, 1, 0, 0, 0, 2]),
 (16, [1103, 25, 0, 0, 0, 1236, 941, 0, 0, 0, 3, 0, 2, 0, 1]),
 (12, [1827, 27, 0, 0, 0, 1827, 1916, 0, 0, 0, 1, 0, 0, 1, 0]),
 (16, [836, 60, 0, 0, 0, 1265, 1390, 1, 1, 0, 3, 0, 2, 0, 0]),
 (12, [701, 17, 0, 0, 0, 1280, 1319, 1, 1, 0, 4, 0, 2, 2, 2]),
 (12, [1744, 76, 0, 1, 1, 585, 1250, 0, 1, 2, 1, 0, 0, 0, 2]),
 (16, [1674, 83, 0, 0, 0, 2018, 1131, 0, 0, 1, 3, 0, 1, 2, 0]),
 (12, [701, 17, 0, 0, 0, 1280, 1319, 1, 1, 0, 4, 0, 2, 2, 2]),
 (999, [540, 48, 1, 0, 1, 1656, 1772, 0, 0, 3, 1, 1, 2, 1, 2]),
 (12, [1744, 76, 0, 1, 1, 585, 1250, 0, 1, 2, 1, 0, 0, 0, 2]),
 (12, [1744, 76, 0, 1, 1, 585, 1250, 0, 1, 2, 1, 0, 0, 0, 2])]
population
[(999, [1825, 117, 0, 0, 0, 660, 1073, 0, 1, 3, 5, 1, 0, 1, 0]),
 (999, [1713, 83, 1, 0, 1, 575, 533, 0, 1, 1, 5, 0, 2, 2, 0]),
 (999, [1633, 61, 0, 0, 1, 533, 895, 1, 0, 3, 1, 0, 1, 2, 2]),
 (999, [1602, 14, 1, 1, 1, 1149, 1266, 1, 0, 3, 2, 0, 0, 2, 0]),
 (999, [1523, 66, 0, 0, 1, 1783, 1974, 0, 0, 3, 2, 1, 1, 2, 0]),
 (999, [1368, 32, 1, 0, 1, 1189, 661, 1, 0, 3, 5, 1, 0, 2, 0]),
 (999, [1177, 100, 1, 0, 1, 1207, 1601, 1, 1, 1, 5, 0, 1, 1, 0]),
 (999, [1016, 26, 1, 1, 1, 1109, 1756, 1, 0, 3, 4, 1, 2, 1, 2]),
 (999, [947, 27, 1, 1, 0, 571, 1303, 1, 1, 3, 1, 0, 2, 2, 0]),
 (999, [941, 99, 1, 1, 0, 1938, 1437, 1, 0, 3, 3, 0, 2, 1, 1]),
 (999, [890, 91, 0, 0, 0, 1050, 1471, 1, 1, 2, 5, 0, 2, 0, 1]),
 (999, [831, 40, 1, 1, 1, 1144, 1789, 0, 1, 3, 2, 0, 2, 1, 0]),
 (999, [765, 59, 1, 0, 0, 1964, 1578, 0, 0, 3, 4, 0, 0, 1, 0]),
 (999, [756, 15, 1, 0, 1, 1306, 1068, 0, 0, 2, 5, 0, 1, 0, 0]),
 (999, [550, 65, 1, 1, 1, 878, 928, 1, 0, 3, 5, 0, 0, 0, 0]),
 (999, [540, 48, 1, 0, 1, 1656, 1772, 0, 0, 3, 1, 1, 2, 1, 2]),
 (17, [1251, 119, 0, 0, 0, 592, 1180, 0, 0, 0, 4, 1, 1, 2, 1]),
 (16, [1831, 71, 1, 1, 1, 738, 1385, 0, 0, 0, 4, 0, 1, 0, 0]),
 (16, [1774, 38, 1, 1, 0, 1283, 1740, 0, 1, 2, 1, 1, 2, 0, 0]),
 (16, [1674, 83, 0, 0, 0, 2018, 1131, 0, 0, 1, 3, 0, 1, 2, 0]),
 (16, [1529, 77, 0, 0, 0, 590, 1025, 0, 0, 0, 4, 0, 2, 0, 2]),
 (16, [1520, 34, 1, 1, 1, 1402, 995, 0, 1, 0, 4, 0, 2, 1, 0]),
 (16, [1409, 14, 0, 0, 0, 746, 1955, 0, 0, 0, 1, 0, 2, 1, 1]),
 (16, [1210, 31, 0, 1, 1, 2013, 1543, 1, 1, 0, 0, 0, 1, 1, 1]),
 (16, [1197, 40, 0, 1, 1, 1591, 1725, 0, 0, 0, 1, 0, 1, 1, 0]),
 (16, [1103, 25, 0, 0, 0, 1236, 941, 0, 0, 0, 3, 0, 2, 0, 1]),
 (16, [982, 53, 1, 1, 1, 1249, 1001, 0, 0, 2, 4, 1, 1, 1, 1]),
 (16, [836, 60, 0, 0, 0, 1265, 1390, 1, 1, 0, 3, 0, 2, 0, 0]),
 (16, [752, 77, 0, 0, 0, 709, 1689, 1, 0, 1, 4, 1, 1, 0, 0]),
 (12, [1827, 27, 0, 0, 0, 1827, 1916, 0, 0, 0, 1, 0, 0, 1, 0]),
 (12, [1744, 76, 0, 1, 1, 585, 1250, 0, 1, 2, 1, 0, 0, 0, 2]),
 (12, [701, 17, 0, 0, 0, 1280, 1319, 1, 1, 0, 4, 0, 2, 2, 2])]
scored
[(12, [701, 17, 0, 0, 0, 1280, 1319, 1, 1, 0, 4, 0, 2, 2, 2]),
 (12, [1744, 76, 0, 1, 1, 585, 1250, 0, 1, 2, 1, 0, 0, 0, 2]),
 (12, [1827, 27, 0, 0, 0, 1827, 1916, 0, 0, 0, 1, 0, 0, 1, 0]),
 (16, [752, 77, 0, 0, 0, 709, 1689, 1, 0, 1, 4, 1, 1, 0, 0]),
 (16, [836, 60, 0, 0, 0, 1265, 1390, 1, 1, 0, 3, 0, 2, 0, 0]),
 (16, [982, 53, 1, 1, 1, 1249, 1001, 0, 0, 2, 4, 1, 1, 1, 1]),
 (16, [1103, 25, 0, 0, 0, 1236, 941, 0, 0, 0, 3, 0, 2, 0, 1]),
 (16, [1197, 40, 0, 1, 1, 1591, 1725, 0, 0, 0, 1, 0, 1, 1, 0]),
 (16, [1210, 31, 0, 1, 1, 2013, 1543, 1, 1, 0, 0, 0, 1, 1, 1]),
 (16, [1409, 14, 0, 0, 0, 746, 1955, 0, 0, 0, 1, 0, 2, 1, 1]),
 (16, [1520, 34, 1, 1, 1, 1402, 995, 0, 1, 0, 4, 0, 2, 1, 0]),
 (16, [1529, 77, 0, 0, 0, 590, 1025, 0, 0, 0, 4, 0, 2, 0, 2]),
 (16, [1674, 83, 0, 0, 0, 2018, 1131, 0, 0, 1, 3, 0, 1, 2, 0]),
 (16, [1774, 38, 1, 1, 0, 1283, 1740, 0, 1, 2, 1, 1, 2, 0, 0]),
 (16, [1831, 71, 1, 1, 1, 738, 1385, 0, 0, 0, 4, 0, 1, 0, 0]),
 (17, [1251, 119, 0, 0, 0, 592, 1180, 0, 0, 0, 4, 1, 1, 2, 1]),
 (999, [540, 48, 1, 0, 1, 1656, 1772, 0, 0, 3, 1, 1, 2, 1, 2]),
 (999, [550, 65, 1, 1, 1, 878, 928, 1, 0, 3, 5, 0, 0, 0, 0]),
 (999, [756, 15, 1, 0, 1, 1306, 1068, 0, 0, 2, 5, 0, 1, 0, 0]),
 (999, [765, 59, 1, 0, 0, 1964, 1578, 0, 0, 3, 4, 0, 0, 1, 0]),
 (999, [831, 40, 1, 1, 1, 1144, 1789, 0, 1, 3, 2, 0, 2, 1, 0]),
 (999, [890, 91, 0, 0, 0, 1050, 1471, 1, 1, 2, 5, 0, 2, 0, 1]),
 (999, [941, 99, 1, 1, 0, 1938, 1437, 1, 0, 3, 3, 0, 2, 1, 1]),
 (999, [947, 27, 1, 1, 0, 571, 1303, 1, 1, 3, 1, 0, 2, 2, 0]),
 (999, [1016, 26, 1, 1, 1, 1109, 1756, 1, 0, 3, 4, 1, 2, 1, 2]),
 (999, [1177, 100, 1, 0, 1, 1207, 1601, 1, 1, 1, 5, 0, 1, 1, 0]),
 (999, [1368, 32, 1, 0, 1, 1189, 661, 1, 0, 3, 5, 1, 0, 2, 0]),
 (999, [1523, 66, 0, 0, 1, 1783, 1974, 0, 0, 3, 2, 1, 1, 2, 0]),
 (999, [1602, 14, 1, 1, 1, 1149, 1266, 1, 0, 3, 2, 0, 0, 2, 0]),
 (999, [1633, 61, 0, 0, 1, 533, 895, 1, 0, 3, 1, 0, 1, 2, 2]),
 (999, [1713, 83, 1, 0, 1, 575, 533, 0, 1, 1, 5, 0, 2, 2, 0]),
 (999, [1825, 117, 0, 0, 0, 660, 1073, 0, 1, 3, 5, 1, 0, 1, 0])]
Selected
[(999, [756, 15, 1, 0, 1, 1306, 1068, 0, 0, 2, 5, 0, 1, 0, 0]),
 (16, [1674, 83, 0, 0, 0, 2018, 1131, 0, 0, 1, 3, 0, 1, 2, 0]),
 (12, [1827, 27, 0, 0, 0, 1827, 1916, 0, 0, 0, 1, 0, 0, 1, 0]),
 (16, [982, 53, 1, 1, 1, 1249, 1001, 0, 0, 2, 4, 1, 1, 1, 1]),
 (12, [701, 17, 0, 0, 0, 1280, 1319, 1, 1, 0, 4, 0, 2, 2, 2]),
 (12, [1744, 76, 0, 1, 1, 585, 1250, 0, 1, 2, 1, 0, 0, 0, 2]),
 (12, [1744, 76, 0, 1, 1, 585, 1250, 0, 1, 2, 1, 0, 0, 0, 2]),
 (12, [701, 17, 0, 0, 0, 1280, 1319, 1, 1, 0, 4, 0, 2, 2, 2]),
 (12, [1827, 27, 0, 0, 0, 1827, 1916, 0, 0, 0, 1, 0, 0, 1, 0]),
 (16, [836, 60, 0, 0, 0, 1265, 1390, 1, 1, 0, 3, 0, 2, 0, 0]),
 (999, [550, 65, 1, 1, 1, 878, 928, 1, 0, 3, 5, 0, 0, 0, 0]),
 (12, [1744, 76, 0, 1, 1, 585, 1250, 0, 1, 2, 1, 0, 0, 0, 2]),
 (16, [1197, 40, 0, 1, 1, 1591, 1725, 0, 0, 0, 1, 0, 1, 1, 0]),
 (16, [982, 53, 1, 1, 1, 1249, 1001, 0, 0, 2, 4, 1, 1, 1, 1]),
 (12, [1744, 76, 0, 1, 1, 585, 1250, 0, 1, 2, 1, 0, 0, 0, 2]),
 (16, [1774, 38, 1, 1, 0, 1283, 1740, 0, 1, 2, 1, 1, 2, 0, 0]),
 (16, [1197, 40, 0, 1, 1, 1591, 1725, 0, 0, 0, 1, 0, 1, 1, 0]),
 (12, [1744, 76, 0, 1, 1, 585, 1250, 0, 1, 2, 1, 0, 0, 0, 2]),
 (16, [1197, 40, 0, 1, 1, 1591, 1725, 0, 0, 0, 1, 0, 1, 1, 0]),
 (16, [1197, 40, 0, 1, 1, 1591, 1725, 0, 0, 0, 1, 0, 1, 1, 0]),
 (12, [701, 17, 0, 0, 0, 1280, 1319, 1, 1, 0, 4, 0, 2, 2, 2]),
 (999, [540, 48, 1, 0, 1, 1656, 1772, 0, 0, 3, 1, 1, 2, 1, 2]),
 (16, [836, 60, 0, 0, 0, 1265, 1390, 1, 1, 0, 3, 0, 2, 0, 0]),
 (16, [982, 53, 1, 1, 1, 1249, 1001, 0, 0, 2, 4, 1, 1, 1, 1]),
 (16, [1103, 25, 0, 0, 0, 1236, 941, 0, 0, 0, 3, 0, 2, 0, 1]),
 (16, [982, 53, 1, 1, 1, 1249, 1001, 0, 0, 2, 4, 1, 1, 1, 1]),
 (12, [1744, 76, 0, 1, 1, 585, 1250, 0, 1, 2, 1, 0, 0, 0, 2])]
population
[(999, [1825, 117, 0, 0, 0, 660, 1073, 0, 1, 3, 5, 1, 0, 1, 0]),
 (999, [1713, 83, 1, 0, 1, 575, 533, 0, 1, 1, 5, 0, 2, 2, 0]),
 (999, [1633, 61, 0, 0, 1, 533, 895, 1, 0, 3, 1, 0, 1, 2, 2]),
 (999, [1602, 14, 1, 1, 1, 1149, 1266, 1, 0, 3, 2, 0, 0, 2, 0]),
 (999, [1523, 66, 0, 0, 1, 1783, 1974, 0, 0, 3, 2, 1, 1, 2, 0]),
 (999, [1368, 32, 1, 0, 1, 1189, 661, 1, 0, 3, 5, 1, 0, 2, 0]),
 (999, [1177, 100, 1, 0, 1, 1207, 1601, 1, 1, 1, 5, 0, 1, 1, 0]),
 (999, [1016, 26, 1, 1, 1, 1109, 1756, 1, 0, 3, 4, 1, 2, 1, 2]),
 (999, [947, 27, 1, 1, 0, 571, 1303, 1, 1, 3, 1, 0, 2, 2, 0]),
 (999, [941, 99, 1, 1, 0, 1938, 1437, 1, 0, 3, 3, 0, 2, 1, 1]),
 (999, [890, 91, 0, 0, 0, 1050, 1471, 1, 1, 2, 5, 0, 2, 0, 1]),
 (999, [831, 40, 1, 1, 1, 1144, 1789, 0, 1, 3, 2, 0, 2, 1, 0]),
 (999, [765, 59, 1, 0, 0, 1964, 1578, 0, 0, 3, 4, 0, 0, 1, 0]),
 (999, [756, 15, 1, 0, 1, 1306, 1068, 0, 0, 2, 5, 0, 1, 0, 0]),
 (999, [550, 65, 1, 1, 1, 878, 928, 1, 0, 3, 5, 0, 0, 0, 0]),
 (999, [540, 48, 1, 0, 1, 1656, 1772, 0, 0, 3, 1, 1, 2, 1, 2]),
 (17, [1251, 119, 0, 0, 0, 592, 1180, 0, 0, 0, 4, 1, 1, 2, 1]),
 (16, [1831, 71, 1, 1, 1, 738, 1385, 0, 0, 0, 4, 0, 1, 0, 0]),
 (16, [1774, 38, 1, 1, 0, 1283, 1740, 0, 1, 2, 1, 1, 2, 0, 0]),
 (16, [1674, 83, 0, 0, 0, 2018, 1131, 0, 0, 1, 3, 0, 1, 2, 0]),
 (16, [1529, 77, 0, 0, 0, 590, 1025, 0, 0, 0, 4, 0, 2, 0, 2]),
 (16, [1520, 34, 1, 1, 1, 1402, 995, 0, 1, 0, 4, 0, 2, 1, 0]),
 (16, [1409, 14, 0, 0, 0, 746, 1955, 0, 0, 0, 1, 0, 2, 1, 1]),
 (16, [1210, 31, 0, 1, 1, 2013, 1543, 1, 1, 0, 0, 0, 1, 1, 1]),
 (16, [1197, 40, 0, 1, 1, 1591, 1725, 0, 0, 0, 1, 0, 1, 1, 0]),
 (16, [1103, 25, 0, 0, 0, 1236, 941, 0, 0, 0, 3, 0, 2, 0, 1]),
 (16, [982, 53, 1, 1, 1, 1249, 1001, 0, 0, 2, 4, 1, 1, 1, 1]),
 (16, [836, 60, 0, 0, 0, 1265, 1390, 1, 1, 0, 3, 0, 2, 0, 0]),
 (16, [752, 77, 0, 0, 0, 709, 1689, 1, 0, 1, 4, 1, 1, 0, 0]),
 (12, [1827, 27, 0, 0, 0, 1827, 1916, 0, 0, 0, 1, 0, 0, 1, 0]),
 (12, [1744, 76, 0, 1, 1, 585, 1250, 0, 1, 2, 1, 0, 0, 0, 2]),
 (12, [701, 17, 0, 0, 0, 1280, 1319, 1, 1, 0, 4, 0, 2, 2, 2])]
scored
[(12, [701, 17, 0, 0, 0, 1280, 1319, 1, 1, 0, 4, 0, 2, 2, 2]),
 (12, [1744, 76, 0, 1, 1, 585, 1250, 0, 1, 2, 1, 0, 0, 0, 2]),
 (12, [1827, 27, 0, 0, 0, 1827, 1916, 0, 0, 0, 1, 0, 0, 1, 0]),
 (16, [752, 77, 0, 0, 0, 709, 1689, 1, 0, 1, 4, 1, 1, 0, 0]),
 (16, [836, 60, 0, 0, 0, 1265, 1390, 1, 1, 0, 3, 0, 2, 0, 0]),
 (16, [982, 53, 1, 1, 1, 1249, 1001, 0, 0, 2, 4, 1, 1, 1, 1]),
 (16, [1103, 25, 0, 0, 0, 1236, 941, 0, 0, 0, 3, 0, 2, 0, 1]),
 (16, [1197, 40, 0, 1, 1, 1591, 1725, 0, 0, 0, 1, 0, 1, 1, 0]),
 (16, [1210, 31, 0, 1, 1, 2013, 1543, 1, 1, 0, 0, 0, 1, 1, 1]),
 (16, [1409, 14, 0, 0, 0, 746, 1955, 0, 0, 0, 1, 0, 2, 1, 1]),
 (16, [1520, 34, 1, 1, 1, 1402, 995, 0, 1, 0, 4, 0, 2, 1, 0]),
 (16, [1529, 77, 0, 0, 0, 590, 1025, 0, 0, 0, 4, 0, 2, 0, 2]),
 (16, [1674, 83, 0, 0, 0, 2018, 1131, 0, 0, 1, 3, 0, 1, 2, 0]),
 (16, [1774, 38, 1, 1, 0, 1283, 1740, 0, 1, 2, 1, 1, 2, 0, 0]),
 (16, [1831, 71, 1, 1, 1, 738, 1385, 0, 0, 0, 4, 0, 1, 0, 0]),
 (17, [1251, 119, 0, 0, 0, 592, 1180, 0, 0, 0, 4, 1, 1, 2, 1]),
 (999, [540, 48, 1, 0, 1, 1656, 1772, 0, 0, 3, 1, 1, 2, 1, 2]),
 (999, [550, 65, 1, 1, 1, 878, 928, 1, 0, 3, 5, 0, 0, 0, 0]),
 (999, [756, 15, 1, 0, 1, 1306, 1068, 0, 0, 2, 5, 0, 1, 0, 0]),
 (999, [765, 59, 1, 0, 0, 1964, 1578, 0, 0, 3, 4, 0, 0, 1, 0]),
 (999, [831, 40, 1, 1, 1, 1144, 1789, 0, 1, 3, 2, 0, 2, 1, 0]),
 (999, [890, 91, 0, 0, 0, 1050, 1471, 1, 1, 2, 5, 0, 2, 0, 1]),
 (999, [941, 99, 1, 1, 0, 1938, 1437, 1, 0, 3, 3, 0, 2, 1, 1]),
 (999, [947, 27, 1, 1, 0, 571, 1303, 1, 1, 3, 1, 0, 2, 2, 0]),
 (999, [1016, 26, 1, 1, 1, 1109, 1756, 1, 0, 3, 4, 1, 2, 1, 2]),
 (999, [1177, 100, 1, 0, 1, 1207, 1601, 1, 1, 1, 5, 0, 1, 1, 0]),
 (999, [1368, 32, 1, 0, 1, 1189, 661, 1, 0, 3, 5, 1, 0, 2, 0]),
 (999, [1523, 66, 0, 0, 1, 1783, 1974, 0, 0, 3, 2, 1, 1, 2, 0]),
 (999, [1602, 14, 1, 1, 1, 1149, 1266, 1, 0, 3, 2, 0, 0, 2, 0]),
 (999, [1633, 61, 0, 0, 1, 533, 895, 1, 0, 3, 1, 0, 1, 2, 2]),
 (999, [1713, 83, 1, 0, 1, 575, 533, 0, 1, 1, 5, 0, 2, 2, 0]),
 (999, [1825, 117, 0, 0, 0, 660, 1073, 0, 1, 3, 5, 1, 0, 1, 0])]
Selected
[(12, [1744, 76, 0, 1, 1, 585, 1250, 0, 1, 2, 1, 0, 0, 0, 2]),
 (16, [1197, 40, 0, 1, 1, 1591, 1725, 0, 0, 0, 1, 0, 1, 1, 0]),
 (16, [1520, 34, 1, 1, 1, 1402, 995, 0, 1, 0, 4, 0, 2, 1, 0]),
 (12, [701, 17, 0, 0, 0, 1280, 1319, 1, 1, 0, 4, 0, 2, 2, 2]),
 (999, [550, 65, 1, 1, 1, 878, 928, 1, 0, 3, 5, 0, 0, 0, 0]),
 (16, [1529, 77, 0, 0, 0, 590, 1025, 0, 0, 0, 4, 0, 2, 0, 2]),
 (16, [1520, 34, 1, 1, 1, 1402, 995, 0, 1, 0, 4, 0, 2, 1, 0]),
 (16, [1529, 77, 0, 0, 0, 590, 1025, 0, 0, 0, 4, 0, 2, 0, 2]),
 (12, [1827, 27, 0, 0, 0, 1827, 1916, 0, 0, 0, 1, 0, 0, 1, 0]),
 (12, [1827, 27, 0, 0, 0, 1827, 1916, 0, 0, 0, 1, 0, 0, 1, 0]),
 (12, [1744, 76, 0, 1, 1, 585, 1250, 0, 1, 2, 1, 0, 0, 0, 2]),
 (16, [1197, 40, 0, 1, 1, 1591, 1725, 0, 0, 0, 1, 0, 1, 1, 0]),
 (12, [1744, 76, 0, 1, 1, 585, 1250, 0, 1, 2, 1, 0, 0, 0, 2]),
 (16, [1210, 31, 0, 1, 1, 2013, 1543, 1, 1, 0, 0, 0, 1, 1, 1]),
 (12, [1744, 76, 0, 1, 1, 585, 1250, 0, 1, 2, 1, 0, 0, 0, 2]),
 (12, [701, 17, 0, 0, 0, 1280, 1319, 1, 1, 0, 4, 0, 2, 2, 2]),
 (16, [1197, 40, 0, 1, 1, 1591, 1725, 0, 0, 0, 1, 0, 1, 1, 0]),
 (16, [752, 77, 0, 0, 0, 709, 1689, 1, 0, 1, 4, 1, 1, 0, 0]),
 (12, [1827, 27, 0, 0, 0, 1827, 1916, 0, 0, 0, 1, 0, 0, 1, 0]),
 (12, [701, 17, 0, 0, 0, 1280, 1319, 1, 1, 0, 4, 0, 2, 2, 2]),
 (16, [1103, 25, 0, 0, 0, 1236, 941, 0, 0, 0, 3, 0, 2, 0, 1]),
 (16, [1197, 40, 0, 1, 1, 1591, 1725, 0, 0, 0, 1, 0, 1, 1, 0]),
 (12, [1744, 76, 0, 1, 1, 585, 1250, 0, 1, 2, 1, 0, 0, 0, 2]),
 (12, [701, 17, 0, 0, 0, 1280, 1319, 1, 1, 0, 4, 0, 2, 2, 2]),
 (16, [752, 77, 0, 0, 0, 709, 1689, 1, 0, 1, 4, 1, 1, 0, 0]),
 (12, [1827, 27, 0, 0, 0, 1827, 1916, 0, 0, 0, 1, 0, 0, 1, 0]),
 (16, [1103, 25, 0, 0, 0, 1236, 941, 0, 0, 0, 3, 0, 2, 0, 1])]
population
[(999, [1825, 117, 0, 0, 0, 660, 1073, 0, 1, 3, 5, 1, 0, 1, 0]),
 (999, [1713, 83, 1, 0, 1, 575, 533, 0, 1, 1, 5, 0, 2, 2, 0]),
 (999, [1633, 61, 0, 0, 1, 533, 895, 1, 0, 3, 1, 0, 1, 2, 2]),
 (999, [1602, 14, 1, 1, 1, 1149, 1266, 1, 0, 3, 2, 0, 0, 2, 0]),
 (999, [1523, 66, 0, 0, 1, 1783, 1974, 0, 0, 3, 2, 1, 1, 2, 0]),
 (999, [1368, 32, 1, 0, 1, 1189, 661, 1, 0, 3, 5, 1, 0, 2, 0]),
 (999, [1177, 100, 1, 0, 1, 1207, 1601, 1, 1, 1, 5, 0, 1, 1, 0]),
 (999, [1016, 26, 1, 1, 1, 1109, 1756, 1, 0, 3, 4, 1, 2, 1, 2]),
 (999, [947, 27, 1, 1, 0, 571, 1303, 1, 1, 3, 1, 0, 2, 2, 0]),
 (999, [941, 99, 1, 1, 0, 1938, 1437, 1, 0, 3, 3, 0, 2, 1, 1]),
 (999, [890, 91, 0, 0, 0, 1050, 1471, 1, 1, 2, 5, 0, 2, 0, 1]),
 (999, [831, 40, 1, 1, 1, 1144, 1789, 0, 1, 3, 2, 0, 2, 1, 0]),
 (999, [765, 59, 1, 0, 0, 1964, 1578, 0, 0, 3, 4, 0, 0, 1, 0]),
 (999, [756, 15, 1, 0, 1, 1306, 1068, 0, 0, 2, 5, 0, 1, 0, 0]),
 (999, [550, 65, 1, 1, 1, 878, 928, 1, 0, 3, 5, 0, 0, 0, 0]),
 (999, [540, 48, 1, 0, 1, 1656, 1772, 0, 0, 3, 1, 1, 2, 1, 2]),
 (17, [1251, 119, 0, 0, 0, 592, 1180, 0, 0, 0, 4, 1, 1, 2, 1]),
 (16, [1831, 71, 1, 1, 1, 738, 1385, 0, 0, 0, 4, 0, 1, 0, 0]),
 (16, [1774, 38, 1, 1, 0, 1283, 1740, 0, 1, 2, 1, 1, 2, 0, 0]),
 (16, [1674, 83, 0, 0, 0, 2018, 1131, 0, 0, 1, 3, 0, 1, 2, 0]),
 (16, [1529, 77, 0, 0, 0, 590, 1025, 0, 0, 0, 4, 0, 2, 0, 2]),
 (16, [1520, 34, 1, 1, 1, 1402, 995, 0, 1, 0, 4, 0, 2, 1, 0]),
 (16, [1409, 14, 0, 0, 0, 746, 1955, 0, 0, 0, 1, 0, 2, 1, 1]),
 (16, [1210, 31, 0, 1, 1, 2013, 1543, 1, 1, 0, 0, 0, 1, 1, 1]),
 (16, [1197, 40, 0, 1, 1, 1591, 1725, 0, 0, 0, 1, 0, 1, 1, 0]),
 (16, [1103, 25, 0, 0, 0, 1236, 941, 0, 0, 0, 3, 0, 2, 0, 1]),
 (16, [982, 53, 1, 1, 1, 1249, 1001, 0, 0, 2, 4, 1, 1, 1, 1]),
 (16, [836, 60, 0, 0, 0, 1265, 1390, 1, 1, 0, 3, 0, 2, 0, 0]),
 (16, [752, 77, 0, 0, 0, 709, 1689, 1, 0, 1, 4, 1, 1, 0, 0]),
 (12, [1827, 27, 0, 0, 0, 1827, 1916, 0, 0, 0, 1, 0, 0, 1, 0]),
 (12, [1744, 76, 0, 1, 1, 585, 1250, 0, 1, 2, 1, 0, 0, 0, 2]),
 (12, [701, 17, 0, 0, 0, 1280, 1319, 1, 1, 0, 4, 0, 2, 2, 2])]
scored
[(12, [701, 17, 0, 0, 0, 1280, 1319, 1, 1, 0, 4, 0, 2, 2, 2]),
 (12, [1744, 76, 0, 1, 1, 585, 1250, 0, 1, 2, 1, 0, 0, 0, 2]),
 (12, [1827, 27, 0, 0, 0, 1827, 1916, 0, 0, 0, 1, 0, 0, 1, 0]),
 (16, [752, 77, 0, 0, 0, 709, 1689, 1, 0, 1, 4, 1, 1, 0, 0]),
 (16, [836, 60, 0, 0, 0, 1265, 1390, 1, 1, 0, 3, 0, 2, 0, 0]),
 (16, [982, 53, 1, 1, 1, 1249, 1001, 0, 0, 2, 4, 1, 1, 1, 1]),
 (16, [1103, 25, 0, 0, 0, 1236, 941, 0, 0, 0, 3, 0, 2, 0, 1]),
 (16, [1197, 40, 0, 1, 1, 1591, 1725, 0, 0, 0, 1, 0, 1, 1, 0]),
 (16, [1210, 31, 0, 1, 1, 2013, 1543, 1, 1, 0, 0, 0, 1, 1, 1]),
 (16, [1409, 14, 0, 0, 0, 746, 1955, 0, 0, 0, 1, 0, 2, 1, 1]),
 (16, [1520, 34, 1, 1, 1, 1402, 995, 0, 1, 0, 4, 0, 2, 1, 0]),
 (16, [1529, 77, 0, 0, 0, 590, 1025, 0, 0, 0, 4, 0, 2, 0, 2]),
 (16, [1674, 83, 0, 0, 0, 2018, 1131, 0, 0, 1, 3, 0, 1, 2, 0]),
 (16, [1774, 38, 1, 1, 0, 1283, 1740, 0, 1, 2, 1, 1, 2, 0, 0]),
 (16, [1831, 71, 1, 1, 1, 738, 1385, 0, 0, 0, 4, 0, 1, 0, 0]),
 (17, [1251, 119, 0, 0, 0, 592, 1180, 0, 0, 0, 4, 1, 1, 2, 1]),
 (999, [540, 48, 1, 0, 1, 1656, 1772, 0, 0, 3, 1, 1, 2, 1, 2]),
 (999, [550, 65, 1, 1, 1, 878, 928, 1, 0, 3, 5, 0, 0, 0, 0]),
 (999, [756, 15, 1, 0, 1, 1306, 1068, 0, 0, 2, 5, 0, 1, 0, 0]),
 (999, [765, 59, 1, 0, 0, 1964, 1578, 0, 0, 3, 4, 0, 0, 1, 0]),
 (999, [831, 40, 1, 1, 1, 1144, 1789, 0, 1, 3, 2, 0, 2, 1, 0]),
 (999, [890, 91, 0, 0, 0, 1050, 1471, 1, 1, 2, 5, 0, 2, 0, 1]),
 (999, [941, 99, 1, 1, 0, 1938, 1437, 1, 0, 3, 3, 0, 2, 1, 1]),
 (999, [947, 27, 1, 1, 0, 571, 1303, 1, 1, 3, 1, 0, 2, 2, 0]),
 (999, [1016, 26, 1, 1, 1, 1109, 1756, 1, 0, 3, 4, 1, 2, 1, 2]),
 (999, [1177, 100, 1, 0, 1, 1207, 1601, 1, 1, 1, 5, 0, 1, 1, 0]),
 (999, [1368, 32, 1, 0, 1, 1189, 661, 1, 0, 3, 5, 1, 0, 2, 0]),
 (999, [1523, 66, 0, 0, 1, 1783, 1974, 0, 0, 3, 2, 1, 1, 2, 0]),
 (999, [1602, 14, 1, 1, 1, 1149, 1266, 1, 0, 3, 2, 0, 0, 2, 0]),
 (999, [1633, 61, 0, 0, 1, 533, 895, 1, 0, 3, 1, 0, 1, 2, 2]),
 (999, [1713, 83, 1, 0, 1, 575, 533, 0, 1, 1, 5, 0, 2, 2, 0]),
 (999, [1825, 117, 0, 0, 0, 660, 1073, 0, 1, 3, 5, 1, 0, 1, 0])]
Selected
[(16, [752, 77, 0, 0, 0, 709, 1689, 1, 0, 1, 4, 1, 1, 0, 0]),
 (12, [1827, 27, 0, 0, 0, 1827, 1916, 0, 0, 0, 1, 0, 0, 1, 0]),
 (12, [1744, 76, 0, 1, 1, 585, 1250, 0, 1, 2, 1, 0, 0, 0, 2]),
 (16, [752, 77, 0, 0, 0, 709, 1689, 1, 0, 1, 4, 1, 1, 0, 0]),
 (12, [701, 17, 0, 0, 0, 1280, 1319, 1, 1, 0, 4, 0, 2, 2, 2]),
 (16, [1409, 14, 0, 0, 0, 746, 1955, 0, 0, 0, 1, 0, 2, 1, 1]),
 (12, [1744, 76, 0, 1, 1, 585, 1250, 0, 1, 2, 1, 0, 0, 0, 2]),
 (16, [836, 60, 0, 0, 0, 1265, 1390, 1, 1, 0, 3, 0, 2, 0, 0]),
 (16, [1197, 40, 0, 1, 1, 1591, 1725, 0, 0, 0, 1, 0, 1, 1, 0]),
 (16, [1210, 31, 0, 1, 1, 2013, 1543, 1, 1, 0, 0, 0, 1, 1, 1]),
 (16, [1529, 77, 0, 0, 0, 590, 1025, 0, 0, 0, 4, 0, 2, 0, 2]),
 (16, [1103, 25, 0, 0, 0, 1236, 941, 0, 0, 0, 3, 0, 2, 0, 1]),
 (12, [1744, 76, 0, 1, 1, 585, 1250, 0, 1, 2, 1, 0, 0, 0, 2]),
 (999, [540, 48, 1, 0, 1, 1656, 1772, 0, 0, 3, 1, 1, 2, 1, 2]),
 (16, [982, 53, 1, 1, 1, 1249, 1001, 0, 0, 2, 4, 1, 1, 1, 1]),
 (12, [1827, 27, 0, 0, 0, 1827, 1916, 0, 0, 0, 1, 0, 0, 1, 0]),
 (16, [752, 77, 0, 0, 0, 709, 1689, 1, 0, 1, 4, 1, 1, 0, 0]),
 (12, [1827, 27, 0, 0, 0, 1827, 1916, 0, 0, 0, 1, 0, 0, 1, 0]),
 (16, [752, 77, 0, 0, 0, 709, 1689, 1, 0, 1, 4, 1, 1, 0, 0]),
 (16, [1409, 14, 0, 0, 0, 746, 1955, 0, 0, 0, 1, 0, 2, 1, 1]),
 (12, [1827, 27, 0, 0, 0, 1827, 1916, 0, 0, 0, 1, 0, 0, 1, 0]),
 (16, [982, 53, 1, 1, 1, 1249, 1001, 0, 0, 2, 4, 1, 1, 1, 1]),
 (16, [752, 77, 0, 0, 0, 709, 1689, 1, 0, 1, 4, 1, 1, 0, 0]),
 (12, [701, 17, 0, 0, 0, 1280, 1319, 1, 1, 0, 4, 0, 2, 2, 2]),
 (12, [1827, 27, 0, 0, 0, 1827, 1916, 0, 0, 0, 1, 0, 0, 1, 0]),
 (12, [1744, 76, 0, 1, 1, 585, 1250, 0, 1, 2, 1, 0, 0, 0, 2]),
 (12, [1827, 27, 0, 0, 0, 1827, 1916, 0, 0, 0, 1, 0, 0, 1, 0])]
population
[(999, [1825, 117, 0, 0, 0, 660, 1073, 0, 1, 3, 5, 1, 0, 1, 0]),
 (999, [1713, 83, 1, 0, 1, 575, 533, 0, 1, 1, 5, 0, 2, 2, 0]),
 (999, [1633, 61, 0, 0, 1, 533, 895, 1, 0, 3, 1, 0, 1, 2, 2]),
 (999, [1602, 14, 1, 1, 1, 1149, 1266, 1, 0, 3, 2, 0, 0, 2, 0]),
 (999, [1523, 66, 0, 0, 1, 1783, 1974, 0, 0, 3, 2, 1, 1, 2, 0]),
 (999, [1368, 32, 1, 0, 1, 1189, 661, 1, 0, 3, 5, 1, 0, 2, 0]),
 (999, [1177, 100, 1, 0, 1, 1207, 1601, 1, 1, 1, 5, 0, 1, 1, 0]),
 (999, [1016, 26, 1, 1, 1, 1109, 1756, 1, 0, 3, 4, 1, 2, 1, 2]),
 (999, [947, 27, 1, 1, 0, 571, 1303, 1, 1, 3, 1, 0, 2, 2, 0]),
 (999, [941, 99, 1, 1, 0, 1938, 1437, 1, 0, 3, 3, 0, 2, 1, 1]),
 (999, [890, 91, 0, 0, 0, 1050, 1471, 1, 1, 2, 5, 0, 2, 0, 1]),
 (999, [831, 40, 1, 1, 1, 1144, 1789, 0, 1, 3, 2, 0, 2, 1, 0]),
 (999, [765, 59, 1, 0, 0, 1964, 1578, 0, 0, 3, 4, 0, 0, 1, 0]),
 (999, [756, 15, 1, 0, 1, 1306, 1068, 0, 0, 2, 5, 0, 1, 0, 0]),
 (999, [550, 65, 1, 1, 1, 878, 928, 1, 0, 3, 5, 0, 0, 0, 0]),
 (999, [540, 48, 1, 0, 1, 1656, 1772, 0, 0, 3, 1, 1, 2, 1, 2]),
 (17, [1251, 119, 0, 0, 0, 592, 1180, 0, 0, 0, 4, 1, 1, 2, 1]),
 (16, [1831, 71, 1, 1, 1, 738, 1385, 0, 0, 0, 4, 0, 1, 0, 0]),
 (16, [1774, 38, 1, 1, 0, 1283, 1740, 0, 1, 2, 1, 1, 2, 0, 0]),
 (16, [1674, 83, 0, 0, 0, 2018, 1131, 0, 0, 1, 3, 0, 1, 2, 0]),
 (16, [1529, 77, 0, 0, 0, 590, 1025, 0, 0, 0, 4, 0, 2, 0, 2]),
 (16, [1520, 34, 1, 1, 1, 1402, 995, 0, 1, 0, 4, 0, 2, 1, 0]),
 (16, [1409, 14, 0, 0, 0, 746, 1955, 0, 0, 0, 1, 0, 2, 1, 1]),
 (16, [1210, 31, 0, 1, 1, 2013, 1543, 1, 1, 0, 0, 0, 1, 1, 1]),
 (16, [1197, 40, 0, 1, 1, 1591, 1725, 0, 0, 0, 1, 0, 1, 1, 0]),
 (16, [1103, 25, 0, 0, 0, 1236, 941, 0, 0, 0, 3, 0, 2, 0, 1]),
 (16, [982, 53, 1, 1, 1, 1249, 1001, 0, 0, 2, 4, 1, 1, 1, 1]),
 (16, [836, 60, 0, 0, 0, 1265, 1390, 1, 1, 0, 3, 0, 2, 0, 0]),
 (16, [752, 77, 0, 0, 0, 709, 1689, 1, 0, 1, 4, 1, 1, 0, 0]),
 (12, [1827, 27, 0, 0, 0, 1827, 1916, 0, 0, 0, 1, 0, 0, 1, 0]),
 (12, [1744, 76, 0, 1, 1, 585, 1250, 0, 1, 2, 1, 0, 0, 0, 2]),
 (12, [701, 17, 0, 0, 0, 1280, 1319, 1, 1, 0, 4, 0, 2, 2, 2])]
scored
[(12, [701, 17, 0, 0, 0, 1280, 1319, 1, 1, 0, 4, 0, 2, 2, 2]),
 (12, [1744, 76, 0, 1, 1, 585, 1250, 0, 1, 2, 1, 0, 0, 0, 2]),
 (12, [1827, 27, 0, 0, 0, 1827, 1916, 0, 0, 0, 1, 0, 0, 1, 0]),
 (16, [752, 77, 0, 0, 0, 709, 1689, 1, 0, 1, 4, 1, 1, 0, 0]),
 (16, [836, 60, 0, 0, 0, 1265, 1390, 1, 1, 0, 3, 0, 2, 0, 0]),
 (16, [982, 53, 1, 1, 1, 1249, 1001, 0, 0, 2, 4, 1, 1, 1, 1]),
 (16, [1103, 25, 0, 0, 0, 1236, 941, 0, 0, 0, 3, 0, 2, 0, 1]),
 (16, [1197, 40, 0, 1, 1, 1591, 1725, 0, 0, 0, 1, 0, 1, 1, 0]),
 (16, [1210, 31, 0, 1, 1, 2013, 1543, 1, 1, 0, 0, 0, 1, 1, 1]),
 (16, [1409, 14, 0, 0, 0, 746, 1955, 0, 0, 0, 1, 0, 2, 1, 1]),
 (16, [1520, 34, 1, 1, 1, 1402, 995, 0, 1, 0, 4, 0, 2, 1, 0]),
 (16, [1529, 77, 0, 0, 0, 590, 1025, 0, 0, 0, 4, 0, 2, 0, 2]),
 (16, [1674, 83, 0, 0, 0, 2018, 1131, 0, 0, 1, 3, 0, 1, 2, 0]),
 (16, [1774, 38, 1, 1, 0, 1283, 1740, 0, 1, 2, 1, 1, 2, 0, 0]),
 (16, [1831, 71, 1, 1, 1, 738, 1385, 0, 0, 0, 4, 0, 1, 0, 0]),
 (17, [1251, 119, 0, 0, 0, 592, 1180, 0, 0, 0, 4, 1, 1, 2, 1]),
 (999, [540, 48, 1, 0, 1, 1656, 1772, 0, 0, 3, 1, 1, 2, 1, 2]),
 (999, [550, 65, 1, 1, 1, 878, 928, 1, 0, 3, 5, 0, 0, 0, 0]),
 (999, [756, 15, 1, 0, 1, 1306, 1068, 0, 0, 2, 5, 0, 1, 0, 0]),
 (999, [765, 59, 1, 0, 0, 1964, 1578, 0, 0, 3, 4, 0, 0, 1, 0]),
 (999, [831, 40, 1, 1, 1, 1144, 1789, 0, 1, 3, 2, 0, 2, 1, 0]),
 (999, [890, 91, 0, 0, 0, 1050, 1471, 1, 1, 2, 5, 0, 2, 0, 1]),
 (999, [941, 99, 1, 1, 0, 1938, 1437, 1, 0, 3, 3, 0, 2, 1, 1]),
 (999, [947, 27, 1, 1, 0, 571, 1303, 1, 1, 3, 1, 0, 2, 2, 0]),
 (999, [1016, 26, 1, 1, 1, 1109, 1756, 1, 0, 3, 4, 1, 2, 1, 2]),
 (999, [1177, 100, 1, 0, 1, 1207, 1601, 1, 1, 1, 5, 0, 1, 1, 0]),
 (999, [1368, 32, 1, 0, 1, 1189, 661, 1, 0, 3, 5, 1, 0, 2, 0]),
 (999, [1523, 66, 0, 0, 1, 1783, 1974, 0, 0, 3, 2, 1, 1, 2, 0]),
 (999, [1602, 14, 1, 1, 1, 1149, 1266, 1, 0, 3, 2, 0, 0, 2, 0]),
 (999, [1633, 61, 0, 0, 1, 533, 895, 1, 0, 3, 1, 0, 1, 2, 2]),
 (999, [1713, 83, 1, 0, 1, 575, 533, 0, 1, 1, 5, 0, 2, 2, 0]),
 (999, [1825, 117, 0, 0, 0, 660, 1073, 0, 1, 3, 5, 1, 0, 1, 0])]
Selected
[(16, [1674, 83, 0, 0, 0, 2018, 1131, 0, 0, 1, 3, 0, 1, 2, 0]),
 (12, [1744, 76, 0, 1, 1, 585, 1250, 0, 1, 2, 1, 0, 0, 0, 2]),
 (12, [701, 17, 0, 0, 0, 1280, 1319, 1, 1, 0, 4, 0, 2, 2, 2]),
 (12, [1744, 76, 0, 1, 1, 585, 1250, 0, 1, 2, 1, 0, 0, 0, 2]),
 (12, [1744, 76, 0, 1, 1, 585, 1250, 0, 1, 2, 1, 0, 0, 0, 2]),
 (16, [1103, 25, 0, 0, 0, 1236, 941, 0, 0, 0, 3, 0, 2, 0, 1]),
 (16, [752, 77, 0, 0, 0, 709, 1689, 1, 0, 1, 4, 1, 1, 0, 0]),
 (16, [1409, 14, 0, 0, 0, 746, 1955, 0, 0, 0, 1, 0, 2, 1, 1]),
 (12, [1827, 27, 0, 0, 0, 1827, 1916, 0, 0, 0, 1, 0, 0, 1, 0]),
 (12, [1827, 27, 0, 0, 0, 1827, 1916, 0, 0, 0, 1, 0, 0, 1, 0]),
 (16, [1520, 34, 1, 1, 1, 1402, 995, 0, 1, 0, 4, 0, 2, 1, 0]),
 (12, [1744, 76, 0, 1, 1, 585, 1250, 0, 1, 2, 1, 0, 0, 0, 2]),
 (16, [1409, 14, 0, 0, 0, 746, 1955, 0, 0, 0, 1, 0, 2, 1, 1]),
 (16, [1774, 38, 1, 1, 0, 1283, 1740, 0, 1, 2, 1, 1, 2, 0, 0]),
 (999, [550, 65, 1, 1, 1, 878, 928, 1, 0, 3, 5, 0, 0, 0, 0]),
 (16, [1520, 34, 1, 1, 1, 1402, 995, 0, 1, 0, 4, 0, 2, 1, 0]),
 (16, [836, 60, 0, 0, 0, 1265, 1390, 1, 1, 0, 3, 0, 2, 0, 0]),
 (12, [1827, 27, 0, 0, 0, 1827, 1916, 0, 0, 0, 1, 0, 0, 1, 0]),
 (12, [1827, 27, 0, 0, 0, 1827, 1916, 0, 0, 0, 1, 0, 0, 1, 0]),
 (12, [701, 17, 0, 0, 0, 1280, 1319, 1, 1, 0, 4, 0, 2, 2, 2]),
 (17, [1251, 119, 0, 0, 0, 592, 1180, 0, 0, 0, 4, 1, 1, 2, 1]),
 (12, [701, 17, 0, 0, 0, 1280, 1319, 1, 1, 0, 4, 0, 2, 2, 2]),
 (16, [1103, 25, 0, 0, 0, 1236, 941, 0, 0, 0, 3, 0, 2, 0, 1]),
 (999, [540, 48, 1, 0, 1, 1656, 1772, 0, 0, 3, 1, 1, 2, 1, 2]),
 (16, [752, 77, 0, 0, 0, 709, 1689, 1, 0, 1, 4, 1, 1, 0, 0]),
 (16, [1103, 25, 0, 0, 0, 1236, 941, 0, 0, 0, 3, 0, 2, 0, 1]),
 (12, [1744, 76, 0, 1, 1, 585, 1250, 0, 1, 2, 1, 0, 0, 0, 2])]
population
[(999, [1825, 117, 0, 0, 0, 660, 1073, 0, 1, 3, 5, 1, 0, 1, 0]),
 (999, [1713, 83, 1, 0, 1, 575, 533, 0, 1, 1, 5, 0, 2, 2, 0]),
 (999, [1633, 61, 0, 0, 1, 533, 895, 1, 0, 3, 1, 0, 1, 2, 2]),
 (999, [1602, 14, 1, 1, 1, 1149, 1266, 1, 0, 3, 2, 0, 0, 2, 0]),
 (999, [1523, 66, 0, 0, 1, 1783, 1974, 0, 0, 3, 2, 1, 1, 2, 0]),
 (999, [1368, 32, 1, 0, 1, 1189, 661, 1, 0, 3, 5, 1, 0, 2, 0]),
 (999, [1177, 100, 1, 0, 1, 1207, 1601, 1, 1, 1, 5, 0, 1, 1, 0]),
 (999, [1016, 26, 1, 1, 1, 1109, 1756, 1, 0, 3, 4, 1, 2, 1, 2]),
 (999, [947, 27, 1, 1, 0, 571, 1303, 1, 1, 3, 1, 0, 2, 2, 0]),
 (999, [941, 99, 1, 1, 0, 1938, 1437, 1, 0, 3, 3, 0, 2, 1, 1]),
 (999, [890, 91, 0, 0, 0, 1050, 1471, 1, 1, 2, 5, 0, 2, 0, 1]),
 (999, [831, 40, 1, 1, 1, 1144, 1789, 0, 1, 3, 2, 0, 2, 1, 0]),
 (999, [765, 59, 1, 0, 0, 1964, 1578, 0, 0, 3, 4, 0, 0, 1, 0]),
 (999, [756, 15, 1, 0, 1, 1306, 1068, 0, 0, 2, 5, 0, 1, 0, 0]),
 (999, [550, 65, 1, 1, 1, 878, 928, 1, 0, 3, 5, 0, 0, 0, 0]),
 (999, [540, 48, 1, 0, 1, 1656, 1772, 0, 0, 3, 1, 1, 2, 1, 2]),
 (17, [1251, 119, 0, 0, 0, 592, 1180, 0, 0, 0, 4, 1, 1, 2, 1]),
 (16, [1831, 71, 1, 1, 1, 738, 1385, 0, 0, 0, 4, 0, 1, 0, 0]),
 (16, [1774, 38, 1, 1, 0, 1283, 1740, 0, 1, 2, 1, 1, 2, 0, 0]),
 (16, [1674, 83, 0, 0, 0, 2018, 1131, 0, 0, 1, 3, 0, 1, 2, 0]),
 (16, [1529, 77, 0, 0, 0, 590, 1025, 0, 0, 0, 4, 0, 2, 0, 2]),
 (16, [1520, 34, 1, 1, 1, 1402, 995, 0, 1, 0, 4, 0, 2, 1, 0]),
 (16, [1409, 14, 0, 0, 0, 746, 1955, 0, 0, 0, 1, 0, 2, 1, 1]),
 (16, [1210, 31, 0, 1, 1, 2013, 1543, 1, 1, 0, 0, 0, 1, 1, 1]),
 (16, [1197, 40, 0, 1, 1, 1591, 1725, 0, 0, 0, 1, 0, 1, 1, 0]),
 (16, [1103, 25, 0, 0, 0, 1236, 941, 0, 0, 0, 3, 0, 2, 0, 1]),
 (16, [982, 53, 1, 1, 1, 1249, 1001, 0, 0, 2, 4, 1, 1, 1, 1]),
 (16, [836, 60, 0, 0, 0, 1265, 1390, 1, 1, 0, 3, 0, 2, 0, 0]),
 (16, [752, 77, 0, 0, 0, 709, 1689, 1, 0, 1, 4, 1, 1, 0, 0]),
 (12, [1827, 27, 0, 0, 0, 1827, 1916, 0, 0, 0, 1, 0, 0, 1, 0]),
 (12, [1744, 76, 0, 1, 1, 585, 1250, 0, 1, 2, 1, 0, 0, 0, 2]),
 (12, [701, 17, 0, 0, 0, 1280, 1319, 1, 1, 0, 4, 0, 2, 2, 2])]
scored
[(12, [701, 17, 0, 0, 0, 1280, 1319, 1, 1, 0, 4, 0, 2, 2, 2]),
 (12, [1744, 76, 0, 1, 1, 585, 1250, 0, 1, 2, 1, 0, 0, 0, 2]),
 (12, [1827, 27, 0, 0, 0, 1827, 1916, 0, 0, 0, 1, 0, 0, 1, 0]),
 (16, [752, 77, 0, 0, 0, 709, 1689, 1, 0, 1, 4, 1, 1, 0, 0]),
 (16, [836, 60, 0, 0, 0, 1265, 1390, 1, 1, 0, 3, 0, 2, 0, 0]),
 (16, [982, 53, 1, 1, 1, 1249, 1001, 0, 0, 2, 4, 1, 1, 1, 1]),
 (16, [1103, 25, 0, 0, 0, 1236, 941, 0, 0, 0, 3, 0, 2, 0, 1]),
 (16, [1197, 40, 0, 1, 1, 1591, 1725, 0, 0, 0, 1, 0, 1, 1, 0]),
 (16, [1210, 31, 0, 1, 1, 2013, 1543, 1, 1, 0, 0, 0, 1, 1, 1]),
 (16, [1409, 14, 0, 0, 0, 746, 1955, 0, 0, 0, 1, 0, 2, 1, 1]),
 (16, [1520, 34, 1, 1, 1, 1402, 995, 0, 1, 0, 4, 0, 2, 1, 0]),
 (16, [1529, 77, 0, 0, 0, 590, 1025, 0, 0, 0, 4, 0, 2, 0, 2]),
 (16, [1674, 83, 0, 0, 0, 2018, 1131, 0, 0, 1, 3, 0, 1, 2, 0]),
 (16, [1774, 38, 1, 1, 0, 1283, 1740, 0, 1, 2, 1, 1, 2, 0, 0]),
 (16, [1831, 71, 1, 1, 1, 738, 1385, 0, 0, 0, 4, 0, 1, 0, 0]),
 (17, [1251, 119, 0, 0, 0, 592, 1180, 0, 0, 0, 4, 1, 1, 2, 1]),
 (999, [540, 48, 1, 0, 1, 1656, 1772, 0, 0, 3, 1, 1, 2, 1, 2]),
 (999, [550, 65, 1, 1, 1, 878, 928, 1, 0, 3, 5, 0, 0, 0, 0]),
 (999, [756, 15, 1, 0, 1, 1306, 1068, 0, 0, 2, 5, 0, 1, 0, 0]),
 (999, [765, 59, 1, 0, 0, 1964, 1578, 0, 0, 3, 4, 0, 0, 1, 0]),
 (999, [831, 40, 1, 1, 1, 1144, 1789, 0, 1, 3, 2, 0, 2, 1, 0]),
 (999, [890, 91, 0, 0, 0, 1050, 1471, 1, 1, 2, 5, 0, 2, 0, 1]),
 (999, [941, 99, 1, 1, 0, 1938, 1437, 1, 0, 3, 3, 0, 2, 1, 1]),
 (999, [947, 27, 1, 1, 0, 571, 1303, 1, 1, 3, 1, 0, 2, 2, 0]),
 (999, [1016, 26, 1, 1, 1, 1109, 1756, 1, 0, 3, 4, 1, 2, 1, 2]),
 (999, [1177, 100, 1, 0, 1, 1207, 1601, 1, 1, 1, 5, 0, 1, 1, 0]),
 (999, [1368, 32, 1, 0, 1, 1189, 661, 1, 0, 3, 5, 1, 0, 2, 0]),
 (999, [1523, 66, 0, 0, 1, 1783, 1974, 0, 0, 3, 2, 1, 1, 2, 0]),
 (999, [1602, 14, 1, 1, 1, 1149, 1266, 1, 0, 3, 2, 0, 0, 2, 0]),
 (999, [1633, 61, 0, 0, 1, 533, 895, 1, 0, 3, 1, 0, 1, 2, 2]),
 (999, [1713, 83, 1, 0, 1, 575, 533, 0, 1, 1, 5, 0, 2, 2, 0]),
 (999, [1825, 117, 0, 0, 0, 660, 1073, 0, 1, 3, 5, 1, 0, 1, 0])]
Selected
[(16, [982, 53, 1, 1, 1, 1249, 1001, 0, 0, 2, 4, 1, 1, 1, 1]),
 (12, [701, 17, 0, 0, 0, 1280, 1319, 1, 1, 0, 4, 0, 2, 2, 2]),
 (16, [982, 53, 1, 1, 1, 1249, 1001, 0, 0, 2, 4, 1, 1, 1, 1]),
 (16, [982, 53, 1, 1, 1, 1249, 1001, 0, 0, 2, 4, 1, 1, 1, 1]),
 (16, [982, 53, 1, 1, 1, 1249, 1001, 0, 0, 2, 4, 1, 1, 1, 1]),
 (12, [1827, 27, 0, 0, 0, 1827, 1916, 0, 0, 0, 1, 0, 0, 1, 0]),
 (12, [1827, 27, 0, 0, 0, 1827, 1916, 0, 0, 0, 1, 0, 0, 1, 0]),
 (12, [701, 17, 0, 0, 0, 1280, 1319, 1, 1, 0, 4, 0, 2, 2, 2]),
 (12, [701, 17, 0, 0, 0, 1280, 1319, 1, 1, 0, 4, 0, 2, 2, 2]),
 (16, [1197, 40, 0, 1, 1, 1591, 1725, 0, 0, 0, 1, 0, 1, 1, 0]),
 (12, [701, 17, 0, 0, 0, 1280, 1319, 1, 1, 0, 4, 0, 2, 2, 2]),
 (16, [1103, 25, 0, 0, 0, 1236, 941, 0, 0, 0, 3, 0, 2, 0, 1]),
 (12, [1827, 27, 0, 0, 0, 1827, 1916, 0, 0, 0, 1, 0, 0, 1, 0]),
 (12, [1744, 76, 0, 1, 1, 585, 1250, 0, 1, 2, 1, 0, 0, 0, 2]),
 (12, [1744, 76, 0, 1, 1, 585, 1250, 0, 1, 2, 1, 0, 0, 0, 2]),
 (16, [1197, 40, 0, 1, 1, 1591, 1725, 0, 0, 0, 1, 0, 1, 1, 0]),
 (12, [1744, 76, 0, 1, 1, 585, 1250, 0, 1, 2, 1, 0, 0, 0, 2]),
 (12, [1744, 76, 0, 1, 1, 585, 1250, 0, 1, 2, 1, 0, 0, 0, 2]),
 (16, [1197, 40, 0, 1, 1, 1591, 1725, 0, 0, 0, 1, 0, 1, 1, 0]),
 (12, [1744, 76, 0, 1, 1, 585, 1250, 0, 1, 2, 1, 0, 0, 0, 2]),
 (16, [1103, 25, 0, 0, 0, 1236, 941, 0, 0, 0, 3, 0, 2, 0, 1]),
 (16, [836, 60, 0, 0, 0, 1265, 1390, 1, 1, 0, 3, 0, 2, 0, 0]),
 (12, [1827, 27, 0, 0, 0, 1827, 1916, 0, 0, 0, 1, 0, 0, 1, 0]),
 (16, [1197, 40, 0, 1, 1, 1591, 1725, 0, 0, 0, 1, 0, 1, 1, 0]),
 (16, [752, 77, 0, 0, 0, 709, 1689, 1, 0, 1, 4, 1, 1, 0, 0]),
 (16, [1103, 25, 0, 0, 0, 1236, 941, 0, 0, 0, 3, 0, 2, 0, 1]),
 (16, [752, 77, 0, 0, 0, 709, 1689, 1, 0, 1, 4, 1, 1, 0, 0])]
population
[(999, [1825, 117, 0, 0, 0, 660, 1073, 0, 1, 3, 5, 1, 0, 1, 0]),
 (999, [1713, 83, 1, 0, 1, 575, 533, 0, 1, 1, 5, 0, 2, 2, 0]),
 (999, [1633, 61, 0, 0, 1, 533, 895, 1, 0, 3, 1, 0, 1, 2, 2]),
 (999, [1602, 14, 1, 1, 1, 1149, 1266, 1, 0, 3, 2, 0, 0, 2, 0]),
 (999, [1523, 66, 0, 0, 1, 1783, 1974, 0, 0, 3, 2, 1, 1, 2, 0]),
 (999, [1368, 32, 1, 0, 1, 1189, 661, 1, 0, 3, 5, 1, 0, 2, 0]),
 (999, [1177, 100, 1, 0, 1, 1207, 1601, 1, 1, 1, 5, 0, 1, 1, 0]),
 (999, [1016, 26, 1, 1, 1, 1109, 1756, 1, 0, 3, 4, 1, 2, 1, 2]),
 (999, [947, 27, 1, 1, 0, 571, 1303, 1, 1, 3, 1, 0, 2, 2, 0]),
 (999, [941, 99, 1, 1, 0, 1938, 1437, 1, 0, 3, 3, 0, 2, 1, 1]),
 (999, [890, 91, 0, 0, 0, 1050, 1471, 1, 1, 2, 5, 0, 2, 0, 1]),
 (999, [831, 40, 1, 1, 1, 1144, 1789, 0, 1, 3, 2, 0, 2, 1, 0]),
 (999, [765, 59, 1, 0, 0, 1964, 1578, 0, 0, 3, 4, 0, 0, 1, 0]),
 (999, [756, 15, 1, 0, 1, 1306, 1068, 0, 0, 2, 5, 0, 1, 0, 0]),
 (999, [550, 65, 1, 1, 1, 878, 928, 1, 0, 3, 5, 0, 0, 0, 0]),
 (999, [540, 48, 1, 0, 1, 1656, 1772, 0, 0, 3, 1, 1, 2, 1, 2]),
 (17, [1251, 119, 0, 0, 0, 592, 1180, 0, 0, 0, 4, 1, 1, 2, 1]),
 (16, [1831, 71, 1, 1, 1, 738, 1385, 0, 0, 0, 4, 0, 1, 0, 0]),
 (16, [1774, 38, 1, 1, 0, 1283, 1740, 0, 1, 2, 1, 1, 2, 0, 0]),
 (16, [1674, 83, 0, 0, 0, 2018, 1131, 0, 0, 1, 3, 0, 1, 2, 0]),
 (16, [1529, 77, 0, 0, 0, 590, 1025, 0, 0, 0, 4, 0, 2, 0, 2]),
 (16, [1520, 34, 1, 1, 1, 1402, 995, 0, 1, 0, 4, 0, 2, 1, 0]),
 (16, [1409, 14, 0, 0, 0, 746, 1955, 0, 0, 0, 1, 0, 2, 1, 1]),
 (16, [1210, 31, 0, 1, 1, 2013, 1543, 1, 1, 0, 0, 0, 1, 1, 1]),
 (16, [1197, 40, 0, 1, 1, 1591, 1725, 0, 0, 0, 1, 0, 1, 1, 0]),
 (16, [1103, 25, 0, 0, 0, 1236, 941, 0, 0, 0, 3, 0, 2, 0, 1]),
 (16, [982, 53, 1, 1, 1, 1249, 1001, 0, 0, 2, 4, 1, 1, 1, 1]),
 (16, [836, 60, 0, 0, 0, 1265, 1390, 1, 1, 0, 3, 0, 2, 0, 0]),
 (16, [752, 77, 0, 0, 0, 709, 1689, 1, 0, 1, 4, 1, 1, 0, 0]),
 (12, [1827, 27, 0, 0, 0, 1827, 1916, 0, 0, 0, 1, 0, 0, 1, 0]),
 (12, [1744, 76, 0, 1, 1, 585, 1250, 0, 1, 2, 1, 0, 0, 0, 2]),
 (12, [701, 17, 0, 0, 0, 1280, 1319, 1, 1, 0, 4, 0, 2, 2, 2])]
scored
[(12, [701, 17, 0, 0, 0, 1280, 1319, 1, 1, 0, 4, 0, 2, 2, 2]),
 (12, [1744, 76, 0, 1, 1, 585, 1250, 0, 1, 2, 1, 0, 0, 0, 2]),
 (12, [1827, 27, 0, 0, 0, 1827, 1916, 0, 0, 0, 1, 0, 0, 1, 0]),
 (16, [752, 77, 0, 0, 0, 709, 1689, 1, 0, 1, 4, 1, 1, 0, 0]),
 (16, [836, 60, 0, 0, 0, 1265, 1390, 1, 1, 0, 3, 0, 2, 0, 0]),
 (16, [982, 53, 1, 1, 1, 1249, 1001, 0, 0, 2, 4, 1, 1, 1, 1]),
 (16, [1103, 25, 0, 0, 0, 1236, 941, 0, 0, 0, 3, 0, 2, 0, 1]),
 (16, [1197, 40, 0, 1, 1, 1591, 1725, 0, 0, 0, 1, 0, 1, 1, 0]),
 (16, [1210, 31, 0, 1, 1, 2013, 1543, 1, 1, 0, 0, 0, 1, 1, 1]),
 (16, [1409, 14, 0, 0, 0, 746, 1955, 0, 0, 0, 1, 0, 2, 1, 1]),
 (16, [1520, 34, 1, 1, 1, 1402, 995, 0, 1, 0, 4, 0, 2, 1, 0]),
 (16, [1529, 77, 0, 0, 0, 590, 1025, 0, 0, 0, 4, 0, 2, 0, 2]),
 (16, [1674, 83, 0, 0, 0, 2018, 1131, 0, 0, 1, 3, 0, 1, 2, 0]),
 (16, [1774, 38, 1, 1, 0, 1283, 1740, 0, 1, 2, 1, 1, 2, 0, 0]),
 (16, [1831, 71, 1, 1, 1, 738, 1385, 0, 0, 0, 4, 0, 1, 0, 0]),
 (17, [1251, 119, 0, 0, 0, 592, 1180, 0, 0, 0, 4, 1, 1, 2, 1]),
 (999, [540, 48, 1, 0, 1, 1656, 1772, 0, 0, 3, 1, 1, 2, 1, 2]),
 (999, [550, 65, 1, 1, 1, 878, 928, 1, 0, 3, 5, 0, 0, 0, 0]),
 (999, [756, 15, 1, 0, 1, 1306, 1068, 0, 0, 2, 5, 0, 1, 0, 0]),
 (999, [765, 59, 1, 0, 0, 1964, 1578, 0, 0, 3, 4, 0, 0, 1, 0]),
 (999, [831, 40, 1, 1, 1, 1144, 1789, 0, 1, 3, 2, 0, 2, 1, 0]),
 (999, [890, 91, 0, 0, 0, 1050, 1471, 1, 1, 2, 5, 0, 2, 0, 1]),
 (999, [941, 99, 1, 1, 0, 1938, 1437, 1, 0, 3, 3, 0, 2, 1, 1]),
 (999, [947, 27, 1, 1, 0, 571, 1303, 1, 1, 3, 1, 0, 2, 2, 0]),
 (999, [1016, 26, 1, 1, 1, 1109, 1756, 1, 0, 3, 4, 1, 2, 1, 2]),
 (999, [1177, 100, 1, 0, 1, 1207, 1601, 1, 1, 1, 5, 0, 1, 1, 0]),
 (999, [1368, 32, 1, 0, 1, 1189, 661, 1, 0, 3, 5, 1, 0, 2, 0]),
 (999, [1523, 66, 0, 0, 1, 1783, 1974, 0, 0, 3, 2, 1, 1, 2, 0]),
 (999, [1602, 14, 1, 1, 1, 1149, 1266, 1, 0, 3, 2, 0, 0, 2, 0]),
 (999, [1633, 61, 0, 0, 1, 533, 895, 1, 0, 3, 1, 0, 1, 2, 2]),
 (999, [1713, 83, 1, 0, 1, 575, 533, 0, 1, 1, 5, 0, 2, 2, 0]),
 (999, [1825, 117, 0, 0, 0, 660, 1073, 0, 1, 3, 5, 1, 0, 1, 0])]
Selected
[(12, [1744, 76, 0, 1, 1, 585, 1250, 0, 1, 2, 1, 0, 0, 0, 2]),
 (12, [701, 17, 0, 0, 0, 1280, 1319, 1, 1, 0, 4, 0, 2, 2, 2]),
 (12, [701, 17, 0, 0, 0, 1280, 1319, 1, 1, 0, 4, 0, 2, 2, 2]),
 (12, [1744, 76, 0, 1, 1, 585, 1250, 0, 1, 2, 1, 0, 0, 0, 2]),
 (12, [1827, 27, 0, 0, 0, 1827, 1916, 0, 0, 0, 1, 0, 0, 1, 0]),
 (16, [752, 77, 0, 0, 0, 709, 1689, 1, 0, 1, 4, 1, 1, 0, 0]),
 (16, [836, 60, 0, 0, 0, 1265, 1390, 1, 1, 0, 3, 0, 2, 0, 0]),
 (16, [982, 53, 1, 1, 1, 1249, 1001, 0, 0, 2, 4, 1, 1, 1, 1]),
 (16, [982, 53, 1, 1, 1, 1249, 1001, 0, 0, 2, 4, 1, 1, 1, 1]),
 (16, [752, 77, 0, 0, 0, 709, 1689, 1, 0, 1, 4, 1, 1, 0, 0]),
 (16, [1103, 25, 0, 0, 0, 1236, 941, 0, 0, 0, 3, 0, 2, 0, 1]),
 (16, [1197, 40, 0, 1, 1, 1591, 1725, 0, 0, 0, 1, 0, 1, 1, 0]),
 (12, [701, 17, 0, 0, 0, 1280, 1319, 1, 1, 0, 4, 0, 2, 2, 2]),
 (16, [1409, 14, 0, 0, 0, 746, 1955, 0, 0, 0, 1, 0, 2, 1, 1]),
 (16, [1409, 14, 0, 0, 0, 746, 1955, 0, 0, 0, 1, 0, 2, 1, 1]),
 (12, [1744, 76, 0, 1, 1, 585, 1250, 0, 1, 2, 1, 0, 0, 0, 2]),
 (16, [1409, 14, 0, 0, 0, 746, 1955, 0, 0, 0, 1, 0, 2, 1, 1]),
 (12, [1744, 76, 0, 1, 1, 585, 1250, 0, 1, 2, 1, 0, 0, 0, 2]),
 (12, [701, 17, 0, 0, 0, 1280, 1319, 1, 1, 0, 4, 0, 2, 2, 2]),
 (16, [836, 60, 0, 0, 0, 1265, 1390, 1, 1, 0, 3, 0, 2, 0, 0]),
 (16, [1774, 38, 1, 1, 0, 1283, 1740, 0, 1, 2, 1, 1, 2, 0, 0]),
 (16, [752, 77, 0, 0, 0, 709, 1689, 1, 0, 1, 4, 1, 1, 0, 0]),
 (12, [1827, 27, 0, 0, 0, 1827, 1916, 0, 0, 0, 1, 0, 0, 1, 0]),
 (16, [752, 77, 0, 0, 0, 709, 1689, 1, 0, 1, 4, 1, 1, 0, 0]),
 (16, [752, 77, 0, 0, 0, 709, 1689, 1, 0, 1, 4, 1, 1, 0, 0]),
 (16, [982, 53, 1, 1, 1, 1249, 1001, 0, 0, 2, 4, 1, 1, 1, 1]),
 (16, [1103, 25, 0, 0, 0, 1236, 941, 0, 0, 0, 3, 0, 2, 0, 1])]

Poblacin de 32 individuos durante 15 generaciones
Poblacin inicial:
[(999, [1825, 117, 0, 0, 0, 660, 1073, 0, 1, 3, 5, 1, 0, 1, 0]),
 (999, [1713, 83, 1, 0, 1, 575, 533, 0, 1, 1, 5, 0, 2, 2, 0]),
 (999, [1633, 61, 0, 0, 1, 533, 895, 1, 0, 3, 1, 0, 1, 2, 2]),
 (999, [1602, 14, 1, 1, 1, 1149, 1266, 1, 0, 3, 2, 0, 0, 2, 0]),
 (999, [1523, 66, 0, 0, 1, 1783, 1974, 0, 0, 3, 2, 1, 1, 2, 0]),
 (999, [1368, 32, 1, 0, 1, 1189, 661, 1, 0, 3, 5, 1, 0, 2, 0]),
 (999, [1177, 100, 1, 0, 1, 1207, 1601, 1, 1, 1, 5, 0, 1, 1, 0]),
 (999, [1016, 26, 1, 1, 1, 1109, 1756, 1, 0, 3, 4, 1, 2, 1, 2]),
 (999, [947, 27, 1, 1, 0, 571, 1303, 1, 1, 3, 1, 0, 2, 2, 0]),
 (999, [941, 99, 1, 1, 0, 1938, 1437, 1, 0, 3, 3, 0, 2, 1, 1]),
 (999, [890, 91, 0, 0, 0, 1050, 1471, 1, 1, 2, 5, 0, 2, 0, 1]),
 (999, [831, 40, 1, 1, 1, 1144, 1789, 0, 1, 3, 2, 0, 2, 1, 0]),
 (999, [765, 59, 1, 0, 0, 1964, 1578, 0, 0, 3, 4, 0, 0, 1, 0]),
 (999, [756, 15, 1, 0, 1, 1306, 1068, 0, 0, 2, 5, 0, 1, 0, 0]),
 (999, [550, 65, 1, 1, 1, 878, 928, 1, 0, 3, 5, 0, 0, 0, 0]),
 (999, [540, 48, 1, 0, 1, 1656, 1772, 0, 0, 3, 1, 1, 2, 1, 2]),
 (17, [1251, 119, 0, 0, 0, 592, 1180, 0, 0, 0, 4, 1, 1, 2, 1]),
 (16, [1831, 71, 1, 1, 1, 738, 1385, 0, 0, 0, 4, 0, 1, 0, 0]),
 (16, [1774, 38, 1, 1, 0, 1283, 1740, 0, 1, 2, 1, 1, 2, 0, 0]),
 (16, [1674, 83, 0, 0, 0, 2018, 1131, 0, 0, 1, 3, 0, 1, 2, 0]),
 (16, [1529, 77, 0, 0, 0, 590, 1025, 0, 0, 0, 4, 0, 2, 0, 2]),
 (16, [1520, 34, 1, 1, 1, 1402, 995, 0, 1, 0, 4, 0, 2, 1, 0]),
 (16, [1409, 14, 0, 0, 0, 746, 1955, 0, 0, 0, 1, 0, 2, 1, 1]),
 (16, [1210, 31, 0, 1, 1, 2013, 1543, 1, 1, 0, 0, 0, 1, 1, 1]),
 (16, [1197, 40, 0, 1, 1, 1591, 1725, 0, 0, 0, 1, 0, 1, 1, 0]),
 (16, [1103, 25, 0, 0, 0, 1236, 941, 0, 0, 0, 3, 0, 2, 0, 1]),
 (16, [982, 53, 1, 1, 1, 1249, 1001, 0, 0, 2, 4, 1, 1, 1, 1]),
 (16, [836, 60, 0, 0, 0, 1265, 1390, 1, 1, 0, 3, 0, 2, 0, 0]),
 (16, [752, 77, 0, 0, 0, 709, 1689, 1, 0, 1, 4, 1, 1, 0, 0]),
 (12, [1827, 27, 0, 0, 0, 1827, 1916, 0, 0, 0, 1, 0, 0, 1, 0]),
 (12, [1744, 76, 0, 1, 1, 585, 1250, 0, 1, 2, 1, 0, 0, 0, 2]),
 (12, [701, 17, 0, 0, 0, 1280, 1319, 1, 1, 0, 4, 0, 2, 2, 2])]
Poblacin final:
[(999, [1825, 117, 0, 0, 0, 660, 1073, 0, 1, 3, 5, 1, 0, 1, 0]),
 (999, [1713, 83, 1, 0, 1, 575, 533, 0, 1, 1, 5, 0, 2, 2, 0]),
 (999, [1633, 61, 0, 0, 1, 533, 895, 1, 0, 3, 1, 0, 1, 2, 2]),
 (999, [1602, 14, 1, 1, 1, 1149, 1266, 1, 0, 3, 2, 0, 0, 2, 0]),
 (999, [1523, 66, 0, 0, 1, 1783, 1974, 0, 0, 3, 2, 1, 1, 2, 0]),
 (999, [1368, 32, 1, 0, 1, 1189, 661, 1, 0, 3, 5, 1, 0, 2, 0]),
 (999, [1177, 100, 1, 0, 1, 1207, 1601, 1, 1, 1, 5, 0, 1, 1, 0]),
 (999, [1016, 26, 1, 1, 1, 1109, 1756, 1, 0, 3, 4, 1, 2, 1, 2]),
 (999, [947, 27, 1, 1, 0, 571, 1303, 1, 1, 3, 1, 0, 2, 2, 0]),
 (999, [941, 99, 1, 1, 0, 1938, 1437, 1, 0, 3, 3, 0, 2, 1, 1]),
 (999, [890, 91, 0, 0, 0, 1050, 1471, 1, 1, 2, 5, 0, 2, 0, 1]),
 (999, [831, 40, 1, 1, 1, 1144, 1789, 0, 1, 3, 2, 0, 2, 1, 0]),
 (999, [765, 59, 1, 0, 0, 1964, 1578, 0, 0, 3, 4, 0, 0, 1, 0]),
 (999, [756, 15, 1, 0, 1, 1306, 1068, 0, 0, 2, 5, 0, 1, 0, 0]),
 (999, [550, 65, 1, 1, 1, 878, 928, 1, 0, 3, 5, 0, 0, 0, 0]),
 (999, [540, 48, 1, 0, 1, 1656, 1772, 0, 0, 3, 1, 1, 2, 1, 2]),
 (17, [1251, 119, 0, 0, 0, 592, 1180, 0, 0, 0, 4, 1, 1, 2, 1]),
 (16, [1831, 71, 1, 1, 1, 738, 1385, 0, 0, 0, 4, 0, 1, 0, 0]),
 (16, [1774, 38, 1, 1, 0, 1283, 1740, 0, 1, 2, 1, 1, 2, 0, 0]),
 (16, [1674, 83, 0, 0, 0, 2018, 1131, 0, 0, 1, 3, 0, 1, 2, 0]),
 (16, [1529, 77, 0, 0, 0, 590, 1025, 0, 0, 0, 4, 0, 2, 0, 2]),
 (16, [1520, 34, 1, 1, 1, 1402, 995, 0, 1, 0, 4, 0, 2, 1, 0]),
 (16, [1409, 14, 0, 0, 0, 746, 1955, 0, 0, 0, 1, 0, 2, 1, 1]),
 (16, [1210, 31, 0, 1, 1, 2013, 1543, 1, 1, 0, 0, 0, 1, 1, 1]),
 (16, [1197, 40, 0, 1, 1, 1591, 1725, 0, 0, 0, 1, 0, 1, 1, 0]),
 (16, [1103, 25, 0, 0, 0, 1236, 941, 0, 0, 0, 3, 0, 2, 0, 1]),
 (16, [982, 53, 1, 1, 1, 1249, 1001, 0, 0, 2, 4, 1, 1, 1, 1]),
 (16, [836, 60, 0, 0, 0, 1265, 1390, 1, 1, 0, 3, 0, 2, 0, 0]),
 (16, [752, 77, 0, 0, 0, 709, 1689, 1, 0, 1, 4, 1, 1, 0, 0]),
 (12, [1827, 27, 0, 0, 0, 1827, 1916, 0, 0, 0, 1, 0, 0, 1, 0]),
 (12, [1744, 76, 0, 1, 1, 585, 1250, 0, 1, 2, 1, 0, 0, 0, 2]),
 (12, [701, 17, 0, 0, 0, 1280, 1319, 1, 1, 0, 4, 0, 2, 2, 2])]
Elapsed time is 620.252748 seconds.
