 * Manually resetting nginx to stopped state
 * Manually resetting nginx to stopped state
 * Manually resetting nginx to stopped state
 * Manually resetting nginx to stopped state
 * Manually resetting nginx to stopped state
 * Manually resetting nginx to stopped state
 * Manually resetting nginx to stopped state
 * Manually resetting nginx to stopped state
 * Manually resetting nginx to stopped state
 * Manually resetting nginx to stopped state
 * Manually resetting nginx to stopped state
 * Manually resetting nginx to stopped state
 * Manually resetting nginx to stopped state
 * Manually resetting nginx to stopped state
 * Manually resetting nginx to stopped state
 * Manually resetting nginx to stopped state
 * Manually resetting nginx to stopped state
 * Manually resetting nginx to stopped state
 * Manually resetting nginx to stopped state
 * Manually resetting nginx to stopped state
 * Manually resetting nginx to stopped state
genes: 15
individuals : 32
pressure: 5
mutation_chance: 0
generations: 15
crossover_type: 2
mutation_type_random: 1
Alerts:
16
Alerts:
12
Alerts:
12
Alerts:
16
Alerts:
16
Alerts:
12
Alerts:
16
Alerts:
16
Alerts:
13
Alerts:
16
Alerts:
12
Alerts:
12
Alerts:
16
Alerts:
12
Alerts:
12
Alerts:
16
Alerts:
16
Alerts:
16
Alerts:
12
Alerts:
16
Alerts:
12
population
[(16, [966, 71, 0, 1, 0, 1817, 918, 1, 1, 0, 2, 1, 0, 0, 0]),
 (999, [1863, 83, 1, 0, 1, 1011, 1832, 0, 1, 3, 5, 1, 1, 0, 0]),
 (999, [1799, 26, 0, 1, 0, 992, 1338, 1, 0, 1, 5, 0, 1, 1, 1]),
 (12, [1087, 13, 0, 1, 0, 1549, 887, 0, 0, 2, 2, 1, 2, 1, 1]),
 (12, [1940, 108, 0, 1, 1, 1313, 1845, 0, 1, 2, 3, 0, 1, 2, 1]),
 (999, [1349, 45, 1, 1, 1, 1626, 1188, 0, 0, 3, 5, 0, 0, 2, 1]),
 (16, [515, 61, 0, 0, 1, 1721, 1349, 1, 0, 0, 1, 0, 2, 2, 1]),
 (16, [932, 55, 0, 1, 0, 851, 657, 1, 0, 1, 3, 1, 2, 2, 2]),
 (999, [809, 70, 1, 1, 0, 1169, 741, 0, 1, 3, 5, 1, 1, 2, 0]),
 (12, [836, 67, 1, 1, 0, 782, 1482, 0, 1, 2, 3, 1, 2, 2, 1]),
 (16, [609, 69, 0, 1, 0, 1719, 709, 0, 1, 2, 1, 0, 0, 2, 1]),
 (16, [1634, 104, 1, 0, 1, 1735, 1674, 1, 1, 2, 0, 0, 0, 0, 0]),
 (13, [1635, 69, 1, 1, 0, 1031, 785, 1, 0, 1, 1, 1, 2, 1, 0]),
 (16, [588, 51, 1, 1, 0, 1535, 979, 1, 1, 2, 3, 0, 2, 1, 2]),
 (999, [1781, 38, 0, 1, 0, 1987, 1588, 1, 0, 1, 5, 0, 0, 1, 0]),
 (12, [564, 48, 0, 1, 1, 1090, 1317, 0, 1, 1, 0, 1, 2, 0, 0]),
 (999, [1025, 14, 0, 1, 1, 597, 634, 0, 1, 3, 4, 1, 1, 0, 1]),
 (12, [1340, 108, 1, 0, 1, 1901, 1090, 1, 0, 1, 2, 0, 0, 2, 1]),
 (16, [695, 90, 1, 0, 1, 791, 1086, 0, 0, 1, 0, 1, 0, 2, 1]),
 (12, [1225, 53, 1, 0, 1, 1971, 528, 0, 1, 0, 2, 1, 0, 0, 0]),
 (12, [1943, 66, 1, 0, 0, 1283, 814, 0, 1, 1, 1, 1, 0, 2, 2]),
 (999, [923, 64, 1, 0, 0, 1515, 1530, 0, 0, 2, 5, 1, 2, 2, 0]),
 (999, [1677, 36, 0, 0, 0, 515, 1704, 0, 0, 3, 5, 1, 1, 0, 0]),
 (999, [1012, 56, 1, 1, 1, 904, 626, 0, 0, 3, 3, 0, 1, 2, 2]),
 (16, [1020, 110, 0, 1, 1, 641, 1684, 0, 0, 1, 4, 1, 2, 2, 2]),
 (16, [1986, 81, 0, 1, 0, 767, 1410, 1, 1, 1, 2, 1, 0, 1, 1]),
 (16, [1739, 106, 1, 1, 1, 888, 1053, 0, 0, 2, 1, 1, 2, 0, 1]),
 (999, [1761, 79, 1, 0, 1, 660, 1508, 1, 1, 3, 1, 1, 0, 0, 1]),
 (999, [1410, 79, 1, 1, 1, 769, 1452, 1, 1, 3, 4, 0, 1, 2, 2]),
 (12, [663, 17, 0, 0, 0, 1775, 1982, 0, 0, 2, 1, 0, 2, 1, 2]),
 (16, [789, 85, 1, 1, 0, 1015, 1570, 0, 1, 0, 1, 1, 1, 0, 0]),
 (12, [1617, 116, 1, 0, 1, 720, 1728, 1, 1, 2, 4, 0, 0, 0, 1])]
scored
[(12, [564, 48, 0, 1, 1, 1090, 1317, 0, 1, 1, 0, 1, 2, 0, 0]),
 (12, [663, 17, 0, 0, 0, 1775, 1982, 0, 0, 2, 1, 0, 2, 1, 2]),
 (12, [836, 67, 1, 1, 0, 782, 1482, 0, 1, 2, 3, 1, 2, 2, 1]),
 (12, [1087, 13, 0, 1, 0, 1549, 887, 0, 0, 2, 2, 1, 2, 1, 1]),
 (12, [1225, 53, 1, 0, 1, 1971, 528, 0, 1, 0, 2, 1, 0, 0, 0]),
 (12, [1340, 108, 1, 0, 1, 1901, 1090, 1, 0, 1, 2, 0, 0, 2, 1]),
 (12, [1617, 116, 1, 0, 1, 720, 1728, 1, 1, 2, 4, 0, 0, 0, 1]),
 (12, [1940, 108, 0, 1, 1, 1313, 1845, 0, 1, 2, 3, 0, 1, 2, 1]),
 (12, [1943, 66, 1, 0, 0, 1283, 814, 0, 1, 1, 1, 1, 0, 2, 2]),
 (13, [1635, 69, 1, 1, 0, 1031, 785, 1, 0, 1, 1, 1, 2, 1, 0]),
 (16, [515, 61, 0, 0, 1, 1721, 1349, 1, 0, 0, 1, 0, 2, 2, 1]),
 (16, [588, 51, 1, 1, 0, 1535, 979, 1, 1, 2, 3, 0, 2, 1, 2]),
 (16, [609, 69, 0, 1, 0, 1719, 709, 0, 1, 2, 1, 0, 0, 2, 1]),
 (16, [695, 90, 1, 0, 1, 791, 1086, 0, 0, 1, 0, 1, 0, 2, 1]),
 (16, [789, 85, 1, 1, 0, 1015, 1570, 0, 1, 0, 1, 1, 1, 0, 0]),
 (16, [932, 55, 0, 1, 0, 851, 657, 1, 0, 1, 3, 1, 2, 2, 2]),
 (16, [966, 71, 0, 1, 0, 1817, 918, 1, 1, 0, 2, 1, 0, 0, 0]),
 (16, [1020, 110, 0, 1, 1, 641, 1684, 0, 0, 1, 4, 1, 2, 2, 2]),
 (16, [1634, 104, 1, 0, 1, 1735, 1674, 1, 1, 2, 0, 0, 0, 0, 0]),
 (16, [1739, 106, 1, 1, 1, 888, 1053, 0, 0, 2, 1, 1, 2, 0, 1]),
 (16, [1986, 81, 0, 1, 0, 767, 1410, 1, 1, 1, 2, 1, 0, 1, 1]),
 (999, [809, 70, 1, 1, 0, 1169, 741, 0, 1, 3, 5, 1, 1, 2, 0]),
 (999, [923, 64, 1, 0, 0, 1515, 1530, 0, 0, 2, 5, 1, 2, 2, 0]),
 (999, [1012, 56, 1, 1, 1, 904, 626, 0, 0, 3, 3, 0, 1, 2, 2]),
 (999, [1025, 14, 0, 1, 1, 597, 634, 0, 1, 3, 4, 1, 1, 0, 1]),
 (999, [1349, 45, 1, 1, 1, 1626, 1188, 0, 0, 3, 5, 0, 0, 2, 1]),
 (999, [1410, 79, 1, 1, 1, 769, 1452, 1, 1, 3, 4, 0, 1, 2, 2]),
 (999, [1677, 36, 0, 0, 0, 515, 1704, 0, 0, 3, 5, 1, 1, 0, 0]),
 (999, [1761, 79, 1, 0, 1, 660, 1508, 1, 1, 3, 1, 1, 0, 0, 1]),
 (999, [1781, 38, 0, 1, 0, 1987, 1588, 1, 0, 1, 5, 0, 0, 1, 0]),
 (999, [1799, 26, 0, 1, 0, 992, 1338, 1, 0, 1, 5, 0, 1, 1, 1]),
 (999, [1863, 83, 1, 0, 1, 1011, 1832, 0, 1, 3, 5, 1, 1, 0, 0])]
Selected
[(12, [1225, 53, 1, 0, 1, 1971, 528, 0, 1, 0, 2, 1, 0, 0, 0]),
 (12, [1087, 13, 0, 1, 0, 1549, 887, 0, 0, 2, 2, 1, 2, 1, 1]),
 (12, [1087, 13, 0, 1, 0, 1549, 887, 0, 0, 2, 2, 1, 2, 1, 1]),
 (12, [1225, 53, 1, 0, 1, 1971, 528, 0, 1, 0, 2, 1, 0, 0, 0]),
 (16, [588, 51, 1, 1, 0, 1535, 979, 1, 1, 2, 3, 0, 2, 1, 2]),
 (12, [1940, 108, 0, 1, 1, 1313, 1845, 0, 1, 2, 3, 0, 1, 2, 1]),
 (12, [564, 48, 0, 1, 1, 1090, 1317, 0, 1, 1, 0, 1, 2, 0, 0]),
 (12, [1340, 108, 1, 0, 1, 1901, 1090, 1, 0, 1, 2, 0, 0, 2, 1]),
 (12, [663, 17, 0, 0, 0, 1775, 1982, 0, 0, 2, 1, 0, 2, 1, 2]),
 (12, [564, 48, 0, 1, 1, 1090, 1317, 0, 1, 1, 0, 1, 2, 0, 0]),
 (12, [1225, 53, 1, 0, 1, 1971, 528, 0, 1, 0, 2, 1, 0, 0, 0]),
 (12, [564, 48, 0, 1, 1, 1090, 1317, 0, 1, 1, 0, 1, 2, 0, 0]),
 (16, [695, 90, 1, 0, 1, 791, 1086, 0, 0, 1, 0, 1, 0, 2, 1]),
 (12, [1943, 66, 1, 0, 0, 1283, 814, 0, 1, 1, 1, 1, 0, 2, 2]),
 (16, [515, 61, 0, 0, 1, 1721, 1349, 1, 0, 0, 1, 0, 2, 2, 1]),
 (12, [836, 67, 1, 1, 0, 782, 1482, 0, 1, 2, 3, 1, 2, 2, 1]),
 (12, [1225, 53, 1, 0, 1, 1971, 528, 0, 1, 0, 2, 1, 0, 0, 0]),
 (12, [1340, 108, 1, 0, 1, 1901, 1090, 1, 0, 1, 2, 0, 0, 2, 1]),
 (12, [1225, 53, 1, 0, 1, 1971, 528, 0, 1, 0, 2, 1, 0, 0, 0]),
 (12, [836, 67, 1, 1, 0, 782, 1482, 0, 1, 2, 3, 1, 2, 2, 1]),
 (12, [1225, 53, 1, 0, 1, 1971, 528, 0, 1, 0, 2, 1, 0, 0, 0]),
 (12, [1225, 53, 1, 0, 1, 1971, 528, 0, 1, 0, 2, 1, 0, 0, 0]),
 (12, [836, 67, 1, 1, 0, 782, 1482, 0, 1, 2, 3, 1, 2, 2, 1]),
 (13, [1635, 69, 1, 1, 0, 1031, 785, 1, 0, 1, 1, 1, 2, 1, 0]),
 (12, [663, 17, 0, 0, 0, 1775, 1982, 0, 0, 2, 1, 0, 2, 1, 2]),
 (16, [789, 85, 1, 1, 0, 1015, 1570, 0, 1, 0, 1, 1, 1, 0, 0]),
 (12, [1225, 53, 1, 0, 1, 1971, 528, 0, 1, 0, 2, 1, 0, 0, 0])]
population
[(999, [1863, 83, 1, 0, 1, 1011, 1832, 0, 1, 3, 5, 1, 1, 0, 0]),
 (999, [1799, 26, 0, 1, 0, 992, 1338, 1, 0, 1, 5, 0, 1, 1, 1]),
 (999, [1781, 38, 0, 1, 0, 1987, 1588, 1, 0, 1, 5, 0, 0, 1, 0]),
 (999, [1761, 79, 1, 0, 1, 660, 1508, 1, 1, 3, 1, 1, 0, 0, 1]),
 (999, [1677, 36, 0, 0, 0, 515, 1704, 0, 0, 3, 5, 1, 1, 0, 0]),
 (999, [1410, 79, 1, 1, 1, 769, 1452, 1, 1, 3, 4, 0, 1, 2, 2]),
 (999, [1349, 45, 1, 1, 1, 1626, 1188, 0, 0, 3, 5, 0, 0, 2, 1]),
 (999, [1025, 14, 0, 1, 1, 597, 634, 0, 1, 3, 4, 1, 1, 0, 1]),
 (999, [1012, 56, 1, 1, 1, 904, 626, 0, 0, 3, 3, 0, 1, 2, 2]),
 (999, [923, 64, 1, 0, 0, 1515, 1530, 0, 0, 2, 5, 1, 2, 2, 0]),
 (999, [809, 70, 1, 1, 0, 1169, 741, 0, 1, 3, 5, 1, 1, 2, 0]),
 (16, [1986, 81, 0, 1, 0, 767, 1410, 1, 1, 1, 2, 1, 0, 1, 1]),
 (16, [1739, 106, 1, 1, 1, 888, 1053, 0, 0, 2, 1, 1, 2, 0, 1]),
 (16, [1634, 104, 1, 0, 1, 1735, 1674, 1, 1, 2, 0, 0, 0, 0, 0]),
 (16, [1020, 110, 0, 1, 1, 641, 1684, 0, 0, 1, 4, 1, 2, 2, 2]),
 (16, [966, 71, 0, 1, 0, 1817, 918, 1, 1, 0, 2, 1, 0, 0, 0]),
 (16, [932, 55, 0, 1, 0, 851, 657, 1, 0, 1, 3, 1, 2, 2, 2]),
 (16, [789, 85, 1, 1, 0, 1015, 1570, 0, 1, 0, 1, 1, 1, 0, 0]),
 (16, [695, 90, 1, 0, 1, 791, 1086, 0, 0, 1, 0, 1, 0, 2, 1]),
 (16, [609, 69, 0, 1, 0, 1719, 709, 0, 1, 2, 1, 0, 0, 2, 1]),
 (16, [588, 51, 1, 1, 0, 1535, 979, 1, 1, 2, 3, 0, 2, 1, 2]),
 (16, [515, 61, 0, 0, 1, 1721, 1349, 1, 0, 0, 1, 0, 2, 2, 1]),
 (13, [1635, 69, 1, 1, 0, 1031, 785, 1, 0, 1, 1, 1, 2, 1, 0]),
 (12, [1943, 66, 1, 0, 0, 1283, 814, 0, 1, 1, 1, 1, 0, 2, 2]),
 (12, [1940, 108, 0, 1, 1, 1313, 1845, 0, 1, 2, 3, 0, 1, 2, 1]),
 (12, [1617, 116, 1, 0, 1, 720, 1728, 1, 1, 2, 4, 0, 0, 0, 1]),
 (12, [1340, 108, 1, 0, 1, 1901, 1090, 1, 0, 1, 2, 0, 0, 2, 1]),
 (12, [1225, 53, 1, 0, 1, 1971, 528, 0, 1, 0, 2, 1, 0, 0, 0]),
 (12, [1087, 13, 0, 1, 0, 1549, 887, 0, 0, 2, 2, 1, 2, 1, 1]),
 (12, [836, 67, 1, 1, 0, 782, 1482, 0, 1, 2, 3, 1, 2, 2, 1]),
 (12, [663, 17, 0, 0, 0, 1775, 1982, 0, 0, 2, 1, 0, 2, 1, 2]),
 (12, [564, 48, 0, 1, 1, 1090, 1317, 0, 1, 1, 0, 1, 2, 0, 0])]
scored
[(12, [564, 48, 0, 1, 1, 1090, 1317, 0, 1, 1, 0, 1, 2, 0, 0]),
 (12, [663, 17, 0, 0, 0, 1775, 1982, 0, 0, 2, 1, 0, 2, 1, 2]),
 (12, [836, 67, 1, 1, 0, 782, 1482, 0, 1, 2, 3, 1, 2, 2, 1]),
 (12, [1087, 13, 0, 1, 0, 1549, 887, 0, 0, 2, 2, 1, 2, 1, 1]),
 (12, [1225, 53, 1, 0, 1, 1971, 528, 0, 1, 0, 2, 1, 0, 0, 0]),
 (12, [1340, 108, 1, 0, 1, 1901, 1090, 1, 0, 1, 2, 0, 0, 2, 1]),
 (12, [1617, 116, 1, 0, 1, 720, 1728, 1, 1, 2, 4, 0, 0, 0, 1]),
 (12, [1940, 108, 0, 1, 1, 1313, 1845, 0, 1, 2, 3, 0, 1, 2, 1]),
 (12, [1943, 66, 1, 0, 0, 1283, 814, 0, 1, 1, 1, 1, 0, 2, 2]),
 (13, [1635, 69, 1, 1, 0, 1031, 785, 1, 0, 1, 1, 1, 2, 1, 0]),
 (16, [515, 61, 0, 0, 1, 1721, 1349, 1, 0, 0, 1, 0, 2, 2, 1]),
 (16, [588, 51, 1, 1, 0, 1535, 979, 1, 1, 2, 3, 0, 2, 1, 2]),
 (16, [609, 69, 0, 1, 0, 1719, 709, 0, 1, 2, 1, 0, 0, 2, 1]),
 (16, [695, 90, 1, 0, 1, 791, 1086, 0, 0, 1, 0, 1, 0, 2, 1]),
 (16, [789, 85, 1, 1, 0, 1015, 1570, 0, 1, 0, 1, 1, 1, 0, 0]),
 (16, [932, 55, 0, 1, 0, 851, 657, 1, 0, 1, 3, 1, 2, 2, 2]),
 (16, [966, 71, 0, 1, 0, 1817, 918, 1, 1, 0, 2, 1, 0, 0, 0]),
 (16, [1020, 110, 0, 1, 1, 641, 1684, 0, 0, 1, 4, 1, 2, 2, 2]),
 (16, [1634, 104, 1, 0, 1, 1735, 1674, 1, 1, 2, 0, 0, 0, 0, 0]),
 (16, [1739, 106, 1, 1, 1, 888, 1053, 0, 0, 2, 1, 1, 2, 0, 1]),
 (16, [1986, 81, 0, 1, 0, 767, 1410, 1, 1, 1, 2, 1, 0, 1, 1]),
 (999, [809, 70, 1, 1, 0, 1169, 741, 0, 1, 3, 5, 1, 1, 2, 0]),
 (999, [923, 64, 1, 0, 0, 1515, 1530, 0, 0, 2, 5, 1, 2, 2, 0]),
 (999, [1012, 56, 1, 1, 1, 904, 626, 0, 0, 3, 3, 0, 1, 2, 2]),
 (999, [1025, 14, 0, 1, 1, 597, 634, 0, 1, 3, 4, 1, 1, 0, 1]),
 (999, [1349, 45, 1, 1, 1, 1626, 1188, 0, 0, 3, 5, 0, 0, 2, 1]),
 (999, [1410, 79, 1, 1, 1, 769, 1452, 1, 1, 3, 4, 0, 1, 2, 2]),
 (999, [1677, 36, 0, 0, 0, 515, 1704, 0, 0, 3, 5, 1, 1, 0, 0]),
 (999, [1761, 79, 1, 0, 1, 660, 1508, 1, 1, 3, 1, 1, 0, 0, 1]),
 (999, [1781, 38, 0, 1, 0, 1987, 1588, 1, 0, 1, 5, 0, 0, 1, 0]),
 (999, [1799, 26, 0, 1, 0, 992, 1338, 1, 0, 1, 5, 0, 1, 1, 1]),
 (999, [1863, 83, 1, 0, 1, 1011, 1832, 0, 1, 3, 5, 1, 1, 0, 0])]
Selected
[(12, [1087, 13, 0, 1, 0, 1549, 887, 0, 0, 2, 2, 1, 2, 1, 1]),
 (16, [515, 61, 0, 0, 1, 1721, 1349, 1, 0, 0, 1, 0, 2, 2, 1]),
 (12, [1087, 13, 0, 1, 0, 1549, 887, 0, 0, 2, 2, 1, 2, 1, 1]),
 (12, [1940, 108, 0, 1, 1, 1313, 1845, 0, 1, 2, 3, 0, 1, 2, 1]),
 (12, [663, 17, 0, 0, 0, 1775, 1982, 0, 0, 2, 1, 0, 2, 1, 2]),
 (12, [836, 67, 1, 1, 0, 782, 1482, 0, 1, 2, 3, 1, 2, 2, 1]),
 (12, [663, 17, 0, 0, 0, 1775, 1982, 0, 0, 2, 1, 0, 2, 1, 2]),
 (12, [1943, 66, 1, 0, 0, 1283, 814, 0, 1, 1, 1, 1, 0, 2, 2]),
 (12, [1617, 116, 1, 0, 1, 720, 1728, 1, 1, 2, 4, 0, 0, 0, 1]),
 (12, [836, 67, 1, 1, 0, 782, 1482, 0, 1, 2, 3, 1, 2, 2, 1]),
 (12, [564, 48, 0, 1, 1, 1090, 1317, 0, 1, 1, 0, 1, 2, 0, 0]),
 (12, [663, 17, 0, 0, 0, 1775, 1982, 0, 0, 2, 1, 0, 2, 1, 2]),
 (12, [564, 48, 0, 1, 1, 1090, 1317, 0, 1, 1, 0, 1, 2, 0, 0]),
 (16, [1634, 104, 1, 0, 1, 1735, 1674, 1, 1, 2, 0, 0, 0, 0, 0]),
 (12, [663, 17, 0, 0, 0, 1775, 1982, 0, 0, 2, 1, 0, 2, 1, 2]),
 (13, [1635, 69, 1, 1, 0, 1031, 785, 1, 0, 1, 1, 1, 2, 1, 0]),
 (16, [1739, 106, 1, 1, 1, 888, 1053, 0, 0, 2, 1, 1, 2, 0, 1]),
 (12, [1087, 13, 0, 1, 0, 1549, 887, 0, 0, 2, 2, 1, 2, 1, 1]),
 (12, [564, 48, 0, 1, 1, 1090, 1317, 0, 1, 1, 0, 1, 2, 0, 0]),
 (12, [1087, 13, 0, 1, 0, 1549, 887, 0, 0, 2, 2, 1, 2, 1, 1]),
 (12, [1340, 108, 1, 0, 1, 1901, 1090, 1, 0, 1, 2, 0, 0, 2, 1]),
 (12, [1340, 108, 1, 0, 1, 1901, 1090, 1, 0, 1, 2, 0, 0, 2, 1]),
 (12, [1225, 53, 1, 0, 1, 1971, 528, 0, 1, 0, 2, 1, 0, 0, 0]),
 (12, [1225, 53, 1, 0, 1, 1971, 528, 0, 1, 0, 2, 1, 0, 0, 0]),
 (12, [1225, 53, 1, 0, 1, 1971, 528, 0, 1, 0, 2, 1, 0, 0, 0]),
 (12, [564, 48, 0, 1, 1, 1090, 1317, 0, 1, 1, 0, 1, 2, 0, 0]),
 (12, [836, 67, 1, 1, 0, 782, 1482, 0, 1, 2, 3, 1, 2, 2, 1])]
population
[(999, [1863, 83, 1, 0, 1, 1011, 1832, 0, 1, 3, 5, 1, 1, 0, 0]),
 (999, [1799, 26, 0, 1, 0, 992, 1338, 1, 0, 1, 5, 0, 1, 1, 1]),
 (999, [1781, 38, 0, 1, 0, 1987, 1588, 1, 0, 1, 5, 0, 0, 1, 0]),
 (999, [1761, 79, 1, 0, 1, 660, 1508, 1, 1, 3, 1, 1, 0, 0, 1]),
 (999, [1677, 36, 0, 0, 0, 515, 1704, 0, 0, 3, 5, 1, 1, 0, 0]),
 (999, [1410, 79, 1, 1, 1, 769, 1452, 1, 1, 3, 4, 0, 1, 2, 2]),
 (999, [1349, 45, 1, 1, 1, 1626, 1188, 0, 0, 3, 5, 0, 0, 2, 1]),
 (999, [1025, 14, 0, 1, 1, 597, 634, 0, 1, 3, 4, 1, 1, 0, 1]),
 (999, [1012, 56, 1, 1, 1, 904, 626, 0, 0, 3, 3, 0, 1, 2, 2]),
 (999, [923, 64, 1, 0, 0, 1515, 1530, 0, 0, 2, 5, 1, 2, 2, 0]),
 (999, [809, 70, 1, 1, 0, 1169, 741, 0, 1, 3, 5, 1, 1, 2, 0]),
 (16, [1986, 81, 0, 1, 0, 767, 1410, 1, 1, 1, 2, 1, 0, 1, 1]),
 (16, [1739, 106, 1, 1, 1, 888, 1053, 0, 0, 2, 1, 1, 2, 0, 1]),
 (16, [1634, 104, 1, 0, 1, 1735, 1674, 1, 1, 2, 0, 0, 0, 0, 0]),
 (16, [1020, 110, 0, 1, 1, 641, 1684, 0, 0, 1, 4, 1, 2, 2, 2]),
 (16, [966, 71, 0, 1, 0, 1817, 918, 1, 1, 0, 2, 1, 0, 0, 0]),
 (16, [932, 55, 0, 1, 0, 851, 657, 1, 0, 1, 3, 1, 2, 2, 2]),
 (16, [789, 85, 1, 1, 0, 1015, 1570, 0, 1, 0, 1, 1, 1, 0, 0]),
 (16, [695, 90, 1, 0, 1, 791, 1086, 0, 0, 1, 0, 1, 0, 2, 1]),
 (16, [609, 69, 0, 1, 0, 1719, 709, 0, 1, 2, 1, 0, 0, 2, 1]),
 (16, [588, 51, 1, 1, 0, 1535, 979, 1, 1, 2, 3, 0, 2, 1, 2]),
 (16, [515, 61, 0, 0, 1, 1721, 1349, 1, 0, 0, 1, 0, 2, 2, 1]),
 (13, [1635, 69, 1, 1, 0, 1031, 785, 1, 0, 1, 1, 1, 2, 1, 0]),
 (12, [1943, 66, 1, 0, 0, 1283, 814, 0, 1, 1, 1, 1, 0, 2, 2]),
 (12, [1940, 108, 0, 1, 1, 1313, 1845, 0, 1, 2, 3, 0, 1, 2, 1]),
 (12, [1617, 116, 1, 0, 1, 720, 1728, 1, 1, 2, 4, 0, 0, 0, 1]),
 (12, [1340, 108, 1, 0, 1, 1901, 1090, 1, 0, 1, 2, 0, 0, 2, 1]),
 (12, [1225, 53, 1, 0, 1, 1971, 528, 0, 1, 0, 2, 1, 0, 0, 0]),
 (12, [1087, 13, 0, 1, 0, 1549, 887, 0, 0, 2, 2, 1, 2, 1, 1]),
 (12, [836, 67, 1, 1, 0, 782, 1482, 0, 1, 2, 3, 1, 2, 2, 1]),
 (12, [663, 17, 0, 0, 0, 1775, 1982, 0, 0, 2, 1, 0, 2, 1, 2]),
 (12, [564, 48, 0, 1, 1, 1090, 1317, 0, 1, 1, 0, 1, 2, 0, 0])]
scored
[(12, [564, 48, 0, 1, 1, 1090, 1317, 0, 1, 1, 0, 1, 2, 0, 0]),
 (12, [663, 17, 0, 0, 0, 1775, 1982, 0, 0, 2, 1, 0, 2, 1, 2]),
 (12, [836, 67, 1, 1, 0, 782, 1482, 0, 1, 2, 3, 1, 2, 2, 1]),
 (12, [1087, 13, 0, 1, 0, 1549, 887, 0, 0, 2, 2, 1, 2, 1, 1]),
 (12, [1225, 53, 1, 0, 1, 1971, 528, 0, 1, 0, 2, 1, 0, 0, 0]),
 (12, [1340, 108, 1, 0, 1, 1901, 1090, 1, 0, 1, 2, 0, 0, 2, 1]),
 (12, [1617, 116, 1, 0, 1, 720, 1728, 1, 1, 2, 4, 0, 0, 0, 1]),
 (12, [1940, 108, 0, 1, 1, 1313, 1845, 0, 1, 2, 3, 0, 1, 2, 1]),
 (12, [1943, 66, 1, 0, 0, 1283, 814, 0, 1, 1, 1, 1, 0, 2, 2]),
 (13, [1635, 69, 1, 1, 0, 1031, 785, 1, 0, 1, 1, 1, 2, 1, 0]),
 (16, [515, 61, 0, 0, 1, 1721, 1349, 1, 0, 0, 1, 0, 2, 2, 1]),
 (16, [588, 51, 1, 1, 0, 1535, 979, 1, 1, 2, 3, 0, 2, 1, 2]),
 (16, [609, 69, 0, 1, 0, 1719, 709, 0, 1, 2, 1, 0, 0, 2, 1]),
 (16, [695, 90, 1, 0, 1, 791, 1086, 0, 0, 1, 0, 1, 0, 2, 1]),
 (16, [789, 85, 1, 1, 0, 1015, 1570, 0, 1, 0, 1, 1, 1, 0, 0]),
 (16, [932, 55, 0, 1, 0, 851, 657, 1, 0, 1, 3, 1, 2, 2, 2]),
 (16, [966, 71, 0, 1, 0, 1817, 918, 1, 1, 0, 2, 1, 0, 0, 0]),
 (16, [1020, 110, 0, 1, 1, 641, 1684, 0, 0, 1, 4, 1, 2, 2, 2]),
 (16, [1634, 104, 1, 0, 1, 1735, 1674, 1, 1, 2, 0, 0, 0, 0, 0]),
 (16, [1739, 106, 1, 1, 1, 888, 1053, 0, 0, 2, 1, 1, 2, 0, 1]),
 (16, [1986, 81, 0, 1, 0, 767, 1410, 1, 1, 1, 2, 1, 0, 1, 1]),
 (999, [809, 70, 1, 1, 0, 1169, 741, 0, 1, 3, 5, 1, 1, 2, 0]),
 (999, [923, 64, 1, 0, 0, 1515, 1530, 0, 0, 2, 5, 1, 2, 2, 0]),
 (999, [1012, 56, 1, 1, 1, 904, 626, 0, 0, 3, 3, 0, 1, 2, 2]),
 (999, [1025, 14, 0, 1, 1, 597, 634, 0, 1, 3, 4, 1, 1, 0, 1]),
 (999, [1349, 45, 1, 1, 1, 1626, 1188, 0, 0, 3, 5, 0, 0, 2, 1]),
 (999, [1410, 79, 1, 1, 1, 769, 1452, 1, 1, 3, 4, 0, 1, 2, 2]),
 (999, [1677, 36, 0, 0, 0, 515, 1704, 0, 0, 3, 5, 1, 1, 0, 0]),
 (999, [1761, 79, 1, 0, 1, 660, 1508, 1, 1, 3, 1, 1, 0, 0, 1]),
 (999, [1781, 38, 0, 1, 0, 1987, 1588, 1, 0, 1, 5, 0, 0, 1, 0]),
 (999, [1799, 26, 0, 1, 0, 992, 1338, 1, 0, 1, 5, 0, 1, 1, 1]),
 (999, [1863, 83, 1, 0, 1, 1011, 1832, 0, 1, 3, 5, 1, 1, 0, 0])]
Selected
[(12, [564, 48, 0, 1, 1, 1090, 1317, 0, 1, 1, 0, 1, 2, 0, 0]),
 (12, [1087, 13, 0, 1, 0, 1549, 887, 0, 0, 2, 2, 1, 2, 1, 1]),
 (12, [1225, 53, 1, 0, 1, 1971, 528, 0, 1, 0, 2, 1, 0, 0, 0]),
 (12, [564, 48, 0, 1, 1, 1090, 1317, 0, 1, 1, 0, 1, 2, 0, 0]),
 (12, [836, 67, 1, 1, 0, 782, 1482, 0, 1, 2, 3, 1, 2, 2, 1]),
 (12, [1617, 116, 1, 0, 1, 720, 1728, 1, 1, 2, 4, 0, 0, 0, 1]),
 (12, [1617, 116, 1, 0, 1, 720, 1728, 1, 1, 2, 4, 0, 0, 0, 1]),
 (12, [836, 67, 1, 1, 0, 782, 1482, 0, 1, 2, 3, 1, 2, 2, 1]),
 (12, [564, 48, 0, 1, 1, 1090, 1317, 0, 1, 1, 0, 1, 2, 0, 0]),
 (12, [564, 48, 0, 1, 1, 1090, 1317, 0, 1, 1, 0, 1, 2, 0, 0]),
 (13, [1635, 69, 1, 1, 0, 1031, 785, 1, 0, 1, 1, 1, 2, 1, 0]),
 (12, [836, 67, 1, 1, 0, 782, 1482, 0, 1, 2, 3, 1, 2, 2, 1]),
 (12, [1225, 53, 1, 0, 1, 1971, 528, 0, 1, 0, 2, 1, 0, 0, 0]),
 (12, [1340, 108, 1, 0, 1, 1901, 1090, 1, 0, 1, 2, 0, 0, 2, 1]),
 (12, [564, 48, 0, 1, 1, 1090, 1317, 0, 1, 1, 0, 1, 2, 0, 0]),
 (12, [836, 67, 1, 1, 0, 782, 1482, 0, 1, 2, 3, 1, 2, 2, 1]),
 (12, [564, 48, 0, 1, 1, 1090, 1317, 0, 1, 1, 0, 1, 2, 0, 0]),
 (12, [564, 48, 0, 1, 1, 1090, 1317, 0, 1, 1, 0, 1, 2, 0, 0]),
 (12, [564, 48, 0, 1, 1, 1090, 1317, 0, 1, 1, 0, 1, 2, 0, 0]),
 (12, [564, 48, 0, 1, 1, 1090, 1317, 0, 1, 1, 0, 1, 2, 0, 0]),
 (16, [609, 69, 0, 1, 0, 1719, 709, 0, 1, 2, 1, 0, 0, 2, 1]),
 (12, [663, 17, 0, 0, 0, 1775, 1982, 0, 0, 2, 1, 0, 2, 1, 2]),
 (12, [663, 17, 0, 0, 0, 1775, 1982, 0, 0, 2, 1, 0, 2, 1, 2]),
 (12, [836, 67, 1, 1, 0, 782, 1482, 0, 1, 2, 3, 1, 2, 2, 1]),
 (16, [789, 85, 1, 1, 0, 1015, 1570, 0, 1, 0, 1, 1, 1, 0, 0]),
 (12, [1943, 66, 1, 0, 0, 1283, 814, 0, 1, 1, 1, 1, 0, 2, 2]),
 (12, [836, 67, 1, 1, 0, 782, 1482, 0, 1, 2, 3, 1, 2, 2, 1])]
population
[(999, [1863, 83, 1, 0, 1, 1011, 1832, 0, 1, 3, 5, 1, 1, 0, 0]),
 (999, [1799, 26, 0, 1, 0, 992, 1338, 1, 0, 1, 5, 0, 1, 1, 1]),
 (999, [1781, 38, 0, 1, 0, 1987, 1588, 1, 0, 1, 5, 0, 0, 1, 0]),
 (999, [1761, 79, 1, 0, 1, 660, 1508, 1, 1, 3, 1, 1, 0, 0, 1]),
 (999, [1677, 36, 0, 0, 0, 515, 1704, 0, 0, 3, 5, 1, 1, 0, 0]),
 (999, [1410, 79, 1, 1, 1, 769, 1452, 1, 1, 3, 4, 0, 1, 2, 2]),
 (999, [1349, 45, 1, 1, 1, 1626, 1188, 0, 0, 3, 5, 0, 0, 2, 1]),
 (999, [1025, 14, 0, 1, 1, 597, 634, 0, 1, 3, 4, 1, 1, 0, 1]),
 (999, [1012, 56, 1, 1, 1, 904, 626, 0, 0, 3, 3, 0, 1, 2, 2]),
 (999, [923, 64, 1, 0, 0, 1515, 1530, 0, 0, 2, 5, 1, 2, 2, 0]),
 (999, [809, 70, 1, 1, 0, 1169, 741, 0, 1, 3, 5, 1, 1, 2, 0]),
 (16, [1986, 81, 0, 1, 0, 767, 1410, 1, 1, 1, 2, 1, 0, 1, 1]),
 (16, [1739, 106, 1, 1, 1, 888, 1053, 0, 0, 2, 1, 1, 2, 0, 1]),
 (16, [1634, 104, 1, 0, 1, 1735, 1674, 1, 1, 2, 0, 0, 0, 0, 0]),
 (16, [1020, 110, 0, 1, 1, 641, 1684, 0, 0, 1, 4, 1, 2, 2, 2]),
 (16, [966, 71, 0, 1, 0, 1817, 918, 1, 1, 0, 2, 1, 0, 0, 0]),
 (16, [932, 55, 0, 1, 0, 851, 657, 1, 0, 1, 3, 1, 2, 2, 2]),
 (16, [789, 85, 1, 1, 0, 1015, 1570, 0, 1, 0, 1, 1, 1, 0, 0]),
 (16, [695, 90, 1, 0, 1, 791, 1086, 0, 0, 1, 0, 1, 0, 2, 1]),
 (16, [609, 69, 0, 1, 0, 1719, 709, 0, 1, 2, 1, 0, 0, 2, 1]),
 (16, [588, 51, 1, 1, 0, 1535, 979, 1, 1, 2, 3, 0, 2, 1, 2]),
 (16, [515, 61, 0, 0, 1, 1721, 1349, 1, 0, 0, 1, 0, 2, 2, 1]),
 (13, [1635, 69, 1, 1, 0, 1031, 785, 1, 0, 1, 1, 1, 2, 1, 0]),
 (12, [1943, 66, 1, 0, 0, 1283, 814, 0, 1, 1, 1, 1, 0, 2, 2]),
 (12, [1940, 108, 0, 1, 1, 1313, 1845, 0, 1, 2, 3, 0, 1, 2, 1]),
 (12, [1617, 116, 1, 0, 1, 720, 1728, 1, 1, 2, 4, 0, 0, 0, 1]),
 (12, [1340, 108, 1, 0, 1, 1901, 1090, 1, 0, 1, 2, 0, 0, 2, 1]),
 (12, [1225, 53, 1, 0, 1, 1971, 528, 0, 1, 0, 2, 1, 0, 0, 0]),
 (12, [1087, 13, 0, 1, 0, 1549, 887, 0, 0, 2, 2, 1, 2, 1, 1]),
 (12, [836, 67, 1, 1, 0, 782, 1482, 0, 1, 2, 3, 1, 2, 2, 1]),
 (12, [663, 17, 0, 0, 0, 1775, 1982, 0, 0, 2, 1, 0, 2, 1, 2]),
 (12, [564, 48, 0, 1, 1, 1090, 1317, 0, 1, 1, 0, 1, 2, 0, 0])]
scored
[(12, [564, 48, 0, 1, 1, 1090, 1317, 0, 1, 1, 0, 1, 2, 0, 0]),
 (12, [663, 17, 0, 0, 0, 1775, 1982, 0, 0, 2, 1, 0, 2, 1, 2]),
 (12, [836, 67, 1, 1, 0, 782, 1482, 0, 1, 2, 3, 1, 2, 2, 1]),
 (12, [1087, 13, 0, 1, 0, 1549, 887, 0, 0, 2, 2, 1, 2, 1, 1]),
 (12, [1225, 53, 1, 0, 1, 1971, 528, 0, 1, 0, 2, 1, 0, 0, 0]),
 (12, [1340, 108, 1, 0, 1, 1901, 1090, 1, 0, 1, 2, 0, 0, 2, 1]),
 (12, [1617, 116, 1, 0, 1, 720, 1728, 1, 1, 2, 4, 0, 0, 0, 1]),
 (12, [1940, 108, 0, 1, 1, 1313, 1845, 0, 1, 2, 3, 0, 1, 2, 1]),
 (12, [1943, 66, 1, 0, 0, 1283, 814, 0, 1, 1, 1, 1, 0, 2, 2]),
 (13, [1635, 69, 1, 1, 0, 1031, 785, 1, 0, 1, 1, 1, 2, 1, 0]),
 (16, [515, 61, 0, 0, 1, 1721, 1349, 1, 0, 0, 1, 0, 2, 2, 1]),
 (16, [588, 51, 1, 1, 0, 1535, 979, 1, 1, 2, 3, 0, 2, 1, 2]),
 (16, [609, 69, 0, 1, 0, 1719, 709, 0, 1, 2, 1, 0, 0, 2, 1]),
 (16, [695, 90, 1, 0, 1, 791, 1086, 0, 0, 1, 0, 1, 0, 2, 1]),
 (16, [789, 85, 1, 1, 0, 1015, 1570, 0, 1, 0, 1, 1, 1, 0, 0]),
 (16, [932, 55, 0, 1, 0, 851, 657, 1, 0, 1, 3, 1, 2, 2, 2]),
 (16, [966, 71, 0, 1, 0, 1817, 918, 1, 1, 0, 2, 1, 0, 0, 0]),
 (16, [1020, 110, 0, 1, 1, 641, 1684, 0, 0, 1, 4, 1, 2, 2, 2]),
 (16, [1634, 104, 1, 0, 1, 1735, 1674, 1, 1, 2, 0, 0, 0, 0, 0]),
 (16, [1739, 106, 1, 1, 1, 888, 1053, 0, 0, 2, 1, 1, 2, 0, 1]),
 (16, [1986, 81, 0, 1, 0, 767, 1410, 1, 1, 1, 2, 1, 0, 1, 1]),
 (999, [809, 70, 1, 1, 0, 1169, 741, 0, 1, 3, 5, 1, 1, 2, 0]),
 (999, [923, 64, 1, 0, 0, 1515, 1530, 0, 0, 2, 5, 1, 2, 2, 0]),
 (999, [1012, 56, 1, 1, 1, 904, 626, 0, 0, 3, 3, 0, 1, 2, 2]),
 (999, [1025, 14, 0, 1, 1, 597, 634, 0, 1, 3, 4, 1, 1, 0, 1]),
 (999, [1349, 45, 1, 1, 1, 1626, 1188, 0, 0, 3, 5, 0, 0, 2, 1]),
 (999, [1410, 79, 1, 1, 1, 769, 1452, 1, 1, 3, 4, 0, 1, 2, 2]),
 (999, [1677, 36, 0, 0, 0, 515, 1704, 0, 0, 3, 5, 1, 1, 0, 0]),
 (999, [1761, 79, 1, 0, 1, 660, 1508, 1, 1, 3, 1, 1, 0, 0, 1]),
 (999, [1781, 38, 0, 1, 0, 1987, 1588, 1, 0, 1, 5, 0, 0, 1, 0]),
 (999, [1799, 26, 0, 1, 0, 992, 1338, 1, 0, 1, 5, 0, 1, 1, 1]),
 (999, [1863, 83, 1, 0, 1, 1011, 1832, 0, 1, 3, 5, 1, 1, 0, 0])]
Selected
[(12, [564, 48, 0, 1, 1, 1090, 1317, 0, 1, 1, 0, 1, 2, 0, 0]),
 (12, [836, 67, 1, 1, 0, 782, 1482, 0, 1, 2, 3, 1, 2, 2, 1]),
 (12, [1225, 53, 1, 0, 1, 1971, 528, 0, 1, 0, 2, 1, 0, 0, 0]),
 (12, [663, 17, 0, 0, 0, 1775, 1982, 0, 0, 2, 1, 0, 2, 1, 2]),
 (12, [663, 17, 0, 0, 0, 1775, 1982, 0, 0, 2, 1, 0, 2, 1, 2]),
 (12, [836, 67, 1, 1, 0, 782, 1482, 0, 1, 2, 3, 1, 2, 2, 1]),
 (12, [1087, 13, 0, 1, 0, 1549, 887, 0, 0, 2, 2, 1, 2, 1, 1]),
 (12, [564, 48, 0, 1, 1, 1090, 1317, 0, 1, 1, 0, 1, 2, 0, 0]),
 (12, [1087, 13, 0, 1, 0, 1549, 887, 0, 0, 2, 2, 1, 2, 1, 1]),
 (12, [1340, 108, 1, 0, 1, 1901, 1090, 1, 0, 1, 2, 0, 0, 2, 1]),
 (12, [564, 48, 0, 1, 1, 1090, 1317, 0, 1, 1, 0, 1, 2, 0, 0]),
 (12, [1225, 53, 1, 0, 1, 1971, 528, 0, 1, 0, 2, 1, 0, 0, 0]),
 (12, [1087, 13, 0, 1, 0, 1549, 887, 0, 0, 2, 2, 1, 2, 1, 1]),
 (12, [564, 48, 0, 1, 1, 1090, 1317, 0, 1, 1, 0, 1, 2, 0, 0]),
 (12, [1940, 108, 0, 1, 1, 1313, 1845, 0, 1, 2, 3, 0, 1, 2, 1]),
 (16, [966, 71, 0, 1, 0, 1817, 918, 1, 1, 0, 2, 1, 0, 0, 0]),
 (12, [1943, 66, 1, 0, 0, 1283, 814, 0, 1, 1, 1, 1, 0, 2, 2]),
 (12, [1225, 53, 1, 0, 1, 1971, 528, 0, 1, 0, 2, 1, 0, 0, 0]),
 (12, [564, 48, 0, 1, 1, 1090, 1317, 0, 1, 1, 0, 1, 2, 0, 0]),
 (12, [836, 67, 1, 1, 0, 782, 1482, 0, 1, 2, 3, 1, 2, 2, 1]),
 (12, [836, 67, 1, 1, 0, 782, 1482, 0, 1, 2, 3, 1, 2, 2, 1]),
 (16, [695, 90, 1, 0, 1, 791, 1086, 0, 0, 1, 0, 1, 0, 2, 1]),
 (12, [1617, 116, 1, 0, 1, 720, 1728, 1, 1, 2, 4, 0, 0, 0, 1]),
 (12, [663, 17, 0, 0, 0, 1775, 1982, 0, 0, 2, 1, 0, 2, 1, 2]),
 (16, [932, 55, 0, 1, 0, 851, 657, 1, 0, 1, 3, 1, 2, 2, 2]),
 (12, [1087, 13, 0, 1, 0, 1549, 887, 0, 0, 2, 2, 1, 2, 1, 1]),
 (12, [663, 17, 0, 0, 0, 1775, 1982, 0, 0, 2, 1, 0, 2, 1, 2])]
population
[(999, [1863, 83, 1, 0, 1, 1011, 1832, 0, 1, 3, 5, 1, 1, 0, 0]),
 (999, [1799, 26, 0, 1, 0, 992, 1338, 1, 0, 1, 5, 0, 1, 1, 1]),
 (999, [1781, 38, 0, 1, 0, 1987, 1588, 1, 0, 1, 5, 0, 0, 1, 0]),
 (999, [1761, 79, 1, 0, 1, 660, 1508, 1, 1, 3, 1, 1, 0, 0, 1]),
 (999, [1677, 36, 0, 0, 0, 515, 1704, 0, 0, 3, 5, 1, 1, 0, 0]),
 (999, [1410, 79, 1, 1, 1, 769, 1452, 1, 1, 3, 4, 0, 1, 2, 2]),
 (999, [1349, 45, 1, 1, 1, 1626, 1188, 0, 0, 3, 5, 0, 0, 2, 1]),
 (999, [1025, 14, 0, 1, 1, 597, 634, 0, 1, 3, 4, 1, 1, 0, 1]),
 (999, [1012, 56, 1, 1, 1, 904, 626, 0, 0, 3, 3, 0, 1, 2, 2]),
 (999, [923, 64, 1, 0, 0, 1515, 1530, 0, 0, 2, 5, 1, 2, 2, 0]),
 (999, [809, 70, 1, 1, 0, 1169, 741, 0, 1, 3, 5, 1, 1, 2, 0]),
 (16, [1986, 81, 0, 1, 0, 767, 1410, 1, 1, 1, 2, 1, 0, 1, 1]),
 (16, [1739, 106, 1, 1, 1, 888, 1053, 0, 0, 2, 1, 1, 2, 0, 1]),
 (16, [1634, 104, 1, 0, 1, 1735, 1674, 1, 1, 2, 0, 0, 0, 0, 0]),
 (16, [1020, 110, 0, 1, 1, 641, 1684, 0, 0, 1, 4, 1, 2, 2, 2]),
 (16, [966, 71, 0, 1, 0, 1817, 918, 1, 1, 0, 2, 1, 0, 0, 0]),
 (16, [932, 55, 0, 1, 0, 851, 657, 1, 0, 1, 3, 1, 2, 2, 2]),
 (16, [789, 85, 1, 1, 0, 1015, 1570, 0, 1, 0, 1, 1, 1, 0, 0]),
 (16, [695, 90, 1, 0, 1, 791, 1086, 0, 0, 1, 0, 1, 0, 2, 1]),
 (16, [609, 69, 0, 1, 0, 1719, 709, 0, 1, 2, 1, 0, 0, 2, 1]),
 (16, [588, 51, 1, 1, 0, 1535, 979, 1, 1, 2, 3, 0, 2, 1, 2]),
 (16, [515, 61, 0, 0, 1, 1721, 1349, 1, 0, 0, 1, 0, 2, 2, 1]),
 (13, [1635, 69, 1, 1, 0, 1031, 785, 1, 0, 1, 1, 1, 2, 1, 0]),
 (12, [1943, 66, 1, 0, 0, 1283, 814, 0, 1, 1, 1, 1, 0, 2, 2]),
 (12, [1940, 108, 0, 1, 1, 1313, 1845, 0, 1, 2, 3, 0, 1, 2, 1]),
 (12, [1617, 116, 1, 0, 1, 720, 1728, 1, 1, 2, 4, 0, 0, 0, 1]),
 (12, [1340, 108, 1, 0, 1, 1901, 1090, 1, 0, 1, 2, 0, 0, 2, 1]),
 (12, [1225, 53, 1, 0, 1, 1971, 528, 0, 1, 0, 2, 1, 0, 0, 0]),
 (12, [1087, 13, 0, 1, 0, 1549, 887, 0, 0, 2, 2, 1, 2, 1, 1]),
 (12, [836, 67, 1, 1, 0, 782, 1482, 0, 1, 2, 3, 1, 2, 2, 1]),
 (12, [663, 17, 0, 0, 0, 1775, 1982, 0, 0, 2, 1, 0, 2, 1, 2]),
 (12, [564, 48, 0, 1, 1, 1090, 1317, 0, 1, 1, 0, 1, 2, 0, 0])]
scored
[(12, [564, 48, 0, 1, 1, 1090, 1317, 0, 1, 1, 0, 1, 2, 0, 0]),
 (12, [663, 17, 0, 0, 0, 1775, 1982, 0, 0, 2, 1, 0, 2, 1, 2]),
 (12, [836, 67, 1, 1, 0, 782, 1482, 0, 1, 2, 3, 1, 2, 2, 1]),
 (12, [1087, 13, 0, 1, 0, 1549, 887, 0, 0, 2, 2, 1, 2, 1, 1]),
 (12, [1225, 53, 1, 0, 1, 1971, 528, 0, 1, 0, 2, 1, 0, 0, 0]),
 (12, [1340, 108, 1, 0, 1, 1901, 1090, 1, 0, 1, 2, 0, 0, 2, 1]),
 (12, [1617, 116, 1, 0, 1, 720, 1728, 1, 1, 2, 4, 0, 0, 0, 1]),
 (12, [1940, 108, 0, 1, 1, 1313, 1845, 0, 1, 2, 3, 0, 1, 2, 1]),
 (12, [1943, 66, 1, 0, 0, 1283, 814, 0, 1, 1, 1, 1, 0, 2, 2]),
 (13, [1635, 69, 1, 1, 0, 1031, 785, 1, 0, 1, 1, 1, 2, 1, 0]),
 (16, [515, 61, 0, 0, 1, 1721, 1349, 1, 0, 0, 1, 0, 2, 2, 1]),
 (16, [588, 51, 1, 1, 0, 1535, 979, 1, 1, 2, 3, 0, 2, 1, 2]),
 (16, [609, 69, 0, 1, 0, 1719, 709, 0, 1, 2, 1, 0, 0, 2, 1]),
 (16, [695, 90, 1, 0, 1, 791, 1086, 0, 0, 1, 0, 1, 0, 2, 1]),
 (16, [789, 85, 1, 1, 0, 1015, 1570, 0, 1, 0, 1, 1, 1, 0, 0]),
 (16, [932, 55, 0, 1, 0, 851, 657, 1, 0, 1, 3, 1, 2, 2, 2]),
 (16, [966, 71, 0, 1, 0, 1817, 918, 1, 1, 0, 2, 1, 0, 0, 0]),
 (16, [1020, 110, 0, 1, 1, 641, 1684, 0, 0, 1, 4, 1, 2, 2, 2]),
 (16, [1634, 104, 1, 0, 1, 1735, 1674, 1, 1, 2, 0, 0, 0, 0, 0]),
 (16, [1739, 106, 1, 1, 1, 888, 1053, 0, 0, 2, 1, 1, 2, 0, 1]),
 (16, [1986, 81, 0, 1, 0, 767, 1410, 1, 1, 1, 2, 1, 0, 1, 1]),
 (999, [809, 70, 1, 1, 0, 1169, 741, 0, 1, 3, 5, 1, 1, 2, 0]),
 (999, [923, 64, 1, 0, 0, 1515, 1530, 0, 0, 2, 5, 1, 2, 2, 0]),
 (999, [1012, 56, 1, 1, 1, 904, 626, 0, 0, 3, 3, 0, 1, 2, 2]),
 (999, [1025, 14, 0, 1, 1, 597, 634, 0, 1, 3, 4, 1, 1, 0, 1]),
 (999, [1349, 45, 1, 1, 1, 1626, 1188, 0, 0, 3, 5, 0, 0, 2, 1]),
 (999, [1410, 79, 1, 1, 1, 769, 1452, 1, 1, 3, 4, 0, 1, 2, 2]),
 (999, [1677, 36, 0, 0, 0, 515, 1704, 0, 0, 3, 5, 1, 1, 0, 0]),
 (999, [1761, 79, 1, 0, 1, 660, 1508, 1, 1, 3, 1, 1, 0, 0, 1]),
 (999, [1781, 38, 0, 1, 0, 1987, 1588, 1, 0, 1, 5, 0, 0, 1, 0]),
 (999, [1799, 26, 0, 1, 0, 992, 1338, 1, 0, 1, 5, 0, 1, 1, 1]),
 (999, [1863, 83, 1, 0, 1, 1011, 1832, 0, 1, 3, 5, 1, 1, 0, 0])]
Selected
[(12, [1617, 116, 1, 0, 1, 720, 1728, 1, 1, 2, 4, 0, 0, 0, 1]),
 (13, [1635, 69, 1, 1, 0, 1031, 785, 1, 0, 1, 1, 1, 2, 1, 0]),
 (12, [1340, 108, 1, 0, 1, 1901, 1090, 1, 0, 1, 2, 0, 0, 2, 1]),
 (12, [1087, 13, 0, 1, 0, 1549, 887, 0, 0, 2, 2, 1, 2, 1, 1]),
 (12, [1225, 53, 1, 0, 1, 1971, 528, 0, 1, 0, 2, 1, 0, 0, 0]),
 (12, [564, 48, 0, 1, 1, 1090, 1317, 0, 1, 1, 0, 1, 2, 0, 0]),
 (16, [588, 51, 1, 1, 0, 1535, 979, 1, 1, 2, 3, 0, 2, 1, 2]),
 (12, [1940, 108, 0, 1, 1, 1313, 1845, 0, 1, 2, 3, 0, 1, 2, 1]),
 (12, [564, 48, 0, 1, 1, 1090, 1317, 0, 1, 1, 0, 1, 2, 0, 0]),
 (12, [836, 67, 1, 1, 0, 782, 1482, 0, 1, 2, 3, 1, 2, 2, 1]),
 (16, [588, 51, 1, 1, 0, 1535, 979, 1, 1, 2, 3, 0, 2, 1, 2]),
 (12, [836, 67, 1, 1, 0, 782, 1482, 0, 1, 2, 3, 1, 2, 2, 1]),
 (12, [1940, 108, 0, 1, 1, 1313, 1845, 0, 1, 2, 3, 0, 1, 2, 1]),
 (13, [1635, 69, 1, 1, 0, 1031, 785, 1, 0, 1, 1, 1, 2, 1, 0]),
 (12, [564, 48, 0, 1, 1, 1090, 1317, 0, 1, 1, 0, 1, 2, 0, 0]),
 (12, [1225, 53, 1, 0, 1, 1971, 528, 0, 1, 0, 2, 1, 0, 0, 0]),
 (16, [932, 55, 0, 1, 0, 851, 657, 1, 0, 1, 3, 1, 2, 2, 2]),
 (12, [836, 67, 1, 1, 0, 782, 1482, 0, 1, 2, 3, 1, 2, 2, 1]),
 (12, [1940, 108, 0, 1, 1, 1313, 1845, 0, 1, 2, 3, 0, 1, 2, 1]),
 (12, [1087, 13, 0, 1, 0, 1549, 887, 0, 0, 2, 2, 1, 2, 1, 1]),
 (12, [1340, 108, 1, 0, 1, 1901, 1090, 1, 0, 1, 2, 0, 0, 2, 1]),
 (12, [1617, 116, 1, 0, 1, 720, 1728, 1, 1, 2, 4, 0, 0, 0, 1]),
 (12, [1940, 108, 0, 1, 1, 1313, 1845, 0, 1, 2, 3, 0, 1, 2, 1]),
 (12, [663, 17, 0, 0, 0, 1775, 1982, 0, 0, 2, 1, 0, 2, 1, 2]),
 (12, [663, 17, 0, 0, 0, 1775, 1982, 0, 0, 2, 1, 0, 2, 1, 2]),
 (12, [836, 67, 1, 1, 0, 782, 1482, 0, 1, 2, 3, 1, 2, 2, 1]),
 (12, [564, 48, 0, 1, 1, 1090, 1317, 0, 1, 1, 0, 1, 2, 0, 0])]
population
[(999, [1863, 83, 1, 0, 1, 1011, 1832, 0, 1, 3, 5, 1, 1, 0, 0]),
 (999, [1799, 26, 0, 1, 0, 992, 1338, 1, 0, 1, 5, 0, 1, 1, 1]),
 (999, [1781, 38, 0, 1, 0, 1987, 1588, 1, 0, 1, 5, 0, 0, 1, 0]),
 (999, [1761, 79, 1, 0, 1, 660, 1508, 1, 1, 3, 1, 1, 0, 0, 1]),
 (999, [1677, 36, 0, 0, 0, 515, 1704, 0, 0, 3, 5, 1, 1, 0, 0]),
 (999, [1410, 79, 1, 1, 1, 769, 1452, 1, 1, 3, 4, 0, 1, 2, 2]),
 (999, [1349, 45, 1, 1, 1, 1626, 1188, 0, 0, 3, 5, 0, 0, 2, 1]),
 (999, [1025, 14, 0, 1, 1, 597, 634, 0, 1, 3, 4, 1, 1, 0, 1]),
 (999, [1012, 56, 1, 1, 1, 904, 626, 0, 0, 3, 3, 0, 1, 2, 2]),
 (999, [923, 64, 1, 0, 0, 1515, 1530, 0, 0, 2, 5, 1, 2, 2, 0]),
 (999, [809, 70, 1, 1, 0, 1169, 741, 0, 1, 3, 5, 1, 1, 2, 0]),
 (16, [1986, 81, 0, 1, 0, 767, 1410, 1, 1, 1, 2, 1, 0, 1, 1]),
 (16, [1739, 106, 1, 1, 1, 888, 1053, 0, 0, 2, 1, 1, 2, 0, 1]),
 (16, [1634, 104, 1, 0, 1, 1735, 1674, 1, 1, 2, 0, 0, 0, 0, 0]),
 (16, [1020, 110, 0, 1, 1, 641, 1684, 0, 0, 1, 4, 1, 2, 2, 2]),
 (16, [966, 71, 0, 1, 0, 1817, 918, 1, 1, 0, 2, 1, 0, 0, 0]),
 (16, [932, 55, 0, 1, 0, 851, 657, 1, 0, 1, 3, 1, 2, 2, 2]),
 (16, [789, 85, 1, 1, 0, 1015, 1570, 0, 1, 0, 1, 1, 1, 0, 0]),
 (16, [695, 90, 1, 0, 1, 791, 1086, 0, 0, 1, 0, 1, 0, 2, 1]),
 (16, [609, 69, 0, 1, 0, 1719, 709, 0, 1, 2, 1, 0, 0, 2, 1]),
 (16, [588, 51, 1, 1, 0, 1535, 979, 1, 1, 2, 3, 0, 2, 1, 2]),
 (16, [515, 61, 0, 0, 1, 1721, 1349, 1, 0, 0, 1, 0, 2, 2, 1]),
 (13, [1635, 69, 1, 1, 0, 1031, 785, 1, 0, 1, 1, 1, 2, 1, 0]),
 (12, [1943, 66, 1, 0, 0, 1283, 814, 0, 1, 1, 1, 1, 0, 2, 2]),
 (12, [1940, 108, 0, 1, 1, 1313, 1845, 0, 1, 2, 3, 0, 1, 2, 1]),
 (12, [1617, 116, 1, 0, 1, 720, 1728, 1, 1, 2, 4, 0, 0, 0, 1]),
 (12, [1340, 108, 1, 0, 1, 1901, 1090, 1, 0, 1, 2, 0, 0, 2, 1]),
 (12, [1225, 53, 1, 0, 1, 1971, 528, 0, 1, 0, 2, 1, 0, 0, 0]),
 (12, [1087, 13, 0, 1, 0, 1549, 887, 0, 0, 2, 2, 1, 2, 1, 1]),
 (12, [836, 67, 1, 1, 0, 782, 1482, 0, 1, 2, 3, 1, 2, 2, 1]),
 (12, [663, 17, 0, 0, 0, 1775, 1982, 0, 0, 2, 1, 0, 2, 1, 2]),
 (12, [564, 48, 0, 1, 1, 1090, 1317, 0, 1, 1, 0, 1, 2, 0, 0])]
scored
[(12, [564, 48, 0, 1, 1, 1090, 1317, 0, 1, 1, 0, 1, 2, 0, 0]),
 (12, [663, 17, 0, 0, 0, 1775, 1982, 0, 0, 2, 1, 0, 2, 1, 2]),
 (12, [836, 67, 1, 1, 0, 782, 1482, 0, 1, 2, 3, 1, 2, 2, 1]),
 (12, [1087, 13, 0, 1, 0, 1549, 887, 0, 0, 2, 2, 1, 2, 1, 1]),
 (12, [1225, 53, 1, 0, 1, 1971, 528, 0, 1, 0, 2, 1, 0, 0, 0]),
 (12, [1340, 108, 1, 0, 1, 1901, 1090, 1, 0, 1, 2, 0, 0, 2, 1]),
 (12, [1617, 116, 1, 0, 1, 720, 1728, 1, 1, 2, 4, 0, 0, 0, 1]),
 (12, [1940, 108, 0, 1, 1, 1313, 1845, 0, 1, 2, 3, 0, 1, 2, 1]),
 (12, [1943, 66, 1, 0, 0, 1283, 814, 0, 1, 1, 1, 1, 0, 2, 2]),
 (13, [1635, 69, 1, 1, 0, 1031, 785, 1, 0, 1, 1, 1, 2, 1, 0]),
 (16, [515, 61, 0, 0, 1, 1721, 1349, 1, 0, 0, 1, 0, 2, 2, 1]),
 (16, [588, 51, 1, 1, 0, 1535, 979, 1, 1, 2, 3, 0, 2, 1, 2]),
 (16, [609, 69, 0, 1, 0, 1719, 709, 0, 1, 2, 1, 0, 0, 2, 1]),
 (16, [695, 90, 1, 0, 1, 791, 1086, 0, 0, 1, 0, 1, 0, 2, 1]),
 (16, [789, 85, 1, 1, 0, 1015, 1570, 0, 1, 0, 1, 1, 1, 0, 0]),
 (16, [932, 55, 0, 1, 0, 851, 657, 1, 0, 1, 3, 1, 2, 2, 2]),
 (16, [966, 71, 0, 1, 0, 1817, 918, 1, 1, 0, 2, 1, 0, 0, 0]),
 (16, [1020, 110, 0, 1, 1, 641, 1684, 0, 0, 1, 4, 1, 2, 2, 2]),
 (16, [1634, 104, 1, 0, 1, 1735, 1674, 1, 1, 2, 0, 0, 0, 0, 0]),
 (16, [1739, 106, 1, 1, 1, 888, 1053, 0, 0, 2, 1, 1, 2, 0, 1]),
 (16, [1986, 81, 0, 1, 0, 767, 1410, 1, 1, 1, 2, 1, 0, 1, 1]),
 (999, [809, 70, 1, 1, 0, 1169, 741, 0, 1, 3, 5, 1, 1, 2, 0]),
 (999, [923, 64, 1, 0, 0, 1515, 1530, 0, 0, 2, 5, 1, 2, 2, 0]),
 (999, [1012, 56, 1, 1, 1, 904, 626, 0, 0, 3, 3, 0, 1, 2, 2]),
 (999, [1025, 14, 0, 1, 1, 597, 634, 0, 1, 3, 4, 1, 1, 0, 1]),
 (999, [1349, 45, 1, 1, 1, 1626, 1188, 0, 0, 3, 5, 0, 0, 2, 1]),
 (999, [1410, 79, 1, 1, 1, 769, 1452, 1, 1, 3, 4, 0, 1, 2, 2]),
 (999, [1677, 36, 0, 0, 0, 515, 1704, 0, 0, 3, 5, 1, 1, 0, 0]),
 (999, [1761, 79, 1, 0, 1, 660, 1508, 1, 1, 3, 1, 1, 0, 0, 1]),
 (999, [1781, 38, 0, 1, 0, 1987, 1588, 1, 0, 1, 5, 0, 0, 1, 0]),
 (999, [1799, 26, 0, 1, 0, 992, 1338, 1, 0, 1, 5, 0, 1, 1, 1]),
 (999, [1863, 83, 1, 0, 1, 1011, 1832, 0, 1, 3, 5, 1, 1, 0, 0])]
Selected
[(12, [663, 17, 0, 0, 0, 1775, 1982, 0, 0, 2, 1, 0, 2, 1, 2]),
 (12, [564, 48, 0, 1, 1, 1090, 1317, 0, 1, 1, 0, 1, 2, 0, 0]),
 (16, [515, 61, 0, 0, 1, 1721, 1349, 1, 0, 0, 1, 0, 2, 2, 1]),
 (13, [1635, 69, 1, 1, 0, 1031, 785, 1, 0, 1, 1, 1, 2, 1, 0]),
 (12, [836, 67, 1, 1, 0, 782, 1482, 0, 1, 2, 3, 1, 2, 2, 1]),
 (12, [564, 48, 0, 1, 1, 1090, 1317, 0, 1, 1, 0, 1, 2, 0, 0]),
 (12, [1225, 53, 1, 0, 1, 1971, 528, 0, 1, 0, 2, 1, 0, 0, 0]),
 (12, [1940, 108, 0, 1, 1, 1313, 1845, 0, 1, 2, 3, 0, 1, 2, 1]),
 (12, [564, 48, 0, 1, 1, 1090, 1317, 0, 1, 1, 0, 1, 2, 0, 0]),
 (12, [564, 48, 0, 1, 1, 1090, 1317, 0, 1, 1, 0, 1, 2, 0, 0]),
 (12, [1087, 13, 0, 1, 0, 1549, 887, 0, 0, 2, 2, 1, 2, 1, 1]),
 (12, [1340, 108, 1, 0, 1, 1901, 1090, 1, 0, 1, 2, 0, 0, 2, 1]),
 (16, [609, 69, 0, 1, 0, 1719, 709, 0, 1, 2, 1, 0, 0, 2, 1]),
 (12, [1087, 13, 0, 1, 0, 1549, 887, 0, 0, 2, 2, 1, 2, 1, 1]),
 (12, [663, 17, 0, 0, 0, 1775, 1982, 0, 0, 2, 1, 0, 2, 1, 2]),
 (12, [663, 17, 0, 0, 0, 1775, 1982, 0, 0, 2, 1, 0, 2, 1, 2]),
 (12, [1225, 53, 1, 0, 1, 1971, 528, 0, 1, 0, 2, 1, 0, 0, 0]),
 (12, [663, 17, 0, 0, 0, 1775, 1982, 0, 0, 2, 1, 0, 2, 1, 2]),
 (12, [663, 17, 0, 0, 0, 1775, 1982, 0, 0, 2, 1, 0, 2, 1, 2]),
 (12, [1340, 108, 1, 0, 1, 1901, 1090, 1, 0, 1, 2, 0, 0, 2, 1]),
 (12, [1225, 53, 1, 0, 1, 1971, 528, 0, 1, 0, 2, 1, 0, 0, 0]),
 (12, [1225, 53, 1, 0, 1, 1971, 528, 0, 1, 0, 2, 1, 0, 0, 0]),
 (13, [1635, 69, 1, 1, 0, 1031, 785, 1, 0, 1, 1, 1, 2, 1, 0]),
 (12, [564, 48, 0, 1, 1, 1090, 1317, 0, 1, 1, 0, 1, 2, 0, 0]),
 (12, [1087, 13, 0, 1, 0, 1549, 887, 0, 0, 2, 2, 1, 2, 1, 1]),
 (12, [1340, 108, 1, 0, 1, 1901, 1090, 1, 0, 1, 2, 0, 0, 2, 1]),
 (12, [1940, 108, 0, 1, 1, 1313, 1845, 0, 1, 2, 3, 0, 1, 2, 1])]
population
[(999, [1863, 83, 1, 0, 1, 1011, 1832, 0, 1, 3, 5, 1, 1, 0, 0]),
 (999, [1799, 26, 0, 1, 0, 992, 1338, 1, 0, 1, 5, 0, 1, 1, 1]),
 (999, [1781, 38, 0, 1, 0, 1987, 1588, 1, 0, 1, 5, 0, 0, 1, 0]),
 (999, [1761, 79, 1, 0, 1, 660, 1508, 1, 1, 3, 1, 1, 0, 0, 1]),
 (999, [1677, 36, 0, 0, 0, 515, 1704, 0, 0, 3, 5, 1, 1, 0, 0]),
 (999, [1410, 79, 1, 1, 1, 769, 1452, 1, 1, 3, 4, 0, 1, 2, 2]),
 (999, [1349, 45, 1, 1, 1, 1626, 1188, 0, 0, 3, 5, 0, 0, 2, 1]),
 (999, [1025, 14, 0, 1, 1, 597, 634, 0, 1, 3, 4, 1, 1, 0, 1]),
 (999, [1012, 56, 1, 1, 1, 904, 626, 0, 0, 3, 3, 0, 1, 2, 2]),
 (999, [923, 64, 1, 0, 0, 1515, 1530, 0, 0, 2, 5, 1, 2, 2, 0]),
 (999, [809, 70, 1, 1, 0, 1169, 741, 0, 1, 3, 5, 1, 1, 2, 0]),
 (16, [1986, 81, 0, 1, 0, 767, 1410, 1, 1, 1, 2, 1, 0, 1, 1]),
 (16, [1739, 106, 1, 1, 1, 888, 1053, 0, 0, 2, 1, 1, 2, 0, 1]),
 (16, [1634, 104, 1, 0, 1, 1735, 1674, 1, 1, 2, 0, 0, 0, 0, 0]),
 (16, [1020, 110, 0, 1, 1, 641, 1684, 0, 0, 1, 4, 1, 2, 2, 2]),
 (16, [966, 71, 0, 1, 0, 1817, 918, 1, 1, 0, 2, 1, 0, 0, 0]),
 (16, [932, 55, 0, 1, 0, 851, 657, 1, 0, 1, 3, 1, 2, 2, 2]),
 (16, [789, 85, 1, 1, 0, 1015, 1570, 0, 1, 0, 1, 1, 1, 0, 0]),
 (16, [695, 90, 1, 0, 1, 791, 1086, 0, 0, 1, 0, 1, 0, 2, 1]),
 (16, [609, 69, 0, 1, 0, 1719, 709, 0, 1, 2, 1, 0, 0, 2, 1]),
 (16, [588, 51, 1, 1, 0, 1535, 979, 1, 1, 2, 3, 0, 2, 1, 2]),
 (16, [515, 61, 0, 0, 1, 1721, 1349, 1, 0, 0, 1, 0, 2, 2, 1]),
 (13, [1635, 69, 1, 1, 0, 1031, 785, 1, 0, 1, 1, 1, 2, 1, 0]),
 (12, [1943, 66, 1, 0, 0, 1283, 814, 0, 1, 1, 1, 1, 0, 2, 2]),
 (12, [1940, 108, 0, 1, 1, 1313, 1845, 0, 1, 2, 3, 0, 1, 2, 1]),
 (12, [1617, 116, 1, 0, 1, 720, 1728, 1, 1, 2, 4, 0, 0, 0, 1]),
 (12, [1340, 108, 1, 0, 1, 1901, 1090, 1, 0, 1, 2, 0, 0, 2, 1]),
 (12, [1225, 53, 1, 0, 1, 1971, 528, 0, 1, 0, 2, 1, 0, 0, 0]),
 (12, [1087, 13, 0, 1, 0, 1549, 887, 0, 0, 2, 2, 1, 2, 1, 1]),
 (12, [836, 67, 1, 1, 0, 782, 1482, 0, 1, 2, 3, 1, 2, 2, 1]),
 (12, [663, 17, 0, 0, 0, 1775, 1982, 0, 0, 2, 1, 0, 2, 1, 2]),
 (12, [564, 48, 0, 1, 1, 1090, 1317, 0, 1, 1, 0, 1, 2, 0, 0])]
scored
[(12, [564, 48, 0, 1, 1, 1090, 1317, 0, 1, 1, 0, 1, 2, 0, 0]),
 (12, [663, 17, 0, 0, 0, 1775, 1982, 0, 0, 2, 1, 0, 2, 1, 2]),
 (12, [836, 67, 1, 1, 0, 782, 1482, 0, 1, 2, 3, 1, 2, 2, 1]),
 (12, [1087, 13, 0, 1, 0, 1549, 887, 0, 0, 2, 2, 1, 2, 1, 1]),
 (12, [1225, 53, 1, 0, 1, 1971, 528, 0, 1, 0, 2, 1, 0, 0, 0]),
 (12, [1340, 108, 1, 0, 1, 1901, 1090, 1, 0, 1, 2, 0, 0, 2, 1]),
 (12, [1617, 116, 1, 0, 1, 720, 1728, 1, 1, 2, 4, 0, 0, 0, 1]),
 (12, [1940, 108, 0, 1, 1, 1313, 1845, 0, 1, 2, 3, 0, 1, 2, 1]),
 (12, [1943, 66, 1, 0, 0, 1283, 814, 0, 1, 1, 1, 1, 0, 2, 2]),
 (13, [1635, 69, 1, 1, 0, 1031, 785, 1, 0, 1, 1, 1, 2, 1, 0]),
 (16, [515, 61, 0, 0, 1, 1721, 1349, 1, 0, 0, 1, 0, 2, 2, 1]),
 (16, [588, 51, 1, 1, 0, 1535, 979, 1, 1, 2, 3, 0, 2, 1, 2]),
 (16, [609, 69, 0, 1, 0, 1719, 709, 0, 1, 2, 1, 0, 0, 2, 1]),
 (16, [695, 90, 1, 0, 1, 791, 1086, 0, 0, 1, 0, 1, 0, 2, 1]),
 (16, [789, 85, 1, 1, 0, 1015, 1570, 0, 1, 0, 1, 1, 1, 0, 0]),
 (16, [932, 55, 0, 1, 0, 851, 657, 1, 0, 1, 3, 1, 2, 2, 2]),
 (16, [966, 71, 0, 1, 0, 1817, 918, 1, 1, 0, 2, 1, 0, 0, 0]),
 (16, [1020, 110, 0, 1, 1, 641, 1684, 0, 0, 1, 4, 1, 2, 2, 2]),
 (16, [1634, 104, 1, 0, 1, 1735, 1674, 1, 1, 2, 0, 0, 0, 0, 0]),
 (16, [1739, 106, 1, 1, 1, 888, 1053, 0, 0, 2, 1, 1, 2, 0, 1]),
 (16, [1986, 81, 0, 1, 0, 767, 1410, 1, 1, 1, 2, 1, 0, 1, 1]),
 (999, [809, 70, 1, 1, 0, 1169, 741, 0, 1, 3, 5, 1, 1, 2, 0]),
 (999, [923, 64, 1, 0, 0, 1515, 1530, 0, 0, 2, 5, 1, 2, 2, 0]),
 (999, [1012, 56, 1, 1, 1, 904, 626, 0, 0, 3, 3, 0, 1, 2, 2]),
 (999, [1025, 14, 0, 1, 1, 597, 634, 0, 1, 3, 4, 1, 1, 0, 1]),
 (999, [1349, 45, 1, 1, 1, 1626, 1188, 0, 0, 3, 5, 0, 0, 2, 1]),
 (999, [1410, 79, 1, 1, 1, 769, 1452, 1, 1, 3, 4, 0, 1, 2, 2]),
 (999, [1677, 36, 0, 0, 0, 515, 1704, 0, 0, 3, 5, 1, 1, 0, 0]),
 (999, [1761, 79, 1, 0, 1, 660, 1508, 1, 1, 3, 1, 1, 0, 0, 1]),
 (999, [1781, 38, 0, 1, 0, 1987, 1588, 1, 0, 1, 5, 0, 0, 1, 0]),
 (999, [1799, 26, 0, 1, 0, 992, 1338, 1, 0, 1, 5, 0, 1, 1, 1]),
 (999, [1863, 83, 1, 0, 1, 1011, 1832, 0, 1, 3, 5, 1, 1, 0, 0])]
Selected
[(12, [1225, 53, 1, 0, 1, 1971, 528, 0, 1, 0, 2, 1, 0, 0, 0]),
 (12, [663, 17, 0, 0, 0, 1775, 1982, 0, 0, 2, 1, 0, 2, 1, 2]),
 (12, [836, 67, 1, 1, 0, 782, 1482, 0, 1, 2, 3, 1, 2, 2, 1]),
 (12, [1340, 108, 1, 0, 1, 1901, 1090, 1, 0, 1, 2, 0, 0, 2, 1]),
 (12, [1340, 108, 1, 0, 1, 1901, 1090, 1, 0, 1, 2, 0, 0, 2, 1]),
 (12, [663, 17, 0, 0, 0, 1775, 1982, 0, 0, 2, 1, 0, 2, 1, 2]),
 (12, [564, 48, 0, 1, 1, 1090, 1317, 0, 1, 1, 0, 1, 2, 0, 0]),
 (16, [1020, 110, 0, 1, 1, 641, 1684, 0, 0, 1, 4, 1, 2, 2, 2]),
 (12, [564, 48, 0, 1, 1, 1090, 1317, 0, 1, 1, 0, 1, 2, 0, 0]),
 (12, [663, 17, 0, 0, 0, 1775, 1982, 0, 0, 2, 1, 0, 2, 1, 2]),
 (12, [564, 48, 0, 1, 1, 1090, 1317, 0, 1, 1, 0, 1, 2, 0, 0]),
 (12, [663, 17, 0, 0, 0, 1775, 1982, 0, 0, 2, 1, 0, 2, 1, 2]),
 (12, [1087, 13, 0, 1, 0, 1549, 887, 0, 0, 2, 2, 1, 2, 1, 1]),
 (12, [564, 48, 0, 1, 1, 1090, 1317, 0, 1, 1, 0, 1, 2, 0, 0]),
 (12, [1943, 66, 1, 0, 0, 1283, 814, 0, 1, 1, 1, 1, 0, 2, 2]),
 (16, [695, 90, 1, 0, 1, 791, 1086, 0, 0, 1, 0, 1, 0, 2, 1]),
 (12, [663, 17, 0, 0, 0, 1775, 1982, 0, 0, 2, 1, 0, 2, 1, 2]),
 (12, [1225, 53, 1, 0, 1, 1971, 528, 0, 1, 0, 2, 1, 0, 0, 0]),
 (12, [1617, 116, 1, 0, 1, 720, 1728, 1, 1, 2, 4, 0, 0, 0, 1]),
 (12, [564, 48, 0, 1, 1, 1090, 1317, 0, 1, 1, 0, 1, 2, 0, 0]),
 (12, [1225, 53, 1, 0, 1, 1971, 528, 0, 1, 0, 2, 1, 0, 0, 0]),
 (12, [1943, 66, 1, 0, 0, 1283, 814, 0, 1, 1, 1, 1, 0, 2, 2]),
 (12, [1617, 116, 1, 0, 1, 720, 1728, 1, 1, 2, 4, 0, 0, 0, 1]),
 (12, [836, 67, 1, 1, 0, 782, 1482, 0, 1, 2, 3, 1, 2, 2, 1]),
 (16, [515, 61, 0, 0, 1, 1721, 1349, 1, 0, 0, 1, 0, 2, 2, 1]),
 (12, [1225, 53, 1, 0, 1, 1971, 528, 0, 1, 0, 2, 1, 0, 0, 0]),
 (12, [1087, 13, 0, 1, 0, 1549, 887, 0, 0, 2, 2, 1, 2, 1, 1])]
population
[(999, [1863, 83, 1, 0, 1, 1011, 1832, 0, 1, 3, 5, 1, 1, 0, 0]),
 (999, [1799, 26, 0, 1, 0, 992, 1338, 1, 0, 1, 5, 0, 1, 1, 1]),
 (999, [1781, 38, 0, 1, 0, 1987, 1588, 1, 0, 1, 5, 0, 0, 1, 0]),
 (999, [1761, 79, 1, 0, 1, 660, 1508, 1, 1, 3, 1, 1, 0, 0, 1]),
 (999, [1677, 36, 0, 0, 0, 515, 1704, 0, 0, 3, 5, 1, 1, 0, 0]),
 (999, [1410, 79, 1, 1, 1, 769, 1452, 1, 1, 3, 4, 0, 1, 2, 2]),
 (999, [1349, 45, 1, 1, 1, 1626, 1188, 0, 0, 3, 5, 0, 0, 2, 1]),
 (999, [1025, 14, 0, 1, 1, 597, 634, 0, 1, 3, 4, 1, 1, 0, 1]),
 (999, [1012, 56, 1, 1, 1, 904, 626, 0, 0, 3, 3, 0, 1, 2, 2]),
 (999, [923, 64, 1, 0, 0, 1515, 1530, 0, 0, 2, 5, 1, 2, 2, 0]),
 (999, [809, 70, 1, 1, 0, 1169, 741, 0, 1, 3, 5, 1, 1, 2, 0]),
 (16, [1986, 81, 0, 1, 0, 767, 1410, 1, 1, 1, 2, 1, 0, 1, 1]),
 (16, [1739, 106, 1, 1, 1, 888, 1053, 0, 0, 2, 1, 1, 2, 0, 1]),
 (16, [1634, 104, 1, 0, 1, 1735, 1674, 1, 1, 2, 0, 0, 0, 0, 0]),
 (16, [1020, 110, 0, 1, 1, 641, 1684, 0, 0, 1, 4, 1, 2, 2, 2]),
 (16, [966, 71, 0, 1, 0, 1817, 918, 1, 1, 0, 2, 1, 0, 0, 0]),
 (16, [932, 55, 0, 1, 0, 851, 657, 1, 0, 1, 3, 1, 2, 2, 2]),
 (16, [789, 85, 1, 1, 0, 1015, 1570, 0, 1, 0, 1, 1, 1, 0, 0]),
 (16, [695, 90, 1, 0, 1, 791, 1086, 0, 0, 1, 0, 1, 0, 2, 1]),
 (16, [609, 69, 0, 1, 0, 1719, 709, 0, 1, 2, 1, 0, 0, 2, 1]),
 (16, [588, 51, 1, 1, 0, 1535, 979, 1, 1, 2, 3, 0, 2, 1, 2]),
 (16, [515, 61, 0, 0, 1, 1721, 1349, 1, 0, 0, 1, 0, 2, 2, 1]),
 (13, [1635, 69, 1, 1, 0, 1031, 785, 1, 0, 1, 1, 1, 2, 1, 0]),
 (12, [1943, 66, 1, 0, 0, 1283, 814, 0, 1, 1, 1, 1, 0, 2, 2]),
 (12, [1940, 108, 0, 1, 1, 1313, 1845, 0, 1, 2, 3, 0, 1, 2, 1]),
 (12, [1617, 116, 1, 0, 1, 720, 1728, 1, 1, 2, 4, 0, 0, 0, 1]),
 (12, [1340, 108, 1, 0, 1, 1901, 1090, 1, 0, 1, 2, 0, 0, 2, 1]),
 (12, [1225, 53, 1, 0, 1, 1971, 528, 0, 1, 0, 2, 1, 0, 0, 0]),
 (12, [1087, 13, 0, 1, 0, 1549, 887, 0, 0, 2, 2, 1, 2, 1, 1]),
 (12, [836, 67, 1, 1, 0, 782, 1482, 0, 1, 2, 3, 1, 2, 2, 1]),
 (12, [663, 17, 0, 0, 0, 1775, 1982, 0, 0, 2, 1, 0, 2, 1, 2]),
 (12, [564, 48, 0, 1, 1, 1090, 1317, 0, 1, 1, 0, 1, 2, 0, 0])]
scored
[(12, [564, 48, 0, 1, 1, 1090, 1317, 0, 1, 1, 0, 1, 2, 0, 0]),
 (12, [663, 17, 0, 0, 0, 1775, 1982, 0, 0, 2, 1, 0, 2, 1, 2]),
 (12, [836, 67, 1, 1, 0, 782, 1482, 0, 1, 2, 3, 1, 2, 2, 1]),
 (12, [1087, 13, 0, 1, 0, 1549, 887, 0, 0, 2, 2, 1, 2, 1, 1]),
 (12, [1225, 53, 1, 0, 1, 1971, 528, 0, 1, 0, 2, 1, 0, 0, 0]),
 (12, [1340, 108, 1, 0, 1, 1901, 1090, 1, 0, 1, 2, 0, 0, 2, 1]),
 (12, [1617, 116, 1, 0, 1, 720, 1728, 1, 1, 2, 4, 0, 0, 0, 1]),
 (12, [1940, 108, 0, 1, 1, 1313, 1845, 0, 1, 2, 3, 0, 1, 2, 1]),
 (12, [1943, 66, 1, 0, 0, 1283, 814, 0, 1, 1, 1, 1, 0, 2, 2]),
 (13, [1635, 69, 1, 1, 0, 1031, 785, 1, 0, 1, 1, 1, 2, 1, 0]),
 (16, [515, 61, 0, 0, 1, 1721, 1349, 1, 0, 0, 1, 0, 2, 2, 1]),
 (16, [588, 51, 1, 1, 0, 1535, 979, 1, 1, 2, 3, 0, 2, 1, 2]),
 (16, [609, 69, 0, 1, 0, 1719, 709, 0, 1, 2, 1, 0, 0, 2, 1]),
 (16, [695, 90, 1, 0, 1, 791, 1086, 0, 0, 1, 0, 1, 0, 2, 1]),
 (16, [789, 85, 1, 1, 0, 1015, 1570, 0, 1, 0, 1, 1, 1, 0, 0]),
 (16, [932, 55, 0, 1, 0, 851, 657, 1, 0, 1, 3, 1, 2, 2, 2]),
 (16, [966, 71, 0, 1, 0, 1817, 918, 1, 1, 0, 2, 1, 0, 0, 0]),
 (16, [1020, 110, 0, 1, 1, 641, 1684, 0, 0, 1, 4, 1, 2, 2, 2]),
 (16, [1634, 104, 1, 0, 1, 1735, 1674, 1, 1, 2, 0, 0, 0, 0, 0]),
 (16, [1739, 106, 1, 1, 1, 888, 1053, 0, 0, 2, 1, 1, 2, 0, 1]),
 (16, [1986, 81, 0, 1, 0, 767, 1410, 1, 1, 1, 2, 1, 0, 1, 1]),
 (999, [809, 70, 1, 1, 0, 1169, 741, 0, 1, 3, 5, 1, 1, 2, 0]),
 (999, [923, 64, 1, 0, 0, 1515, 1530, 0, 0, 2, 5, 1, 2, 2, 0]),
 (999, [1012, 56, 1, 1, 1, 904, 626, 0, 0, 3, 3, 0, 1, 2, 2]),
 (999, [1025, 14, 0, 1, 1, 597, 634, 0, 1, 3, 4, 1, 1, 0, 1]),
 (999, [1349, 45, 1, 1, 1, 1626, 1188, 0, 0, 3, 5, 0, 0, 2, 1]),
 (999, [1410, 79, 1, 1, 1, 769, 1452, 1, 1, 3, 4, 0, 1, 2, 2]),
 (999, [1677, 36, 0, 0, 0, 515, 1704, 0, 0, 3, 5, 1, 1, 0, 0]),
 (999, [1761, 79, 1, 0, 1, 660, 1508, 1, 1, 3, 1, 1, 0, 0, 1]),
 (999, [1781, 38, 0, 1, 0, 1987, 1588, 1, 0, 1, 5, 0, 0, 1, 0]),
 (999, [1799, 26, 0, 1, 0, 992, 1338, 1, 0, 1, 5, 0, 1, 1, 1]),
 (999, [1863, 83, 1, 0, 1, 1011, 1832, 0, 1, 3, 5, 1, 1, 0, 0])]
Selected
[(12, [1943, 66, 1, 0, 0, 1283, 814, 0, 1, 1, 1, 1, 0, 2, 2]),
 (12, [1087, 13, 0, 1, 0, 1549, 887, 0, 0, 2, 2, 1, 2, 1, 1]),
 (12, [564, 48, 0, 1, 1, 1090, 1317, 0, 1, 1, 0, 1, 2, 0, 0]),
 (12, [1617, 116, 1, 0, 1, 720, 1728, 1, 1, 2, 4, 0, 0, 0, 1]),
 (16, [695, 90, 1, 0, 1, 791, 1086, 0, 0, 1, 0, 1, 0, 2, 1]),
 (12, [663, 17, 0, 0, 0, 1775, 1982, 0, 0, 2, 1, 0, 2, 1, 2]),
 (12, [663, 17, 0, 0, 0, 1775, 1982, 0, 0, 2, 1, 0, 2, 1, 2]),
 (12, [1340, 108, 1, 0, 1, 1901, 1090, 1, 0, 1, 2, 0, 0, 2, 1]),
 (12, [1940, 108, 0, 1, 1, 1313, 1845, 0, 1, 2, 3, 0, 1, 2, 1]),
 (16, [609, 69, 0, 1, 0, 1719, 709, 0, 1, 2, 1, 0, 0, 2, 1]),
 (12, [564, 48, 0, 1, 1, 1090, 1317, 0, 1, 1, 0, 1, 2, 0, 0]),
 (16, [966, 71, 0, 1, 0, 1817, 918, 1, 1, 0, 2, 1, 0, 0, 0]),
 (12, [836, 67, 1, 1, 0, 782, 1482, 0, 1, 2, 3, 1, 2, 2, 1]),
 (12, [663, 17, 0, 0, 0, 1775, 1982, 0, 0, 2, 1, 0, 2, 1, 2]),
 (12, [1943, 66, 1, 0, 0, 1283, 814, 0, 1, 1, 1, 1, 0, 2, 2]),
 (12, [836, 67, 1, 1, 0, 782, 1482, 0, 1, 2, 3, 1, 2, 2, 1]),
 (12, [1087, 13, 0, 1, 0, 1549, 887, 0, 0, 2, 2, 1, 2, 1, 1]),
 (12, [1940, 108, 0, 1, 1, 1313, 1845, 0, 1, 2, 3, 0, 1, 2, 1]),
 (12, [564, 48, 0, 1, 1, 1090, 1317, 0, 1, 1, 0, 1, 2, 0, 0]),
 (12, [1340, 108, 1, 0, 1, 1901, 1090, 1, 0, 1, 2, 0, 0, 2, 1]),
 (16, [695, 90, 1, 0, 1, 791, 1086, 0, 0, 1, 0, 1, 0, 2, 1]),
 (12, [564, 48, 0, 1, 1, 1090, 1317, 0, 1, 1, 0, 1, 2, 0, 0]),
 (12, [1087, 13, 0, 1, 0, 1549, 887, 0, 0, 2, 2, 1, 2, 1, 1]),
 (12, [836, 67, 1, 1, 0, 782, 1482, 0, 1, 2, 3, 1, 2, 2, 1]),
 (12, [1340, 108, 1, 0, 1, 1901, 1090, 1, 0, 1, 2, 0, 0, 2, 1]),
 (16, [1020, 110, 0, 1, 1, 641, 1684, 0, 0, 1, 4, 1, 2, 2, 2]),
 (12, [836, 67, 1, 1, 0, 782, 1482, 0, 1, 2, 3, 1, 2, 2, 1])]
population
[(999, [1863, 83, 1, 0, 1, 1011, 1832, 0, 1, 3, 5, 1, 1, 0, 0]),
 (999, [1799, 26, 0, 1, 0, 992, 1338, 1, 0, 1, 5, 0, 1, 1, 1]),
 (999, [1781, 38, 0, 1, 0, 1987, 1588, 1, 0, 1, 5, 0, 0, 1, 0]),
 (999, [1761, 79, 1, 0, 1, 660, 1508, 1, 1, 3, 1, 1, 0, 0, 1]),
 (999, [1677, 36, 0, 0, 0, 515, 1704, 0, 0, 3, 5, 1, 1, 0, 0]),
 (999, [1410, 79, 1, 1, 1, 769, 1452, 1, 1, 3, 4, 0, 1, 2, 2]),
 (999, [1349, 45, 1, 1, 1, 1626, 1188, 0, 0, 3, 5, 0, 0, 2, 1]),
 (999, [1025, 14, 0, 1, 1, 597, 634, 0, 1, 3, 4, 1, 1, 0, 1]),
 (999, [1012, 56, 1, 1, 1, 904, 626, 0, 0, 3, 3, 0, 1, 2, 2]),
 (999, [923, 64, 1, 0, 0, 1515, 1530, 0, 0, 2, 5, 1, 2, 2, 0]),
 (999, [809, 70, 1, 1, 0, 1169, 741, 0, 1, 3, 5, 1, 1, 2, 0]),
 (16, [1986, 81, 0, 1, 0, 767, 1410, 1, 1, 1, 2, 1, 0, 1, 1]),
 (16, [1739, 106, 1, 1, 1, 888, 1053, 0, 0, 2, 1, 1, 2, 0, 1]),
 (16, [1634, 104, 1, 0, 1, 1735, 1674, 1, 1, 2, 0, 0, 0, 0, 0]),
 (16, [1020, 110, 0, 1, 1, 641, 1684, 0, 0, 1, 4, 1, 2, 2, 2]),
 (16, [966, 71, 0, 1, 0, 1817, 918, 1, 1, 0, 2, 1, 0, 0, 0]),
 (16, [932, 55, 0, 1, 0, 851, 657, 1, 0, 1, 3, 1, 2, 2, 2]),
 (16, [789, 85, 1, 1, 0, 1015, 1570, 0, 1, 0, 1, 1, 1, 0, 0]),
 (16, [695, 90, 1, 0, 1, 791, 1086, 0, 0, 1, 0, 1, 0, 2, 1]),
 (16, [609, 69, 0, 1, 0, 1719, 709, 0, 1, 2, 1, 0, 0, 2, 1]),
 (16, [588, 51, 1, 1, 0, 1535, 979, 1, 1, 2, 3, 0, 2, 1, 2]),
 (16, [515, 61, 0, 0, 1, 1721, 1349, 1, 0, 0, 1, 0, 2, 2, 1]),
 (13, [1635, 69, 1, 1, 0, 1031, 785, 1, 0, 1, 1, 1, 2, 1, 0]),
 (12, [1943, 66, 1, 0, 0, 1283, 814, 0, 1, 1, 1, 1, 0, 2, 2]),
 (12, [1940, 108, 0, 1, 1, 1313, 1845, 0, 1, 2, 3, 0, 1, 2, 1]),
 (12, [1617, 116, 1, 0, 1, 720, 1728, 1, 1, 2, 4, 0, 0, 0, 1]),
 (12, [1340, 108, 1, 0, 1, 1901, 1090, 1, 0, 1, 2, 0, 0, 2, 1]),
 (12, [1225, 53, 1, 0, 1, 1971, 528, 0, 1, 0, 2, 1, 0, 0, 0]),
 (12, [1087, 13, 0, 1, 0, 1549, 887, 0, 0, 2, 2, 1, 2, 1, 1]),
 (12, [836, 67, 1, 1, 0, 782, 1482, 0, 1, 2, 3, 1, 2, 2, 1]),
 (12, [663, 17, 0, 0, 0, 1775, 1982, 0, 0, 2, 1, 0, 2, 1, 2]),
 (12, [564, 48, 0, 1, 1, 1090, 1317, 0, 1, 1, 0, 1, 2, 0, 0])]
scored
[(12, [564, 48, 0, 1, 1, 1090, 1317, 0, 1, 1, 0, 1, 2, 0, 0]),
 (12, [663, 17, 0, 0, 0, 1775, 1982, 0, 0, 2, 1, 0, 2, 1, 2]),
 (12, [836, 67, 1, 1, 0, 782, 1482, 0, 1, 2, 3, 1, 2, 2, 1]),
 (12, [1087, 13, 0, 1, 0, 1549, 887, 0, 0, 2, 2, 1, 2, 1, 1]),
 (12, [1225, 53, 1, 0, 1, 1971, 528, 0, 1, 0, 2, 1, 0, 0, 0]),
 (12, [1340, 108, 1, 0, 1, 1901, 1090, 1, 0, 1, 2, 0, 0, 2, 1]),
 (12, [1617, 116, 1, 0, 1, 720, 1728, 1, 1, 2, 4, 0, 0, 0, 1]),
 (12, [1940, 108, 0, 1, 1, 1313, 1845, 0, 1, 2, 3, 0, 1, 2, 1]),
 (12, [1943, 66, 1, 0, 0, 1283, 814, 0, 1, 1, 1, 1, 0, 2, 2]),
 (13, [1635, 69, 1, 1, 0, 1031, 785, 1, 0, 1, 1, 1, 2, 1, 0]),
 (16, [515, 61, 0, 0, 1, 1721, 1349, 1, 0, 0, 1, 0, 2, 2, 1]),
 (16, [588, 51, 1, 1, 0, 1535, 979, 1, 1, 2, 3, 0, 2, 1, 2]),
 (16, [609, 69, 0, 1, 0, 1719, 709, 0, 1, 2, 1, 0, 0, 2, 1]),
 (16, [695, 90, 1, 0, 1, 791, 1086, 0, 0, 1, 0, 1, 0, 2, 1]),
 (16, [789, 85, 1, 1, 0, 1015, 1570, 0, 1, 0, 1, 1, 1, 0, 0]),
 (16, [932, 55, 0, 1, 0, 851, 657, 1, 0, 1, 3, 1, 2, 2, 2]),
 (16, [966, 71, 0, 1, 0, 1817, 918, 1, 1, 0, 2, 1, 0, 0, 0]),
 (16, [1020, 110, 0, 1, 1, 641, 1684, 0, 0, 1, 4, 1, 2, 2, 2]),
 (16, [1634, 104, 1, 0, 1, 1735, 1674, 1, 1, 2, 0, 0, 0, 0, 0]),
 (16, [1739, 106, 1, 1, 1, 888, 1053, 0, 0, 2, 1, 1, 2, 0, 1]),
 (16, [1986, 81, 0, 1, 0, 767, 1410, 1, 1, 1, 2, 1, 0, 1, 1]),
 (999, [809, 70, 1, 1, 0, 1169, 741, 0, 1, 3, 5, 1, 1, 2, 0]),
 (999, [923, 64, 1, 0, 0, 1515, 1530, 0, 0, 2, 5, 1, 2, 2, 0]),
 (999, [1012, 56, 1, 1, 1, 904, 626, 0, 0, 3, 3, 0, 1, 2, 2]),
 (999, [1025, 14, 0, 1, 1, 597, 634, 0, 1, 3, 4, 1, 1, 0, 1]),
 (999, [1349, 45, 1, 1, 1, 1626, 1188, 0, 0, 3, 5, 0, 0, 2, 1]),
 (999, [1410, 79, 1, 1, 1, 769, 1452, 1, 1, 3, 4, 0, 1, 2, 2]),
 (999, [1677, 36, 0, 0, 0, 515, 1704, 0, 0, 3, 5, 1, 1, 0, 0]),
 (999, [1761, 79, 1, 0, 1, 660, 1508, 1, 1, 3, 1, 1, 0, 0, 1]),
 (999, [1781, 38, 0, 1, 0, 1987, 1588, 1, 0, 1, 5, 0, 0, 1, 0]),
 (999, [1799, 26, 0, 1, 0, 992, 1338, 1, 0, 1, 5, 0, 1, 1, 1]),
 (999, [1863, 83, 1, 0, 1, 1011, 1832, 0, 1, 3, 5, 1, 1, 0, 0])]
Selected
[(12, [564, 48, 0, 1, 1, 1090, 1317, 0, 1, 1, 0, 1, 2, 0, 0]),
 (12, [836, 67, 1, 1, 0, 782, 1482, 0, 1, 2, 3, 1, 2, 2, 1]),
 (12, [836, 67, 1, 1, 0, 782, 1482, 0, 1, 2, 3, 1, 2, 2, 1]),
 (12, [564, 48, 0, 1, 1, 1090, 1317, 0, 1, 1, 0, 1, 2, 0, 0]),
 (12, [1087, 13, 0, 1, 0, 1549, 887, 0, 0, 2, 2, 1, 2, 1, 1]),
 (12, [663, 17, 0, 0, 0, 1775, 1982, 0, 0, 2, 1, 0, 2, 1, 2]),
 (12, [1340, 108, 1, 0, 1, 1901, 1090, 1, 0, 1, 2, 0, 0, 2, 1]),
 (12, [1087, 13, 0, 1, 0, 1549, 887, 0, 0, 2, 2, 1, 2, 1, 1]),
 (12, [663, 17, 0, 0, 0, 1775, 1982, 0, 0, 2, 1, 0, 2, 1, 2]),
 (16, [515, 61, 0, 0, 1, 1721, 1349, 1, 0, 0, 1, 0, 2, 2, 1]),
 (12, [1225, 53, 1, 0, 1, 1971, 528, 0, 1, 0, 2, 1, 0, 0, 0]),
 (12, [1087, 13, 0, 1, 0, 1549, 887, 0, 0, 2, 2, 1, 2, 1, 1]),
 (12, [1087, 13, 0, 1, 0, 1549, 887, 0, 0, 2, 2, 1, 2, 1, 1]),
 (16, [695, 90, 1, 0, 1, 791, 1086, 0, 0, 1, 0, 1, 0, 2, 1]),
 (12, [564, 48, 0, 1, 1, 1090, 1317, 0, 1, 1, 0, 1, 2, 0, 0]),
 (12, [564, 48, 0, 1, 1, 1090, 1317, 0, 1, 1, 0, 1, 2, 0, 0]),
 (12, [1087, 13, 0, 1, 0, 1549, 887, 0, 0, 2, 2, 1, 2, 1, 1]),
 (12, [1340, 108, 1, 0, 1, 1901, 1090, 1, 0, 1, 2, 0, 0, 2, 1]),
 (12, [836, 67, 1, 1, 0, 782, 1482, 0, 1, 2, 3, 1, 2, 2, 1]),
 (12, [1087, 13, 0, 1, 0, 1549, 887, 0, 0, 2, 2, 1, 2, 1, 1]),
 (12, [1225, 53, 1, 0, 1, 1971, 528, 0, 1, 0, 2, 1, 0, 0, 0]),
 (13, [1635, 69, 1, 1, 0, 1031, 785, 1, 0, 1, 1, 1, 2, 1, 0]),
 (12, [1617, 116, 1, 0, 1, 720, 1728, 1, 1, 2, 4, 0, 0, 0, 1]),
 (12, [564, 48, 0, 1, 1, 1090, 1317, 0, 1, 1, 0, 1, 2, 0, 0]),
 (12, [564, 48, 0, 1, 1, 1090, 1317, 0, 1, 1, 0, 1, 2, 0, 0]),
 (12, [564, 48, 0, 1, 1, 1090, 1317, 0, 1, 1, 0, 1, 2, 0, 0]),
 (16, [588, 51, 1, 1, 0, 1535, 979, 1, 1, 2, 3, 0, 2, 1, 2])]
population
[(999, [1863, 83, 1, 0, 1, 1011, 1832, 0, 1, 3, 5, 1, 1, 0, 0]),
 (999, [1799, 26, 0, 1, 0, 992, 1338, 1, 0, 1, 5, 0, 1, 1, 1]),
 (999, [1781, 38, 0, 1, 0, 1987, 1588, 1, 0, 1, 5, 0, 0, 1, 0]),
 (999, [1761, 79, 1, 0, 1, 660, 1508, 1, 1, 3, 1, 1, 0, 0, 1]),
 (999, [1677, 36, 0, 0, 0, 515, 1704, 0, 0, 3, 5, 1, 1, 0, 0]),
 (999, [1410, 79, 1, 1, 1, 769, 1452, 1, 1, 3, 4, 0, 1, 2, 2]),
 (999, [1349, 45, 1, 1, 1, 1626, 1188, 0, 0, 3, 5, 0, 0, 2, 1]),
 (999, [1025, 14, 0, 1, 1, 597, 634, 0, 1, 3, 4, 1, 1, 0, 1]),
 (999, [1012, 56, 1, 1, 1, 904, 626, 0, 0, 3, 3, 0, 1, 2, 2]),
 (999, [923, 64, 1, 0, 0, 1515, 1530, 0, 0, 2, 5, 1, 2, 2, 0]),
 (999, [809, 70, 1, 1, 0, 1169, 741, 0, 1, 3, 5, 1, 1, 2, 0]),
 (16, [1986, 81, 0, 1, 0, 767, 1410, 1, 1, 1, 2, 1, 0, 1, 1]),
 (16, [1739, 106, 1, 1, 1, 888, 1053, 0, 0, 2, 1, 1, 2, 0, 1]),
 (16, [1634, 104, 1, 0, 1, 1735, 1674, 1, 1, 2, 0, 0, 0, 0, 0]),
 (16, [1020, 110, 0, 1, 1, 641, 1684, 0, 0, 1, 4, 1, 2, 2, 2]),
 (16, [966, 71, 0, 1, 0, 1817, 918, 1, 1, 0, 2, 1, 0, 0, 0]),
 (16, [932, 55, 0, 1, 0, 851, 657, 1, 0, 1, 3, 1, 2, 2, 2]),
 (16, [789, 85, 1, 1, 0, 1015, 1570, 0, 1, 0, 1, 1, 1, 0, 0]),
 (16, [695, 90, 1, 0, 1, 791, 1086, 0, 0, 1, 0, 1, 0, 2, 1]),
 (16, [609, 69, 0, 1, 0, 1719, 709, 0, 1, 2, 1, 0, 0, 2, 1]),
 (16, [588, 51, 1, 1, 0, 1535, 979, 1, 1, 2, 3, 0, 2, 1, 2]),
 (16, [515, 61, 0, 0, 1, 1721, 1349, 1, 0, 0, 1, 0, 2, 2, 1]),
 (13, [1635, 69, 1, 1, 0, 1031, 785, 1, 0, 1, 1, 1, 2, 1, 0]),
 (12, [1943, 66, 1, 0, 0, 1283, 814, 0, 1, 1, 1, 1, 0, 2, 2]),
 (12, [1940, 108, 0, 1, 1, 1313, 1845, 0, 1, 2, 3, 0, 1, 2, 1]),
 (12, [1617, 116, 1, 0, 1, 720, 1728, 1, 1, 2, 4, 0, 0, 0, 1]),
 (12, [1340, 108, 1, 0, 1, 1901, 1090, 1, 0, 1, 2, 0, 0, 2, 1]),
 (12, [1225, 53, 1, 0, 1, 1971, 528, 0, 1, 0, 2, 1, 0, 0, 0]),
 (12, [1087, 13, 0, 1, 0, 1549, 887, 0, 0, 2, 2, 1, 2, 1, 1]),
 (12, [836, 67, 1, 1, 0, 782, 1482, 0, 1, 2, 3, 1, 2, 2, 1]),
 (12, [663, 17, 0, 0, 0, 1775, 1982, 0, 0, 2, 1, 0, 2, 1, 2]),
 (12, [564, 48, 0, 1, 1, 1090, 1317, 0, 1, 1, 0, 1, 2, 0, 0])]
scored
[(12, [564, 48, 0, 1, 1, 1090, 1317, 0, 1, 1, 0, 1, 2, 0, 0]),
 (12, [663, 17, 0, 0, 0, 1775, 1982, 0, 0, 2, 1, 0, 2, 1, 2]),
 (12, [836, 67, 1, 1, 0, 782, 1482, 0, 1, 2, 3, 1, 2, 2, 1]),
 (12, [1087, 13, 0, 1, 0, 1549, 887, 0, 0, 2, 2, 1, 2, 1, 1]),
 (12, [1225, 53, 1, 0, 1, 1971, 528, 0, 1, 0, 2, 1, 0, 0, 0]),
 (12, [1340, 108, 1, 0, 1, 1901, 1090, 1, 0, 1, 2, 0, 0, 2, 1]),
 (12, [1617, 116, 1, 0, 1, 720, 1728, 1, 1, 2, 4, 0, 0, 0, 1]),
 (12, [1940, 108, 0, 1, 1, 1313, 1845, 0, 1, 2, 3, 0, 1, 2, 1]),
 (12, [1943, 66, 1, 0, 0, 1283, 814, 0, 1, 1, 1, 1, 0, 2, 2]),
 (13, [1635, 69, 1, 1, 0, 1031, 785, 1, 0, 1, 1, 1, 2, 1, 0]),
 (16, [515, 61, 0, 0, 1, 1721, 1349, 1, 0, 0, 1, 0, 2, 2, 1]),
 (16, [588, 51, 1, 1, 0, 1535, 979, 1, 1, 2, 3, 0, 2, 1, 2]),
 (16, [609, 69, 0, 1, 0, 1719, 709, 0, 1, 2, 1, 0, 0, 2, 1]),
 (16, [695, 90, 1, 0, 1, 791, 1086, 0, 0, 1, 0, 1, 0, 2, 1]),
 (16, [789, 85, 1, 1, 0, 1015, 1570, 0, 1, 0, 1, 1, 1, 0, 0]),
 (16, [932, 55, 0, 1, 0, 851, 657, 1, 0, 1, 3, 1, 2, 2, 2]),
 (16, [966, 71, 0, 1, 0, 1817, 918, 1, 1, 0, 2, 1, 0, 0, 0]),
 (16, [1020, 110, 0, 1, 1, 641, 1684, 0, 0, 1, 4, 1, 2, 2, 2]),
 (16, [1634, 104, 1, 0, 1, 1735, 1674, 1, 1, 2, 0, 0, 0, 0, 0]),
 (16, [1739, 106, 1, 1, 1, 888, 1053, 0, 0, 2, 1, 1, 2, 0, 1]),
 (16, [1986, 81, 0, 1, 0, 767, 1410, 1, 1, 1, 2, 1, 0, 1, 1]),
 (999, [809, 70, 1, 1, 0, 1169, 741, 0, 1, 3, 5, 1, 1, 2, 0]),
 (999, [923, 64, 1, 0, 0, 1515, 1530, 0, 0, 2, 5, 1, 2, 2, 0]),
 (999, [1012, 56, 1, 1, 1, 904, 626, 0, 0, 3, 3, 0, 1, 2, 2]),
 (999, [1025, 14, 0, 1, 1, 597, 634, 0, 1, 3, 4, 1, 1, 0, 1]),
 (999, [1349, 45, 1, 1, 1, 1626, 1188, 0, 0, 3, 5, 0, 0, 2, 1]),
 (999, [1410, 79, 1, 1, 1, 769, 1452, 1, 1, 3, 4, 0, 1, 2, 2]),
 (999, [1677, 36, 0, 0, 0, 515, 1704, 0, 0, 3, 5, 1, 1, 0, 0]),
 (999, [1761, 79, 1, 0, 1, 660, 1508, 1, 1, 3, 1, 1, 0, 0, 1]),
 (999, [1781, 38, 0, 1, 0, 1987, 1588, 1, 0, 1, 5, 0, 0, 1, 0]),
 (999, [1799, 26, 0, 1, 0, 992, 1338, 1, 0, 1, 5, 0, 1, 1, 1]),
 (999, [1863, 83, 1, 0, 1, 1011, 1832, 0, 1, 3, 5, 1, 1, 0, 0])]
Selected
[(16, [789, 85, 1, 1, 0, 1015, 1570, 0, 1, 0, 1, 1, 1, 0, 0]),
 (12, [1087, 13, 0, 1, 0, 1549, 887, 0, 0, 2, 2, 1, 2, 1, 1]),
 (12, [1087, 13, 0, 1, 0, 1549, 887, 0, 0, 2, 2, 1, 2, 1, 1]),
 (13, [1635, 69, 1, 1, 0, 1031, 785, 1, 0, 1, 1, 1, 2, 1, 0]),
 (12, [663, 17, 0, 0, 0, 1775, 1982, 0, 0, 2, 1, 0, 2, 1, 2]),
 (12, [1340, 108, 1, 0, 1, 1901, 1090, 1, 0, 1, 2, 0, 0, 2, 1]),
 (12, [1943, 66, 1, 0, 0, 1283, 814, 0, 1, 1, 1, 1, 0, 2, 2]),
 (12, [564, 48, 0, 1, 1, 1090, 1317, 0, 1, 1, 0, 1, 2, 0, 0]),
 (12, [1940, 108, 0, 1, 1, 1313, 1845, 0, 1, 2, 3, 0, 1, 2, 1]),
 (16, [588, 51, 1, 1, 0, 1535, 979, 1, 1, 2, 3, 0, 2, 1, 2]),
 (12, [564, 48, 0, 1, 1, 1090, 1317, 0, 1, 1, 0, 1, 2, 0, 0]),
 (12, [663, 17, 0, 0, 0, 1775, 1982, 0, 0, 2, 1, 0, 2, 1, 2]),
 (16, [1634, 104, 1, 0, 1, 1735, 1674, 1, 1, 2, 0, 0, 0, 0, 0]),
 (12, [1340, 108, 1, 0, 1, 1901, 1090, 1, 0, 1, 2, 0, 0, 2, 1]),
 (13, [1635, 69, 1, 1, 0, 1031, 785, 1, 0, 1, 1, 1, 2, 1, 0]),
 (12, [836, 67, 1, 1, 0, 782, 1482, 0, 1, 2, 3, 1, 2, 2, 1]),
 (12, [663, 17, 0, 0, 0, 1775, 1982, 0, 0, 2, 1, 0, 2, 1, 2]),
 (12, [663, 17, 0, 0, 0, 1775, 1982, 0, 0, 2, 1, 0, 2, 1, 2]),
 (12, [564, 48, 0, 1, 1, 1090, 1317, 0, 1, 1, 0, 1, 2, 0, 0]),
 (12, [836, 67, 1, 1, 0, 782, 1482, 0, 1, 2, 3, 1, 2, 2, 1]),
 (12, [1340, 108, 1, 0, 1, 1901, 1090, 1, 0, 1, 2, 0, 0, 2, 1]),
 (12, [1225, 53, 1, 0, 1, 1971, 528, 0, 1, 0, 2, 1, 0, 0, 0]),
 (16, [588, 51, 1, 1, 0, 1535, 979, 1, 1, 2, 3, 0, 2, 1, 2]),
 (12, [564, 48, 0, 1, 1, 1090, 1317, 0, 1, 1, 0, 1, 2, 0, 0]),
 (12, [1617, 116, 1, 0, 1, 720, 1728, 1, 1, 2, 4, 0, 0, 0, 1]),
 (12, [1087, 13, 0, 1, 0, 1549, 887, 0, 0, 2, 2, 1, 2, 1, 1]),
 (12, [663, 17, 0, 0, 0, 1775, 1982, 0, 0, 2, 1, 0, 2, 1, 2])]
population
[(999, [1863, 83, 1, 0, 1, 1011, 1832, 0, 1, 3, 5, 1, 1, 0, 0]),
 (999, [1799, 26, 0, 1, 0, 992, 1338, 1, 0, 1, 5, 0, 1, 1, 1]),
 (999, [1781, 38, 0, 1, 0, 1987, 1588, 1, 0, 1, 5, 0, 0, 1, 0]),
 (999, [1761, 79, 1, 0, 1, 660, 1508, 1, 1, 3, 1, 1, 0, 0, 1]),
 (999, [1677, 36, 0, 0, 0, 515, 1704, 0, 0, 3, 5, 1, 1, 0, 0]),
 (999, [1410, 79, 1, 1, 1, 769, 1452, 1, 1, 3, 4, 0, 1, 2, 2]),
 (999, [1349, 45, 1, 1, 1, 1626, 1188, 0, 0, 3, 5, 0, 0, 2, 1]),
 (999, [1025, 14, 0, 1, 1, 597, 634, 0, 1, 3, 4, 1, 1, 0, 1]),
 (999, [1012, 56, 1, 1, 1, 904, 626, 0, 0, 3, 3, 0, 1, 2, 2]),
 (999, [923, 64, 1, 0, 0, 1515, 1530, 0, 0, 2, 5, 1, 2, 2, 0]),
 (999, [809, 70, 1, 1, 0, 1169, 741, 0, 1, 3, 5, 1, 1, 2, 0]),
 (16, [1986, 81, 0, 1, 0, 767, 1410, 1, 1, 1, 2, 1, 0, 1, 1]),
 (16, [1739, 106, 1, 1, 1, 888, 1053, 0, 0, 2, 1, 1, 2, 0, 1]),
 (16, [1634, 104, 1, 0, 1, 1735, 1674, 1, 1, 2, 0, 0, 0, 0, 0]),
 (16, [1020, 110, 0, 1, 1, 641, 1684, 0, 0, 1, 4, 1, 2, 2, 2]),
 (16, [966, 71, 0, 1, 0, 1817, 918, 1, 1, 0, 2, 1, 0, 0, 0]),
 (16, [932, 55, 0, 1, 0, 851, 657, 1, 0, 1, 3, 1, 2, 2, 2]),
 (16, [789, 85, 1, 1, 0, 1015, 1570, 0, 1, 0, 1, 1, 1, 0, 0]),
 (16, [695, 90, 1, 0, 1, 791, 1086, 0, 0, 1, 0, 1, 0, 2, 1]),
 (16, [609, 69, 0, 1, 0, 1719, 709, 0, 1, 2, 1, 0, 0, 2, 1]),
 (16, [588, 51, 1, 1, 0, 1535, 979, 1, 1, 2, 3, 0, 2, 1, 2]),
 (16, [515, 61, 0, 0, 1, 1721, 1349, 1, 0, 0, 1, 0, 2, 2, 1]),
 (13, [1635, 69, 1, 1, 0, 1031, 785, 1, 0, 1, 1, 1, 2, 1, 0]),
 (12, [1943, 66, 1, 0, 0, 1283, 814, 0, 1, 1, 1, 1, 0, 2, 2]),
 (12, [1940, 108, 0, 1, 1, 1313, 1845, 0, 1, 2, 3, 0, 1, 2, 1]),
 (12, [1617, 116, 1, 0, 1, 720, 1728, 1, 1, 2, 4, 0, 0, 0, 1]),
 (12, [1340, 108, 1, 0, 1, 1901, 1090, 1, 0, 1, 2, 0, 0, 2, 1]),
 (12, [1225, 53, 1, 0, 1, 1971, 528, 0, 1, 0, 2, 1, 0, 0, 0]),
 (12, [1087, 13, 0, 1, 0, 1549, 887, 0, 0, 2, 2, 1, 2, 1, 1]),
 (12, [836, 67, 1, 1, 0, 782, 1482, 0, 1, 2, 3, 1, 2, 2, 1]),
 (12, [663, 17, 0, 0, 0, 1775, 1982, 0, 0, 2, 1, 0, 2, 1, 2]),
 (12, [564, 48, 0, 1, 1, 1090, 1317, 0, 1, 1, 0, 1, 2, 0, 0])]
scored
[(12, [564, 48, 0, 1, 1, 1090, 1317, 0, 1, 1, 0, 1, 2, 0, 0]),
 (12, [663, 17, 0, 0, 0, 1775, 1982, 0, 0, 2, 1, 0, 2, 1, 2]),
 (12, [836, 67, 1, 1, 0, 782, 1482, 0, 1, 2, 3, 1, 2, 2, 1]),
 (12, [1087, 13, 0, 1, 0, 1549, 887, 0, 0, 2, 2, 1, 2, 1, 1]),
 (12, [1225, 53, 1, 0, 1, 1971, 528, 0, 1, 0, 2, 1, 0, 0, 0]),
 (12, [1340, 108, 1, 0, 1, 1901, 1090, 1, 0, 1, 2, 0, 0, 2, 1]),
 (12, [1617, 116, 1, 0, 1, 720, 1728, 1, 1, 2, 4, 0, 0, 0, 1]),
 (12, [1940, 108, 0, 1, 1, 1313, 1845, 0, 1, 2, 3, 0, 1, 2, 1]),
 (12, [1943, 66, 1, 0, 0, 1283, 814, 0, 1, 1, 1, 1, 0, 2, 2]),
 (13, [1635, 69, 1, 1, 0, 1031, 785, 1, 0, 1, 1, 1, 2, 1, 0]),
 (16, [515, 61, 0, 0, 1, 1721, 1349, 1, 0, 0, 1, 0, 2, 2, 1]),
 (16, [588, 51, 1, 1, 0, 1535, 979, 1, 1, 2, 3, 0, 2, 1, 2]),
 (16, [609, 69, 0, 1, 0, 1719, 709, 0, 1, 2, 1, 0, 0, 2, 1]),
 (16, [695, 90, 1, 0, 1, 791, 1086, 0, 0, 1, 0, 1, 0, 2, 1]),
 (16, [789, 85, 1, 1, 0, 1015, 1570, 0, 1, 0, 1, 1, 1, 0, 0]),
 (16, [932, 55, 0, 1, 0, 851, 657, 1, 0, 1, 3, 1, 2, 2, 2]),
 (16, [966, 71, 0, 1, 0, 1817, 918, 1, 1, 0, 2, 1, 0, 0, 0]),
 (16, [1020, 110, 0, 1, 1, 641, 1684, 0, 0, 1, 4, 1, 2, 2, 2]),
 (16, [1634, 104, 1, 0, 1, 1735, 1674, 1, 1, 2, 0, 0, 0, 0, 0]),
 (16, [1739, 106, 1, 1, 1, 888, 1053, 0, 0, 2, 1, 1, 2, 0, 1]),
 (16, [1986, 81, 0, 1, 0, 767, 1410, 1, 1, 1, 2, 1, 0, 1, 1]),
 (999, [809, 70, 1, 1, 0, 1169, 741, 0, 1, 3, 5, 1, 1, 2, 0]),
 (999, [923, 64, 1, 0, 0, 1515, 1530, 0, 0, 2, 5, 1, 2, 2, 0]),
 (999, [1012, 56, 1, 1, 1, 904, 626, 0, 0, 3, 3, 0, 1, 2, 2]),
 (999, [1025, 14, 0, 1, 1, 597, 634, 0, 1, 3, 4, 1, 1, 0, 1]),
 (999, [1349, 45, 1, 1, 1, 1626, 1188, 0, 0, 3, 5, 0, 0, 2, 1]),
 (999, [1410, 79, 1, 1, 1, 769, 1452, 1, 1, 3, 4, 0, 1, 2, 2]),
 (999, [1677, 36, 0, 0, 0, 515, 1704, 0, 0, 3, 5, 1, 1, 0, 0]),
 (999, [1761, 79, 1, 0, 1, 660, 1508, 1, 1, 3, 1, 1, 0, 0, 1]),
 (999, [1781, 38, 0, 1, 0, 1987, 1588, 1, 0, 1, 5, 0, 0, 1, 0]),
 (999, [1799, 26, 0, 1, 0, 992, 1338, 1, 0, 1, 5, 0, 1, 1, 1]),
 (999, [1863, 83, 1, 0, 1, 1011, 1832, 0, 1, 3, 5, 1, 1, 0, 0])]
Selected
[(12, [1617, 116, 1, 0, 1, 720, 1728, 1, 1, 2, 4, 0, 0, 0, 1]),
 (12, [564, 48, 0, 1, 1, 1090, 1317, 0, 1, 1, 0, 1, 2, 0, 0]),
 (12, [1087, 13, 0, 1, 0, 1549, 887, 0, 0, 2, 2, 1, 2, 1, 1]),
 (13, [1635, 69, 1, 1, 0, 1031, 785, 1, 0, 1, 1, 1, 2, 1, 0]),
 (12, [564, 48, 0, 1, 1, 1090, 1317, 0, 1, 1, 0, 1, 2, 0, 0]),
 (12, [1940, 108, 0, 1, 1, 1313, 1845, 0, 1, 2, 3, 0, 1, 2, 1]),
 (16, [588, 51, 1, 1, 0, 1535, 979, 1, 1, 2, 3, 0, 2, 1, 2]),
 (12, [836, 67, 1, 1, 0, 782, 1482, 0, 1, 2, 3, 1, 2, 2, 1]),
 (12, [1943, 66, 1, 0, 0, 1283, 814, 0, 1, 1, 1, 1, 0, 2, 2]),
 (12, [1340, 108, 1, 0, 1, 1901, 1090, 1, 0, 1, 2, 0, 0, 2, 1]),
 (12, [663, 17, 0, 0, 0, 1775, 1982, 0, 0, 2, 1, 0, 2, 1, 2]),
 (12, [1225, 53, 1, 0, 1, 1971, 528, 0, 1, 0, 2, 1, 0, 0, 0]),
 (12, [1940, 108, 0, 1, 1, 1313, 1845, 0, 1, 2, 3, 0, 1, 2, 1]),
 (12, [663, 17, 0, 0, 0, 1775, 1982, 0, 0, 2, 1, 0, 2, 1, 2]),
 (12, [1087, 13, 0, 1, 0, 1549, 887, 0, 0, 2, 2, 1, 2, 1, 1]),
 (12, [564, 48, 0, 1, 1, 1090, 1317, 0, 1, 1, 0, 1, 2, 0, 0]),
 (12, [1940, 108, 0, 1, 1, 1313, 1845, 0, 1, 2, 3, 0, 1, 2, 1]),
 (12, [564, 48, 0, 1, 1, 1090, 1317, 0, 1, 1, 0, 1, 2, 0, 0]),
 (12, [663, 17, 0, 0, 0, 1775, 1982, 0, 0, 2, 1, 0, 2, 1, 2]),
 (12, [1340, 108, 1, 0, 1, 1901, 1090, 1, 0, 1, 2, 0, 0, 2, 1]),
 (12, [1087, 13, 0, 1, 0, 1549, 887, 0, 0, 2, 2, 1, 2, 1, 1]),
 (12, [1087, 13, 0, 1, 0, 1549, 887, 0, 0, 2, 2, 1, 2, 1, 1]),
 (12, [836, 67, 1, 1, 0, 782, 1482, 0, 1, 2, 3, 1, 2, 2, 1]),
 (12, [836, 67, 1, 1, 0, 782, 1482, 0, 1, 2, 3, 1, 2, 2, 1]),
 (12, [663, 17, 0, 0, 0, 1775, 1982, 0, 0, 2, 1, 0, 2, 1, 2]),
 (12, [1087, 13, 0, 1, 0, 1549, 887, 0, 0, 2, 2, 1, 2, 1, 1]),
 (12, [1087, 13, 0, 1, 0, 1549, 887, 0, 0, 2, 2, 1, 2, 1, 1])]
population
[(999, [1863, 83, 1, 0, 1, 1011, 1832, 0, 1, 3, 5, 1, 1, 0, 0]),
 (999, [1799, 26, 0, 1, 0, 992, 1338, 1, 0, 1, 5, 0, 1, 1, 1]),
 (999, [1781, 38, 0, 1, 0, 1987, 1588, 1, 0, 1, 5, 0, 0, 1, 0]),
 (999, [1761, 79, 1, 0, 1, 660, 1508, 1, 1, 3, 1, 1, 0, 0, 1]),
 (999, [1677, 36, 0, 0, 0, 515, 1704, 0, 0, 3, 5, 1, 1, 0, 0]),
 (999, [1410, 79, 1, 1, 1, 769, 1452, 1, 1, 3, 4, 0, 1, 2, 2]),
 (999, [1349, 45, 1, 1, 1, 1626, 1188, 0, 0, 3, 5, 0, 0, 2, 1]),
 (999, [1025, 14, 0, 1, 1, 597, 634, 0, 1, 3, 4, 1, 1, 0, 1]),
 (999, [1012, 56, 1, 1, 1, 904, 626, 0, 0, 3, 3, 0, 1, 2, 2]),
 (999, [923, 64, 1, 0, 0, 1515, 1530, 0, 0, 2, 5, 1, 2, 2, 0]),
 (999, [809, 70, 1, 1, 0, 1169, 741, 0, 1, 3, 5, 1, 1, 2, 0]),
 (16, [1986, 81, 0, 1, 0, 767, 1410, 1, 1, 1, 2, 1, 0, 1, 1]),
 (16, [1739, 106, 1, 1, 1, 888, 1053, 0, 0, 2, 1, 1, 2, 0, 1]),
 (16, [1634, 104, 1, 0, 1, 1735, 1674, 1, 1, 2, 0, 0, 0, 0, 0]),
 (16, [1020, 110, 0, 1, 1, 641, 1684, 0, 0, 1, 4, 1, 2, 2, 2]),
 (16, [966, 71, 0, 1, 0, 1817, 918, 1, 1, 0, 2, 1, 0, 0, 0]),
 (16, [932, 55, 0, 1, 0, 851, 657, 1, 0, 1, 3, 1, 2, 2, 2]),
 (16, [789, 85, 1, 1, 0, 1015, 1570, 0, 1, 0, 1, 1, 1, 0, 0]),
 (16, [695, 90, 1, 0, 1, 791, 1086, 0, 0, 1, 0, 1, 0, 2, 1]),
 (16, [609, 69, 0, 1, 0, 1719, 709, 0, 1, 2, 1, 0, 0, 2, 1]),
 (16, [588, 51, 1, 1, 0, 1535, 979, 1, 1, 2, 3, 0, 2, 1, 2]),
 (16, [515, 61, 0, 0, 1, 1721, 1349, 1, 0, 0, 1, 0, 2, 2, 1]),
 (13, [1635, 69, 1, 1, 0, 1031, 785, 1, 0, 1, 1, 1, 2, 1, 0]),
 (12, [1943, 66, 1, 0, 0, 1283, 814, 0, 1, 1, 1, 1, 0, 2, 2]),
 (12, [1940, 108, 0, 1, 1, 1313, 1845, 0, 1, 2, 3, 0, 1, 2, 1]),
 (12, [1617, 116, 1, 0, 1, 720, 1728, 1, 1, 2, 4, 0, 0, 0, 1]),
 (12, [1340, 108, 1, 0, 1, 1901, 1090, 1, 0, 1, 2, 0, 0, 2, 1]),
 (12, [1225, 53, 1, 0, 1, 1971, 528, 0, 1, 0, 2, 1, 0, 0, 0]),
 (12, [1087, 13, 0, 1, 0, 1549, 887, 0, 0, 2, 2, 1, 2, 1, 1]),
 (12, [836, 67, 1, 1, 0, 782, 1482, 0, 1, 2, 3, 1, 2, 2, 1]),
 (12, [663, 17, 0, 0, 0, 1775, 1982, 0, 0, 2, 1, 0, 2, 1, 2]),
 (12, [564, 48, 0, 1, 1, 1090, 1317, 0, 1, 1, 0, 1, 2, 0, 0])]
scored
[(12, [564, 48, 0, 1, 1, 1090, 1317, 0, 1, 1, 0, 1, 2, 0, 0]),
 (12, [663, 17, 0, 0, 0, 1775, 1982, 0, 0, 2, 1, 0, 2, 1, 2]),
 (12, [836, 67, 1, 1, 0, 782, 1482, 0, 1, 2, 3, 1, 2, 2, 1]),
 (12, [1087, 13, 0, 1, 0, 1549, 887, 0, 0, 2, 2, 1, 2, 1, 1]),
 (12, [1225, 53, 1, 0, 1, 1971, 528, 0, 1, 0, 2, 1, 0, 0, 0]),
 (12, [1340, 108, 1, 0, 1, 1901, 1090, 1, 0, 1, 2, 0, 0, 2, 1]),
 (12, [1617, 116, 1, 0, 1, 720, 1728, 1, 1, 2, 4, 0, 0, 0, 1]),
 (12, [1940, 108, 0, 1, 1, 1313, 1845, 0, 1, 2, 3, 0, 1, 2, 1]),
 (12, [1943, 66, 1, 0, 0, 1283, 814, 0, 1, 1, 1, 1, 0, 2, 2]),
 (13, [1635, 69, 1, 1, 0, 1031, 785, 1, 0, 1, 1, 1, 2, 1, 0]),
 (16, [515, 61, 0, 0, 1, 1721, 1349, 1, 0, 0, 1, 0, 2, 2, 1]),
 (16, [588, 51, 1, 1, 0, 1535, 979, 1, 1, 2, 3, 0, 2, 1, 2]),
 (16, [609, 69, 0, 1, 0, 1719, 709, 0, 1, 2, 1, 0, 0, 2, 1]),
 (16, [695, 90, 1, 0, 1, 791, 1086, 0, 0, 1, 0, 1, 0, 2, 1]),
 (16, [789, 85, 1, 1, 0, 1015, 1570, 0, 1, 0, 1, 1, 1, 0, 0]),
 (16, [932, 55, 0, 1, 0, 851, 657, 1, 0, 1, 3, 1, 2, 2, 2]),
 (16, [966, 71, 0, 1, 0, 1817, 918, 1, 1, 0, 2, 1, 0, 0, 0]),
 (16, [1020, 110, 0, 1, 1, 641, 1684, 0, 0, 1, 4, 1, 2, 2, 2]),
 (16, [1634, 104, 1, 0, 1, 1735, 1674, 1, 1, 2, 0, 0, 0, 0, 0]),
 (16, [1739, 106, 1, 1, 1, 888, 1053, 0, 0, 2, 1, 1, 2, 0, 1]),
 (16, [1986, 81, 0, 1, 0, 767, 1410, 1, 1, 1, 2, 1, 0, 1, 1]),
 (999, [809, 70, 1, 1, 0, 1169, 741, 0, 1, 3, 5, 1, 1, 2, 0]),
 (999, [923, 64, 1, 0, 0, 1515, 1530, 0, 0, 2, 5, 1, 2, 2, 0]),
 (999, [1012, 56, 1, 1, 1, 904, 626, 0, 0, 3, 3, 0, 1, 2, 2]),
 (999, [1025, 14, 0, 1, 1, 597, 634, 0, 1, 3, 4, 1, 1, 0, 1]),
 (999, [1349, 45, 1, 1, 1, 1626, 1188, 0, 0, 3, 5, 0, 0, 2, 1]),
 (999, [1410, 79, 1, 1, 1, 769, 1452, 1, 1, 3, 4, 0, 1, 2, 2]),
 (999, [1677, 36, 0, 0, 0, 515, 1704, 0, 0, 3, 5, 1, 1, 0, 0]),
 (999, [1761, 79, 1, 0, 1, 660, 1508, 1, 1, 3, 1, 1, 0, 0, 1]),
 (999, [1781, 38, 0, 1, 0, 1987, 1588, 1, 0, 1, 5, 0, 0, 1, 0]),
 (999, [1799, 26, 0, 1, 0, 992, 1338, 1, 0, 1, 5, 0, 1, 1, 1]),
 (999, [1863, 83, 1, 0, 1, 1011, 1832, 0, 1, 3, 5, 1, 1, 0, 0])]
Selected
[(12, [1225, 53, 1, 0, 1, 1971, 528, 0, 1, 0, 2, 1, 0, 0, 0]),
 (12, [836, 67, 1, 1, 0, 782, 1482, 0, 1, 2, 3, 1, 2, 2, 1]),
 (12, [1087, 13, 0, 1, 0, 1549, 887, 0, 0, 2, 2, 1, 2, 1, 1]),
 (12, [564, 48, 0, 1, 1, 1090, 1317, 0, 1, 1, 0, 1, 2, 0, 0]),
 (12, [1225, 53, 1, 0, 1, 1971, 528, 0, 1, 0, 2, 1, 0, 0, 0]),
 (12, [663, 17, 0, 0, 0, 1775, 1982, 0, 0, 2, 1, 0, 2, 1, 2]),
 (12, [836, 67, 1, 1, 0, 782, 1482, 0, 1, 2, 3, 1, 2, 2, 1]),
 (12, [1617, 116, 1, 0, 1, 720, 1728, 1, 1, 2, 4, 0, 0, 0, 1]),
 (16, [588, 51, 1, 1, 0, 1535, 979, 1, 1, 2, 3, 0, 2, 1, 2]),
 (12, [836, 67, 1, 1, 0, 782, 1482, 0, 1, 2, 3, 1, 2, 2, 1]),
 (16, [932, 55, 0, 1, 0, 851, 657, 1, 0, 1, 3, 1, 2, 2, 2]),
 (12, [1087, 13, 0, 1, 0, 1549, 887, 0, 0, 2, 2, 1, 2, 1, 1]),
 (12, [663, 17, 0, 0, 0, 1775, 1982, 0, 0, 2, 1, 0, 2, 1, 2]),
 (12, [663, 17, 0, 0, 0, 1775, 1982, 0, 0, 2, 1, 0, 2, 1, 2]),
 (16, [588, 51, 1, 1, 0, 1535, 979, 1, 1, 2, 3, 0, 2, 1, 2]),
 (12, [663, 17, 0, 0, 0, 1775, 1982, 0, 0, 2, 1, 0, 2, 1, 2]),
 (12, [663, 17, 0, 0, 0, 1775, 1982, 0, 0, 2, 1, 0, 2, 1, 2]),
 (12, [1225, 53, 1, 0, 1, 1971, 528, 0, 1, 0, 2, 1, 0, 0, 0]),
 (12, [663, 17, 0, 0, 0, 1775, 1982, 0, 0, 2, 1, 0, 2, 1, 2]),
 (12, [564, 48, 0, 1, 1, 1090, 1317, 0, 1, 1, 0, 1, 2, 0, 0]),
 (12, [1617, 116, 1, 0, 1, 720, 1728, 1, 1, 2, 4, 0, 0, 0, 1]),
 (12, [564, 48, 0, 1, 1, 1090, 1317, 0, 1, 1, 0, 1, 2, 0, 0]),
 (12, [564, 48, 0, 1, 1, 1090, 1317, 0, 1, 1, 0, 1, 2, 0, 0]),
 (12, [663, 17, 0, 0, 0, 1775, 1982, 0, 0, 2, 1, 0, 2, 1, 2]),
 (12, [1225, 53, 1, 0, 1, 1971, 528, 0, 1, 0, 2, 1, 0, 0, 0]),
 (12, [1940, 108, 0, 1, 1, 1313, 1845, 0, 1, 2, 3, 0, 1, 2, 1]),
 (16, [609, 69, 0, 1, 0, 1719, 709, 0, 1, 2, 1, 0, 0, 2, 1])]
population
[(999, [1863, 83, 1, 0, 1, 1011, 1832, 0, 1, 3, 5, 1, 1, 0, 0]),
 (999, [1799, 26, 0, 1, 0, 992, 1338, 1, 0, 1, 5, 0, 1, 1, 1]),
 (999, [1781, 38, 0, 1, 0, 1987, 1588, 1, 0, 1, 5, 0, 0, 1, 0]),
 (999, [1761, 79, 1, 0, 1, 660, 1508, 1, 1, 3, 1, 1, 0, 0, 1]),
 (999, [1677, 36, 0, 0, 0, 515, 1704, 0, 0, 3, 5, 1, 1, 0, 0]),
 (999, [1410, 79, 1, 1, 1, 769, 1452, 1, 1, 3, 4, 0, 1, 2, 2]),
 (999, [1349, 45, 1, 1, 1, 1626, 1188, 0, 0, 3, 5, 0, 0, 2, 1]),
 (999, [1025, 14, 0, 1, 1, 597, 634, 0, 1, 3, 4, 1, 1, 0, 1]),
 (999, [1012, 56, 1, 1, 1, 904, 626, 0, 0, 3, 3, 0, 1, 2, 2]),
 (999, [923, 64, 1, 0, 0, 1515, 1530, 0, 0, 2, 5, 1, 2, 2, 0]),
 (999, [809, 70, 1, 1, 0, 1169, 741, 0, 1, 3, 5, 1, 1, 2, 0]),
 (16, [1986, 81, 0, 1, 0, 767, 1410, 1, 1, 1, 2, 1, 0, 1, 1]),
 (16, [1739, 106, 1, 1, 1, 888, 1053, 0, 0, 2, 1, 1, 2, 0, 1]),
 (16, [1634, 104, 1, 0, 1, 1735, 1674, 1, 1, 2, 0, 0, 0, 0, 0]),
 (16, [1020, 110, 0, 1, 1, 641, 1684, 0, 0, 1, 4, 1, 2, 2, 2]),
 (16, [966, 71, 0, 1, 0, 1817, 918, 1, 1, 0, 2, 1, 0, 0, 0]),
 (16, [932, 55, 0, 1, 0, 851, 657, 1, 0, 1, 3, 1, 2, 2, 2]),
 (16, [789, 85, 1, 1, 0, 1015, 1570, 0, 1, 0, 1, 1, 1, 0, 0]),
 (16, [695, 90, 1, 0, 1, 791, 1086, 0, 0, 1, 0, 1, 0, 2, 1]),
 (16, [609, 69, 0, 1, 0, 1719, 709, 0, 1, 2, 1, 0, 0, 2, 1]),
 (16, [588, 51, 1, 1, 0, 1535, 979, 1, 1, 2, 3, 0, 2, 1, 2]),
 (16, [515, 61, 0, 0, 1, 1721, 1349, 1, 0, 0, 1, 0, 2, 2, 1]),
 (13, [1635, 69, 1, 1, 0, 1031, 785, 1, 0, 1, 1, 1, 2, 1, 0]),
 (12, [1943, 66, 1, 0, 0, 1283, 814, 0, 1, 1, 1, 1, 0, 2, 2]),
 (12, [1940, 108, 0, 1, 1, 1313, 1845, 0, 1, 2, 3, 0, 1, 2, 1]),
 (12, [1617, 116, 1, 0, 1, 720, 1728, 1, 1, 2, 4, 0, 0, 0, 1]),
 (12, [1340, 108, 1, 0, 1, 1901, 1090, 1, 0, 1, 2, 0, 0, 2, 1]),
 (12, [1225, 53, 1, 0, 1, 1971, 528, 0, 1, 0, 2, 1, 0, 0, 0]),
 (12, [1087, 13, 0, 1, 0, 1549, 887, 0, 0, 2, 2, 1, 2, 1, 1]),
 (12, [836, 67, 1, 1, 0, 782, 1482, 0, 1, 2, 3, 1, 2, 2, 1]),
 (12, [663, 17, 0, 0, 0, 1775, 1982, 0, 0, 2, 1, 0, 2, 1, 2]),
 (12, [564, 48, 0, 1, 1, 1090, 1317, 0, 1, 1, 0, 1, 2, 0, 0])]
scored
[(12, [564, 48, 0, 1, 1, 1090, 1317, 0, 1, 1, 0, 1, 2, 0, 0]),
 (12, [663, 17, 0, 0, 0, 1775, 1982, 0, 0, 2, 1, 0, 2, 1, 2]),
 (12, [836, 67, 1, 1, 0, 782, 1482, 0, 1, 2, 3, 1, 2, 2, 1]),
 (12, [1087, 13, 0, 1, 0, 1549, 887, 0, 0, 2, 2, 1, 2, 1, 1]),
 (12, [1225, 53, 1, 0, 1, 1971, 528, 0, 1, 0, 2, 1, 0, 0, 0]),
 (12, [1340, 108, 1, 0, 1, 1901, 1090, 1, 0, 1, 2, 0, 0, 2, 1]),
 (12, [1617, 116, 1, 0, 1, 720, 1728, 1, 1, 2, 4, 0, 0, 0, 1]),
 (12, [1940, 108, 0, 1, 1, 1313, 1845, 0, 1, 2, 3, 0, 1, 2, 1]),
 (12, [1943, 66, 1, 0, 0, 1283, 814, 0, 1, 1, 1, 1, 0, 2, 2]),
 (13, [1635, 69, 1, 1, 0, 1031, 785, 1, 0, 1, 1, 1, 2, 1, 0]),
 (16, [515, 61, 0, 0, 1, 1721, 1349, 1, 0, 0, 1, 0, 2, 2, 1]),
 (16, [588, 51, 1, 1, 0, 1535, 979, 1, 1, 2, 3, 0, 2, 1, 2]),
 (16, [609, 69, 0, 1, 0, 1719, 709, 0, 1, 2, 1, 0, 0, 2, 1]),
 (16, [695, 90, 1, 0, 1, 791, 1086, 0, 0, 1, 0, 1, 0, 2, 1]),
 (16, [789, 85, 1, 1, 0, 1015, 1570, 0, 1, 0, 1, 1, 1, 0, 0]),
 (16, [932, 55, 0, 1, 0, 851, 657, 1, 0, 1, 3, 1, 2, 2, 2]),
 (16, [966, 71, 0, 1, 0, 1817, 918, 1, 1, 0, 2, 1, 0, 0, 0]),
 (16, [1020, 110, 0, 1, 1, 641, 1684, 0, 0, 1, 4, 1, 2, 2, 2]),
 (16, [1634, 104, 1, 0, 1, 1735, 1674, 1, 1, 2, 0, 0, 0, 0, 0]),
 (16, [1739, 106, 1, 1, 1, 888, 1053, 0, 0, 2, 1, 1, 2, 0, 1]),
 (16, [1986, 81, 0, 1, 0, 767, 1410, 1, 1, 1, 2, 1, 0, 1, 1]),
 (999, [809, 70, 1, 1, 0, 1169, 741, 0, 1, 3, 5, 1, 1, 2, 0]),
 (999, [923, 64, 1, 0, 0, 1515, 1530, 0, 0, 2, 5, 1, 2, 2, 0]),
 (999, [1012, 56, 1, 1, 1, 904, 626, 0, 0, 3, 3, 0, 1, 2, 2]),
 (999, [1025, 14, 0, 1, 1, 597, 634, 0, 1, 3, 4, 1, 1, 0, 1]),
 (999, [1349, 45, 1, 1, 1, 1626, 1188, 0, 0, 3, 5, 0, 0, 2, 1]),
 (999, [1410, 79, 1, 1, 1, 769, 1452, 1, 1, 3, 4, 0, 1, 2, 2]),
 (999, [1677, 36, 0, 0, 0, 515, 1704, 0, 0, 3, 5, 1, 1, 0, 0]),
 (999, [1761, 79, 1, 0, 1, 660, 1508, 1, 1, 3, 1, 1, 0, 0, 1]),
 (999, [1781, 38, 0, 1, 0, 1987, 1588, 1, 0, 1, 5, 0, 0, 1, 0]),
 (999, [1799, 26, 0, 1, 0, 992, 1338, 1, 0, 1, 5, 0, 1, 1, 1]),
 (999, [1863, 83, 1, 0, 1, 1011, 1832, 0, 1, 3, 5, 1, 1, 0, 0])]
Selected
[(12, [1225, 53, 1, 0, 1, 1971, 528, 0, 1, 0, 2, 1, 0, 0, 0]),
 (12, [836, 67, 1, 1, 0, 782, 1482, 0, 1, 2, 3, 1, 2, 2, 1]),
 (12, [1940, 108, 0, 1, 1, 1313, 1845, 0, 1, 2, 3, 0, 1, 2, 1]),
 (12, [564, 48, 0, 1, 1, 1090, 1317, 0, 1, 1, 0, 1, 2, 0, 0]),
 (12, [1087, 13, 0, 1, 0, 1549, 887, 0, 0, 2, 2, 1, 2, 1, 1]),
 (12, [836, 67, 1, 1, 0, 782, 1482, 0, 1, 2, 3, 1, 2, 2, 1]),
 (12, [836, 67, 1, 1, 0, 782, 1482, 0, 1, 2, 3, 1, 2, 2, 1]),
 (12, [1340, 108, 1, 0, 1, 1901, 1090, 1, 0, 1, 2, 0, 0, 2, 1]),
 (12, [1340, 108, 1, 0, 1, 1901, 1090, 1, 0, 1, 2, 0, 0, 2, 1]),
 (12, [663, 17, 0, 0, 0, 1775, 1982, 0, 0, 2, 1, 0, 2, 1, 2]),
 (12, [1617, 116, 1, 0, 1, 720, 1728, 1, 1, 2, 4, 0, 0, 0, 1]),
 (12, [836, 67, 1, 1, 0, 782, 1482, 0, 1, 2, 3, 1, 2, 2, 1]),
 (12, [564, 48, 0, 1, 1, 1090, 1317, 0, 1, 1, 0, 1, 2, 0, 0]),
 (12, [1087, 13, 0, 1, 0, 1549, 887, 0, 0, 2, 2, 1, 2, 1, 1]),
 (12, [1617, 116, 1, 0, 1, 720, 1728, 1, 1, 2, 4, 0, 0, 0, 1]),
 (12, [663, 17, 0, 0, 0, 1775, 1982, 0, 0, 2, 1, 0, 2, 1, 2]),
 (12, [1087, 13, 0, 1, 0, 1549, 887, 0, 0, 2, 2, 1, 2, 1, 1]),
 (12, [1340, 108, 1, 0, 1, 1901, 1090, 1, 0, 1, 2, 0, 0, 2, 1]),
 (12, [564, 48, 0, 1, 1, 1090, 1317, 0, 1, 1, 0, 1, 2, 0, 0]),
 (12, [1087, 13, 0, 1, 0, 1549, 887, 0, 0, 2, 2, 1, 2, 1, 1]),
 (12, [1087, 13, 0, 1, 0, 1549, 887, 0, 0, 2, 2, 1, 2, 1, 1]),
 (12, [1617, 116, 1, 0, 1, 720, 1728, 1, 1, 2, 4, 0, 0, 0, 1]),
 (12, [1617, 116, 1, 0, 1, 720, 1728, 1, 1, 2, 4, 0, 0, 0, 1]),
 (16, [588, 51, 1, 1, 0, 1535, 979, 1, 1, 2, 3, 0, 2, 1, 2]),
 (12, [564, 48, 0, 1, 1, 1090, 1317, 0, 1, 1, 0, 1, 2, 0, 0]),
 (16, [609, 69, 0, 1, 0, 1719, 709, 0, 1, 2, 1, 0, 0, 2, 1]),
 (12, [663, 17, 0, 0, 0, 1775, 1982, 0, 0, 2, 1, 0, 2, 1, 2])]
population
[(999, [1863, 83, 1, 0, 1, 1011, 1832, 0, 1, 3, 5, 1, 1, 0, 0]),
 (999, [1799, 26, 0, 1, 0, 992, 1338, 1, 0, 1, 5, 0, 1, 1, 1]),
 (999, [1781, 38, 0, 1, 0, 1987, 1588, 1, 0, 1, 5, 0, 0, 1, 0]),
 (999, [1761, 79, 1, 0, 1, 660, 1508, 1, 1, 3, 1, 1, 0, 0, 1]),
 (999, [1677, 36, 0, 0, 0, 515, 1704, 0, 0, 3, 5, 1, 1, 0, 0]),
 (999, [1410, 79, 1, 1, 1, 769, 1452, 1, 1, 3, 4, 0, 1, 2, 2]),
 (999, [1349, 45, 1, 1, 1, 1626, 1188, 0, 0, 3, 5, 0, 0, 2, 1]),
 (999, [1025, 14, 0, 1, 1, 597, 634, 0, 1, 3, 4, 1, 1, 0, 1]),
 (999, [1012, 56, 1, 1, 1, 904, 626, 0, 0, 3, 3, 0, 1, 2, 2]),
 (999, [923, 64, 1, 0, 0, 1515, 1530, 0, 0, 2, 5, 1, 2, 2, 0]),
 (999, [809, 70, 1, 1, 0, 1169, 741, 0, 1, 3, 5, 1, 1, 2, 0]),
 (16, [1986, 81, 0, 1, 0, 767, 1410, 1, 1, 1, 2, 1, 0, 1, 1]),
 (16, [1739, 106, 1, 1, 1, 888, 1053, 0, 0, 2, 1, 1, 2, 0, 1]),
 (16, [1634, 104, 1, 0, 1, 1735, 1674, 1, 1, 2, 0, 0, 0, 0, 0]),
 (16, [1020, 110, 0, 1, 1, 641, 1684, 0, 0, 1, 4, 1, 2, 2, 2]),
 (16, [966, 71, 0, 1, 0, 1817, 918, 1, 1, 0, 2, 1, 0, 0, 0]),
 (16, [932, 55, 0, 1, 0, 851, 657, 1, 0, 1, 3, 1, 2, 2, 2]),
 (16, [789, 85, 1, 1, 0, 1015, 1570, 0, 1, 0, 1, 1, 1, 0, 0]),
 (16, [695, 90, 1, 0, 1, 791, 1086, 0, 0, 1, 0, 1, 0, 2, 1]),
 (16, [609, 69, 0, 1, 0, 1719, 709, 0, 1, 2, 1, 0, 0, 2, 1]),
 (16, [588, 51, 1, 1, 0, 1535, 979, 1, 1, 2, 3, 0, 2, 1, 2]),
 (16, [515, 61, 0, 0, 1, 1721, 1349, 1, 0, 0, 1, 0, 2, 2, 1]),
 (13, [1635, 69, 1, 1, 0, 1031, 785, 1, 0, 1, 1, 1, 2, 1, 0]),
 (12, [1943, 66, 1, 0, 0, 1283, 814, 0, 1, 1, 1, 1, 0, 2, 2]),
 (12, [1940, 108, 0, 1, 1, 1313, 1845, 0, 1, 2, 3, 0, 1, 2, 1]),
 (12, [1617, 116, 1, 0, 1, 720, 1728, 1, 1, 2, 4, 0, 0, 0, 1]),
 (12, [1340, 108, 1, 0, 1, 1901, 1090, 1, 0, 1, 2, 0, 0, 2, 1]),
 (12, [1225, 53, 1, 0, 1, 1971, 528, 0, 1, 0, 2, 1, 0, 0, 0]),
 (12, [1087, 13, 0, 1, 0, 1549, 887, 0, 0, 2, 2, 1, 2, 1, 1]),
 (12, [836, 67, 1, 1, 0, 782, 1482, 0, 1, 2, 3, 1, 2, 2, 1]),
 (12, [663, 17, 0, 0, 0, 1775, 1982, 0, 0, 2, 1, 0, 2, 1, 2]),
 (12, [564, 48, 0, 1, 1, 1090, 1317, 0, 1, 1, 0, 1, 2, 0, 0])]
scored
[(12, [564, 48, 0, 1, 1, 1090, 1317, 0, 1, 1, 0, 1, 2, 0, 0]),
 (12, [663, 17, 0, 0, 0, 1775, 1982, 0, 0, 2, 1, 0, 2, 1, 2]),
 (12, [836, 67, 1, 1, 0, 782, 1482, 0, 1, 2, 3, 1, 2, 2, 1]),
 (12, [1087, 13, 0, 1, 0, 1549, 887, 0, 0, 2, 2, 1, 2, 1, 1]),
 (12, [1225, 53, 1, 0, 1, 1971, 528, 0, 1, 0, 2, 1, 0, 0, 0]),
 (12, [1340, 108, 1, 0, 1, 1901, 1090, 1, 0, 1, 2, 0, 0, 2, 1]),
 (12, [1617, 116, 1, 0, 1, 720, 1728, 1, 1, 2, 4, 0, 0, 0, 1]),
 (12, [1940, 108, 0, 1, 1, 1313, 1845, 0, 1, 2, 3, 0, 1, 2, 1]),
 (12, [1943, 66, 1, 0, 0, 1283, 814, 0, 1, 1, 1, 1, 0, 2, 2]),
 (13, [1635, 69, 1, 1, 0, 1031, 785, 1, 0, 1, 1, 1, 2, 1, 0]),
 (16, [515, 61, 0, 0, 1, 1721, 1349, 1, 0, 0, 1, 0, 2, 2, 1]),
 (16, [588, 51, 1, 1, 0, 1535, 979, 1, 1, 2, 3, 0, 2, 1, 2]),
 (16, [609, 69, 0, 1, 0, 1719, 709, 0, 1, 2, 1, 0, 0, 2, 1]),
 (16, [695, 90, 1, 0, 1, 791, 1086, 0, 0, 1, 0, 1, 0, 2, 1]),
 (16, [789, 85, 1, 1, 0, 1015, 1570, 0, 1, 0, 1, 1, 1, 0, 0]),
 (16, [932, 55, 0, 1, 0, 851, 657, 1, 0, 1, 3, 1, 2, 2, 2]),
 (16, [966, 71, 0, 1, 0, 1817, 918, 1, 1, 0, 2, 1, 0, 0, 0]),
 (16, [1020, 110, 0, 1, 1, 641, 1684, 0, 0, 1, 4, 1, 2, 2, 2]),
 (16, [1634, 104, 1, 0, 1, 1735, 1674, 1, 1, 2, 0, 0, 0, 0, 0]),
 (16, [1739, 106, 1, 1, 1, 888, 1053, 0, 0, 2, 1, 1, 2, 0, 1]),
 (16, [1986, 81, 0, 1, 0, 767, 1410, 1, 1, 1, 2, 1, 0, 1, 1]),
 (999, [809, 70, 1, 1, 0, 1169, 741, 0, 1, 3, 5, 1, 1, 2, 0]),
 (999, [923, 64, 1, 0, 0, 1515, 1530, 0, 0, 2, 5, 1, 2, 2, 0]),
 (999, [1012, 56, 1, 1, 1, 904, 626, 0, 0, 3, 3, 0, 1, 2, 2]),
 (999, [1025, 14, 0, 1, 1, 597, 634, 0, 1, 3, 4, 1, 1, 0, 1]),
 (999, [1349, 45, 1, 1, 1, 1626, 1188, 0, 0, 3, 5, 0, 0, 2, 1]),
 (999, [1410, 79, 1, 1, 1, 769, 1452, 1, 1, 3, 4, 0, 1, 2, 2]),
 (999, [1677, 36, 0, 0, 0, 515, 1704, 0, 0, 3, 5, 1, 1, 0, 0]),
 (999, [1761, 79, 1, 0, 1, 660, 1508, 1, 1, 3, 1, 1, 0, 0, 1]),
 (999, [1781, 38, 0, 1, 0, 1987, 1588, 1, 0, 1, 5, 0, 0, 1, 0]),
 (999, [1799, 26, 0, 1, 0, 992, 1338, 1, 0, 1, 5, 0, 1, 1, 1]),
 (999, [1863, 83, 1, 0, 1, 1011, 1832, 0, 1, 3, 5, 1, 1, 0, 0])]
Selected
[(12, [836, 67, 1, 1, 0, 782, 1482, 0, 1, 2, 3, 1, 2, 2, 1]),
 (12, [564, 48, 0, 1, 1, 1090, 1317, 0, 1, 1, 0, 1, 2, 0, 0]),
 (16, [588, 51, 1, 1, 0, 1535, 979, 1, 1, 2, 3, 0, 2, 1, 2]),
 (12, [1943, 66, 1, 0, 0, 1283, 814, 0, 1, 1, 1, 1, 0, 2, 2]),
 (12, [1087, 13, 0, 1, 0, 1549, 887, 0, 0, 2, 2, 1, 2, 1, 1]),
 (12, [836, 67, 1, 1, 0, 782, 1482, 0, 1, 2, 3, 1, 2, 2, 1]),
 (12, [564, 48, 0, 1, 1, 1090, 1317, 0, 1, 1, 0, 1, 2, 0, 0]),
 (12, [1087, 13, 0, 1, 0, 1549, 887, 0, 0, 2, 2, 1, 2, 1, 1]),
 (12, [1225, 53, 1, 0, 1, 1971, 528, 0, 1, 0, 2, 1, 0, 0, 0]),
 (16, [609, 69, 0, 1, 0, 1719, 709, 0, 1, 2, 1, 0, 0, 2, 1]),
 (12, [836, 67, 1, 1, 0, 782, 1482, 0, 1, 2, 3, 1, 2, 2, 1]),
 (12, [663, 17, 0, 0, 0, 1775, 1982, 0, 0, 2, 1, 0, 2, 1, 2]),
 (12, [1087, 13, 0, 1, 0, 1549, 887, 0, 0, 2, 2, 1, 2, 1, 1]),
 (12, [1340, 108, 1, 0, 1, 1901, 1090, 1, 0, 1, 2, 0, 0, 2, 1]),
 (12, [564, 48, 0, 1, 1, 1090, 1317, 0, 1, 1, 0, 1, 2, 0, 0]),
 (12, [663, 17, 0, 0, 0, 1775, 1982, 0, 0, 2, 1, 0, 2, 1, 2]),
 (12, [1617, 116, 1, 0, 1, 720, 1728, 1, 1, 2, 4, 0, 0, 0, 1]),
 (12, [663, 17, 0, 0, 0, 1775, 1982, 0, 0, 2, 1, 0, 2, 1, 2]),
 (12, [1225, 53, 1, 0, 1, 1971, 528, 0, 1, 0, 2, 1, 0, 0, 0]),
 (12, [1225, 53, 1, 0, 1, 1971, 528, 0, 1, 0, 2, 1, 0, 0, 0]),
 (12, [1087, 13, 0, 1, 0, 1549, 887, 0, 0, 2, 2, 1, 2, 1, 1]),
 (12, [564, 48, 0, 1, 1, 1090, 1317, 0, 1, 1, 0, 1, 2, 0, 0]),
 (12, [564, 48, 0, 1, 1, 1090, 1317, 0, 1, 1, 0, 1, 2, 0, 0]),
 (12, [1087, 13, 0, 1, 0, 1549, 887, 0, 0, 2, 2, 1, 2, 1, 1]),
 (16, [588, 51, 1, 1, 0, 1535, 979, 1, 1, 2, 3, 0, 2, 1, 2]),
 (12, [836, 67, 1, 1, 0, 782, 1482, 0, 1, 2, 3, 1, 2, 2, 1]),
 (12, [564, 48, 0, 1, 1, 1090, 1317, 0, 1, 1, 0, 1, 2, 0, 0])]
population
[(999, [1863, 83, 1, 0, 1, 1011, 1832, 0, 1, 3, 5, 1, 1, 0, 0]),
 (999, [1799, 26, 0, 1, 0, 992, 1338, 1, 0, 1, 5, 0, 1, 1, 1]),
 (999, [1781, 38, 0, 1, 0, 1987, 1588, 1, 0, 1, 5, 0, 0, 1, 0]),
 (999, [1761, 79, 1, 0, 1, 660, 1508, 1, 1, 3, 1, 1, 0, 0, 1]),
 (999, [1677, 36, 0, 0, 0, 515, 1704, 0, 0, 3, 5, 1, 1, 0, 0]),
 (999, [1410, 79, 1, 1, 1, 769, 1452, 1, 1, 3, 4, 0, 1, 2, 2]),
 (999, [1349, 45, 1, 1, 1, 1626, 1188, 0, 0, 3, 5, 0, 0, 2, 1]),
 (999, [1025, 14, 0, 1, 1, 597, 634, 0, 1, 3, 4, 1, 1, 0, 1]),
 (999, [1012, 56, 1, 1, 1, 904, 626, 0, 0, 3, 3, 0, 1, 2, 2]),
 (999, [923, 64, 1, 0, 0, 1515, 1530, 0, 0, 2, 5, 1, 2, 2, 0]),
 (999, [809, 70, 1, 1, 0, 1169, 741, 0, 1, 3, 5, 1, 1, 2, 0]),
 (16, [1986, 81, 0, 1, 0, 767, 1410, 1, 1, 1, 2, 1, 0, 1, 1]),
 (16, [1739, 106, 1, 1, 1, 888, 1053, 0, 0, 2, 1, 1, 2, 0, 1]),
 (16, [1634, 104, 1, 0, 1, 1735, 1674, 1, 1, 2, 0, 0, 0, 0, 0]),
 (16, [1020, 110, 0, 1, 1, 641, 1684, 0, 0, 1, 4, 1, 2, 2, 2]),
 (16, [966, 71, 0, 1, 0, 1817, 918, 1, 1, 0, 2, 1, 0, 0, 0]),
 (16, [932, 55, 0, 1, 0, 851, 657, 1, 0, 1, 3, 1, 2, 2, 2]),
 (16, [789, 85, 1, 1, 0, 1015, 1570, 0, 1, 0, 1, 1, 1, 0, 0]),
 (16, [695, 90, 1, 0, 1, 791, 1086, 0, 0, 1, 0, 1, 0, 2, 1]),
 (16, [609, 69, 0, 1, 0, 1719, 709, 0, 1, 2, 1, 0, 0, 2, 1]),
 (16, [588, 51, 1, 1, 0, 1535, 979, 1, 1, 2, 3, 0, 2, 1, 2]),
 (16, [515, 61, 0, 0, 1, 1721, 1349, 1, 0, 0, 1, 0, 2, 2, 1]),
 (13, [1635, 69, 1, 1, 0, 1031, 785, 1, 0, 1, 1, 1, 2, 1, 0]),
 (12, [1943, 66, 1, 0, 0, 1283, 814, 0, 1, 1, 1, 1, 0, 2, 2]),
 (12, [1940, 108, 0, 1, 1, 1313, 1845, 0, 1, 2, 3, 0, 1, 2, 1]),
 (12, [1617, 116, 1, 0, 1, 720, 1728, 1, 1, 2, 4, 0, 0, 0, 1]),
 (12, [1340, 108, 1, 0, 1, 1901, 1090, 1, 0, 1, 2, 0, 0, 2, 1]),
 (12, [1225, 53, 1, 0, 1, 1971, 528, 0, 1, 0, 2, 1, 0, 0, 0]),
 (12, [1087, 13, 0, 1, 0, 1549, 887, 0, 0, 2, 2, 1, 2, 1, 1]),
 (12, [836, 67, 1, 1, 0, 782, 1482, 0, 1, 2, 3, 1, 2, 2, 1]),
 (12, [663, 17, 0, 0, 0, 1775, 1982, 0, 0, 2, 1, 0, 2, 1, 2]),
 (12, [564, 48, 0, 1, 1, 1090, 1317, 0, 1, 1, 0, 1, 2, 0, 0])]
scored
[(12, [564, 48, 0, 1, 1, 1090, 1317, 0, 1, 1, 0, 1, 2, 0, 0]),
 (12, [663, 17, 0, 0, 0, 1775, 1982, 0, 0, 2, 1, 0, 2, 1, 2]),
 (12, [836, 67, 1, 1, 0, 782, 1482, 0, 1, 2, 3, 1, 2, 2, 1]),
 (12, [1087, 13, 0, 1, 0, 1549, 887, 0, 0, 2, 2, 1, 2, 1, 1]),
 (12, [1225, 53, 1, 0, 1, 1971, 528, 0, 1, 0, 2, 1, 0, 0, 0]),
 (12, [1340, 108, 1, 0, 1, 1901, 1090, 1, 0, 1, 2, 0, 0, 2, 1]),
 (12, [1617, 116, 1, 0, 1, 720, 1728, 1, 1, 2, 4, 0, 0, 0, 1]),
 (12, [1940, 108, 0, 1, 1, 1313, 1845, 0, 1, 2, 3, 0, 1, 2, 1]),
 (12, [1943, 66, 1, 0, 0, 1283, 814, 0, 1, 1, 1, 1, 0, 2, 2]),
 (13, [1635, 69, 1, 1, 0, 1031, 785, 1, 0, 1, 1, 1, 2, 1, 0]),
 (16, [515, 61, 0, 0, 1, 1721, 1349, 1, 0, 0, 1, 0, 2, 2, 1]),
 (16, [588, 51, 1, 1, 0, 1535, 979, 1, 1, 2, 3, 0, 2, 1, 2]),
 (16, [609, 69, 0, 1, 0, 1719, 709, 0, 1, 2, 1, 0, 0, 2, 1]),
 (16, [695, 90, 1, 0, 1, 791, 1086, 0, 0, 1, 0, 1, 0, 2, 1]),
 (16, [789, 85, 1, 1, 0, 1015, 1570, 0, 1, 0, 1, 1, 1, 0, 0]),
 (16, [932, 55, 0, 1, 0, 851, 657, 1, 0, 1, 3, 1, 2, 2, 2]),
 (16, [966, 71, 0, 1, 0, 1817, 918, 1, 1, 0, 2, 1, 0, 0, 0]),
 (16, [1020, 110, 0, 1, 1, 641, 1684, 0, 0, 1, 4, 1, 2, 2, 2]),
 (16, [1634, 104, 1, 0, 1, 1735, 1674, 1, 1, 2, 0, 0, 0, 0, 0]),
 (16, [1739, 106, 1, 1, 1, 888, 1053, 0, 0, 2, 1, 1, 2, 0, 1]),
 (16, [1986, 81, 0, 1, 0, 767, 1410, 1, 1, 1, 2, 1, 0, 1, 1]),
 (999, [809, 70, 1, 1, 0, 1169, 741, 0, 1, 3, 5, 1, 1, 2, 0]),
 (999, [923, 64, 1, 0, 0, 1515, 1530, 0, 0, 2, 5, 1, 2, 2, 0]),
 (999, [1012, 56, 1, 1, 1, 904, 626, 0, 0, 3, 3, 0, 1, 2, 2]),
 (999, [1025, 14, 0, 1, 1, 597, 634, 0, 1, 3, 4, 1, 1, 0, 1]),
 (999, [1349, 45, 1, 1, 1, 1626, 1188, 0, 0, 3, 5, 0, 0, 2, 1]),
 (999, [1410, 79, 1, 1, 1, 769, 1452, 1, 1, 3, 4, 0, 1, 2, 2]),
 (999, [1677, 36, 0, 0, 0, 515, 1704, 0, 0, 3, 5, 1, 1, 0, 0]),
 (999, [1761, 79, 1, 0, 1, 660, 1508, 1, 1, 3, 1, 1, 0, 0, 1]),
 (999, [1781, 38, 0, 1, 0, 1987, 1588, 1, 0, 1, 5, 0, 0, 1, 0]),
 (999, [1799, 26, 0, 1, 0, 992, 1338, 1, 0, 1, 5, 0, 1, 1, 1]),
 (999, [1863, 83, 1, 0, 1, 1011, 1832, 0, 1, 3, 5, 1, 1, 0, 0])]
Selected
[(12, [1225, 53, 1, 0, 1, 1971, 528, 0, 1, 0, 2, 1, 0, 0, 0]),
 (16, [515, 61, 0, 0, 1, 1721, 1349, 1, 0, 0, 1, 0, 2, 2, 1]),
 (12, [1943, 66, 1, 0, 0, 1283, 814, 0, 1, 1, 1, 1, 0, 2, 2]),
 (16, [515, 61, 0, 0, 1, 1721, 1349, 1, 0, 0, 1, 0, 2, 2, 1]),
 (13, [1635, 69, 1, 1, 0, 1031, 785, 1, 0, 1, 1, 1, 2, 1, 0]),
 (16, [1634, 104, 1, 0, 1, 1735, 1674, 1, 1, 2, 0, 0, 0, 0, 0]),
 (16, [695, 90, 1, 0, 1, 791, 1086, 0, 0, 1, 0, 1, 0, 2, 1]),
 (12, [663, 17, 0, 0, 0, 1775, 1982, 0, 0, 2, 1, 0, 2, 1, 2]),
 (12, [836, 67, 1, 1, 0, 782, 1482, 0, 1, 2, 3, 1, 2, 2, 1]),
 (12, [836, 67, 1, 1, 0, 782, 1482, 0, 1, 2, 3, 1, 2, 2, 1]),
 (12, [1617, 116, 1, 0, 1, 720, 1728, 1, 1, 2, 4, 0, 0, 0, 1]),
 (16, [1020, 110, 0, 1, 1, 641, 1684, 0, 0, 1, 4, 1, 2, 2, 2]),
 (12, [1225, 53, 1, 0, 1, 1971, 528, 0, 1, 0, 2, 1, 0, 0, 0]),
 (12, [836, 67, 1, 1, 0, 782, 1482, 0, 1, 2, 3, 1, 2, 2, 1]),
 (12, [1943, 66, 1, 0, 0, 1283, 814, 0, 1, 1, 1, 1, 0, 2, 2]),
 (12, [663, 17, 0, 0, 0, 1775, 1982, 0, 0, 2, 1, 0, 2, 1, 2]),
 (16, [932, 55, 0, 1, 0, 851, 657, 1, 0, 1, 3, 1, 2, 2, 2]),
 (12, [1225, 53, 1, 0, 1, 1971, 528, 0, 1, 0, 2, 1, 0, 0, 0]),
 (12, [1340, 108, 1, 0, 1, 1901, 1090, 1, 0, 1, 2, 0, 0, 2, 1]),
 (12, [1940, 108, 0, 1, 1, 1313, 1845, 0, 1, 2, 3, 0, 1, 2, 1]),
 (999, [923, 64, 1, 0, 0, 1515, 1530, 0, 0, 2, 5, 1, 2, 2, 0]),
 (12, [564, 48, 0, 1, 1, 1090, 1317, 0, 1, 1, 0, 1, 2, 0, 0]),
 (13, [1635, 69, 1, 1, 0, 1031, 785, 1, 0, 1, 1, 1, 2, 1, 0]),
 (12, [564, 48, 0, 1, 1, 1090, 1317, 0, 1, 1, 0, 1, 2, 0, 0]),
 (12, [663, 17, 0, 0, 0, 1775, 1982, 0, 0, 2, 1, 0, 2, 1, 2]),
 (12, [663, 17, 0, 0, 0, 1775, 1982, 0, 0, 2, 1, 0, 2, 1, 2]),
 (12, [1087, 13, 0, 1, 0, 1549, 887, 0, 0, 2, 2, 1, 2, 1, 1])]

Poblacin de 32 individuos durante 15 generaciones
Poblacin inicial:
[(999, [1863, 83, 1, 0, 1, 1011, 1832, 0, 1, 3, 5, 1, 1, 0, 0]),
 (999, [1799, 26, 0, 1, 0, 992, 1338, 1, 0, 1, 5, 0, 1, 1, 1]),
 (999, [1781, 38, 0, 1, 0, 1987, 1588, 1, 0, 1, 5, 0, 0, 1, 0]),
 (999, [1761, 79, 1, 0, 1, 660, 1508, 1, 1, 3, 1, 1, 0, 0, 1]),
 (999, [1677, 36, 0, 0, 0, 515, 1704, 0, 0, 3, 5, 1, 1, 0, 0]),
 (999, [1410, 79, 1, 1, 1, 769, 1452, 1, 1, 3, 4, 0, 1, 2, 2]),
 (999, [1349, 45, 1, 1, 1, 1626, 1188, 0, 0, 3, 5, 0, 0, 2, 1]),
 (999, [1025, 14, 0, 1, 1, 597, 634, 0, 1, 3, 4, 1, 1, 0, 1]),
 (999, [1012, 56, 1, 1, 1, 904, 626, 0, 0, 3, 3, 0, 1, 2, 2]),
 (999, [923, 64, 1, 0, 0, 1515, 1530, 0, 0, 2, 5, 1, 2, 2, 0]),
 (999, [809, 70, 1, 1, 0, 1169, 741, 0, 1, 3, 5, 1, 1, 2, 0]),
 (16, [1986, 81, 0, 1, 0, 767, 1410, 1, 1, 1, 2, 1, 0, 1, 1]),
 (16, [1739, 106, 1, 1, 1, 888, 1053, 0, 0, 2, 1, 1, 2, 0, 1]),
 (16, [1634, 104, 1, 0, 1, 1735, 1674, 1, 1, 2, 0, 0, 0, 0, 0]),
 (16, [1020, 110, 0, 1, 1, 641, 1684, 0, 0, 1, 4, 1, 2, 2, 2]),
 (16, [966, 71, 0, 1, 0, 1817, 918, 1, 1, 0, 2, 1, 0, 0, 0]),
 (16, [932, 55, 0, 1, 0, 851, 657, 1, 0, 1, 3, 1, 2, 2, 2]),
 (16, [789, 85, 1, 1, 0, 1015, 1570, 0, 1, 0, 1, 1, 1, 0, 0]),
 (16, [695, 90, 1, 0, 1, 791, 1086, 0, 0, 1, 0, 1, 0, 2, 1]),
 (16, [609, 69, 0, 1, 0, 1719, 709, 0, 1, 2, 1, 0, 0, 2, 1]),
 (16, [588, 51, 1, 1, 0, 1535, 979, 1, 1, 2, 3, 0, 2, 1, 2]),
 (16, [515, 61, 0, 0, 1, 1721, 1349, 1, 0, 0, 1, 0, 2, 2, 1]),
 (13, [1635, 69, 1, 1, 0, 1031, 785, 1, 0, 1, 1, 1, 2, 1, 0]),
 (12, [1943, 66, 1, 0, 0, 1283, 814, 0, 1, 1, 1, 1, 0, 2, 2]),
 (12, [1940, 108, 0, 1, 1, 1313, 1845, 0, 1, 2, 3, 0, 1, 2, 1]),
 (12, [1617, 116, 1, 0, 1, 720, 1728, 1, 1, 2, 4, 0, 0, 0, 1]),
 (12, [1340, 108, 1, 0, 1, 1901, 1090, 1, 0, 1, 2, 0, 0, 2, 1]),
 (12, [1225, 53, 1, 0, 1, 1971, 528, 0, 1, 0, 2, 1, 0, 0, 0]),
 (12, [1087, 13, 0, 1, 0, 1549, 887, 0, 0, 2, 2, 1, 2, 1, 1]),
 (12, [836, 67, 1, 1, 0, 782, 1482, 0, 1, 2, 3, 1, 2, 2, 1]),
 (12, [663, 17, 0, 0, 0, 1775, 1982, 0, 0, 2, 1, 0, 2, 1, 2]),
 (12, [564, 48, 0, 1, 1, 1090, 1317, 0, 1, 1, 0, 1, 2, 0, 0])]
Poblacin final:
[(999, [1863, 83, 1, 0, 1, 1011, 1832, 0, 1, 3, 5, 1, 1, 0, 0]),
 (999, [1799, 26, 0, 1, 0, 992, 1338, 1, 0, 1, 5, 0, 1, 1, 1]),
 (999, [1781, 38, 0, 1, 0, 1987, 1588, 1, 0, 1, 5, 0, 0, 1, 0]),
 (999, [1761, 79, 1, 0, 1, 660, 1508, 1, 1, 3, 1, 1, 0, 0, 1]),
 (999, [1677, 36, 0, 0, 0, 515, 1704, 0, 0, 3, 5, 1, 1, 0, 0]),
 (999, [1410, 79, 1, 1, 1, 769, 1452, 1, 1, 3, 4, 0, 1, 2, 2]),
 (999, [1349, 45, 1, 1, 1, 1626, 1188, 0, 0, 3, 5, 0, 0, 2, 1]),
 (999, [1025, 14, 0, 1, 1, 597, 634, 0, 1, 3, 4, 1, 1, 0, 1]),
 (999, [1012, 56, 1, 1, 1, 904, 626, 0, 0, 3, 3, 0, 1, 2, 2]),
 (999, [923, 64, 1, 0, 0, 1515, 1530, 0, 0, 2, 5, 1, 2, 2, 0]),
 (999, [809, 70, 1, 1, 0, 1169, 741, 0, 1, 3, 5, 1, 1, 2, 0]),
 (16, [1986, 81, 0, 1, 0, 767, 1410, 1, 1, 1, 2, 1, 0, 1, 1]),
 (16, [1739, 106, 1, 1, 1, 888, 1053, 0, 0, 2, 1, 1, 2, 0, 1]),
 (16, [1634, 104, 1, 0, 1, 1735, 1674, 1, 1, 2, 0, 0, 0, 0, 0]),
 (16, [1020, 110, 0, 1, 1, 641, 1684, 0, 0, 1, 4, 1, 2, 2, 2]),
 (16, [966, 71, 0, 1, 0, 1817, 918, 1, 1, 0, 2, 1, 0, 0, 0]),
 (16, [932, 55, 0, 1, 0, 851, 657, 1, 0, 1, 3, 1, 2, 2, 2]),
 (16, [789, 85, 1, 1, 0, 1015, 1570, 0, 1, 0, 1, 1, 1, 0, 0]),
 (16, [695, 90, 1, 0, 1, 791, 1086, 0, 0, 1, 0, 1, 0, 2, 1]),
 (16, [609, 69, 0, 1, 0, 1719, 709, 0, 1, 2, 1, 0, 0, 2, 1]),
 (16, [588, 51, 1, 1, 0, 1535, 979, 1, 1, 2, 3, 0, 2, 1, 2]),
 (16, [515, 61, 0, 0, 1, 1721, 1349, 1, 0, 0, 1, 0, 2, 2, 1]),
 (13, [1635, 69, 1, 1, 0, 1031, 785, 1, 0, 1, 1, 1, 2, 1, 0]),
 (12, [1943, 66, 1, 0, 0, 1283, 814, 0, 1, 1, 1, 1, 0, 2, 2]),
 (12, [1940, 108, 0, 1, 1, 1313, 1845, 0, 1, 2, 3, 0, 1, 2, 1]),
 (12, [1617, 116, 1, 0, 1, 720, 1728, 1, 1, 2, 4, 0, 0, 0, 1]),
 (12, [1340, 108, 1, 0, 1, 1901, 1090, 1, 0, 1, 2, 0, 0, 2, 1]),
 (12, [1225, 53, 1, 0, 1, 1971, 528, 0, 1, 0, 2, 1, 0, 0, 0]),
 (12, [1087, 13, 0, 1, 0, 1549, 887, 0, 0, 2, 2, 1, 2, 1, 1]),
 (12, [836, 67, 1, 1, 0, 782, 1482, 0, 1, 2, 3, 1, 2, 2, 1]),
 (12, [663, 17, 0, 0, 0, 1775, 1982, 0, 0, 2, 1, 0, 2, 1, 2]),
 (12, [564, 48, 0, 1, 1, 1090, 1317, 0, 1, 1, 0, 1, 2, 0, 0])]
Elapsed time is 803.007366 seconds.
