 * Manually resetting nginx to stopped state
 * Manually resetting nginx to stopped state
 * Manually resetting nginx to stopped state
 * Manually resetting nginx to stopped state
 * Manually resetting nginx to stopped state
 * Manually resetting nginx to stopped state
 * Manually resetting nginx to stopped state
 * Manually resetting nginx to stopped state
 * Manually resetting nginx to stopped state
 * Manually resetting nginx to stopped state
 * Manually resetting nginx to stopped state
 * Manually resetting nginx to stopped state
 * Manually resetting nginx to stopped state
 * Manually resetting nginx to stopped state
 * Manually resetting nginx to stopped state
 * Manually resetting nginx to stopped state
 * Manually resetting nginx to stopped state
 * Manually resetting nginx to stopped state
 * Manually resetting nginx to stopped state
 * Manually resetting nginx to stopped state
 * Manually resetting nginx to stopped state
 * Manually resetting nginx to stopped state
 * Manually resetting nginx to stopped state
 * Manually resetting nginx to stopped state
genes: 15
individuals : 32
pressure: 5
mutation_chance: 0
generations: 15
crossover_type: 2
mutation_type_random: 0
Alerts:
12
Alerts:
16
Alerts:
12
Alerts:
33
Alerts:
16
Alerts:
12
Alerts:
12
Alerts:
12
Alerts:
12
Alerts:
12
Alerts:
12
Alerts:
12
Alerts:
33
Alerts:
17
Alerts:
16
Alerts:
16
Alerts:
12
Alerts:
12
Alerts:
12
Alerts:
12
Alerts:
33
Alerts:
12
Alerts:
33
Alerts:
16
population
[(12, [791, 102, 1, 0, 1, 1386, 1367, 0, 0, 2, 4, 0, 0, 2, 2]),
 (16, [1129, 48, 1, 1, 1, 1541, 1950, 0, 0, 2, 2, 1, 2, 1, 1]),
 (12, [1732, 97, 1, 0, 0, 823, 1581, 1, 1, 1, 4, 1, 1, 2, 0]),
 (33, [1142, 99, 0, 0, 0, 1827, 1355, 0, 1, 0, 2, 1, 0, 0, 2]),
 (999, [881, 85, 0, 0, 0, 1353, 651, 0, 0, 2, 5, 0, 1, 0, 2]),
 (16, [1870, 12, 1, 1, 1, 1826, 1297, 1, 1, 0, 1, 1, 2, 1, 0]),
 (12, [1553, 64, 0, 1, 1, 1466, 929, 0, 1, 0, 3, 1, 2, 0, 0]),
 (12, [1191, 108, 1, 0, 1, 1460, 688, 0, 0, 2, 4, 1, 2, 0, 2]),
 (999, [1560, 74, 0, 1, 0, 1719, 1539, 1, 0, 2, 5, 0, 0, 2, 1]),
 (12, [1523, 103, 0, 1, 1, 1028, 2036, 0, 1, 1, 0, 0, 1, 0, 1]),
 (12, [1865, 106, 0, 1, 0, 1640, 1480, 0, 0, 0, 4, 0, 0, 1, 2]),
 (12, [1118, 26, 0, 1, 1, 1774, 1444, 1, 1, 2, 2, 0, 1, 0, 2]),
 (12, [1216, 40, 0, 0, 1, 1831, 1287, 0, 1, 1, 4, 0, 0, 0, 1]),
 (12, [1966, 52, 1, 0, 1, 753, 1896, 0, 0, 1, 3, 1, 1, 1, 0]),
 (33, [823, 19, 0, 1, 0, 1411, 1716, 0, 0, 1, 3, 1, 2, 1, 0]),
 (17, [865, 100, 0, 0, 0, 544, 596, 1, 0, 2, 1, 0, 0, 2, 0]),
 (16, [956, 75, 1, 1, 0, 1744, 983, 0, 1, 2, 4, 1, 1, 0, 0]),
 (16, [1025, 113, 0, 1, 0, 845, 1008, 1, 1, 0, 4, 1, 1, 1, 2]),
 (999, [982, 70, 0, 1, 1, 1519, 1433, 1, 0, 0, 5, 1, 2, 1, 2]),
 (999, [1744, 32, 1, 0, 1, 1858, 1957, 0, 1, 0, 5, 1, 1, 0, 0]),
 (12, [1974, 10, 0, 1, 1, 1543, 760, 0, 0, 0, 2, 0, 0, 0, 0]),
 (12, [835, 50, 0, 1, 1, 1533, 875, 0, 0, 1, 4, 0, 1, 2, 1]),
 (999, [1313, 94, 1, 0, 1, 1791, 1816, 0, 1, 0, 5, 1, 2, 1, 1]),
 (12, [1762, 15, 1, 0, 0, 1867, 804, 1, 0, 1, 4, 1, 2, 1, 1]),
 (12, [1391, 87, 0, 1, 1, 1668, 519, 1, 0, 2, 1, 1, 1, 0, 2]),
 (999, [1006, 22, 1, 1, 1, 570, 1692, 0, 0, 3, 0, 0, 0, 2, 1]),
 (999, [712, 37, 1, 0, 1, 1816, 1486, 1, 1, 2, 5, 0, 0, 0, 1]),
 (33, [2031, 114, 0, 1, 0, 1820, 1579, 1, 1, 0, 0, 1, 0, 0, 0]),
 (12, [1434, 62, 1, 1, 1, 1805, 1352, 1, 0, 2, 3, 0, 1, 0, 0]),
 (999, [677, 18, 0, 0, 0, 1537, 1180, 0, 1, 3, 4, 0, 1, 2, 0]),
 (33, [1889, 55, 1, 1, 0, 1417, 728, 0, 0, 0, 0, 1, 0, 1, 2]),
 (16, [1883, 61, 1, 0, 0, 1794, 897, 0, 1, 2, 3, 0, 2, 0, 1])]
scored
[(12, [791, 102, 1, 0, 1, 1386, 1367, 0, 0, 2, 4, 0, 0, 2, 2]),
 (12, [835, 50, 0, 1, 1, 1533, 875, 0, 0, 1, 4, 0, 1, 2, 1]),
 (12, [1118, 26, 0, 1, 1, 1774, 1444, 1, 1, 2, 2, 0, 1, 0, 2]),
 (12, [1191, 108, 1, 0, 1, 1460, 688, 0, 0, 2, 4, 1, 2, 0, 2]),
 (12, [1216, 40, 0, 0, 1, 1831, 1287, 0, 1, 1, 4, 0, 0, 0, 1]),
 (12, [1391, 87, 0, 1, 1, 1668, 519, 1, 0, 2, 1, 1, 1, 0, 2]),
 (12, [1434, 62, 1, 1, 1, 1805, 1352, 1, 0, 2, 3, 0, 1, 0, 0]),
 (12, [1523, 103, 0, 1, 1, 1028, 2036, 0, 1, 1, 0, 0, 1, 0, 1]),
 (12, [1553, 64, 0, 1, 1, 1466, 929, 0, 1, 0, 3, 1, 2, 0, 0]),
 (12, [1732, 97, 1, 0, 0, 823, 1581, 1, 1, 1, 4, 1, 1, 2, 0]),
 (12, [1762, 15, 1, 0, 0, 1867, 804, 1, 0, 1, 4, 1, 2, 1, 1]),
 (12, [1865, 106, 0, 1, 0, 1640, 1480, 0, 0, 0, 4, 0, 0, 1, 2]),
 (12, [1966, 52, 1, 0, 1, 753, 1896, 0, 0, 1, 3, 1, 1, 1, 0]),
 (12, [1974, 10, 0, 1, 1, 1543, 760, 0, 0, 0, 2, 0, 0, 0, 0]),
 (16, [956, 75, 1, 1, 0, 1744, 983, 0, 1, 2, 4, 1, 1, 0, 0]),
 (16, [1025, 113, 0, 1, 0, 845, 1008, 1, 1, 0, 4, 1, 1, 1, 2]),
 (16, [1129, 48, 1, 1, 1, 1541, 1950, 0, 0, 2, 2, 1, 2, 1, 1]),
 (16, [1870, 12, 1, 1, 1, 1826, 1297, 1, 1, 0, 1, 1, 2, 1, 0]),
 (16, [1883, 61, 1, 0, 0, 1794, 897, 0, 1, 2, 3, 0, 2, 0, 1]),
 (17, [865, 100, 0, 0, 0, 544, 596, 1, 0, 2, 1, 0, 0, 2, 0]),
 (33, [823, 19, 0, 1, 0, 1411, 1716, 0, 0, 1, 3, 1, 2, 1, 0]),
 (33, [1142, 99, 0, 0, 0, 1827, 1355, 0, 1, 0, 2, 1, 0, 0, 2]),
 (33, [1889, 55, 1, 1, 0, 1417, 728, 0, 0, 0, 0, 1, 0, 1, 2]),
 (33, [2031, 114, 0, 1, 0, 1820, 1579, 1, 1, 0, 0, 1, 0, 0, 0]),
 (999, [677, 18, 0, 0, 0, 1537, 1180, 0, 1, 3, 4, 0, 1, 2, 0]),
 (999, [712, 37, 1, 0, 1, 1816, 1486, 1, 1, 2, 5, 0, 0, 0, 1]),
 (999, [881, 85, 0, 0, 0, 1353, 651, 0, 0, 2, 5, 0, 1, 0, 2]),
 (999, [982, 70, 0, 1, 1, 1519, 1433, 1, 0, 0, 5, 1, 2, 1, 2]),
 (999, [1006, 22, 1, 1, 1, 570, 1692, 0, 0, 3, 0, 0, 0, 2, 1]),
 (999, [1313, 94, 1, 0, 1, 1791, 1816, 0, 1, 0, 5, 1, 2, 1, 1]),
 (999, [1560, 74, 0, 1, 0, 1719, 1539, 1, 0, 2, 5, 0, 0, 2, 1]),
 (999, [1744, 32, 1, 0, 1, 1858, 1957, 0, 1, 0, 5, 1, 1, 0, 0])]
Selected
[(12, [1118, 26, 0, 1, 1, 1774, 1444, 1, 1, 2, 2, 0, 1, 0, 2]),
 (12, [1865, 106, 0, 1, 0, 1640, 1480, 0, 0, 0, 4, 0, 0, 1, 2]),
 (12, [835, 50, 0, 1, 1, 1533, 875, 0, 0, 1, 4, 0, 1, 2, 1]),
 (12, [1974, 10, 0, 1, 1, 1543, 760, 0, 0, 0, 2, 0, 0, 0, 0]),
 (12, [835, 50, 0, 1, 1, 1533, 875, 0, 0, 1, 4, 0, 1, 2, 1]),
 (12, [835, 50, 0, 1, 1, 1533, 875, 0, 0, 1, 4, 0, 1, 2, 1]),
 (12, [1434, 62, 1, 1, 1, 1805, 1352, 1, 0, 2, 3, 0, 1, 0, 0]),
 (12, [1118, 26, 0, 1, 1, 1774, 1444, 1, 1, 2, 2, 0, 1, 0, 2]),
 (12, [791, 102, 1, 0, 1, 1386, 1367, 0, 0, 2, 4, 0, 0, 2, 2]),
 (12, [835, 50, 0, 1, 1, 1533, 875, 0, 0, 1, 4, 0, 1, 2, 1]),
 (12, [1434, 62, 1, 1, 1, 1805, 1352, 1, 0, 2, 3, 0, 1, 0, 0]),
 (12, [1391, 87, 0, 1, 1, 1668, 519, 1, 0, 2, 1, 1, 1, 0, 2]),
 (12, [1191, 108, 1, 0, 1, 1460, 688, 0, 0, 2, 4, 1, 2, 0, 2]),
 (12, [1216, 40, 0, 0, 1, 1831, 1287, 0, 1, 1, 4, 0, 0, 0, 1]),
 (12, [1118, 26, 0, 1, 1, 1774, 1444, 1, 1, 2, 2, 0, 1, 0, 2]),
 (16, [1870, 12, 1, 1, 1, 1826, 1297, 1, 1, 0, 1, 1, 2, 1, 0]),
 (12, [835, 50, 0, 1, 1, 1533, 875, 0, 0, 1, 4, 0, 1, 2, 1]),
 (12, [1118, 26, 0, 1, 1, 1774, 1444, 1, 1, 2, 2, 0, 1, 0, 2]),
 (12, [835, 50, 0, 1, 1, 1533, 875, 0, 0, 1, 4, 0, 1, 2, 1]),
 (12, [1391, 87, 0, 1, 1, 1668, 519, 1, 0, 2, 1, 1, 1, 0, 2]),
 (12, [835, 50, 0, 1, 1, 1533, 875, 0, 0, 1, 4, 0, 1, 2, 1]),
 (12, [1391, 87, 0, 1, 1, 1668, 519, 1, 0, 2, 1, 1, 1, 0, 2]),
 (12, [1553, 64, 0, 1, 1, 1466, 929, 0, 1, 0, 3, 1, 2, 0, 0]),
 (12, [835, 50, 0, 1, 1, 1533, 875, 0, 0, 1, 4, 0, 1, 2, 1]),
 (12, [1191, 108, 1, 0, 1, 1460, 688, 0, 0, 2, 4, 1, 2, 0, 2]),
 (12, [1391, 87, 0, 1, 1, 1668, 519, 1, 0, 2, 1, 1, 1, 0, 2]),
 (12, [1216, 40, 0, 0, 1, 1831, 1287, 0, 1, 1, 4, 0, 0, 0, 1])]
population
[(999, [1744, 32, 1, 0, 1, 1858, 1957, 0, 1, 0, 5, 1, 1, 0, 0]),
 (999, [1560, 74, 0, 1, 0, 1719, 1539, 1, 0, 2, 5, 0, 0, 2, 1]),
 (999, [1313, 94, 1, 0, 1, 1791, 1816, 0, 1, 0, 5, 1, 2, 1, 1]),
 (999, [1006, 22, 1, 1, 1, 570, 1692, 0, 0, 3, 0, 0, 0, 2, 1]),
 (999, [982, 70, 0, 1, 1, 1519, 1433, 1, 0, 0, 5, 1, 2, 1, 2]),
 (999, [881, 85, 0, 0, 0, 1353, 651, 0, 0, 2, 5, 0, 1, 0, 2]),
 (999, [712, 37, 1, 0, 1, 1816, 1486, 1, 1, 2, 5, 0, 0, 0, 1]),
 (999, [677, 18, 0, 0, 0, 1537, 1180, 0, 1, 3, 4, 0, 1, 2, 0]),
 (33, [2031, 114, 0, 1, 0, 1820, 1579, 1, 1, 0, 0, 1, 0, 0, 0]),
 (33, [1889, 55, 1, 1, 0, 1417, 728, 0, 0, 0, 0, 1, 0, 1, 2]),
 (33, [1142, 99, 0, 0, 0, 1827, 1355, 0, 1, 0, 2, 1, 0, 0, 2]),
 (33, [823, 19, 0, 1, 0, 1411, 1716, 0, 0, 1, 3, 1, 2, 1, 0]),
 (17, [865, 100, 0, 0, 0, 544, 596, 1, 0, 2, 1, 0, 0, 2, 0]),
 (16, [1883, 61, 1, 0, 0, 1794, 897, 0, 1, 2, 3, 0, 2, 0, 1]),
 (16, [1870, 12, 1, 1, 1, 1826, 1297, 1, 1, 0, 1, 1, 2, 1, 0]),
 (16, [1129, 48, 1, 1, 1, 1541, 1950, 0, 0, 2, 2, 1, 2, 1, 1]),
 (16, [1025, 113, 0, 1, 0, 845, 1008, 1, 1, 0, 4, 1, 1, 1, 2]),
 (16, [956, 75, 1, 1, 0, 1744, 983, 0, 1, 2, 4, 1, 1, 0, 0]),
 (12, [1974, 10, 0, 1, 1, 1543, 760, 0, 0, 0, 2, 0, 0, 0, 0]),
 (12, [1966, 52, 1, 0, 1, 753, 1896, 0, 0, 1, 3, 1, 1, 1, 0]),
 (12, [1865, 106, 0, 1, 0, 1640, 1480, 0, 0, 0, 4, 0, 0, 1, 2]),
 (12, [1762, 15, 1, 0, 0, 1867, 804, 1, 0, 1, 4, 1, 2, 1, 1]),
 (12, [1732, 97, 1, 0, 0, 823, 1581, 1, 1, 1, 4, 1, 1, 2, 0]),
 (12, [1553, 64, 0, 1, 1, 1466, 929, 0, 1, 0, 3, 1, 2, 0, 0]),
 (12, [1523, 103, 0, 1, 1, 1028, 2036, 0, 1, 1, 0, 0, 1, 0, 1]),
 (12, [1434, 62, 1, 1, 1, 1805, 1352, 1, 0, 2, 3, 0, 1, 0, 0]),
 (12, [1391, 87, 0, 1, 1, 1668, 519, 1, 0, 2, 1, 1, 1, 0, 2]),
 (12, [1216, 40, 0, 0, 1, 1831, 1287, 0, 1, 1, 4, 0, 0, 0, 1]),
 (12, [1191, 108, 1, 0, 1, 1460, 688, 0, 0, 2, 4, 1, 2, 0, 2]),
 (12, [1118, 26, 0, 1, 1, 1774, 1444, 1, 1, 2, 2, 0, 1, 0, 2]),
 (12, [835, 50, 0, 1, 1, 1533, 875, 0, 0, 1, 4, 0, 1, 2, 1]),
 (12, [791, 102, 1, 0, 1, 1386, 1367, 0, 0, 2, 4, 0, 0, 2, 2])]
scored
[(12, [791, 102, 1, 0, 1, 1386, 1367, 0, 0, 2, 4, 0, 0, 2, 2]),
 (12, [835, 50, 0, 1, 1, 1533, 875, 0, 0, 1, 4, 0, 1, 2, 1]),
 (12, [1118, 26, 0, 1, 1, 1774, 1444, 1, 1, 2, 2, 0, 1, 0, 2]),
 (12, [1191, 108, 1, 0, 1, 1460, 688, 0, 0, 2, 4, 1, 2, 0, 2]),
 (12, [1216, 40, 0, 0, 1, 1831, 1287, 0, 1, 1, 4, 0, 0, 0, 1]),
 (12, [1391, 87, 0, 1, 1, 1668, 519, 1, 0, 2, 1, 1, 1, 0, 2]),
 (12, [1434, 62, 1, 1, 1, 1805, 1352, 1, 0, 2, 3, 0, 1, 0, 0]),
 (12, [1523, 103, 0, 1, 1, 1028, 2036, 0, 1, 1, 0, 0, 1, 0, 1]),
 (12, [1553, 64, 0, 1, 1, 1466, 929, 0, 1, 0, 3, 1, 2, 0, 0]),
 (12, [1732, 97, 1, 0, 0, 823, 1581, 1, 1, 1, 4, 1, 1, 2, 0]),
 (12, [1762, 15, 1, 0, 0, 1867, 804, 1, 0, 1, 4, 1, 2, 1, 1]),
 (12, [1865, 106, 0, 1, 0, 1640, 1480, 0, 0, 0, 4, 0, 0, 1, 2]),
 (12, [1966, 52, 1, 0, 1, 753, 1896, 0, 0, 1, 3, 1, 1, 1, 0]),
 (12, [1974, 10, 0, 1, 1, 1543, 760, 0, 0, 0, 2, 0, 0, 0, 0]),
 (16, [956, 75, 1, 1, 0, 1744, 983, 0, 1, 2, 4, 1, 1, 0, 0]),
 (16, [1025, 113, 0, 1, 0, 845, 1008, 1, 1, 0, 4, 1, 1, 1, 2]),
 (16, [1129, 48, 1, 1, 1, 1541, 1950, 0, 0, 2, 2, 1, 2, 1, 1]),
 (16, [1870, 12, 1, 1, 1, 1826, 1297, 1, 1, 0, 1, 1, 2, 1, 0]),
 (16, [1883, 61, 1, 0, 0, 1794, 897, 0, 1, 2, 3, 0, 2, 0, 1]),
 (17, [865, 100, 0, 0, 0, 544, 596, 1, 0, 2, 1, 0, 0, 2, 0]),
 (33, [823, 19, 0, 1, 0, 1411, 1716, 0, 0, 1, 3, 1, 2, 1, 0]),
 (33, [1142, 99, 0, 0, 0, 1827, 1355, 0, 1, 0, 2, 1, 0, 0, 2]),
 (33, [1889, 55, 1, 1, 0, 1417, 728, 0, 0, 0, 0, 1, 0, 1, 2]),
 (33, [2031, 114, 0, 1, 0, 1820, 1579, 1, 1, 0, 0, 1, 0, 0, 0]),
 (999, [677, 18, 0, 0, 0, 1537, 1180, 0, 1, 3, 4, 0, 1, 2, 0]),
 (999, [712, 37, 1, 0, 1, 1816, 1486, 1, 1, 2, 5, 0, 0, 0, 1]),
 (999, [881, 85, 0, 0, 0, 1353, 651, 0, 0, 2, 5, 0, 1, 0, 2]),
 (999, [982, 70, 0, 1, 1, 1519, 1433, 1, 0, 0, 5, 1, 2, 1, 2]),
 (999, [1006, 22, 1, 1, 1, 570, 1692, 0, 0, 3, 0, 0, 0, 2, 1]),
 (999, [1313, 94, 1, 0, 1, 1791, 1816, 0, 1, 0, 5, 1, 2, 1, 1]),
 (999, [1560, 74, 0, 1, 0, 1719, 1539, 1, 0, 2, 5, 0, 0, 2, 1]),
 (999, [1744, 32, 1, 0, 1, 1858, 1957, 0, 1, 0, 5, 1, 1, 0, 0])]
Selected
[(12, [835, 50, 0, 1, 1, 1533, 875, 0, 0, 1, 4, 0, 1, 2, 1]),
 (12, [1732, 97, 1, 0, 0, 823, 1581, 1, 1, 1, 4, 1, 1, 2, 0]),
 (12, [835, 50, 0, 1, 1, 1533, 875, 0, 0, 1, 4, 0, 1, 2, 1]),
 (12, [1762, 15, 1, 0, 0, 1867, 804, 1, 0, 1, 4, 1, 2, 1, 1]),
 (12, [1216, 40, 0, 0, 1, 1831, 1287, 0, 1, 1, 4, 0, 0, 0, 1]),
 (12, [835, 50, 0, 1, 1, 1533, 875, 0, 0, 1, 4, 0, 1, 2, 1]),
 (12, [791, 102, 1, 0, 1, 1386, 1367, 0, 0, 2, 4, 0, 0, 2, 2]),
 (12, [1191, 108, 1, 0, 1, 1460, 688, 0, 0, 2, 4, 1, 2, 0, 2]),
 (12, [1762, 15, 1, 0, 0, 1867, 804, 1, 0, 1, 4, 1, 2, 1, 1]),
 (12, [835, 50, 0, 1, 1, 1533, 875, 0, 0, 1, 4, 0, 1, 2, 1]),
 (12, [1762, 15, 1, 0, 0, 1867, 804, 1, 0, 1, 4, 1, 2, 1, 1]),
 (12, [1553, 64, 0, 1, 1, 1466, 929, 0, 1, 0, 3, 1, 2, 0, 0]),
 (16, [1870, 12, 1, 1, 1, 1826, 1297, 1, 1, 0, 1, 1, 2, 1, 0]),
 (12, [1118, 26, 0, 1, 1, 1774, 1444, 1, 1, 2, 2, 0, 1, 0, 2]),
 (16, [1129, 48, 1, 1, 1, 1541, 1950, 0, 0, 2, 2, 1, 2, 1, 1]),
 (12, [835, 50, 0, 1, 1, 1533, 875, 0, 0, 1, 4, 0, 1, 2, 1]),
 (12, [1191, 108, 1, 0, 1, 1460, 688, 0, 0, 2, 4, 1, 2, 0, 2]),
 (12, [1966, 52, 1, 0, 1, 753, 1896, 0, 0, 1, 3, 1, 1, 1, 0]),
 (12, [1118, 26, 0, 1, 1, 1774, 1444, 1, 1, 2, 2, 0, 1, 0, 2]),
 (12, [1118, 26, 0, 1, 1, 1774, 1444, 1, 1, 2, 2, 0, 1, 0, 2]),
 (12, [1118, 26, 0, 1, 1, 1774, 1444, 1, 1, 2, 2, 0, 1, 0, 2]),
 (12, [1118, 26, 0, 1, 1, 1774, 1444, 1, 1, 2, 2, 0, 1, 0, 2]),
 (12, [1118, 26, 0, 1, 1, 1774, 1444, 1, 1, 2, 2, 0, 1, 0, 2]),
 (12, [1191, 108, 1, 0, 1, 1460, 688, 0, 0, 2, 4, 1, 2, 0, 2]),
 (12, [835, 50, 0, 1, 1, 1533, 875, 0, 0, 1, 4, 0, 1, 2, 1]),
 (16, [1129, 48, 1, 1, 1, 1541, 1950, 0, 0, 2, 2, 1, 2, 1, 1]),
 (12, [1391, 87, 0, 1, 1, 1668, 519, 1, 0, 2, 1, 1, 1, 0, 2])]
population
[(999, [1744, 32, 1, 0, 1, 1858, 1957, 0, 1, 0, 5, 1, 1, 0, 0]),
 (999, [1560, 74, 0, 1, 0, 1719, 1539, 1, 0, 2, 5, 0, 0, 2, 1]),
 (999, [1313, 94, 1, 0, 1, 1791, 1816, 0, 1, 0, 5, 1, 2, 1, 1]),
 (999, [1006, 22, 1, 1, 1, 570, 1692, 0, 0, 3, 0, 0, 0, 2, 1]),
 (999, [982, 70, 0, 1, 1, 1519, 1433, 1, 0, 0, 5, 1, 2, 1, 2]),
 (999, [881, 85, 0, 0, 0, 1353, 651, 0, 0, 2, 5, 0, 1, 0, 2]),
 (999, [712, 37, 1, 0, 1, 1816, 1486, 1, 1, 2, 5, 0, 0, 0, 1]),
 (999, [677, 18, 0, 0, 0, 1537, 1180, 0, 1, 3, 4, 0, 1, 2, 0]),
 (33, [2031, 114, 0, 1, 0, 1820, 1579, 1, 1, 0, 0, 1, 0, 0, 0]),
 (33, [1889, 55, 1, 1, 0, 1417, 728, 0, 0, 0, 0, 1, 0, 1, 2]),
 (33, [1142, 99, 0, 0, 0, 1827, 1355, 0, 1, 0, 2, 1, 0, 0, 2]),
 (33, [823, 19, 0, 1, 0, 1411, 1716, 0, 0, 1, 3, 1, 2, 1, 0]),
 (17, [865, 100, 0, 0, 0, 544, 596, 1, 0, 2, 1, 0, 0, 2, 0]),
 (16, [1883, 61, 1, 0, 0, 1794, 897, 0, 1, 2, 3, 0, 2, 0, 1]),
 (16, [1870, 12, 1, 1, 1, 1826, 1297, 1, 1, 0, 1, 1, 2, 1, 0]),
 (16, [1129, 48, 1, 1, 1, 1541, 1950, 0, 0, 2, 2, 1, 2, 1, 1]),
 (16, [1025, 113, 0, 1, 0, 845, 1008, 1, 1, 0, 4, 1, 1, 1, 2]),
 (16, [956, 75, 1, 1, 0, 1744, 983, 0, 1, 2, 4, 1, 1, 0, 0]),
 (12, [1974, 10, 0, 1, 1, 1543, 760, 0, 0, 0, 2, 0, 0, 0, 0]),
 (12, [1966, 52, 1, 0, 1, 753, 1896, 0, 0, 1, 3, 1, 1, 1, 0]),
 (12, [1865, 106, 0, 1, 0, 1640, 1480, 0, 0, 0, 4, 0, 0, 1, 2]),
 (12, [1762, 15, 1, 0, 0, 1867, 804, 1, 0, 1, 4, 1, 2, 1, 1]),
 (12, [1732, 97, 1, 0, 0, 823, 1581, 1, 1, 1, 4, 1, 1, 2, 0]),
 (12, [1553, 64, 0, 1, 1, 1466, 929, 0, 1, 0, 3, 1, 2, 0, 0]),
 (12, [1523, 103, 0, 1, 1, 1028, 2036, 0, 1, 1, 0, 0, 1, 0, 1]),
 (12, [1434, 62, 1, 1, 1, 1805, 1352, 1, 0, 2, 3, 0, 1, 0, 0]),
 (12, [1391, 87, 0, 1, 1, 1668, 519, 1, 0, 2, 1, 1, 1, 0, 2]),
 (12, [1216, 40, 0, 0, 1, 1831, 1287, 0, 1, 1, 4, 0, 0, 0, 1]),
 (12, [1191, 108, 1, 0, 1, 1460, 688, 0, 0, 2, 4, 1, 2, 0, 2]),
 (12, [1118, 26, 0, 1, 1, 1774, 1444, 1, 1, 2, 2, 0, 1, 0, 2]),
 (12, [835, 50, 0, 1, 1, 1533, 875, 0, 0, 1, 4, 0, 1, 2, 1]),
 (12, [791, 102, 1, 0, 1, 1386, 1367, 0, 0, 2, 4, 0, 0, 2, 2])]
scored
[(12, [791, 102, 1, 0, 1, 1386, 1367, 0, 0, 2, 4, 0, 0, 2, 2]),
 (12, [835, 50, 0, 1, 1, 1533, 875, 0, 0, 1, 4, 0, 1, 2, 1]),
 (12, [1118, 26, 0, 1, 1, 1774, 1444, 1, 1, 2, 2, 0, 1, 0, 2]),
 (12, [1191, 108, 1, 0, 1, 1460, 688, 0, 0, 2, 4, 1, 2, 0, 2]),
 (12, [1216, 40, 0, 0, 1, 1831, 1287, 0, 1, 1, 4, 0, 0, 0, 1]),
 (12, [1391, 87, 0, 1, 1, 1668, 519, 1, 0, 2, 1, 1, 1, 0, 2]),
 (12, [1434, 62, 1, 1, 1, 1805, 1352, 1, 0, 2, 3, 0, 1, 0, 0]),
 (12, [1523, 103, 0, 1, 1, 1028, 2036, 0, 1, 1, 0, 0, 1, 0, 1]),
 (12, [1553, 64, 0, 1, 1, 1466, 929, 0, 1, 0, 3, 1, 2, 0, 0]),
 (12, [1732, 97, 1, 0, 0, 823, 1581, 1, 1, 1, 4, 1, 1, 2, 0]),
 (12, [1762, 15, 1, 0, 0, 1867, 804, 1, 0, 1, 4, 1, 2, 1, 1]),
 (12, [1865, 106, 0, 1, 0, 1640, 1480, 0, 0, 0, 4, 0, 0, 1, 2]),
 (12, [1966, 52, 1, 0, 1, 753, 1896, 0, 0, 1, 3, 1, 1, 1, 0]),
 (12, [1974, 10, 0, 1, 1, 1543, 760, 0, 0, 0, 2, 0, 0, 0, 0]),
 (16, [956, 75, 1, 1, 0, 1744, 983, 0, 1, 2, 4, 1, 1, 0, 0]),
 (16, [1025, 113, 0, 1, 0, 845, 1008, 1, 1, 0, 4, 1, 1, 1, 2]),
 (16, [1129, 48, 1, 1, 1, 1541, 1950, 0, 0, 2, 2, 1, 2, 1, 1]),
 (16, [1870, 12, 1, 1, 1, 1826, 1297, 1, 1, 0, 1, 1, 2, 1, 0]),
 (16, [1883, 61, 1, 0, 0, 1794, 897, 0, 1, 2, 3, 0, 2, 0, 1]),
 (17, [865, 100, 0, 0, 0, 544, 596, 1, 0, 2, 1, 0, 0, 2, 0]),
 (33, [823, 19, 0, 1, 0, 1411, 1716, 0, 0, 1, 3, 1, 2, 1, 0]),
 (33, [1142, 99, 0, 0, 0, 1827, 1355, 0, 1, 0, 2, 1, 0, 0, 2]),
 (33, [1889, 55, 1, 1, 0, 1417, 728, 0, 0, 0, 0, 1, 0, 1, 2]),
 (33, [2031, 114, 0, 1, 0, 1820, 1579, 1, 1, 0, 0, 1, 0, 0, 0]),
 (999, [677, 18, 0, 0, 0, 1537, 1180, 0, 1, 3, 4, 0, 1, 2, 0]),
 (999, [712, 37, 1, 0, 1, 1816, 1486, 1, 1, 2, 5, 0, 0, 0, 1]),
 (999, [881, 85, 0, 0, 0, 1353, 651, 0, 0, 2, 5, 0, 1, 0, 2]),
 (999, [982, 70, 0, 1, 1, 1519, 1433, 1, 0, 0, 5, 1, 2, 1, 2]),
 (999, [1006, 22, 1, 1, 1, 570, 1692, 0, 0, 3, 0, 0, 0, 2, 1]),
 (999, [1313, 94, 1, 0, 1, 1791, 1816, 0, 1, 0, 5, 1, 2, 1, 1]),
 (999, [1560, 74, 0, 1, 0, 1719, 1539, 1, 0, 2, 5, 0, 0, 2, 1]),
 (999, [1744, 32, 1, 0, 1, 1858, 1957, 0, 1, 0, 5, 1, 1, 0, 0])]
Selected
[(12, [1118, 26, 0, 1, 1, 1774, 1444, 1, 1, 2, 2, 0, 1, 0, 2]),
 (12, [1865, 106, 0, 1, 0, 1640, 1480, 0, 0, 0, 4, 0, 0, 1, 2]),
 (12, [1216, 40, 0, 0, 1, 1831, 1287, 0, 1, 1, 4, 0, 0, 0, 1]),
 (12, [1762, 15, 1, 0, 0, 1867, 804, 1, 0, 1, 4, 1, 2, 1, 1]),
 (12, [1391, 87, 0, 1, 1, 1668, 519, 1, 0, 2, 1, 1, 1, 0, 2]),
 (12, [1974, 10, 0, 1, 1, 1543, 760, 0, 0, 0, 2, 0, 0, 0, 0]),
 (12, [791, 102, 1, 0, 1, 1386, 1367, 0, 0, 2, 4, 0, 0, 2, 2]),
 (12, [791, 102, 1, 0, 1, 1386, 1367, 0, 0, 2, 4, 0, 0, 2, 2]),
 (12, [1118, 26, 0, 1, 1, 1774, 1444, 1, 1, 2, 2, 0, 1, 0, 2]),
 (12, [791, 102, 1, 0, 1, 1386, 1367, 0, 0, 2, 4, 0, 0, 2, 2]),
 (12, [1434, 62, 1, 1, 1, 1805, 1352, 1, 0, 2, 3, 0, 1, 0, 0]),
 (12, [1966, 52, 1, 0, 1, 753, 1896, 0, 0, 1, 3, 1, 1, 1, 0]),
 (12, [1118, 26, 0, 1, 1, 1774, 1444, 1, 1, 2, 2, 0, 1, 0, 2]),
 (12, [1216, 40, 0, 0, 1, 1831, 1287, 0, 1, 1, 4, 0, 0, 0, 1]),
 (12, [1216, 40, 0, 0, 1, 1831, 1287, 0, 1, 1, 4, 0, 0, 0, 1]),
 (12, [791, 102, 1, 0, 1, 1386, 1367, 0, 0, 2, 4, 0, 0, 2, 2]),
 (12, [1966, 52, 1, 0, 1, 753, 1896, 0, 0, 1, 3, 1, 1, 1, 0]),
 (12, [1191, 108, 1, 0, 1, 1460, 688, 0, 0, 2, 4, 1, 2, 0, 2]),
 (12, [1216, 40, 0, 0, 1, 1831, 1287, 0, 1, 1, 4, 0, 0, 0, 1]),
 (12, [1762, 15, 1, 0, 0, 1867, 804, 1, 0, 1, 4, 1, 2, 1, 1]),
 (12, [1762, 15, 1, 0, 0, 1867, 804, 1, 0, 1, 4, 1, 2, 1, 1]),
 (12, [1191, 108, 1, 0, 1, 1460, 688, 0, 0, 2, 4, 1, 2, 0, 2]),
 (12, [1434, 62, 1, 1, 1, 1805, 1352, 1, 0, 2, 3, 0, 1, 0, 0]),
 (12, [1553, 64, 0, 1, 1, 1466, 929, 0, 1, 0, 3, 1, 2, 0, 0]),
 (12, [1865, 106, 0, 1, 0, 1640, 1480, 0, 0, 0, 4, 0, 0, 1, 2]),
 (12, [791, 102, 1, 0, 1, 1386, 1367, 0, 0, 2, 4, 0, 0, 2, 2]),
 (12, [1732, 97, 1, 0, 0, 823, 1581, 1, 1, 1, 4, 1, 1, 2, 0])]
population
[(999, [1744, 32, 1, 0, 1, 1858, 1957, 0, 1, 0, 5, 1, 1, 0, 0]),
 (999, [1560, 74, 0, 1, 0, 1719, 1539, 1, 0, 2, 5, 0, 0, 2, 1]),
 (999, [1313, 94, 1, 0, 1, 1791, 1816, 0, 1, 0, 5, 1, 2, 1, 1]),
 (999, [1006, 22, 1, 1, 1, 570, 1692, 0, 0, 3, 0, 0, 0, 2, 1]),
 (999, [982, 70, 0, 1, 1, 1519, 1433, 1, 0, 0, 5, 1, 2, 1, 2]),
 (999, [881, 85, 0, 0, 0, 1353, 651, 0, 0, 2, 5, 0, 1, 0, 2]),
 (999, [712, 37, 1, 0, 1, 1816, 1486, 1, 1, 2, 5, 0, 0, 0, 1]),
 (999, [677, 18, 0, 0, 0, 1537, 1180, 0, 1, 3, 4, 0, 1, 2, 0]),
 (33, [2031, 114, 0, 1, 0, 1820, 1579, 1, 1, 0, 0, 1, 0, 0, 0]),
 (33, [1889, 55, 1, 1, 0, 1417, 728, 0, 0, 0, 0, 1, 0, 1, 2]),
 (33, [1142, 99, 0, 0, 0, 1827, 1355, 0, 1, 0, 2, 1, 0, 0, 2]),
 (33, [823, 19, 0, 1, 0, 1411, 1716, 0, 0, 1, 3, 1, 2, 1, 0]),
 (17, [865, 100, 0, 0, 0, 544, 596, 1, 0, 2, 1, 0, 0, 2, 0]),
 (16, [1883, 61, 1, 0, 0, 1794, 897, 0, 1, 2, 3, 0, 2, 0, 1]),
 (16, [1870, 12, 1, 1, 1, 1826, 1297, 1, 1, 0, 1, 1, 2, 1, 0]),
 (16, [1129, 48, 1, 1, 1, 1541, 1950, 0, 0, 2, 2, 1, 2, 1, 1]),
 (16, [1025, 113, 0, 1, 0, 845, 1008, 1, 1, 0, 4, 1, 1, 1, 2]),
 (16, [956, 75, 1, 1, 0, 1744, 983, 0, 1, 2, 4, 1, 1, 0, 0]),
 (12, [1974, 10, 0, 1, 1, 1543, 760, 0, 0, 0, 2, 0, 0, 0, 0]),
 (12, [1966, 52, 1, 0, 1, 753, 1896, 0, 0, 1, 3, 1, 1, 1, 0]),
 (12, [1865, 106, 0, 1, 0, 1640, 1480, 0, 0, 0, 4, 0, 0, 1, 2]),
 (12, [1762, 15, 1, 0, 0, 1867, 804, 1, 0, 1, 4, 1, 2, 1, 1]),
 (12, [1732, 97, 1, 0, 0, 823, 1581, 1, 1, 1, 4, 1, 1, 2, 0]),
 (12, [1553, 64, 0, 1, 1, 1466, 929, 0, 1, 0, 3, 1, 2, 0, 0]),
 (12, [1523, 103, 0, 1, 1, 1028, 2036, 0, 1, 1, 0, 0, 1, 0, 1]),
 (12, [1434, 62, 1, 1, 1, 1805, 1352, 1, 0, 2, 3, 0, 1, 0, 0]),
 (12, [1391, 87, 0, 1, 1, 1668, 519, 1, 0, 2, 1, 1, 1, 0, 2]),
 (12, [1216, 40, 0, 0, 1, 1831, 1287, 0, 1, 1, 4, 0, 0, 0, 1]),
 (12, [1191, 108, 1, 0, 1, 1460, 688, 0, 0, 2, 4, 1, 2, 0, 2]),
 (12, [1118, 26, 0, 1, 1, 1774, 1444, 1, 1, 2, 2, 0, 1, 0, 2]),
 (12, [835, 50, 0, 1, 1, 1533, 875, 0, 0, 1, 4, 0, 1, 2, 1]),
 (12, [791, 102, 1, 0, 1, 1386, 1367, 0, 0, 2, 4, 0, 0, 2, 2])]
scored
[(12, [791, 102, 1, 0, 1, 1386, 1367, 0, 0, 2, 4, 0, 0, 2, 2]),
 (12, [835, 50, 0, 1, 1, 1533, 875, 0, 0, 1, 4, 0, 1, 2, 1]),
 (12, [1118, 26, 0, 1, 1, 1774, 1444, 1, 1, 2, 2, 0, 1, 0, 2]),
 (12, [1191, 108, 1, 0, 1, 1460, 688, 0, 0, 2, 4, 1, 2, 0, 2]),
 (12, [1216, 40, 0, 0, 1, 1831, 1287, 0, 1, 1, 4, 0, 0, 0, 1]),
 (12, [1391, 87, 0, 1, 1, 1668, 519, 1, 0, 2, 1, 1, 1, 0, 2]),
 (12, [1434, 62, 1, 1, 1, 1805, 1352, 1, 0, 2, 3, 0, 1, 0, 0]),
 (12, [1523, 103, 0, 1, 1, 1028, 2036, 0, 1, 1, 0, 0, 1, 0, 1]),
 (12, [1553, 64, 0, 1, 1, 1466, 929, 0, 1, 0, 3, 1, 2, 0, 0]),
 (12, [1732, 97, 1, 0, 0, 823, 1581, 1, 1, 1, 4, 1, 1, 2, 0]),
 (12, [1762, 15, 1, 0, 0, 1867, 804, 1, 0, 1, 4, 1, 2, 1, 1]),
 (12, [1865, 106, 0, 1, 0, 1640, 1480, 0, 0, 0, 4, 0, 0, 1, 2]),
 (12, [1966, 52, 1, 0, 1, 753, 1896, 0, 0, 1, 3, 1, 1, 1, 0]),
 (12, [1974, 10, 0, 1, 1, 1543, 760, 0, 0, 0, 2, 0, 0, 0, 0]),
 (16, [956, 75, 1, 1, 0, 1744, 983, 0, 1, 2, 4, 1, 1, 0, 0]),
 (16, [1025, 113, 0, 1, 0, 845, 1008, 1, 1, 0, 4, 1, 1, 1, 2]),
 (16, [1129, 48, 1, 1, 1, 1541, 1950, 0, 0, 2, 2, 1, 2, 1, 1]),
 (16, [1870, 12, 1, 1, 1, 1826, 1297, 1, 1, 0, 1, 1, 2, 1, 0]),
 (16, [1883, 61, 1, 0, 0, 1794, 897, 0, 1, 2, 3, 0, 2, 0, 1]),
 (17, [865, 100, 0, 0, 0, 544, 596, 1, 0, 2, 1, 0, 0, 2, 0]),
 (33, [823, 19, 0, 1, 0, 1411, 1716, 0, 0, 1, 3, 1, 2, 1, 0]),
 (33, [1142, 99, 0, 0, 0, 1827, 1355, 0, 1, 0, 2, 1, 0, 0, 2]),
 (33, [1889, 55, 1, 1, 0, 1417, 728, 0, 0, 0, 0, 1, 0, 1, 2]),
 (33, [2031, 114, 0, 1, 0, 1820, 1579, 1, 1, 0, 0, 1, 0, 0, 0]),
 (999, [677, 18, 0, 0, 0, 1537, 1180, 0, 1, 3, 4, 0, 1, 2, 0]),
 (999, [712, 37, 1, 0, 1, 1816, 1486, 1, 1, 2, 5, 0, 0, 0, 1]),
 (999, [881, 85, 0, 0, 0, 1353, 651, 0, 0, 2, 5, 0, 1, 0, 2]),
 (999, [982, 70, 0, 1, 1, 1519, 1433, 1, 0, 0, 5, 1, 2, 1, 2]),
 (999, [1006, 22, 1, 1, 1, 570, 1692, 0, 0, 3, 0, 0, 0, 2, 1]),
 (999, [1313, 94, 1, 0, 1, 1791, 1816, 0, 1, 0, 5, 1, 2, 1, 1]),
 (999, [1560, 74, 0, 1, 0, 1719, 1539, 1, 0, 2, 5, 0, 0, 2, 1]),
 (999, [1744, 32, 1, 0, 1, 1858, 1957, 0, 1, 0, 5, 1, 1, 0, 0])]
Selected
[(16, [1870, 12, 1, 1, 1, 1826, 1297, 1, 1, 0, 1, 1, 2, 1, 0]),
 (12, [791, 102, 1, 0, 1, 1386, 1367, 0, 0, 2, 4, 0, 0, 2, 2]),
 (12, [1762, 15, 1, 0, 0, 1867, 804, 1, 0, 1, 4, 1, 2, 1, 1]),
 (12, [1391, 87, 0, 1, 1, 1668, 519, 1, 0, 2, 1, 1, 1, 0, 2]),
 (12, [1118, 26, 0, 1, 1, 1774, 1444, 1, 1, 2, 2, 0, 1, 0, 2]),
 (12, [1553, 64, 0, 1, 1, 1466, 929, 0, 1, 0, 3, 1, 2, 0, 0]),
 (12, [1434, 62, 1, 1, 1, 1805, 1352, 1, 0, 2, 3, 0, 1, 0, 0]),
 (12, [1391, 87, 0, 1, 1, 1668, 519, 1, 0, 2, 1, 1, 1, 0, 2]),
 (12, [1966, 52, 1, 0, 1, 753, 1896, 0, 0, 1, 3, 1, 1, 1, 0]),
 (12, [1391, 87, 0, 1, 1, 1668, 519, 1, 0, 2, 1, 1, 1, 0, 2]),
 (12, [1118, 26, 0, 1, 1, 1774, 1444, 1, 1, 2, 2, 0, 1, 0, 2]),
 (12, [1553, 64, 0, 1, 1, 1466, 929, 0, 1, 0, 3, 1, 2, 0, 0]),
 (12, [1762, 15, 1, 0, 0, 1867, 804, 1, 0, 1, 4, 1, 2, 1, 1]),
 (12, [1732, 97, 1, 0, 0, 823, 1581, 1, 1, 1, 4, 1, 1, 2, 0]),
 (12, [1391, 87, 0, 1, 1, 1668, 519, 1, 0, 2, 1, 1, 1, 0, 2]),
 (12, [835, 50, 0, 1, 1, 1533, 875, 0, 0, 1, 4, 0, 1, 2, 1]),
 (12, [791, 102, 1, 0, 1, 1386, 1367, 0, 0, 2, 4, 0, 0, 2, 2]),
 (12, [1191, 108, 1, 0, 1, 1460, 688, 0, 0, 2, 4, 1, 2, 0, 2]),
 (12, [1191, 108, 1, 0, 1, 1460, 688, 0, 0, 2, 4, 1, 2, 0, 2]),
 (12, [791, 102, 1, 0, 1, 1386, 1367, 0, 0, 2, 4, 0, 0, 2, 2]),
 (12, [1553, 64, 0, 1, 1, 1466, 929, 0, 1, 0, 3, 1, 2, 0, 0]),
 (12, [835, 50, 0, 1, 1, 1533, 875, 0, 0, 1, 4, 0, 1, 2, 1]),
 (12, [1523, 103, 0, 1, 1, 1028, 2036, 0, 1, 1, 0, 0, 1, 0, 1]),
 (12, [835, 50, 0, 1, 1, 1533, 875, 0, 0, 1, 4, 0, 1, 2, 1]),
 (12, [1216, 40, 0, 0, 1, 1831, 1287, 0, 1, 1, 4, 0, 0, 0, 1]),
 (12, [791, 102, 1, 0, 1, 1386, 1367, 0, 0, 2, 4, 0, 0, 2, 2]),
 (12, [791, 102, 1, 0, 1, 1386, 1367, 0, 0, 2, 4, 0, 0, 2, 2])]
population
[(999, [1744, 32, 1, 0, 1, 1858, 1957, 0, 1, 0, 5, 1, 1, 0, 0]),
 (999, [1560, 74, 0, 1, 0, 1719, 1539, 1, 0, 2, 5, 0, 0, 2, 1]),
 (999, [1313, 94, 1, 0, 1, 1791, 1816, 0, 1, 0, 5, 1, 2, 1, 1]),
 (999, [1006, 22, 1, 1, 1, 570, 1692, 0, 0, 3, 0, 0, 0, 2, 1]),
 (999, [982, 70, 0, 1, 1, 1519, 1433, 1, 0, 0, 5, 1, 2, 1, 2]),
 (999, [881, 85, 0, 0, 0, 1353, 651, 0, 0, 2, 5, 0, 1, 0, 2]),
 (999, [712, 37, 1, 0, 1, 1816, 1486, 1, 1, 2, 5, 0, 0, 0, 1]),
 (999, [677, 18, 0, 0, 0, 1537, 1180, 0, 1, 3, 4, 0, 1, 2, 0]),
 (33, [2031, 114, 0, 1, 0, 1820, 1579, 1, 1, 0, 0, 1, 0, 0, 0]),
 (33, [1889, 55, 1, 1, 0, 1417, 728, 0, 0, 0, 0, 1, 0, 1, 2]),
 (33, [1142, 99, 0, 0, 0, 1827, 1355, 0, 1, 0, 2, 1, 0, 0, 2]),
 (33, [823, 19, 0, 1, 0, 1411, 1716, 0, 0, 1, 3, 1, 2, 1, 0]),
 (17, [865, 100, 0, 0, 0, 544, 596, 1, 0, 2, 1, 0, 0, 2, 0]),
 (16, [1883, 61, 1, 0, 0, 1794, 897, 0, 1, 2, 3, 0, 2, 0, 1]),
 (16, [1870, 12, 1, 1, 1, 1826, 1297, 1, 1, 0, 1, 1, 2, 1, 0]),
 (16, [1129, 48, 1, 1, 1, 1541, 1950, 0, 0, 2, 2, 1, 2, 1, 1]),
 (16, [1025, 113, 0, 1, 0, 845, 1008, 1, 1, 0, 4, 1, 1, 1, 2]),
 (16, [956, 75, 1, 1, 0, 1744, 983, 0, 1, 2, 4, 1, 1, 0, 0]),
 (12, [1974, 10, 0, 1, 1, 1543, 760, 0, 0, 0, 2, 0, 0, 0, 0]),
 (12, [1966, 52, 1, 0, 1, 753, 1896, 0, 0, 1, 3, 1, 1, 1, 0]),
 (12, [1865, 106, 0, 1, 0, 1640, 1480, 0, 0, 0, 4, 0, 0, 1, 2]),
 (12, [1762, 15, 1, 0, 0, 1867, 804, 1, 0, 1, 4, 1, 2, 1, 1]),
 (12, [1732, 97, 1, 0, 0, 823, 1581, 1, 1, 1, 4, 1, 1, 2, 0]),
 (12, [1553, 64, 0, 1, 1, 1466, 929, 0, 1, 0, 3, 1, 2, 0, 0]),
 (12, [1523, 103, 0, 1, 1, 1028, 2036, 0, 1, 1, 0, 0, 1, 0, 1]),
 (12, [1434, 62, 1, 1, 1, 1805, 1352, 1, 0, 2, 3, 0, 1, 0, 0]),
 (12, [1391, 87, 0, 1, 1, 1668, 519, 1, 0, 2, 1, 1, 1, 0, 2]),
 (12, [1216, 40, 0, 0, 1, 1831, 1287, 0, 1, 1, 4, 0, 0, 0, 1]),
 (12, [1191, 108, 1, 0, 1, 1460, 688, 0, 0, 2, 4, 1, 2, 0, 2]),
 (12, [1118, 26, 0, 1, 1, 1774, 1444, 1, 1, 2, 2, 0, 1, 0, 2]),
 (12, [835, 50, 0, 1, 1, 1533, 875, 0, 0, 1, 4, 0, 1, 2, 1]),
 (12, [791, 102, 1, 0, 1, 1386, 1367, 0, 0, 2, 4, 0, 0, 2, 2])]
scored
[(12, [791, 102, 1, 0, 1, 1386, 1367, 0, 0, 2, 4, 0, 0, 2, 2]),
 (12, [835, 50, 0, 1, 1, 1533, 875, 0, 0, 1, 4, 0, 1, 2, 1]),
 (12, [1118, 26, 0, 1, 1, 1774, 1444, 1, 1, 2, 2, 0, 1, 0, 2]),
 (12, [1191, 108, 1, 0, 1, 1460, 688, 0, 0, 2, 4, 1, 2, 0, 2]),
 (12, [1216, 40, 0, 0, 1, 1831, 1287, 0, 1, 1, 4, 0, 0, 0, 1]),
 (12, [1391, 87, 0, 1, 1, 1668, 519, 1, 0, 2, 1, 1, 1, 0, 2]),
 (12, [1434, 62, 1, 1, 1, 1805, 1352, 1, 0, 2, 3, 0, 1, 0, 0]),
 (12, [1523, 103, 0, 1, 1, 1028, 2036, 0, 1, 1, 0, 0, 1, 0, 1]),
 (12, [1553, 64, 0, 1, 1, 1466, 929, 0, 1, 0, 3, 1, 2, 0, 0]),
 (12, [1732, 97, 1, 0, 0, 823, 1581, 1, 1, 1, 4, 1, 1, 2, 0]),
 (12, [1762, 15, 1, 0, 0, 1867, 804, 1, 0, 1, 4, 1, 2, 1, 1]),
 (12, [1865, 106, 0, 1, 0, 1640, 1480, 0, 0, 0, 4, 0, 0, 1, 2]),
 (12, [1966, 52, 1, 0, 1, 753, 1896, 0, 0, 1, 3, 1, 1, 1, 0]),
 (12, [1974, 10, 0, 1, 1, 1543, 760, 0, 0, 0, 2, 0, 0, 0, 0]),
 (16, [956, 75, 1, 1, 0, 1744, 983, 0, 1, 2, 4, 1, 1, 0, 0]),
 (16, [1025, 113, 0, 1, 0, 845, 1008, 1, 1, 0, 4, 1, 1, 1, 2]),
 (16, [1129, 48, 1, 1, 1, 1541, 1950, 0, 0, 2, 2, 1, 2, 1, 1]),
 (16, [1870, 12, 1, 1, 1, 1826, 1297, 1, 1, 0, 1, 1, 2, 1, 0]),
 (16, [1883, 61, 1, 0, 0, 1794, 897, 0, 1, 2, 3, 0, 2, 0, 1]),
 (17, [865, 100, 0, 0, 0, 544, 596, 1, 0, 2, 1, 0, 0, 2, 0]),
 (33, [823, 19, 0, 1, 0, 1411, 1716, 0, 0, 1, 3, 1, 2, 1, 0]),
 (33, [1142, 99, 0, 0, 0, 1827, 1355, 0, 1, 0, 2, 1, 0, 0, 2]),
 (33, [1889, 55, 1, 1, 0, 1417, 728, 0, 0, 0, 0, 1, 0, 1, 2]),
 (33, [2031, 114, 0, 1, 0, 1820, 1579, 1, 1, 0, 0, 1, 0, 0, 0]),
 (999, [677, 18, 0, 0, 0, 1537, 1180, 0, 1, 3, 4, 0, 1, 2, 0]),
 (999, [712, 37, 1, 0, 1, 1816, 1486, 1, 1, 2, 5, 0, 0, 0, 1]),
 (999, [881, 85, 0, 0, 0, 1353, 651, 0, 0, 2, 5, 0, 1, 0, 2]),
 (999, [982, 70, 0, 1, 1, 1519, 1433, 1, 0, 0, 5, 1, 2, 1, 2]),
 (999, [1006, 22, 1, 1, 1, 570, 1692, 0, 0, 3, 0, 0, 0, 2, 1]),
 (999, [1313, 94, 1, 0, 1, 1791, 1816, 0, 1, 0, 5, 1, 2, 1, 1]),
 (999, [1560, 74, 0, 1, 0, 1719, 1539, 1, 0, 2, 5, 0, 0, 2, 1]),
 (999, [1744, 32, 1, 0, 1, 1858, 1957, 0, 1, 0, 5, 1, 1, 0, 0])]
Selected
[(12, [1434, 62, 1, 1, 1, 1805, 1352, 1, 0, 2, 3, 0, 1, 0, 0]),
 (12, [791, 102, 1, 0, 1, 1386, 1367, 0, 0, 2, 4, 0, 0, 2, 2]),
 (12, [1391, 87, 0, 1, 1, 1668, 519, 1, 0, 2, 1, 1, 1, 0, 2]),
 (12, [1553, 64, 0, 1, 1, 1466, 929, 0, 1, 0, 3, 1, 2, 0, 0]),
 (12, [1216, 40, 0, 0, 1, 1831, 1287, 0, 1, 1, 4, 0, 0, 0, 1]),
 (12, [1191, 108, 1, 0, 1, 1460, 688, 0, 0, 2, 4, 1, 2, 0, 2]),
 (12, [1216, 40, 0, 0, 1, 1831, 1287, 0, 1, 1, 4, 0, 0, 0, 1]),
 (12, [1434, 62, 1, 1, 1, 1805, 1352, 1, 0, 2, 3, 0, 1, 0, 0]),
 (12, [835, 50, 0, 1, 1, 1533, 875, 0, 0, 1, 4, 0, 1, 2, 1]),
 (12, [1434, 62, 1, 1, 1, 1805, 1352, 1, 0, 2, 3, 0, 1, 0, 0]),
 (12, [791, 102, 1, 0, 1, 1386, 1367, 0, 0, 2, 4, 0, 0, 2, 2]),
 (12, [1553, 64, 0, 1, 1, 1466, 929, 0, 1, 0, 3, 1, 2, 0, 0]),
 (12, [791, 102, 1, 0, 1, 1386, 1367, 0, 0, 2, 4, 0, 0, 2, 2]),
 (16, [956, 75, 1, 1, 0, 1744, 983, 0, 1, 2, 4, 1, 1, 0, 0]),
 (12, [791, 102, 1, 0, 1, 1386, 1367, 0, 0, 2, 4, 0, 0, 2, 2]),
 (12, [1974, 10, 0, 1, 1, 1543, 760, 0, 0, 0, 2, 0, 0, 0, 0]),
 (12, [791, 102, 1, 0, 1, 1386, 1367, 0, 0, 2, 4, 0, 0, 2, 2]),
 (12, [1553, 64, 0, 1, 1, 1466, 929, 0, 1, 0, 3, 1, 2, 0, 0]),
 (12, [835, 50, 0, 1, 1, 1533, 875, 0, 0, 1, 4, 0, 1, 2, 1]),
 (12, [1523, 103, 0, 1, 1, 1028, 2036, 0, 1, 1, 0, 0, 1, 0, 1]),
 (12, [791, 102, 1, 0, 1, 1386, 1367, 0, 0, 2, 4, 0, 0, 2, 2]),
 (12, [835, 50, 0, 1, 1, 1533, 875, 0, 0, 1, 4, 0, 1, 2, 1]),
 (12, [835, 50, 0, 1, 1, 1533, 875, 0, 0, 1, 4, 0, 1, 2, 1]),
 (12, [791, 102, 1, 0, 1, 1386, 1367, 0, 0, 2, 4, 0, 0, 2, 2]),
 (12, [1974, 10, 0, 1, 1, 1543, 760, 0, 0, 0, 2, 0, 0, 0, 0]),
 (12, [1391, 87, 0, 1, 1, 1668, 519, 1, 0, 2, 1, 1, 1, 0, 2]),
 (12, [791, 102, 1, 0, 1, 1386, 1367, 0, 0, 2, 4, 0, 0, 2, 2])]
population
[(999, [1744, 32, 1, 0, 1, 1858, 1957, 0, 1, 0, 5, 1, 1, 0, 0]),
 (999, [1560, 74, 0, 1, 0, 1719, 1539, 1, 0, 2, 5, 0, 0, 2, 1]),
 (999, [1313, 94, 1, 0, 1, 1791, 1816, 0, 1, 0, 5, 1, 2, 1, 1]),
 (999, [1006, 22, 1, 1, 1, 570, 1692, 0, 0, 3, 0, 0, 0, 2, 1]),
 (999, [982, 70, 0, 1, 1, 1519, 1433, 1, 0, 0, 5, 1, 2, 1, 2]),
 (999, [881, 85, 0, 0, 0, 1353, 651, 0, 0, 2, 5, 0, 1, 0, 2]),
 (999, [712, 37, 1, 0, 1, 1816, 1486, 1, 1, 2, 5, 0, 0, 0, 1]),
 (999, [677, 18, 0, 0, 0, 1537, 1180, 0, 1, 3, 4, 0, 1, 2, 0]),
 (33, [2031, 114, 0, 1, 0, 1820, 1579, 1, 1, 0, 0, 1, 0, 0, 0]),
 (33, [1889, 55, 1, 1, 0, 1417, 728, 0, 0, 0, 0, 1, 0, 1, 2]),
 (33, [1142, 99, 0, 0, 0, 1827, 1355, 0, 1, 0, 2, 1, 0, 0, 2]),
 (33, [823, 19, 0, 1, 0, 1411, 1716, 0, 0, 1, 3, 1, 2, 1, 0]),
 (17, [865, 100, 0, 0, 0, 544, 596, 1, 0, 2, 1, 0, 0, 2, 0]),
 (16, [1883, 61, 1, 0, 0, 1794, 897, 0, 1, 2, 3, 0, 2, 0, 1]),
 (16, [1870, 12, 1, 1, 1, 1826, 1297, 1, 1, 0, 1, 1, 2, 1, 0]),
 (16, [1129, 48, 1, 1, 1, 1541, 1950, 0, 0, 2, 2, 1, 2, 1, 1]),
 (16, [1025, 113, 0, 1, 0, 845, 1008, 1, 1, 0, 4, 1, 1, 1, 2]),
 (16, [956, 75, 1, 1, 0, 1744, 983, 0, 1, 2, 4, 1, 1, 0, 0]),
 (12, [1974, 10, 0, 1, 1, 1543, 760, 0, 0, 0, 2, 0, 0, 0, 0]),
 (12, [1966, 52, 1, 0, 1, 753, 1896, 0, 0, 1, 3, 1, 1, 1, 0]),
 (12, [1865, 106, 0, 1, 0, 1640, 1480, 0, 0, 0, 4, 0, 0, 1, 2]),
 (12, [1762, 15, 1, 0, 0, 1867, 804, 1, 0, 1, 4, 1, 2, 1, 1]),
 (12, [1732, 97, 1, 0, 0, 823, 1581, 1, 1, 1, 4, 1, 1, 2, 0]),
 (12, [1553, 64, 0, 1, 1, 1466, 929, 0, 1, 0, 3, 1, 2, 0, 0]),
 (12, [1523, 103, 0, 1, 1, 1028, 2036, 0, 1, 1, 0, 0, 1, 0, 1]),
 (12, [1434, 62, 1, 1, 1, 1805, 1352, 1, 0, 2, 3, 0, 1, 0, 0]),
 (12, [1391, 87, 0, 1, 1, 1668, 519, 1, 0, 2, 1, 1, 1, 0, 2]),
 (12, [1216, 40, 0, 0, 1, 1831, 1287, 0, 1, 1, 4, 0, 0, 0, 1]),
 (12, [1191, 108, 1, 0, 1, 1460, 688, 0, 0, 2, 4, 1, 2, 0, 2]),
 (12, [1118, 26, 0, 1, 1, 1774, 1444, 1, 1, 2, 2, 0, 1, 0, 2]),
 (12, [835, 50, 0, 1, 1, 1533, 875, 0, 0, 1, 4, 0, 1, 2, 1]),
 (12, [791, 102, 1, 0, 1, 1386, 1367, 0, 0, 2, 4, 0, 0, 2, 2])]
scored
[(12, [791, 102, 1, 0, 1, 1386, 1367, 0, 0, 2, 4, 0, 0, 2, 2]),
 (12, [835, 50, 0, 1, 1, 1533, 875, 0, 0, 1, 4, 0, 1, 2, 1]),
 (12, [1118, 26, 0, 1, 1, 1774, 1444, 1, 1, 2, 2, 0, 1, 0, 2]),
 (12, [1191, 108, 1, 0, 1, 1460, 688, 0, 0, 2, 4, 1, 2, 0, 2]),
 (12, [1216, 40, 0, 0, 1, 1831, 1287, 0, 1, 1, 4, 0, 0, 0, 1]),
 (12, [1391, 87, 0, 1, 1, 1668, 519, 1, 0, 2, 1, 1, 1, 0, 2]),
 (12, [1434, 62, 1, 1, 1, 1805, 1352, 1, 0, 2, 3, 0, 1, 0, 0]),
 (12, [1523, 103, 0, 1, 1, 1028, 2036, 0, 1, 1, 0, 0, 1, 0, 1]),
 (12, [1553, 64, 0, 1, 1, 1466, 929, 0, 1, 0, 3, 1, 2, 0, 0]),
 (12, [1732, 97, 1, 0, 0, 823, 1581, 1, 1, 1, 4, 1, 1, 2, 0]),
 (12, [1762, 15, 1, 0, 0, 1867, 804, 1, 0, 1, 4, 1, 2, 1, 1]),
 (12, [1865, 106, 0, 1, 0, 1640, 1480, 0, 0, 0, 4, 0, 0, 1, 2]),
 (12, [1966, 52, 1, 0, 1, 753, 1896, 0, 0, 1, 3, 1, 1, 1, 0]),
 (12, [1974, 10, 0, 1, 1, 1543, 760, 0, 0, 0, 2, 0, 0, 0, 0]),
 (16, [956, 75, 1, 1, 0, 1744, 983, 0, 1, 2, 4, 1, 1, 0, 0]),
 (16, [1025, 113, 0, 1, 0, 845, 1008, 1, 1, 0, 4, 1, 1, 1, 2]),
 (16, [1129, 48, 1, 1, 1, 1541, 1950, 0, 0, 2, 2, 1, 2, 1, 1]),
 (16, [1870, 12, 1, 1, 1, 1826, 1297, 1, 1, 0, 1, 1, 2, 1, 0]),
 (16, [1883, 61, 1, 0, 0, 1794, 897, 0, 1, 2, 3, 0, 2, 0, 1]),
 (17, [865, 100, 0, 0, 0, 544, 596, 1, 0, 2, 1, 0, 0, 2, 0]),
 (33, [823, 19, 0, 1, 0, 1411, 1716, 0, 0, 1, 3, 1, 2, 1, 0]),
 (33, [1142, 99, 0, 0, 0, 1827, 1355, 0, 1, 0, 2, 1, 0, 0, 2]),
 (33, [1889, 55, 1, 1, 0, 1417, 728, 0, 0, 0, 0, 1, 0, 1, 2]),
 (33, [2031, 114, 0, 1, 0, 1820, 1579, 1, 1, 0, 0, 1, 0, 0, 0]),
 (999, [677, 18, 0, 0, 0, 1537, 1180, 0, 1, 3, 4, 0, 1, 2, 0]),
 (999, [712, 37, 1, 0, 1, 1816, 1486, 1, 1, 2, 5, 0, 0, 0, 1]),
 (999, [881, 85, 0, 0, 0, 1353, 651, 0, 0, 2, 5, 0, 1, 0, 2]),
 (999, [982, 70, 0, 1, 1, 1519, 1433, 1, 0, 0, 5, 1, 2, 1, 2]),
 (999, [1006, 22, 1, 1, 1, 570, 1692, 0, 0, 3, 0, 0, 0, 2, 1]),
 (999, [1313, 94, 1, 0, 1, 1791, 1816, 0, 1, 0, 5, 1, 2, 1, 1]),
 (999, [1560, 74, 0, 1, 0, 1719, 1539, 1, 0, 2, 5, 0, 0, 2, 1]),
 (999, [1744, 32, 1, 0, 1, 1858, 1957, 0, 1, 0, 5, 1, 1, 0, 0])]
Selected
[(16, [956, 75, 1, 1, 0, 1744, 983, 0, 1, 2, 4, 1, 1, 0, 0]),
 (17, [865, 100, 0, 0, 0, 544, 596, 1, 0, 2, 1, 0, 0, 2, 0]),
 (12, [1434, 62, 1, 1, 1, 1805, 1352, 1, 0, 2, 3, 0, 1, 0, 0]),
 (16, [1025, 113, 0, 1, 0, 845, 1008, 1, 1, 0, 4, 1, 1, 1, 2]),
 (12, [1216, 40, 0, 0, 1, 1831, 1287, 0, 1, 1, 4, 0, 0, 0, 1]),
 (12, [1974, 10, 0, 1, 1, 1543, 760, 0, 0, 0, 2, 0, 0, 0, 0]),
 (12, [791, 102, 1, 0, 1, 1386, 1367, 0, 0, 2, 4, 0, 0, 2, 2]),
 (12, [791, 102, 1, 0, 1, 1386, 1367, 0, 0, 2, 4, 0, 0, 2, 2]),
 (12, [835, 50, 0, 1, 1, 1533, 875, 0, 0, 1, 4, 0, 1, 2, 1]),
 (12, [1118, 26, 0, 1, 1, 1774, 1444, 1, 1, 2, 2, 0, 1, 0, 2]),
 (12, [1216, 40, 0, 0, 1, 1831, 1287, 0, 1, 1, 4, 0, 0, 0, 1]),
 (12, [791, 102, 1, 0, 1, 1386, 1367, 0, 0, 2, 4, 0, 0, 2, 2]),
 (12, [835, 50, 0, 1, 1, 1533, 875, 0, 0, 1, 4, 0, 1, 2, 1]),
 (12, [1391, 87, 0, 1, 1, 1668, 519, 1, 0, 2, 1, 1, 1, 0, 2]),
 (12, [1434, 62, 1, 1, 1, 1805, 1352, 1, 0, 2, 3, 0, 1, 0, 0]),
 (16, [956, 75, 1, 1, 0, 1744, 983, 0, 1, 2, 4, 1, 1, 0, 0]),
 (12, [1762, 15, 1, 0, 0, 1867, 804, 1, 0, 1, 4, 1, 2, 1, 1]),
 (12, [1118, 26, 0, 1, 1, 1774, 1444, 1, 1, 2, 2, 0, 1, 0, 2]),
 (12, [1118, 26, 0, 1, 1, 1774, 1444, 1, 1, 2, 2, 0, 1, 0, 2]),
 (12, [1216, 40, 0, 0, 1, 1831, 1287, 0, 1, 1, 4, 0, 0, 0, 1]),
 (12, [1865, 106, 0, 1, 0, 1640, 1480, 0, 0, 0, 4, 0, 0, 1, 2]),
 (16, [956, 75, 1, 1, 0, 1744, 983, 0, 1, 2, 4, 1, 1, 0, 0]),
 (12, [835, 50, 0, 1, 1, 1533, 875, 0, 0, 1, 4, 0, 1, 2, 1]),
 (12, [1523, 103, 0, 1, 1, 1028, 2036, 0, 1, 1, 0, 0, 1, 0, 1]),
 (12, [791, 102, 1, 0, 1, 1386, 1367, 0, 0, 2, 4, 0, 0, 2, 2]),
 (12, [1191, 108, 1, 0, 1, 1460, 688, 0, 0, 2, 4, 1, 2, 0, 2]),
 (12, [1118, 26, 0, 1, 1, 1774, 1444, 1, 1, 2, 2, 0, 1, 0, 2])]
population
[(999, [1744, 32, 1, 0, 1, 1858, 1957, 0, 1, 0, 5, 1, 1, 0, 0]),
 (999, [1560, 74, 0, 1, 0, 1719, 1539, 1, 0, 2, 5, 0, 0, 2, 1]),
 (999, [1313, 94, 1, 0, 1, 1791, 1816, 0, 1, 0, 5, 1, 2, 1, 1]),
 (999, [1006, 22, 1, 1, 1, 570, 1692, 0, 0, 3, 0, 0, 0, 2, 1]),
 (999, [982, 70, 0, 1, 1, 1519, 1433, 1, 0, 0, 5, 1, 2, 1, 2]),
 (999, [881, 85, 0, 0, 0, 1353, 651, 0, 0, 2, 5, 0, 1, 0, 2]),
 (999, [712, 37, 1, 0, 1, 1816, 1486, 1, 1, 2, 5, 0, 0, 0, 1]),
 (999, [677, 18, 0, 0, 0, 1537, 1180, 0, 1, 3, 4, 0, 1, 2, 0]),
 (33, [2031, 114, 0, 1, 0, 1820, 1579, 1, 1, 0, 0, 1, 0, 0, 0]),
 (33, [1889, 55, 1, 1, 0, 1417, 728, 0, 0, 0, 0, 1, 0, 1, 2]),
 (33, [1142, 99, 0, 0, 0, 1827, 1355, 0, 1, 0, 2, 1, 0, 0, 2]),
 (33, [823, 19, 0, 1, 0, 1411, 1716, 0, 0, 1, 3, 1, 2, 1, 0]),
 (17, [865, 100, 0, 0, 0, 544, 596, 1, 0, 2, 1, 0, 0, 2, 0]),
 (16, [1883, 61, 1, 0, 0, 1794, 897, 0, 1, 2, 3, 0, 2, 0, 1]),
 (16, [1870, 12, 1, 1, 1, 1826, 1297, 1, 1, 0, 1, 1, 2, 1, 0]),
 (16, [1129, 48, 1, 1, 1, 1541, 1950, 0, 0, 2, 2, 1, 2, 1, 1]),
 (16, [1025, 113, 0, 1, 0, 845, 1008, 1, 1, 0, 4, 1, 1, 1, 2]),
 (16, [956, 75, 1, 1, 0, 1744, 983, 0, 1, 2, 4, 1, 1, 0, 0]),
 (12, [1974, 10, 0, 1, 1, 1543, 760, 0, 0, 0, 2, 0, 0, 0, 0]),
 (12, [1966, 52, 1, 0, 1, 753, 1896, 0, 0, 1, 3, 1, 1, 1, 0]),
 (12, [1865, 106, 0, 1, 0, 1640, 1480, 0, 0, 0, 4, 0, 0, 1, 2]),
 (12, [1762, 15, 1, 0, 0, 1867, 804, 1, 0, 1, 4, 1, 2, 1, 1]),
 (12, [1732, 97, 1, 0, 0, 823, 1581, 1, 1, 1, 4, 1, 1, 2, 0]),
 (12, [1553, 64, 0, 1, 1, 1466, 929, 0, 1, 0, 3, 1, 2, 0, 0]),
 (12, [1523, 103, 0, 1, 1, 1028, 2036, 0, 1, 1, 0, 0, 1, 0, 1]),
 (12, [1434, 62, 1, 1, 1, 1805, 1352, 1, 0, 2, 3, 0, 1, 0, 0]),
 (12, [1391, 87, 0, 1, 1, 1668, 519, 1, 0, 2, 1, 1, 1, 0, 2]),
 (12, [1216, 40, 0, 0, 1, 1831, 1287, 0, 1, 1, 4, 0, 0, 0, 1]),
 (12, [1191, 108, 1, 0, 1, 1460, 688, 0, 0, 2, 4, 1, 2, 0, 2]),
 (12, [1118, 26, 0, 1, 1, 1774, 1444, 1, 1, 2, 2, 0, 1, 0, 2]),
 (12, [835, 50, 0, 1, 1, 1533, 875, 0, 0, 1, 4, 0, 1, 2, 1]),
 (12, [791, 102, 1, 0, 1, 1386, 1367, 0, 0, 2, 4, 0, 0, 2, 2])]
scored
[(12, [791, 102, 1, 0, 1, 1386, 1367, 0, 0, 2, 4, 0, 0, 2, 2]),
 (12, [835, 50, 0, 1, 1, 1533, 875, 0, 0, 1, 4, 0, 1, 2, 1]),
 (12, [1118, 26, 0, 1, 1, 1774, 1444, 1, 1, 2, 2, 0, 1, 0, 2]),
 (12, [1191, 108, 1, 0, 1, 1460, 688, 0, 0, 2, 4, 1, 2, 0, 2]),
 (12, [1216, 40, 0, 0, 1, 1831, 1287, 0, 1, 1, 4, 0, 0, 0, 1]),
 (12, [1391, 87, 0, 1, 1, 1668, 519, 1, 0, 2, 1, 1, 1, 0, 2]),
 (12, [1434, 62, 1, 1, 1, 1805, 1352, 1, 0, 2, 3, 0, 1, 0, 0]),
 (12, [1523, 103, 0, 1, 1, 1028, 2036, 0, 1, 1, 0, 0, 1, 0, 1]),
 (12, [1553, 64, 0, 1, 1, 1466, 929, 0, 1, 0, 3, 1, 2, 0, 0]),
 (12, [1732, 97, 1, 0, 0, 823, 1581, 1, 1, 1, 4, 1, 1, 2, 0]),
 (12, [1762, 15, 1, 0, 0, 1867, 804, 1, 0, 1, 4, 1, 2, 1, 1]),
 (12, [1865, 106, 0, 1, 0, 1640, 1480, 0, 0, 0, 4, 0, 0, 1, 2]),
 (12, [1966, 52, 1, 0, 1, 753, 1896, 0, 0, 1, 3, 1, 1, 1, 0]),
 (12, [1974, 10, 0, 1, 1, 1543, 760, 0, 0, 0, 2, 0, 0, 0, 0]),
 (16, [956, 75, 1, 1, 0, 1744, 983, 0, 1, 2, 4, 1, 1, 0, 0]),
 (16, [1025, 113, 0, 1, 0, 845, 1008, 1, 1, 0, 4, 1, 1, 1, 2]),
 (16, [1129, 48, 1, 1, 1, 1541, 1950, 0, 0, 2, 2, 1, 2, 1, 1]),
 (16, [1870, 12, 1, 1, 1, 1826, 1297, 1, 1, 0, 1, 1, 2, 1, 0]),
 (16, [1883, 61, 1, 0, 0, 1794, 897, 0, 1, 2, 3, 0, 2, 0, 1]),
 (17, [865, 100, 0, 0, 0, 544, 596, 1, 0, 2, 1, 0, 0, 2, 0]),
 (33, [823, 19, 0, 1, 0, 1411, 1716, 0, 0, 1, 3, 1, 2, 1, 0]),
 (33, [1142, 99, 0, 0, 0, 1827, 1355, 0, 1, 0, 2, 1, 0, 0, 2]),
 (33, [1889, 55, 1, 1, 0, 1417, 728, 0, 0, 0, 0, 1, 0, 1, 2]),
 (33, [2031, 114, 0, 1, 0, 1820, 1579, 1, 1, 0, 0, 1, 0, 0, 0]),
 (999, [677, 18, 0, 0, 0, 1537, 1180, 0, 1, 3, 4, 0, 1, 2, 0]),
 (999, [712, 37, 1, 0, 1, 1816, 1486, 1, 1, 2, 5, 0, 0, 0, 1]),
 (999, [881, 85, 0, 0, 0, 1353, 651, 0, 0, 2, 5, 0, 1, 0, 2]),
 (999, [982, 70, 0, 1, 1, 1519, 1433, 1, 0, 0, 5, 1, 2, 1, 2]),
 (999, [1006, 22, 1, 1, 1, 570, 1692, 0, 0, 3, 0, 0, 0, 2, 1]),
 (999, [1313, 94, 1, 0, 1, 1791, 1816, 0, 1, 0, 5, 1, 2, 1, 1]),
 (999, [1560, 74, 0, 1, 0, 1719, 1539, 1, 0, 2, 5, 0, 0, 2, 1]),
 (999, [1744, 32, 1, 0, 1, 1858, 1957, 0, 1, 0, 5, 1, 1, 0, 0])]
Selected
[(12, [1966, 52, 1, 0, 1, 753, 1896, 0, 0, 1, 3, 1, 1, 1, 0]),
 (12, [835, 50, 0, 1, 1, 1533, 875, 0, 0, 1, 4, 0, 1, 2, 1]),
 (12, [1118, 26, 0, 1, 1, 1774, 1444, 1, 1, 2, 2, 0, 1, 0, 2]),
 (12, [1391, 87, 0, 1, 1, 1668, 519, 1, 0, 2, 1, 1, 1, 0, 2]),
 (12, [1553, 64, 0, 1, 1, 1466, 929, 0, 1, 0, 3, 1, 2, 0, 0]),
 (12, [1118, 26, 0, 1, 1, 1774, 1444, 1, 1, 2, 2, 0, 1, 0, 2]),
 (12, [1118, 26, 0, 1, 1, 1774, 1444, 1, 1, 2, 2, 0, 1, 0, 2]),
 (12, [1118, 26, 0, 1, 1, 1774, 1444, 1, 1, 2, 2, 0, 1, 0, 2]),
 (12, [1434, 62, 1, 1, 1, 1805, 1352, 1, 0, 2, 3, 0, 1, 0, 0]),
 (12, [1434, 62, 1, 1, 1, 1805, 1352, 1, 0, 2, 3, 0, 1, 0, 0]),
 (12, [1191, 108, 1, 0, 1, 1460, 688, 0, 0, 2, 4, 1, 2, 0, 2]),
 (12, [1216, 40, 0, 0, 1, 1831, 1287, 0, 1, 1, 4, 0, 0, 0, 1]),
 (12, [1118, 26, 0, 1, 1, 1774, 1444, 1, 1, 2, 2, 0, 1, 0, 2]),
 (12, [791, 102, 1, 0, 1, 1386, 1367, 0, 0, 2, 4, 0, 0, 2, 2]),
 (12, [791, 102, 1, 0, 1, 1386, 1367, 0, 0, 2, 4, 0, 0, 2, 2]),
 (12, [1523, 103, 0, 1, 1, 1028, 2036, 0, 1, 1, 0, 0, 1, 0, 1]),
 (12, [791, 102, 1, 0, 1, 1386, 1367, 0, 0, 2, 4, 0, 0, 2, 2]),
 (12, [1118, 26, 0, 1, 1, 1774, 1444, 1, 1, 2, 2, 0, 1, 0, 2]),
 (16, [956, 75, 1, 1, 0, 1744, 983, 0, 1, 2, 4, 1, 1, 0, 0]),
 (12, [1191, 108, 1, 0, 1, 1460, 688, 0, 0, 2, 4, 1, 2, 0, 2]),
 (12, [1216, 40, 0, 0, 1, 1831, 1287, 0, 1, 1, 4, 0, 0, 0, 1]),
 (12, [1732, 97, 1, 0, 0, 823, 1581, 1, 1, 1, 4, 1, 1, 2, 0]),
 (12, [1118, 26, 0, 1, 1, 1774, 1444, 1, 1, 2, 2, 0, 1, 0, 2]),
 (12, [1523, 103, 0, 1, 1, 1028, 2036, 0, 1, 1, 0, 0, 1, 0, 1]),
 (12, [835, 50, 0, 1, 1, 1533, 875, 0, 0, 1, 4, 0, 1, 2, 1]),
 (12, [1434, 62, 1, 1, 1, 1805, 1352, 1, 0, 2, 3, 0, 1, 0, 0]),
 (12, [1974, 10, 0, 1, 1, 1543, 760, 0, 0, 0, 2, 0, 0, 0, 0])]
population
[(999, [1744, 32, 1, 0, 1, 1858, 1957, 0, 1, 0, 5, 1, 1, 0, 0]),
 (999, [1560, 74, 0, 1, 0, 1719, 1539, 1, 0, 2, 5, 0, 0, 2, 1]),
 (999, [1313, 94, 1, 0, 1, 1791, 1816, 0, 1, 0, 5, 1, 2, 1, 1]),
 (999, [1006, 22, 1, 1, 1, 570, 1692, 0, 0, 3, 0, 0, 0, 2, 1]),
 (999, [982, 70, 0, 1, 1, 1519, 1433, 1, 0, 0, 5, 1, 2, 1, 2]),
 (999, [881, 85, 0, 0, 0, 1353, 651, 0, 0, 2, 5, 0, 1, 0, 2]),
 (999, [712, 37, 1, 0, 1, 1816, 1486, 1, 1, 2, 5, 0, 0, 0, 1]),
 (999, [677, 18, 0, 0, 0, 1537, 1180, 0, 1, 3, 4, 0, 1, 2, 0]),
 (33, [2031, 114, 0, 1, 0, 1820, 1579, 1, 1, 0, 0, 1, 0, 0, 0]),
 (33, [1889, 55, 1, 1, 0, 1417, 728, 0, 0, 0, 0, 1, 0, 1, 2]),
 (33, [1142, 99, 0, 0, 0, 1827, 1355, 0, 1, 0, 2, 1, 0, 0, 2]),
 (33, [823, 19, 0, 1, 0, 1411, 1716, 0, 0, 1, 3, 1, 2, 1, 0]),
 (17, [865, 100, 0, 0, 0, 544, 596, 1, 0, 2, 1, 0, 0, 2, 0]),
 (16, [1883, 61, 1, 0, 0, 1794, 897, 0, 1, 2, 3, 0, 2, 0, 1]),
 (16, [1870, 12, 1, 1, 1, 1826, 1297, 1, 1, 0, 1, 1, 2, 1, 0]),
 (16, [1129, 48, 1, 1, 1, 1541, 1950, 0, 0, 2, 2, 1, 2, 1, 1]),
 (16, [1025, 113, 0, 1, 0, 845, 1008, 1, 1, 0, 4, 1, 1, 1, 2]),
 (16, [956, 75, 1, 1, 0, 1744, 983, 0, 1, 2, 4, 1, 1, 0, 0]),
 (12, [1974, 10, 0, 1, 1, 1543, 760, 0, 0, 0, 2, 0, 0, 0, 0]),
 (12, [1966, 52, 1, 0, 1, 753, 1896, 0, 0, 1, 3, 1, 1, 1, 0]),
 (12, [1865, 106, 0, 1, 0, 1640, 1480, 0, 0, 0, 4, 0, 0, 1, 2]),
 (12, [1762, 15, 1, 0, 0, 1867, 804, 1, 0, 1, 4, 1, 2, 1, 1]),
 (12, [1732, 97, 1, 0, 0, 823, 1581, 1, 1, 1, 4, 1, 1, 2, 0]),
 (12, [1553, 64, 0, 1, 1, 1466, 929, 0, 1, 0, 3, 1, 2, 0, 0]),
 (12, [1523, 103, 0, 1, 1, 1028, 2036, 0, 1, 1, 0, 0, 1, 0, 1]),
 (12, [1434, 62, 1, 1, 1, 1805, 1352, 1, 0, 2, 3, 0, 1, 0, 0]),
 (12, [1391, 87, 0, 1, 1, 1668, 519, 1, 0, 2, 1, 1, 1, 0, 2]),
 (12, [1216, 40, 0, 0, 1, 1831, 1287, 0, 1, 1, 4, 0, 0, 0, 1]),
 (12, [1191, 108, 1, 0, 1, 1460, 688, 0, 0, 2, 4, 1, 2, 0, 2]),
 (12, [1118, 26, 0, 1, 1, 1774, 1444, 1, 1, 2, 2, 0, 1, 0, 2]),
 (12, [835, 50, 0, 1, 1, 1533, 875, 0, 0, 1, 4, 0, 1, 2, 1]),
 (12, [791, 102, 1, 0, 1, 1386, 1367, 0, 0, 2, 4, 0, 0, 2, 2])]
scored
[(12, [791, 102, 1, 0, 1, 1386, 1367, 0, 0, 2, 4, 0, 0, 2, 2]),
 (12, [835, 50, 0, 1, 1, 1533, 875, 0, 0, 1, 4, 0, 1, 2, 1]),
 (12, [1118, 26, 0, 1, 1, 1774, 1444, 1, 1, 2, 2, 0, 1, 0, 2]),
 (12, [1191, 108, 1, 0, 1, 1460, 688, 0, 0, 2, 4, 1, 2, 0, 2]),
 (12, [1216, 40, 0, 0, 1, 1831, 1287, 0, 1, 1, 4, 0, 0, 0, 1]),
 (12, [1391, 87, 0, 1, 1, 1668, 519, 1, 0, 2, 1, 1, 1, 0, 2]),
 (12, [1434, 62, 1, 1, 1, 1805, 1352, 1, 0, 2, 3, 0, 1, 0, 0]),
 (12, [1523, 103, 0, 1, 1, 1028, 2036, 0, 1, 1, 0, 0, 1, 0, 1]),
 (12, [1553, 64, 0, 1, 1, 1466, 929, 0, 1, 0, 3, 1, 2, 0, 0]),
 (12, [1732, 97, 1, 0, 0, 823, 1581, 1, 1, 1, 4, 1, 1, 2, 0]),
 (12, [1762, 15, 1, 0, 0, 1867, 804, 1, 0, 1, 4, 1, 2, 1, 1]),
 (12, [1865, 106, 0, 1, 0, 1640, 1480, 0, 0, 0, 4, 0, 0, 1, 2]),
 (12, [1966, 52, 1, 0, 1, 753, 1896, 0, 0, 1, 3, 1, 1, 1, 0]),
 (12, [1974, 10, 0, 1, 1, 1543, 760, 0, 0, 0, 2, 0, 0, 0, 0]),
 (16, [956, 75, 1, 1, 0, 1744, 983, 0, 1, 2, 4, 1, 1, 0, 0]),
 (16, [1025, 113, 0, 1, 0, 845, 1008, 1, 1, 0, 4, 1, 1, 1, 2]),
 (16, [1129, 48, 1, 1, 1, 1541, 1950, 0, 0, 2, 2, 1, 2, 1, 1]),
 (16, [1870, 12, 1, 1, 1, 1826, 1297, 1, 1, 0, 1, 1, 2, 1, 0]),
 (16, [1883, 61, 1, 0, 0, 1794, 897, 0, 1, 2, 3, 0, 2, 0, 1]),
 (17, [865, 100, 0, 0, 0, 544, 596, 1, 0, 2, 1, 0, 0, 2, 0]),
 (33, [823, 19, 0, 1, 0, 1411, 1716, 0, 0, 1, 3, 1, 2, 1, 0]),
 (33, [1142, 99, 0, 0, 0, 1827, 1355, 0, 1, 0, 2, 1, 0, 0, 2]),
 (33, [1889, 55, 1, 1, 0, 1417, 728, 0, 0, 0, 0, 1, 0, 1, 2]),
 (33, [2031, 114, 0, 1, 0, 1820, 1579, 1, 1, 0, 0, 1, 0, 0, 0]),
 (999, [677, 18, 0, 0, 0, 1537, 1180, 0, 1, 3, 4, 0, 1, 2, 0]),
 (999, [712, 37, 1, 0, 1, 1816, 1486, 1, 1, 2, 5, 0, 0, 0, 1]),
 (999, [881, 85, 0, 0, 0, 1353, 651, 0, 0, 2, 5, 0, 1, 0, 2]),
 (999, [982, 70, 0, 1, 1, 1519, 1433, 1, 0, 0, 5, 1, 2, 1, 2]),
 (999, [1006, 22, 1, 1, 1, 570, 1692, 0, 0, 3, 0, 0, 0, 2, 1]),
 (999, [1313, 94, 1, 0, 1, 1791, 1816, 0, 1, 0, 5, 1, 2, 1, 1]),
 (999, [1560, 74, 0, 1, 0, 1719, 1539, 1, 0, 2, 5, 0, 0, 2, 1]),
 (999, [1744, 32, 1, 0, 1, 1858, 1957, 0, 1, 0, 5, 1, 1, 0, 0])]
Selected
[(12, [1391, 87, 0, 1, 1, 1668, 519, 1, 0, 2, 1, 1, 1, 0, 2]),
 (12, [1191, 108, 1, 0, 1, 1460, 688, 0, 0, 2, 4, 1, 2, 0, 2]),
 (12, [1523, 103, 0, 1, 1, 1028, 2036, 0, 1, 1, 0, 0, 1, 0, 1]),
 (12, [791, 102, 1, 0, 1, 1386, 1367, 0, 0, 2, 4, 0, 0, 2, 2]),
 (12, [791, 102, 1, 0, 1, 1386, 1367, 0, 0, 2, 4, 0, 0, 2, 2]),
 (12, [1216, 40, 0, 0, 1, 1831, 1287, 0, 1, 1, 4, 0, 0, 0, 1]),
 (12, [791, 102, 1, 0, 1, 1386, 1367, 0, 0, 2, 4, 0, 0, 2, 2]),
 (12, [791, 102, 1, 0, 1, 1386, 1367, 0, 0, 2, 4, 0, 0, 2, 2]),
 (12, [791, 102, 1, 0, 1, 1386, 1367, 0, 0, 2, 4, 0, 0, 2, 2]),
 (12, [791, 102, 1, 0, 1, 1386, 1367, 0, 0, 2, 4, 0, 0, 2, 2]),
 (16, [1025, 113, 0, 1, 0, 845, 1008, 1, 1, 0, 4, 1, 1, 1, 2]),
 (12, [791, 102, 1, 0, 1, 1386, 1367, 0, 0, 2, 4, 0, 0, 2, 2]),
 (12, [1191, 108, 1, 0, 1, 1460, 688, 0, 0, 2, 4, 1, 2, 0, 2]),
 (12, [835, 50, 0, 1, 1, 1533, 875, 0, 0, 1, 4, 0, 1, 2, 1]),
 (12, [835, 50, 0, 1, 1, 1533, 875, 0, 0, 1, 4, 0, 1, 2, 1]),
 (12, [1434, 62, 1, 1, 1, 1805, 1352, 1, 0, 2, 3, 0, 1, 0, 0]),
 (12, [1391, 87, 0, 1, 1, 1668, 519, 1, 0, 2, 1, 1, 1, 0, 2]),
 (12, [1553, 64, 0, 1, 1, 1466, 929, 0, 1, 0, 3, 1, 2, 0, 0]),
 (12, [835, 50, 0, 1, 1, 1533, 875, 0, 0, 1, 4, 0, 1, 2, 1]),
 (12, [1118, 26, 0, 1, 1, 1774, 1444, 1, 1, 2, 2, 0, 1, 0, 2]),
 (12, [791, 102, 1, 0, 1, 1386, 1367, 0, 0, 2, 4, 0, 0, 2, 2]),
 (12, [1762, 15, 1, 0, 0, 1867, 804, 1, 0, 1, 4, 1, 2, 1, 1]),
 (12, [1391, 87, 0, 1, 1, 1668, 519, 1, 0, 2, 1, 1, 1, 0, 2]),
 (12, [1216, 40, 0, 0, 1, 1831, 1287, 0, 1, 1, 4, 0, 0, 0, 1]),
 (12, [1118, 26, 0, 1, 1, 1774, 1444, 1, 1, 2, 2, 0, 1, 0, 2]),
 (12, [1434, 62, 1, 1, 1, 1805, 1352, 1, 0, 2, 3, 0, 1, 0, 0]),
 (12, [1732, 97, 1, 0, 0, 823, 1581, 1, 1, 1, 4, 1, 1, 2, 0])]
population
[(999, [1744, 32, 1, 0, 1, 1858, 1957, 0, 1, 0, 5, 1, 1, 0, 0]),
 (999, [1560, 74, 0, 1, 0, 1719, 1539, 1, 0, 2, 5, 0, 0, 2, 1]),
 (999, [1313, 94, 1, 0, 1, 1791, 1816, 0, 1, 0, 5, 1, 2, 1, 1]),
 (999, [1006, 22, 1, 1, 1, 570, 1692, 0, 0, 3, 0, 0, 0, 2, 1]),
 (999, [982, 70, 0, 1, 1, 1519, 1433, 1, 0, 0, 5, 1, 2, 1, 2]),
 (999, [881, 85, 0, 0, 0, 1353, 651, 0, 0, 2, 5, 0, 1, 0, 2]),
 (999, [712, 37, 1, 0, 1, 1816, 1486, 1, 1, 2, 5, 0, 0, 0, 1]),
 (999, [677, 18, 0, 0, 0, 1537, 1180, 0, 1, 3, 4, 0, 1, 2, 0]),
 (33, [2031, 114, 0, 1, 0, 1820, 1579, 1, 1, 0, 0, 1, 0, 0, 0]),
 (33, [1889, 55, 1, 1, 0, 1417, 728, 0, 0, 0, 0, 1, 0, 1, 2]),
 (33, [1142, 99, 0, 0, 0, 1827, 1355, 0, 1, 0, 2, 1, 0, 0, 2]),
 (33, [823, 19, 0, 1, 0, 1411, 1716, 0, 0, 1, 3, 1, 2, 1, 0]),
 (17, [865, 100, 0, 0, 0, 544, 596, 1, 0, 2, 1, 0, 0, 2, 0]),
 (16, [1883, 61, 1, 0, 0, 1794, 897, 0, 1, 2, 3, 0, 2, 0, 1]),
 (16, [1870, 12, 1, 1, 1, 1826, 1297, 1, 1, 0, 1, 1, 2, 1, 0]),
 (16, [1129, 48, 1, 1, 1, 1541, 1950, 0, 0, 2, 2, 1, 2, 1, 1]),
 (16, [1025, 113, 0, 1, 0, 845, 1008, 1, 1, 0, 4, 1, 1, 1, 2]),
 (16, [956, 75, 1, 1, 0, 1744, 983, 0, 1, 2, 4, 1, 1, 0, 0]),
 (12, [1974, 10, 0, 1, 1, 1543, 760, 0, 0, 0, 2, 0, 0, 0, 0]),
 (12, [1966, 52, 1, 0, 1, 753, 1896, 0, 0, 1, 3, 1, 1, 1, 0]),
 (12, [1865, 106, 0, 1, 0, 1640, 1480, 0, 0, 0, 4, 0, 0, 1, 2]),
 (12, [1762, 15, 1, 0, 0, 1867, 804, 1, 0, 1, 4, 1, 2, 1, 1]),
 (12, [1732, 97, 1, 0, 0, 823, 1581, 1, 1, 1, 4, 1, 1, 2, 0]),
 (12, [1553, 64, 0, 1, 1, 1466, 929, 0, 1, 0, 3, 1, 2, 0, 0]),
 (12, [1523, 103, 0, 1, 1, 1028, 2036, 0, 1, 1, 0, 0, 1, 0, 1]),
 (12, [1434, 62, 1, 1, 1, 1805, 1352, 1, 0, 2, 3, 0, 1, 0, 0]),
 (12, [1391, 87, 0, 1, 1, 1668, 519, 1, 0, 2, 1, 1, 1, 0, 2]),
 (12, [1216, 40, 0, 0, 1, 1831, 1287, 0, 1, 1, 4, 0, 0, 0, 1]),
 (12, [1191, 108, 1, 0, 1, 1460, 688, 0, 0, 2, 4, 1, 2, 0, 2]),
 (12, [1118, 26, 0, 1, 1, 1774, 1444, 1, 1, 2, 2, 0, 1, 0, 2]),
 (12, [835, 50, 0, 1, 1, 1533, 875, 0, 0, 1, 4, 0, 1, 2, 1]),
 (12, [791, 102, 1, 0, 1, 1386, 1367, 0, 0, 2, 4, 0, 0, 2, 2])]
scored
[(12, [791, 102, 1, 0, 1, 1386, 1367, 0, 0, 2, 4, 0, 0, 2, 2]),
 (12, [835, 50, 0, 1, 1, 1533, 875, 0, 0, 1, 4, 0, 1, 2, 1]),
 (12, [1118, 26, 0, 1, 1, 1774, 1444, 1, 1, 2, 2, 0, 1, 0, 2]),
 (12, [1191, 108, 1, 0, 1, 1460, 688, 0, 0, 2, 4, 1, 2, 0, 2]),
 (12, [1216, 40, 0, 0, 1, 1831, 1287, 0, 1, 1, 4, 0, 0, 0, 1]),
 (12, [1391, 87, 0, 1, 1, 1668, 519, 1, 0, 2, 1, 1, 1, 0, 2]),
 (12, [1434, 62, 1, 1, 1, 1805, 1352, 1, 0, 2, 3, 0, 1, 0, 0]),
 (12, [1523, 103, 0, 1, 1, 1028, 2036, 0, 1, 1, 0, 0, 1, 0, 1]),
 (12, [1553, 64, 0, 1, 1, 1466, 929, 0, 1, 0, 3, 1, 2, 0, 0]),
 (12, [1732, 97, 1, 0, 0, 823, 1581, 1, 1, 1, 4, 1, 1, 2, 0]),
 (12, [1762, 15, 1, 0, 0, 1867, 804, 1, 0, 1, 4, 1, 2, 1, 1]),
 (12, [1865, 106, 0, 1, 0, 1640, 1480, 0, 0, 0, 4, 0, 0, 1, 2]),
 (12, [1966, 52, 1, 0, 1, 753, 1896, 0, 0, 1, 3, 1, 1, 1, 0]),
 (12, [1974, 10, 0, 1, 1, 1543, 760, 0, 0, 0, 2, 0, 0, 0, 0]),
 (16, [956, 75, 1, 1, 0, 1744, 983, 0, 1, 2, 4, 1, 1, 0, 0]),
 (16, [1025, 113, 0, 1, 0, 845, 1008, 1, 1, 0, 4, 1, 1, 1, 2]),
 (16, [1129, 48, 1, 1, 1, 1541, 1950, 0, 0, 2, 2, 1, 2, 1, 1]),
 (16, [1870, 12, 1, 1, 1, 1826, 1297, 1, 1, 0, 1, 1, 2, 1, 0]),
 (16, [1883, 61, 1, 0, 0, 1794, 897, 0, 1, 2, 3, 0, 2, 0, 1]),
 (17, [865, 100, 0, 0, 0, 544, 596, 1, 0, 2, 1, 0, 0, 2, 0]),
 (33, [823, 19, 0, 1, 0, 1411, 1716, 0, 0, 1, 3, 1, 2, 1, 0]),
 (33, [1142, 99, 0, 0, 0, 1827, 1355, 0, 1, 0, 2, 1, 0, 0, 2]),
 (33, [1889, 55, 1, 1, 0, 1417, 728, 0, 0, 0, 0, 1, 0, 1, 2]),
 (33, [2031, 114, 0, 1, 0, 1820, 1579, 1, 1, 0, 0, 1, 0, 0, 0]),
 (999, [677, 18, 0, 0, 0, 1537, 1180, 0, 1, 3, 4, 0, 1, 2, 0]),
 (999, [712, 37, 1, 0, 1, 1816, 1486, 1, 1, 2, 5, 0, 0, 0, 1]),
 (999, [881, 85, 0, 0, 0, 1353, 651, 0, 0, 2, 5, 0, 1, 0, 2]),
 (999, [982, 70, 0, 1, 1, 1519, 1433, 1, 0, 0, 5, 1, 2, 1, 2]),
 (999, [1006, 22, 1, 1, 1, 570, 1692, 0, 0, 3, 0, 0, 0, 2, 1]),
 (999, [1313, 94, 1, 0, 1, 1791, 1816, 0, 1, 0, 5, 1, 2, 1, 1]),
 (999, [1560, 74, 0, 1, 0, 1719, 1539, 1, 0, 2, 5, 0, 0, 2, 1]),
 (999, [1744, 32, 1, 0, 1, 1858, 1957, 0, 1, 0, 5, 1, 1, 0, 0])]
Selected
[(12, [791, 102, 1, 0, 1, 1386, 1367, 0, 0, 2, 4, 0, 0, 2, 2]),
 (12, [1434, 62, 1, 1, 1, 1805, 1352, 1, 0, 2, 3, 0, 1, 0, 0]),
 (16, [956, 75, 1, 1, 0, 1744, 983, 0, 1, 2, 4, 1, 1, 0, 0]),
 (16, [956, 75, 1, 1, 0, 1744, 983, 0, 1, 2, 4, 1, 1, 0, 0]),
 (12, [1216, 40, 0, 0, 1, 1831, 1287, 0, 1, 1, 4, 0, 0, 0, 1]),
 (12, [1523, 103, 0, 1, 1, 1028, 2036, 0, 1, 1, 0, 0, 1, 0, 1]),
 (12, [791, 102, 1, 0, 1, 1386, 1367, 0, 0, 2, 4, 0, 0, 2, 2]),
 (12, [791, 102, 1, 0, 1, 1386, 1367, 0, 0, 2, 4, 0, 0, 2, 2]),
 (12, [1762, 15, 1, 0, 0, 1867, 804, 1, 0, 1, 4, 1, 2, 1, 1]),
 (12, [1553, 64, 0, 1, 1, 1466, 929, 0, 1, 0, 3, 1, 2, 0, 0]),
 (12, [1216, 40, 0, 0, 1, 1831, 1287, 0, 1, 1, 4, 0, 0, 0, 1]),
 (12, [1191, 108, 1, 0, 1, 1460, 688, 0, 0, 2, 4, 1, 2, 0, 2]),
 (12, [791, 102, 1, 0, 1, 1386, 1367, 0, 0, 2, 4, 0, 0, 2, 2]),
 (12, [791, 102, 1, 0, 1, 1386, 1367, 0, 0, 2, 4, 0, 0, 2, 2]),
 (12, [1966, 52, 1, 0, 1, 753, 1896, 0, 0, 1, 3, 1, 1, 1, 0]),
 (12, [791, 102, 1, 0, 1, 1386, 1367, 0, 0, 2, 4, 0, 0, 2, 2]),
 (12, [1191, 108, 1, 0, 1, 1460, 688, 0, 0, 2, 4, 1, 2, 0, 2]),
 (12, [791, 102, 1, 0, 1, 1386, 1367, 0, 0, 2, 4, 0, 0, 2, 2]),
 (12, [1191, 108, 1, 0, 1, 1460, 688, 0, 0, 2, 4, 1, 2, 0, 2]),
 (12, [1391, 87, 0, 1, 1, 1668, 519, 1, 0, 2, 1, 1, 1, 0, 2]),
 (12, [1762, 15, 1, 0, 0, 1867, 804, 1, 0, 1, 4, 1, 2, 1, 1]),
 (12, [791, 102, 1, 0, 1, 1386, 1367, 0, 0, 2, 4, 0, 0, 2, 2]),
 (12, [1191, 108, 1, 0, 1, 1460, 688, 0, 0, 2, 4, 1, 2, 0, 2]),
 (12, [1434, 62, 1, 1, 1, 1805, 1352, 1, 0, 2, 3, 0, 1, 0, 0]),
 (12, [1191, 108, 1, 0, 1, 1460, 688, 0, 0, 2, 4, 1, 2, 0, 2]),
 (12, [1553, 64, 0, 1, 1, 1466, 929, 0, 1, 0, 3, 1, 2, 0, 0]),
 (12, [1191, 108, 1, 0, 1, 1460, 688, 0, 0, 2, 4, 1, 2, 0, 2])]
population
[(999, [1744, 32, 1, 0, 1, 1858, 1957, 0, 1, 0, 5, 1, 1, 0, 0]),
 (999, [1560, 74, 0, 1, 0, 1719, 1539, 1, 0, 2, 5, 0, 0, 2, 1]),
 (999, [1313, 94, 1, 0, 1, 1791, 1816, 0, 1, 0, 5, 1, 2, 1, 1]),
 (999, [1006, 22, 1, 1, 1, 570, 1692, 0, 0, 3, 0, 0, 0, 2, 1]),
 (999, [982, 70, 0, 1, 1, 1519, 1433, 1, 0, 0, 5, 1, 2, 1, 2]),
 (999, [881, 85, 0, 0, 0, 1353, 651, 0, 0, 2, 5, 0, 1, 0, 2]),
 (999, [712, 37, 1, 0, 1, 1816, 1486, 1, 1, 2, 5, 0, 0, 0, 1]),
 (999, [677, 18, 0, 0, 0, 1537, 1180, 0, 1, 3, 4, 0, 1, 2, 0]),
 (33, [2031, 114, 0, 1, 0, 1820, 1579, 1, 1, 0, 0, 1, 0, 0, 0]),
 (33, [1889, 55, 1, 1, 0, 1417, 728, 0, 0, 0, 0, 1, 0, 1, 2]),
 (33, [1142, 99, 0, 0, 0, 1827, 1355, 0, 1, 0, 2, 1, 0, 0, 2]),
 (33, [823, 19, 0, 1, 0, 1411, 1716, 0, 0, 1, 3, 1, 2, 1, 0]),
 (17, [865, 100, 0, 0, 0, 544, 596, 1, 0, 2, 1, 0, 0, 2, 0]),
 (16, [1883, 61, 1, 0, 0, 1794, 897, 0, 1, 2, 3, 0, 2, 0, 1]),
 (16, [1870, 12, 1, 1, 1, 1826, 1297, 1, 1, 0, 1, 1, 2, 1, 0]),
 (16, [1129, 48, 1, 1, 1, 1541, 1950, 0, 0, 2, 2, 1, 2, 1, 1]),
 (16, [1025, 113, 0, 1, 0, 845, 1008, 1, 1, 0, 4, 1, 1, 1, 2]),
 (16, [956, 75, 1, 1, 0, 1744, 983, 0, 1, 2, 4, 1, 1, 0, 0]),
 (12, [1974, 10, 0, 1, 1, 1543, 760, 0, 0, 0, 2, 0, 0, 0, 0]),
 (12, [1966, 52, 1, 0, 1, 753, 1896, 0, 0, 1, 3, 1, 1, 1, 0]),
 (12, [1865, 106, 0, 1, 0, 1640, 1480, 0, 0, 0, 4, 0, 0, 1, 2]),
 (12, [1762, 15, 1, 0, 0, 1867, 804, 1, 0, 1, 4, 1, 2, 1, 1]),
 (12, [1732, 97, 1, 0, 0, 823, 1581, 1, 1, 1, 4, 1, 1, 2, 0]),
 (12, [1553, 64, 0, 1, 1, 1466, 929, 0, 1, 0, 3, 1, 2, 0, 0]),
 (12, [1523, 103, 0, 1, 1, 1028, 2036, 0, 1, 1, 0, 0, 1, 0, 1]),
 (12, [1434, 62, 1, 1, 1, 1805, 1352, 1, 0, 2, 3, 0, 1, 0, 0]),
 (12, [1391, 87, 0, 1, 1, 1668, 519, 1, 0, 2, 1, 1, 1, 0, 2]),
 (12, [1216, 40, 0, 0, 1, 1831, 1287, 0, 1, 1, 4, 0, 0, 0, 1]),
 (12, [1191, 108, 1, 0, 1, 1460, 688, 0, 0, 2, 4, 1, 2, 0, 2]),
 (12, [1118, 26, 0, 1, 1, 1774, 1444, 1, 1, 2, 2, 0, 1, 0, 2]),
 (12, [835, 50, 0, 1, 1, 1533, 875, 0, 0, 1, 4, 0, 1, 2, 1]),
 (12, [791, 102, 1, 0, 1, 1386, 1367, 0, 0, 2, 4, 0, 0, 2, 2])]
scored
[(12, [791, 102, 1, 0, 1, 1386, 1367, 0, 0, 2, 4, 0, 0, 2, 2]),
 (12, [835, 50, 0, 1, 1, 1533, 875, 0, 0, 1, 4, 0, 1, 2, 1]),
 (12, [1118, 26, 0, 1, 1, 1774, 1444, 1, 1, 2, 2, 0, 1, 0, 2]),
 (12, [1191, 108, 1, 0, 1, 1460, 688, 0, 0, 2, 4, 1, 2, 0, 2]),
 (12, [1216, 40, 0, 0, 1, 1831, 1287, 0, 1, 1, 4, 0, 0, 0, 1]),
 (12, [1391, 87, 0, 1, 1, 1668, 519, 1, 0, 2, 1, 1, 1, 0, 2]),
 (12, [1434, 62, 1, 1, 1, 1805, 1352, 1, 0, 2, 3, 0, 1, 0, 0]),
 (12, [1523, 103, 0, 1, 1, 1028, 2036, 0, 1, 1, 0, 0, 1, 0, 1]),
 (12, [1553, 64, 0, 1, 1, 1466, 929, 0, 1, 0, 3, 1, 2, 0, 0]),
 (12, [1732, 97, 1, 0, 0, 823, 1581, 1, 1, 1, 4, 1, 1, 2, 0]),
 (12, [1762, 15, 1, 0, 0, 1867, 804, 1, 0, 1, 4, 1, 2, 1, 1]),
 (12, [1865, 106, 0, 1, 0, 1640, 1480, 0, 0, 0, 4, 0, 0, 1, 2]),
 (12, [1966, 52, 1, 0, 1, 753, 1896, 0, 0, 1, 3, 1, 1, 1, 0]),
 (12, [1974, 10, 0, 1, 1, 1543, 760, 0, 0, 0, 2, 0, 0, 0, 0]),
 (16, [956, 75, 1, 1, 0, 1744, 983, 0, 1, 2, 4, 1, 1, 0, 0]),
 (16, [1025, 113, 0, 1, 0, 845, 1008, 1, 1, 0, 4, 1, 1, 1, 2]),
 (16, [1129, 48, 1, 1, 1, 1541, 1950, 0, 0, 2, 2, 1, 2, 1, 1]),
 (16, [1870, 12, 1, 1, 1, 1826, 1297, 1, 1, 0, 1, 1, 2, 1, 0]),
 (16, [1883, 61, 1, 0, 0, 1794, 897, 0, 1, 2, 3, 0, 2, 0, 1]),
 (17, [865, 100, 0, 0, 0, 544, 596, 1, 0, 2, 1, 0, 0, 2, 0]),
 (33, [823, 19, 0, 1, 0, 1411, 1716, 0, 0, 1, 3, 1, 2, 1, 0]),
 (33, [1142, 99, 0, 0, 0, 1827, 1355, 0, 1, 0, 2, 1, 0, 0, 2]),
 (33, [1889, 55, 1, 1, 0, 1417, 728, 0, 0, 0, 0, 1, 0, 1, 2]),
 (33, [2031, 114, 0, 1, 0, 1820, 1579, 1, 1, 0, 0, 1, 0, 0, 0]),
 (999, [677, 18, 0, 0, 0, 1537, 1180, 0, 1, 3, 4, 0, 1, 2, 0]),
 (999, [712, 37, 1, 0, 1, 1816, 1486, 1, 1, 2, 5, 0, 0, 0, 1]),
 (999, [881, 85, 0, 0, 0, 1353, 651, 0, 0, 2, 5, 0, 1, 0, 2]),
 (999, [982, 70, 0, 1, 1, 1519, 1433, 1, 0, 0, 5, 1, 2, 1, 2]),
 (999, [1006, 22, 1, 1, 1, 570, 1692, 0, 0, 3, 0, 0, 0, 2, 1]),
 (999, [1313, 94, 1, 0, 1, 1791, 1816, 0, 1, 0, 5, 1, 2, 1, 1]),
 (999, [1560, 74, 0, 1, 0, 1719, 1539, 1, 0, 2, 5, 0, 0, 2, 1]),
 (999, [1744, 32, 1, 0, 1, 1858, 1957, 0, 1, 0, 5, 1, 1, 0, 0])]
Selected
[(12, [1191, 108, 1, 0, 1, 1460, 688, 0, 0, 2, 4, 1, 2, 0, 2]),
 (12, [1865, 106, 0, 1, 0, 1640, 1480, 0, 0, 0, 4, 0, 0, 1, 2]),
 (12, [1391, 87, 0, 1, 1, 1668, 519, 1, 0, 2, 1, 1, 1, 0, 2]),
 (12, [1191, 108, 1, 0, 1, 1460, 688, 0, 0, 2, 4, 1, 2, 0, 2]),
 (12, [835, 50, 0, 1, 1, 1533, 875, 0, 0, 1, 4, 0, 1, 2, 1]),
 (16, [956, 75, 1, 1, 0, 1744, 983, 0, 1, 2, 4, 1, 1, 0, 0]),
 (12, [1523, 103, 0, 1, 1, 1028, 2036, 0, 1, 1, 0, 0, 1, 0, 1]),
 (12, [1191, 108, 1, 0, 1, 1460, 688, 0, 0, 2, 4, 1, 2, 0, 2]),
 (12, [1191, 108, 1, 0, 1, 1460, 688, 0, 0, 2, 4, 1, 2, 0, 2]),
 (12, [1391, 87, 0, 1, 1, 1668, 519, 1, 0, 2, 1, 1, 1, 0, 2]),
 (12, [1553, 64, 0, 1, 1, 1466, 929, 0, 1, 0, 3, 1, 2, 0, 0]),
 (12, [1191, 108, 1, 0, 1, 1460, 688, 0, 0, 2, 4, 1, 2, 0, 2]),
 (12, [1434, 62, 1, 1, 1, 1805, 1352, 1, 0, 2, 3, 0, 1, 0, 0]),
 (12, [1118, 26, 0, 1, 1, 1774, 1444, 1, 1, 2, 2, 0, 1, 0, 2]),
 (12, [835, 50, 0, 1, 1, 1533, 875, 0, 0, 1, 4, 0, 1, 2, 1]),
 (12, [791, 102, 1, 0, 1, 1386, 1367, 0, 0, 2, 4, 0, 0, 2, 2]),
 (12, [791, 102, 1, 0, 1, 1386, 1367, 0, 0, 2, 4, 0, 0, 2, 2]),
 (12, [791, 102, 1, 0, 1, 1386, 1367, 0, 0, 2, 4, 0, 0, 2, 2]),
 (12, [1191, 108, 1, 0, 1, 1460, 688, 0, 0, 2, 4, 1, 2, 0, 2]),
 (12, [791, 102, 1, 0, 1, 1386, 1367, 0, 0, 2, 4, 0, 0, 2, 2]),
 (12, [1391, 87, 0, 1, 1, 1668, 519, 1, 0, 2, 1, 1, 1, 0, 2]),
 (12, [1391, 87, 0, 1, 1, 1668, 519, 1, 0, 2, 1, 1, 1, 0, 2]),
 (12, [791, 102, 1, 0, 1, 1386, 1367, 0, 0, 2, 4, 0, 0, 2, 2]),
 (12, [1434, 62, 1, 1, 1, 1805, 1352, 1, 0, 2, 3, 0, 1, 0, 0]),
 (12, [1191, 108, 1, 0, 1, 1460, 688, 0, 0, 2, 4, 1, 2, 0, 2]),
 (12, [1865, 106, 0, 1, 0, 1640, 1480, 0, 0, 0, 4, 0, 0, 1, 2]),
 (12, [1118, 26, 0, 1, 1, 1774, 1444, 1, 1, 2, 2, 0, 1, 0, 2])]
population
[(999, [1744, 32, 1, 0, 1, 1858, 1957, 0, 1, 0, 5, 1, 1, 0, 0]),
 (999, [1560, 74, 0, 1, 0, 1719, 1539, 1, 0, 2, 5, 0, 0, 2, 1]),
 (999, [1313, 94, 1, 0, 1, 1791, 1816, 0, 1, 0, 5, 1, 2, 1, 1]),
 (999, [1006, 22, 1, 1, 1, 570, 1692, 0, 0, 3, 0, 0, 0, 2, 1]),
 (999, [982, 70, 0, 1, 1, 1519, 1433, 1, 0, 0, 5, 1, 2, 1, 2]),
 (999, [881, 85, 0, 0, 0, 1353, 651, 0, 0, 2, 5, 0, 1, 0, 2]),
 (999, [712, 37, 1, 0, 1, 1816, 1486, 1, 1, 2, 5, 0, 0, 0, 1]),
 (999, [677, 18, 0, 0, 0, 1537, 1180, 0, 1, 3, 4, 0, 1, 2, 0]),
 (33, [2031, 114, 0, 1, 0, 1820, 1579, 1, 1, 0, 0, 1, 0, 0, 0]),
 (33, [1889, 55, 1, 1, 0, 1417, 728, 0, 0, 0, 0, 1, 0, 1, 2]),
 (33, [1142, 99, 0, 0, 0, 1827, 1355, 0, 1, 0, 2, 1, 0, 0, 2]),
 (33, [823, 19, 0, 1, 0, 1411, 1716, 0, 0, 1, 3, 1, 2, 1, 0]),
 (17, [865, 100, 0, 0, 0, 544, 596, 1, 0, 2, 1, 0, 0, 2, 0]),
 (16, [1883, 61, 1, 0, 0, 1794, 897, 0, 1, 2, 3, 0, 2, 0, 1]),
 (16, [1870, 12, 1, 1, 1, 1826, 1297, 1, 1, 0, 1, 1, 2, 1, 0]),
 (16, [1129, 48, 1, 1, 1, 1541, 1950, 0, 0, 2, 2, 1, 2, 1, 1]),
 (16, [1025, 113, 0, 1, 0, 845, 1008, 1, 1, 0, 4, 1, 1, 1, 2]),
 (16, [956, 75, 1, 1, 0, 1744, 983, 0, 1, 2, 4, 1, 1, 0, 0]),
 (12, [1974, 10, 0, 1, 1, 1543, 760, 0, 0, 0, 2, 0, 0, 0, 0]),
 (12, [1966, 52, 1, 0, 1, 753, 1896, 0, 0, 1, 3, 1, 1, 1, 0]),
 (12, [1865, 106, 0, 1, 0, 1640, 1480, 0, 0, 0, 4, 0, 0, 1, 2]),
 (12, [1762, 15, 1, 0, 0, 1867, 804, 1, 0, 1, 4, 1, 2, 1, 1]),
 (12, [1732, 97, 1, 0, 0, 823, 1581, 1, 1, 1, 4, 1, 1, 2, 0]),
 (12, [1553, 64, 0, 1, 1, 1466, 929, 0, 1, 0, 3, 1, 2, 0, 0]),
 (12, [1523, 103, 0, 1, 1, 1028, 2036, 0, 1, 1, 0, 0, 1, 0, 1]),
 (12, [1434, 62, 1, 1, 1, 1805, 1352, 1, 0, 2, 3, 0, 1, 0, 0]),
 (12, [1391, 87, 0, 1, 1, 1668, 519, 1, 0, 2, 1, 1, 1, 0, 2]),
 (12, [1216, 40, 0, 0, 1, 1831, 1287, 0, 1, 1, 4, 0, 0, 0, 1]),
 (12, [1191, 108, 1, 0, 1, 1460, 688, 0, 0, 2, 4, 1, 2, 0, 2]),
 (12, [1118, 26, 0, 1, 1, 1774, 1444, 1, 1, 2, 2, 0, 1, 0, 2]),
 (12, [835, 50, 0, 1, 1, 1533, 875, 0, 0, 1, 4, 0, 1, 2, 1]),
 (12, [791, 102, 1, 0, 1, 1386, 1367, 0, 0, 2, 4, 0, 0, 2, 2])]
scored
[(12, [791, 102, 1, 0, 1, 1386, 1367, 0, 0, 2, 4, 0, 0, 2, 2]),
 (12, [835, 50, 0, 1, 1, 1533, 875, 0, 0, 1, 4, 0, 1, 2, 1]),
 (12, [1118, 26, 0, 1, 1, 1774, 1444, 1, 1, 2, 2, 0, 1, 0, 2]),
 (12, [1191, 108, 1, 0, 1, 1460, 688, 0, 0, 2, 4, 1, 2, 0, 2]),
 (12, [1216, 40, 0, 0, 1, 1831, 1287, 0, 1, 1, 4, 0, 0, 0, 1]),
 (12, [1391, 87, 0, 1, 1, 1668, 519, 1, 0, 2, 1, 1, 1, 0, 2]),
 (12, [1434, 62, 1, 1, 1, 1805, 1352, 1, 0, 2, 3, 0, 1, 0, 0]),
 (12, [1523, 103, 0, 1, 1, 1028, 2036, 0, 1, 1, 0, 0, 1, 0, 1]),
 (12, [1553, 64, 0, 1, 1, 1466, 929, 0, 1, 0, 3, 1, 2, 0, 0]),
 (12, [1732, 97, 1, 0, 0, 823, 1581, 1, 1, 1, 4, 1, 1, 2, 0]),
 (12, [1762, 15, 1, 0, 0, 1867, 804, 1, 0, 1, 4, 1, 2, 1, 1]),
 (12, [1865, 106, 0, 1, 0, 1640, 1480, 0, 0, 0, 4, 0, 0, 1, 2]),
 (12, [1966, 52, 1, 0, 1, 753, 1896, 0, 0, 1, 3, 1, 1, 1, 0]),
 (12, [1974, 10, 0, 1, 1, 1543, 760, 0, 0, 0, 2, 0, 0, 0, 0]),
 (16, [956, 75, 1, 1, 0, 1744, 983, 0, 1, 2, 4, 1, 1, 0, 0]),
 (16, [1025, 113, 0, 1, 0, 845, 1008, 1, 1, 0, 4, 1, 1, 1, 2]),
 (16, [1129, 48, 1, 1, 1, 1541, 1950, 0, 0, 2, 2, 1, 2, 1, 1]),
 (16, [1870, 12, 1, 1, 1, 1826, 1297, 1, 1, 0, 1, 1, 2, 1, 0]),
 (16, [1883, 61, 1, 0, 0, 1794, 897, 0, 1, 2, 3, 0, 2, 0, 1]),
 (17, [865, 100, 0, 0, 0, 544, 596, 1, 0, 2, 1, 0, 0, 2, 0]),
 (33, [823, 19, 0, 1, 0, 1411, 1716, 0, 0, 1, 3, 1, 2, 1, 0]),
 (33, [1142, 99, 0, 0, 0, 1827, 1355, 0, 1, 0, 2, 1, 0, 0, 2]),
 (33, [1889, 55, 1, 1, 0, 1417, 728, 0, 0, 0, 0, 1, 0, 1, 2]),
 (33, [2031, 114, 0, 1, 0, 1820, 1579, 1, 1, 0, 0, 1, 0, 0, 0]),
 (999, [677, 18, 0, 0, 0, 1537, 1180, 0, 1, 3, 4, 0, 1, 2, 0]),
 (999, [712, 37, 1, 0, 1, 1816, 1486, 1, 1, 2, 5, 0, 0, 0, 1]),
 (999, [881, 85, 0, 0, 0, 1353, 651, 0, 0, 2, 5, 0, 1, 0, 2]),
 (999, [982, 70, 0, 1, 1, 1519, 1433, 1, 0, 0, 5, 1, 2, 1, 2]),
 (999, [1006, 22, 1, 1, 1, 570, 1692, 0, 0, 3, 0, 0, 0, 2, 1]),
 (999, [1313, 94, 1, 0, 1, 1791, 1816, 0, 1, 0, 5, 1, 2, 1, 1]),
 (999, [1560, 74, 0, 1, 0, 1719, 1539, 1, 0, 2, 5, 0, 0, 2, 1]),
 (999, [1744, 32, 1, 0, 1, 1858, 1957, 0, 1, 0, 5, 1, 1, 0, 0])]
Selected
[(12, [791, 102, 1, 0, 1, 1386, 1367, 0, 0, 2, 4, 0, 0, 2, 2]),
 (12, [835, 50, 0, 1, 1, 1533, 875, 0, 0, 1, 4, 0, 1, 2, 1]),
 (12, [835, 50, 0, 1, 1, 1533, 875, 0, 0, 1, 4, 0, 1, 2, 1]),
 (12, [1523, 103, 0, 1, 1, 1028, 2036, 0, 1, 1, 0, 0, 1, 0, 1]),
 (12, [1191, 108, 1, 0, 1, 1460, 688, 0, 0, 2, 4, 1, 2, 0, 2]),
 (12, [1966, 52, 1, 0, 1, 753, 1896, 0, 0, 1, 3, 1, 1, 1, 0]),
 (12, [1118, 26, 0, 1, 1, 1774, 1444, 1, 1, 2, 2, 0, 1, 0, 2]),
 (12, [1216, 40, 0, 0, 1, 1831, 1287, 0, 1, 1, 4, 0, 0, 0, 1]),
 (12, [1434, 62, 1, 1, 1, 1805, 1352, 1, 0, 2, 3, 0, 1, 0, 0]),
 (12, [1434, 62, 1, 1, 1, 1805, 1352, 1, 0, 2, 3, 0, 1, 0, 0]),
 (12, [835, 50, 0, 1, 1, 1533, 875, 0, 0, 1, 4, 0, 1, 2, 1]),
 (12, [791, 102, 1, 0, 1, 1386, 1367, 0, 0, 2, 4, 0, 0, 2, 2]),
 (12, [1553, 64, 0, 1, 1, 1466, 929, 0, 1, 0, 3, 1, 2, 0, 0]),
 (12, [835, 50, 0, 1, 1, 1533, 875, 0, 0, 1, 4, 0, 1, 2, 1]),
 (12, [1216, 40, 0, 0, 1, 1831, 1287, 0, 1, 1, 4, 0, 0, 0, 1]),
 (12, [1434, 62, 1, 1, 1, 1805, 1352, 1, 0, 2, 3, 0, 1, 0, 0]),
 (12, [791, 102, 1, 0, 1, 1386, 1367, 0, 0, 2, 4, 0, 0, 2, 2]),
 (12, [1118, 26, 0, 1, 1, 1774, 1444, 1, 1, 2, 2, 0, 1, 0, 2]),
 (12, [835, 50, 0, 1, 1, 1533, 875, 0, 0, 1, 4, 0, 1, 2, 1]),
 (12, [1191, 108, 1, 0, 1, 1460, 688, 0, 0, 2, 4, 1, 2, 0, 2]),
 (12, [1118, 26, 0, 1, 1, 1774, 1444, 1, 1, 2, 2, 0, 1, 0, 2]),
 (12, [1865, 106, 0, 1, 0, 1640, 1480, 0, 0, 0, 4, 0, 0, 1, 2]),
 (12, [1732, 97, 1, 0, 0, 823, 1581, 1, 1, 1, 4, 1, 1, 2, 0]),
 (12, [835, 50, 0, 1, 1, 1533, 875, 0, 0, 1, 4, 0, 1, 2, 1]),
 (12, [791, 102, 1, 0, 1, 1386, 1367, 0, 0, 2, 4, 0, 0, 2, 2]),
 (12, [835, 50, 0, 1, 1, 1533, 875, 0, 0, 1, 4, 0, 1, 2, 1]),
 (16, [1870, 12, 1, 1, 1, 1826, 1297, 1, 1, 0, 1, 1, 2, 1, 0])]
population
[(999, [1744, 32, 1, 0, 1, 1858, 1957, 0, 1, 0, 5, 1, 1, 0, 0]),
 (999, [1560, 74, 0, 1, 0, 1719, 1539, 1, 0, 2, 5, 0, 0, 2, 1]),
 (999, [1313, 94, 1, 0, 1, 1791, 1816, 0, 1, 0, 5, 1, 2, 1, 1]),
 (999, [1006, 22, 1, 1, 1, 570, 1692, 0, 0, 3, 0, 0, 0, 2, 1]),
 (999, [982, 70, 0, 1, 1, 1519, 1433, 1, 0, 0, 5, 1, 2, 1, 2]),
 (999, [881, 85, 0, 0, 0, 1353, 651, 0, 0, 2, 5, 0, 1, 0, 2]),
 (999, [712, 37, 1, 0, 1, 1816, 1486, 1, 1, 2, 5, 0, 0, 0, 1]),
 (999, [677, 18, 0, 0, 0, 1537, 1180, 0, 1, 3, 4, 0, 1, 2, 0]),
 (33, [2031, 114, 0, 1, 0, 1820, 1579, 1, 1, 0, 0, 1, 0, 0, 0]),
 (33, [1889, 55, 1, 1, 0, 1417, 728, 0, 0, 0, 0, 1, 0, 1, 2]),
 (33, [1142, 99, 0, 0, 0, 1827, 1355, 0, 1, 0, 2, 1, 0, 0, 2]),
 (33, [823, 19, 0, 1, 0, 1411, 1716, 0, 0, 1, 3, 1, 2, 1, 0]),
 (17, [865, 100, 0, 0, 0, 544, 596, 1, 0, 2, 1, 0, 0, 2, 0]),
 (16, [1883, 61, 1, 0, 0, 1794, 897, 0, 1, 2, 3, 0, 2, 0, 1]),
 (16, [1870, 12, 1, 1, 1, 1826, 1297, 1, 1, 0, 1, 1, 2, 1, 0]),
 (16, [1129, 48, 1, 1, 1, 1541, 1950, 0, 0, 2, 2, 1, 2, 1, 1]),
 (16, [1025, 113, 0, 1, 0, 845, 1008, 1, 1, 0, 4, 1, 1, 1, 2]),
 (16, [956, 75, 1, 1, 0, 1744, 983, 0, 1, 2, 4, 1, 1, 0, 0]),
 (12, [1974, 10, 0, 1, 1, 1543, 760, 0, 0, 0, 2, 0, 0, 0, 0]),
 (12, [1966, 52, 1, 0, 1, 753, 1896, 0, 0, 1, 3, 1, 1, 1, 0]),
 (12, [1865, 106, 0, 1, 0, 1640, 1480, 0, 0, 0, 4, 0, 0, 1, 2]),
 (12, [1762, 15, 1, 0, 0, 1867, 804, 1, 0, 1, 4, 1, 2, 1, 1]),
 (12, [1732, 97, 1, 0, 0, 823, 1581, 1, 1, 1, 4, 1, 1, 2, 0]),
 (12, [1553, 64, 0, 1, 1, 1466, 929, 0, 1, 0, 3, 1, 2, 0, 0]),
 (12, [1523, 103, 0, 1, 1, 1028, 2036, 0, 1, 1, 0, 0, 1, 0, 1]),
 (12, [1434, 62, 1, 1, 1, 1805, 1352, 1, 0, 2, 3, 0, 1, 0, 0]),
 (12, [1391, 87, 0, 1, 1, 1668, 519, 1, 0, 2, 1, 1, 1, 0, 2]),
 (12, [1216, 40, 0, 0, 1, 1831, 1287, 0, 1, 1, 4, 0, 0, 0, 1]),
 (12, [1191, 108, 1, 0, 1, 1460, 688, 0, 0, 2, 4, 1, 2, 0, 2]),
 (12, [1118, 26, 0, 1, 1, 1774, 1444, 1, 1, 2, 2, 0, 1, 0, 2]),
 (12, [835, 50, 0, 1, 1, 1533, 875, 0, 0, 1, 4, 0, 1, 2, 1]),
 (12, [791, 102, 1, 0, 1, 1386, 1367, 0, 0, 2, 4, 0, 0, 2, 2])]
scored
[(12, [791, 102, 1, 0, 1, 1386, 1367, 0, 0, 2, 4, 0, 0, 2, 2]),
 (12, [835, 50, 0, 1, 1, 1533, 875, 0, 0, 1, 4, 0, 1, 2, 1]),
 (12, [1118, 26, 0, 1, 1, 1774, 1444, 1, 1, 2, 2, 0, 1, 0, 2]),
 (12, [1191, 108, 1, 0, 1, 1460, 688, 0, 0, 2, 4, 1, 2, 0, 2]),
 (12, [1216, 40, 0, 0, 1, 1831, 1287, 0, 1, 1, 4, 0, 0, 0, 1]),
 (12, [1391, 87, 0, 1, 1, 1668, 519, 1, 0, 2, 1, 1, 1, 0, 2]),
 (12, [1434, 62, 1, 1, 1, 1805, 1352, 1, 0, 2, 3, 0, 1, 0, 0]),
 (12, [1523, 103, 0, 1, 1, 1028, 2036, 0, 1, 1, 0, 0, 1, 0, 1]),
 (12, [1553, 64, 0, 1, 1, 1466, 929, 0, 1, 0, 3, 1, 2, 0, 0]),
 (12, [1732, 97, 1, 0, 0, 823, 1581, 1, 1, 1, 4, 1, 1, 2, 0]),
 (12, [1762, 15, 1, 0, 0, 1867, 804, 1, 0, 1, 4, 1, 2, 1, 1]),
 (12, [1865, 106, 0, 1, 0, 1640, 1480, 0, 0, 0, 4, 0, 0, 1, 2]),
 (12, [1966, 52, 1, 0, 1, 753, 1896, 0, 0, 1, 3, 1, 1, 1, 0]),
 (12, [1974, 10, 0, 1, 1, 1543, 760, 0, 0, 0, 2, 0, 0, 0, 0]),
 (16, [956, 75, 1, 1, 0, 1744, 983, 0, 1, 2, 4, 1, 1, 0, 0]),
 (16, [1025, 113, 0, 1, 0, 845, 1008, 1, 1, 0, 4, 1, 1, 1, 2]),
 (16, [1129, 48, 1, 1, 1, 1541, 1950, 0, 0, 2, 2, 1, 2, 1, 1]),
 (16, [1870, 12, 1, 1, 1, 1826, 1297, 1, 1, 0, 1, 1, 2, 1, 0]),
 (16, [1883, 61, 1, 0, 0, 1794, 897, 0, 1, 2, 3, 0, 2, 0, 1]),
 (17, [865, 100, 0, 0, 0, 544, 596, 1, 0, 2, 1, 0, 0, 2, 0]),
 (33, [823, 19, 0, 1, 0, 1411, 1716, 0, 0, 1, 3, 1, 2, 1, 0]),
 (33, [1142, 99, 0, 0, 0, 1827, 1355, 0, 1, 0, 2, 1, 0, 0, 2]),
 (33, [1889, 55, 1, 1, 0, 1417, 728, 0, 0, 0, 0, 1, 0, 1, 2]),
 (33, [2031, 114, 0, 1, 0, 1820, 1579, 1, 1, 0, 0, 1, 0, 0, 0]),
 (999, [677, 18, 0, 0, 0, 1537, 1180, 0, 1, 3, 4, 0, 1, 2, 0]),
 (999, [712, 37, 1, 0, 1, 1816, 1486, 1, 1, 2, 5, 0, 0, 0, 1]),
 (999, [881, 85, 0, 0, 0, 1353, 651, 0, 0, 2, 5, 0, 1, 0, 2]),
 (999, [982, 70, 0, 1, 1, 1519, 1433, 1, 0, 0, 5, 1, 2, 1, 2]),
 (999, [1006, 22, 1, 1, 1, 570, 1692, 0, 0, 3, 0, 0, 0, 2, 1]),
 (999, [1313, 94, 1, 0, 1, 1791, 1816, 0, 1, 0, 5, 1, 2, 1, 1]),
 (999, [1560, 74, 0, 1, 0, 1719, 1539, 1, 0, 2, 5, 0, 0, 2, 1]),
 (999, [1744, 32, 1, 0, 1, 1858, 1957, 0, 1, 0, 5, 1, 1, 0, 0])]
Selected
[(12, [1118, 26, 0, 1, 1, 1774, 1444, 1, 1, 2, 2, 0, 1, 0, 2]),
 (12, [1434, 62, 1, 1, 1, 1805, 1352, 1, 0, 2, 3, 0, 1, 0, 0]),
 (12, [1191, 108, 1, 0, 1, 1460, 688, 0, 0, 2, 4, 1, 2, 0, 2]),
 (12, [791, 102, 1, 0, 1, 1386, 1367, 0, 0, 2, 4, 0, 0, 2, 2]),
 (12, [1118, 26, 0, 1, 1, 1774, 1444, 1, 1, 2, 2, 0, 1, 0, 2]),
 (12, [791, 102, 1, 0, 1, 1386, 1367, 0, 0, 2, 4, 0, 0, 2, 2]),
 (12, [1191, 108, 1, 0, 1, 1460, 688, 0, 0, 2, 4, 1, 2, 0, 2]),
 (12, [1391, 87, 0, 1, 1, 1668, 519, 1, 0, 2, 1, 1, 1, 0, 2]),
 (12, [1191, 108, 1, 0, 1, 1460, 688, 0, 0, 2, 4, 1, 2, 0, 2]),
 (12, [1118, 26, 0, 1, 1, 1774, 1444, 1, 1, 2, 2, 0, 1, 0, 2]),
 (12, [835, 50, 0, 1, 1, 1533, 875, 0, 0, 1, 4, 0, 1, 2, 1]),
 (12, [835, 50, 0, 1, 1, 1533, 875, 0, 0, 1, 4, 0, 1, 2, 1]),
 (12, [791, 102, 1, 0, 1, 1386, 1367, 0, 0, 2, 4, 0, 0, 2, 2]),
 (12, [1118, 26, 0, 1, 1, 1774, 1444, 1, 1, 2, 2, 0, 1, 0, 2]),
 (12, [791, 102, 1, 0, 1, 1386, 1367, 0, 0, 2, 4, 0, 0, 2, 2]),
 (12, [835, 50, 0, 1, 1, 1533, 875, 0, 0, 1, 4, 0, 1, 2, 1]),
 (12, [1118, 26, 0, 1, 1, 1774, 1444, 1, 1, 2, 2, 0, 1, 0, 2]),
 (12, [1732, 97, 1, 0, 0, 823, 1581, 1, 1, 1, 4, 1, 1, 2, 0]),
 (12, [1118, 26, 0, 1, 1, 1774, 1444, 1, 1, 2, 2, 0, 1, 0, 2]),
 (12, [1865, 106, 0, 1, 0, 1640, 1480, 0, 0, 0, 4, 0, 0, 1, 2]),
 (12, [1434, 62, 1, 1, 1, 1805, 1352, 1, 0, 2, 3, 0, 1, 0, 0]),
 (12, [1191, 108, 1, 0, 1, 1460, 688, 0, 0, 2, 4, 1, 2, 0, 2]),
 (12, [1553, 64, 0, 1, 1, 1466, 929, 0, 1, 0, 3, 1, 2, 0, 0]),
 (12, [1434, 62, 1, 1, 1, 1805, 1352, 1, 0, 2, 3, 0, 1, 0, 0]),
 (12, [791, 102, 1, 0, 1, 1386, 1367, 0, 0, 2, 4, 0, 0, 2, 2]),
 (12, [1974, 10, 0, 1, 1, 1543, 760, 0, 0, 0, 2, 0, 0, 0, 0]),
 (12, [1216, 40, 0, 0, 1, 1831, 1287, 0, 1, 1, 4, 0, 0, 0, 1])]
population
[(999, [1744, 32, 1, 0, 1, 1858, 1957, 0, 1, 0, 5, 1, 1, 0, 0]),
 (999, [1560, 74, 0, 1, 0, 1719, 1539, 1, 0, 2, 5, 0, 0, 2, 1]),
 (999, [1313, 94, 1, 0, 1, 1791, 1816, 0, 1, 0, 5, 1, 2, 1, 1]),
 (999, [1006, 22, 1, 1, 1, 570, 1692, 0, 0, 3, 0, 0, 0, 2, 1]),
 (999, [982, 70, 0, 1, 1, 1519, 1433, 1, 0, 0, 5, 1, 2, 1, 2]),
 (999, [881, 85, 0, 0, 0, 1353, 651, 0, 0, 2, 5, 0, 1, 0, 2]),
 (999, [712, 37, 1, 0, 1, 1816, 1486, 1, 1, 2, 5, 0, 0, 0, 1]),
 (999, [677, 18, 0, 0, 0, 1537, 1180, 0, 1, 3, 4, 0, 1, 2, 0]),
 (33, [2031, 114, 0, 1, 0, 1820, 1579, 1, 1, 0, 0, 1, 0, 0, 0]),
 (33, [1889, 55, 1, 1, 0, 1417, 728, 0, 0, 0, 0, 1, 0, 1, 2]),
 (33, [1142, 99, 0, 0, 0, 1827, 1355, 0, 1, 0, 2, 1, 0, 0, 2]),
 (33, [823, 19, 0, 1, 0, 1411, 1716, 0, 0, 1, 3, 1, 2, 1, 0]),
 (17, [865, 100, 0, 0, 0, 544, 596, 1, 0, 2, 1, 0, 0, 2, 0]),
 (16, [1883, 61, 1, 0, 0, 1794, 897, 0, 1, 2, 3, 0, 2, 0, 1]),
 (16, [1870, 12, 1, 1, 1, 1826, 1297, 1, 1, 0, 1, 1, 2, 1, 0]),
 (16, [1129, 48, 1, 1, 1, 1541, 1950, 0, 0, 2, 2, 1, 2, 1, 1]),
 (16, [1025, 113, 0, 1, 0, 845, 1008, 1, 1, 0, 4, 1, 1, 1, 2]),
 (16, [956, 75, 1, 1, 0, 1744, 983, 0, 1, 2, 4, 1, 1, 0, 0]),
 (12, [1974, 10, 0, 1, 1, 1543, 760, 0, 0, 0, 2, 0, 0, 0, 0]),
 (12, [1966, 52, 1, 0, 1, 753, 1896, 0, 0, 1, 3, 1, 1, 1, 0]),
 (12, [1865, 106, 0, 1, 0, 1640, 1480, 0, 0, 0, 4, 0, 0, 1, 2]),
 (12, [1762, 15, 1, 0, 0, 1867, 804, 1, 0, 1, 4, 1, 2, 1, 1]),
 (12, [1732, 97, 1, 0, 0, 823, 1581, 1, 1, 1, 4, 1, 1, 2, 0]),
 (12, [1553, 64, 0, 1, 1, 1466, 929, 0, 1, 0, 3, 1, 2, 0, 0]),
 (12, [1523, 103, 0, 1, 1, 1028, 2036, 0, 1, 1, 0, 0, 1, 0, 1]),
 (12, [1434, 62, 1, 1, 1, 1805, 1352, 1, 0, 2, 3, 0, 1, 0, 0]),
 (12, [1391, 87, 0, 1, 1, 1668, 519, 1, 0, 2, 1, 1, 1, 0, 2]),
 (12, [1216, 40, 0, 0, 1, 1831, 1287, 0, 1, 1, 4, 0, 0, 0, 1]),
 (12, [1191, 108, 1, 0, 1, 1460, 688, 0, 0, 2, 4, 1, 2, 0, 2]),
 (12, [1118, 26, 0, 1, 1, 1774, 1444, 1, 1, 2, 2, 0, 1, 0, 2]),
 (12, [835, 50, 0, 1, 1, 1533, 875, 0, 0, 1, 4, 0, 1, 2, 1]),
 (12, [791, 102, 1, 0, 1, 1386, 1367, 0, 0, 2, 4, 0, 0, 2, 2])]
scored
[(12, [791, 102, 1, 0, 1, 1386, 1367, 0, 0, 2, 4, 0, 0, 2, 2]),
 (12, [835, 50, 0, 1, 1, 1533, 875, 0, 0, 1, 4, 0, 1, 2, 1]),
 (12, [1118, 26, 0, 1, 1, 1774, 1444, 1, 1, 2, 2, 0, 1, 0, 2]),
 (12, [1191, 108, 1, 0, 1, 1460, 688, 0, 0, 2, 4, 1, 2, 0, 2]),
 (12, [1216, 40, 0, 0, 1, 1831, 1287, 0, 1, 1, 4, 0, 0, 0, 1]),
 (12, [1391, 87, 0, 1, 1, 1668, 519, 1, 0, 2, 1, 1, 1, 0, 2]),
 (12, [1434, 62, 1, 1, 1, 1805, 1352, 1, 0, 2, 3, 0, 1, 0, 0]),
 (12, [1523, 103, 0, 1, 1, 1028, 2036, 0, 1, 1, 0, 0, 1, 0, 1]),
 (12, [1553, 64, 0, 1, 1, 1466, 929, 0, 1, 0, 3, 1, 2, 0, 0]),
 (12, [1732, 97, 1, 0, 0, 823, 1581, 1, 1, 1, 4, 1, 1, 2, 0]),
 (12, [1762, 15, 1, 0, 0, 1867, 804, 1, 0, 1, 4, 1, 2, 1, 1]),
 (12, [1865, 106, 0, 1, 0, 1640, 1480, 0, 0, 0, 4, 0, 0, 1, 2]),
 (12, [1966, 52, 1, 0, 1, 753, 1896, 0, 0, 1, 3, 1, 1, 1, 0]),
 (12, [1974, 10, 0, 1, 1, 1543, 760, 0, 0, 0, 2, 0, 0, 0, 0]),
 (16, [956, 75, 1, 1, 0, 1744, 983, 0, 1, 2, 4, 1, 1, 0, 0]),
 (16, [1025, 113, 0, 1, 0, 845, 1008, 1, 1, 0, 4, 1, 1, 1, 2]),
 (16, [1129, 48, 1, 1, 1, 1541, 1950, 0, 0, 2, 2, 1, 2, 1, 1]),
 (16, [1870, 12, 1, 1, 1, 1826, 1297, 1, 1, 0, 1, 1, 2, 1, 0]),
 (16, [1883, 61, 1, 0, 0, 1794, 897, 0, 1, 2, 3, 0, 2, 0, 1]),
 (17, [865, 100, 0, 0, 0, 544, 596, 1, 0, 2, 1, 0, 0, 2, 0]),
 (33, [823, 19, 0, 1, 0, 1411, 1716, 0, 0, 1, 3, 1, 2, 1, 0]),
 (33, [1142, 99, 0, 0, 0, 1827, 1355, 0, 1, 0, 2, 1, 0, 0, 2]),
 (33, [1889, 55, 1, 1, 0, 1417, 728, 0, 0, 0, 0, 1, 0, 1, 2]),
 (33, [2031, 114, 0, 1, 0, 1820, 1579, 1, 1, 0, 0, 1, 0, 0, 0]),
 (999, [677, 18, 0, 0, 0, 1537, 1180, 0, 1, 3, 4, 0, 1, 2, 0]),
 (999, [712, 37, 1, 0, 1, 1816, 1486, 1, 1, 2, 5, 0, 0, 0, 1]),
 (999, [881, 85, 0, 0, 0, 1353, 651, 0, 0, 2, 5, 0, 1, 0, 2]),
 (999, [982, 70, 0, 1, 1, 1519, 1433, 1, 0, 0, 5, 1, 2, 1, 2]),
 (999, [1006, 22, 1, 1, 1, 570, 1692, 0, 0, 3, 0, 0, 0, 2, 1]),
 (999, [1313, 94, 1, 0, 1, 1791, 1816, 0, 1, 0, 5, 1, 2, 1, 1]),
 (999, [1560, 74, 0, 1, 0, 1719, 1539, 1, 0, 2, 5, 0, 0, 2, 1]),
 (999, [1744, 32, 1, 0, 1, 1858, 1957, 0, 1, 0, 5, 1, 1, 0, 0])]
Selected
[(12, [1191, 108, 1, 0, 1, 1460, 688, 0, 0, 2, 4, 1, 2, 0, 2]),
 (12, [1216, 40, 0, 0, 1, 1831, 1287, 0, 1, 1, 4, 0, 0, 0, 1]),
 (12, [791, 102, 1, 0, 1, 1386, 1367, 0, 0, 2, 4, 0, 0, 2, 2]),
 (12, [835, 50, 0, 1, 1, 1533, 875, 0, 0, 1, 4, 0, 1, 2, 1]),
 (12, [1391, 87, 0, 1, 1, 1668, 519, 1, 0, 2, 1, 1, 1, 0, 2]),
 (12, [835, 50, 0, 1, 1, 1533, 875, 0, 0, 1, 4, 0, 1, 2, 1]),
 (12, [835, 50, 0, 1, 1, 1533, 875, 0, 0, 1, 4, 0, 1, 2, 1]),
 (12, [835, 50, 0, 1, 1, 1533, 875, 0, 0, 1, 4, 0, 1, 2, 1]),
 (12, [1865, 106, 0, 1, 0, 1640, 1480, 0, 0, 0, 4, 0, 0, 1, 2]),
 (12, [1191, 108, 1, 0, 1, 1460, 688, 0, 0, 2, 4, 1, 2, 0, 2]),
 (12, [1434, 62, 1, 1, 1, 1805, 1352, 1, 0, 2, 3, 0, 1, 0, 0]),
 (12, [1191, 108, 1, 0, 1, 1460, 688, 0, 0, 2, 4, 1, 2, 0, 2]),
 (12, [835, 50, 0, 1, 1, 1533, 875, 0, 0, 1, 4, 0, 1, 2, 1]),
 (12, [1762, 15, 1, 0, 0, 1867, 804, 1, 0, 1, 4, 1, 2, 1, 1]),
 (12, [835, 50, 0, 1, 1, 1533, 875, 0, 0, 1, 4, 0, 1, 2, 1]),
 (12, [791, 102, 1, 0, 1, 1386, 1367, 0, 0, 2, 4, 0, 0, 2, 2]),
 (12, [1732, 97, 1, 0, 0, 823, 1581, 1, 1, 1, 4, 1, 1, 2, 0]),
 (12, [1434, 62, 1, 1, 1, 1805, 1352, 1, 0, 2, 3, 0, 1, 0, 0]),
 (12, [835, 50, 0, 1, 1, 1533, 875, 0, 0, 1, 4, 0, 1, 2, 1]),
 (12, [1191, 108, 1, 0, 1, 1460, 688, 0, 0, 2, 4, 1, 2, 0, 2]),
 (12, [1118, 26, 0, 1, 1, 1774, 1444, 1, 1, 2, 2, 0, 1, 0, 2]),
 (12, [1434, 62, 1, 1, 1, 1805, 1352, 1, 0, 2, 3, 0, 1, 0, 0]),
 (12, [1391, 87, 0, 1, 1, 1668, 519, 1, 0, 2, 1, 1, 1, 0, 2]),
 (12, [1434, 62, 1, 1, 1, 1805, 1352, 1, 0, 2, 3, 0, 1, 0, 0]),
 (12, [1191, 108, 1, 0, 1, 1460, 688, 0, 0, 2, 4, 1, 2, 0, 2]),
 (12, [791, 102, 1, 0, 1, 1386, 1367, 0, 0, 2, 4, 0, 0, 2, 2]),
 (12, [1762, 15, 1, 0, 0, 1867, 804, 1, 0, 1, 4, 1, 2, 1, 1])]
population
[(999, [1744, 32, 1, 0, 1, 1858, 1957, 0, 1, 0, 5, 1, 1, 0, 0]),
 (999, [1560, 74, 0, 1, 0, 1719, 1539, 1, 0, 2, 5, 0, 0, 2, 1]),
 (999, [1313, 94, 1, 0, 1, 1791, 1816, 0, 1, 0, 5, 1, 2, 1, 1]),
 (999, [1006, 22, 1, 1, 1, 570, 1692, 0, 0, 3, 0, 0, 0, 2, 1]),
 (999, [982, 70, 0, 1, 1, 1519, 1433, 1, 0, 0, 5, 1, 2, 1, 2]),
 (999, [881, 85, 0, 0, 0, 1353, 651, 0, 0, 2, 5, 0, 1, 0, 2]),
 (999, [712, 37, 1, 0, 1, 1816, 1486, 1, 1, 2, 5, 0, 0, 0, 1]),
 (999, [677, 18, 0, 0, 0, 1537, 1180, 0, 1, 3, 4, 0, 1, 2, 0]),
 (33, [2031, 114, 0, 1, 0, 1820, 1579, 1, 1, 0, 0, 1, 0, 0, 0]),
 (33, [1889, 55, 1, 1, 0, 1417, 728, 0, 0, 0, 0, 1, 0, 1, 2]),
 (33, [1142, 99, 0, 0, 0, 1827, 1355, 0, 1, 0, 2, 1, 0, 0, 2]),
 (33, [823, 19, 0, 1, 0, 1411, 1716, 0, 0, 1, 3, 1, 2, 1, 0]),
 (17, [865, 100, 0, 0, 0, 544, 596, 1, 0, 2, 1, 0, 0, 2, 0]),
 (16, [1883, 61, 1, 0, 0, 1794, 897, 0, 1, 2, 3, 0, 2, 0, 1]),
 (16, [1870, 12, 1, 1, 1, 1826, 1297, 1, 1, 0, 1, 1, 2, 1, 0]),
 (16, [1129, 48, 1, 1, 1, 1541, 1950, 0, 0, 2, 2, 1, 2, 1, 1]),
 (16, [1025, 113, 0, 1, 0, 845, 1008, 1, 1, 0, 4, 1, 1, 1, 2]),
 (16, [956, 75, 1, 1, 0, 1744, 983, 0, 1, 2, 4, 1, 1, 0, 0]),
 (12, [1974, 10, 0, 1, 1, 1543, 760, 0, 0, 0, 2, 0, 0, 0, 0]),
 (12, [1966, 52, 1, 0, 1, 753, 1896, 0, 0, 1, 3, 1, 1, 1, 0]),
 (12, [1865, 106, 0, 1, 0, 1640, 1480, 0, 0, 0, 4, 0, 0, 1, 2]),
 (12, [1762, 15, 1, 0, 0, 1867, 804, 1, 0, 1, 4, 1, 2, 1, 1]),
 (12, [1732, 97, 1, 0, 0, 823, 1581, 1, 1, 1, 4, 1, 1, 2, 0]),
 (12, [1553, 64, 0, 1, 1, 1466, 929, 0, 1, 0, 3, 1, 2, 0, 0]),
 (12, [1523, 103, 0, 1, 1, 1028, 2036, 0, 1, 1, 0, 0, 1, 0, 1]),
 (12, [1434, 62, 1, 1, 1, 1805, 1352, 1, 0, 2, 3, 0, 1, 0, 0]),
 (12, [1391, 87, 0, 1, 1, 1668, 519, 1, 0, 2, 1, 1, 1, 0, 2]),
 (12, [1216, 40, 0, 0, 1, 1831, 1287, 0, 1, 1, 4, 0, 0, 0, 1]),
 (12, [1191, 108, 1, 0, 1, 1460, 688, 0, 0, 2, 4, 1, 2, 0, 2]),
 (12, [1118, 26, 0, 1, 1, 1774, 1444, 1, 1, 2, 2, 0, 1, 0, 2]),
 (12, [835, 50, 0, 1, 1, 1533, 875, 0, 0, 1, 4, 0, 1, 2, 1]),
 (12, [791, 102, 1, 0, 1, 1386, 1367, 0, 0, 2, 4, 0, 0, 2, 2])]
scored
[(12, [791, 102, 1, 0, 1, 1386, 1367, 0, 0, 2, 4, 0, 0, 2, 2]),
 (12, [835, 50, 0, 1, 1, 1533, 875, 0, 0, 1, 4, 0, 1, 2, 1]),
 (12, [1118, 26, 0, 1, 1, 1774, 1444, 1, 1, 2, 2, 0, 1, 0, 2]),
 (12, [1191, 108, 1, 0, 1, 1460, 688, 0, 0, 2, 4, 1, 2, 0, 2]),
 (12, [1216, 40, 0, 0, 1, 1831, 1287, 0, 1, 1, 4, 0, 0, 0, 1]),
 (12, [1391, 87, 0, 1, 1, 1668, 519, 1, 0, 2, 1, 1, 1, 0, 2]),
 (12, [1434, 62, 1, 1, 1, 1805, 1352, 1, 0, 2, 3, 0, 1, 0, 0]),
 (12, [1523, 103, 0, 1, 1, 1028, 2036, 0, 1, 1, 0, 0, 1, 0, 1]),
 (12, [1553, 64, 0, 1, 1, 1466, 929, 0, 1, 0, 3, 1, 2, 0, 0]),
 (12, [1732, 97, 1, 0, 0, 823, 1581, 1, 1, 1, 4, 1, 1, 2, 0]),
 (12, [1762, 15, 1, 0, 0, 1867, 804, 1, 0, 1, 4, 1, 2, 1, 1]),
 (12, [1865, 106, 0, 1, 0, 1640, 1480, 0, 0, 0, 4, 0, 0, 1, 2]),
 (12, [1966, 52, 1, 0, 1, 753, 1896, 0, 0, 1, 3, 1, 1, 1, 0]),
 (12, [1974, 10, 0, 1, 1, 1543, 760, 0, 0, 0, 2, 0, 0, 0, 0]),
 (16, [956, 75, 1, 1, 0, 1744, 983, 0, 1, 2, 4, 1, 1, 0, 0]),
 (16, [1025, 113, 0, 1, 0, 845, 1008, 1, 1, 0, 4, 1, 1, 1, 2]),
 (16, [1129, 48, 1, 1, 1, 1541, 1950, 0, 0, 2, 2, 1, 2, 1, 1]),
 (16, [1870, 12, 1, 1, 1, 1826, 1297, 1, 1, 0, 1, 1, 2, 1, 0]),
 (16, [1883, 61, 1, 0, 0, 1794, 897, 0, 1, 2, 3, 0, 2, 0, 1]),
 (17, [865, 100, 0, 0, 0, 544, 596, 1, 0, 2, 1, 0, 0, 2, 0]),
 (33, [823, 19, 0, 1, 0, 1411, 1716, 0, 0, 1, 3, 1, 2, 1, 0]),
 (33, [1142, 99, 0, 0, 0, 1827, 1355, 0, 1, 0, 2, 1, 0, 0, 2]),
 (33, [1889, 55, 1, 1, 0, 1417, 728, 0, 0, 0, 0, 1, 0, 1, 2]),
 (33, [2031, 114, 0, 1, 0, 1820, 1579, 1, 1, 0, 0, 1, 0, 0, 0]),
 (999, [677, 18, 0, 0, 0, 1537, 1180, 0, 1, 3, 4, 0, 1, 2, 0]),
 (999, [712, 37, 1, 0, 1, 1816, 1486, 1, 1, 2, 5, 0, 0, 0, 1]),
 (999, [881, 85, 0, 0, 0, 1353, 651, 0, 0, 2, 5, 0, 1, 0, 2]),
 (999, [982, 70, 0, 1, 1, 1519, 1433, 1, 0, 0, 5, 1, 2, 1, 2]),
 (999, [1006, 22, 1, 1, 1, 570, 1692, 0, 0, 3, 0, 0, 0, 2, 1]),
 (999, [1313, 94, 1, 0, 1, 1791, 1816, 0, 1, 0, 5, 1, 2, 1, 1]),
 (999, [1560, 74, 0, 1, 0, 1719, 1539, 1, 0, 2, 5, 0, 0, 2, 1]),
 (999, [1744, 32, 1, 0, 1, 1858, 1957, 0, 1, 0, 5, 1, 1, 0, 0])]
Selected
[(16, [1025, 113, 0, 1, 0, 845, 1008, 1, 1, 0, 4, 1, 1, 1, 2]),
 (12, [1434, 62, 1, 1, 1, 1805, 1352, 1, 0, 2, 3, 0, 1, 0, 0]),
 (16, [956, 75, 1, 1, 0, 1744, 983, 0, 1, 2, 4, 1, 1, 0, 0]),
 (16, [1129, 48, 1, 1, 1, 1541, 1950, 0, 0, 2, 2, 1, 2, 1, 1]),
 (12, [835, 50, 0, 1, 1, 1533, 875, 0, 0, 1, 4, 0, 1, 2, 1]),
 (12, [1434, 62, 1, 1, 1, 1805, 1352, 1, 0, 2, 3, 0, 1, 0, 0]),
 (16, [1025, 113, 0, 1, 0, 845, 1008, 1, 1, 0, 4, 1, 1, 1, 2]),
 (12, [1434, 62, 1, 1, 1, 1805, 1352, 1, 0, 2, 3, 0, 1, 0, 0]),
 (12, [1118, 26, 0, 1, 1, 1774, 1444, 1, 1, 2, 2, 0, 1, 0, 2]),
 (12, [1191, 108, 1, 0, 1, 1460, 688, 0, 0, 2, 4, 1, 2, 0, 2]),
 (12, [1391, 87, 0, 1, 1, 1668, 519, 1, 0, 2, 1, 1, 1, 0, 2]),
 (12, [791, 102, 1, 0, 1, 1386, 1367, 0, 0, 2, 4, 0, 0, 2, 2]),
 (12, [1523, 103, 0, 1, 1, 1028, 2036, 0, 1, 1, 0, 0, 1, 0, 1]),
 (12, [791, 102, 1, 0, 1, 1386, 1367, 0, 0, 2, 4, 0, 0, 2, 2]),
 (12, [791, 102, 1, 0, 1, 1386, 1367, 0, 0, 2, 4, 0, 0, 2, 2]),
 (12, [791, 102, 1, 0, 1, 1386, 1367, 0, 0, 2, 4, 0, 0, 2, 2]),
 (12, [1974, 10, 0, 1, 1, 1543, 760, 0, 0, 0, 2, 0, 0, 0, 0]),
 (12, [1391, 87, 0, 1, 1, 1668, 519, 1, 0, 2, 1, 1, 1, 0, 2]),
 (12, [1118, 26, 0, 1, 1, 1774, 1444, 1, 1, 2, 2, 0, 1, 0, 2]),
 (12, [791, 102, 1, 0, 1, 1386, 1367, 0, 0, 2, 4, 0, 0, 2, 2]),
 (12, [1216, 40, 0, 0, 1, 1831, 1287, 0, 1, 1, 4, 0, 0, 0, 1]),
 (12, [835, 50, 0, 1, 1, 1533, 875, 0, 0, 1, 4, 0, 1, 2, 1]),
 (12, [835, 50, 0, 1, 1, 1533, 875, 0, 0, 1, 4, 0, 1, 2, 1]),
 (12, [835, 50, 0, 1, 1, 1533, 875, 0, 0, 1, 4, 0, 1, 2, 1]),
 (12, [791, 102, 1, 0, 1, 1386, 1367, 0, 0, 2, 4, 0, 0, 2, 2]),
 (12, [835, 50, 0, 1, 1, 1533, 875, 0, 0, 1, 4, 0, 1, 2, 1]),
 (12, [835, 50, 0, 1, 1, 1533, 875, 0, 0, 1, 4, 0, 1, 2, 1])]
population
[(999, [1744, 32, 1, 0, 1, 1858, 1957, 0, 1, 0, 5, 1, 1, 0, 0]),
 (999, [1560, 74, 0, 1, 0, 1719, 1539, 1, 0, 2, 5, 0, 0, 2, 1]),
 (999, [1313, 94, 1, 0, 1, 1791, 1816, 0, 1, 0, 5, 1, 2, 1, 1]),
 (999, [1006, 22, 1, 1, 1, 570, 1692, 0, 0, 3, 0, 0, 0, 2, 1]),
 (999, [982, 70, 0, 1, 1, 1519, 1433, 1, 0, 0, 5, 1, 2, 1, 2]),
 (999, [881, 85, 0, 0, 0, 1353, 651, 0, 0, 2, 5, 0, 1, 0, 2]),
 (999, [712, 37, 1, 0, 1, 1816, 1486, 1, 1, 2, 5, 0, 0, 0, 1]),
 (999, [677, 18, 0, 0, 0, 1537, 1180, 0, 1, 3, 4, 0, 1, 2, 0]),
 (33, [2031, 114, 0, 1, 0, 1820, 1579, 1, 1, 0, 0, 1, 0, 0, 0]),
 (33, [1889, 55, 1, 1, 0, 1417, 728, 0, 0, 0, 0, 1, 0, 1, 2]),
 (33, [1142, 99, 0, 0, 0, 1827, 1355, 0, 1, 0, 2, 1, 0, 0, 2]),
 (33, [823, 19, 0, 1, 0, 1411, 1716, 0, 0, 1, 3, 1, 2, 1, 0]),
 (17, [865, 100, 0, 0, 0, 544, 596, 1, 0, 2, 1, 0, 0, 2, 0]),
 (16, [1883, 61, 1, 0, 0, 1794, 897, 0, 1, 2, 3, 0, 2, 0, 1]),
 (16, [1870, 12, 1, 1, 1, 1826, 1297, 1, 1, 0, 1, 1, 2, 1, 0]),
 (16, [1129, 48, 1, 1, 1, 1541, 1950, 0, 0, 2, 2, 1, 2, 1, 1]),
 (16, [1025, 113, 0, 1, 0, 845, 1008, 1, 1, 0, 4, 1, 1, 1, 2]),
 (16, [956, 75, 1, 1, 0, 1744, 983, 0, 1, 2, 4, 1, 1, 0, 0]),
 (12, [1974, 10, 0, 1, 1, 1543, 760, 0, 0, 0, 2, 0, 0, 0, 0]),
 (12, [1966, 52, 1, 0, 1, 753, 1896, 0, 0, 1, 3, 1, 1, 1, 0]),
 (12, [1865, 106, 0, 1, 0, 1640, 1480, 0, 0, 0, 4, 0, 0, 1, 2]),
 (12, [1762, 15, 1, 0, 0, 1867, 804, 1, 0, 1, 4, 1, 2, 1, 1]),
 (12, [1732, 97, 1, 0, 0, 823, 1581, 1, 1, 1, 4, 1, 1, 2, 0]),
 (12, [1553, 64, 0, 1, 1, 1466, 929, 0, 1, 0, 3, 1, 2, 0, 0]),
 (12, [1523, 103, 0, 1, 1, 1028, 2036, 0, 1, 1, 0, 0, 1, 0, 1]),
 (12, [1434, 62, 1, 1, 1, 1805, 1352, 1, 0, 2, 3, 0, 1, 0, 0]),
 (12, [1391, 87, 0, 1, 1, 1668, 519, 1, 0, 2, 1, 1, 1, 0, 2]),
 (12, [1216, 40, 0, 0, 1, 1831, 1287, 0, 1, 1, 4, 0, 0, 0, 1]),
 (12, [1191, 108, 1, 0, 1, 1460, 688, 0, 0, 2, 4, 1, 2, 0, 2]),
 (12, [1118, 26, 0, 1, 1, 1774, 1444, 1, 1, 2, 2, 0, 1, 0, 2]),
 (12, [835, 50, 0, 1, 1, 1533, 875, 0, 0, 1, 4, 0, 1, 2, 1]),
 (12, [791, 102, 1, 0, 1, 1386, 1367, 0, 0, 2, 4, 0, 0, 2, 2])]
scored
[(12, [791, 102, 1, 0, 1, 1386, 1367, 0, 0, 2, 4, 0, 0, 2, 2]),
 (12, [835, 50, 0, 1, 1, 1533, 875, 0, 0, 1, 4, 0, 1, 2, 1]),
 (12, [1118, 26, 0, 1, 1, 1774, 1444, 1, 1, 2, 2, 0, 1, 0, 2]),
 (12, [1191, 108, 1, 0, 1, 1460, 688, 0, 0, 2, 4, 1, 2, 0, 2]),
 (12, [1216, 40, 0, 0, 1, 1831, 1287, 0, 1, 1, 4, 0, 0, 0, 1]),
 (12, [1391, 87, 0, 1, 1, 1668, 519, 1, 0, 2, 1, 1, 1, 0, 2]),
 (12, [1434, 62, 1, 1, 1, 1805, 1352, 1, 0, 2, 3, 0, 1, 0, 0]),
 (12, [1523, 103, 0, 1, 1, 1028, 2036, 0, 1, 1, 0, 0, 1, 0, 1]),
 (12, [1553, 64, 0, 1, 1, 1466, 929, 0, 1, 0, 3, 1, 2, 0, 0]),
 (12, [1732, 97, 1, 0, 0, 823, 1581, 1, 1, 1, 4, 1, 1, 2, 0]),
 (12, [1762, 15, 1, 0, 0, 1867, 804, 1, 0, 1, 4, 1, 2, 1, 1]),
 (12, [1865, 106, 0, 1, 0, 1640, 1480, 0, 0, 0, 4, 0, 0, 1, 2]),
 (12, [1966, 52, 1, 0, 1, 753, 1896, 0, 0, 1, 3, 1, 1, 1, 0]),
 (12, [1974, 10, 0, 1, 1, 1543, 760, 0, 0, 0, 2, 0, 0, 0, 0]),
 (16, [956, 75, 1, 1, 0, 1744, 983, 0, 1, 2, 4, 1, 1, 0, 0]),
 (16, [1025, 113, 0, 1, 0, 845, 1008, 1, 1, 0, 4, 1, 1, 1, 2]),
 (16, [1129, 48, 1, 1, 1, 1541, 1950, 0, 0, 2, 2, 1, 2, 1, 1]),
 (16, [1870, 12, 1, 1, 1, 1826, 1297, 1, 1, 0, 1, 1, 2, 1, 0]),
 (16, [1883, 61, 1, 0, 0, 1794, 897, 0, 1, 2, 3, 0, 2, 0, 1]),
 (17, [865, 100, 0, 0, 0, 544, 596, 1, 0, 2, 1, 0, 0, 2, 0]),
 (33, [823, 19, 0, 1, 0, 1411, 1716, 0, 0, 1, 3, 1, 2, 1, 0]),
 (33, [1142, 99, 0, 0, 0, 1827, 1355, 0, 1, 0, 2, 1, 0, 0, 2]),
 (33, [1889, 55, 1, 1, 0, 1417, 728, 0, 0, 0, 0, 1, 0, 1, 2]),
 (33, [2031, 114, 0, 1, 0, 1820, 1579, 1, 1, 0, 0, 1, 0, 0, 0]),
 (999, [677, 18, 0, 0, 0, 1537, 1180, 0, 1, 3, 4, 0, 1, 2, 0]),
 (999, [712, 37, 1, 0, 1, 1816, 1486, 1, 1, 2, 5, 0, 0, 0, 1]),
 (999, [881, 85, 0, 0, 0, 1353, 651, 0, 0, 2, 5, 0, 1, 0, 2]),
 (999, [982, 70, 0, 1, 1, 1519, 1433, 1, 0, 0, 5, 1, 2, 1, 2]),
 (999, [1006, 22, 1, 1, 1, 570, 1692, 0, 0, 3, 0, 0, 0, 2, 1]),
 (999, [1313, 94, 1, 0, 1, 1791, 1816, 0, 1, 0, 5, 1, 2, 1, 1]),
 (999, [1560, 74, 0, 1, 0, 1719, 1539, 1, 0, 2, 5, 0, 0, 2, 1]),
 (999, [1744, 32, 1, 0, 1, 1858, 1957, 0, 1, 0, 5, 1, 1, 0, 0])]
Selected
[(12, [791, 102, 1, 0, 1, 1386, 1367, 0, 0, 2, 4, 0, 0, 2, 2]),
 (12, [1523, 103, 0, 1, 1, 1028, 2036, 0, 1, 1, 0, 0, 1, 0, 1]),
 (12, [791, 102, 1, 0, 1, 1386, 1367, 0, 0, 2, 4, 0, 0, 2, 2]),
 (12, [835, 50, 0, 1, 1, 1533, 875, 0, 0, 1, 4, 0, 1, 2, 1]),
 (12, [1523, 103, 0, 1, 1, 1028, 2036, 0, 1, 1, 0, 0, 1, 0, 1]),
 (12, [1118, 26, 0, 1, 1, 1774, 1444, 1, 1, 2, 2, 0, 1, 0, 2]),
 (12, [835, 50, 0, 1, 1, 1533, 875, 0, 0, 1, 4, 0, 1, 2, 1]),
 (12, [1118, 26, 0, 1, 1, 1774, 1444, 1, 1, 2, 2, 0, 1, 0, 2]),
 (12, [1191, 108, 1, 0, 1, 1460, 688, 0, 0, 2, 4, 1, 2, 0, 2]),
 (12, [1523, 103, 0, 1, 1, 1028, 2036, 0, 1, 1, 0, 0, 1, 0, 1]),
 (12, [1966, 52, 1, 0, 1, 753, 1896, 0, 0, 1, 3, 1, 1, 1, 0]),
 (12, [835, 50, 0, 1, 1, 1533, 875, 0, 0, 1, 4, 0, 1, 2, 1]),
 (12, [1523, 103, 0, 1, 1, 1028, 2036, 0, 1, 1, 0, 0, 1, 0, 1]),
 (12, [835, 50, 0, 1, 1, 1533, 875, 0, 0, 1, 4, 0, 1, 2, 1]),
 (12, [1216, 40, 0, 0, 1, 1831, 1287, 0, 1, 1, 4, 0, 0, 0, 1]),
 (12, [1118, 26, 0, 1, 1, 1774, 1444, 1, 1, 2, 2, 0, 1, 0, 2]),
 (12, [1865, 106, 0, 1, 0, 1640, 1480, 0, 0, 0, 4, 0, 0, 1, 2]),
 (12, [835, 50, 0, 1, 1, 1533, 875, 0, 0, 1, 4, 0, 1, 2, 1]),
 (12, [1191, 108, 1, 0, 1, 1460, 688, 0, 0, 2, 4, 1, 2, 0, 2]),
 (12, [791, 102, 1, 0, 1, 1386, 1367, 0, 0, 2, 4, 0, 0, 2, 2]),
 (12, [791, 102, 1, 0, 1, 1386, 1367, 0, 0, 2, 4, 0, 0, 2, 2]),
 (12, [1191, 108, 1, 0, 1, 1460, 688, 0, 0, 2, 4, 1, 2, 0, 2]),
 (12, [1391, 87, 0, 1, 1, 1668, 519, 1, 0, 2, 1, 1, 1, 0, 2]),
 (12, [1732, 97, 1, 0, 0, 823, 1581, 1, 1, 1, 4, 1, 1, 2, 0]),
 (12, [791, 102, 1, 0, 1, 1386, 1367, 0, 0, 2, 4, 0, 0, 2, 2]),
 (12, [1434, 62, 1, 1, 1, 1805, 1352, 1, 0, 2, 3, 0, 1, 0, 0]),
 (12, [1118, 26, 0, 1, 1, 1774, 1444, 1, 1, 2, 2, 0, 1, 0, 2])]

Poblacin de 32 individuos durante 15 generaciones
Poblacin inicial:
[(999, [1744, 32, 1, 0, 1, 1858, 1957, 0, 1, 0, 5, 1, 1, 0, 0]),
 (999, [1560, 74, 0, 1, 0, 1719, 1539, 1, 0, 2, 5, 0, 0, 2, 1]),
 (999, [1313, 94, 1, 0, 1, 1791, 1816, 0, 1, 0, 5, 1, 2, 1, 1]),
 (999, [1006, 22, 1, 1, 1, 570, 1692, 0, 0, 3, 0, 0, 0, 2, 1]),
 (999, [982, 70, 0, 1, 1, 1519, 1433, 1, 0, 0, 5, 1, 2, 1, 2]),
 (999, [881, 85, 0, 0, 0, 1353, 651, 0, 0, 2, 5, 0, 1, 0, 2]),
 (999, [712, 37, 1, 0, 1, 1816, 1486, 1, 1, 2, 5, 0, 0, 0, 1]),
 (999, [677, 18, 0, 0, 0, 1537, 1180, 0, 1, 3, 4, 0, 1, 2, 0]),
 (33, [2031, 114, 0, 1, 0, 1820, 1579, 1, 1, 0, 0, 1, 0, 0, 0]),
 (33, [1889, 55, 1, 1, 0, 1417, 728, 0, 0, 0, 0, 1, 0, 1, 2]),
 (33, [1142, 99, 0, 0, 0, 1827, 1355, 0, 1, 0, 2, 1, 0, 0, 2]),
 (33, [823, 19, 0, 1, 0, 1411, 1716, 0, 0, 1, 3, 1, 2, 1, 0]),
 (17, [865, 100, 0, 0, 0, 544, 596, 1, 0, 2, 1, 0, 0, 2, 0]),
 (16, [1883, 61, 1, 0, 0, 1794, 897, 0, 1, 2, 3, 0, 2, 0, 1]),
 (16, [1870, 12, 1, 1, 1, 1826, 1297, 1, 1, 0, 1, 1, 2, 1, 0]),
 (16, [1129, 48, 1, 1, 1, 1541, 1950, 0, 0, 2, 2, 1, 2, 1, 1]),
 (16, [1025, 113, 0, 1, 0, 845, 1008, 1, 1, 0, 4, 1, 1, 1, 2]),
 (16, [956, 75, 1, 1, 0, 1744, 983, 0, 1, 2, 4, 1, 1, 0, 0]),
 (12, [1974, 10, 0, 1, 1, 1543, 760, 0, 0, 0, 2, 0, 0, 0, 0]),
 (12, [1966, 52, 1, 0, 1, 753, 1896, 0, 0, 1, 3, 1, 1, 1, 0]),
 (12, [1865, 106, 0, 1, 0, 1640, 1480, 0, 0, 0, 4, 0, 0, 1, 2]),
 (12, [1762, 15, 1, 0, 0, 1867, 804, 1, 0, 1, 4, 1, 2, 1, 1]),
 (12, [1732, 97, 1, 0, 0, 823, 1581, 1, 1, 1, 4, 1, 1, 2, 0]),
 (12, [1553, 64, 0, 1, 1, 1466, 929, 0, 1, 0, 3, 1, 2, 0, 0]),
 (12, [1523, 103, 0, 1, 1, 1028, 2036, 0, 1, 1, 0, 0, 1, 0, 1]),
 (12, [1434, 62, 1, 1, 1, 1805, 1352, 1, 0, 2, 3, 0, 1, 0, 0]),
 (12, [1391, 87, 0, 1, 1, 1668, 519, 1, 0, 2, 1, 1, 1, 0, 2]),
 (12, [1216, 40, 0, 0, 1, 1831, 1287, 0, 1, 1, 4, 0, 0, 0, 1]),
 (12, [1191, 108, 1, 0, 1, 1460, 688, 0, 0, 2, 4, 1, 2, 0, 2]),
 (12, [1118, 26, 0, 1, 1, 1774, 1444, 1, 1, 2, 2, 0, 1, 0, 2]),
 (12, [835, 50, 0, 1, 1, 1533, 875, 0, 0, 1, 4, 0, 1, 2, 1]),
 (12, [791, 102, 1, 0, 1, 1386, 1367, 0, 0, 2, 4, 0, 0, 2, 2])]
Poblacin final:
[(999, [1744, 32, 1, 0, 1, 1858, 1957, 0, 1, 0, 5, 1, 1, 0, 0]),
 (999, [1560, 74, 0, 1, 0, 1719, 1539, 1, 0, 2, 5, 0, 0, 2, 1]),
 (999, [1313, 94, 1, 0, 1, 1791, 1816, 0, 1, 0, 5, 1, 2, 1, 1]),
 (999, [1006, 22, 1, 1, 1, 570, 1692, 0, 0, 3, 0, 0, 0, 2, 1]),
 (999, [982, 70, 0, 1, 1, 1519, 1433, 1, 0, 0, 5, 1, 2, 1, 2]),
 (999, [881, 85, 0, 0, 0, 1353, 651, 0, 0, 2, 5, 0, 1, 0, 2]),
 (999, [712, 37, 1, 0, 1, 1816, 1486, 1, 1, 2, 5, 0, 0, 0, 1]),
 (999, [677, 18, 0, 0, 0, 1537, 1180, 0, 1, 3, 4, 0, 1, 2, 0]),
 (33, [2031, 114, 0, 1, 0, 1820, 1579, 1, 1, 0, 0, 1, 0, 0, 0]),
 (33, [1889, 55, 1, 1, 0, 1417, 728, 0, 0, 0, 0, 1, 0, 1, 2]),
 (33, [1142, 99, 0, 0, 0, 1827, 1355, 0, 1, 0, 2, 1, 0, 0, 2]),
 (33, [823, 19, 0, 1, 0, 1411, 1716, 0, 0, 1, 3, 1, 2, 1, 0]),
 (17, [865, 100, 0, 0, 0, 544, 596, 1, 0, 2, 1, 0, 0, 2, 0]),
 (16, [1883, 61, 1, 0, 0, 1794, 897, 0, 1, 2, 3, 0, 2, 0, 1]),
 (16, [1870, 12, 1, 1, 1, 1826, 1297, 1, 1, 0, 1, 1, 2, 1, 0]),
 (16, [1129, 48, 1, 1, 1, 1541, 1950, 0, 0, 2, 2, 1, 2, 1, 1]),
 (16, [1025, 113, 0, 1, 0, 845, 1008, 1, 1, 0, 4, 1, 1, 1, 2]),
 (16, [956, 75, 1, 1, 0, 1744, 983, 0, 1, 2, 4, 1, 1, 0, 0]),
 (12, [1974, 10, 0, 1, 1, 1543, 760, 0, 0, 0, 2, 0, 0, 0, 0]),
 (12, [1966, 52, 1, 0, 1, 753, 1896, 0, 0, 1, 3, 1, 1, 1, 0]),
 (12, [1865, 106, 0, 1, 0, 1640, 1480, 0, 0, 0, 4, 0, 0, 1, 2]),
 (12, [1762, 15, 1, 0, 0, 1867, 804, 1, 0, 1, 4, 1, 2, 1, 1]),
 (12, [1732, 97, 1, 0, 0, 823, 1581, 1, 1, 1, 4, 1, 1, 2, 0]),
 (12, [1553, 64, 0, 1, 1, 1466, 929, 0, 1, 0, 3, 1, 2, 0, 0]),
 (12, [1523, 103, 0, 1, 1, 1028, 2036, 0, 1, 1, 0, 0, 1, 0, 1]),
 (12, [1434, 62, 1, 1, 1, 1805, 1352, 1, 0, 2, 3, 0, 1, 0, 0]),
 (12, [1391, 87, 0, 1, 1, 1668, 519, 1, 0, 2, 1, 1, 1, 0, 2]),
 (12, [1216, 40, 0, 0, 1, 1831, 1287, 0, 1, 1, 4, 0, 0, 0, 1]),
 (12, [1191, 108, 1, 0, 1, 1460, 688, 0, 0, 2, 4, 1, 2, 0, 2]),
 (12, [1118, 26, 0, 1, 1, 1774, 1444, 1, 1, 2, 2, 0, 1, 0, 2]),
 (12, [835, 50, 0, 1, 1, 1533, 875, 0, 0, 1, 4, 0, 1, 2, 1]),
 (12, [791, 102, 1, 0, 1, 1386, 1367, 0, 0, 2, 4, 0, 0, 2, 2])]
Elapsed time is 522.322361 seconds.
