 * Manually resetting nginx to stopped state
 * Manually resetting nginx to stopped state
 * Manually resetting nginx to stopped state
 * Manually resetting nginx to stopped state
 * Manually resetting nginx to stopped state
 * Manually resetting nginx to stopped state
 * Manually resetting nginx to stopped state
 * Manually resetting nginx to stopped state
 * Manually resetting nginx to stopped state
 * Manually resetting nginx to stopped state
 * Manually resetting nginx to stopped state
 * Manually resetting nginx to stopped state
 * Manually resetting nginx to stopped state
 * Manually resetting nginx to stopped state
 * Manually resetting nginx to stopped state
 * Manually resetting nginx to stopped state
 * Manually resetting nginx to stopped state
 * Manually resetting nginx to stopped state
 * Manually resetting nginx to stopped state
 * Manually resetting nginx to stopped state
genes: 15
individuals : 32
pressure: 5
mutation_chance: 0
generations: 15
crossover_type: 2
mutation_type_random: 1
Alerts:
16
Alerts:
16
Alerts:
16
Alerts:
16
Alerts:
16
Alerts:
12
Alerts:
16
Alerts:
12
Alerts:
12
Alerts:
12
Alerts:
13
Alerts:
12
Alerts:
12
Alerts:
12
Alerts:
12
Alerts:
12
Alerts:
16
Alerts:
16
Alerts:
12
Alerts:
12
population
[(16, [1443, 17, 0, 0, 1, 523, 1806, 1, 1, 0, 2, 1, 0, 0, 2]),
 (999, [1083, 61, 0, 0, 1, 938, 908, 0, 0, 3, 3, 0, 0, 1, 1]),
 (16, [2024, 91, 0, 0, 0, 1138, 1362, 0, 1, 1, 1, 0, 1, 2, 0]),
 (999, [1775, 49, 1, 1, 0, 1166, 1099, 1, 0, 3, 3, 0, 2, 1, 0]),
 (16, [1510, 30, 1, 1, 0, 1845, 1866, 1, 0, 1, 4, 1, 1, 0, 2]),
 (999, [757, 48, 0, 1, 1, 1426, 1917, 1, 0, 3, 3, 0, 0, 2, 2]),
 (16, [942, 56, 0, 1, 1, 1292, 814, 1, 1, 0, 0, 1, 0, 0, 0]),
 (999, [1117, 103, 0, 0, 1, 1378, 730, 1, 1, 3, 2, 1, 1, 2, 1]),
 (16, [694, 39, 1, 0, 1, 1635, 971, 0, 1, 1, 0, 1, 0, 1, 0]),
 (999, [1603, 86, 1, 0, 1, 909, 1338, 1, 0, 3, 3, 1, 2, 1, 1]),
 (12, [2030, 72, 1, 1, 0, 1237, 1214, 0, 0, 2, 4, 1, 0, 1, 2]),
 (999, [1899, 75, 0, 1, 1, 1448, 1012, 1, 1, 3, 1, 1, 2, 2, 0]),
 (16, [1215, 39, 1, 0, 0, 1376, 802, 1, 0, 0, 3, 1, 0, 1, 1]),
 (999, [1240, 67, 1, 1, 0, 1329, 938, 1, 0, 3, 5, 0, 2, 2, 0]),
 (12, [1970, 110, 0, 1, 0, 1154, 1957, 0, 1, 1, 4, 1, 0, 1, 2]),
 (12, [1604, 83, 1, 1, 1, 1056, 1002, 0, 1, 0, 3, 0, 0, 1, 0]),
 (12, [1828, 46, 1, 0, 0, 1116, 1363, 1, 1, 2, 3, 0, 2, 2, 0]),
 (13, [713, 111, 1, 1, 0, 1378, 1140, 1, 0, 0, 0, 1, 1, 1, 2]),
 (999, [813, 69, 0, 1, 0, 729, 1438, 0, 0, 3, 4, 0, 1, 0, 0]),
 (12, [1826, 82, 1, 0, 1, 1047, 677, 0, 1, 2, 0, 0, 0, 0, 0]),
 (12, [2025, 20, 0, 1, 1, 1572, 1819, 1, 1, 1, 3, 0, 2, 0, 0]),
 (999, [1363, 35, 0, 0, 0, 1686, 1630, 1, 1, 1, 5, 1, 2, 2, 1]),
 (12, [1754, 90, 0, 1, 0, 1633, 899, 1, 0, 1, 0, 1, 0, 1, 1]),
 (12, [1871, 28, 0, 0, 1, 1063, 868, 1, 1, 1, 1, 0, 1, 0, 2]),
 (12, [1535, 44, 0, 0, 1, 1519, 1891, 0, 0, 0, 2, 1, 2, 0, 2]),
 (16, [933, 51, 0, 0, 0, 1277, 926, 1, 0, 1, 4, 0, 0, 1, 0]),
 (999, [1344, 117, 1, 0, 0, 876, 964, 1, 1, 1, 5, 1, 0, 0, 1]),
 (16, [1185, 112, 0, 1, 1, 1196, 1876, 1, 1, 1, 2, 0, 2, 2, 2]),
 (999, [1882, 102, 1, 0, 1, 655, 1255, 1, 1, 3, 0, 0, 1, 1, 2]),
 (12, [1318, 41, 1, 0, 1, 1926, 731, 1, 0, 0, 4, 0, 0, 1, 2]),
 (999, [1995, 114, 1, 0, 1, 1394, 1769, 0, 1, 3, 2, 1, 1, 2, 2]),
 (12, [1489, 103, 1, 0, 1, 1806, 1435, 0, 1, 0, 2, 0, 0, 1, 0])]
scored
[(12, [1318, 41, 1, 0, 1, 1926, 731, 1, 0, 0, 4, 0, 0, 1, 2]),
 (12, [1489, 103, 1, 0, 1, 1806, 1435, 0, 1, 0, 2, 0, 0, 1, 0]),
 (12, [1535, 44, 0, 0, 1, 1519, 1891, 0, 0, 0, 2, 1, 2, 0, 2]),
 (12, [1604, 83, 1, 1, 1, 1056, 1002, 0, 1, 0, 3, 0, 0, 1, 0]),
 (12, [1754, 90, 0, 1, 0, 1633, 899, 1, 0, 1, 0, 1, 0, 1, 1]),
 (12, [1826, 82, 1, 0, 1, 1047, 677, 0, 1, 2, 0, 0, 0, 0, 0]),
 (12, [1828, 46, 1, 0, 0, 1116, 1363, 1, 1, 2, 3, 0, 2, 2, 0]),
 (12, [1871, 28, 0, 0, 1, 1063, 868, 1, 1, 1, 1, 0, 1, 0, 2]),
 (12, [1970, 110, 0, 1, 0, 1154, 1957, 0, 1, 1, 4, 1, 0, 1, 2]),
 (12, [2025, 20, 0, 1, 1, 1572, 1819, 1, 1, 1, 3, 0, 2, 0, 0]),
 (12, [2030, 72, 1, 1, 0, 1237, 1214, 0, 0, 2, 4, 1, 0, 1, 2]),
 (13, [713, 111, 1, 1, 0, 1378, 1140, 1, 0, 0, 0, 1, 1, 1, 2]),
 (16, [694, 39, 1, 0, 1, 1635, 971, 0, 1, 1, 0, 1, 0, 1, 0]),
 (16, [933, 51, 0, 0, 0, 1277, 926, 1, 0, 1, 4, 0, 0, 1, 0]),
 (16, [942, 56, 0, 1, 1, 1292, 814, 1, 1, 0, 0, 1, 0, 0, 0]),
 (16, [1185, 112, 0, 1, 1, 1196, 1876, 1, 1, 1, 2, 0, 2, 2, 2]),
 (16, [1215, 39, 1, 0, 0, 1376, 802, 1, 0, 0, 3, 1, 0, 1, 1]),
 (16, [1443, 17, 0, 0, 1, 523, 1806, 1, 1, 0, 2, 1, 0, 0, 2]),
 (16, [1510, 30, 1, 1, 0, 1845, 1866, 1, 0, 1, 4, 1, 1, 0, 2]),
 (16, [2024, 91, 0, 0, 0, 1138, 1362, 0, 1, 1, 1, 0, 1, 2, 0]),
 (999, [757, 48, 0, 1, 1, 1426, 1917, 1, 0, 3, 3, 0, 0, 2, 2]),
 (999, [813, 69, 0, 1, 0, 729, 1438, 0, 0, 3, 4, 0, 1, 0, 0]),
 (999, [1083, 61, 0, 0, 1, 938, 908, 0, 0, 3, 3, 0, 0, 1, 1]),
 (999, [1117, 103, 0, 0, 1, 1378, 730, 1, 1, 3, 2, 1, 1, 2, 1]),
 (999, [1240, 67, 1, 1, 0, 1329, 938, 1, 0, 3, 5, 0, 2, 2, 0]),
 (999, [1344, 117, 1, 0, 0, 876, 964, 1, 1, 1, 5, 1, 0, 0, 1]),
 (999, [1363, 35, 0, 0, 0, 1686, 1630, 1, 1, 1, 5, 1, 2, 2, 1]),
 (999, [1603, 86, 1, 0, 1, 909, 1338, 1, 0, 3, 3, 1, 2, 1, 1]),
 (999, [1775, 49, 1, 1, 0, 1166, 1099, 1, 0, 3, 3, 0, 2, 1, 0]),
 (999, [1882, 102, 1, 0, 1, 655, 1255, 1, 1, 3, 0, 0, 1, 1, 2]),
 (999, [1899, 75, 0, 1, 1, 1448, 1012, 1, 1, 3, 1, 1, 2, 2, 0]),
 (999, [1995, 114, 1, 0, 1, 1394, 1769, 0, 1, 3, 2, 1, 1, 2, 2])]
Selected
[(12, [1871, 28, 0, 0, 1, 1063, 868, 1, 1, 1, 1, 0, 1, 0, 2]),
 (12, [1318, 41, 1, 0, 1, 1926, 731, 1, 0, 0, 4, 0, 0, 1, 2]),
 (12, [1970, 110, 0, 1, 0, 1154, 1957, 0, 1, 1, 4, 1, 0, 1, 2]),
 (12, [1318, 41, 1, 0, 1, 1926, 731, 1, 0, 0, 4, 0, 0, 1, 2]),
 (12, [1826, 82, 1, 0, 1, 1047, 677, 0, 1, 2, 0, 0, 0, 0, 0]),
 (12, [1754, 90, 0, 1, 0, 1633, 899, 1, 0, 1, 0, 1, 0, 1, 1]),
 (12, [1604, 83, 1, 1, 1, 1056, 1002, 0, 1, 0, 3, 0, 0, 1, 0]),
 (12, [1828, 46, 1, 0, 0, 1116, 1363, 1, 1, 2, 3, 0, 2, 2, 0]),
 (13, [713, 111, 1, 1, 0, 1378, 1140, 1, 0, 0, 0, 1, 1, 1, 2]),
 (12, [1754, 90, 0, 1, 0, 1633, 899, 1, 0, 1, 0, 1, 0, 1, 1]),
 (13, [713, 111, 1, 1, 0, 1378, 1140, 1, 0, 0, 0, 1, 1, 1, 2]),
 (12, [1489, 103, 1, 0, 1, 1806, 1435, 0, 1, 0, 2, 0, 0, 1, 0]),
 (12, [1489, 103, 1, 0, 1, 1806, 1435, 0, 1, 0, 2, 0, 0, 1, 0]),
 (12, [1826, 82, 1, 0, 1, 1047, 677, 0, 1, 2, 0, 0, 0, 0, 0]),
 (12, [1318, 41, 1, 0, 1, 1926, 731, 1, 0, 0, 4, 0, 0, 1, 2]),
 (12, [1604, 83, 1, 1, 1, 1056, 1002, 0, 1, 0, 3, 0, 0, 1, 0]),
 (12, [1318, 41, 1, 0, 1, 1926, 731, 1, 0, 0, 4, 0, 0, 1, 2]),
 (12, [1754, 90, 0, 1, 0, 1633, 899, 1, 0, 1, 0, 1, 0, 1, 1]),
 (12, [2025, 20, 0, 1, 1, 1572, 1819, 1, 1, 1, 3, 0, 2, 0, 0]),
 (12, [1754, 90, 0, 1, 0, 1633, 899, 1, 0, 1, 0, 1, 0, 1, 1]),
 (12, [1318, 41, 1, 0, 1, 1926, 731, 1, 0, 0, 4, 0, 0, 1, 2]),
 (12, [1318, 41, 1, 0, 1, 1926, 731, 1, 0, 0, 4, 0, 0, 1, 2]),
 (12, [1754, 90, 0, 1, 0, 1633, 899, 1, 0, 1, 0, 1, 0, 1, 1]),
 (13, [713, 111, 1, 1, 0, 1378, 1140, 1, 0, 0, 0, 1, 1, 1, 2]),
 (12, [1489, 103, 1, 0, 1, 1806, 1435, 0, 1, 0, 2, 0, 0, 1, 0]),
 (12, [1828, 46, 1, 0, 0, 1116, 1363, 1, 1, 2, 3, 0, 2, 2, 0]),
 (12, [1318, 41, 1, 0, 1, 1926, 731, 1, 0, 0, 4, 0, 0, 1, 2])]
population
[(999, [1995, 114, 1, 0, 1, 1394, 1769, 0, 1, 3, 2, 1, 1, 2, 2]),
 (999, [1899, 75, 0, 1, 1, 1448, 1012, 1, 1, 3, 1, 1, 2, 2, 0]),
 (999, [1882, 102, 1, 0, 1, 655, 1255, 1, 1, 3, 0, 0, 1, 1, 2]),
 (999, [1775, 49, 1, 1, 0, 1166, 1099, 1, 0, 3, 3, 0, 2, 1, 0]),
 (999, [1603, 86, 1, 0, 1, 909, 1338, 1, 0, 3, 3, 1, 2, 1, 1]),
 (999, [1363, 35, 0, 0, 0, 1686, 1630, 1, 1, 1, 5, 1, 2, 2, 1]),
 (999, [1344, 117, 1, 0, 0, 876, 964, 1, 1, 1, 5, 1, 0, 0, 1]),
 (999, [1240, 67, 1, 1, 0, 1329, 938, 1, 0, 3, 5, 0, 2, 2, 0]),
 (999, [1117, 103, 0, 0, 1, 1378, 730, 1, 1, 3, 2, 1, 1, 2, 1]),
 (999, [1083, 61, 0, 0, 1, 938, 908, 0, 0, 3, 3, 0, 0, 1, 1]),
 (999, [813, 69, 0, 1, 0, 729, 1438, 0, 0, 3, 4, 0, 1, 0, 0]),
 (999, [757, 48, 0, 1, 1, 1426, 1917, 1, 0, 3, 3, 0, 0, 2, 2]),
 (16, [2024, 91, 0, 0, 0, 1138, 1362, 0, 1, 1, 1, 0, 1, 2, 0]),
 (16, [1510, 30, 1, 1, 0, 1845, 1866, 1, 0, 1, 4, 1, 1, 0, 2]),
 (16, [1443, 17, 0, 0, 1, 523, 1806, 1, 1, 0, 2, 1, 0, 0, 2]),
 (16, [1215, 39, 1, 0, 0, 1376, 802, 1, 0, 0, 3, 1, 0, 1, 1]),
 (16, [1185, 112, 0, 1, 1, 1196, 1876, 1, 1, 1, 2, 0, 2, 2, 2]),
 (16, [942, 56, 0, 1, 1, 1292, 814, 1, 1, 0, 0, 1, 0, 0, 0]),
 (16, [933, 51, 0, 0, 0, 1277, 926, 1, 0, 1, 4, 0, 0, 1, 0]),
 (16, [694, 39, 1, 0, 1, 1635, 971, 0, 1, 1, 0, 1, 0, 1, 0]),
 (13, [713, 111, 1, 1, 0, 1378, 1140, 1, 0, 0, 0, 1, 1, 1, 2]),
 (12, [2030, 72, 1, 1, 0, 1237, 1214, 0, 0, 2, 4, 1, 0, 1, 2]),
 (12, [2025, 20, 0, 1, 1, 1572, 1819, 1, 1, 1, 3, 0, 2, 0, 0]),
 (12, [1970, 110, 0, 1, 0, 1154, 1957, 0, 1, 1, 4, 1, 0, 1, 2]),
 (12, [1871, 28, 0, 0, 1, 1063, 868, 1, 1, 1, 1, 0, 1, 0, 2]),
 (12, [1828, 46, 1, 0, 0, 1116, 1363, 1, 1, 2, 3, 0, 2, 2, 0]),
 (12, [1826, 82, 1, 0, 1, 1047, 677, 0, 1, 2, 0, 0, 0, 0, 0]),
 (12, [1754, 90, 0, 1, 0, 1633, 899, 1, 0, 1, 0, 1, 0, 1, 1]),
 (12, [1604, 83, 1, 1, 1, 1056, 1002, 0, 1, 0, 3, 0, 0, 1, 0]),
 (12, [1535, 44, 0, 0, 1, 1519, 1891, 0, 0, 0, 2, 1, 2, 0, 2]),
 (12, [1489, 103, 1, 0, 1, 1806, 1435, 0, 1, 0, 2, 0, 0, 1, 0]),
 (12, [1318, 41, 1, 0, 1, 1926, 731, 1, 0, 0, 4, 0, 0, 1, 2])]
scored
[(12, [1318, 41, 1, 0, 1, 1926, 731, 1, 0, 0, 4, 0, 0, 1, 2]),
 (12, [1489, 103, 1, 0, 1, 1806, 1435, 0, 1, 0, 2, 0, 0, 1, 0]),
 (12, [1535, 44, 0, 0, 1, 1519, 1891, 0, 0, 0, 2, 1, 2, 0, 2]),
 (12, [1604, 83, 1, 1, 1, 1056, 1002, 0, 1, 0, 3, 0, 0, 1, 0]),
 (12, [1754, 90, 0, 1, 0, 1633, 899, 1, 0, 1, 0, 1, 0, 1, 1]),
 (12, [1826, 82, 1, 0, 1, 1047, 677, 0, 1, 2, 0, 0, 0, 0, 0]),
 (12, [1828, 46, 1, 0, 0, 1116, 1363, 1, 1, 2, 3, 0, 2, 2, 0]),
 (12, [1871, 28, 0, 0, 1, 1063, 868, 1, 1, 1, 1, 0, 1, 0, 2]),
 (12, [1970, 110, 0, 1, 0, 1154, 1957, 0, 1, 1, 4, 1, 0, 1, 2]),
 (12, [2025, 20, 0, 1, 1, 1572, 1819, 1, 1, 1, 3, 0, 2, 0, 0]),
 (12, [2030, 72, 1, 1, 0, 1237, 1214, 0, 0, 2, 4, 1, 0, 1, 2]),
 (13, [713, 111, 1, 1, 0, 1378, 1140, 1, 0, 0, 0, 1, 1, 1, 2]),
 (16, [694, 39, 1, 0, 1, 1635, 971, 0, 1, 1, 0, 1, 0, 1, 0]),
 (16, [933, 51, 0, 0, 0, 1277, 926, 1, 0, 1, 4, 0, 0, 1, 0]),
 (16, [942, 56, 0, 1, 1, 1292, 814, 1, 1, 0, 0, 1, 0, 0, 0]),
 (16, [1185, 112, 0, 1, 1, 1196, 1876, 1, 1, 1, 2, 0, 2, 2, 2]),
 (16, [1215, 39, 1, 0, 0, 1376, 802, 1, 0, 0, 3, 1, 0, 1, 1]),
 (16, [1443, 17, 0, 0, 1, 523, 1806, 1, 1, 0, 2, 1, 0, 0, 2]),
 (16, [1510, 30, 1, 1, 0, 1845, 1866, 1, 0, 1, 4, 1, 1, 0, 2]),
 (16, [2024, 91, 0, 0, 0, 1138, 1362, 0, 1, 1, 1, 0, 1, 2, 0]),
 (999, [757, 48, 0, 1, 1, 1426, 1917, 1, 0, 3, 3, 0, 0, 2, 2]),
 (999, [813, 69, 0, 1, 0, 729, 1438, 0, 0, 3, 4, 0, 1, 0, 0]),
 (999, [1083, 61, 0, 0, 1, 938, 908, 0, 0, 3, 3, 0, 0, 1, 1]),
 (999, [1117, 103, 0, 0, 1, 1378, 730, 1, 1, 3, 2, 1, 1, 2, 1]),
 (999, [1240, 67, 1, 1, 0, 1329, 938, 1, 0, 3, 5, 0, 2, 2, 0]),
 (999, [1344, 117, 1, 0, 0, 876, 964, 1, 1, 1, 5, 1, 0, 0, 1]),
 (999, [1363, 35, 0, 0, 0, 1686, 1630, 1, 1, 1, 5, 1, 2, 2, 1]),
 (999, [1603, 86, 1, 0, 1, 909, 1338, 1, 0, 3, 3, 1, 2, 1, 1]),
 (999, [1775, 49, 1, 1, 0, 1166, 1099, 1, 0, 3, 3, 0, 2, 1, 0]),
 (999, [1882, 102, 1, 0, 1, 655, 1255, 1, 1, 3, 0, 0, 1, 1, 2]),
 (999, [1899, 75, 0, 1, 1, 1448, 1012, 1, 1, 3, 1, 1, 2, 2, 0]),
 (999, [1995, 114, 1, 0, 1, 1394, 1769, 0, 1, 3, 2, 1, 1, 2, 2])]
Selected
[(12, [1535, 44, 0, 0, 1, 1519, 1891, 0, 0, 0, 2, 1, 2, 0, 2]),
 (12, [1489, 103, 1, 0, 1, 1806, 1435, 0, 1, 0, 2, 0, 0, 1, 0]),
 (12, [1318, 41, 1, 0, 1, 1926, 731, 1, 0, 0, 4, 0, 0, 1, 2]),
 (12, [1604, 83, 1, 1, 1, 1056, 1002, 0, 1, 0, 3, 0, 0, 1, 0]),
 (12, [1828, 46, 1, 0, 0, 1116, 1363, 1, 1, 2, 3, 0, 2, 2, 0]),
 (12, [1489, 103, 1, 0, 1, 1806, 1435, 0, 1, 0, 2, 0, 0, 1, 0]),
 (12, [1754, 90, 0, 1, 0, 1633, 899, 1, 0, 1, 0, 1, 0, 1, 1]),
 (12, [1828, 46, 1, 0, 0, 1116, 1363, 1, 1, 2, 3, 0, 2, 2, 0]),
 (12, [1535, 44, 0, 0, 1, 1519, 1891, 0, 0, 0, 2, 1, 2, 0, 2]),
 (12, [1535, 44, 0, 0, 1, 1519, 1891, 0, 0, 0, 2, 1, 2, 0, 2]),
 (12, [1535, 44, 0, 0, 1, 1519, 1891, 0, 0, 0, 2, 1, 2, 0, 2]),
 (12, [1318, 41, 1, 0, 1, 1926, 731, 1, 0, 0, 4, 0, 0, 1, 2]),
 (12, [1754, 90, 0, 1, 0, 1633, 899, 1, 0, 1, 0, 1, 0, 1, 1]),
 (12, [1826, 82, 1, 0, 1, 1047, 677, 0, 1, 2, 0, 0, 0, 0, 0]),
 (12, [1535, 44, 0, 0, 1, 1519, 1891, 0, 0, 0, 2, 1, 2, 0, 2]),
 (12, [1828, 46, 1, 0, 0, 1116, 1363, 1, 1, 2, 3, 0, 2, 2, 0]),
 (12, [1828, 46, 1, 0, 0, 1116, 1363, 1, 1, 2, 3, 0, 2, 2, 0]),
 (12, [1489, 103, 1, 0, 1, 1806, 1435, 0, 1, 0, 2, 0, 0, 1, 0]),
 (12, [2030, 72, 1, 1, 0, 1237, 1214, 0, 0, 2, 4, 1, 0, 1, 2]),
 (12, [1826, 82, 1, 0, 1, 1047, 677, 0, 1, 2, 0, 0, 0, 0, 0]),
 (12, [1318, 41, 1, 0, 1, 1926, 731, 1, 0, 0, 4, 0, 0, 1, 2]),
 (12, [1489, 103, 1, 0, 1, 1806, 1435, 0, 1, 0, 2, 0, 0, 1, 0]),
 (12, [1828, 46, 1, 0, 0, 1116, 1363, 1, 1, 2, 3, 0, 2, 2, 0]),
 (16, [1215, 39, 1, 0, 0, 1376, 802, 1, 0, 0, 3, 1, 0, 1, 1]),
 (12, [1535, 44, 0, 0, 1, 1519, 1891, 0, 0, 0, 2, 1, 2, 0, 2]),
 (12, [2030, 72, 1, 1, 0, 1237, 1214, 0, 0, 2, 4, 1, 0, 1, 2]),
 (12, [1489, 103, 1, 0, 1, 1806, 1435, 0, 1, 0, 2, 0, 0, 1, 0])]
population
[(999, [1995, 114, 1, 0, 1, 1394, 1769, 0, 1, 3, 2, 1, 1, 2, 2]),
 (999, [1899, 75, 0, 1, 1, 1448, 1012, 1, 1, 3, 1, 1, 2, 2, 0]),
 (999, [1882, 102, 1, 0, 1, 655, 1255, 1, 1, 3, 0, 0, 1, 1, 2]),
 (999, [1775, 49, 1, 1, 0, 1166, 1099, 1, 0, 3, 3, 0, 2, 1, 0]),
 (999, [1603, 86, 1, 0, 1, 909, 1338, 1, 0, 3, 3, 1, 2, 1, 1]),
 (999, [1363, 35, 0, 0, 0, 1686, 1630, 1, 1, 1, 5, 1, 2, 2, 1]),
 (999, [1344, 117, 1, 0, 0, 876, 964, 1, 1, 1, 5, 1, 0, 0, 1]),
 (999, [1240, 67, 1, 1, 0, 1329, 938, 1, 0, 3, 5, 0, 2, 2, 0]),
 (999, [1117, 103, 0, 0, 1, 1378, 730, 1, 1, 3, 2, 1, 1, 2, 1]),
 (999, [1083, 61, 0, 0, 1, 938, 908, 0, 0, 3, 3, 0, 0, 1, 1]),
 (999, [813, 69, 0, 1, 0, 729, 1438, 0, 0, 3, 4, 0, 1, 0, 0]),
 (999, [757, 48, 0, 1, 1, 1426, 1917, 1, 0, 3, 3, 0, 0, 2, 2]),
 (16, [2024, 91, 0, 0, 0, 1138, 1362, 0, 1, 1, 1, 0, 1, 2, 0]),
 (16, [1510, 30, 1, 1, 0, 1845, 1866, 1, 0, 1, 4, 1, 1, 0, 2]),
 (16, [1443, 17, 0, 0, 1, 523, 1806, 1, 1, 0, 2, 1, 0, 0, 2]),
 (16, [1215, 39, 1, 0, 0, 1376, 802, 1, 0, 0, 3, 1, 0, 1, 1]),
 (16, [1185, 112, 0, 1, 1, 1196, 1876, 1, 1, 1, 2, 0, 2, 2, 2]),
 (16, [942, 56, 0, 1, 1, 1292, 814, 1, 1, 0, 0, 1, 0, 0, 0]),
 (16, [933, 51, 0, 0, 0, 1277, 926, 1, 0, 1, 4, 0, 0, 1, 0]),
 (16, [694, 39, 1, 0, 1, 1635, 971, 0, 1, 1, 0, 1, 0, 1, 0]),
 (13, [713, 111, 1, 1, 0, 1378, 1140, 1, 0, 0, 0, 1, 1, 1, 2]),
 (12, [2030, 72, 1, 1, 0, 1237, 1214, 0, 0, 2, 4, 1, 0, 1, 2]),
 (12, [2025, 20, 0, 1, 1, 1572, 1819, 1, 1, 1, 3, 0, 2, 0, 0]),
 (12, [1970, 110, 0, 1, 0, 1154, 1957, 0, 1, 1, 4, 1, 0, 1, 2]),
 (12, [1871, 28, 0, 0, 1, 1063, 868, 1, 1, 1, 1, 0, 1, 0, 2]),
 (12, [1828, 46, 1, 0, 0, 1116, 1363, 1, 1, 2, 3, 0, 2, 2, 0]),
 (12, [1826, 82, 1, 0, 1, 1047, 677, 0, 1, 2, 0, 0, 0, 0, 0]),
 (12, [1754, 90, 0, 1, 0, 1633, 899, 1, 0, 1, 0, 1, 0, 1, 1]),
 (12, [1604, 83, 1, 1, 1, 1056, 1002, 0, 1, 0, 3, 0, 0, 1, 0]),
 (12, [1535, 44, 0, 0, 1, 1519, 1891, 0, 0, 0, 2, 1, 2, 0, 2]),
 (12, [1489, 103, 1, 0, 1, 1806, 1435, 0, 1, 0, 2, 0, 0, 1, 0]),
 (12, [1318, 41, 1, 0, 1, 1926, 731, 1, 0, 0, 4, 0, 0, 1, 2])]
scored
[(12, [1318, 41, 1, 0, 1, 1926, 731, 1, 0, 0, 4, 0, 0, 1, 2]),
 (12, [1489, 103, 1, 0, 1, 1806, 1435, 0, 1, 0, 2, 0, 0, 1, 0]),
 (12, [1535, 44, 0, 0, 1, 1519, 1891, 0, 0, 0, 2, 1, 2, 0, 2]),
 (12, [1604, 83, 1, 1, 1, 1056, 1002, 0, 1, 0, 3, 0, 0, 1, 0]),
 (12, [1754, 90, 0, 1, 0, 1633, 899, 1, 0, 1, 0, 1, 0, 1, 1]),
 (12, [1826, 82, 1, 0, 1, 1047, 677, 0, 1, 2, 0, 0, 0, 0, 0]),
 (12, [1828, 46, 1, 0, 0, 1116, 1363, 1, 1, 2, 3, 0, 2, 2, 0]),
 (12, [1871, 28, 0, 0, 1, 1063, 868, 1, 1, 1, 1, 0, 1, 0, 2]),
 (12, [1970, 110, 0, 1, 0, 1154, 1957, 0, 1, 1, 4, 1, 0, 1, 2]),
 (12, [2025, 20, 0, 1, 1, 1572, 1819, 1, 1, 1, 3, 0, 2, 0, 0]),
 (12, [2030, 72, 1, 1, 0, 1237, 1214, 0, 0, 2, 4, 1, 0, 1, 2]),
 (13, [713, 111, 1, 1, 0, 1378, 1140, 1, 0, 0, 0, 1, 1, 1, 2]),
 (16, [694, 39, 1, 0, 1, 1635, 971, 0, 1, 1, 0, 1, 0, 1, 0]),
 (16, [933, 51, 0, 0, 0, 1277, 926, 1, 0, 1, 4, 0, 0, 1, 0]),
 (16, [942, 56, 0, 1, 1, 1292, 814, 1, 1, 0, 0, 1, 0, 0, 0]),
 (16, [1185, 112, 0, 1, 1, 1196, 1876, 1, 1, 1, 2, 0, 2, 2, 2]),
 (16, [1215, 39, 1, 0, 0, 1376, 802, 1, 0, 0, 3, 1, 0, 1, 1]),
 (16, [1443, 17, 0, 0, 1, 523, 1806, 1, 1, 0, 2, 1, 0, 0, 2]),
 (16, [1510, 30, 1, 1, 0, 1845, 1866, 1, 0, 1, 4, 1, 1, 0, 2]),
 (16, [2024, 91, 0, 0, 0, 1138, 1362, 0, 1, 1, 1, 0, 1, 2, 0]),
 (999, [757, 48, 0, 1, 1, 1426, 1917, 1, 0, 3, 3, 0, 0, 2, 2]),
 (999, [813, 69, 0, 1, 0, 729, 1438, 0, 0, 3, 4, 0, 1, 0, 0]),
 (999, [1083, 61, 0, 0, 1, 938, 908, 0, 0, 3, 3, 0, 0, 1, 1]),
 (999, [1117, 103, 0, 0, 1, 1378, 730, 1, 1, 3, 2, 1, 1, 2, 1]),
 (999, [1240, 67, 1, 1, 0, 1329, 938, 1, 0, 3, 5, 0, 2, 2, 0]),
 (999, [1344, 117, 1, 0, 0, 876, 964, 1, 1, 1, 5, 1, 0, 0, 1]),
 (999, [1363, 35, 0, 0, 0, 1686, 1630, 1, 1, 1, 5, 1, 2, 2, 1]),
 (999, [1603, 86, 1, 0, 1, 909, 1338, 1, 0, 3, 3, 1, 2, 1, 1]),
 (999, [1775, 49, 1, 1, 0, 1166, 1099, 1, 0, 3, 3, 0, 2, 1, 0]),
 (999, [1882, 102, 1, 0, 1, 655, 1255, 1, 1, 3, 0, 0, 1, 1, 2]),
 (999, [1899, 75, 0, 1, 1, 1448, 1012, 1, 1, 3, 1, 1, 2, 2, 0]),
 (999, [1995, 114, 1, 0, 1, 1394, 1769, 0, 1, 3, 2, 1, 1, 2, 2])]
Selected
[(12, [1535, 44, 0, 0, 1, 1519, 1891, 0, 0, 0, 2, 1, 2, 0, 2]),
 (12, [1318, 41, 1, 0, 1, 1926, 731, 1, 0, 0, 4, 0, 0, 1, 2]),
 (12, [1970, 110, 0, 1, 0, 1154, 1957, 0, 1, 1, 4, 1, 0, 1, 2]),
 (12, [1489, 103, 1, 0, 1, 1806, 1435, 0, 1, 0, 2, 0, 0, 1, 0]),
 (12, [1318, 41, 1, 0, 1, 1926, 731, 1, 0, 0, 4, 0, 0, 1, 2]),
 (12, [1871, 28, 0, 0, 1, 1063, 868, 1, 1, 1, 1, 0, 1, 0, 2]),
 (12, [1871, 28, 0, 0, 1, 1063, 868, 1, 1, 1, 1, 0, 1, 0, 2]),
 (12, [1826, 82, 1, 0, 1, 1047, 677, 0, 1, 2, 0, 0, 0, 0, 0]),
 (12, [1604, 83, 1, 1, 1, 1056, 1002, 0, 1, 0, 3, 0, 0, 1, 0]),
 (12, [1489, 103, 1, 0, 1, 1806, 1435, 0, 1, 0, 2, 0, 0, 1, 0]),
 (12, [1489, 103, 1, 0, 1, 1806, 1435, 0, 1, 0, 2, 0, 0, 1, 0]),
 (12, [1489, 103, 1, 0, 1, 1806, 1435, 0, 1, 0, 2, 0, 0, 1, 0]),
 (12, [1535, 44, 0, 0, 1, 1519, 1891, 0, 0, 0, 2, 1, 2, 0, 2]),
 (16, [942, 56, 0, 1, 1, 1292, 814, 1, 1, 0, 0, 1, 0, 0, 0]),
 (12, [1826, 82, 1, 0, 1, 1047, 677, 0, 1, 2, 0, 0, 0, 0, 0]),
 (12, [1828, 46, 1, 0, 0, 1116, 1363, 1, 1, 2, 3, 0, 2, 2, 0]),
 (12, [1604, 83, 1, 1, 1, 1056, 1002, 0, 1, 0, 3, 0, 0, 1, 0]),
 (12, [1489, 103, 1, 0, 1, 1806, 1435, 0, 1, 0, 2, 0, 0, 1, 0]),
 (12, [1826, 82, 1, 0, 1, 1047, 677, 0, 1, 2, 0, 0, 0, 0, 0]),
 (12, [2025, 20, 0, 1, 1, 1572, 1819, 1, 1, 1, 3, 0, 2, 0, 0]),
 (12, [1828, 46, 1, 0, 0, 1116, 1363, 1, 1, 2, 3, 0, 2, 2, 0]),
 (12, [1318, 41, 1, 0, 1, 1926, 731, 1, 0, 0, 4, 0, 0, 1, 2]),
 (12, [1604, 83, 1, 1, 1, 1056, 1002, 0, 1, 0, 3, 0, 0, 1, 0]),
 (12, [1535, 44, 0, 0, 1, 1519, 1891, 0, 0, 0, 2, 1, 2, 0, 2]),
 (12, [1828, 46, 1, 0, 0, 1116, 1363, 1, 1, 2, 3, 0, 2, 2, 0]),
 (12, [1871, 28, 0, 0, 1, 1063, 868, 1, 1, 1, 1, 0, 1, 0, 2]),
 (12, [1535, 44, 0, 0, 1, 1519, 1891, 0, 0, 0, 2, 1, 2, 0, 2])]
population
[(999, [1995, 114, 1, 0, 1, 1394, 1769, 0, 1, 3, 2, 1, 1, 2, 2]),
 (999, [1899, 75, 0, 1, 1, 1448, 1012, 1, 1, 3, 1, 1, 2, 2, 0]),
 (999, [1882, 102, 1, 0, 1, 655, 1255, 1, 1, 3, 0, 0, 1, 1, 2]),
 (999, [1775, 49, 1, 1, 0, 1166, 1099, 1, 0, 3, 3, 0, 2, 1, 0]),
 (999, [1603, 86, 1, 0, 1, 909, 1338, 1, 0, 3, 3, 1, 2, 1, 1]),
 (999, [1363, 35, 0, 0, 0, 1686, 1630, 1, 1, 1, 5, 1, 2, 2, 1]),
 (999, [1344, 117, 1, 0, 0, 876, 964, 1, 1, 1, 5, 1, 0, 0, 1]),
 (999, [1240, 67, 1, 1, 0, 1329, 938, 1, 0, 3, 5, 0, 2, 2, 0]),
 (999, [1117, 103, 0, 0, 1, 1378, 730, 1, 1, 3, 2, 1, 1, 2, 1]),
 (999, [1083, 61, 0, 0, 1, 938, 908, 0, 0, 3, 3, 0, 0, 1, 1]),
 (999, [813, 69, 0, 1, 0, 729, 1438, 0, 0, 3, 4, 0, 1, 0, 0]),
 (999, [757, 48, 0, 1, 1, 1426, 1917, 1, 0, 3, 3, 0, 0, 2, 2]),
 (16, [2024, 91, 0, 0, 0, 1138, 1362, 0, 1, 1, 1, 0, 1, 2, 0]),
 (16, [1510, 30, 1, 1, 0, 1845, 1866, 1, 0, 1, 4, 1, 1, 0, 2]),
 (16, [1443, 17, 0, 0, 1, 523, 1806, 1, 1, 0, 2, 1, 0, 0, 2]),
 (16, [1215, 39, 1, 0, 0, 1376, 802, 1, 0, 0, 3, 1, 0, 1, 1]),
 (16, [1185, 112, 0, 1, 1, 1196, 1876, 1, 1, 1, 2, 0, 2, 2, 2]),
 (16, [942, 56, 0, 1, 1, 1292, 814, 1, 1, 0, 0, 1, 0, 0, 0]),
 (16, [933, 51, 0, 0, 0, 1277, 926, 1, 0, 1, 4, 0, 0, 1, 0]),
 (16, [694, 39, 1, 0, 1, 1635, 971, 0, 1, 1, 0, 1, 0, 1, 0]),
 (13, [713, 111, 1, 1, 0, 1378, 1140, 1, 0, 0, 0, 1, 1, 1, 2]),
 (12, [2030, 72, 1, 1, 0, 1237, 1214, 0, 0, 2, 4, 1, 0, 1, 2]),
 (12, [2025, 20, 0, 1, 1, 1572, 1819, 1, 1, 1, 3, 0, 2, 0, 0]),
 (12, [1970, 110, 0, 1, 0, 1154, 1957, 0, 1, 1, 4, 1, 0, 1, 2]),
 (12, [1871, 28, 0, 0, 1, 1063, 868, 1, 1, 1, 1, 0, 1, 0, 2]),
 (12, [1828, 46, 1, 0, 0, 1116, 1363, 1, 1, 2, 3, 0, 2, 2, 0]),
 (12, [1826, 82, 1, 0, 1, 1047, 677, 0, 1, 2, 0, 0, 0, 0, 0]),
 (12, [1754, 90, 0, 1, 0, 1633, 899, 1, 0, 1, 0, 1, 0, 1, 1]),
 (12, [1604, 83, 1, 1, 1, 1056, 1002, 0, 1, 0, 3, 0, 0, 1, 0]),
 (12, [1535, 44, 0, 0, 1, 1519, 1891, 0, 0, 0, 2, 1, 2, 0, 2]),
 (12, [1489, 103, 1, 0, 1, 1806, 1435, 0, 1, 0, 2, 0, 0, 1, 0]),
 (12, [1318, 41, 1, 0, 1, 1926, 731, 1, 0, 0, 4, 0, 0, 1, 2])]
scored
[(12, [1318, 41, 1, 0, 1, 1926, 731, 1, 0, 0, 4, 0, 0, 1, 2]),
 (12, [1489, 103, 1, 0, 1, 1806, 1435, 0, 1, 0, 2, 0, 0, 1, 0]),
 (12, [1535, 44, 0, 0, 1, 1519, 1891, 0, 0, 0, 2, 1, 2, 0, 2]),
 (12, [1604, 83, 1, 1, 1, 1056, 1002, 0, 1, 0, 3, 0, 0, 1, 0]),
 (12, [1754, 90, 0, 1, 0, 1633, 899, 1, 0, 1, 0, 1, 0, 1, 1]),
 (12, [1826, 82, 1, 0, 1, 1047, 677, 0, 1, 2, 0, 0, 0, 0, 0]),
 (12, [1828, 46, 1, 0, 0, 1116, 1363, 1, 1, 2, 3, 0, 2, 2, 0]),
 (12, [1871, 28, 0, 0, 1, 1063, 868, 1, 1, 1, 1, 0, 1, 0, 2]),
 (12, [1970, 110, 0, 1, 0, 1154, 1957, 0, 1, 1, 4, 1, 0, 1, 2]),
 (12, [2025, 20, 0, 1, 1, 1572, 1819, 1, 1, 1, 3, 0, 2, 0, 0]),
 (12, [2030, 72, 1, 1, 0, 1237, 1214, 0, 0, 2, 4, 1, 0, 1, 2]),
 (13, [713, 111, 1, 1, 0, 1378, 1140, 1, 0, 0, 0, 1, 1, 1, 2]),
 (16, [694, 39, 1, 0, 1, 1635, 971, 0, 1, 1, 0, 1, 0, 1, 0]),
 (16, [933, 51, 0, 0, 0, 1277, 926, 1, 0, 1, 4, 0, 0, 1, 0]),
 (16, [942, 56, 0, 1, 1, 1292, 814, 1, 1, 0, 0, 1, 0, 0, 0]),
 (16, [1185, 112, 0, 1, 1, 1196, 1876, 1, 1, 1, 2, 0, 2, 2, 2]),
 (16, [1215, 39, 1, 0, 0, 1376, 802, 1, 0, 0, 3, 1, 0, 1, 1]),
 (16, [1443, 17, 0, 0, 1, 523, 1806, 1, 1, 0, 2, 1, 0, 0, 2]),
 (16, [1510, 30, 1, 1, 0, 1845, 1866, 1, 0, 1, 4, 1, 1, 0, 2]),
 (16, [2024, 91, 0, 0, 0, 1138, 1362, 0, 1, 1, 1, 0, 1, 2, 0]),
 (999, [757, 48, 0, 1, 1, 1426, 1917, 1, 0, 3, 3, 0, 0, 2, 2]),
 (999, [813, 69, 0, 1, 0, 729, 1438, 0, 0, 3, 4, 0, 1, 0, 0]),
 (999, [1083, 61, 0, 0, 1, 938, 908, 0, 0, 3, 3, 0, 0, 1, 1]),
 (999, [1117, 103, 0, 0, 1, 1378, 730, 1, 1, 3, 2, 1, 1, 2, 1]),
 (999, [1240, 67, 1, 1, 0, 1329, 938, 1, 0, 3, 5, 0, 2, 2, 0]),
 (999, [1344, 117, 1, 0, 0, 876, 964, 1, 1, 1, 5, 1, 0, 0, 1]),
 (999, [1363, 35, 0, 0, 0, 1686, 1630, 1, 1, 1, 5, 1, 2, 2, 1]),
 (999, [1603, 86, 1, 0, 1, 909, 1338, 1, 0, 3, 3, 1, 2, 1, 1]),
 (999, [1775, 49, 1, 1, 0, 1166, 1099, 1, 0, 3, 3, 0, 2, 1, 0]),
 (999, [1882, 102, 1, 0, 1, 655, 1255, 1, 1, 3, 0, 0, 1, 1, 2]),
 (999, [1899, 75, 0, 1, 1, 1448, 1012, 1, 1, 3, 1, 1, 2, 2, 0]),
 (999, [1995, 114, 1, 0, 1, 1394, 1769, 0, 1, 3, 2, 1, 1, 2, 2])]
Selected
[(12, [1535, 44, 0, 0, 1, 1519, 1891, 0, 0, 0, 2, 1, 2, 0, 2]),
 (12, [1826, 82, 1, 0, 1, 1047, 677, 0, 1, 2, 0, 0, 0, 0, 0]),
 (12, [1604, 83, 1, 1, 1, 1056, 1002, 0, 1, 0, 3, 0, 0, 1, 0]),
 (12, [1535, 44, 0, 0, 1, 1519, 1891, 0, 0, 0, 2, 1, 2, 0, 2]),
 (13, [713, 111, 1, 1, 0, 1378, 1140, 1, 0, 0, 0, 1, 1, 1, 2]),
 (12, [1604, 83, 1, 1, 1, 1056, 1002, 0, 1, 0, 3, 0, 0, 1, 0]),
 (12, [2025, 20, 0, 1, 1, 1572, 1819, 1, 1, 1, 3, 0, 2, 0, 0]),
 (12, [1754, 90, 0, 1, 0, 1633, 899, 1, 0, 1, 0, 1, 0, 1, 1]),
 (12, [1826, 82, 1, 0, 1, 1047, 677, 0, 1, 2, 0, 0, 0, 0, 0]),
 (16, [1510, 30, 1, 1, 0, 1845, 1866, 1, 0, 1, 4, 1, 1, 0, 2]),
 (12, [1826, 82, 1, 0, 1, 1047, 677, 0, 1, 2, 0, 0, 0, 0, 0]),
 (12, [1318, 41, 1, 0, 1, 1926, 731, 1, 0, 0, 4, 0, 0, 1, 2]),
 (12, [1754, 90, 0, 1, 0, 1633, 899, 1, 0, 1, 0, 1, 0, 1, 1]),
 (12, [1604, 83, 1, 1, 1, 1056, 1002, 0, 1, 0, 3, 0, 0, 1, 0]),
 (12, [1754, 90, 0, 1, 0, 1633, 899, 1, 0, 1, 0, 1, 0, 1, 1]),
 (12, [1535, 44, 0, 0, 1, 1519, 1891, 0, 0, 0, 2, 1, 2, 0, 2]),
 (12, [1828, 46, 1, 0, 0, 1116, 1363, 1, 1, 2, 3, 0, 2, 2, 0]),
 (12, [1318, 41, 1, 0, 1, 1926, 731, 1, 0, 0, 4, 0, 0, 1, 2]),
 (12, [2025, 20, 0, 1, 1, 1572, 1819, 1, 1, 1, 3, 0, 2, 0, 0]),
 (12, [1318, 41, 1, 0, 1, 1926, 731, 1, 0, 0, 4, 0, 0, 1, 2]),
 (12, [1604, 83, 1, 1, 1, 1056, 1002, 0, 1, 0, 3, 0, 0, 1, 0]),
 (12, [1826, 82, 1, 0, 1, 1047, 677, 0, 1, 2, 0, 0, 0, 0, 0]),
 (12, [1826, 82, 1, 0, 1, 1047, 677, 0, 1, 2, 0, 0, 0, 0, 0]),
 (12, [2025, 20, 0, 1, 1, 1572, 1819, 1, 1, 1, 3, 0, 2, 0, 0]),
 (12, [1754, 90, 0, 1, 0, 1633, 899, 1, 0, 1, 0, 1, 0, 1, 1]),
 (12, [1970, 110, 0, 1, 0, 1154, 1957, 0, 1, 1, 4, 1, 0, 1, 2]),
 (12, [1826, 82, 1, 0, 1, 1047, 677, 0, 1, 2, 0, 0, 0, 0, 0])]
population
[(999, [1995, 114, 1, 0, 1, 1394, 1769, 0, 1, 3, 2, 1, 1, 2, 2]),
 (999, [1899, 75, 0, 1, 1, 1448, 1012, 1, 1, 3, 1, 1, 2, 2, 0]),
 (999, [1882, 102, 1, 0, 1, 655, 1255, 1, 1, 3, 0, 0, 1, 1, 2]),
 (999, [1775, 49, 1, 1, 0, 1166, 1099, 1, 0, 3, 3, 0, 2, 1, 0]),
 (999, [1603, 86, 1, 0, 1, 909, 1338, 1, 0, 3, 3, 1, 2, 1, 1]),
 (999, [1363, 35, 0, 0, 0, 1686, 1630, 1, 1, 1, 5, 1, 2, 2, 1]),
 (999, [1344, 117, 1, 0, 0, 876, 964, 1, 1, 1, 5, 1, 0, 0, 1]),
 (999, [1240, 67, 1, 1, 0, 1329, 938, 1, 0, 3, 5, 0, 2, 2, 0]),
 (999, [1117, 103, 0, 0, 1, 1378, 730, 1, 1, 3, 2, 1, 1, 2, 1]),
 (999, [1083, 61, 0, 0, 1, 938, 908, 0, 0, 3, 3, 0, 0, 1, 1]),
 (999, [813, 69, 0, 1, 0, 729, 1438, 0, 0, 3, 4, 0, 1, 0, 0]),
 (999, [757, 48, 0, 1, 1, 1426, 1917, 1, 0, 3, 3, 0, 0, 2, 2]),
 (16, [2024, 91, 0, 0, 0, 1138, 1362, 0, 1, 1, 1, 0, 1, 2, 0]),
 (16, [1510, 30, 1, 1, 0, 1845, 1866, 1, 0, 1, 4, 1, 1, 0, 2]),
 (16, [1443, 17, 0, 0, 1, 523, 1806, 1, 1, 0, 2, 1, 0, 0, 2]),
 (16, [1215, 39, 1, 0, 0, 1376, 802, 1, 0, 0, 3, 1, 0, 1, 1]),
 (16, [1185, 112, 0, 1, 1, 1196, 1876, 1, 1, 1, 2, 0, 2, 2, 2]),
 (16, [942, 56, 0, 1, 1, 1292, 814, 1, 1, 0, 0, 1, 0, 0, 0]),
 (16, [933, 51, 0, 0, 0, 1277, 926, 1, 0, 1, 4, 0, 0, 1, 0]),
 (16, [694, 39, 1, 0, 1, 1635, 971, 0, 1, 1, 0, 1, 0, 1, 0]),
 (13, [713, 111, 1, 1, 0, 1378, 1140, 1, 0, 0, 0, 1, 1, 1, 2]),
 (12, [2030, 72, 1, 1, 0, 1237, 1214, 0, 0, 2, 4, 1, 0, 1, 2]),
 (12, [2025, 20, 0, 1, 1, 1572, 1819, 1, 1, 1, 3, 0, 2, 0, 0]),
 (12, [1970, 110, 0, 1, 0, 1154, 1957, 0, 1, 1, 4, 1, 0, 1, 2]),
 (12, [1871, 28, 0, 0, 1, 1063, 868, 1, 1, 1, 1, 0, 1, 0, 2]),
 (12, [1828, 46, 1, 0, 0, 1116, 1363, 1, 1, 2, 3, 0, 2, 2, 0]),
 (12, [1826, 82, 1, 0, 1, 1047, 677, 0, 1, 2, 0, 0, 0, 0, 0]),
 (12, [1754, 90, 0, 1, 0, 1633, 899, 1, 0, 1, 0, 1, 0, 1, 1]),
 (12, [1604, 83, 1, 1, 1, 1056, 1002, 0, 1, 0, 3, 0, 0, 1, 0]),
 (12, [1535, 44, 0, 0, 1, 1519, 1891, 0, 0, 0, 2, 1, 2, 0, 2]),
 (12, [1489, 103, 1, 0, 1, 1806, 1435, 0, 1, 0, 2, 0, 0, 1, 0]),
 (12, [1318, 41, 1, 0, 1, 1926, 731, 1, 0, 0, 4, 0, 0, 1, 2])]
scored
[(12, [1318, 41, 1, 0, 1, 1926, 731, 1, 0, 0, 4, 0, 0, 1, 2]),
 (12, [1489, 103, 1, 0, 1, 1806, 1435, 0, 1, 0, 2, 0, 0, 1, 0]),
 (12, [1535, 44, 0, 0, 1, 1519, 1891, 0, 0, 0, 2, 1, 2, 0, 2]),
 (12, [1604, 83, 1, 1, 1, 1056, 1002, 0, 1, 0, 3, 0, 0, 1, 0]),
 (12, [1754, 90, 0, 1, 0, 1633, 899, 1, 0, 1, 0, 1, 0, 1, 1]),
 (12, [1826, 82, 1, 0, 1, 1047, 677, 0, 1, 2, 0, 0, 0, 0, 0]),
 (12, [1828, 46, 1, 0, 0, 1116, 1363, 1, 1, 2, 3, 0, 2, 2, 0]),
 (12, [1871, 28, 0, 0, 1, 1063, 868, 1, 1, 1, 1, 0, 1, 0, 2]),
 (12, [1970, 110, 0, 1, 0, 1154, 1957, 0, 1, 1, 4, 1, 0, 1, 2]),
 (12, [2025, 20, 0, 1, 1, 1572, 1819, 1, 1, 1, 3, 0, 2, 0, 0]),
 (12, [2030, 72, 1, 1, 0, 1237, 1214, 0, 0, 2, 4, 1, 0, 1, 2]),
 (13, [713, 111, 1, 1, 0, 1378, 1140, 1, 0, 0, 0, 1, 1, 1, 2]),
 (16, [694, 39, 1, 0, 1, 1635, 971, 0, 1, 1, 0, 1, 0, 1, 0]),
 (16, [933, 51, 0, 0, 0, 1277, 926, 1, 0, 1, 4, 0, 0, 1, 0]),
 (16, [942, 56, 0, 1, 1, 1292, 814, 1, 1, 0, 0, 1, 0, 0, 0]),
 (16, [1185, 112, 0, 1, 1, 1196, 1876, 1, 1, 1, 2, 0, 2, 2, 2]),
 (16, [1215, 39, 1, 0, 0, 1376, 802, 1, 0, 0, 3, 1, 0, 1, 1]),
 (16, [1443, 17, 0, 0, 1, 523, 1806, 1, 1, 0, 2, 1, 0, 0, 2]),
 (16, [1510, 30, 1, 1, 0, 1845, 1866, 1, 0, 1, 4, 1, 1, 0, 2]),
 (16, [2024, 91, 0, 0, 0, 1138, 1362, 0, 1, 1, 1, 0, 1, 2, 0]),
 (999, [757, 48, 0, 1, 1, 1426, 1917, 1, 0, 3, 3, 0, 0, 2, 2]),
 (999, [813, 69, 0, 1, 0, 729, 1438, 0, 0, 3, 4, 0, 1, 0, 0]),
 (999, [1083, 61, 0, 0, 1, 938, 908, 0, 0, 3, 3, 0, 0, 1, 1]),
 (999, [1117, 103, 0, 0, 1, 1378, 730, 1, 1, 3, 2, 1, 1, 2, 1]),
 (999, [1240, 67, 1, 1, 0, 1329, 938, 1, 0, 3, 5, 0, 2, 2, 0]),
 (999, [1344, 117, 1, 0, 0, 876, 964, 1, 1, 1, 5, 1, 0, 0, 1]),
 (999, [1363, 35, 0, 0, 0, 1686, 1630, 1, 1, 1, 5, 1, 2, 2, 1]),
 (999, [1603, 86, 1, 0, 1, 909, 1338, 1, 0, 3, 3, 1, 2, 1, 1]),
 (999, [1775, 49, 1, 1, 0, 1166, 1099, 1, 0, 3, 3, 0, 2, 1, 0]),
 (999, [1882, 102, 1, 0, 1, 655, 1255, 1, 1, 3, 0, 0, 1, 1, 2]),
 (999, [1899, 75, 0, 1, 1, 1448, 1012, 1, 1, 3, 1, 1, 2, 2, 0]),
 (999, [1995, 114, 1, 0, 1, 1394, 1769, 0, 1, 3, 2, 1, 1, 2, 2])]
Selected
[(12, [2025, 20, 0, 1, 1, 1572, 1819, 1, 1, 1, 3, 0, 2, 0, 0]),
 (12, [1489, 103, 1, 0, 1, 1806, 1435, 0, 1, 0, 2, 0, 0, 1, 0]),
 (12, [1535, 44, 0, 0, 1, 1519, 1891, 0, 0, 0, 2, 1, 2, 0, 2]),
 (12, [1754, 90, 0, 1, 0, 1633, 899, 1, 0, 1, 0, 1, 0, 1, 1]),
 (12, [1489, 103, 1, 0, 1, 1806, 1435, 0, 1, 0, 2, 0, 0, 1, 0]),
 (12, [1489, 103, 1, 0, 1, 1806, 1435, 0, 1, 0, 2, 0, 0, 1, 0]),
 (12, [1318, 41, 1, 0, 1, 1926, 731, 1, 0, 0, 4, 0, 0, 1, 2]),
 (12, [1754, 90, 0, 1, 0, 1633, 899, 1, 0, 1, 0, 1, 0, 1, 1]),
 (12, [1489, 103, 1, 0, 1, 1806, 1435, 0, 1, 0, 2, 0, 0, 1, 0]),
 (12, [1828, 46, 1, 0, 0, 1116, 1363, 1, 1, 2, 3, 0, 2, 2, 0]),
 (16, [942, 56, 0, 1, 1, 1292, 814, 1, 1, 0, 0, 1, 0, 0, 0]),
 (12, [1970, 110, 0, 1, 0, 1154, 1957, 0, 1, 1, 4, 1, 0, 1, 2]),
 (12, [1535, 44, 0, 0, 1, 1519, 1891, 0, 0, 0, 2, 1, 2, 0, 2]),
 (12, [1970, 110, 0, 1, 0, 1154, 1957, 0, 1, 1, 4, 1, 0, 1, 2]),
 (12, [1318, 41, 1, 0, 1, 1926, 731, 1, 0, 0, 4, 0, 0, 1, 2]),
 (12, [1828, 46, 1, 0, 0, 1116, 1363, 1, 1, 2, 3, 0, 2, 2, 0]),
 (12, [1970, 110, 0, 1, 0, 1154, 1957, 0, 1, 1, 4, 1, 0, 1, 2]),
 (12, [2030, 72, 1, 1, 0, 1237, 1214, 0, 0, 2, 4, 1, 0, 1, 2]),
 (12, [1826, 82, 1, 0, 1, 1047, 677, 0, 1, 2, 0, 0, 0, 0, 0]),
 (12, [1871, 28, 0, 0, 1, 1063, 868, 1, 1, 1, 1, 0, 1, 0, 2]),
 (12, [1604, 83, 1, 1, 1, 1056, 1002, 0, 1, 0, 3, 0, 0, 1, 0]),
 (12, [1754, 90, 0, 1, 0, 1633, 899, 1, 0, 1, 0, 1, 0, 1, 1]),
 (12, [1535, 44, 0, 0, 1, 1519, 1891, 0, 0, 0, 2, 1, 2, 0, 2]),
 (12, [1604, 83, 1, 1, 1, 1056, 1002, 0, 1, 0, 3, 0, 0, 1, 0]),
 (12, [1604, 83, 1, 1, 1, 1056, 1002, 0, 1, 0, 3, 0, 0, 1, 0]),
 (12, [1604, 83, 1, 1, 1, 1056, 1002, 0, 1, 0, 3, 0, 0, 1, 0]),
 (12, [1489, 103, 1, 0, 1, 1806, 1435, 0, 1, 0, 2, 0, 0, 1, 0])]
population
[(999, [1995, 114, 1, 0, 1, 1394, 1769, 0, 1, 3, 2, 1, 1, 2, 2]),
 (999, [1899, 75, 0, 1, 1, 1448, 1012, 1, 1, 3, 1, 1, 2, 2, 0]),
 (999, [1882, 102, 1, 0, 1, 655, 1255, 1, 1, 3, 0, 0, 1, 1, 2]),
 (999, [1775, 49, 1, 1, 0, 1166, 1099, 1, 0, 3, 3, 0, 2, 1, 0]),
 (999, [1603, 86, 1, 0, 1, 909, 1338, 1, 0, 3, 3, 1, 2, 1, 1]),
 (999, [1363, 35, 0, 0, 0, 1686, 1630, 1, 1, 1, 5, 1, 2, 2, 1]),
 (999, [1344, 117, 1, 0, 0, 876, 964, 1, 1, 1, 5, 1, 0, 0, 1]),
 (999, [1240, 67, 1, 1, 0, 1329, 938, 1, 0, 3, 5, 0, 2, 2, 0]),
 (999, [1117, 103, 0, 0, 1, 1378, 730, 1, 1, 3, 2, 1, 1, 2, 1]),
 (999, [1083, 61, 0, 0, 1, 938, 908, 0, 0, 3, 3, 0, 0, 1, 1]),
 (999, [813, 69, 0, 1, 0, 729, 1438, 0, 0, 3, 4, 0, 1, 0, 0]),
 (999, [757, 48, 0, 1, 1, 1426, 1917, 1, 0, 3, 3, 0, 0, 2, 2]),
 (16, [2024, 91, 0, 0, 0, 1138, 1362, 0, 1, 1, 1, 0, 1, 2, 0]),
 (16, [1510, 30, 1, 1, 0, 1845, 1866, 1, 0, 1, 4, 1, 1, 0, 2]),
 (16, [1443, 17, 0, 0, 1, 523, 1806, 1, 1, 0, 2, 1, 0, 0, 2]),
 (16, [1215, 39, 1, 0, 0, 1376, 802, 1, 0, 0, 3, 1, 0, 1, 1]),
 (16, [1185, 112, 0, 1, 1, 1196, 1876, 1, 1, 1, 2, 0, 2, 2, 2]),
 (16, [942, 56, 0, 1, 1, 1292, 814, 1, 1, 0, 0, 1, 0, 0, 0]),
 (16, [933, 51, 0, 0, 0, 1277, 926, 1, 0, 1, 4, 0, 0, 1, 0]),
 (16, [694, 39, 1, 0, 1, 1635, 971, 0, 1, 1, 0, 1, 0, 1, 0]),
 (13, [713, 111, 1, 1, 0, 1378, 1140, 1, 0, 0, 0, 1, 1, 1, 2]),
 (12, [2030, 72, 1, 1, 0, 1237, 1214, 0, 0, 2, 4, 1, 0, 1, 2]),
 (12, [2025, 20, 0, 1, 1, 1572, 1819, 1, 1, 1, 3, 0, 2, 0, 0]),
 (12, [1970, 110, 0, 1, 0, 1154, 1957, 0, 1, 1, 4, 1, 0, 1, 2]),
 (12, [1871, 28, 0, 0, 1, 1063, 868, 1, 1, 1, 1, 0, 1, 0, 2]),
 (12, [1828, 46, 1, 0, 0, 1116, 1363, 1, 1, 2, 3, 0, 2, 2, 0]),
 (12, [1826, 82, 1, 0, 1, 1047, 677, 0, 1, 2, 0, 0, 0, 0, 0]),
 (12, [1754, 90, 0, 1, 0, 1633, 899, 1, 0, 1, 0, 1, 0, 1, 1]),
 (12, [1604, 83, 1, 1, 1, 1056, 1002, 0, 1, 0, 3, 0, 0, 1, 0]),
 (12, [1535, 44, 0, 0, 1, 1519, 1891, 0, 0, 0, 2, 1, 2, 0, 2]),
 (12, [1489, 103, 1, 0, 1, 1806, 1435, 0, 1, 0, 2, 0, 0, 1, 0]),
 (12, [1318, 41, 1, 0, 1, 1926, 731, 1, 0, 0, 4, 0, 0, 1, 2])]
scored
[(12, [1318, 41, 1, 0, 1, 1926, 731, 1, 0, 0, 4, 0, 0, 1, 2]),
 (12, [1489, 103, 1, 0, 1, 1806, 1435, 0, 1, 0, 2, 0, 0, 1, 0]),
 (12, [1535, 44, 0, 0, 1, 1519, 1891, 0, 0, 0, 2, 1, 2, 0, 2]),
 (12, [1604, 83, 1, 1, 1, 1056, 1002, 0, 1, 0, 3, 0, 0, 1, 0]),
 (12, [1754, 90, 0, 1, 0, 1633, 899, 1, 0, 1, 0, 1, 0, 1, 1]),
 (12, [1826, 82, 1, 0, 1, 1047, 677, 0, 1, 2, 0, 0, 0, 0, 0]),
 (12, [1828, 46, 1, 0, 0, 1116, 1363, 1, 1, 2, 3, 0, 2, 2, 0]),
 (12, [1871, 28, 0, 0, 1, 1063, 868, 1, 1, 1, 1, 0, 1, 0, 2]),
 (12, [1970, 110, 0, 1, 0, 1154, 1957, 0, 1, 1, 4, 1, 0, 1, 2]),
 (12, [2025, 20, 0, 1, 1, 1572, 1819, 1, 1, 1, 3, 0, 2, 0, 0]),
 (12, [2030, 72, 1, 1, 0, 1237, 1214, 0, 0, 2, 4, 1, 0, 1, 2]),
 (13, [713, 111, 1, 1, 0, 1378, 1140, 1, 0, 0, 0, 1, 1, 1, 2]),
 (16, [694, 39, 1, 0, 1, 1635, 971, 0, 1, 1, 0, 1, 0, 1, 0]),
 (16, [933, 51, 0, 0, 0, 1277, 926, 1, 0, 1, 4, 0, 0, 1, 0]),
 (16, [942, 56, 0, 1, 1, 1292, 814, 1, 1, 0, 0, 1, 0, 0, 0]),
 (16, [1185, 112, 0, 1, 1, 1196, 1876, 1, 1, 1, 2, 0, 2, 2, 2]),
 (16, [1215, 39, 1, 0, 0, 1376, 802, 1, 0, 0, 3, 1, 0, 1, 1]),
 (16, [1443, 17, 0, 0, 1, 523, 1806, 1, 1, 0, 2, 1, 0, 0, 2]),
 (16, [1510, 30, 1, 1, 0, 1845, 1866, 1, 0, 1, 4, 1, 1, 0, 2]),
 (16, [2024, 91, 0, 0, 0, 1138, 1362, 0, 1, 1, 1, 0, 1, 2, 0]),
 (999, [757, 48, 0, 1, 1, 1426, 1917, 1, 0, 3, 3, 0, 0, 2, 2]),
 (999, [813, 69, 0, 1, 0, 729, 1438, 0, 0, 3, 4, 0, 1, 0, 0]),
 (999, [1083, 61, 0, 0, 1, 938, 908, 0, 0, 3, 3, 0, 0, 1, 1]),
 (999, [1117, 103, 0, 0, 1, 1378, 730, 1, 1, 3, 2, 1, 1, 2, 1]),
 (999, [1240, 67, 1, 1, 0, 1329, 938, 1, 0, 3, 5, 0, 2, 2, 0]),
 (999, [1344, 117, 1, 0, 0, 876, 964, 1, 1, 1, 5, 1, 0, 0, 1]),
 (999, [1363, 35, 0, 0, 0, 1686, 1630, 1, 1, 1, 5, 1, 2, 2, 1]),
 (999, [1603, 86, 1, 0, 1, 909, 1338, 1, 0, 3, 3, 1, 2, 1, 1]),
 (999, [1775, 49, 1, 1, 0, 1166, 1099, 1, 0, 3, 3, 0, 2, 1, 0]),
 (999, [1882, 102, 1, 0, 1, 655, 1255, 1, 1, 3, 0, 0, 1, 1, 2]),
 (999, [1899, 75, 0, 1, 1, 1448, 1012, 1, 1, 3, 1, 1, 2, 2, 0]),
 (999, [1995, 114, 1, 0, 1, 1394, 1769, 0, 1, 3, 2, 1, 1, 2, 2])]
Selected
[(12, [1604, 83, 1, 1, 1, 1056, 1002, 0, 1, 0, 3, 0, 0, 1, 0]),
 (12, [1318, 41, 1, 0, 1, 1926, 731, 1, 0, 0, 4, 0, 0, 1, 2]),
 (12, [1318, 41, 1, 0, 1, 1926, 731, 1, 0, 0, 4, 0, 0, 1, 2]),
 (12, [1604, 83, 1, 1, 1, 1056, 1002, 0, 1, 0, 3, 0, 0, 1, 0]),
 (12, [1754, 90, 0, 1, 0, 1633, 899, 1, 0, 1, 0, 1, 0, 1, 1]),
 (12, [1535, 44, 0, 0, 1, 1519, 1891, 0, 0, 0, 2, 1, 2, 0, 2]),
 (12, [1604, 83, 1, 1, 1, 1056, 1002, 0, 1, 0, 3, 0, 0, 1, 0]),
 (12, [1318, 41, 1, 0, 1, 1926, 731, 1, 0, 0, 4, 0, 0, 1, 2]),
 (12, [1318, 41, 1, 0, 1, 1926, 731, 1, 0, 0, 4, 0, 0, 1, 2]),
 (12, [1871, 28, 0, 0, 1, 1063, 868, 1, 1, 1, 1, 0, 1, 0, 2]),
 (16, [1215, 39, 1, 0, 0, 1376, 802, 1, 0, 0, 3, 1, 0, 1, 1]),
 (12, [1489, 103, 1, 0, 1, 1806, 1435, 0, 1, 0, 2, 0, 0, 1, 0]),
 (12, [1535, 44, 0, 0, 1, 1519, 1891, 0, 0, 0, 2, 1, 2, 0, 2]),
 (12, [1604, 83, 1, 1, 1, 1056, 1002, 0, 1, 0, 3, 0, 0, 1, 0]),
 (12, [1826, 82, 1, 0, 1, 1047, 677, 0, 1, 2, 0, 0, 0, 0, 0]),
 (12, [1826, 82, 1, 0, 1, 1047, 677, 0, 1, 2, 0, 0, 0, 0, 0]),
 (12, [1871, 28, 0, 0, 1, 1063, 868, 1, 1, 1, 1, 0, 1, 0, 2]),
 (12, [1318, 41, 1, 0, 1, 1926, 731, 1, 0, 0, 4, 0, 0, 1, 2]),
 (12, [1535, 44, 0, 0, 1, 1519, 1891, 0, 0, 0, 2, 1, 2, 0, 2]),
 (12, [1489, 103, 1, 0, 1, 1806, 1435, 0, 1, 0, 2, 0, 0, 1, 0]),
 (12, [1754, 90, 0, 1, 0, 1633, 899, 1, 0, 1, 0, 1, 0, 1, 1]),
 (12, [1604, 83, 1, 1, 1, 1056, 1002, 0, 1, 0, 3, 0, 0, 1, 0]),
 (12, [1535, 44, 0, 0, 1, 1519, 1891, 0, 0, 0, 2, 1, 2, 0, 2]),
 (12, [1826, 82, 1, 0, 1, 1047, 677, 0, 1, 2, 0, 0, 0, 0, 0]),
 (12, [1535, 44, 0, 0, 1, 1519, 1891, 0, 0, 0, 2, 1, 2, 0, 2]),
 (12, [1826, 82, 1, 0, 1, 1047, 677, 0, 1, 2, 0, 0, 0, 0, 0]),
 (12, [1489, 103, 1, 0, 1, 1806, 1435, 0, 1, 0, 2, 0, 0, 1, 0])]
population
[(999, [1995, 114, 1, 0, 1, 1394, 1769, 0, 1, 3, 2, 1, 1, 2, 2]),
 (999, [1899, 75, 0, 1, 1, 1448, 1012, 1, 1, 3, 1, 1, 2, 2, 0]),
 (999, [1882, 102, 1, 0, 1, 655, 1255, 1, 1, 3, 0, 0, 1, 1, 2]),
 (999, [1775, 49, 1, 1, 0, 1166, 1099, 1, 0, 3, 3, 0, 2, 1, 0]),
 (999, [1603, 86, 1, 0, 1, 909, 1338, 1, 0, 3, 3, 1, 2, 1, 1]),
 (999, [1363, 35, 0, 0, 0, 1686, 1630, 1, 1, 1, 5, 1, 2, 2, 1]),
 (999, [1344, 117, 1, 0, 0, 876, 964, 1, 1, 1, 5, 1, 0, 0, 1]),
 (999, [1240, 67, 1, 1, 0, 1329, 938, 1, 0, 3, 5, 0, 2, 2, 0]),
 (999, [1117, 103, 0, 0, 1, 1378, 730, 1, 1, 3, 2, 1, 1, 2, 1]),
 (999, [1083, 61, 0, 0, 1, 938, 908, 0, 0, 3, 3, 0, 0, 1, 1]),
 (999, [813, 69, 0, 1, 0, 729, 1438, 0, 0, 3, 4, 0, 1, 0, 0]),
 (999, [757, 48, 0, 1, 1, 1426, 1917, 1, 0, 3, 3, 0, 0, 2, 2]),
 (16, [2024, 91, 0, 0, 0, 1138, 1362, 0, 1, 1, 1, 0, 1, 2, 0]),
 (16, [1510, 30, 1, 1, 0, 1845, 1866, 1, 0, 1, 4, 1, 1, 0, 2]),
 (16, [1443, 17, 0, 0, 1, 523, 1806, 1, 1, 0, 2, 1, 0, 0, 2]),
 (16, [1215, 39, 1, 0, 0, 1376, 802, 1, 0, 0, 3, 1, 0, 1, 1]),
 (16, [1185, 112, 0, 1, 1, 1196, 1876, 1, 1, 1, 2, 0, 2, 2, 2]),
 (16, [942, 56, 0, 1, 1, 1292, 814, 1, 1, 0, 0, 1, 0, 0, 0]),
 (16, [933, 51, 0, 0, 0, 1277, 926, 1, 0, 1, 4, 0, 0, 1, 0]),
 (16, [694, 39, 1, 0, 1, 1635, 971, 0, 1, 1, 0, 1, 0, 1, 0]),
 (13, [713, 111, 1, 1, 0, 1378, 1140, 1, 0, 0, 0, 1, 1, 1, 2]),
 (12, [2030, 72, 1, 1, 0, 1237, 1214, 0, 0, 2, 4, 1, 0, 1, 2]),
 (12, [2025, 20, 0, 1, 1, 1572, 1819, 1, 1, 1, 3, 0, 2, 0, 0]),
 (12, [1970, 110, 0, 1, 0, 1154, 1957, 0, 1, 1, 4, 1, 0, 1, 2]),
 (12, [1871, 28, 0, 0, 1, 1063, 868, 1, 1, 1, 1, 0, 1, 0, 2]),
 (12, [1828, 46, 1, 0, 0, 1116, 1363, 1, 1, 2, 3, 0, 2, 2, 0]),
 (12, [1826, 82, 1, 0, 1, 1047, 677, 0, 1, 2, 0, 0, 0, 0, 0]),
 (12, [1754, 90, 0, 1, 0, 1633, 899, 1, 0, 1, 0, 1, 0, 1, 1]),
 (12, [1604, 83, 1, 1, 1, 1056, 1002, 0, 1, 0, 3, 0, 0, 1, 0]),
 (12, [1535, 44, 0, 0, 1, 1519, 1891, 0, 0, 0, 2, 1, 2, 0, 2]),
 (12, [1489, 103, 1, 0, 1, 1806, 1435, 0, 1, 0, 2, 0, 0, 1, 0]),
 (12, [1318, 41, 1, 0, 1, 1926, 731, 1, 0, 0, 4, 0, 0, 1, 2])]
scored
[(12, [1318, 41, 1, 0, 1, 1926, 731, 1, 0, 0, 4, 0, 0, 1, 2]),
 (12, [1489, 103, 1, 0, 1, 1806, 1435, 0, 1, 0, 2, 0, 0, 1, 0]),
 (12, [1535, 44, 0, 0, 1, 1519, 1891, 0, 0, 0, 2, 1, 2, 0, 2]),
 (12, [1604, 83, 1, 1, 1, 1056, 1002, 0, 1, 0, 3, 0, 0, 1, 0]),
 (12, [1754, 90, 0, 1, 0, 1633, 899, 1, 0, 1, 0, 1, 0, 1, 1]),
 (12, [1826, 82, 1, 0, 1, 1047, 677, 0, 1, 2, 0, 0, 0, 0, 0]),
 (12, [1828, 46, 1, 0, 0, 1116, 1363, 1, 1, 2, 3, 0, 2, 2, 0]),
 (12, [1871, 28, 0, 0, 1, 1063, 868, 1, 1, 1, 1, 0, 1, 0, 2]),
 (12, [1970, 110, 0, 1, 0, 1154, 1957, 0, 1, 1, 4, 1, 0, 1, 2]),
 (12, [2025, 20, 0, 1, 1, 1572, 1819, 1, 1, 1, 3, 0, 2, 0, 0]),
 (12, [2030, 72, 1, 1, 0, 1237, 1214, 0, 0, 2, 4, 1, 0, 1, 2]),
 (13, [713, 111, 1, 1, 0, 1378, 1140, 1, 0, 0, 0, 1, 1, 1, 2]),
 (16, [694, 39, 1, 0, 1, 1635, 971, 0, 1, 1, 0, 1, 0, 1, 0]),
 (16, [933, 51, 0, 0, 0, 1277, 926, 1, 0, 1, 4, 0, 0, 1, 0]),
 (16, [942, 56, 0, 1, 1, 1292, 814, 1, 1, 0, 0, 1, 0, 0, 0]),
 (16, [1185, 112, 0, 1, 1, 1196, 1876, 1, 1, 1, 2, 0, 2, 2, 2]),
 (16, [1215, 39, 1, 0, 0, 1376, 802, 1, 0, 0, 3, 1, 0, 1, 1]),
 (16, [1443, 17, 0, 0, 1, 523, 1806, 1, 1, 0, 2, 1, 0, 0, 2]),
 (16, [1510, 30, 1, 1, 0, 1845, 1866, 1, 0, 1, 4, 1, 1, 0, 2]),
 (16, [2024, 91, 0, 0, 0, 1138, 1362, 0, 1, 1, 1, 0, 1, 2, 0]),
 (999, [757, 48, 0, 1, 1, 1426, 1917, 1, 0, 3, 3, 0, 0, 2, 2]),
 (999, [813, 69, 0, 1, 0, 729, 1438, 0, 0, 3, 4, 0, 1, 0, 0]),
 (999, [1083, 61, 0, 0, 1, 938, 908, 0, 0, 3, 3, 0, 0, 1, 1]),
 (999, [1117, 103, 0, 0, 1, 1378, 730, 1, 1, 3, 2, 1, 1, 2, 1]),
 (999, [1240, 67, 1, 1, 0, 1329, 938, 1, 0, 3, 5, 0, 2, 2, 0]),
 (999, [1344, 117, 1, 0, 0, 876, 964, 1, 1, 1, 5, 1, 0, 0, 1]),
 (999, [1363, 35, 0, 0, 0, 1686, 1630, 1, 1, 1, 5, 1, 2, 2, 1]),
 (999, [1603, 86, 1, 0, 1, 909, 1338, 1, 0, 3, 3, 1, 2, 1, 1]),
 (999, [1775, 49, 1, 1, 0, 1166, 1099, 1, 0, 3, 3, 0, 2, 1, 0]),
 (999, [1882, 102, 1, 0, 1, 655, 1255, 1, 1, 3, 0, 0, 1, 1, 2]),
 (999, [1899, 75, 0, 1, 1, 1448, 1012, 1, 1, 3, 1, 1, 2, 2, 0]),
 (999, [1995, 114, 1, 0, 1, 1394, 1769, 0, 1, 3, 2, 1, 1, 2, 2])]
Selected
[(12, [1828, 46, 1, 0, 0, 1116, 1363, 1, 1, 2, 3, 0, 2, 2, 0]),
 (12, [1754, 90, 0, 1, 0, 1633, 899, 1, 0, 1, 0, 1, 0, 1, 1]),
 (12, [1535, 44, 0, 0, 1, 1519, 1891, 0, 0, 0, 2, 1, 2, 0, 2]),
 (12, [1318, 41, 1, 0, 1, 1926, 731, 1, 0, 0, 4, 0, 0, 1, 2]),
 (999, [757, 48, 0, 1, 1, 1426, 1917, 1, 0, 3, 3, 0, 0, 2, 2]),
 (12, [1318, 41, 1, 0, 1, 1926, 731, 1, 0, 0, 4, 0, 0, 1, 2]),
 (12, [1871, 28, 0, 0, 1, 1063, 868, 1, 1, 1, 1, 0, 1, 0, 2]),
 (12, [1604, 83, 1, 1, 1, 1056, 1002, 0, 1, 0, 3, 0, 0, 1, 0]),
 (12, [1318, 41, 1, 0, 1, 1926, 731, 1, 0, 0, 4, 0, 0, 1, 2]),
 (12, [1754, 90, 0, 1, 0, 1633, 899, 1, 0, 1, 0, 1, 0, 1, 1]),
 (12, [1604, 83, 1, 1, 1, 1056, 1002, 0, 1, 0, 3, 0, 0, 1, 0]),
 (13, [713, 111, 1, 1, 0, 1378, 1140, 1, 0, 0, 0, 1, 1, 1, 2]),
 (12, [1535, 44, 0, 0, 1, 1519, 1891, 0, 0, 0, 2, 1, 2, 0, 2]),
 (12, [1604, 83, 1, 1, 1, 1056, 1002, 0, 1, 0, 3, 0, 0, 1, 0]),
 (12, [1754, 90, 0, 1, 0, 1633, 899, 1, 0, 1, 0, 1, 0, 1, 1]),
 (12, [1318, 41, 1, 0, 1, 1926, 731, 1, 0, 0, 4, 0, 0, 1, 2]),
 (12, [2030, 72, 1, 1, 0, 1237, 1214, 0, 0, 2, 4, 1, 0, 1, 2]),
 (12, [1318, 41, 1, 0, 1, 1926, 731, 1, 0, 0, 4, 0, 0, 1, 2]),
 (12, [1489, 103, 1, 0, 1, 1806, 1435, 0, 1, 0, 2, 0, 0, 1, 0]),
 (12, [1489, 103, 1, 0, 1, 1806, 1435, 0, 1, 0, 2, 0, 0, 1, 0]),
 (12, [1318, 41, 1, 0, 1, 1926, 731, 1, 0, 0, 4, 0, 0, 1, 2]),
 (12, [1318, 41, 1, 0, 1, 1926, 731, 1, 0, 0, 4, 0, 0, 1, 2]),
 (12, [1318, 41, 1, 0, 1, 1926, 731, 1, 0, 0, 4, 0, 0, 1, 2]),
 (12, [1489, 103, 1, 0, 1, 1806, 1435, 0, 1, 0, 2, 0, 0, 1, 0]),
 (12, [1489, 103, 1, 0, 1, 1806, 1435, 0, 1, 0, 2, 0, 0, 1, 0]),
 (12, [1754, 90, 0, 1, 0, 1633, 899, 1, 0, 1, 0, 1, 0, 1, 1]),
 (12, [1604, 83, 1, 1, 1, 1056, 1002, 0, 1, 0, 3, 0, 0, 1, 0])]
population
[(999, [1995, 114, 1, 0, 1, 1394, 1769, 0, 1, 3, 2, 1, 1, 2, 2]),
 (999, [1899, 75, 0, 1, 1, 1448, 1012, 1, 1, 3, 1, 1, 2, 2, 0]),
 (999, [1882, 102, 1, 0, 1, 655, 1255, 1, 1, 3, 0, 0, 1, 1, 2]),
 (999, [1775, 49, 1, 1, 0, 1166, 1099, 1, 0, 3, 3, 0, 2, 1, 0]),
 (999, [1603, 86, 1, 0, 1, 909, 1338, 1, 0, 3, 3, 1, 2, 1, 1]),
 (999, [1363, 35, 0, 0, 0, 1686, 1630, 1, 1, 1, 5, 1, 2, 2, 1]),
 (999, [1344, 117, 1, 0, 0, 876, 964, 1, 1, 1, 5, 1, 0, 0, 1]),
 (999, [1240, 67, 1, 1, 0, 1329, 938, 1, 0, 3, 5, 0, 2, 2, 0]),
 (999, [1117, 103, 0, 0, 1, 1378, 730, 1, 1, 3, 2, 1, 1, 2, 1]),
 (999, [1083, 61, 0, 0, 1, 938, 908, 0, 0, 3, 3, 0, 0, 1, 1]),
 (999, [813, 69, 0, 1, 0, 729, 1438, 0, 0, 3, 4, 0, 1, 0, 0]),
 (999, [757, 48, 0, 1, 1, 1426, 1917, 1, 0, 3, 3, 0, 0, 2, 2]),
 (16, [2024, 91, 0, 0, 0, 1138, 1362, 0, 1, 1, 1, 0, 1, 2, 0]),
 (16, [1510, 30, 1, 1, 0, 1845, 1866, 1, 0, 1, 4, 1, 1, 0, 2]),
 (16, [1443, 17, 0, 0, 1, 523, 1806, 1, 1, 0, 2, 1, 0, 0, 2]),
 (16, [1215, 39, 1, 0, 0, 1376, 802, 1, 0, 0, 3, 1, 0, 1, 1]),
 (16, [1185, 112, 0, 1, 1, 1196, 1876, 1, 1, 1, 2, 0, 2, 2, 2]),
 (16, [942, 56, 0, 1, 1, 1292, 814, 1, 1, 0, 0, 1, 0, 0, 0]),
 (16, [933, 51, 0, 0, 0, 1277, 926, 1, 0, 1, 4, 0, 0, 1, 0]),
 (16, [694, 39, 1, 0, 1, 1635, 971, 0, 1, 1, 0, 1, 0, 1, 0]),
 (13, [713, 111, 1, 1, 0, 1378, 1140, 1, 0, 0, 0, 1, 1, 1, 2]),
 (12, [2030, 72, 1, 1, 0, 1237, 1214, 0, 0, 2, 4, 1, 0, 1, 2]),
 (12, [2025, 20, 0, 1, 1, 1572, 1819, 1, 1, 1, 3, 0, 2, 0, 0]),
 (12, [1970, 110, 0, 1, 0, 1154, 1957, 0, 1, 1, 4, 1, 0, 1, 2]),
 (12, [1871, 28, 0, 0, 1, 1063, 868, 1, 1, 1, 1, 0, 1, 0, 2]),
 (12, [1828, 46, 1, 0, 0, 1116, 1363, 1, 1, 2, 3, 0, 2, 2, 0]),
 (12, [1826, 82, 1, 0, 1, 1047, 677, 0, 1, 2, 0, 0, 0, 0, 0]),
 (12, [1754, 90, 0, 1, 0, 1633, 899, 1, 0, 1, 0, 1, 0, 1, 1]),
 (12, [1604, 83, 1, 1, 1, 1056, 1002, 0, 1, 0, 3, 0, 0, 1, 0]),
 (12, [1535, 44, 0, 0, 1, 1519, 1891, 0, 0, 0, 2, 1, 2, 0, 2]),
 (12, [1489, 103, 1, 0, 1, 1806, 1435, 0, 1, 0, 2, 0, 0, 1, 0]),
 (12, [1318, 41, 1, 0, 1, 1926, 731, 1, 0, 0, 4, 0, 0, 1, 2])]
scored
[(12, [1318, 41, 1, 0, 1, 1926, 731, 1, 0, 0, 4, 0, 0, 1, 2]),
 (12, [1489, 103, 1, 0, 1, 1806, 1435, 0, 1, 0, 2, 0, 0, 1, 0]),
 (12, [1535, 44, 0, 0, 1, 1519, 1891, 0, 0, 0, 2, 1, 2, 0, 2]),
 (12, [1604, 83, 1, 1, 1, 1056, 1002, 0, 1, 0, 3, 0, 0, 1, 0]),
 (12, [1754, 90, 0, 1, 0, 1633, 899, 1, 0, 1, 0, 1, 0, 1, 1]),
 (12, [1826, 82, 1, 0, 1, 1047, 677, 0, 1, 2, 0, 0, 0, 0, 0]),
 (12, [1828, 46, 1, 0, 0, 1116, 1363, 1, 1, 2, 3, 0, 2, 2, 0]),
 (12, [1871, 28, 0, 0, 1, 1063, 868, 1, 1, 1, 1, 0, 1, 0, 2]),
 (12, [1970, 110, 0, 1, 0, 1154, 1957, 0, 1, 1, 4, 1, 0, 1, 2]),
 (12, [2025, 20, 0, 1, 1, 1572, 1819, 1, 1, 1, 3, 0, 2, 0, 0]),
 (12, [2030, 72, 1, 1, 0, 1237, 1214, 0, 0, 2, 4, 1, 0, 1, 2]),
 (13, [713, 111, 1, 1, 0, 1378, 1140, 1, 0, 0, 0, 1, 1, 1, 2]),
 (16, [694, 39, 1, 0, 1, 1635, 971, 0, 1, 1, 0, 1, 0, 1, 0]),
 (16, [933, 51, 0, 0, 0, 1277, 926, 1, 0, 1, 4, 0, 0, 1, 0]),
 (16, [942, 56, 0, 1, 1, 1292, 814, 1, 1, 0, 0, 1, 0, 0, 0]),
 (16, [1185, 112, 0, 1, 1, 1196, 1876, 1, 1, 1, 2, 0, 2, 2, 2]),
 (16, [1215, 39, 1, 0, 0, 1376, 802, 1, 0, 0, 3, 1, 0, 1, 1]),
 (16, [1443, 17, 0, 0, 1, 523, 1806, 1, 1, 0, 2, 1, 0, 0, 2]),
 (16, [1510, 30, 1, 1, 0, 1845, 1866, 1, 0, 1, 4, 1, 1, 0, 2]),
 (16, [2024, 91, 0, 0, 0, 1138, 1362, 0, 1, 1, 1, 0, 1, 2, 0]),
 (999, [757, 48, 0, 1, 1, 1426, 1917, 1, 0, 3, 3, 0, 0, 2, 2]),
 (999, [813, 69, 0, 1, 0, 729, 1438, 0, 0, 3, 4, 0, 1, 0, 0]),
 (999, [1083, 61, 0, 0, 1, 938, 908, 0, 0, 3, 3, 0, 0, 1, 1]),
 (999, [1117, 103, 0, 0, 1, 1378, 730, 1, 1, 3, 2, 1, 1, 2, 1]),
 (999, [1240, 67, 1, 1, 0, 1329, 938, 1, 0, 3, 5, 0, 2, 2, 0]),
 (999, [1344, 117, 1, 0, 0, 876, 964, 1, 1, 1, 5, 1, 0, 0, 1]),
 (999, [1363, 35, 0, 0, 0, 1686, 1630, 1, 1, 1, 5, 1, 2, 2, 1]),
 (999, [1603, 86, 1, 0, 1, 909, 1338, 1, 0, 3, 3, 1, 2, 1, 1]),
 (999, [1775, 49, 1, 1, 0, 1166, 1099, 1, 0, 3, 3, 0, 2, 1, 0]),
 (999, [1882, 102, 1, 0, 1, 655, 1255, 1, 1, 3, 0, 0, 1, 1, 2]),
 (999, [1899, 75, 0, 1, 1, 1448, 1012, 1, 1, 3, 1, 1, 2, 2, 0]),
 (999, [1995, 114, 1, 0, 1, 1394, 1769, 0, 1, 3, 2, 1, 1, 2, 2])]
Selected
[(12, [1489, 103, 1, 0, 1, 1806, 1435, 0, 1, 0, 2, 0, 0, 1, 0]),
 (12, [1604, 83, 1, 1, 1, 1056, 1002, 0, 1, 0, 3, 0, 0, 1, 0]),
 (12, [1318, 41, 1, 0, 1, 1926, 731, 1, 0, 0, 4, 0, 0, 1, 2]),
 (12, [1489, 103, 1, 0, 1, 1806, 1435, 0, 1, 0, 2, 0, 0, 1, 0]),
 (12, [1604, 83, 1, 1, 1, 1056, 1002, 0, 1, 0, 3, 0, 0, 1, 0]),
 (12, [1828, 46, 1, 0, 0, 1116, 1363, 1, 1, 2, 3, 0, 2, 2, 0]),
 (12, [1489, 103, 1, 0, 1, 1806, 1435, 0, 1, 0, 2, 0, 0, 1, 0]),
 (12, [1754, 90, 0, 1, 0, 1633, 899, 1, 0, 1, 0, 1, 0, 1, 1]),
 (12, [1828, 46, 1, 0, 0, 1116, 1363, 1, 1, 2, 3, 0, 2, 2, 0]),
 (12, [1489, 103, 1, 0, 1, 1806, 1435, 0, 1, 0, 2, 0, 0, 1, 0]),
 (12, [1318, 41, 1, 0, 1, 1926, 731, 1, 0, 0, 4, 0, 0, 1, 2]),
 (12, [1318, 41, 1, 0, 1, 1926, 731, 1, 0, 0, 4, 0, 0, 1, 2]),
 (12, [1826, 82, 1, 0, 1, 1047, 677, 0, 1, 2, 0, 0, 0, 0, 0]),
 (12, [1970, 110, 0, 1, 0, 1154, 1957, 0, 1, 1, 4, 1, 0, 1, 2]),
 (12, [1826, 82, 1, 0, 1, 1047, 677, 0, 1, 2, 0, 0, 0, 0, 0]),
 (12, [1535, 44, 0, 0, 1, 1519, 1891, 0, 0, 0, 2, 1, 2, 0, 2]),
 (12, [1754, 90, 0, 1, 0, 1633, 899, 1, 0, 1, 0, 1, 0, 1, 1]),
 (12, [1970, 110, 0, 1, 0, 1154, 1957, 0, 1, 1, 4, 1, 0, 1, 2]),
 (12, [1871, 28, 0, 0, 1, 1063, 868, 1, 1, 1, 1, 0, 1, 0, 2]),
 (12, [1318, 41, 1, 0, 1, 1926, 731, 1, 0, 0, 4, 0, 0, 1, 2]),
 (13, [713, 111, 1, 1, 0, 1378, 1140, 1, 0, 0, 0, 1, 1, 1, 2]),
 (16, [933, 51, 0, 0, 0, 1277, 926, 1, 0, 1, 4, 0, 0, 1, 0]),
 (12, [1826, 82, 1, 0, 1, 1047, 677, 0, 1, 2, 0, 0, 0, 0, 0]),
 (12, [1535, 44, 0, 0, 1, 1519, 1891, 0, 0, 0, 2, 1, 2, 0, 2]),
 (12, [1535, 44, 0, 0, 1, 1519, 1891, 0, 0, 0, 2, 1, 2, 0, 2]),
 (12, [1535, 44, 0, 0, 1, 1519, 1891, 0, 0, 0, 2, 1, 2, 0, 2]),
 (12, [1828, 46, 1, 0, 0, 1116, 1363, 1, 1, 2, 3, 0, 2, 2, 0])]
population
[(999, [1995, 114, 1, 0, 1, 1394, 1769, 0, 1, 3, 2, 1, 1, 2, 2]),
 (999, [1899, 75, 0, 1, 1, 1448, 1012, 1, 1, 3, 1, 1, 2, 2, 0]),
 (999, [1882, 102, 1, 0, 1, 655, 1255, 1, 1, 3, 0, 0, 1, 1, 2]),
 (999, [1775, 49, 1, 1, 0, 1166, 1099, 1, 0, 3, 3, 0, 2, 1, 0]),
 (999, [1603, 86, 1, 0, 1, 909, 1338, 1, 0, 3, 3, 1, 2, 1, 1]),
 (999, [1363, 35, 0, 0, 0, 1686, 1630, 1, 1, 1, 5, 1, 2, 2, 1]),
 (999, [1344, 117, 1, 0, 0, 876, 964, 1, 1, 1, 5, 1, 0, 0, 1]),
 (999, [1240, 67, 1, 1, 0, 1329, 938, 1, 0, 3, 5, 0, 2, 2, 0]),
 (999, [1117, 103, 0, 0, 1, 1378, 730, 1, 1, 3, 2, 1, 1, 2, 1]),
 (999, [1083, 61, 0, 0, 1, 938, 908, 0, 0, 3, 3, 0, 0, 1, 1]),
 (999, [813, 69, 0, 1, 0, 729, 1438, 0, 0, 3, 4, 0, 1, 0, 0]),
 (999, [757, 48, 0, 1, 1, 1426, 1917, 1, 0, 3, 3, 0, 0, 2, 2]),
 (16, [2024, 91, 0, 0, 0, 1138, 1362, 0, 1, 1, 1, 0, 1, 2, 0]),
 (16, [1510, 30, 1, 1, 0, 1845, 1866, 1, 0, 1, 4, 1, 1, 0, 2]),
 (16, [1443, 17, 0, 0, 1, 523, 1806, 1, 1, 0, 2, 1, 0, 0, 2]),
 (16, [1215, 39, 1, 0, 0, 1376, 802, 1, 0, 0, 3, 1, 0, 1, 1]),
 (16, [1185, 112, 0, 1, 1, 1196, 1876, 1, 1, 1, 2, 0, 2, 2, 2]),
 (16, [942, 56, 0, 1, 1, 1292, 814, 1, 1, 0, 0, 1, 0, 0, 0]),
 (16, [933, 51, 0, 0, 0, 1277, 926, 1, 0, 1, 4, 0, 0, 1, 0]),
 (16, [694, 39, 1, 0, 1, 1635, 971, 0, 1, 1, 0, 1, 0, 1, 0]),
 (13, [713, 111, 1, 1, 0, 1378, 1140, 1, 0, 0, 0, 1, 1, 1, 2]),
 (12, [2030, 72, 1, 1, 0, 1237, 1214, 0, 0, 2, 4, 1, 0, 1, 2]),
 (12, [2025, 20, 0, 1, 1, 1572, 1819, 1, 1, 1, 3, 0, 2, 0, 0]),
 (12, [1970, 110, 0, 1, 0, 1154, 1957, 0, 1, 1, 4, 1, 0, 1, 2]),
 (12, [1871, 28, 0, 0, 1, 1063, 868, 1, 1, 1, 1, 0, 1, 0, 2]),
 (12, [1828, 46, 1, 0, 0, 1116, 1363, 1, 1, 2, 3, 0, 2, 2, 0]),
 (12, [1826, 82, 1, 0, 1, 1047, 677, 0, 1, 2, 0, 0, 0, 0, 0]),
 (12, [1754, 90, 0, 1, 0, 1633, 899, 1, 0, 1, 0, 1, 0, 1, 1]),
 (12, [1604, 83, 1, 1, 1, 1056, 1002, 0, 1, 0, 3, 0, 0, 1, 0]),
 (12, [1535, 44, 0, 0, 1, 1519, 1891, 0, 0, 0, 2, 1, 2, 0, 2]),
 (12, [1489, 103, 1, 0, 1, 1806, 1435, 0, 1, 0, 2, 0, 0, 1, 0]),
 (12, [1318, 41, 1, 0, 1, 1926, 731, 1, 0, 0, 4, 0, 0, 1, 2])]
scored
[(12, [1318, 41, 1, 0, 1, 1926, 731, 1, 0, 0, 4, 0, 0, 1, 2]),
 (12, [1489, 103, 1, 0, 1, 1806, 1435, 0, 1, 0, 2, 0, 0, 1, 0]),
 (12, [1535, 44, 0, 0, 1, 1519, 1891, 0, 0, 0, 2, 1, 2, 0, 2]),
 (12, [1604, 83, 1, 1, 1, 1056, 1002, 0, 1, 0, 3, 0, 0, 1, 0]),
 (12, [1754, 90, 0, 1, 0, 1633, 899, 1, 0, 1, 0, 1, 0, 1, 1]),
 (12, [1826, 82, 1, 0, 1, 1047, 677, 0, 1, 2, 0, 0, 0, 0, 0]),
 (12, [1828, 46, 1, 0, 0, 1116, 1363, 1, 1, 2, 3, 0, 2, 2, 0]),
 (12, [1871, 28, 0, 0, 1, 1063, 868, 1, 1, 1, 1, 0, 1, 0, 2]),
 (12, [1970, 110, 0, 1, 0, 1154, 1957, 0, 1, 1, 4, 1, 0, 1, 2]),
 (12, [2025, 20, 0, 1, 1, 1572, 1819, 1, 1, 1, 3, 0, 2, 0, 0]),
 (12, [2030, 72, 1, 1, 0, 1237, 1214, 0, 0, 2, 4, 1, 0, 1, 2]),
 (13, [713, 111, 1, 1, 0, 1378, 1140, 1, 0, 0, 0, 1, 1, 1, 2]),
 (16, [694, 39, 1, 0, 1, 1635, 971, 0, 1, 1, 0, 1, 0, 1, 0]),
 (16, [933, 51, 0, 0, 0, 1277, 926, 1, 0, 1, 4, 0, 0, 1, 0]),
 (16, [942, 56, 0, 1, 1, 1292, 814, 1, 1, 0, 0, 1, 0, 0, 0]),
 (16, [1185, 112, 0, 1, 1, 1196, 1876, 1, 1, 1, 2, 0, 2, 2, 2]),
 (16, [1215, 39, 1, 0, 0, 1376, 802, 1, 0, 0, 3, 1, 0, 1, 1]),
 (16, [1443, 17, 0, 0, 1, 523, 1806, 1, 1, 0, 2, 1, 0, 0, 2]),
 (16, [1510, 30, 1, 1, 0, 1845, 1866, 1, 0, 1, 4, 1, 1, 0, 2]),
 (16, [2024, 91, 0, 0, 0, 1138, 1362, 0, 1, 1, 1, 0, 1, 2, 0]),
 (999, [757, 48, 0, 1, 1, 1426, 1917, 1, 0, 3, 3, 0, 0, 2, 2]),
 (999, [813, 69, 0, 1, 0, 729, 1438, 0, 0, 3, 4, 0, 1, 0, 0]),
 (999, [1083, 61, 0, 0, 1, 938, 908, 0, 0, 3, 3, 0, 0, 1, 1]),
 (999, [1117, 103, 0, 0, 1, 1378, 730, 1, 1, 3, 2, 1, 1, 2, 1]),
 (999, [1240, 67, 1, 1, 0, 1329, 938, 1, 0, 3, 5, 0, 2, 2, 0]),
 (999, [1344, 117, 1, 0, 0, 876, 964, 1, 1, 1, 5, 1, 0, 0, 1]),
 (999, [1363, 35, 0, 0, 0, 1686, 1630, 1, 1, 1, 5, 1, 2, 2, 1]),
 (999, [1603, 86, 1, 0, 1, 909, 1338, 1, 0, 3, 3, 1, 2, 1, 1]),
 (999, [1775, 49, 1, 1, 0, 1166, 1099, 1, 0, 3, 3, 0, 2, 1, 0]),
 (999, [1882, 102, 1, 0, 1, 655, 1255, 1, 1, 3, 0, 0, 1, 1, 2]),
 (999, [1899, 75, 0, 1, 1, 1448, 1012, 1, 1, 3, 1, 1, 2, 2, 0]),
 (999, [1995, 114, 1, 0, 1, 1394, 1769, 0, 1, 3, 2, 1, 1, 2, 2])]
Selected
[(12, [1970, 110, 0, 1, 0, 1154, 1957, 0, 1, 1, 4, 1, 0, 1, 2]),
 (12, [2025, 20, 0, 1, 1, 1572, 1819, 1, 1, 1, 3, 0, 2, 0, 0]),
 (12, [1826, 82, 1, 0, 1, 1047, 677, 0, 1, 2, 0, 0, 0, 0, 0]),
 (12, [1535, 44, 0, 0, 1, 1519, 1891, 0, 0, 0, 2, 1, 2, 0, 2]),
 (12, [1318, 41, 1, 0, 1, 1926, 731, 1, 0, 0, 4, 0, 0, 1, 2]),
 (12, [1754, 90, 0, 1, 0, 1633, 899, 1, 0, 1, 0, 1, 0, 1, 1]),
 (12, [1535, 44, 0, 0, 1, 1519, 1891, 0, 0, 0, 2, 1, 2, 0, 2]),
 (12, [2025, 20, 0, 1, 1, 1572, 1819, 1, 1, 1, 3, 0, 2, 0, 0]),
 (12, [1826, 82, 1, 0, 1, 1047, 677, 0, 1, 2, 0, 0, 0, 0, 0]),
 (12, [1828, 46, 1, 0, 0, 1116, 1363, 1, 1, 2, 3, 0, 2, 2, 0]),
 (12, [1604, 83, 1, 1, 1, 1056, 1002, 0, 1, 0, 3, 0, 0, 1, 0]),
 (12, [1535, 44, 0, 0, 1, 1519, 1891, 0, 0, 0, 2, 1, 2, 0, 2]),
 (12, [1489, 103, 1, 0, 1, 1806, 1435, 0, 1, 0, 2, 0, 0, 1, 0]),
 (12, [1318, 41, 1, 0, 1, 1926, 731, 1, 0, 0, 4, 0, 0, 1, 2]),
 (12, [1535, 44, 0, 0, 1, 1519, 1891, 0, 0, 0, 2, 1, 2, 0, 2]),
 (12, [2025, 20, 0, 1, 1, 1572, 1819, 1, 1, 1, 3, 0, 2, 0, 0]),
 (12, [1489, 103, 1, 0, 1, 1806, 1435, 0, 1, 0, 2, 0, 0, 1, 0]),
 (12, [1318, 41, 1, 0, 1, 1926, 731, 1, 0, 0, 4, 0, 0, 1, 2]),
 (12, [1604, 83, 1, 1, 1, 1056, 1002, 0, 1, 0, 3, 0, 0, 1, 0]),
 (16, [942, 56, 0, 1, 1, 1292, 814, 1, 1, 0, 0, 1, 0, 0, 0]),
 (12, [1826, 82, 1, 0, 1, 1047, 677, 0, 1, 2, 0, 0, 0, 0, 0]),
 (12, [1535, 44, 0, 0, 1, 1519, 1891, 0, 0, 0, 2, 1, 2, 0, 2]),
 (12, [1604, 83, 1, 1, 1, 1056, 1002, 0, 1, 0, 3, 0, 0, 1, 0]),
 (16, [1215, 39, 1, 0, 0, 1376, 802, 1, 0, 0, 3, 1, 0, 1, 1]),
 (12, [1828, 46, 1, 0, 0, 1116, 1363, 1, 1, 2, 3, 0, 2, 2, 0]),
 (12, [1318, 41, 1, 0, 1, 1926, 731, 1, 0, 0, 4, 0, 0, 1, 2]),
 (12, [1535, 44, 0, 0, 1, 1519, 1891, 0, 0, 0, 2, 1, 2, 0, 2])]
population
[(999, [1995, 114, 1, 0, 1, 1394, 1769, 0, 1, 3, 2, 1, 1, 2, 2]),
 (999, [1899, 75, 0, 1, 1, 1448, 1012, 1, 1, 3, 1, 1, 2, 2, 0]),
 (999, [1882, 102, 1, 0, 1, 655, 1255, 1, 1, 3, 0, 0, 1, 1, 2]),
 (999, [1775, 49, 1, 1, 0, 1166, 1099, 1, 0, 3, 3, 0, 2, 1, 0]),
 (999, [1603, 86, 1, 0, 1, 909, 1338, 1, 0, 3, 3, 1, 2, 1, 1]),
 (999, [1363, 35, 0, 0, 0, 1686, 1630, 1, 1, 1, 5, 1, 2, 2, 1]),
 (999, [1344, 117, 1, 0, 0, 876, 964, 1, 1, 1, 5, 1, 0, 0, 1]),
 (999, [1240, 67, 1, 1, 0, 1329, 938, 1, 0, 3, 5, 0, 2, 2, 0]),
 (999, [1117, 103, 0, 0, 1, 1378, 730, 1, 1, 3, 2, 1, 1, 2, 1]),
 (999, [1083, 61, 0, 0, 1, 938, 908, 0, 0, 3, 3, 0, 0, 1, 1]),
 (999, [813, 69, 0, 1, 0, 729, 1438, 0, 0, 3, 4, 0, 1, 0, 0]),
 (999, [757, 48, 0, 1, 1, 1426, 1917, 1, 0, 3, 3, 0, 0, 2, 2]),
 (16, [2024, 91, 0, 0, 0, 1138, 1362, 0, 1, 1, 1, 0, 1, 2, 0]),
 (16, [1510, 30, 1, 1, 0, 1845, 1866, 1, 0, 1, 4, 1, 1, 0, 2]),
 (16, [1443, 17, 0, 0, 1, 523, 1806, 1, 1, 0, 2, 1, 0, 0, 2]),
 (16, [1215, 39, 1, 0, 0, 1376, 802, 1, 0, 0, 3, 1, 0, 1, 1]),
 (16, [1185, 112, 0, 1, 1, 1196, 1876, 1, 1, 1, 2, 0, 2, 2, 2]),
 (16, [942, 56, 0, 1, 1, 1292, 814, 1, 1, 0, 0, 1, 0, 0, 0]),
 (16, [933, 51, 0, 0, 0, 1277, 926, 1, 0, 1, 4, 0, 0, 1, 0]),
 (16, [694, 39, 1, 0, 1, 1635, 971, 0, 1, 1, 0, 1, 0, 1, 0]),
 (13, [713, 111, 1, 1, 0, 1378, 1140, 1, 0, 0, 0, 1, 1, 1, 2]),
 (12, [2030, 72, 1, 1, 0, 1237, 1214, 0, 0, 2, 4, 1, 0, 1, 2]),
 (12, [2025, 20, 0, 1, 1, 1572, 1819, 1, 1, 1, 3, 0, 2, 0, 0]),
 (12, [1970, 110, 0, 1, 0, 1154, 1957, 0, 1, 1, 4, 1, 0, 1, 2]),
 (12, [1871, 28, 0, 0, 1, 1063, 868, 1, 1, 1, 1, 0, 1, 0, 2]),
 (12, [1828, 46, 1, 0, 0, 1116, 1363, 1, 1, 2, 3, 0, 2, 2, 0]),
 (12, [1826, 82, 1, 0, 1, 1047, 677, 0, 1, 2, 0, 0, 0, 0, 0]),
 (12, [1754, 90, 0, 1, 0, 1633, 899, 1, 0, 1, 0, 1, 0, 1, 1]),
 (12, [1604, 83, 1, 1, 1, 1056, 1002, 0, 1, 0, 3, 0, 0, 1, 0]),
 (12, [1535, 44, 0, 0, 1, 1519, 1891, 0, 0, 0, 2, 1, 2, 0, 2]),
 (12, [1489, 103, 1, 0, 1, 1806, 1435, 0, 1, 0, 2, 0, 0, 1, 0]),
 (12, [1318, 41, 1, 0, 1, 1926, 731, 1, 0, 0, 4, 0, 0, 1, 2])]
scored
[(12, [1318, 41, 1, 0, 1, 1926, 731, 1, 0, 0, 4, 0, 0, 1, 2]),
 (12, [1489, 103, 1, 0, 1, 1806, 1435, 0, 1, 0, 2, 0, 0, 1, 0]),
 (12, [1535, 44, 0, 0, 1, 1519, 1891, 0, 0, 0, 2, 1, 2, 0, 2]),
 (12, [1604, 83, 1, 1, 1, 1056, 1002, 0, 1, 0, 3, 0, 0, 1, 0]),
 (12, [1754, 90, 0, 1, 0, 1633, 899, 1, 0, 1, 0, 1, 0, 1, 1]),
 (12, [1826, 82, 1, 0, 1, 1047, 677, 0, 1, 2, 0, 0, 0, 0, 0]),
 (12, [1828, 46, 1, 0, 0, 1116, 1363, 1, 1, 2, 3, 0, 2, 2, 0]),
 (12, [1871, 28, 0, 0, 1, 1063, 868, 1, 1, 1, 1, 0, 1, 0, 2]),
 (12, [1970, 110, 0, 1, 0, 1154, 1957, 0, 1, 1, 4, 1, 0, 1, 2]),
 (12, [2025, 20, 0, 1, 1, 1572, 1819, 1, 1, 1, 3, 0, 2, 0, 0]),
 (12, [2030, 72, 1, 1, 0, 1237, 1214, 0, 0, 2, 4, 1, 0, 1, 2]),
 (13, [713, 111, 1, 1, 0, 1378, 1140, 1, 0, 0, 0, 1, 1, 1, 2]),
 (16, [694, 39, 1, 0, 1, 1635, 971, 0, 1, 1, 0, 1, 0, 1, 0]),
 (16, [933, 51, 0, 0, 0, 1277, 926, 1, 0, 1, 4, 0, 0, 1, 0]),
 (16, [942, 56, 0, 1, 1, 1292, 814, 1, 1, 0, 0, 1, 0, 0, 0]),
 (16, [1185, 112, 0, 1, 1, 1196, 1876, 1, 1, 1, 2, 0, 2, 2, 2]),
 (16, [1215, 39, 1, 0, 0, 1376, 802, 1, 0, 0, 3, 1, 0, 1, 1]),
 (16, [1443, 17, 0, 0, 1, 523, 1806, 1, 1, 0, 2, 1, 0, 0, 2]),
 (16, [1510, 30, 1, 1, 0, 1845, 1866, 1, 0, 1, 4, 1, 1, 0, 2]),
 (16, [2024, 91, 0, 0, 0, 1138, 1362, 0, 1, 1, 1, 0, 1, 2, 0]),
 (999, [757, 48, 0, 1, 1, 1426, 1917, 1, 0, 3, 3, 0, 0, 2, 2]),
 (999, [813, 69, 0, 1, 0, 729, 1438, 0, 0, 3, 4, 0, 1, 0, 0]),
 (999, [1083, 61, 0, 0, 1, 938, 908, 0, 0, 3, 3, 0, 0, 1, 1]),
 (999, [1117, 103, 0, 0, 1, 1378, 730, 1, 1, 3, 2, 1, 1, 2, 1]),
 (999, [1240, 67, 1, 1, 0, 1329, 938, 1, 0, 3, 5, 0, 2, 2, 0]),
 (999, [1344, 117, 1, 0, 0, 876, 964, 1, 1, 1, 5, 1, 0, 0, 1]),
 (999, [1363, 35, 0, 0, 0, 1686, 1630, 1, 1, 1, 5, 1, 2, 2, 1]),
 (999, [1603, 86, 1, 0, 1, 909, 1338, 1, 0, 3, 3, 1, 2, 1, 1]),
 (999, [1775, 49, 1, 1, 0, 1166, 1099, 1, 0, 3, 3, 0, 2, 1, 0]),
 (999, [1882, 102, 1, 0, 1, 655, 1255, 1, 1, 3, 0, 0, 1, 1, 2]),
 (999, [1899, 75, 0, 1, 1, 1448, 1012, 1, 1, 3, 1, 1, 2, 2, 0]),
 (999, [1995, 114, 1, 0, 1, 1394, 1769, 0, 1, 3, 2, 1, 1, 2, 2])]
Selected
[(12, [1828, 46, 1, 0, 0, 1116, 1363, 1, 1, 2, 3, 0, 2, 2, 0]),
 (12, [1828, 46, 1, 0, 0, 1116, 1363, 1, 1, 2, 3, 0, 2, 2, 0]),
 (12, [1535, 44, 0, 0, 1, 1519, 1891, 0, 0, 0, 2, 1, 2, 0, 2]),
 (12, [1604, 83, 1, 1, 1, 1056, 1002, 0, 1, 0, 3, 0, 0, 1, 0]),
 (12, [1489, 103, 1, 0, 1, 1806, 1435, 0, 1, 0, 2, 0, 0, 1, 0]),
 (12, [1318, 41, 1, 0, 1, 1926, 731, 1, 0, 0, 4, 0, 0, 1, 2]),
 (12, [1826, 82, 1, 0, 1, 1047, 677, 0, 1, 2, 0, 0, 0, 0, 0]),
 (12, [1489, 103, 1, 0, 1, 1806, 1435, 0, 1, 0, 2, 0, 0, 1, 0]),
 (12, [1828, 46, 1, 0, 0, 1116, 1363, 1, 1, 2, 3, 0, 2, 2, 0]),
 (12, [1535, 44, 0, 0, 1, 1519, 1891, 0, 0, 0, 2, 1, 2, 0, 2]),
 (12, [2030, 72, 1, 1, 0, 1237, 1214, 0, 0, 2, 4, 1, 0, 1, 2]),
 (12, [1535, 44, 0, 0, 1, 1519, 1891, 0, 0, 0, 2, 1, 2, 0, 2]),
 (12, [2025, 20, 0, 1, 1, 1572, 1819, 1, 1, 1, 3, 0, 2, 0, 0]),
 (12, [2030, 72, 1, 1, 0, 1237, 1214, 0, 0, 2, 4, 1, 0, 1, 2]),
 (12, [1535, 44, 0, 0, 1, 1519, 1891, 0, 0, 0, 2, 1, 2, 0, 2]),
 (12, [1489, 103, 1, 0, 1, 1806, 1435, 0, 1, 0, 2, 0, 0, 1, 0]),
 (12, [1604, 83, 1, 1, 1, 1056, 1002, 0, 1, 0, 3, 0, 0, 1, 0]),
 (16, [1185, 112, 0, 1, 1, 1196, 1876, 1, 1, 1, 2, 0, 2, 2, 2]),
 (12, [1604, 83, 1, 1, 1, 1056, 1002, 0, 1, 0, 3, 0, 0, 1, 0]),
 (12, [1828, 46, 1, 0, 0, 1116, 1363, 1, 1, 2, 3, 0, 2, 2, 0]),
 (12, [1318, 41, 1, 0, 1, 1926, 731, 1, 0, 0, 4, 0, 0, 1, 2]),
 (12, [1489, 103, 1, 0, 1, 1806, 1435, 0, 1, 0, 2, 0, 0, 1, 0]),
 (16, [1185, 112, 0, 1, 1, 1196, 1876, 1, 1, 1, 2, 0, 2, 2, 2]),
 (16, [933, 51, 0, 0, 0, 1277, 926, 1, 0, 1, 4, 0, 0, 1, 0]),
 (12, [1604, 83, 1, 1, 1, 1056, 1002, 0, 1, 0, 3, 0, 0, 1, 0]),
 (12, [1604, 83, 1, 1, 1, 1056, 1002, 0, 1, 0, 3, 0, 0, 1, 0]),
 (12, [1828, 46, 1, 0, 0, 1116, 1363, 1, 1, 2, 3, 0, 2, 2, 0])]
population
[(999, [1995, 114, 1, 0, 1, 1394, 1769, 0, 1, 3, 2, 1, 1, 2, 2]),
 (999, [1899, 75, 0, 1, 1, 1448, 1012, 1, 1, 3, 1, 1, 2, 2, 0]),
 (999, [1882, 102, 1, 0, 1, 655, 1255, 1, 1, 3, 0, 0, 1, 1, 2]),
 (999, [1775, 49, 1, 1, 0, 1166, 1099, 1, 0, 3, 3, 0, 2, 1, 0]),
 (999, [1603, 86, 1, 0, 1, 909, 1338, 1, 0, 3, 3, 1, 2, 1, 1]),
 (999, [1363, 35, 0, 0, 0, 1686, 1630, 1, 1, 1, 5, 1, 2, 2, 1]),
 (999, [1344, 117, 1, 0, 0, 876, 964, 1, 1, 1, 5, 1, 0, 0, 1]),
 (999, [1240, 67, 1, 1, 0, 1329, 938, 1, 0, 3, 5, 0, 2, 2, 0]),
 (999, [1117, 103, 0, 0, 1, 1378, 730, 1, 1, 3, 2, 1, 1, 2, 1]),
 (999, [1083, 61, 0, 0, 1, 938, 908, 0, 0, 3, 3, 0, 0, 1, 1]),
 (999, [813, 69, 0, 1, 0, 729, 1438, 0, 0, 3, 4, 0, 1, 0, 0]),
 (999, [757, 48, 0, 1, 1, 1426, 1917, 1, 0, 3, 3, 0, 0, 2, 2]),
 (16, [2024, 91, 0, 0, 0, 1138, 1362, 0, 1, 1, 1, 0, 1, 2, 0]),
 (16, [1510, 30, 1, 1, 0, 1845, 1866, 1, 0, 1, 4, 1, 1, 0, 2]),
 (16, [1443, 17, 0, 0, 1, 523, 1806, 1, 1, 0, 2, 1, 0, 0, 2]),
 (16, [1215, 39, 1, 0, 0, 1376, 802, 1, 0, 0, 3, 1, 0, 1, 1]),
 (16, [1185, 112, 0, 1, 1, 1196, 1876, 1, 1, 1, 2, 0, 2, 2, 2]),
 (16, [942, 56, 0, 1, 1, 1292, 814, 1, 1, 0, 0, 1, 0, 0, 0]),
 (16, [933, 51, 0, 0, 0, 1277, 926, 1, 0, 1, 4, 0, 0, 1, 0]),
 (16, [694, 39, 1, 0, 1, 1635, 971, 0, 1, 1, 0, 1, 0, 1, 0]),
 (13, [713, 111, 1, 1, 0, 1378, 1140, 1, 0, 0, 0, 1, 1, 1, 2]),
 (12, [2030, 72, 1, 1, 0, 1237, 1214, 0, 0, 2, 4, 1, 0, 1, 2]),
 (12, [2025, 20, 0, 1, 1, 1572, 1819, 1, 1, 1, 3, 0, 2, 0, 0]),
 (12, [1970, 110, 0, 1, 0, 1154, 1957, 0, 1, 1, 4, 1, 0, 1, 2]),
 (12, [1871, 28, 0, 0, 1, 1063, 868, 1, 1, 1, 1, 0, 1, 0, 2]),
 (12, [1828, 46, 1, 0, 0, 1116, 1363, 1, 1, 2, 3, 0, 2, 2, 0]),
 (12, [1826, 82, 1, 0, 1, 1047, 677, 0, 1, 2, 0, 0, 0, 0, 0]),
 (12, [1754, 90, 0, 1, 0, 1633, 899, 1, 0, 1, 0, 1, 0, 1, 1]),
 (12, [1604, 83, 1, 1, 1, 1056, 1002, 0, 1, 0, 3, 0, 0, 1, 0]),
 (12, [1535, 44, 0, 0, 1, 1519, 1891, 0, 0, 0, 2, 1, 2, 0, 2]),
 (12, [1489, 103, 1, 0, 1, 1806, 1435, 0, 1, 0, 2, 0, 0, 1, 0]),
 (12, [1318, 41, 1, 0, 1, 1926, 731, 1, 0, 0, 4, 0, 0, 1, 2])]
scored
[(12, [1318, 41, 1, 0, 1, 1926, 731, 1, 0, 0, 4, 0, 0, 1, 2]),
 (12, [1489, 103, 1, 0, 1, 1806, 1435, 0, 1, 0, 2, 0, 0, 1, 0]),
 (12, [1535, 44, 0, 0, 1, 1519, 1891, 0, 0, 0, 2, 1, 2, 0, 2]),
 (12, [1604, 83, 1, 1, 1, 1056, 1002, 0, 1, 0, 3, 0, 0, 1, 0]),
 (12, [1754, 90, 0, 1, 0, 1633, 899, 1, 0, 1, 0, 1, 0, 1, 1]),
 (12, [1826, 82, 1, 0, 1, 1047, 677, 0, 1, 2, 0, 0, 0, 0, 0]),
 (12, [1828, 46, 1, 0, 0, 1116, 1363, 1, 1, 2, 3, 0, 2, 2, 0]),
 (12, [1871, 28, 0, 0, 1, 1063, 868, 1, 1, 1, 1, 0, 1, 0, 2]),
 (12, [1970, 110, 0, 1, 0, 1154, 1957, 0, 1, 1, 4, 1, 0, 1, 2]),
 (12, [2025, 20, 0, 1, 1, 1572, 1819, 1, 1, 1, 3, 0, 2, 0, 0]),
 (12, [2030, 72, 1, 1, 0, 1237, 1214, 0, 0, 2, 4, 1, 0, 1, 2]),
 (13, [713, 111, 1, 1, 0, 1378, 1140, 1, 0, 0, 0, 1, 1, 1, 2]),
 (16, [694, 39, 1, 0, 1, 1635, 971, 0, 1, 1, 0, 1, 0, 1, 0]),
 (16, [933, 51, 0, 0, 0, 1277, 926, 1, 0, 1, 4, 0, 0, 1, 0]),
 (16, [942, 56, 0, 1, 1, 1292, 814, 1, 1, 0, 0, 1, 0, 0, 0]),
 (16, [1185, 112, 0, 1, 1, 1196, 1876, 1, 1, 1, 2, 0, 2, 2, 2]),
 (16, [1215, 39, 1, 0, 0, 1376, 802, 1, 0, 0, 3, 1, 0, 1, 1]),
 (16, [1443, 17, 0, 0, 1, 523, 1806, 1, 1, 0, 2, 1, 0, 0, 2]),
 (16, [1510, 30, 1, 1, 0, 1845, 1866, 1, 0, 1, 4, 1, 1, 0, 2]),
 (16, [2024, 91, 0, 0, 0, 1138, 1362, 0, 1, 1, 1, 0, 1, 2, 0]),
 (999, [757, 48, 0, 1, 1, 1426, 1917, 1, 0, 3, 3, 0, 0, 2, 2]),
 (999, [813, 69, 0, 1, 0, 729, 1438, 0, 0, 3, 4, 0, 1, 0, 0]),
 (999, [1083, 61, 0, 0, 1, 938, 908, 0, 0, 3, 3, 0, 0, 1, 1]),
 (999, [1117, 103, 0, 0, 1, 1378, 730, 1, 1, 3, 2, 1, 1, 2, 1]),
 (999, [1240, 67, 1, 1, 0, 1329, 938, 1, 0, 3, 5, 0, 2, 2, 0]),
 (999, [1344, 117, 1, 0, 0, 876, 964, 1, 1, 1, 5, 1, 0, 0, 1]),
 (999, [1363, 35, 0, 0, 0, 1686, 1630, 1, 1, 1, 5, 1, 2, 2, 1]),
 (999, [1603, 86, 1, 0, 1, 909, 1338, 1, 0, 3, 3, 1, 2, 1, 1]),
 (999, [1775, 49, 1, 1, 0, 1166, 1099, 1, 0, 3, 3, 0, 2, 1, 0]),
 (999, [1882, 102, 1, 0, 1, 655, 1255, 1, 1, 3, 0, 0, 1, 1, 2]),
 (999, [1899, 75, 0, 1, 1, 1448, 1012, 1, 1, 3, 1, 1, 2, 2, 0]),
 (999, [1995, 114, 1, 0, 1, 1394, 1769, 0, 1, 3, 2, 1, 1, 2, 2])]
Selected
[(12, [1535, 44, 0, 0, 1, 1519, 1891, 0, 0, 0, 2, 1, 2, 0, 2]),
 (12, [1318, 41, 1, 0, 1, 1926, 731, 1, 0, 0, 4, 0, 0, 1, 2]),
 (12, [1489, 103, 1, 0, 1, 1806, 1435, 0, 1, 0, 2, 0, 0, 1, 0]),
 (12, [1318, 41, 1, 0, 1, 1926, 731, 1, 0, 0, 4, 0, 0, 1, 2]),
 (12, [1489, 103, 1, 0, 1, 1806, 1435, 0, 1, 0, 2, 0, 0, 1, 0]),
 (12, [1535, 44, 0, 0, 1, 1519, 1891, 0, 0, 0, 2, 1, 2, 0, 2]),
 (16, [1443, 17, 0, 0, 1, 523, 1806, 1, 1, 0, 2, 1, 0, 0, 2]),
 (12, [1318, 41, 1, 0, 1, 1926, 731, 1, 0, 0, 4, 0, 0, 1, 2]),
 (12, [1970, 110, 0, 1, 0, 1154, 1957, 0, 1, 1, 4, 1, 0, 1, 2]),
 (12, [1535, 44, 0, 0, 1, 1519, 1891, 0, 0, 0, 2, 1, 2, 0, 2]),
 (12, [1604, 83, 1, 1, 1, 1056, 1002, 0, 1, 0, 3, 0, 0, 1, 0]),
 (12, [2025, 20, 0, 1, 1, 1572, 1819, 1, 1, 1, 3, 0, 2, 0, 0]),
 (12, [1489, 103, 1, 0, 1, 1806, 1435, 0, 1, 0, 2, 0, 0, 1, 0]),
 (12, [1489, 103, 1, 0, 1, 1806, 1435, 0, 1, 0, 2, 0, 0, 1, 0]),
 (12, [1318, 41, 1, 0, 1, 1926, 731, 1, 0, 0, 4, 0, 0, 1, 2]),
 (16, [942, 56, 0, 1, 1, 1292, 814, 1, 1, 0, 0, 1, 0, 0, 0]),
 (12, [1828, 46, 1, 0, 0, 1116, 1363, 1, 1, 2, 3, 0, 2, 2, 0]),
 (12, [1535, 44, 0, 0, 1, 1519, 1891, 0, 0, 0, 2, 1, 2, 0, 2]),
 (12, [1489, 103, 1, 0, 1, 1806, 1435, 0, 1, 0, 2, 0, 0, 1, 0]),
 (12, [1489, 103, 1, 0, 1, 1806, 1435, 0, 1, 0, 2, 0, 0, 1, 0]),
 (12, [1604, 83, 1, 1, 1, 1056, 1002, 0, 1, 0, 3, 0, 0, 1, 0]),
 (12, [1871, 28, 0, 0, 1, 1063, 868, 1, 1, 1, 1, 0, 1, 0, 2]),
 (12, [1604, 83, 1, 1, 1, 1056, 1002, 0, 1, 0, 3, 0, 0, 1, 0]),
 (12, [1754, 90, 0, 1, 0, 1633, 899, 1, 0, 1, 0, 1, 0, 1, 1]),
 (12, [1604, 83, 1, 1, 1, 1056, 1002, 0, 1, 0, 3, 0, 0, 1, 0]),
 (12, [1489, 103, 1, 0, 1, 1806, 1435, 0, 1, 0, 2, 0, 0, 1, 0]),
 (12, [1535, 44, 0, 0, 1, 1519, 1891, 0, 0, 0, 2, 1, 2, 0, 2])]
population
[(999, [1995, 114, 1, 0, 1, 1394, 1769, 0, 1, 3, 2, 1, 1, 2, 2]),
 (999, [1899, 75, 0, 1, 1, 1448, 1012, 1, 1, 3, 1, 1, 2, 2, 0]),
 (999, [1882, 102, 1, 0, 1, 655, 1255, 1, 1, 3, 0, 0, 1, 1, 2]),
 (999, [1775, 49, 1, 1, 0, 1166, 1099, 1, 0, 3, 3, 0, 2, 1, 0]),
 (999, [1603, 86, 1, 0, 1, 909, 1338, 1, 0, 3, 3, 1, 2, 1, 1]),
 (999, [1363, 35, 0, 0, 0, 1686, 1630, 1, 1, 1, 5, 1, 2, 2, 1]),
 (999, [1344, 117, 1, 0, 0, 876, 964, 1, 1, 1, 5, 1, 0, 0, 1]),
 (999, [1240, 67, 1, 1, 0, 1329, 938, 1, 0, 3, 5, 0, 2, 2, 0]),
 (999, [1117, 103, 0, 0, 1, 1378, 730, 1, 1, 3, 2, 1, 1, 2, 1]),
 (999, [1083, 61, 0, 0, 1, 938, 908, 0, 0, 3, 3, 0, 0, 1, 1]),
 (999, [813, 69, 0, 1, 0, 729, 1438, 0, 0, 3, 4, 0, 1, 0, 0]),
 (999, [757, 48, 0, 1, 1, 1426, 1917, 1, 0, 3, 3, 0, 0, 2, 2]),
 (16, [2024, 91, 0, 0, 0, 1138, 1362, 0, 1, 1, 1, 0, 1, 2, 0]),
 (16, [1510, 30, 1, 1, 0, 1845, 1866, 1, 0, 1, 4, 1, 1, 0, 2]),
 (16, [1443, 17, 0, 0, 1, 523, 1806, 1, 1, 0, 2, 1, 0, 0, 2]),
 (16, [1215, 39, 1, 0, 0, 1376, 802, 1, 0, 0, 3, 1, 0, 1, 1]),
 (16, [1185, 112, 0, 1, 1, 1196, 1876, 1, 1, 1, 2, 0, 2, 2, 2]),
 (16, [942, 56, 0, 1, 1, 1292, 814, 1, 1, 0, 0, 1, 0, 0, 0]),
 (16, [933, 51, 0, 0, 0, 1277, 926, 1, 0, 1, 4, 0, 0, 1, 0]),
 (16, [694, 39, 1, 0, 1, 1635, 971, 0, 1, 1, 0, 1, 0, 1, 0]),
 (13, [713, 111, 1, 1, 0, 1378, 1140, 1, 0, 0, 0, 1, 1, 1, 2]),
 (12, [2030, 72, 1, 1, 0, 1237, 1214, 0, 0, 2, 4, 1, 0, 1, 2]),
 (12, [2025, 20, 0, 1, 1, 1572, 1819, 1, 1, 1, 3, 0, 2, 0, 0]),
 (12, [1970, 110, 0, 1, 0, 1154, 1957, 0, 1, 1, 4, 1, 0, 1, 2]),
 (12, [1871, 28, 0, 0, 1, 1063, 868, 1, 1, 1, 1, 0, 1, 0, 2]),
 (12, [1828, 46, 1, 0, 0, 1116, 1363, 1, 1, 2, 3, 0, 2, 2, 0]),
 (12, [1826, 82, 1, 0, 1, 1047, 677, 0, 1, 2, 0, 0, 0, 0, 0]),
 (12, [1754, 90, 0, 1, 0, 1633, 899, 1, 0, 1, 0, 1, 0, 1, 1]),
 (12, [1604, 83, 1, 1, 1, 1056, 1002, 0, 1, 0, 3, 0, 0, 1, 0]),
 (12, [1535, 44, 0, 0, 1, 1519, 1891, 0, 0, 0, 2, 1, 2, 0, 2]),
 (12, [1489, 103, 1, 0, 1, 1806, 1435, 0, 1, 0, 2, 0, 0, 1, 0]),
 (12, [1318, 41, 1, 0, 1, 1926, 731, 1, 0, 0, 4, 0, 0, 1, 2])]
scored
[(12, [1318, 41, 1, 0, 1, 1926, 731, 1, 0, 0, 4, 0, 0, 1, 2]),
 (12, [1489, 103, 1, 0, 1, 1806, 1435, 0, 1, 0, 2, 0, 0, 1, 0]),
 (12, [1535, 44, 0, 0, 1, 1519, 1891, 0, 0, 0, 2, 1, 2, 0, 2]),
 (12, [1604, 83, 1, 1, 1, 1056, 1002, 0, 1, 0, 3, 0, 0, 1, 0]),
 (12, [1754, 90, 0, 1, 0, 1633, 899, 1, 0, 1, 0, 1, 0, 1, 1]),
 (12, [1826, 82, 1, 0, 1, 1047, 677, 0, 1, 2, 0, 0, 0, 0, 0]),
 (12, [1828, 46, 1, 0, 0, 1116, 1363, 1, 1, 2, 3, 0, 2, 2, 0]),
 (12, [1871, 28, 0, 0, 1, 1063, 868, 1, 1, 1, 1, 0, 1, 0, 2]),
 (12, [1970, 110, 0, 1, 0, 1154, 1957, 0, 1, 1, 4, 1, 0, 1, 2]),
 (12, [2025, 20, 0, 1, 1, 1572, 1819, 1, 1, 1, 3, 0, 2, 0, 0]),
 (12, [2030, 72, 1, 1, 0, 1237, 1214, 0, 0, 2, 4, 1, 0, 1, 2]),
 (13, [713, 111, 1, 1, 0, 1378, 1140, 1, 0, 0, 0, 1, 1, 1, 2]),
 (16, [694, 39, 1, 0, 1, 1635, 971, 0, 1, 1, 0, 1, 0, 1, 0]),
 (16, [933, 51, 0, 0, 0, 1277, 926, 1, 0, 1, 4, 0, 0, 1, 0]),
 (16, [942, 56, 0, 1, 1, 1292, 814, 1, 1, 0, 0, 1, 0, 0, 0]),
 (16, [1185, 112, 0, 1, 1, 1196, 1876, 1, 1, 1, 2, 0, 2, 2, 2]),
 (16, [1215, 39, 1, 0, 0, 1376, 802, 1, 0, 0, 3, 1, 0, 1, 1]),
 (16, [1443, 17, 0, 0, 1, 523, 1806, 1, 1, 0, 2, 1, 0, 0, 2]),
 (16, [1510, 30, 1, 1, 0, 1845, 1866, 1, 0, 1, 4, 1, 1, 0, 2]),
 (16, [2024, 91, 0, 0, 0, 1138, 1362, 0, 1, 1, 1, 0, 1, 2, 0]),
 (999, [757, 48, 0, 1, 1, 1426, 1917, 1, 0, 3, 3, 0, 0, 2, 2]),
 (999, [813, 69, 0, 1, 0, 729, 1438, 0, 0, 3, 4, 0, 1, 0, 0]),
 (999, [1083, 61, 0, 0, 1, 938, 908, 0, 0, 3, 3, 0, 0, 1, 1]),
 (999, [1117, 103, 0, 0, 1, 1378, 730, 1, 1, 3, 2, 1, 1, 2, 1]),
 (999, [1240, 67, 1, 1, 0, 1329, 938, 1, 0, 3, 5, 0, 2, 2, 0]),
 (999, [1344, 117, 1, 0, 0, 876, 964, 1, 1, 1, 5, 1, 0, 0, 1]),
 (999, [1363, 35, 0, 0, 0, 1686, 1630, 1, 1, 1, 5, 1, 2, 2, 1]),
 (999, [1603, 86, 1, 0, 1, 909, 1338, 1, 0, 3, 3, 1, 2, 1, 1]),
 (999, [1775, 49, 1, 1, 0, 1166, 1099, 1, 0, 3, 3, 0, 2, 1, 0]),
 (999, [1882, 102, 1, 0, 1, 655, 1255, 1, 1, 3, 0, 0, 1, 1, 2]),
 (999, [1899, 75, 0, 1, 1, 1448, 1012, 1, 1, 3, 1, 1, 2, 2, 0]),
 (999, [1995, 114, 1, 0, 1, 1394, 1769, 0, 1, 3, 2, 1, 1, 2, 2])]
Selected
[(12, [1828, 46, 1, 0, 0, 1116, 1363, 1, 1, 2, 3, 0, 2, 2, 0]),
 (12, [2025, 20, 0, 1, 1, 1572, 1819, 1, 1, 1, 3, 0, 2, 0, 0]),
 (12, [1318, 41, 1, 0, 1, 1926, 731, 1, 0, 0, 4, 0, 0, 1, 2]),
 (12, [1871, 28, 0, 0, 1, 1063, 868, 1, 1, 1, 1, 0, 1, 0, 2]),
 (12, [1604, 83, 1, 1, 1, 1056, 1002, 0, 1, 0, 3, 0, 0, 1, 0]),
 (12, [1871, 28, 0, 0, 1, 1063, 868, 1, 1, 1, 1, 0, 1, 0, 2]),
 (12, [1970, 110, 0, 1, 0, 1154, 1957, 0, 1, 1, 4, 1, 0, 1, 2]),
 (12, [1318, 41, 1, 0, 1, 1926, 731, 1, 0, 0, 4, 0, 0, 1, 2]),
 (12, [1828, 46, 1, 0, 0, 1116, 1363, 1, 1, 2, 3, 0, 2, 2, 0]),
 (12, [1604, 83, 1, 1, 1, 1056, 1002, 0, 1, 0, 3, 0, 0, 1, 0]),
 (12, [1828, 46, 1, 0, 0, 1116, 1363, 1, 1, 2, 3, 0, 2, 2, 0]),
 (12, [1318, 41, 1, 0, 1, 1926, 731, 1, 0, 0, 4, 0, 0, 1, 2]),
 (12, [1535, 44, 0, 0, 1, 1519, 1891, 0, 0, 0, 2, 1, 2, 0, 2]),
 (12, [1970, 110, 0, 1, 0, 1154, 1957, 0, 1, 1, 4, 1, 0, 1, 2]),
 (12, [1604, 83, 1, 1, 1, 1056, 1002, 0, 1, 0, 3, 0, 0, 1, 0]),
 (12, [1604, 83, 1, 1, 1, 1056, 1002, 0, 1, 0, 3, 0, 0, 1, 0]),
 (13, [713, 111, 1, 1, 0, 1378, 1140, 1, 0, 0, 0, 1, 1, 1, 2]),
 (12, [1970, 110, 0, 1, 0, 1154, 1957, 0, 1, 1, 4, 1, 0, 1, 2]),
 (12, [1604, 83, 1, 1, 1, 1056, 1002, 0, 1, 0, 3, 0, 0, 1, 0]),
 (12, [1754, 90, 0, 1, 0, 1633, 899, 1, 0, 1, 0, 1, 0, 1, 1]),
 (16, [1215, 39, 1, 0, 0, 1376, 802, 1, 0, 0, 3, 1, 0, 1, 1]),
 (12, [1754, 90, 0, 1, 0, 1633, 899, 1, 0, 1, 0, 1, 0, 1, 1]),
 (12, [1318, 41, 1, 0, 1, 1926, 731, 1, 0, 0, 4, 0, 0, 1, 2]),
 (12, [1828, 46, 1, 0, 0, 1116, 1363, 1, 1, 2, 3, 0, 2, 2, 0]),
 (12, [1826, 82, 1, 0, 1, 1047, 677, 0, 1, 2, 0, 0, 0, 0, 0]),
 (12, [1489, 103, 1, 0, 1, 1806, 1435, 0, 1, 0, 2, 0, 0, 1, 0]),
 (12, [1318, 41, 1, 0, 1, 1926, 731, 1, 0, 0, 4, 0, 0, 1, 2])]
population
[(999, [1995, 114, 1, 0, 1, 1394, 1769, 0, 1, 3, 2, 1, 1, 2, 2]),
 (999, [1899, 75, 0, 1, 1, 1448, 1012, 1, 1, 3, 1, 1, 2, 2, 0]),
 (999, [1882, 102, 1, 0, 1, 655, 1255, 1, 1, 3, 0, 0, 1, 1, 2]),
 (999, [1775, 49, 1, 1, 0, 1166, 1099, 1, 0, 3, 3, 0, 2, 1, 0]),
 (999, [1603, 86, 1, 0, 1, 909, 1338, 1, 0, 3, 3, 1, 2, 1, 1]),
 (999, [1363, 35, 0, 0, 0, 1686, 1630, 1, 1, 1, 5, 1, 2, 2, 1]),
 (999, [1344, 117, 1, 0, 0, 876, 964, 1, 1, 1, 5, 1, 0, 0, 1]),
 (999, [1240, 67, 1, 1, 0, 1329, 938, 1, 0, 3, 5, 0, 2, 2, 0]),
 (999, [1117, 103, 0, 0, 1, 1378, 730, 1, 1, 3, 2, 1, 1, 2, 1]),
 (999, [1083, 61, 0, 0, 1, 938, 908, 0, 0, 3, 3, 0, 0, 1, 1]),
 (999, [813, 69, 0, 1, 0, 729, 1438, 0, 0, 3, 4, 0, 1, 0, 0]),
 (999, [757, 48, 0, 1, 1, 1426, 1917, 1, 0, 3, 3, 0, 0, 2, 2]),
 (16, [2024, 91, 0, 0, 0, 1138, 1362, 0, 1, 1, 1, 0, 1, 2, 0]),
 (16, [1510, 30, 1, 1, 0, 1845, 1866, 1, 0, 1, 4, 1, 1, 0, 2]),
 (16, [1443, 17, 0, 0, 1, 523, 1806, 1, 1, 0, 2, 1, 0, 0, 2]),
 (16, [1215, 39, 1, 0, 0, 1376, 802, 1, 0, 0, 3, 1, 0, 1, 1]),
 (16, [1185, 112, 0, 1, 1, 1196, 1876, 1, 1, 1, 2, 0, 2, 2, 2]),
 (16, [942, 56, 0, 1, 1, 1292, 814, 1, 1, 0, 0, 1, 0, 0, 0]),
 (16, [933, 51, 0, 0, 0, 1277, 926, 1, 0, 1, 4, 0, 0, 1, 0]),
 (16, [694, 39, 1, 0, 1, 1635, 971, 0, 1, 1, 0, 1, 0, 1, 0]),
 (13, [713, 111, 1, 1, 0, 1378, 1140, 1, 0, 0, 0, 1, 1, 1, 2]),
 (12, [2030, 72, 1, 1, 0, 1237, 1214, 0, 0, 2, 4, 1, 0, 1, 2]),
 (12, [2025, 20, 0, 1, 1, 1572, 1819, 1, 1, 1, 3, 0, 2, 0, 0]),
 (12, [1970, 110, 0, 1, 0, 1154, 1957, 0, 1, 1, 4, 1, 0, 1, 2]),
 (12, [1871, 28, 0, 0, 1, 1063, 868, 1, 1, 1, 1, 0, 1, 0, 2]),
 (12, [1828, 46, 1, 0, 0, 1116, 1363, 1, 1, 2, 3, 0, 2, 2, 0]),
 (12, [1826, 82, 1, 0, 1, 1047, 677, 0, 1, 2, 0, 0, 0, 0, 0]),
 (12, [1754, 90, 0, 1, 0, 1633, 899, 1, 0, 1, 0, 1, 0, 1, 1]),
 (12, [1604, 83, 1, 1, 1, 1056, 1002, 0, 1, 0, 3, 0, 0, 1, 0]),
 (12, [1535, 44, 0, 0, 1, 1519, 1891, 0, 0, 0, 2, 1, 2, 0, 2]),
 (12, [1489, 103, 1, 0, 1, 1806, 1435, 0, 1, 0, 2, 0, 0, 1, 0]),
 (12, [1318, 41, 1, 0, 1, 1926, 731, 1, 0, 0, 4, 0, 0, 1, 2])]
scored
[(12, [1318, 41, 1, 0, 1, 1926, 731, 1, 0, 0, 4, 0, 0, 1, 2]),
 (12, [1489, 103, 1, 0, 1, 1806, 1435, 0, 1, 0, 2, 0, 0, 1, 0]),
 (12, [1535, 44, 0, 0, 1, 1519, 1891, 0, 0, 0, 2, 1, 2, 0, 2]),
 (12, [1604, 83, 1, 1, 1, 1056, 1002, 0, 1, 0, 3, 0, 0, 1, 0]),
 (12, [1754, 90, 0, 1, 0, 1633, 899, 1, 0, 1, 0, 1, 0, 1, 1]),
 (12, [1826, 82, 1, 0, 1, 1047, 677, 0, 1, 2, 0, 0, 0, 0, 0]),
 (12, [1828, 46, 1, 0, 0, 1116, 1363, 1, 1, 2, 3, 0, 2, 2, 0]),
 (12, [1871, 28, 0, 0, 1, 1063, 868, 1, 1, 1, 1, 0, 1, 0, 2]),
 (12, [1970, 110, 0, 1, 0, 1154, 1957, 0, 1, 1, 4, 1, 0, 1, 2]),
 (12, [2025, 20, 0, 1, 1, 1572, 1819, 1, 1, 1, 3, 0, 2, 0, 0]),
 (12, [2030, 72, 1, 1, 0, 1237, 1214, 0, 0, 2, 4, 1, 0, 1, 2]),
 (13, [713, 111, 1, 1, 0, 1378, 1140, 1, 0, 0, 0, 1, 1, 1, 2]),
 (16, [694, 39, 1, 0, 1, 1635, 971, 0, 1, 1, 0, 1, 0, 1, 0]),
 (16, [933, 51, 0, 0, 0, 1277, 926, 1, 0, 1, 4, 0, 0, 1, 0]),
 (16, [942, 56, 0, 1, 1, 1292, 814, 1, 1, 0, 0, 1, 0, 0, 0]),
 (16, [1185, 112, 0, 1, 1, 1196, 1876, 1, 1, 1, 2, 0, 2, 2, 2]),
 (16, [1215, 39, 1, 0, 0, 1376, 802, 1, 0, 0, 3, 1, 0, 1, 1]),
 (16, [1443, 17, 0, 0, 1, 523, 1806, 1, 1, 0, 2, 1, 0, 0, 2]),
 (16, [1510, 30, 1, 1, 0, 1845, 1866, 1, 0, 1, 4, 1, 1, 0, 2]),
 (16, [2024, 91, 0, 0, 0, 1138, 1362, 0, 1, 1, 1, 0, 1, 2, 0]),
 (999, [757, 48, 0, 1, 1, 1426, 1917, 1, 0, 3, 3, 0, 0, 2, 2]),
 (999, [813, 69, 0, 1, 0, 729, 1438, 0, 0, 3, 4, 0, 1, 0, 0]),
 (999, [1083, 61, 0, 0, 1, 938, 908, 0, 0, 3, 3, 0, 0, 1, 1]),
 (999, [1117, 103, 0, 0, 1, 1378, 730, 1, 1, 3, 2, 1, 1, 2, 1]),
 (999, [1240, 67, 1, 1, 0, 1329, 938, 1, 0, 3, 5, 0, 2, 2, 0]),
 (999, [1344, 117, 1, 0, 0, 876, 964, 1, 1, 1, 5, 1, 0, 0, 1]),
 (999, [1363, 35, 0, 0, 0, 1686, 1630, 1, 1, 1, 5, 1, 2, 2, 1]),
 (999, [1603, 86, 1, 0, 1, 909, 1338, 1, 0, 3, 3, 1, 2, 1, 1]),
 (999, [1775, 49, 1, 1, 0, 1166, 1099, 1, 0, 3, 3, 0, 2, 1, 0]),
 (999, [1882, 102, 1, 0, 1, 655, 1255, 1, 1, 3, 0, 0, 1, 1, 2]),
 (999, [1899, 75, 0, 1, 1, 1448, 1012, 1, 1, 3, 1, 1, 2, 2, 0]),
 (999, [1995, 114, 1, 0, 1, 1394, 1769, 0, 1, 3, 2, 1, 1, 2, 2])]
Selected
[(12, [1535, 44, 0, 0, 1, 1519, 1891, 0, 0, 0, 2, 1, 2, 0, 2]),
 (12, [1604, 83, 1, 1, 1, 1056, 1002, 0, 1, 0, 3, 0, 0, 1, 0]),
 (12, [1604, 83, 1, 1, 1, 1056, 1002, 0, 1, 0, 3, 0, 0, 1, 0]),
 (12, [1871, 28, 0, 0, 1, 1063, 868, 1, 1, 1, 1, 0, 1, 0, 2]),
 (12, [1604, 83, 1, 1, 1, 1056, 1002, 0, 1, 0, 3, 0, 0, 1, 0]),
 (12, [1754, 90, 0, 1, 0, 1633, 899, 1, 0, 1, 0, 1, 0, 1, 1]),
 (12, [1318, 41, 1, 0, 1, 1926, 731, 1, 0, 0, 4, 0, 0, 1, 2]),
 (12, [1489, 103, 1, 0, 1, 1806, 1435, 0, 1, 0, 2, 0, 0, 1, 0]),
 (12, [1754, 90, 0, 1, 0, 1633, 899, 1, 0, 1, 0, 1, 0, 1, 1]),
 (16, [942, 56, 0, 1, 1, 1292, 814, 1, 1, 0, 0, 1, 0, 0, 0]),
 (12, [1604, 83, 1, 1, 1, 1056, 1002, 0, 1, 0, 3, 0, 0, 1, 0]),
 (12, [1318, 41, 1, 0, 1, 1926, 731, 1, 0, 0, 4, 0, 0, 1, 2]),
 (12, [1535, 44, 0, 0, 1, 1519, 1891, 0, 0, 0, 2, 1, 2, 0, 2]),
 (12, [1970, 110, 0, 1, 0, 1154, 1957, 0, 1, 1, 4, 1, 0, 1, 2]),
 (12, [1318, 41, 1, 0, 1, 1926, 731, 1, 0, 0, 4, 0, 0, 1, 2]),
 (12, [1535, 44, 0, 0, 1, 1519, 1891, 0, 0, 0, 2, 1, 2, 0, 2]),
 (12, [1604, 83, 1, 1, 1, 1056, 1002, 0, 1, 0, 3, 0, 0, 1, 0]),
 (12, [1604, 83, 1, 1, 1, 1056, 1002, 0, 1, 0, 3, 0, 0, 1, 0]),
 (16, [694, 39, 1, 0, 1, 1635, 971, 0, 1, 1, 0, 1, 0, 1, 0]),
 (12, [1489, 103, 1, 0, 1, 1806, 1435, 0, 1, 0, 2, 0, 0, 1, 0]),
 (12, [1318, 41, 1, 0, 1, 1926, 731, 1, 0, 0, 4, 0, 0, 1, 2]),
 (12, [1318, 41, 1, 0, 1, 1926, 731, 1, 0, 0, 4, 0, 0, 1, 2]),
 (12, [1318, 41, 1, 0, 1, 1926, 731, 1, 0, 0, 4, 0, 0, 1, 2]),
 (12, [2030, 72, 1, 1, 0, 1237, 1214, 0, 0, 2, 4, 1, 0, 1, 2]),
 (12, [1318, 41, 1, 0, 1, 1926, 731, 1, 0, 0, 4, 0, 0, 1, 2]),
 (12, [1871, 28, 0, 0, 1, 1063, 868, 1, 1, 1, 1, 0, 1, 0, 2]),
 (12, [1754, 90, 0, 1, 0, 1633, 899, 1, 0, 1, 0, 1, 0, 1, 1])]
population
[(999, [1995, 114, 1, 0, 1, 1394, 1769, 0, 1, 3, 2, 1, 1, 2, 2]),
 (999, [1899, 75, 0, 1, 1, 1448, 1012, 1, 1, 3, 1, 1, 2, 2, 0]),
 (999, [1882, 102, 1, 0, 1, 655, 1255, 1, 1, 3, 0, 0, 1, 1, 2]),
 (999, [1775, 49, 1, 1, 0, 1166, 1099, 1, 0, 3, 3, 0, 2, 1, 0]),
 (999, [1603, 86, 1, 0, 1, 909, 1338, 1, 0, 3, 3, 1, 2, 1, 1]),
 (999, [1363, 35, 0, 0, 0, 1686, 1630, 1, 1, 1, 5, 1, 2, 2, 1]),
 (999, [1344, 117, 1, 0, 0, 876, 964, 1, 1, 1, 5, 1, 0, 0, 1]),
 (999, [1240, 67, 1, 1, 0, 1329, 938, 1, 0, 3, 5, 0, 2, 2, 0]),
 (999, [1117, 103, 0, 0, 1, 1378, 730, 1, 1, 3, 2, 1, 1, 2, 1]),
 (999, [1083, 61, 0, 0, 1, 938, 908, 0, 0, 3, 3, 0, 0, 1, 1]),
 (999, [813, 69, 0, 1, 0, 729, 1438, 0, 0, 3, 4, 0, 1, 0, 0]),
 (999, [757, 48, 0, 1, 1, 1426, 1917, 1, 0, 3, 3, 0, 0, 2, 2]),
 (16, [2024, 91, 0, 0, 0, 1138, 1362, 0, 1, 1, 1, 0, 1, 2, 0]),
 (16, [1510, 30, 1, 1, 0, 1845, 1866, 1, 0, 1, 4, 1, 1, 0, 2]),
 (16, [1443, 17, 0, 0, 1, 523, 1806, 1, 1, 0, 2, 1, 0, 0, 2]),
 (16, [1215, 39, 1, 0, 0, 1376, 802, 1, 0, 0, 3, 1, 0, 1, 1]),
 (16, [1185, 112, 0, 1, 1, 1196, 1876, 1, 1, 1, 2, 0, 2, 2, 2]),
 (16, [942, 56, 0, 1, 1, 1292, 814, 1, 1, 0, 0, 1, 0, 0, 0]),
 (16, [933, 51, 0, 0, 0, 1277, 926, 1, 0, 1, 4, 0, 0, 1, 0]),
 (16, [694, 39, 1, 0, 1, 1635, 971, 0, 1, 1, 0, 1, 0, 1, 0]),
 (13, [713, 111, 1, 1, 0, 1378, 1140, 1, 0, 0, 0, 1, 1, 1, 2]),
 (12, [2030, 72, 1, 1, 0, 1237, 1214, 0, 0, 2, 4, 1, 0, 1, 2]),
 (12, [2025, 20, 0, 1, 1, 1572, 1819, 1, 1, 1, 3, 0, 2, 0, 0]),
 (12, [1970, 110, 0, 1, 0, 1154, 1957, 0, 1, 1, 4, 1, 0, 1, 2]),
 (12, [1871, 28, 0, 0, 1, 1063, 868, 1, 1, 1, 1, 0, 1, 0, 2]),
 (12, [1828, 46, 1, 0, 0, 1116, 1363, 1, 1, 2, 3, 0, 2, 2, 0]),
 (12, [1826, 82, 1, 0, 1, 1047, 677, 0, 1, 2, 0, 0, 0, 0, 0]),
 (12, [1754, 90, 0, 1, 0, 1633, 899, 1, 0, 1, 0, 1, 0, 1, 1]),
 (12, [1604, 83, 1, 1, 1, 1056, 1002, 0, 1, 0, 3, 0, 0, 1, 0]),
 (12, [1535, 44, 0, 0, 1, 1519, 1891, 0, 0, 0, 2, 1, 2, 0, 2]),
 (12, [1489, 103, 1, 0, 1, 1806, 1435, 0, 1, 0, 2, 0, 0, 1, 0]),
 (12, [1318, 41, 1, 0, 1, 1926, 731, 1, 0, 0, 4, 0, 0, 1, 2])]
scored
[(12, [1318, 41, 1, 0, 1, 1926, 731, 1, 0, 0, 4, 0, 0, 1, 2]),
 (12, [1489, 103, 1, 0, 1, 1806, 1435, 0, 1, 0, 2, 0, 0, 1, 0]),
 (12, [1535, 44, 0, 0, 1, 1519, 1891, 0, 0, 0, 2, 1, 2, 0, 2]),
 (12, [1604, 83, 1, 1, 1, 1056, 1002, 0, 1, 0, 3, 0, 0, 1, 0]),
 (12, [1754, 90, 0, 1, 0, 1633, 899, 1, 0, 1, 0, 1, 0, 1, 1]),
 (12, [1826, 82, 1, 0, 1, 1047, 677, 0, 1, 2, 0, 0, 0, 0, 0]),
 (12, [1828, 46, 1, 0, 0, 1116, 1363, 1, 1, 2, 3, 0, 2, 2, 0]),
 (12, [1871, 28, 0, 0, 1, 1063, 868, 1, 1, 1, 1, 0, 1, 0, 2]),
 (12, [1970, 110, 0, 1, 0, 1154, 1957, 0, 1, 1, 4, 1, 0, 1, 2]),
 (12, [2025, 20, 0, 1, 1, 1572, 1819, 1, 1, 1, 3, 0, 2, 0, 0]),
 (12, [2030, 72, 1, 1, 0, 1237, 1214, 0, 0, 2, 4, 1, 0, 1, 2]),
 (13, [713, 111, 1, 1, 0, 1378, 1140, 1, 0, 0, 0, 1, 1, 1, 2]),
 (16, [694, 39, 1, 0, 1, 1635, 971, 0, 1, 1, 0, 1, 0, 1, 0]),
 (16, [933, 51, 0, 0, 0, 1277, 926, 1, 0, 1, 4, 0, 0, 1, 0]),
 (16, [942, 56, 0, 1, 1, 1292, 814, 1, 1, 0, 0, 1, 0, 0, 0]),
 (16, [1185, 112, 0, 1, 1, 1196, 1876, 1, 1, 1, 2, 0, 2, 2, 2]),
 (16, [1215, 39, 1, 0, 0, 1376, 802, 1, 0, 0, 3, 1, 0, 1, 1]),
 (16, [1443, 17, 0, 0, 1, 523, 1806, 1, 1, 0, 2, 1, 0, 0, 2]),
 (16, [1510, 30, 1, 1, 0, 1845, 1866, 1, 0, 1, 4, 1, 1, 0, 2]),
 (16, [2024, 91, 0, 0, 0, 1138, 1362, 0, 1, 1, 1, 0, 1, 2, 0]),
 (999, [757, 48, 0, 1, 1, 1426, 1917, 1, 0, 3, 3, 0, 0, 2, 2]),
 (999, [813, 69, 0, 1, 0, 729, 1438, 0, 0, 3, 4, 0, 1, 0, 0]),
 (999, [1083, 61, 0, 0, 1, 938, 908, 0, 0, 3, 3, 0, 0, 1, 1]),
 (999, [1117, 103, 0, 0, 1, 1378, 730, 1, 1, 3, 2, 1, 1, 2, 1]),
 (999, [1240, 67, 1, 1, 0, 1329, 938, 1, 0, 3, 5, 0, 2, 2, 0]),
 (999, [1344, 117, 1, 0, 0, 876, 964, 1, 1, 1, 5, 1, 0, 0, 1]),
 (999, [1363, 35, 0, 0, 0, 1686, 1630, 1, 1, 1, 5, 1, 2, 2, 1]),
 (999, [1603, 86, 1, 0, 1, 909, 1338, 1, 0, 3, 3, 1, 2, 1, 1]),
 (999, [1775, 49, 1, 1, 0, 1166, 1099, 1, 0, 3, 3, 0, 2, 1, 0]),
 (999, [1882, 102, 1, 0, 1, 655, 1255, 1, 1, 3, 0, 0, 1, 1, 2]),
 (999, [1899, 75, 0, 1, 1, 1448, 1012, 1, 1, 3, 1, 1, 2, 2, 0]),
 (999, [1995, 114, 1, 0, 1, 1394, 1769, 0, 1, 3, 2, 1, 1, 2, 2])]
Selected
[(12, [1871, 28, 0, 0, 1, 1063, 868, 1, 1, 1, 1, 0, 1, 0, 2]),
 (12, [1489, 103, 1, 0, 1, 1806, 1435, 0, 1, 0, 2, 0, 0, 1, 0]),
 (12, [1489, 103, 1, 0, 1, 1806, 1435, 0, 1, 0, 2, 0, 0, 1, 0]),
 (12, [1489, 103, 1, 0, 1, 1806, 1435, 0, 1, 0, 2, 0, 0, 1, 0]),
 (12, [1828, 46, 1, 0, 0, 1116, 1363, 1, 1, 2, 3, 0, 2, 2, 0]),
 (12, [1535, 44, 0, 0, 1, 1519, 1891, 0, 0, 0, 2, 1, 2, 0, 2]),
 (12, [1754, 90, 0, 1, 0, 1633, 899, 1, 0, 1, 0, 1, 0, 1, 1]),
 (12, [1489, 103, 1, 0, 1, 1806, 1435, 0, 1, 0, 2, 0, 0, 1, 0]),
 (16, [942, 56, 0, 1, 1, 1292, 814, 1, 1, 0, 0, 1, 0, 0, 0]),
 (12, [1535, 44, 0, 0, 1, 1519, 1891, 0, 0, 0, 2, 1, 2, 0, 2]),
 (12, [1604, 83, 1, 1, 1, 1056, 1002, 0, 1, 0, 3, 0, 0, 1, 0]),
 (12, [1489, 103, 1, 0, 1, 1806, 1435, 0, 1, 0, 2, 0, 0, 1, 0]),
 (12, [1318, 41, 1, 0, 1, 1926, 731, 1, 0, 0, 4, 0, 0, 1, 2]),
 (12, [1318, 41, 1, 0, 1, 1926, 731, 1, 0, 0, 4, 0, 0, 1, 2]),
 (12, [1970, 110, 0, 1, 0, 1154, 1957, 0, 1, 1, 4, 1, 0, 1, 2]),
 (12, [1535, 44, 0, 0, 1, 1519, 1891, 0, 0, 0, 2, 1, 2, 0, 2]),
 (12, [1970, 110, 0, 1, 0, 1154, 1957, 0, 1, 1, 4, 1, 0, 1, 2]),
 (12, [1489, 103, 1, 0, 1, 1806, 1435, 0, 1, 0, 2, 0, 0, 1, 0]),
 (12, [1318, 41, 1, 0, 1, 1926, 731, 1, 0, 0, 4, 0, 0, 1, 2]),
 (12, [1970, 110, 0, 1, 0, 1154, 1957, 0, 1, 1, 4, 1, 0, 1, 2]),
 (12, [1604, 83, 1, 1, 1, 1056, 1002, 0, 1, 0, 3, 0, 0, 1, 0]),
 (12, [1318, 41, 1, 0, 1, 1926, 731, 1, 0, 0, 4, 0, 0, 1, 2]),
 (12, [1826, 82, 1, 0, 1, 1047, 677, 0, 1, 2, 0, 0, 0, 0, 0]),
 (16, [694, 39, 1, 0, 1, 1635, 971, 0, 1, 1, 0, 1, 0, 1, 0]),
 (12, [1754, 90, 0, 1, 0, 1633, 899, 1, 0, 1, 0, 1, 0, 1, 1]),
 (12, [1535, 44, 0, 0, 1, 1519, 1891, 0, 0, 0, 2, 1, 2, 0, 2]),
 (12, [1754, 90, 0, 1, 0, 1633, 899, 1, 0, 1, 0, 1, 0, 1, 1])]
population
[(999, [1995, 114, 1, 0, 1, 1394, 1769, 0, 1, 3, 2, 1, 1, 2, 2]),
 (999, [1899, 75, 0, 1, 1, 1448, 1012, 1, 1, 3, 1, 1, 2, 2, 0]),
 (999, [1882, 102, 1, 0, 1, 655, 1255, 1, 1, 3, 0, 0, 1, 1, 2]),
 (999, [1775, 49, 1, 1, 0, 1166, 1099, 1, 0, 3, 3, 0, 2, 1, 0]),
 (999, [1603, 86, 1, 0, 1, 909, 1338, 1, 0, 3, 3, 1, 2, 1, 1]),
 (999, [1363, 35, 0, 0, 0, 1686, 1630, 1, 1, 1, 5, 1, 2, 2, 1]),
 (999, [1344, 117, 1, 0, 0, 876, 964, 1, 1, 1, 5, 1, 0, 0, 1]),
 (999, [1240, 67, 1, 1, 0, 1329, 938, 1, 0, 3, 5, 0, 2, 2, 0]),
 (999, [1117, 103, 0, 0, 1, 1378, 730, 1, 1, 3, 2, 1, 1, 2, 1]),
 (999, [1083, 61, 0, 0, 1, 938, 908, 0, 0, 3, 3, 0, 0, 1, 1]),
 (999, [813, 69, 0, 1, 0, 729, 1438, 0, 0, 3, 4, 0, 1, 0, 0]),
 (999, [757, 48, 0, 1, 1, 1426, 1917, 1, 0, 3, 3, 0, 0, 2, 2]),
 (16, [2024, 91, 0, 0, 0, 1138, 1362, 0, 1, 1, 1, 0, 1, 2, 0]),
 (16, [1510, 30, 1, 1, 0, 1845, 1866, 1, 0, 1, 4, 1, 1, 0, 2]),
 (16, [1443, 17, 0, 0, 1, 523, 1806, 1, 1, 0, 2, 1, 0, 0, 2]),
 (16, [1215, 39, 1, 0, 0, 1376, 802, 1, 0, 0, 3, 1, 0, 1, 1]),
 (16, [1185, 112, 0, 1, 1, 1196, 1876, 1, 1, 1, 2, 0, 2, 2, 2]),
 (16, [942, 56, 0, 1, 1, 1292, 814, 1, 1, 0, 0, 1, 0, 0, 0]),
 (16, [933, 51, 0, 0, 0, 1277, 926, 1, 0, 1, 4, 0, 0, 1, 0]),
 (16, [694, 39, 1, 0, 1, 1635, 971, 0, 1, 1, 0, 1, 0, 1, 0]),
 (13, [713, 111, 1, 1, 0, 1378, 1140, 1, 0, 0, 0, 1, 1, 1, 2]),
 (12, [2030, 72, 1, 1, 0, 1237, 1214, 0, 0, 2, 4, 1, 0, 1, 2]),
 (12, [2025, 20, 0, 1, 1, 1572, 1819, 1, 1, 1, 3, 0, 2, 0, 0]),
 (12, [1970, 110, 0, 1, 0, 1154, 1957, 0, 1, 1, 4, 1, 0, 1, 2]),
 (12, [1871, 28, 0, 0, 1, 1063, 868, 1, 1, 1, 1, 0, 1, 0, 2]),
 (12, [1828, 46, 1, 0, 0, 1116, 1363, 1, 1, 2, 3, 0, 2, 2, 0]),
 (12, [1826, 82, 1, 0, 1, 1047, 677, 0, 1, 2, 0, 0, 0, 0, 0]),
 (12, [1754, 90, 0, 1, 0, 1633, 899, 1, 0, 1, 0, 1, 0, 1, 1]),
 (12, [1604, 83, 1, 1, 1, 1056, 1002, 0, 1, 0, 3, 0, 0, 1, 0]),
 (12, [1535, 44, 0, 0, 1, 1519, 1891, 0, 0, 0, 2, 1, 2, 0, 2]),
 (12, [1489, 103, 1, 0, 1, 1806, 1435, 0, 1, 0, 2, 0, 0, 1, 0]),
 (12, [1318, 41, 1, 0, 1, 1926, 731, 1, 0, 0, 4, 0, 0, 1, 2])]
scored
[(12, [1318, 41, 1, 0, 1, 1926, 731, 1, 0, 0, 4, 0, 0, 1, 2]),
 (12, [1489, 103, 1, 0, 1, 1806, 1435, 0, 1, 0, 2, 0, 0, 1, 0]),
 (12, [1535, 44, 0, 0, 1, 1519, 1891, 0, 0, 0, 2, 1, 2, 0, 2]),
 (12, [1604, 83, 1, 1, 1, 1056, 1002, 0, 1, 0, 3, 0, 0, 1, 0]),
 (12, [1754, 90, 0, 1, 0, 1633, 899, 1, 0, 1, 0, 1, 0, 1, 1]),
 (12, [1826, 82, 1, 0, 1, 1047, 677, 0, 1, 2, 0, 0, 0, 0, 0]),
 (12, [1828, 46, 1, 0, 0, 1116, 1363, 1, 1, 2, 3, 0, 2, 2, 0]),
 (12, [1871, 28, 0, 0, 1, 1063, 868, 1, 1, 1, 1, 0, 1, 0, 2]),
 (12, [1970, 110, 0, 1, 0, 1154, 1957, 0, 1, 1, 4, 1, 0, 1, 2]),
 (12, [2025, 20, 0, 1, 1, 1572, 1819, 1, 1, 1, 3, 0, 2, 0, 0]),
 (12, [2030, 72, 1, 1, 0, 1237, 1214, 0, 0, 2, 4, 1, 0, 1, 2]),
 (13, [713, 111, 1, 1, 0, 1378, 1140, 1, 0, 0, 0, 1, 1, 1, 2]),
 (16, [694, 39, 1, 0, 1, 1635, 971, 0, 1, 1, 0, 1, 0, 1, 0]),
 (16, [933, 51, 0, 0, 0, 1277, 926, 1, 0, 1, 4, 0, 0, 1, 0]),
 (16, [942, 56, 0, 1, 1, 1292, 814, 1, 1, 0, 0, 1, 0, 0, 0]),
 (16, [1185, 112, 0, 1, 1, 1196, 1876, 1, 1, 1, 2, 0, 2, 2, 2]),
 (16, [1215, 39, 1, 0, 0, 1376, 802, 1, 0, 0, 3, 1, 0, 1, 1]),
 (16, [1443, 17, 0, 0, 1, 523, 1806, 1, 1, 0, 2, 1, 0, 0, 2]),
 (16, [1510, 30, 1, 1, 0, 1845, 1866, 1, 0, 1, 4, 1, 1, 0, 2]),
 (16, [2024, 91, 0, 0, 0, 1138, 1362, 0, 1, 1, 1, 0, 1, 2, 0]),
 (999, [757, 48, 0, 1, 1, 1426, 1917, 1, 0, 3, 3, 0, 0, 2, 2]),
 (999, [813, 69, 0, 1, 0, 729, 1438, 0, 0, 3, 4, 0, 1, 0, 0]),
 (999, [1083, 61, 0, 0, 1, 938, 908, 0, 0, 3, 3, 0, 0, 1, 1]),
 (999, [1117, 103, 0, 0, 1, 1378, 730, 1, 1, 3, 2, 1, 1, 2, 1]),
 (999, [1240, 67, 1, 1, 0, 1329, 938, 1, 0, 3, 5, 0, 2, 2, 0]),
 (999, [1344, 117, 1, 0, 0, 876, 964, 1, 1, 1, 5, 1, 0, 0, 1]),
 (999, [1363, 35, 0, 0, 0, 1686, 1630, 1, 1, 1, 5, 1, 2, 2, 1]),
 (999, [1603, 86, 1, 0, 1, 909, 1338, 1, 0, 3, 3, 1, 2, 1, 1]),
 (999, [1775, 49, 1, 1, 0, 1166, 1099, 1, 0, 3, 3, 0, 2, 1, 0]),
 (999, [1882, 102, 1, 0, 1, 655, 1255, 1, 1, 3, 0, 0, 1, 1, 2]),
 (999, [1899, 75, 0, 1, 1, 1448, 1012, 1, 1, 3, 1, 1, 2, 2, 0]),
 (999, [1995, 114, 1, 0, 1, 1394, 1769, 0, 1, 3, 2, 1, 1, 2, 2])]
Selected
[(12, [1826, 82, 1, 0, 1, 1047, 677, 0, 1, 2, 0, 0, 0, 0, 0]),
 (12, [1489, 103, 1, 0, 1, 1806, 1435, 0, 1, 0, 2, 0, 0, 1, 0]),
 (12, [2025, 20, 0, 1, 1, 1572, 1819, 1, 1, 1, 3, 0, 2, 0, 0]),
 (16, [933, 51, 0, 0, 0, 1277, 926, 1, 0, 1, 4, 0, 0, 1, 0]),
 (12, [1604, 83, 1, 1, 1, 1056, 1002, 0, 1, 0, 3, 0, 0, 1, 0]),
 (12, [1754, 90, 0, 1, 0, 1633, 899, 1, 0, 1, 0, 1, 0, 1, 1]),
 (12, [1754, 90, 0, 1, 0, 1633, 899, 1, 0, 1, 0, 1, 0, 1, 1]),
 (12, [1828, 46, 1, 0, 0, 1116, 1363, 1, 1, 2, 3, 0, 2, 2, 0]),
 (12, [1604, 83, 1, 1, 1, 1056, 1002, 0, 1, 0, 3, 0, 0, 1, 0]),
 (12, [1828, 46, 1, 0, 0, 1116, 1363, 1, 1, 2, 3, 0, 2, 2, 0]),
 (16, [694, 39, 1, 0, 1, 1635, 971, 0, 1, 1, 0, 1, 0, 1, 0]),
 (16, [1215, 39, 1, 0, 0, 1376, 802, 1, 0, 0, 3, 1, 0, 1, 1]),
 (12, [1754, 90, 0, 1, 0, 1633, 899, 1, 0, 1, 0, 1, 0, 1, 1]),
 (12, [1318, 41, 1, 0, 1, 1926, 731, 1, 0, 0, 4, 0, 0, 1, 2]),
 (12, [1489, 103, 1, 0, 1, 1806, 1435, 0, 1, 0, 2, 0, 0, 1, 0]),
 (12, [1754, 90, 0, 1, 0, 1633, 899, 1, 0, 1, 0, 1, 0, 1, 1]),
 (12, [1318, 41, 1, 0, 1, 1926, 731, 1, 0, 0, 4, 0, 0, 1, 2]),
 (12, [1489, 103, 1, 0, 1, 1806, 1435, 0, 1, 0, 2, 0, 0, 1, 0]),
 (16, [694, 39, 1, 0, 1, 1635, 971, 0, 1, 1, 0, 1, 0, 1, 0]),
 (12, [1318, 41, 1, 0, 1, 1926, 731, 1, 0, 0, 4, 0, 0, 1, 2]),
 (12, [1318, 41, 1, 0, 1, 1926, 731, 1, 0, 0, 4, 0, 0, 1, 2]),
 (12, [1754, 90, 0, 1, 0, 1633, 899, 1, 0, 1, 0, 1, 0, 1, 1]),
 (12, [1604, 83, 1, 1, 1, 1056, 1002, 0, 1, 0, 3, 0, 0, 1, 0]),
 (12, [1489, 103, 1, 0, 1, 1806, 1435, 0, 1, 0, 2, 0, 0, 1, 0]),
 (12, [1828, 46, 1, 0, 0, 1116, 1363, 1, 1, 2, 3, 0, 2, 2, 0]),
 (12, [1604, 83, 1, 1, 1, 1056, 1002, 0, 1, 0, 3, 0, 0, 1, 0]),
 (16, [933, 51, 0, 0, 0, 1277, 926, 1, 0, 1, 4, 0, 0, 1, 0])]

Poblacin de 32 individuos durante 15 generaciones
Poblacin inicial:
[(999, [1995, 114, 1, 0, 1, 1394, 1769, 0, 1, 3, 2, 1, 1, 2, 2]),
 (999, [1899, 75, 0, 1, 1, 1448, 1012, 1, 1, 3, 1, 1, 2, 2, 0]),
 (999, [1882, 102, 1, 0, 1, 655, 1255, 1, 1, 3, 0, 0, 1, 1, 2]),
 (999, [1775, 49, 1, 1, 0, 1166, 1099, 1, 0, 3, 3, 0, 2, 1, 0]),
 (999, [1603, 86, 1, 0, 1, 909, 1338, 1, 0, 3, 3, 1, 2, 1, 1]),
 (999, [1363, 35, 0, 0, 0, 1686, 1630, 1, 1, 1, 5, 1, 2, 2, 1]),
 (999, [1344, 117, 1, 0, 0, 876, 964, 1, 1, 1, 5, 1, 0, 0, 1]),
 (999, [1240, 67, 1, 1, 0, 1329, 938, 1, 0, 3, 5, 0, 2, 2, 0]),
 (999, [1117, 103, 0, 0, 1, 1378, 730, 1, 1, 3, 2, 1, 1, 2, 1]),
 (999, [1083, 61, 0, 0, 1, 938, 908, 0, 0, 3, 3, 0, 0, 1, 1]),
 (999, [813, 69, 0, 1, 0, 729, 1438, 0, 0, 3, 4, 0, 1, 0, 0]),
 (999, [757, 48, 0, 1, 1, 1426, 1917, 1, 0, 3, 3, 0, 0, 2, 2]),
 (16, [2024, 91, 0, 0, 0, 1138, 1362, 0, 1, 1, 1, 0, 1, 2, 0]),
 (16, [1510, 30, 1, 1, 0, 1845, 1866, 1, 0, 1, 4, 1, 1, 0, 2]),
 (16, [1443, 17, 0, 0, 1, 523, 1806, 1, 1, 0, 2, 1, 0, 0, 2]),
 (16, [1215, 39, 1, 0, 0, 1376, 802, 1, 0, 0, 3, 1, 0, 1, 1]),
 (16, [1185, 112, 0, 1, 1, 1196, 1876, 1, 1, 1, 2, 0, 2, 2, 2]),
 (16, [942, 56, 0, 1, 1, 1292, 814, 1, 1, 0, 0, 1, 0, 0, 0]),
 (16, [933, 51, 0, 0, 0, 1277, 926, 1, 0, 1, 4, 0, 0, 1, 0]),
 (16, [694, 39, 1, 0, 1, 1635, 971, 0, 1, 1, 0, 1, 0, 1, 0]),
 (13, [713, 111, 1, 1, 0, 1378, 1140, 1, 0, 0, 0, 1, 1, 1, 2]),
 (12, [2030, 72, 1, 1, 0, 1237, 1214, 0, 0, 2, 4, 1, 0, 1, 2]),
 (12, [2025, 20, 0, 1, 1, 1572, 1819, 1, 1, 1, 3, 0, 2, 0, 0]),
 (12, [1970, 110, 0, 1, 0, 1154, 1957, 0, 1, 1, 4, 1, 0, 1, 2]),
 (12, [1871, 28, 0, 0, 1, 1063, 868, 1, 1, 1, 1, 0, 1, 0, 2]),
 (12, [1828, 46, 1, 0, 0, 1116, 1363, 1, 1, 2, 3, 0, 2, 2, 0]),
 (12, [1826, 82, 1, 0, 1, 1047, 677, 0, 1, 2, 0, 0, 0, 0, 0]),
 (12, [1754, 90, 0, 1, 0, 1633, 899, 1, 0, 1, 0, 1, 0, 1, 1]),
 (12, [1604, 83, 1, 1, 1, 1056, 1002, 0, 1, 0, 3, 0, 0, 1, 0]),
 (12, [1535, 44, 0, 0, 1, 1519, 1891, 0, 0, 0, 2, 1, 2, 0, 2]),
 (12, [1489, 103, 1, 0, 1, 1806, 1435, 0, 1, 0, 2, 0, 0, 1, 0]),
 (12, [1318, 41, 1, 0, 1, 1926, 731, 1, 0, 0, 4, 0, 0, 1, 2])]
Poblacin final:
[(999, [1995, 114, 1, 0, 1, 1394, 1769, 0, 1, 3, 2, 1, 1, 2, 2]),
 (999, [1899, 75, 0, 1, 1, 1448, 1012, 1, 1, 3, 1, 1, 2, 2, 0]),
 (999, [1882, 102, 1, 0, 1, 655, 1255, 1, 1, 3, 0, 0, 1, 1, 2]),
 (999, [1775, 49, 1, 1, 0, 1166, 1099, 1, 0, 3, 3, 0, 2, 1, 0]),
 (999, [1603, 86, 1, 0, 1, 909, 1338, 1, 0, 3, 3, 1, 2, 1, 1]),
 (999, [1363, 35, 0, 0, 0, 1686, 1630, 1, 1, 1, 5, 1, 2, 2, 1]),
 (999, [1344, 117, 1, 0, 0, 876, 964, 1, 1, 1, 5, 1, 0, 0, 1]),
 (999, [1240, 67, 1, 1, 0, 1329, 938, 1, 0, 3, 5, 0, 2, 2, 0]),
 (999, [1117, 103, 0, 0, 1, 1378, 730, 1, 1, 3, 2, 1, 1, 2, 1]),
 (999, [1083, 61, 0, 0, 1, 938, 908, 0, 0, 3, 3, 0, 0, 1, 1]),
 (999, [813, 69, 0, 1, 0, 729, 1438, 0, 0, 3, 4, 0, 1, 0, 0]),
 (999, [757, 48, 0, 1, 1, 1426, 1917, 1, 0, 3, 3, 0, 0, 2, 2]),
 (16, [2024, 91, 0, 0, 0, 1138, 1362, 0, 1, 1, 1, 0, 1, 2, 0]),
 (16, [1510, 30, 1, 1, 0, 1845, 1866, 1, 0, 1, 4, 1, 1, 0, 2]),
 (16, [1443, 17, 0, 0, 1, 523, 1806, 1, 1, 0, 2, 1, 0, 0, 2]),
 (16, [1215, 39, 1, 0, 0, 1376, 802, 1, 0, 0, 3, 1, 0, 1, 1]),
 (16, [1185, 112, 0, 1, 1, 1196, 1876, 1, 1, 1, 2, 0, 2, 2, 2]),
 (16, [942, 56, 0, 1, 1, 1292, 814, 1, 1, 0, 0, 1, 0, 0, 0]),
 (16, [933, 51, 0, 0, 0, 1277, 926, 1, 0, 1, 4, 0, 0, 1, 0]),
 (16, [694, 39, 1, 0, 1, 1635, 971, 0, 1, 1, 0, 1, 0, 1, 0]),
 (13, [713, 111, 1, 1, 0, 1378, 1140, 1, 0, 0, 0, 1, 1, 1, 2]),
 (12, [2030, 72, 1, 1, 0, 1237, 1214, 0, 0, 2, 4, 1, 0, 1, 2]),
 (12, [2025, 20, 0, 1, 1, 1572, 1819, 1, 1, 1, 3, 0, 2, 0, 0]),
 (12, [1970, 110, 0, 1, 0, 1154, 1957, 0, 1, 1, 4, 1, 0, 1, 2]),
 (12, [1871, 28, 0, 0, 1, 1063, 868, 1, 1, 1, 1, 0, 1, 0, 2]),
 (12, [1828, 46, 1, 0, 0, 1116, 1363, 1, 1, 2, 3, 0, 2, 2, 0]),
 (12, [1826, 82, 1, 0, 1, 1047, 677, 0, 1, 2, 0, 0, 0, 0, 0]),
 (12, [1754, 90, 0, 1, 0, 1633, 899, 1, 0, 1, 0, 1, 0, 1, 1]),
 (12, [1604, 83, 1, 1, 1, 1056, 1002, 0, 1, 0, 3, 0, 0, 1, 0]),
 (12, [1535, 44, 0, 0, 1, 1519, 1891, 0, 0, 0, 2, 1, 2, 0, 2]),
 (12, [1489, 103, 1, 0, 1, 1806, 1435, 0, 1, 0, 2, 0, 0, 1, 0]),
 (12, [1318, 41, 1, 0, 1, 1926, 731, 1, 0, 0, 4, 0, 0, 1, 2])]
Elapsed time is 731.937795 seconds.
