 * Manually resetting nginx to stopped state
 * Manually resetting nginx to stopped state
 * Manually resetting nginx to stopped state
 * Manually resetting nginx to stopped state
 * Manually resetting nginx to stopped state
 * Manually resetting nginx to stopped state
 * Manually resetting nginx to stopped state
 * Manually resetting nginx to stopped state
 * Manually resetting nginx to stopped state
 * Manually resetting nginx to stopped state
 * Manually resetting nginx to stopped state
 * Manually resetting nginx to stopped state
 * Manually resetting nginx to stopped state
 * Manually resetting nginx to stopped state
 * Manually resetting nginx to stopped state
 * Manually resetting nginx to stopped state
 * Manually resetting nginx to stopped state
 * Manually resetting nginx to stopped state
 * Manually resetting nginx to stopped state
 * Manually resetting nginx to stopped state
 * Manually resetting nginx to stopped state
 * Manually resetting nginx to stopped state
 * Manually resetting nginx to stopped state
 * Manually resetting nginx to stopped state
 * Manually resetting nginx to stopped state
 * Manually resetting nginx to stopped state
genes: 15
individuals : 32
pressure: 5
mutation_chance: 0
generations: 15
crossover_type: 2
mutation_type_random: 1
Alerts:
16
Alerts:
12
Alerts:
16
Alerts:
16
Alerts:
16
Alerts:
12
Alerts:
12
Alerts:
12
Alerts:
16
Alerts:
16
Alerts:
16
Alerts:
16
Alerts:
16
Alerts:
16
Alerts:
12
Alerts:
12
Alerts:
16
Alerts:
16
Alerts:
16
Alerts:
12
Alerts:
16
Alerts:
16
Alerts:
16
Alerts:
12
Alerts:
12
Alerts:
16
population
[(16, [1849, 13, 1, 1, 1, 1878, 1320, 0, 1, 0, 1, 0, 1, 0, 1]),
 (12, [1946, 96, 1, 1, 1, 983, 816, 0, 0, 2, 0, 1, 1, 2, 0]),
 (16, [1094, 26, 1, 1, 0, 1048, 1753, 1, 1, 1, 0, 0, 1, 2, 0]),
 (16, [1066, 101, 0, 0, 1, 1880, 1502, 0, 0, 0, 3, 0, 1, 1, 2]),
 (999, [2015, 11, 0, 1, 1, 1836, 1347, 1, 0, 3, 3, 1, 2, 1, 0]),
 (16, [706, 80, 1, 0, 0, 1545, 1284, 0, 1, 1, 0, 1, 0, 0, 1]),
 (12, [1636, 80, 1, 0, 1, 709, 1139, 0, 0, 2, 3, 0, 1, 2, 1]),
 (12, [1597, 63, 0, 0, 0, 1542, 1068, 0, 1, 1, 1, 0, 2, 2, 1]),
 (12, [688, 15, 1, 0, 1, 775, 1939, 0, 1, 2, 1, 1, 0, 1, 1]),
 (16, [753, 10, 1, 1, 1, 1339, 1354, 1, 1, 2, 3, 0, 0, 2, 0]),
 (16, [1755, 102, 0, 1, 1, 844, 1070, 1, 0, 1, 3, 0, 1, 1, 0]),
 (16, [892, 29, 1, 0, 1, 1170, 677, 0, 0, 0, 2, 1, 1, 0, 1]),
 (999, [787, 76, 1, 0, 1, 1683, 739, 1, 1, 3, 3, 1, 1, 0, 2]),
 (16, [1310, 93, 1, 1, 1, 1531, 935, 1, 1, 1, 4, 1, 0, 0, 0]),
 (16, [577, 115, 1, 1, 1, 1959, 1650, 0, 1, 1, 3, 0, 0, 1, 2]),
 (16, [1554, 83, 0, 1, 0, 1272, 1442, 0, 1, 2, 0, 1, 1, 1, 1]),
 (999, [1181, 28, 1, 1, 1, 1793, 856, 0, 0, 3, 3, 1, 1, 2, 2]),
 (999, [1043, 20, 0, 1, 0, 804, 1069, 0, 1, 3, 0, 1, 1, 1, 1]),
 (12, [682, 105, 0, 0, 1, 731, 1299, 0, 1, 0, 0, 1, 2, 1, 2]),
 (12, [1528, 16, 1, 0, 0, 1979, 1745, 1, 1, 2, 2, 0, 2, 0, 2]),
 (16, [2002, 46, 1, 1, 1, 770, 1978, 1, 0, 0, 4, 1, 1, 2, 2]),
 (16, [1828, 61, 0, 0, 0, 1596, 1302, 1, 0, 1, 4, 0, 0, 2, 2]),
 (16, [1068, 63, 0, 0, 1, 1343, 1538, 1, 1, 1, 2, 1, 1, 2, 1]),
 (12, [1040, 58, 1, 0, 0, 628, 1872, 0, 0, 2, 2, 1, 0, 0, 1]),
 (16, [985, 66, 0, 0, 1, 1360, 1414, 1, 0, 0, 4, 1, 1, 2, 0]),
 (999, [1135, 96, 0, 0, 1, 520, 849, 0, 0, 0, 5, 1, 1, 2, 2]),
 (16, [1189, 115, 0, 1, 1, 1749, 584, 1, 0, 2, 4, 0, 0, 1, 1]),
 (16, [847, 89, 1, 0, 0, 1569, 1102, 0, 0, 2, 2, 0, 2, 2, 1]),
 (12, [587, 79, 1, 0, 1, 1068, 808, 0, 0, 1, 0, 0, 1, 0, 0]),
 (12, [1333, 35, 1, 0, 1, 787, 1534, 1, 1, 1, 4, 0, 2, 2, 2]),
 (16, [1294, 66, 0, 1, 1, 685, 1470, 0, 0, 2, 0, 0, 1, 1, 0]),
 (999, [1564, 119, 0, 1, 0, 892, 1657, 0, 0, 3, 0, 0, 2, 0, 1])]
scored
[(12, [587, 79, 1, 0, 1, 1068, 808, 0, 0, 1, 0, 0, 1, 0, 0]),
 (12, [682, 105, 0, 0, 1, 731, 1299, 0, 1, 0, 0, 1, 2, 1, 2]),
 (12, [688, 15, 1, 0, 1, 775, 1939, 0, 1, 2, 1, 1, 0, 1, 1]),
 (12, [1040, 58, 1, 0, 0, 628, 1872, 0, 0, 2, 2, 1, 0, 0, 1]),
 (12, [1333, 35, 1, 0, 1, 787, 1534, 1, 1, 1, 4, 0, 2, 2, 2]),
 (12, [1528, 16, 1, 0, 0, 1979, 1745, 1, 1, 2, 2, 0, 2, 0, 2]),
 (12, [1597, 63, 0, 0, 0, 1542, 1068, 0, 1, 1, 1, 0, 2, 2, 1]),
 (12, [1636, 80, 1, 0, 1, 709, 1139, 0, 0, 2, 3, 0, 1, 2, 1]),
 (12, [1946, 96, 1, 1, 1, 983, 816, 0, 0, 2, 0, 1, 1, 2, 0]),
 (16, [577, 115, 1, 1, 1, 1959, 1650, 0, 1, 1, 3, 0, 0, 1, 2]),
 (16, [706, 80, 1, 0, 0, 1545, 1284, 0, 1, 1, 0, 1, 0, 0, 1]),
 (16, [753, 10, 1, 1, 1, 1339, 1354, 1, 1, 2, 3, 0, 0, 2, 0]),
 (16, [847, 89, 1, 0, 0, 1569, 1102, 0, 0, 2, 2, 0, 2, 2, 1]),
 (16, [892, 29, 1, 0, 1, 1170, 677, 0, 0, 0, 2, 1, 1, 0, 1]),
 (16, [985, 66, 0, 0, 1, 1360, 1414, 1, 0, 0, 4, 1, 1, 2, 0]),
 (16, [1066, 101, 0, 0, 1, 1880, 1502, 0, 0, 0, 3, 0, 1, 1, 2]),
 (16, [1068, 63, 0, 0, 1, 1343, 1538, 1, 1, 1, 2, 1, 1, 2, 1]),
 (16, [1094, 26, 1, 1, 0, 1048, 1753, 1, 1, 1, 0, 0, 1, 2, 0]),
 (16, [1189, 115, 0, 1, 1, 1749, 584, 1, 0, 2, 4, 0, 0, 1, 1]),
 (16, [1294, 66, 0, 1, 1, 685, 1470, 0, 0, 2, 0, 0, 1, 1, 0]),
 (16, [1310, 93, 1, 1, 1, 1531, 935, 1, 1, 1, 4, 1, 0, 0, 0]),
 (16, [1554, 83, 0, 1, 0, 1272, 1442, 0, 1, 2, 0, 1, 1, 1, 1]),
 (16, [1755, 102, 0, 1, 1, 844, 1070, 1, 0, 1, 3, 0, 1, 1, 0]),
 (16, [1828, 61, 0, 0, 0, 1596, 1302, 1, 0, 1, 4, 0, 0, 2, 2]),
 (16, [1849, 13, 1, 1, 1, 1878, 1320, 0, 1, 0, 1, 0, 1, 0, 1]),
 (16, [2002, 46, 1, 1, 1, 770, 1978, 1, 0, 0, 4, 1, 1, 2, 2]),
 (999, [787, 76, 1, 0, 1, 1683, 739, 1, 1, 3, 3, 1, 1, 0, 2]),
 (999, [1043, 20, 0, 1, 0, 804, 1069, 0, 1, 3, 0, 1, 1, 1, 1]),
 (999, [1135, 96, 0, 0, 1, 520, 849, 0, 0, 0, 5, 1, 1, 2, 2]),
 (999, [1181, 28, 1, 1, 1, 1793, 856, 0, 0, 3, 3, 1, 1, 2, 2]),
 (999, [1564, 119, 0, 1, 0, 892, 1657, 0, 0, 3, 0, 0, 2, 0, 1]),
 (999, [2015, 11, 0, 1, 1, 1836, 1347, 1, 0, 3, 3, 1, 2, 1, 0])]
Selected
[(12, [587, 79, 1, 0, 1, 1068, 808, 0, 0, 1, 0, 0, 1, 0, 0]),
 (12, [587, 79, 1, 0, 1, 1068, 808, 0, 0, 1, 0, 0, 1, 0, 0]),
 (12, [1333, 35, 1, 0, 1, 787, 1534, 1, 1, 1, 4, 0, 2, 2, 2]),
 (16, [985, 66, 0, 0, 1, 1360, 1414, 1, 0, 0, 4, 1, 1, 2, 0]),
 (12, [682, 105, 0, 0, 1, 731, 1299, 0, 1, 0, 0, 1, 2, 1, 2]),
 (12, [682, 105, 0, 0, 1, 731, 1299, 0, 1, 0, 0, 1, 2, 1, 2]),
 (12, [1333, 35, 1, 0, 1, 787, 1534, 1, 1, 1, 4, 0, 2, 2, 2]),
 (12, [587, 79, 1, 0, 1, 1068, 808, 0, 0, 1, 0, 0, 1, 0, 0]),
 (12, [1528, 16, 1, 0, 0, 1979, 1745, 1, 1, 2, 2, 0, 2, 0, 2]),
 (16, [706, 80, 1, 0, 0, 1545, 1284, 0, 1, 1, 0, 1, 0, 0, 1]),
 (12, [587, 79, 1, 0, 1, 1068, 808, 0, 0, 1, 0, 0, 1, 0, 0]),
 (16, [706, 80, 1, 0, 0, 1545, 1284, 0, 1, 1, 0, 1, 0, 0, 1]),
 (12, [1946, 96, 1, 1, 1, 983, 816, 0, 0, 2, 0, 1, 1, 2, 0]),
 (16, [985, 66, 0, 0, 1, 1360, 1414, 1, 0, 0, 4, 1, 1, 2, 0]),
 (16, [577, 115, 1, 1, 1, 1959, 1650, 0, 1, 1, 3, 0, 0, 1, 2]),
 (12, [1597, 63, 0, 0, 0, 1542, 1068, 0, 1, 1, 1, 0, 2, 2, 1]),
 (12, [688, 15, 1, 0, 1, 775, 1939, 0, 1, 2, 1, 1, 0, 1, 1]),
 (12, [1528, 16, 1, 0, 0, 1979, 1745, 1, 1, 2, 2, 0, 2, 0, 2]),
 (12, [688, 15, 1, 0, 1, 775, 1939, 0, 1, 2, 1, 1, 0, 1, 1]),
 (12, [587, 79, 1, 0, 1, 1068, 808, 0, 0, 1, 0, 0, 1, 0, 0]),
 (12, [1333, 35, 1, 0, 1, 787, 1534, 1, 1, 1, 4, 0, 2, 2, 2]),
 (12, [682, 105, 0, 0, 1, 731, 1299, 0, 1, 0, 0, 1, 2, 1, 2]),
 (12, [1597, 63, 0, 0, 0, 1542, 1068, 0, 1, 1, 1, 0, 2, 2, 1]),
 (12, [682, 105, 0, 0, 1, 731, 1299, 0, 1, 0, 0, 1, 2, 1, 2]),
 (12, [587, 79, 1, 0, 1, 1068, 808, 0, 0, 1, 0, 0, 1, 0, 0]),
 (12, [1040, 58, 1, 0, 0, 628, 1872, 0, 0, 2, 2, 1, 0, 0, 1]),
 (12, [1333, 35, 1, 0, 1, 787, 1534, 1, 1, 1, 4, 0, 2, 2, 2])]
population
[(999, [2015, 11, 0, 1, 1, 1836, 1347, 1, 0, 3, 3, 1, 2, 1, 0]),
 (999, [1564, 119, 0, 1, 0, 892, 1657, 0, 0, 3, 0, 0, 2, 0, 1]),
 (999, [1181, 28, 1, 1, 1, 1793, 856, 0, 0, 3, 3, 1, 1, 2, 2]),
 (999, [1135, 96, 0, 0, 1, 520, 849, 0, 0, 0, 5, 1, 1, 2, 2]),
 (999, [1043, 20, 0, 1, 0, 804, 1069, 0, 1, 3, 0, 1, 1, 1, 1]),
 (999, [787, 76, 1, 0, 1, 1683, 739, 1, 1, 3, 3, 1, 1, 0, 2]),
 (16, [2002, 46, 1, 1, 1, 770, 1978, 1, 0, 0, 4, 1, 1, 2, 2]),
 (16, [1849, 13, 1, 1, 1, 1878, 1320, 0, 1, 0, 1, 0, 1, 0, 1]),
 (16, [1828, 61, 0, 0, 0, 1596, 1302, 1, 0, 1, 4, 0, 0, 2, 2]),
 (16, [1755, 102, 0, 1, 1, 844, 1070, 1, 0, 1, 3, 0, 1, 1, 0]),
 (16, [1554, 83, 0, 1, 0, 1272, 1442, 0, 1, 2, 0, 1, 1, 1, 1]),
 (16, [1310, 93, 1, 1, 1, 1531, 935, 1, 1, 1, 4, 1, 0, 0, 0]),
 (16, [1294, 66, 0, 1, 1, 685, 1470, 0, 0, 2, 0, 0, 1, 1, 0]),
 (16, [1189, 115, 0, 1, 1, 1749, 584, 1, 0, 2, 4, 0, 0, 1, 1]),
 (16, [1094, 26, 1, 1, 0, 1048, 1753, 1, 1, 1, 0, 0, 1, 2, 0]),
 (16, [1068, 63, 0, 0, 1, 1343, 1538, 1, 1, 1, 2, 1, 1, 2, 1]),
 (16, [1066, 101, 0, 0, 1, 1880, 1502, 0, 0, 0, 3, 0, 1, 1, 2]),
 (16, [985, 66, 0, 0, 1, 1360, 1414, 1, 0, 0, 4, 1, 1, 2, 0]),
 (16, [892, 29, 1, 0, 1, 1170, 677, 0, 0, 0, 2, 1, 1, 0, 1]),
 (16, [847, 89, 1, 0, 0, 1569, 1102, 0, 0, 2, 2, 0, 2, 2, 1]),
 (16, [753, 10, 1, 1, 1, 1339, 1354, 1, 1, 2, 3, 0, 0, 2, 0]),
 (16, [706, 80, 1, 0, 0, 1545, 1284, 0, 1, 1, 0, 1, 0, 0, 1]),
 (16, [577, 115, 1, 1, 1, 1959, 1650, 0, 1, 1, 3, 0, 0, 1, 2]),
 (12, [1946, 96, 1, 1, 1, 983, 816, 0, 0, 2, 0, 1, 1, 2, 0]),
 (12, [1636, 80, 1, 0, 1, 709, 1139, 0, 0, 2, 3, 0, 1, 2, 1]),
 (12, [1597, 63, 0, 0, 0, 1542, 1068, 0, 1, 1, 1, 0, 2, 2, 1]),
 (12, [1528, 16, 1, 0, 0, 1979, 1745, 1, 1, 2, 2, 0, 2, 0, 2]),
 (12, [1333, 35, 1, 0, 1, 787, 1534, 1, 1, 1, 4, 0, 2, 2, 2]),
 (12, [1040, 58, 1, 0, 0, 628, 1872, 0, 0, 2, 2, 1, 0, 0, 1]),
 (12, [688, 15, 1, 0, 1, 775, 1939, 0, 1, 2, 1, 1, 0, 1, 1]),
 (12, [682, 105, 0, 0, 1, 731, 1299, 0, 1, 0, 0, 1, 2, 1, 2]),
 (12, [587, 79, 1, 0, 1, 1068, 808, 0, 0, 1, 0, 0, 1, 0, 0])]
scored
[(12, [587, 79, 1, 0, 1, 1068, 808, 0, 0, 1, 0, 0, 1, 0, 0]),
 (12, [682, 105, 0, 0, 1, 731, 1299, 0, 1, 0, 0, 1, 2, 1, 2]),
 (12, [688, 15, 1, 0, 1, 775, 1939, 0, 1, 2, 1, 1, 0, 1, 1]),
 (12, [1040, 58, 1, 0, 0, 628, 1872, 0, 0, 2, 2, 1, 0, 0, 1]),
 (12, [1333, 35, 1, 0, 1, 787, 1534, 1, 1, 1, 4, 0, 2, 2, 2]),
 (12, [1528, 16, 1, 0, 0, 1979, 1745, 1, 1, 2, 2, 0, 2, 0, 2]),
 (12, [1597, 63, 0, 0, 0, 1542, 1068, 0, 1, 1, 1, 0, 2, 2, 1]),
 (12, [1636, 80, 1, 0, 1, 709, 1139, 0, 0, 2, 3, 0, 1, 2, 1]),
 (12, [1946, 96, 1, 1, 1, 983, 816, 0, 0, 2, 0, 1, 1, 2, 0]),
 (16, [577, 115, 1, 1, 1, 1959, 1650, 0, 1, 1, 3, 0, 0, 1, 2]),
 (16, [706, 80, 1, 0, 0, 1545, 1284, 0, 1, 1, 0, 1, 0, 0, 1]),
 (16, [753, 10, 1, 1, 1, 1339, 1354, 1, 1, 2, 3, 0, 0, 2, 0]),
 (16, [847, 89, 1, 0, 0, 1569, 1102, 0, 0, 2, 2, 0, 2, 2, 1]),
 (16, [892, 29, 1, 0, 1, 1170, 677, 0, 0, 0, 2, 1, 1, 0, 1]),
 (16, [985, 66, 0, 0, 1, 1360, 1414, 1, 0, 0, 4, 1, 1, 2, 0]),
 (16, [1066, 101, 0, 0, 1, 1880, 1502, 0, 0, 0, 3, 0, 1, 1, 2]),
 (16, [1068, 63, 0, 0, 1, 1343, 1538, 1, 1, 1, 2, 1, 1, 2, 1]),
 (16, [1094, 26, 1, 1, 0, 1048, 1753, 1, 1, 1, 0, 0, 1, 2, 0]),
 (16, [1189, 115, 0, 1, 1, 1749, 584, 1, 0, 2, 4, 0, 0, 1, 1]),
 (16, [1294, 66, 0, 1, 1, 685, 1470, 0, 0, 2, 0, 0, 1, 1, 0]),
 (16, [1310, 93, 1, 1, 1, 1531, 935, 1, 1, 1, 4, 1, 0, 0, 0]),
 (16, [1554, 83, 0, 1, 0, 1272, 1442, 0, 1, 2, 0, 1, 1, 1, 1]),
 (16, [1755, 102, 0, 1, 1, 844, 1070, 1, 0, 1, 3, 0, 1, 1, 0]),
 (16, [1828, 61, 0, 0, 0, 1596, 1302, 1, 0, 1, 4, 0, 0, 2, 2]),
 (16, [1849, 13, 1, 1, 1, 1878, 1320, 0, 1, 0, 1, 0, 1, 0, 1]),
 (16, [2002, 46, 1, 1, 1, 770, 1978, 1, 0, 0, 4, 1, 1, 2, 2]),
 (999, [787, 76, 1, 0, 1, 1683, 739, 1, 1, 3, 3, 1, 1, 0, 2]),
 (999, [1043, 20, 0, 1, 0, 804, 1069, 0, 1, 3, 0, 1, 1, 1, 1]),
 (999, [1135, 96, 0, 0, 1, 520, 849, 0, 0, 0, 5, 1, 1, 2, 2]),
 (999, [1181, 28, 1, 1, 1, 1793, 856, 0, 0, 3, 3, 1, 1, 2, 2]),
 (999, [1564, 119, 0, 1, 0, 892, 1657, 0, 0, 3, 0, 0, 2, 0, 1]),
 (999, [2015, 11, 0, 1, 1, 1836, 1347, 1, 0, 3, 3, 1, 2, 1, 0])]
Selected
[(12, [587, 79, 1, 0, 1, 1068, 808, 0, 0, 1, 0, 0, 1, 0, 0]),
 (12, [1333, 35, 1, 0, 1, 787, 1534, 1, 1, 1, 4, 0, 2, 2, 2]),
 (12, [1040, 58, 1, 0, 0, 628, 1872, 0, 0, 2, 2, 1, 0, 0, 1]),
 (12, [1333, 35, 1, 0, 1, 787, 1534, 1, 1, 1, 4, 0, 2, 2, 2]),
 (12, [688, 15, 1, 0, 1, 775, 1939, 0, 1, 2, 1, 1, 0, 1, 1]),
 (12, [1597, 63, 0, 0, 0, 1542, 1068, 0, 1, 1, 1, 0, 2, 2, 1]),
 (12, [1333, 35, 1, 0, 1, 787, 1534, 1, 1, 1, 4, 0, 2, 2, 2]),
 (12, [682, 105, 0, 0, 1, 731, 1299, 0, 1, 0, 0, 1, 2, 1, 2]),
 (12, [688, 15, 1, 0, 1, 775, 1939, 0, 1, 2, 1, 1, 0, 1, 1]),
 (16, [1189, 115, 0, 1, 1, 1749, 584, 1, 0, 2, 4, 0, 0, 1, 1]),
 (12, [587, 79, 1, 0, 1, 1068, 808, 0, 0, 1, 0, 0, 1, 0, 0]),
 (12, [1333, 35, 1, 0, 1, 787, 1534, 1, 1, 1, 4, 0, 2, 2, 2]),
 (12, [688, 15, 1, 0, 1, 775, 1939, 0, 1, 2, 1, 1, 0, 1, 1]),
 (16, [1068, 63, 0, 0, 1, 1343, 1538, 1, 1, 1, 2, 1, 1, 2, 1]),
 (12, [688, 15, 1, 0, 1, 775, 1939, 0, 1, 2, 1, 1, 0, 1, 1]),
 (12, [1528, 16, 1, 0, 0, 1979, 1745, 1, 1, 2, 2, 0, 2, 0, 2]),
 (12, [587, 79, 1, 0, 1, 1068, 808, 0, 0, 1, 0, 0, 1, 0, 0]),
 (12, [1333, 35, 1, 0, 1, 787, 1534, 1, 1, 1, 4, 0, 2, 2, 2]),
 (12, [587, 79, 1, 0, 1, 1068, 808, 0, 0, 1, 0, 0, 1, 0, 0]),
 (16, [577, 115, 1, 1, 1, 1959, 1650, 0, 1, 1, 3, 0, 0, 1, 2]),
 (12, [587, 79, 1, 0, 1, 1068, 808, 0, 0, 1, 0, 0, 1, 0, 0]),
 (12, [688, 15, 1, 0, 1, 775, 1939, 0, 1, 2, 1, 1, 0, 1, 1]),
 (12, [587, 79, 1, 0, 1, 1068, 808, 0, 0, 1, 0, 0, 1, 0, 0]),
 (12, [682, 105, 0, 0, 1, 731, 1299, 0, 1, 0, 0, 1, 2, 1, 2]),
 (16, [1066, 101, 0, 0, 1, 1880, 1502, 0, 0, 0, 3, 0, 1, 1, 2]),
 (12, [688, 15, 1, 0, 1, 775, 1939, 0, 1, 2, 1, 1, 0, 1, 1]),
 (12, [1333, 35, 1, 0, 1, 787, 1534, 1, 1, 1, 4, 0, 2, 2, 2])]
population
[(999, [2015, 11, 0, 1, 1, 1836, 1347, 1, 0, 3, 3, 1, 2, 1, 0]),
 (999, [1564, 119, 0, 1, 0, 892, 1657, 0, 0, 3, 0, 0, 2, 0, 1]),
 (999, [1181, 28, 1, 1, 1, 1793, 856, 0, 0, 3, 3, 1, 1, 2, 2]),
 (999, [1135, 96, 0, 0, 1, 520, 849, 0, 0, 0, 5, 1, 1, 2, 2]),
 (999, [1043, 20, 0, 1, 0, 804, 1069, 0, 1, 3, 0, 1, 1, 1, 1]),
 (999, [787, 76, 1, 0, 1, 1683, 739, 1, 1, 3, 3, 1, 1, 0, 2]),
 (16, [2002, 46, 1, 1, 1, 770, 1978, 1, 0, 0, 4, 1, 1, 2, 2]),
 (16, [1849, 13, 1, 1, 1, 1878, 1320, 0, 1, 0, 1, 0, 1, 0, 1]),
 (16, [1828, 61, 0, 0, 0, 1596, 1302, 1, 0, 1, 4, 0, 0, 2, 2]),
 (16, [1755, 102, 0, 1, 1, 844, 1070, 1, 0, 1, 3, 0, 1, 1, 0]),
 (16, [1554, 83, 0, 1, 0, 1272, 1442, 0, 1, 2, 0, 1, 1, 1, 1]),
 (16, [1310, 93, 1, 1, 1, 1531, 935, 1, 1, 1, 4, 1, 0, 0, 0]),
 (16, [1294, 66, 0, 1, 1, 685, 1470, 0, 0, 2, 0, 0, 1, 1, 0]),
 (16, [1189, 115, 0, 1, 1, 1749, 584, 1, 0, 2, 4, 0, 0, 1, 1]),
 (16, [1094, 26, 1, 1, 0, 1048, 1753, 1, 1, 1, 0, 0, 1, 2, 0]),
 (16, [1068, 63, 0, 0, 1, 1343, 1538, 1, 1, 1, 2, 1, 1, 2, 1]),
 (16, [1066, 101, 0, 0, 1, 1880, 1502, 0, 0, 0, 3, 0, 1, 1, 2]),
 (16, [985, 66, 0, 0, 1, 1360, 1414, 1, 0, 0, 4, 1, 1, 2, 0]),
 (16, [892, 29, 1, 0, 1, 1170, 677, 0, 0, 0, 2, 1, 1, 0, 1]),
 (16, [847, 89, 1, 0, 0, 1569, 1102, 0, 0, 2, 2, 0, 2, 2, 1]),
 (16, [753, 10, 1, 1, 1, 1339, 1354, 1, 1, 2, 3, 0, 0, 2, 0]),
 (16, [706, 80, 1, 0, 0, 1545, 1284, 0, 1, 1, 0, 1, 0, 0, 1]),
 (16, [577, 115, 1, 1, 1, 1959, 1650, 0, 1, 1, 3, 0, 0, 1, 2]),
 (12, [1946, 96, 1, 1, 1, 983, 816, 0, 0, 2, 0, 1, 1, 2, 0]),
 (12, [1636, 80, 1, 0, 1, 709, 1139, 0, 0, 2, 3, 0, 1, 2, 1]),
 (12, [1597, 63, 0, 0, 0, 1542, 1068, 0, 1, 1, 1, 0, 2, 2, 1]),
 (12, [1528, 16, 1, 0, 0, 1979, 1745, 1, 1, 2, 2, 0, 2, 0, 2]),
 (12, [1333, 35, 1, 0, 1, 787, 1534, 1, 1, 1, 4, 0, 2, 2, 2]),
 (12, [1040, 58, 1, 0, 0, 628, 1872, 0, 0, 2, 2, 1, 0, 0, 1]),
 (12, [688, 15, 1, 0, 1, 775, 1939, 0, 1, 2, 1, 1, 0, 1, 1]),
 (12, [682, 105, 0, 0, 1, 731, 1299, 0, 1, 0, 0, 1, 2, 1, 2]),
 (12, [587, 79, 1, 0, 1, 1068, 808, 0, 0, 1, 0, 0, 1, 0, 0])]
scored
[(12, [587, 79, 1, 0, 1, 1068, 808, 0, 0, 1, 0, 0, 1, 0, 0]),
 (12, [682, 105, 0, 0, 1, 731, 1299, 0, 1, 0, 0, 1, 2, 1, 2]),
 (12, [688, 15, 1, 0, 1, 775, 1939, 0, 1, 2, 1, 1, 0, 1, 1]),
 (12, [1040, 58, 1, 0, 0, 628, 1872, 0, 0, 2, 2, 1, 0, 0, 1]),
 (12, [1333, 35, 1, 0, 1, 787, 1534, 1, 1, 1, 4, 0, 2, 2, 2]),
 (12, [1528, 16, 1, 0, 0, 1979, 1745, 1, 1, 2, 2, 0, 2, 0, 2]),
 (12, [1597, 63, 0, 0, 0, 1542, 1068, 0, 1, 1, 1, 0, 2, 2, 1]),
 (12, [1636, 80, 1, 0, 1, 709, 1139, 0, 0, 2, 3, 0, 1, 2, 1]),
 (12, [1946, 96, 1, 1, 1, 983, 816, 0, 0, 2, 0, 1, 1, 2, 0]),
 (16, [577, 115, 1, 1, 1, 1959, 1650, 0, 1, 1, 3, 0, 0, 1, 2]),
 (16, [706, 80, 1, 0, 0, 1545, 1284, 0, 1, 1, 0, 1, 0, 0, 1]),
 (16, [753, 10, 1, 1, 1, 1339, 1354, 1, 1, 2, 3, 0, 0, 2, 0]),
 (16, [847, 89, 1, 0, 0, 1569, 1102, 0, 0, 2, 2, 0, 2, 2, 1]),
 (16, [892, 29, 1, 0, 1, 1170, 677, 0, 0, 0, 2, 1, 1, 0, 1]),
 (16, [985, 66, 0, 0, 1, 1360, 1414, 1, 0, 0, 4, 1, 1, 2, 0]),
 (16, [1066, 101, 0, 0, 1, 1880, 1502, 0, 0, 0, 3, 0, 1, 1, 2]),
 (16, [1068, 63, 0, 0, 1, 1343, 1538, 1, 1, 1, 2, 1, 1, 2, 1]),
 (16, [1094, 26, 1, 1, 0, 1048, 1753, 1, 1, 1, 0, 0, 1, 2, 0]),
 (16, [1189, 115, 0, 1, 1, 1749, 584, 1, 0, 2, 4, 0, 0, 1, 1]),
 (16, [1294, 66, 0, 1, 1, 685, 1470, 0, 0, 2, 0, 0, 1, 1, 0]),
 (16, [1310, 93, 1, 1, 1, 1531, 935, 1, 1, 1, 4, 1, 0, 0, 0]),
 (16, [1554, 83, 0, 1, 0, 1272, 1442, 0, 1, 2, 0, 1, 1, 1, 1]),
 (16, [1755, 102, 0, 1, 1, 844, 1070, 1, 0, 1, 3, 0, 1, 1, 0]),
 (16, [1828, 61, 0, 0, 0, 1596, 1302, 1, 0, 1, 4, 0, 0, 2, 2]),
 (16, [1849, 13, 1, 1, 1, 1878, 1320, 0, 1, 0, 1, 0, 1, 0, 1]),
 (16, [2002, 46, 1, 1, 1, 770, 1978, 1, 0, 0, 4, 1, 1, 2, 2]),
 (999, [787, 76, 1, 0, 1, 1683, 739, 1, 1, 3, 3, 1, 1, 0, 2]),
 (999, [1043, 20, 0, 1, 0, 804, 1069, 0, 1, 3, 0, 1, 1, 1, 1]),
 (999, [1135, 96, 0, 0, 1, 520, 849, 0, 0, 0, 5, 1, 1, 2, 2]),
 (999, [1181, 28, 1, 1, 1, 1793, 856, 0, 0, 3, 3, 1, 1, 2, 2]),
 (999, [1564, 119, 0, 1, 0, 892, 1657, 0, 0, 3, 0, 0, 2, 0, 1]),
 (999, [2015, 11, 0, 1, 1, 1836, 1347, 1, 0, 3, 3, 1, 2, 1, 0])]
Selected
[(12, [1040, 58, 1, 0, 0, 628, 1872, 0, 0, 2, 2, 1, 0, 0, 1]),
 (12, [587, 79, 1, 0, 1, 1068, 808, 0, 0, 1, 0, 0, 1, 0, 0]),
 (12, [688, 15, 1, 0, 1, 775, 1939, 0, 1, 2, 1, 1, 0, 1, 1]),
 (12, [587, 79, 1, 0, 1, 1068, 808, 0, 0, 1, 0, 0, 1, 0, 0]),
 (16, [1068, 63, 0, 0, 1, 1343, 1538, 1, 1, 1, 2, 1, 1, 2, 1]),
 (12, [688, 15, 1, 0, 1, 775, 1939, 0, 1, 2, 1, 1, 0, 1, 1]),
 (12, [1597, 63, 0, 0, 0, 1542, 1068, 0, 1, 1, 1, 0, 2, 2, 1]),
 (12, [1946, 96, 1, 1, 1, 983, 816, 0, 0, 2, 0, 1, 1, 2, 0]),
 (12, [682, 105, 0, 0, 1, 731, 1299, 0, 1, 0, 0, 1, 2, 1, 2]),
 (12, [1597, 63, 0, 0, 0, 1542, 1068, 0, 1, 1, 1, 0, 2, 2, 1]),
 (12, [1528, 16, 1, 0, 0, 1979, 1745, 1, 1, 2, 2, 0, 2, 0, 2]),
 (12, [682, 105, 0, 0, 1, 731, 1299, 0, 1, 0, 0, 1, 2, 1, 2]),
 (16, [892, 29, 1, 0, 1, 1170, 677, 0, 0, 0, 2, 1, 1, 0, 1]),
 (12, [1040, 58, 1, 0, 0, 628, 1872, 0, 0, 2, 2, 1, 0, 0, 1]),
 (16, [753, 10, 1, 1, 1, 1339, 1354, 1, 1, 2, 3, 0, 0, 2, 0]),
 (12, [1597, 63, 0, 0, 0, 1542, 1068, 0, 1, 1, 1, 0, 2, 2, 1]),
 (12, [688, 15, 1, 0, 1, 775, 1939, 0, 1, 2, 1, 1, 0, 1, 1]),
 (12, [1333, 35, 1, 0, 1, 787, 1534, 1, 1, 1, 4, 0, 2, 2, 2]),
 (12, [682, 105, 0, 0, 1, 731, 1299, 0, 1, 0, 0, 1, 2, 1, 2]),
 (12, [1946, 96, 1, 1, 1, 983, 816, 0, 0, 2, 0, 1, 1, 2, 0]),
 (16, [985, 66, 0, 0, 1, 1360, 1414, 1, 0, 0, 4, 1, 1, 2, 0]),
 (12, [1528, 16, 1, 0, 0, 1979, 1745, 1, 1, 2, 2, 0, 2, 0, 2]),
 (16, [577, 115, 1, 1, 1, 1959, 1650, 0, 1, 1, 3, 0, 0, 1, 2]),
 (16, [1068, 63, 0, 0, 1, 1343, 1538, 1, 1, 1, 2, 1, 1, 2, 1]),
 (16, [985, 66, 0, 0, 1, 1360, 1414, 1, 0, 0, 4, 1, 1, 2, 0]),
 (12, [1946, 96, 1, 1, 1, 983, 816, 0, 0, 2, 0, 1, 1, 2, 0]),
 (12, [688, 15, 1, 0, 1, 775, 1939, 0, 1, 2, 1, 1, 0, 1, 1])]
population
[(999, [2015, 11, 0, 1, 1, 1836, 1347, 1, 0, 3, 3, 1, 2, 1, 0]),
 (999, [1564, 119, 0, 1, 0, 892, 1657, 0, 0, 3, 0, 0, 2, 0, 1]),
 (999, [1181, 28, 1, 1, 1, 1793, 856, 0, 0, 3, 3, 1, 1, 2, 2]),
 (999, [1135, 96, 0, 0, 1, 520, 849, 0, 0, 0, 5, 1, 1, 2, 2]),
 (999, [1043, 20, 0, 1, 0, 804, 1069, 0, 1, 3, 0, 1, 1, 1, 1]),
 (999, [787, 76, 1, 0, 1, 1683, 739, 1, 1, 3, 3, 1, 1, 0, 2]),
 (16, [2002, 46, 1, 1, 1, 770, 1978, 1, 0, 0, 4, 1, 1, 2, 2]),
 (16, [1849, 13, 1, 1, 1, 1878, 1320, 0, 1, 0, 1, 0, 1, 0, 1]),
 (16, [1828, 61, 0, 0, 0, 1596, 1302, 1, 0, 1, 4, 0, 0, 2, 2]),
 (16, [1755, 102, 0, 1, 1, 844, 1070, 1, 0, 1, 3, 0, 1, 1, 0]),
 (16, [1554, 83, 0, 1, 0, 1272, 1442, 0, 1, 2, 0, 1, 1, 1, 1]),
 (16, [1310, 93, 1, 1, 1, 1531, 935, 1, 1, 1, 4, 1, 0, 0, 0]),
 (16, [1294, 66, 0, 1, 1, 685, 1470, 0, 0, 2, 0, 0, 1, 1, 0]),
 (16, [1189, 115, 0, 1, 1, 1749, 584, 1, 0, 2, 4, 0, 0, 1, 1]),
 (16, [1094, 26, 1, 1, 0, 1048, 1753, 1, 1, 1, 0, 0, 1, 2, 0]),
 (16, [1068, 63, 0, 0, 1, 1343, 1538, 1, 1, 1, 2, 1, 1, 2, 1]),
 (16, [1066, 101, 0, 0, 1, 1880, 1502, 0, 0, 0, 3, 0, 1, 1, 2]),
 (16, [985, 66, 0, 0, 1, 1360, 1414, 1, 0, 0, 4, 1, 1, 2, 0]),
 (16, [892, 29, 1, 0, 1, 1170, 677, 0, 0, 0, 2, 1, 1, 0, 1]),
 (16, [847, 89, 1, 0, 0, 1569, 1102, 0, 0, 2, 2, 0, 2, 2, 1]),
 (16, [753, 10, 1, 1, 1, 1339, 1354, 1, 1, 2, 3, 0, 0, 2, 0]),
 (16, [706, 80, 1, 0, 0, 1545, 1284, 0, 1, 1, 0, 1, 0, 0, 1]),
 (16, [577, 115, 1, 1, 1, 1959, 1650, 0, 1, 1, 3, 0, 0, 1, 2]),
 (12, [1946, 96, 1, 1, 1, 983, 816, 0, 0, 2, 0, 1, 1, 2, 0]),
 (12, [1636, 80, 1, 0, 1, 709, 1139, 0, 0, 2, 3, 0, 1, 2, 1]),
 (12, [1597, 63, 0, 0, 0, 1542, 1068, 0, 1, 1, 1, 0, 2, 2, 1]),
 (12, [1528, 16, 1, 0, 0, 1979, 1745, 1, 1, 2, 2, 0, 2, 0, 2]),
 (12, [1333, 35, 1, 0, 1, 787, 1534, 1, 1, 1, 4, 0, 2, 2, 2]),
 (12, [1040, 58, 1, 0, 0, 628, 1872, 0, 0, 2, 2, 1, 0, 0, 1]),
 (12, [688, 15, 1, 0, 1, 775, 1939, 0, 1, 2, 1, 1, 0, 1, 1]),
 (12, [682, 105, 0, 0, 1, 731, 1299, 0, 1, 0, 0, 1, 2, 1, 2]),
 (12, [587, 79, 1, 0, 1, 1068, 808, 0, 0, 1, 0, 0, 1, 0, 0])]
scored
[(12, [587, 79, 1, 0, 1, 1068, 808, 0, 0, 1, 0, 0, 1, 0, 0]),
 (12, [682, 105, 0, 0, 1, 731, 1299, 0, 1, 0, 0, 1, 2, 1, 2]),
 (12, [688, 15, 1, 0, 1, 775, 1939, 0, 1, 2, 1, 1, 0, 1, 1]),
 (12, [1040, 58, 1, 0, 0, 628, 1872, 0, 0, 2, 2, 1, 0, 0, 1]),
 (12, [1333, 35, 1, 0, 1, 787, 1534, 1, 1, 1, 4, 0, 2, 2, 2]),
 (12, [1528, 16, 1, 0, 0, 1979, 1745, 1, 1, 2, 2, 0, 2, 0, 2]),
 (12, [1597, 63, 0, 0, 0, 1542, 1068, 0, 1, 1, 1, 0, 2, 2, 1]),
 (12, [1636, 80, 1, 0, 1, 709, 1139, 0, 0, 2, 3, 0, 1, 2, 1]),
 (12, [1946, 96, 1, 1, 1, 983, 816, 0, 0, 2, 0, 1, 1, 2, 0]),
 (16, [577, 115, 1, 1, 1, 1959, 1650, 0, 1, 1, 3, 0, 0, 1, 2]),
 (16, [706, 80, 1, 0, 0, 1545, 1284, 0, 1, 1, 0, 1, 0, 0, 1]),
 (16, [753, 10, 1, 1, 1, 1339, 1354, 1, 1, 2, 3, 0, 0, 2, 0]),
 (16, [847, 89, 1, 0, 0, 1569, 1102, 0, 0, 2, 2, 0, 2, 2, 1]),
 (16, [892, 29, 1, 0, 1, 1170, 677, 0, 0, 0, 2, 1, 1, 0, 1]),
 (16, [985, 66, 0, 0, 1, 1360, 1414, 1, 0, 0, 4, 1, 1, 2, 0]),
 (16, [1066, 101, 0, 0, 1, 1880, 1502, 0, 0, 0, 3, 0, 1, 1, 2]),
 (16, [1068, 63, 0, 0, 1, 1343, 1538, 1, 1, 1, 2, 1, 1, 2, 1]),
 (16, [1094, 26, 1, 1, 0, 1048, 1753, 1, 1, 1, 0, 0, 1, 2, 0]),
 (16, [1189, 115, 0, 1, 1, 1749, 584, 1, 0, 2, 4, 0, 0, 1, 1]),
 (16, [1294, 66, 0, 1, 1, 685, 1470, 0, 0, 2, 0, 0, 1, 1, 0]),
 (16, [1310, 93, 1, 1, 1, 1531, 935, 1, 1, 1, 4, 1, 0, 0, 0]),
 (16, [1554, 83, 0, 1, 0, 1272, 1442, 0, 1, 2, 0, 1, 1, 1, 1]),
 (16, [1755, 102, 0, 1, 1, 844, 1070, 1, 0, 1, 3, 0, 1, 1, 0]),
 (16, [1828, 61, 0, 0, 0, 1596, 1302, 1, 0, 1, 4, 0, 0, 2, 2]),
 (16, [1849, 13, 1, 1, 1, 1878, 1320, 0, 1, 0, 1, 0, 1, 0, 1]),
 (16, [2002, 46, 1, 1, 1, 770, 1978, 1, 0, 0, 4, 1, 1, 2, 2]),
 (999, [787, 76, 1, 0, 1, 1683, 739, 1, 1, 3, 3, 1, 1, 0, 2]),
 (999, [1043, 20, 0, 1, 0, 804, 1069, 0, 1, 3, 0, 1, 1, 1, 1]),
 (999, [1135, 96, 0, 0, 1, 520, 849, 0, 0, 0, 5, 1, 1, 2, 2]),
 (999, [1181, 28, 1, 1, 1, 1793, 856, 0, 0, 3, 3, 1, 1, 2, 2]),
 (999, [1564, 119, 0, 1, 0, 892, 1657, 0, 0, 3, 0, 0, 2, 0, 1]),
 (999, [2015, 11, 0, 1, 1, 1836, 1347, 1, 0, 3, 3, 1, 2, 1, 0])]
Selected
[(12, [587, 79, 1, 0, 1, 1068, 808, 0, 0, 1, 0, 0, 1, 0, 0]),
 (12, [682, 105, 0, 0, 1, 731, 1299, 0, 1, 0, 0, 1, 2, 1, 2]),
 (12, [682, 105, 0, 0, 1, 731, 1299, 0, 1, 0, 0, 1, 2, 1, 2]),
 (12, [1528, 16, 1, 0, 0, 1979, 1745, 1, 1, 2, 2, 0, 2, 0, 2]),
 (12, [1040, 58, 1, 0, 0, 628, 1872, 0, 0, 2, 2, 1, 0, 0, 1]),
 (12, [1946, 96, 1, 1, 1, 983, 816, 0, 0, 2, 0, 1, 1, 2, 0]),
 (12, [1528, 16, 1, 0, 0, 1979, 1745, 1, 1, 2, 2, 0, 2, 0, 2]),
 (12, [1333, 35, 1, 0, 1, 787, 1534, 1, 1, 1, 4, 0, 2, 2, 2]),
 (12, [1333, 35, 1, 0, 1, 787, 1534, 1, 1, 1, 4, 0, 2, 2, 2]),
 (12, [1040, 58, 1, 0, 0, 628, 1872, 0, 0, 2, 2, 1, 0, 0, 1]),
 (12, [1636, 80, 1, 0, 1, 709, 1139, 0, 0, 2, 3, 0, 1, 2, 1]),
 (16, [577, 115, 1, 1, 1, 1959, 1650, 0, 1, 1, 3, 0, 0, 1, 2]),
 (12, [1333, 35, 1, 0, 1, 787, 1534, 1, 1, 1, 4, 0, 2, 2, 2]),
 (12, [587, 79, 1, 0, 1, 1068, 808, 0, 0, 1, 0, 0, 1, 0, 0]),
 (12, [587, 79, 1, 0, 1, 1068, 808, 0, 0, 1, 0, 0, 1, 0, 0]),
 (12, [1040, 58, 1, 0, 0, 628, 1872, 0, 0, 2, 2, 1, 0, 0, 1]),
 (12, [682, 105, 0, 0, 1, 731, 1299, 0, 1, 0, 0, 1, 2, 1, 2]),
 (12, [1636, 80, 1, 0, 1, 709, 1139, 0, 0, 2, 3, 0, 1, 2, 1]),
 (12, [587, 79, 1, 0, 1, 1068, 808, 0, 0, 1, 0, 0, 1, 0, 0]),
 (12, [1333, 35, 1, 0, 1, 787, 1534, 1, 1, 1, 4, 0, 2, 2, 2]),
 (12, [1333, 35, 1, 0, 1, 787, 1534, 1, 1, 1, 4, 0, 2, 2, 2]),
 (12, [1040, 58, 1, 0, 0, 628, 1872, 0, 0, 2, 2, 1, 0, 0, 1]),
 (16, [892, 29, 1, 0, 1, 1170, 677, 0, 0, 0, 2, 1, 1, 0, 1]),
 (12, [1040, 58, 1, 0, 0, 628, 1872, 0, 0, 2, 2, 1, 0, 0, 1]),
 (12, [682, 105, 0, 0, 1, 731, 1299, 0, 1, 0, 0, 1, 2, 1, 2]),
 (12, [587, 79, 1, 0, 1, 1068, 808, 0, 0, 1, 0, 0, 1, 0, 0]),
 (12, [1528, 16, 1, 0, 0, 1979, 1745, 1, 1, 2, 2, 0, 2, 0, 2])]
population
[(999, [2015, 11, 0, 1, 1, 1836, 1347, 1, 0, 3, 3, 1, 2, 1, 0]),
 (999, [1564, 119, 0, 1, 0, 892, 1657, 0, 0, 3, 0, 0, 2, 0, 1]),
 (999, [1181, 28, 1, 1, 1, 1793, 856, 0, 0, 3, 3, 1, 1, 2, 2]),
 (999, [1135, 96, 0, 0, 1, 520, 849, 0, 0, 0, 5, 1, 1, 2, 2]),
 (999, [1043, 20, 0, 1, 0, 804, 1069, 0, 1, 3, 0, 1, 1, 1, 1]),
 (999, [787, 76, 1, 0, 1, 1683, 739, 1, 1, 3, 3, 1, 1, 0, 2]),
 (16, [2002, 46, 1, 1, 1, 770, 1978, 1, 0, 0, 4, 1, 1, 2, 2]),
 (16, [1849, 13, 1, 1, 1, 1878, 1320, 0, 1, 0, 1, 0, 1, 0, 1]),
 (16, [1828, 61, 0, 0, 0, 1596, 1302, 1, 0, 1, 4, 0, 0, 2, 2]),
 (16, [1755, 102, 0, 1, 1, 844, 1070, 1, 0, 1, 3, 0, 1, 1, 0]),
 (16, [1554, 83, 0, 1, 0, 1272, 1442, 0, 1, 2, 0, 1, 1, 1, 1]),
 (16, [1310, 93, 1, 1, 1, 1531, 935, 1, 1, 1, 4, 1, 0, 0, 0]),
 (16, [1294, 66, 0, 1, 1, 685, 1470, 0, 0, 2, 0, 0, 1, 1, 0]),
 (16, [1189, 115, 0, 1, 1, 1749, 584, 1, 0, 2, 4, 0, 0, 1, 1]),
 (16, [1094, 26, 1, 1, 0, 1048, 1753, 1, 1, 1, 0, 0, 1, 2, 0]),
 (16, [1068, 63, 0, 0, 1, 1343, 1538, 1, 1, 1, 2, 1, 1, 2, 1]),
 (16, [1066, 101, 0, 0, 1, 1880, 1502, 0, 0, 0, 3, 0, 1, 1, 2]),
 (16, [985, 66, 0, 0, 1, 1360, 1414, 1, 0, 0, 4, 1, 1, 2, 0]),
 (16, [892, 29, 1, 0, 1, 1170, 677, 0, 0, 0, 2, 1, 1, 0, 1]),
 (16, [847, 89, 1, 0, 0, 1569, 1102, 0, 0, 2, 2, 0, 2, 2, 1]),
 (16, [753, 10, 1, 1, 1, 1339, 1354, 1, 1, 2, 3, 0, 0, 2, 0]),
 (16, [706, 80, 1, 0, 0, 1545, 1284, 0, 1, 1, 0, 1, 0, 0, 1]),
 (16, [577, 115, 1, 1, 1, 1959, 1650, 0, 1, 1, 3, 0, 0, 1, 2]),
 (12, [1946, 96, 1, 1, 1, 983, 816, 0, 0, 2, 0, 1, 1, 2, 0]),
 (12, [1636, 80, 1, 0, 1, 709, 1139, 0, 0, 2, 3, 0, 1, 2, 1]),
 (12, [1597, 63, 0, 0, 0, 1542, 1068, 0, 1, 1, 1, 0, 2, 2, 1]),
 (12, [1528, 16, 1, 0, 0, 1979, 1745, 1, 1, 2, 2, 0, 2, 0, 2]),
 (12, [1333, 35, 1, 0, 1, 787, 1534, 1, 1, 1, 4, 0, 2, 2, 2]),
 (12, [1040, 58, 1, 0, 0, 628, 1872, 0, 0, 2, 2, 1, 0, 0, 1]),
 (12, [688, 15, 1, 0, 1, 775, 1939, 0, 1, 2, 1, 1, 0, 1, 1]),
 (12, [682, 105, 0, 0, 1, 731, 1299, 0, 1, 0, 0, 1, 2, 1, 2]),
 (12, [587, 79, 1, 0, 1, 1068, 808, 0, 0, 1, 0, 0, 1, 0, 0])]
scored
[(12, [587, 79, 1, 0, 1, 1068, 808, 0, 0, 1, 0, 0, 1, 0, 0]),
 (12, [682, 105, 0, 0, 1, 731, 1299, 0, 1, 0, 0, 1, 2, 1, 2]),
 (12, [688, 15, 1, 0, 1, 775, 1939, 0, 1, 2, 1, 1, 0, 1, 1]),
 (12, [1040, 58, 1, 0, 0, 628, 1872, 0, 0, 2, 2, 1, 0, 0, 1]),
 (12, [1333, 35, 1, 0, 1, 787, 1534, 1, 1, 1, 4, 0, 2, 2, 2]),
 (12, [1528, 16, 1, 0, 0, 1979, 1745, 1, 1, 2, 2, 0, 2, 0, 2]),
 (12, [1597, 63, 0, 0, 0, 1542, 1068, 0, 1, 1, 1, 0, 2, 2, 1]),
 (12, [1636, 80, 1, 0, 1, 709, 1139, 0, 0, 2, 3, 0, 1, 2, 1]),
 (12, [1946, 96, 1, 1, 1, 983, 816, 0, 0, 2, 0, 1, 1, 2, 0]),
 (16, [577, 115, 1, 1, 1, 1959, 1650, 0, 1, 1, 3, 0, 0, 1, 2]),
 (16, [706, 80, 1, 0, 0, 1545, 1284, 0, 1, 1, 0, 1, 0, 0, 1]),
 (16, [753, 10, 1, 1, 1, 1339, 1354, 1, 1, 2, 3, 0, 0, 2, 0]),
 (16, [847, 89, 1, 0, 0, 1569, 1102, 0, 0, 2, 2, 0, 2, 2, 1]),
 (16, [892, 29, 1, 0, 1, 1170, 677, 0, 0, 0, 2, 1, 1, 0, 1]),
 (16, [985, 66, 0, 0, 1, 1360, 1414, 1, 0, 0, 4, 1, 1, 2, 0]),
 (16, [1066, 101, 0, 0, 1, 1880, 1502, 0, 0, 0, 3, 0, 1, 1, 2]),
 (16, [1068, 63, 0, 0, 1, 1343, 1538, 1, 1, 1, 2, 1, 1, 2, 1]),
 (16, [1094, 26, 1, 1, 0, 1048, 1753, 1, 1, 1, 0, 0, 1, 2, 0]),
 (16, [1189, 115, 0, 1, 1, 1749, 584, 1, 0, 2, 4, 0, 0, 1, 1]),
 (16, [1294, 66, 0, 1, 1, 685, 1470, 0, 0, 2, 0, 0, 1, 1, 0]),
 (16, [1310, 93, 1, 1, 1, 1531, 935, 1, 1, 1, 4, 1, 0, 0, 0]),
 (16, [1554, 83, 0, 1, 0, 1272, 1442, 0, 1, 2, 0, 1, 1, 1, 1]),
 (16, [1755, 102, 0, 1, 1, 844, 1070, 1, 0, 1, 3, 0, 1, 1, 0]),
 (16, [1828, 61, 0, 0, 0, 1596, 1302, 1, 0, 1, 4, 0, 0, 2, 2]),
 (16, [1849, 13, 1, 1, 1, 1878, 1320, 0, 1, 0, 1, 0, 1, 0, 1]),
 (16, [2002, 46, 1, 1, 1, 770, 1978, 1, 0, 0, 4, 1, 1, 2, 2]),
 (999, [787, 76, 1, 0, 1, 1683, 739, 1, 1, 3, 3, 1, 1, 0, 2]),
 (999, [1043, 20, 0, 1, 0, 804, 1069, 0, 1, 3, 0, 1, 1, 1, 1]),
 (999, [1135, 96, 0, 0, 1, 520, 849, 0, 0, 0, 5, 1, 1, 2, 2]),
 (999, [1181, 28, 1, 1, 1, 1793, 856, 0, 0, 3, 3, 1, 1, 2, 2]),
 (999, [1564, 119, 0, 1, 0, 892, 1657, 0, 0, 3, 0, 0, 2, 0, 1]),
 (999, [2015, 11, 0, 1, 1, 1836, 1347, 1, 0, 3, 3, 1, 2, 1, 0])]
Selected
[(12, [682, 105, 0, 0, 1, 731, 1299, 0, 1, 0, 0, 1, 2, 1, 2]),
 (12, [587, 79, 1, 0, 1, 1068, 808, 0, 0, 1, 0, 0, 1, 0, 0]),
 (12, [682, 105, 0, 0, 1, 731, 1299, 0, 1, 0, 0, 1, 2, 1, 2]),
 (12, [688, 15, 1, 0, 1, 775, 1939, 0, 1, 2, 1, 1, 0, 1, 1]),
 (12, [1636, 80, 1, 0, 1, 709, 1139, 0, 0, 2, 3, 0, 1, 2, 1]),
 (12, [1528, 16, 1, 0, 0, 1979, 1745, 1, 1, 2, 2, 0, 2, 0, 2]),
 (12, [587, 79, 1, 0, 1, 1068, 808, 0, 0, 1, 0, 0, 1, 0, 0]),
 (12, [688, 15, 1, 0, 1, 775, 1939, 0, 1, 2, 1, 1, 0, 1, 1]),
 (16, [1066, 101, 0, 0, 1, 1880, 1502, 0, 0, 0, 3, 0, 1, 1, 2]),
 (12, [688, 15, 1, 0, 1, 775, 1939, 0, 1, 2, 1, 1, 0, 1, 1]),
 (12, [1528, 16, 1, 0, 0, 1979, 1745, 1, 1, 2, 2, 0, 2, 0, 2]),
 (12, [682, 105, 0, 0, 1, 731, 1299, 0, 1, 0, 0, 1, 2, 1, 2]),
 (12, [688, 15, 1, 0, 1, 775, 1939, 0, 1, 2, 1, 1, 0, 1, 1]),
 (12, [1040, 58, 1, 0, 0, 628, 1872, 0, 0, 2, 2, 1, 0, 0, 1]),
 (12, [1040, 58, 1, 0, 0, 628, 1872, 0, 0, 2, 2, 1, 0, 0, 1]),
 (12, [1040, 58, 1, 0, 0, 628, 1872, 0, 0, 2, 2, 1, 0, 0, 1]),
 (12, [1333, 35, 1, 0, 1, 787, 1534, 1, 1, 1, 4, 0, 2, 2, 2]),
 (12, [688, 15, 1, 0, 1, 775, 1939, 0, 1, 2, 1, 1, 0, 1, 1]),
 (12, [1597, 63, 0, 0, 0, 1542, 1068, 0, 1, 1, 1, 0, 2, 2, 1]),
 (12, [1597, 63, 0, 0, 0, 1542, 1068, 0, 1, 1, 1, 0, 2, 2, 1]),
 (12, [688, 15, 1, 0, 1, 775, 1939, 0, 1, 2, 1, 1, 0, 1, 1]),
 (12, [587, 79, 1, 0, 1, 1068, 808, 0, 0, 1, 0, 0, 1, 0, 0]),
 (12, [1333, 35, 1, 0, 1, 787, 1534, 1, 1, 1, 4, 0, 2, 2, 2]),
 (12, [587, 79, 1, 0, 1, 1068, 808, 0, 0, 1, 0, 0, 1, 0, 0]),
 (12, [682, 105, 0, 0, 1, 731, 1299, 0, 1, 0, 0, 1, 2, 1, 2]),
 (12, [688, 15, 1, 0, 1, 775, 1939, 0, 1, 2, 1, 1, 0, 1, 1]),
 (12, [587, 79, 1, 0, 1, 1068, 808, 0, 0, 1, 0, 0, 1, 0, 0])]
population
[(999, [2015, 11, 0, 1, 1, 1836, 1347, 1, 0, 3, 3, 1, 2, 1, 0]),
 (999, [1564, 119, 0, 1, 0, 892, 1657, 0, 0, 3, 0, 0, 2, 0, 1]),
 (999, [1181, 28, 1, 1, 1, 1793, 856, 0, 0, 3, 3, 1, 1, 2, 2]),
 (999, [1135, 96, 0, 0, 1, 520, 849, 0, 0, 0, 5, 1, 1, 2, 2]),
 (999, [1043, 20, 0, 1, 0, 804, 1069, 0, 1, 3, 0, 1, 1, 1, 1]),
 (999, [787, 76, 1, 0, 1, 1683, 739, 1, 1, 3, 3, 1, 1, 0, 2]),
 (16, [2002, 46, 1, 1, 1, 770, 1978, 1, 0, 0, 4, 1, 1, 2, 2]),
 (16, [1849, 13, 1, 1, 1, 1878, 1320, 0, 1, 0, 1, 0, 1, 0, 1]),
 (16, [1828, 61, 0, 0, 0, 1596, 1302, 1, 0, 1, 4, 0, 0, 2, 2]),
 (16, [1755, 102, 0, 1, 1, 844, 1070, 1, 0, 1, 3, 0, 1, 1, 0]),
 (16, [1554, 83, 0, 1, 0, 1272, 1442, 0, 1, 2, 0, 1, 1, 1, 1]),
 (16, [1310, 93, 1, 1, 1, 1531, 935, 1, 1, 1, 4, 1, 0, 0, 0]),
 (16, [1294, 66, 0, 1, 1, 685, 1470, 0, 0, 2, 0, 0, 1, 1, 0]),
 (16, [1189, 115, 0, 1, 1, 1749, 584, 1, 0, 2, 4, 0, 0, 1, 1]),
 (16, [1094, 26, 1, 1, 0, 1048, 1753, 1, 1, 1, 0, 0, 1, 2, 0]),
 (16, [1068, 63, 0, 0, 1, 1343, 1538, 1, 1, 1, 2, 1, 1, 2, 1]),
 (16, [1066, 101, 0, 0, 1, 1880, 1502, 0, 0, 0, 3, 0, 1, 1, 2]),
 (16, [985, 66, 0, 0, 1, 1360, 1414, 1, 0, 0, 4, 1, 1, 2, 0]),
 (16, [892, 29, 1, 0, 1, 1170, 677, 0, 0, 0, 2, 1, 1, 0, 1]),
 (16, [847, 89, 1, 0, 0, 1569, 1102, 0, 0, 2, 2, 0, 2, 2, 1]),
 (16, [753, 10, 1, 1, 1, 1339, 1354, 1, 1, 2, 3, 0, 0, 2, 0]),
 (16, [706, 80, 1, 0, 0, 1545, 1284, 0, 1, 1, 0, 1, 0, 0, 1]),
 (16, [577, 115, 1, 1, 1, 1959, 1650, 0, 1, 1, 3, 0, 0, 1, 2]),
 (12, [1946, 96, 1, 1, 1, 983, 816, 0, 0, 2, 0, 1, 1, 2, 0]),
 (12, [1636, 80, 1, 0, 1, 709, 1139, 0, 0, 2, 3, 0, 1, 2, 1]),
 (12, [1597, 63, 0, 0, 0, 1542, 1068, 0, 1, 1, 1, 0, 2, 2, 1]),
 (12, [1528, 16, 1, 0, 0, 1979, 1745, 1, 1, 2, 2, 0, 2, 0, 2]),
 (12, [1333, 35, 1, 0, 1, 787, 1534, 1, 1, 1, 4, 0, 2, 2, 2]),
 (12, [1040, 58, 1, 0, 0, 628, 1872, 0, 0, 2, 2, 1, 0, 0, 1]),
 (12, [688, 15, 1, 0, 1, 775, 1939, 0, 1, 2, 1, 1, 0, 1, 1]),
 (12, [682, 105, 0, 0, 1, 731, 1299, 0, 1, 0, 0, 1, 2, 1, 2]),
 (12, [587, 79, 1, 0, 1, 1068, 808, 0, 0, 1, 0, 0, 1, 0, 0])]
scored
[(12, [587, 79, 1, 0, 1, 1068, 808, 0, 0, 1, 0, 0, 1, 0, 0]),
 (12, [682, 105, 0, 0, 1, 731, 1299, 0, 1, 0, 0, 1, 2, 1, 2]),
 (12, [688, 15, 1, 0, 1, 775, 1939, 0, 1, 2, 1, 1, 0, 1, 1]),
 (12, [1040, 58, 1, 0, 0, 628, 1872, 0, 0, 2, 2, 1, 0, 0, 1]),
 (12, [1333, 35, 1, 0, 1, 787, 1534, 1, 1, 1, 4, 0, 2, 2, 2]),
 (12, [1528, 16, 1, 0, 0, 1979, 1745, 1, 1, 2, 2, 0, 2, 0, 2]),
 (12, [1597, 63, 0, 0, 0, 1542, 1068, 0, 1, 1, 1, 0, 2, 2, 1]),
 (12, [1636, 80, 1, 0, 1, 709, 1139, 0, 0, 2, 3, 0, 1, 2, 1]),
 (12, [1946, 96, 1, 1, 1, 983, 816, 0, 0, 2, 0, 1, 1, 2, 0]),
 (16, [577, 115, 1, 1, 1, 1959, 1650, 0, 1, 1, 3, 0, 0, 1, 2]),
 (16, [706, 80, 1, 0, 0, 1545, 1284, 0, 1, 1, 0, 1, 0, 0, 1]),
 (16, [753, 10, 1, 1, 1, 1339, 1354, 1, 1, 2, 3, 0, 0, 2, 0]),
 (16, [847, 89, 1, 0, 0, 1569, 1102, 0, 0, 2, 2, 0, 2, 2, 1]),
 (16, [892, 29, 1, 0, 1, 1170, 677, 0, 0, 0, 2, 1, 1, 0, 1]),
 (16, [985, 66, 0, 0, 1, 1360, 1414, 1, 0, 0, 4, 1, 1, 2, 0]),
 (16, [1066, 101, 0, 0, 1, 1880, 1502, 0, 0, 0, 3, 0, 1, 1, 2]),
 (16, [1068, 63, 0, 0, 1, 1343, 1538, 1, 1, 1, 2, 1, 1, 2, 1]),
 (16, [1094, 26, 1, 1, 0, 1048, 1753, 1, 1, 1, 0, 0, 1, 2, 0]),
 (16, [1189, 115, 0, 1, 1, 1749, 584, 1, 0, 2, 4, 0, 0, 1, 1]),
 (16, [1294, 66, 0, 1, 1, 685, 1470, 0, 0, 2, 0, 0, 1, 1, 0]),
 (16, [1310, 93, 1, 1, 1, 1531, 935, 1, 1, 1, 4, 1, 0, 0, 0]),
 (16, [1554, 83, 0, 1, 0, 1272, 1442, 0, 1, 2, 0, 1, 1, 1, 1]),
 (16, [1755, 102, 0, 1, 1, 844, 1070, 1, 0, 1, 3, 0, 1, 1, 0]),
 (16, [1828, 61, 0, 0, 0, 1596, 1302, 1, 0, 1, 4, 0, 0, 2, 2]),
 (16, [1849, 13, 1, 1, 1, 1878, 1320, 0, 1, 0, 1, 0, 1, 0, 1]),
 (16, [2002, 46, 1, 1, 1, 770, 1978, 1, 0, 0, 4, 1, 1, 2, 2]),
 (999, [787, 76, 1, 0, 1, 1683, 739, 1, 1, 3, 3, 1, 1, 0, 2]),
 (999, [1043, 20, 0, 1, 0, 804, 1069, 0, 1, 3, 0, 1, 1, 1, 1]),
 (999, [1135, 96, 0, 0, 1, 520, 849, 0, 0, 0, 5, 1, 1, 2, 2]),
 (999, [1181, 28, 1, 1, 1, 1793, 856, 0, 0, 3, 3, 1, 1, 2, 2]),
 (999, [1564, 119, 0, 1, 0, 892, 1657, 0, 0, 3, 0, 0, 2, 0, 1]),
 (999, [2015, 11, 0, 1, 1, 1836, 1347, 1, 0, 3, 3, 1, 2, 1, 0])]
Selected
[(12, [1528, 16, 1, 0, 0, 1979, 1745, 1, 1, 2, 2, 0, 2, 0, 2]),
 (12, [1333, 35, 1, 0, 1, 787, 1534, 1, 1, 1, 4, 0, 2, 2, 2]),
 (16, [847, 89, 1, 0, 0, 1569, 1102, 0, 0, 2, 2, 0, 2, 2, 1]),
 (12, [1333, 35, 1, 0, 1, 787, 1534, 1, 1, 1, 4, 0, 2, 2, 2]),
 (12, [1040, 58, 1, 0, 0, 628, 1872, 0, 0, 2, 2, 1, 0, 0, 1]),
 (12, [1946, 96, 1, 1, 1, 983, 816, 0, 0, 2, 0, 1, 1, 2, 0]),
 (12, [682, 105, 0, 0, 1, 731, 1299, 0, 1, 0, 0, 1, 2, 1, 2]),
 (12, [587, 79, 1, 0, 1, 1068, 808, 0, 0, 1, 0, 0, 1, 0, 0]),
 (16, [847, 89, 1, 0, 0, 1569, 1102, 0, 0, 2, 2, 0, 2, 2, 1]),
 (12, [682, 105, 0, 0, 1, 731, 1299, 0, 1, 0, 0, 1, 2, 1, 2]),
 (16, [892, 29, 1, 0, 1, 1170, 677, 0, 0, 0, 2, 1, 1, 0, 1]),
 (16, [753, 10, 1, 1, 1, 1339, 1354, 1, 1, 2, 3, 0, 0, 2, 0]),
 (12, [688, 15, 1, 0, 1, 775, 1939, 0, 1, 2, 1, 1, 0, 1, 1]),
 (12, [587, 79, 1, 0, 1, 1068, 808, 0, 0, 1, 0, 0, 1, 0, 0]),
 (12, [587, 79, 1, 0, 1, 1068, 808, 0, 0, 1, 0, 0, 1, 0, 0]),
 (16, [1094, 26, 1, 1, 0, 1048, 1753, 1, 1, 1, 0, 0, 1, 2, 0]),
 (12, [587, 79, 1, 0, 1, 1068, 808, 0, 0, 1, 0, 0, 1, 0, 0]),
 (12, [682, 105, 0, 0, 1, 731, 1299, 0, 1, 0, 0, 1, 2, 1, 2]),
 (12, [1528, 16, 1, 0, 0, 1979, 1745, 1, 1, 2, 2, 0, 2, 0, 2]),
 (12, [688, 15, 1, 0, 1, 775, 1939, 0, 1, 2, 1, 1, 0, 1, 1]),
 (12, [1333, 35, 1, 0, 1, 787, 1534, 1, 1, 1, 4, 0, 2, 2, 2]),
 (12, [587, 79, 1, 0, 1, 1068, 808, 0, 0, 1, 0, 0, 1, 0, 0]),
 (12, [1528, 16, 1, 0, 0, 1979, 1745, 1, 1, 2, 2, 0, 2, 0, 2]),
 (12, [1528, 16, 1, 0, 0, 1979, 1745, 1, 1, 2, 2, 0, 2, 0, 2]),
 (16, [577, 115, 1, 1, 1, 1959, 1650, 0, 1, 1, 3, 0, 0, 1, 2]),
 (12, [587, 79, 1, 0, 1, 1068, 808, 0, 0, 1, 0, 0, 1, 0, 0]),
 (12, [587, 79, 1, 0, 1, 1068, 808, 0, 0, 1, 0, 0, 1, 0, 0])]
population
[(999, [2015, 11, 0, 1, 1, 1836, 1347, 1, 0, 3, 3, 1, 2, 1, 0]),
 (999, [1564, 119, 0, 1, 0, 892, 1657, 0, 0, 3, 0, 0, 2, 0, 1]),
 (999, [1181, 28, 1, 1, 1, 1793, 856, 0, 0, 3, 3, 1, 1, 2, 2]),
 (999, [1135, 96, 0, 0, 1, 520, 849, 0, 0, 0, 5, 1, 1, 2, 2]),
 (999, [1043, 20, 0, 1, 0, 804, 1069, 0, 1, 3, 0, 1, 1, 1, 1]),
 (999, [787, 76, 1, 0, 1, 1683, 739, 1, 1, 3, 3, 1, 1, 0, 2]),
 (16, [2002, 46, 1, 1, 1, 770, 1978, 1, 0, 0, 4, 1, 1, 2, 2]),
 (16, [1849, 13, 1, 1, 1, 1878, 1320, 0, 1, 0, 1, 0, 1, 0, 1]),
 (16, [1828, 61, 0, 0, 0, 1596, 1302, 1, 0, 1, 4, 0, 0, 2, 2]),
 (16, [1755, 102, 0, 1, 1, 844, 1070, 1, 0, 1, 3, 0, 1, 1, 0]),
 (16, [1554, 83, 0, 1, 0, 1272, 1442, 0, 1, 2, 0, 1, 1, 1, 1]),
 (16, [1310, 93, 1, 1, 1, 1531, 935, 1, 1, 1, 4, 1, 0, 0, 0]),
 (16, [1294, 66, 0, 1, 1, 685, 1470, 0, 0, 2, 0, 0, 1, 1, 0]),
 (16, [1189, 115, 0, 1, 1, 1749, 584, 1, 0, 2, 4, 0, 0, 1, 1]),
 (16, [1094, 26, 1, 1, 0, 1048, 1753, 1, 1, 1, 0, 0, 1, 2, 0]),
 (16, [1068, 63, 0, 0, 1, 1343, 1538, 1, 1, 1, 2, 1, 1, 2, 1]),
 (16, [1066, 101, 0, 0, 1, 1880, 1502, 0, 0, 0, 3, 0, 1, 1, 2]),
 (16, [985, 66, 0, 0, 1, 1360, 1414, 1, 0, 0, 4, 1, 1, 2, 0]),
 (16, [892, 29, 1, 0, 1, 1170, 677, 0, 0, 0, 2, 1, 1, 0, 1]),
 (16, [847, 89, 1, 0, 0, 1569, 1102, 0, 0, 2, 2, 0, 2, 2, 1]),
 (16, [753, 10, 1, 1, 1, 1339, 1354, 1, 1, 2, 3, 0, 0, 2, 0]),
 (16, [706, 80, 1, 0, 0, 1545, 1284, 0, 1, 1, 0, 1, 0, 0, 1]),
 (16, [577, 115, 1, 1, 1, 1959, 1650, 0, 1, 1, 3, 0, 0, 1, 2]),
 (12, [1946, 96, 1, 1, 1, 983, 816, 0, 0, 2, 0, 1, 1, 2, 0]),
 (12, [1636, 80, 1, 0, 1, 709, 1139, 0, 0, 2, 3, 0, 1, 2, 1]),
 (12, [1597, 63, 0, 0, 0, 1542, 1068, 0, 1, 1, 1, 0, 2, 2, 1]),
 (12, [1528, 16, 1, 0, 0, 1979, 1745, 1, 1, 2, 2, 0, 2, 0, 2]),
 (12, [1333, 35, 1, 0, 1, 787, 1534, 1, 1, 1, 4, 0, 2, 2, 2]),
 (12, [1040, 58, 1, 0, 0, 628, 1872, 0, 0, 2, 2, 1, 0, 0, 1]),
 (12, [688, 15, 1, 0, 1, 775, 1939, 0, 1, 2, 1, 1, 0, 1, 1]),
 (12, [682, 105, 0, 0, 1, 731, 1299, 0, 1, 0, 0, 1, 2, 1, 2]),
 (12, [587, 79, 1, 0, 1, 1068, 808, 0, 0, 1, 0, 0, 1, 0, 0])]
scored
[(12, [587, 79, 1, 0, 1, 1068, 808, 0, 0, 1, 0, 0, 1, 0, 0]),
 (12, [682, 105, 0, 0, 1, 731, 1299, 0, 1, 0, 0, 1, 2, 1, 2]),
 (12, [688, 15, 1, 0, 1, 775, 1939, 0, 1, 2, 1, 1, 0, 1, 1]),
 (12, [1040, 58, 1, 0, 0, 628, 1872, 0, 0, 2, 2, 1, 0, 0, 1]),
 (12, [1333, 35, 1, 0, 1, 787, 1534, 1, 1, 1, 4, 0, 2, 2, 2]),
 (12, [1528, 16, 1, 0, 0, 1979, 1745, 1, 1, 2, 2, 0, 2, 0, 2]),
 (12, [1597, 63, 0, 0, 0, 1542, 1068, 0, 1, 1, 1, 0, 2, 2, 1]),
 (12, [1636, 80, 1, 0, 1, 709, 1139, 0, 0, 2, 3, 0, 1, 2, 1]),
 (12, [1946, 96, 1, 1, 1, 983, 816, 0, 0, 2, 0, 1, 1, 2, 0]),
 (16, [577, 115, 1, 1, 1, 1959, 1650, 0, 1, 1, 3, 0, 0, 1, 2]),
 (16, [706, 80, 1, 0, 0, 1545, 1284, 0, 1, 1, 0, 1, 0, 0, 1]),
 (16, [753, 10, 1, 1, 1, 1339, 1354, 1, 1, 2, 3, 0, 0, 2, 0]),
 (16, [847, 89, 1, 0, 0, 1569, 1102, 0, 0, 2, 2, 0, 2, 2, 1]),
 (16, [892, 29, 1, 0, 1, 1170, 677, 0, 0, 0, 2, 1, 1, 0, 1]),
 (16, [985, 66, 0, 0, 1, 1360, 1414, 1, 0, 0, 4, 1, 1, 2, 0]),
 (16, [1066, 101, 0, 0, 1, 1880, 1502, 0, 0, 0, 3, 0, 1, 1, 2]),
 (16, [1068, 63, 0, 0, 1, 1343, 1538, 1, 1, 1, 2, 1, 1, 2, 1]),
 (16, [1094, 26, 1, 1, 0, 1048, 1753, 1, 1, 1, 0, 0, 1, 2, 0]),
 (16, [1189, 115, 0, 1, 1, 1749, 584, 1, 0, 2, 4, 0, 0, 1, 1]),
 (16, [1294, 66, 0, 1, 1, 685, 1470, 0, 0, 2, 0, 0, 1, 1, 0]),
 (16, [1310, 93, 1, 1, 1, 1531, 935, 1, 1, 1, 4, 1, 0, 0, 0]),
 (16, [1554, 83, 0, 1, 0, 1272, 1442, 0, 1, 2, 0, 1, 1, 1, 1]),
 (16, [1755, 102, 0, 1, 1, 844, 1070, 1, 0, 1, 3, 0, 1, 1, 0]),
 (16, [1828, 61, 0, 0, 0, 1596, 1302, 1, 0, 1, 4, 0, 0, 2, 2]),
 (16, [1849, 13, 1, 1, 1, 1878, 1320, 0, 1, 0, 1, 0, 1, 0, 1]),
 (16, [2002, 46, 1, 1, 1, 770, 1978, 1, 0, 0, 4, 1, 1, 2, 2]),
 (999, [787, 76, 1, 0, 1, 1683, 739, 1, 1, 3, 3, 1, 1, 0, 2]),
 (999, [1043, 20, 0, 1, 0, 804, 1069, 0, 1, 3, 0, 1, 1, 1, 1]),
 (999, [1135, 96, 0, 0, 1, 520, 849, 0, 0, 0, 5, 1, 1, 2, 2]),
 (999, [1181, 28, 1, 1, 1, 1793, 856, 0, 0, 3, 3, 1, 1, 2, 2]),
 (999, [1564, 119, 0, 1, 0, 892, 1657, 0, 0, 3, 0, 0, 2, 0, 1]),
 (999, [2015, 11, 0, 1, 1, 1836, 1347, 1, 0, 3, 3, 1, 2, 1, 0])]
Selected
[(12, [682, 105, 0, 0, 1, 731, 1299, 0, 1, 0, 0, 1, 2, 1, 2]),
 (12, [1040, 58, 1, 0, 0, 628, 1872, 0, 0, 2, 2, 1, 0, 0, 1]),
 (12, [1528, 16, 1, 0, 0, 1979, 1745, 1, 1, 2, 2, 0, 2, 0, 2]),
 (12, [1946, 96, 1, 1, 1, 983, 816, 0, 0, 2, 0, 1, 1, 2, 0]),
 (12, [1528, 16, 1, 0, 0, 1979, 1745, 1, 1, 2, 2, 0, 2, 0, 2]),
 (12, [1333, 35, 1, 0, 1, 787, 1534, 1, 1, 1, 4, 0, 2, 2, 2]),
 (12, [682, 105, 0, 0, 1, 731, 1299, 0, 1, 0, 0, 1, 2, 1, 2]),
 (12, [688, 15, 1, 0, 1, 775, 1939, 0, 1, 2, 1, 1, 0, 1, 1]),
 (12, [1636, 80, 1, 0, 1, 709, 1139, 0, 0, 2, 3, 0, 1, 2, 1]),
 (12, [1040, 58, 1, 0, 0, 628, 1872, 0, 0, 2, 2, 1, 0, 0, 1]),
 (12, [682, 105, 0, 0, 1, 731, 1299, 0, 1, 0, 0, 1, 2, 1, 2]),
 (12, [587, 79, 1, 0, 1, 1068, 808, 0, 0, 1, 0, 0, 1, 0, 0]),
 (12, [1636, 80, 1, 0, 1, 709, 1139, 0, 0, 2, 3, 0, 1, 2, 1]),
 (12, [1946, 96, 1, 1, 1, 983, 816, 0, 0, 2, 0, 1, 1, 2, 0]),
 (12, [1333, 35, 1, 0, 1, 787, 1534, 1, 1, 1, 4, 0, 2, 2, 2]),
 (16, [706, 80, 1, 0, 0, 1545, 1284, 0, 1, 1, 0, 1, 0, 0, 1]),
 (12, [1040, 58, 1, 0, 0, 628, 1872, 0, 0, 2, 2, 1, 0, 0, 1]),
 (12, [1040, 58, 1, 0, 0, 628, 1872, 0, 0, 2, 2, 1, 0, 0, 1]),
 (12, [1333, 35, 1, 0, 1, 787, 1534, 1, 1, 1, 4, 0, 2, 2, 2]),
 (12, [682, 105, 0, 0, 1, 731, 1299, 0, 1, 0, 0, 1, 2, 1, 2]),
 (12, [1597, 63, 0, 0, 0, 1542, 1068, 0, 1, 1, 1, 0, 2, 2, 1]),
 (12, [587, 79, 1, 0, 1, 1068, 808, 0, 0, 1, 0, 0, 1, 0, 0]),
 (12, [682, 105, 0, 0, 1, 731, 1299, 0, 1, 0, 0, 1, 2, 1, 2]),
 (12, [587, 79, 1, 0, 1, 1068, 808, 0, 0, 1, 0, 0, 1, 0, 0]),
 (12, [682, 105, 0, 0, 1, 731, 1299, 0, 1, 0, 0, 1, 2, 1, 2]),
 (12, [1528, 16, 1, 0, 0, 1979, 1745, 1, 1, 2, 2, 0, 2, 0, 2]),
 (12, [688, 15, 1, 0, 1, 775, 1939, 0, 1, 2, 1, 1, 0, 1, 1])]
population
[(999, [2015, 11, 0, 1, 1, 1836, 1347, 1, 0, 3, 3, 1, 2, 1, 0]),
 (999, [1564, 119, 0, 1, 0, 892, 1657, 0, 0, 3, 0, 0, 2, 0, 1]),
 (999, [1181, 28, 1, 1, 1, 1793, 856, 0, 0, 3, 3, 1, 1, 2, 2]),
 (999, [1135, 96, 0, 0, 1, 520, 849, 0, 0, 0, 5, 1, 1, 2, 2]),
 (999, [1043, 20, 0, 1, 0, 804, 1069, 0, 1, 3, 0, 1, 1, 1, 1]),
 (999, [787, 76, 1, 0, 1, 1683, 739, 1, 1, 3, 3, 1, 1, 0, 2]),
 (16, [2002, 46, 1, 1, 1, 770, 1978, 1, 0, 0, 4, 1, 1, 2, 2]),
 (16, [1849, 13, 1, 1, 1, 1878, 1320, 0, 1, 0, 1, 0, 1, 0, 1]),
 (16, [1828, 61, 0, 0, 0, 1596, 1302, 1, 0, 1, 4, 0, 0, 2, 2]),
 (16, [1755, 102, 0, 1, 1, 844, 1070, 1, 0, 1, 3, 0, 1, 1, 0]),
 (16, [1554, 83, 0, 1, 0, 1272, 1442, 0, 1, 2, 0, 1, 1, 1, 1]),
 (16, [1310, 93, 1, 1, 1, 1531, 935, 1, 1, 1, 4, 1, 0, 0, 0]),
 (16, [1294, 66, 0, 1, 1, 685, 1470, 0, 0, 2, 0, 0, 1, 1, 0]),
 (16, [1189, 115, 0, 1, 1, 1749, 584, 1, 0, 2, 4, 0, 0, 1, 1]),
 (16, [1094, 26, 1, 1, 0, 1048, 1753, 1, 1, 1, 0, 0, 1, 2, 0]),
 (16, [1068, 63, 0, 0, 1, 1343, 1538, 1, 1, 1, 2, 1, 1, 2, 1]),
 (16, [1066, 101, 0, 0, 1, 1880, 1502, 0, 0, 0, 3, 0, 1, 1, 2]),
 (16, [985, 66, 0, 0, 1, 1360, 1414, 1, 0, 0, 4, 1, 1, 2, 0]),
 (16, [892, 29, 1, 0, 1, 1170, 677, 0, 0, 0, 2, 1, 1, 0, 1]),
 (16, [847, 89, 1, 0, 0, 1569, 1102, 0, 0, 2, 2, 0, 2, 2, 1]),
 (16, [753, 10, 1, 1, 1, 1339, 1354, 1, 1, 2, 3, 0, 0, 2, 0]),
 (16, [706, 80, 1, 0, 0, 1545, 1284, 0, 1, 1, 0, 1, 0, 0, 1]),
 (16, [577, 115, 1, 1, 1, 1959, 1650, 0, 1, 1, 3, 0, 0, 1, 2]),
 (12, [1946, 96, 1, 1, 1, 983, 816, 0, 0, 2, 0, 1, 1, 2, 0]),
 (12, [1636, 80, 1, 0, 1, 709, 1139, 0, 0, 2, 3, 0, 1, 2, 1]),
 (12, [1597, 63, 0, 0, 0, 1542, 1068, 0, 1, 1, 1, 0, 2, 2, 1]),
 (12, [1528, 16, 1, 0, 0, 1979, 1745, 1, 1, 2, 2, 0, 2, 0, 2]),
 (12, [1333, 35, 1, 0, 1, 787, 1534, 1, 1, 1, 4, 0, 2, 2, 2]),
 (12, [1040, 58, 1, 0, 0, 628, 1872, 0, 0, 2, 2, 1, 0, 0, 1]),
 (12, [688, 15, 1, 0, 1, 775, 1939, 0, 1, 2, 1, 1, 0, 1, 1]),
 (12, [682, 105, 0, 0, 1, 731, 1299, 0, 1, 0, 0, 1, 2, 1, 2]),
 (12, [587, 79, 1, 0, 1, 1068, 808, 0, 0, 1, 0, 0, 1, 0, 0])]
scored
[(12, [587, 79, 1, 0, 1, 1068, 808, 0, 0, 1, 0, 0, 1, 0, 0]),
 (12, [682, 105, 0, 0, 1, 731, 1299, 0, 1, 0, 0, 1, 2, 1, 2]),
 (12, [688, 15, 1, 0, 1, 775, 1939, 0, 1, 2, 1, 1, 0, 1, 1]),
 (12, [1040, 58, 1, 0, 0, 628, 1872, 0, 0, 2, 2, 1, 0, 0, 1]),
 (12, [1333, 35, 1, 0, 1, 787, 1534, 1, 1, 1, 4, 0, 2, 2, 2]),
 (12, [1528, 16, 1, 0, 0, 1979, 1745, 1, 1, 2, 2, 0, 2, 0, 2]),
 (12, [1597, 63, 0, 0, 0, 1542, 1068, 0, 1, 1, 1, 0, 2, 2, 1]),
 (12, [1636, 80, 1, 0, 1, 709, 1139, 0, 0, 2, 3, 0, 1, 2, 1]),
 (12, [1946, 96, 1, 1, 1, 983, 816, 0, 0, 2, 0, 1, 1, 2, 0]),
 (16, [577, 115, 1, 1, 1, 1959, 1650, 0, 1, 1, 3, 0, 0, 1, 2]),
 (16, [706, 80, 1, 0, 0, 1545, 1284, 0, 1, 1, 0, 1, 0, 0, 1]),
 (16, [753, 10, 1, 1, 1, 1339, 1354, 1, 1, 2, 3, 0, 0, 2, 0]),
 (16, [847, 89, 1, 0, 0, 1569, 1102, 0, 0, 2, 2, 0, 2, 2, 1]),
 (16, [892, 29, 1, 0, 1, 1170, 677, 0, 0, 0, 2, 1, 1, 0, 1]),
 (16, [985, 66, 0, 0, 1, 1360, 1414, 1, 0, 0, 4, 1, 1, 2, 0]),
 (16, [1066, 101, 0, 0, 1, 1880, 1502, 0, 0, 0, 3, 0, 1, 1, 2]),
 (16, [1068, 63, 0, 0, 1, 1343, 1538, 1, 1, 1, 2, 1, 1, 2, 1]),
 (16, [1094, 26, 1, 1, 0, 1048, 1753, 1, 1, 1, 0, 0, 1, 2, 0]),
 (16, [1189, 115, 0, 1, 1, 1749, 584, 1, 0, 2, 4, 0, 0, 1, 1]),
 (16, [1294, 66, 0, 1, 1, 685, 1470, 0, 0, 2, 0, 0, 1, 1, 0]),
 (16, [1310, 93, 1, 1, 1, 1531, 935, 1, 1, 1, 4, 1, 0, 0, 0]),
 (16, [1554, 83, 0, 1, 0, 1272, 1442, 0, 1, 2, 0, 1, 1, 1, 1]),
 (16, [1755, 102, 0, 1, 1, 844, 1070, 1, 0, 1, 3, 0, 1, 1, 0]),
 (16, [1828, 61, 0, 0, 0, 1596, 1302, 1, 0, 1, 4, 0, 0, 2, 2]),
 (16, [1849, 13, 1, 1, 1, 1878, 1320, 0, 1, 0, 1, 0, 1, 0, 1]),
 (16, [2002, 46, 1, 1, 1, 770, 1978, 1, 0, 0, 4, 1, 1, 2, 2]),
 (999, [787, 76, 1, 0, 1, 1683, 739, 1, 1, 3, 3, 1, 1, 0, 2]),
 (999, [1043, 20, 0, 1, 0, 804, 1069, 0, 1, 3, 0, 1, 1, 1, 1]),
 (999, [1135, 96, 0, 0, 1, 520, 849, 0, 0, 0, 5, 1, 1, 2, 2]),
 (999, [1181, 28, 1, 1, 1, 1793, 856, 0, 0, 3, 3, 1, 1, 2, 2]),
 (999, [1564, 119, 0, 1, 0, 892, 1657, 0, 0, 3, 0, 0, 2, 0, 1]),
 (999, [2015, 11, 0, 1, 1, 1836, 1347, 1, 0, 3, 3, 1, 2, 1, 0])]
Selected
[(12, [688, 15, 1, 0, 1, 775, 1939, 0, 1, 2, 1, 1, 0, 1, 1]),
 (12, [688, 15, 1, 0, 1, 775, 1939, 0, 1, 2, 1, 1, 0, 1, 1]),
 (12, [688, 15, 1, 0, 1, 775, 1939, 0, 1, 2, 1, 1, 0, 1, 1]),
 (12, [1597, 63, 0, 0, 0, 1542, 1068, 0, 1, 1, 1, 0, 2, 2, 1]),
 (12, [587, 79, 1, 0, 1, 1068, 808, 0, 0, 1, 0, 0, 1, 0, 0]),
 (16, [577, 115, 1, 1, 1, 1959, 1650, 0, 1, 1, 3, 0, 0, 1, 2]),
 (16, [577, 115, 1, 1, 1, 1959, 1650, 0, 1, 1, 3, 0, 0, 1, 2]),
 (12, [1333, 35, 1, 0, 1, 787, 1534, 1, 1, 1, 4, 0, 2, 2, 2]),
 (12, [682, 105, 0, 0, 1, 731, 1299, 0, 1, 0, 0, 1, 2, 1, 2]),
 (16, [706, 80, 1, 0, 0, 1545, 1284, 0, 1, 1, 0, 1, 0, 0, 1]),
 (12, [688, 15, 1, 0, 1, 775, 1939, 0, 1, 2, 1, 1, 0, 1, 1]),
 (12, [682, 105, 0, 0, 1, 731, 1299, 0, 1, 0, 0, 1, 2, 1, 2]),
 (12, [587, 79, 1, 0, 1, 1068, 808, 0, 0, 1, 0, 0, 1, 0, 0]),
 (16, [577, 115, 1, 1, 1, 1959, 1650, 0, 1, 1, 3, 0, 0, 1, 2]),
 (12, [587, 79, 1, 0, 1, 1068, 808, 0, 0, 1, 0, 0, 1, 0, 0]),
 (16, [847, 89, 1, 0, 0, 1569, 1102, 0, 0, 2, 2, 0, 2, 2, 1]),
 (12, [587, 79, 1, 0, 1, 1068, 808, 0, 0, 1, 0, 0, 1, 0, 0]),
 (12, [1597, 63, 0, 0, 0, 1542, 1068, 0, 1, 1, 1, 0, 2, 2, 1]),
 (12, [587, 79, 1, 0, 1, 1068, 808, 0, 0, 1, 0, 0, 1, 0, 0]),
 (16, [892, 29, 1, 0, 1, 1170, 677, 0, 0, 0, 2, 1, 1, 0, 1]),
 (12, [587, 79, 1, 0, 1, 1068, 808, 0, 0, 1, 0, 0, 1, 0, 0]),
 (16, [706, 80, 1, 0, 0, 1545, 1284, 0, 1, 1, 0, 1, 0, 0, 1]),
 (12, [587, 79, 1, 0, 1, 1068, 808, 0, 0, 1, 0, 0, 1, 0, 0]),
 (12, [1040, 58, 1, 0, 0, 628, 1872, 0, 0, 2, 2, 1, 0, 0, 1]),
 (16, [753, 10, 1, 1, 1, 1339, 1354, 1, 1, 2, 3, 0, 0, 2, 0]),
 (16, [985, 66, 0, 0, 1, 1360, 1414, 1, 0, 0, 4, 1, 1, 2, 0]),
 (12, [1040, 58, 1, 0, 0, 628, 1872, 0, 0, 2, 2, 1, 0, 0, 1])]
population
[(999, [2015, 11, 0, 1, 1, 1836, 1347, 1, 0, 3, 3, 1, 2, 1, 0]),
 (999, [1564, 119, 0, 1, 0, 892, 1657, 0, 0, 3, 0, 0, 2, 0, 1]),
 (999, [1181, 28, 1, 1, 1, 1793, 856, 0, 0, 3, 3, 1, 1, 2, 2]),
 (999, [1135, 96, 0, 0, 1, 520, 849, 0, 0, 0, 5, 1, 1, 2, 2]),
 (999, [1043, 20, 0, 1, 0, 804, 1069, 0, 1, 3, 0, 1, 1, 1, 1]),
 (999, [787, 76, 1, 0, 1, 1683, 739, 1, 1, 3, 3, 1, 1, 0, 2]),
 (16, [2002, 46, 1, 1, 1, 770, 1978, 1, 0, 0, 4, 1, 1, 2, 2]),
 (16, [1849, 13, 1, 1, 1, 1878, 1320, 0, 1, 0, 1, 0, 1, 0, 1]),
 (16, [1828, 61, 0, 0, 0, 1596, 1302, 1, 0, 1, 4, 0, 0, 2, 2]),
 (16, [1755, 102, 0, 1, 1, 844, 1070, 1, 0, 1, 3, 0, 1, 1, 0]),
 (16, [1554, 83, 0, 1, 0, 1272, 1442, 0, 1, 2, 0, 1, 1, 1, 1]),
 (16, [1310, 93, 1, 1, 1, 1531, 935, 1, 1, 1, 4, 1, 0, 0, 0]),
 (16, [1294, 66, 0, 1, 1, 685, 1470, 0, 0, 2, 0, 0, 1, 1, 0]),
 (16, [1189, 115, 0, 1, 1, 1749, 584, 1, 0, 2, 4, 0, 0, 1, 1]),
 (16, [1094, 26, 1, 1, 0, 1048, 1753, 1, 1, 1, 0, 0, 1, 2, 0]),
 (16, [1068, 63, 0, 0, 1, 1343, 1538, 1, 1, 1, 2, 1, 1, 2, 1]),
 (16, [1066, 101, 0, 0, 1, 1880, 1502, 0, 0, 0, 3, 0, 1, 1, 2]),
 (16, [985, 66, 0, 0, 1, 1360, 1414, 1, 0, 0, 4, 1, 1, 2, 0]),
 (16, [892, 29, 1, 0, 1, 1170, 677, 0, 0, 0, 2, 1, 1, 0, 1]),
 (16, [847, 89, 1, 0, 0, 1569, 1102, 0, 0, 2, 2, 0, 2, 2, 1]),
 (16, [753, 10, 1, 1, 1, 1339, 1354, 1, 1, 2, 3, 0, 0, 2, 0]),
 (16, [706, 80, 1, 0, 0, 1545, 1284, 0, 1, 1, 0, 1, 0, 0, 1]),
 (16, [577, 115, 1, 1, 1, 1959, 1650, 0, 1, 1, 3, 0, 0, 1, 2]),
 (12, [1946, 96, 1, 1, 1, 983, 816, 0, 0, 2, 0, 1, 1, 2, 0]),
 (12, [1636, 80, 1, 0, 1, 709, 1139, 0, 0, 2, 3, 0, 1, 2, 1]),
 (12, [1597, 63, 0, 0, 0, 1542, 1068, 0, 1, 1, 1, 0, 2, 2, 1]),
 (12, [1528, 16, 1, 0, 0, 1979, 1745, 1, 1, 2, 2, 0, 2, 0, 2]),
 (12, [1333, 35, 1, 0, 1, 787, 1534, 1, 1, 1, 4, 0, 2, 2, 2]),
 (12, [1040, 58, 1, 0, 0, 628, 1872, 0, 0, 2, 2, 1, 0, 0, 1]),
 (12, [688, 15, 1, 0, 1, 775, 1939, 0, 1, 2, 1, 1, 0, 1, 1]),
 (12, [682, 105, 0, 0, 1, 731, 1299, 0, 1, 0, 0, 1, 2, 1, 2]),
 (12, [587, 79, 1, 0, 1, 1068, 808, 0, 0, 1, 0, 0, 1, 0, 0])]
scored
[(12, [587, 79, 1, 0, 1, 1068, 808, 0, 0, 1, 0, 0, 1, 0, 0]),
 (12, [682, 105, 0, 0, 1, 731, 1299, 0, 1, 0, 0, 1, 2, 1, 2]),
 (12, [688, 15, 1, 0, 1, 775, 1939, 0, 1, 2, 1, 1, 0, 1, 1]),
 (12, [1040, 58, 1, 0, 0, 628, 1872, 0, 0, 2, 2, 1, 0, 0, 1]),
 (12, [1333, 35, 1, 0, 1, 787, 1534, 1, 1, 1, 4, 0, 2, 2, 2]),
 (12, [1528, 16, 1, 0, 0, 1979, 1745, 1, 1, 2, 2, 0, 2, 0, 2]),
 (12, [1597, 63, 0, 0, 0, 1542, 1068, 0, 1, 1, 1, 0, 2, 2, 1]),
 (12, [1636, 80, 1, 0, 1, 709, 1139, 0, 0, 2, 3, 0, 1, 2, 1]),
 (12, [1946, 96, 1, 1, 1, 983, 816, 0, 0, 2, 0, 1, 1, 2, 0]),
 (16, [577, 115, 1, 1, 1, 1959, 1650, 0, 1, 1, 3, 0, 0, 1, 2]),
 (16, [706, 80, 1, 0, 0, 1545, 1284, 0, 1, 1, 0, 1, 0, 0, 1]),
 (16, [753, 10, 1, 1, 1, 1339, 1354, 1, 1, 2, 3, 0, 0, 2, 0]),
 (16, [847, 89, 1, 0, 0, 1569, 1102, 0, 0, 2, 2, 0, 2, 2, 1]),
 (16, [892, 29, 1, 0, 1, 1170, 677, 0, 0, 0, 2, 1, 1, 0, 1]),
 (16, [985, 66, 0, 0, 1, 1360, 1414, 1, 0, 0, 4, 1, 1, 2, 0]),
 (16, [1066, 101, 0, 0, 1, 1880, 1502, 0, 0, 0, 3, 0, 1, 1, 2]),
 (16, [1068, 63, 0, 0, 1, 1343, 1538, 1, 1, 1, 2, 1, 1, 2, 1]),
 (16, [1094, 26, 1, 1, 0, 1048, 1753, 1, 1, 1, 0, 0, 1, 2, 0]),
 (16, [1189, 115, 0, 1, 1, 1749, 584, 1, 0, 2, 4, 0, 0, 1, 1]),
 (16, [1294, 66, 0, 1, 1, 685, 1470, 0, 0, 2, 0, 0, 1, 1, 0]),
 (16, [1310, 93, 1, 1, 1, 1531, 935, 1, 1, 1, 4, 1, 0, 0, 0]),
 (16, [1554, 83, 0, 1, 0, 1272, 1442, 0, 1, 2, 0, 1, 1, 1, 1]),
 (16, [1755, 102, 0, 1, 1, 844, 1070, 1, 0, 1, 3, 0, 1, 1, 0]),
 (16, [1828, 61, 0, 0, 0, 1596, 1302, 1, 0, 1, 4, 0, 0, 2, 2]),
 (16, [1849, 13, 1, 1, 1, 1878, 1320, 0, 1, 0, 1, 0, 1, 0, 1]),
 (16, [2002, 46, 1, 1, 1, 770, 1978, 1, 0, 0, 4, 1, 1, 2, 2]),
 (999, [787, 76, 1, 0, 1, 1683, 739, 1, 1, 3, 3, 1, 1, 0, 2]),
 (999, [1043, 20, 0, 1, 0, 804, 1069, 0, 1, 3, 0, 1, 1, 1, 1]),
 (999, [1135, 96, 0, 0, 1, 520, 849, 0, 0, 0, 5, 1, 1, 2, 2]),
 (999, [1181, 28, 1, 1, 1, 1793, 856, 0, 0, 3, 3, 1, 1, 2, 2]),
 (999, [1564, 119, 0, 1, 0, 892, 1657, 0, 0, 3, 0, 0, 2, 0, 1]),
 (999, [2015, 11, 0, 1, 1, 1836, 1347, 1, 0, 3, 3, 1, 2, 1, 0])]
Selected
[(12, [1528, 16, 1, 0, 0, 1979, 1745, 1, 1, 2, 2, 0, 2, 0, 2]),
 (12, [1040, 58, 1, 0, 0, 628, 1872, 0, 0, 2, 2, 1, 0, 0, 1]),
 (12, [688, 15, 1, 0, 1, 775, 1939, 0, 1, 2, 1, 1, 0, 1, 1]),
 (12, [1636, 80, 1, 0, 1, 709, 1139, 0, 0, 2, 3, 0, 1, 2, 1]),
 (12, [688, 15, 1, 0, 1, 775, 1939, 0, 1, 2, 1, 1, 0, 1, 1]),
 (12, [587, 79, 1, 0, 1, 1068, 808, 0, 0, 1, 0, 0, 1, 0, 0]),
 (12, [1946, 96, 1, 1, 1, 983, 816, 0, 0, 2, 0, 1, 1, 2, 0]),
 (16, [985, 66, 0, 0, 1, 1360, 1414, 1, 0, 0, 4, 1, 1, 2, 0]),
 (12, [688, 15, 1, 0, 1, 775, 1939, 0, 1, 2, 1, 1, 0, 1, 1]),
 (16, [753, 10, 1, 1, 1, 1339, 1354, 1, 1, 2, 3, 0, 0, 2, 0]),
 (12, [688, 15, 1, 0, 1, 775, 1939, 0, 1, 2, 1, 1, 0, 1, 1]),
 (12, [1040, 58, 1, 0, 0, 628, 1872, 0, 0, 2, 2, 1, 0, 0, 1]),
 (12, [688, 15, 1, 0, 1, 775, 1939, 0, 1, 2, 1, 1, 0, 1, 1]),
 (12, [688, 15, 1, 0, 1, 775, 1939, 0, 1, 2, 1, 1, 0, 1, 1]),
 (12, [1333, 35, 1, 0, 1, 787, 1534, 1, 1, 1, 4, 0, 2, 2, 2]),
 (12, [688, 15, 1, 0, 1, 775, 1939, 0, 1, 2, 1, 1, 0, 1, 1]),
 (12, [688, 15, 1, 0, 1, 775, 1939, 0, 1, 2, 1, 1, 0, 1, 1]),
 (12, [1333, 35, 1, 0, 1, 787, 1534, 1, 1, 1, 4, 0, 2, 2, 2]),
 (16, [847, 89, 1, 0, 0, 1569, 1102, 0, 0, 2, 2, 0, 2, 2, 1]),
 (16, [706, 80, 1, 0, 0, 1545, 1284, 0, 1, 1, 0, 1, 0, 0, 1]),
 (12, [688, 15, 1, 0, 1, 775, 1939, 0, 1, 2, 1, 1, 0, 1, 1]),
 (16, [577, 115, 1, 1, 1, 1959, 1650, 0, 1, 1, 3, 0, 0, 1, 2]),
 (12, [1040, 58, 1, 0, 0, 628, 1872, 0, 0, 2, 2, 1, 0, 0, 1]),
 (12, [587, 79, 1, 0, 1, 1068, 808, 0, 0, 1, 0, 0, 1, 0, 0]),
 (12, [1040, 58, 1, 0, 0, 628, 1872, 0, 0, 2, 2, 1, 0, 0, 1]),
 (12, [587, 79, 1, 0, 1, 1068, 808, 0, 0, 1, 0, 0, 1, 0, 0]),
 (12, [688, 15, 1, 0, 1, 775, 1939, 0, 1, 2, 1, 1, 0, 1, 1])]
population
[(999, [2015, 11, 0, 1, 1, 1836, 1347, 1, 0, 3, 3, 1, 2, 1, 0]),
 (999, [1564, 119, 0, 1, 0, 892, 1657, 0, 0, 3, 0, 0, 2, 0, 1]),
 (999, [1181, 28, 1, 1, 1, 1793, 856, 0, 0, 3, 3, 1, 1, 2, 2]),
 (999, [1135, 96, 0, 0, 1, 520, 849, 0, 0, 0, 5, 1, 1, 2, 2]),
 (999, [1043, 20, 0, 1, 0, 804, 1069, 0, 1, 3, 0, 1, 1, 1, 1]),
 (999, [787, 76, 1, 0, 1, 1683, 739, 1, 1, 3, 3, 1, 1, 0, 2]),
 (16, [2002, 46, 1, 1, 1, 770, 1978, 1, 0, 0, 4, 1, 1, 2, 2]),
 (16, [1849, 13, 1, 1, 1, 1878, 1320, 0, 1, 0, 1, 0, 1, 0, 1]),
 (16, [1828, 61, 0, 0, 0, 1596, 1302, 1, 0, 1, 4, 0, 0, 2, 2]),
 (16, [1755, 102, 0, 1, 1, 844, 1070, 1, 0, 1, 3, 0, 1, 1, 0]),
 (16, [1554, 83, 0, 1, 0, 1272, 1442, 0, 1, 2, 0, 1, 1, 1, 1]),
 (16, [1310, 93, 1, 1, 1, 1531, 935, 1, 1, 1, 4, 1, 0, 0, 0]),
 (16, [1294, 66, 0, 1, 1, 685, 1470, 0, 0, 2, 0, 0, 1, 1, 0]),
 (16, [1189, 115, 0, 1, 1, 1749, 584, 1, 0, 2, 4, 0, 0, 1, 1]),
 (16, [1094, 26, 1, 1, 0, 1048, 1753, 1, 1, 1, 0, 0, 1, 2, 0]),
 (16, [1068, 63, 0, 0, 1, 1343, 1538, 1, 1, 1, 2, 1, 1, 2, 1]),
 (16, [1066, 101, 0, 0, 1, 1880, 1502, 0, 0, 0, 3, 0, 1, 1, 2]),
 (16, [985, 66, 0, 0, 1, 1360, 1414, 1, 0, 0, 4, 1, 1, 2, 0]),
 (16, [892, 29, 1, 0, 1, 1170, 677, 0, 0, 0, 2, 1, 1, 0, 1]),
 (16, [847, 89, 1, 0, 0, 1569, 1102, 0, 0, 2, 2, 0, 2, 2, 1]),
 (16, [753, 10, 1, 1, 1, 1339, 1354, 1, 1, 2, 3, 0, 0, 2, 0]),
 (16, [706, 80, 1, 0, 0, 1545, 1284, 0, 1, 1, 0, 1, 0, 0, 1]),
 (16, [577, 115, 1, 1, 1, 1959, 1650, 0, 1, 1, 3, 0, 0, 1, 2]),
 (12, [1946, 96, 1, 1, 1, 983, 816, 0, 0, 2, 0, 1, 1, 2, 0]),
 (12, [1636, 80, 1, 0, 1, 709, 1139, 0, 0, 2, 3, 0, 1, 2, 1]),
 (12, [1597, 63, 0, 0, 0, 1542, 1068, 0, 1, 1, 1, 0, 2, 2, 1]),
 (12, [1528, 16, 1, 0, 0, 1979, 1745, 1, 1, 2, 2, 0, 2, 0, 2]),
 (12, [1333, 35, 1, 0, 1, 787, 1534, 1, 1, 1, 4, 0, 2, 2, 2]),
 (12, [1040, 58, 1, 0, 0, 628, 1872, 0, 0, 2, 2, 1, 0, 0, 1]),
 (12, [688, 15, 1, 0, 1, 775, 1939, 0, 1, 2, 1, 1, 0, 1, 1]),
 (12, [682, 105, 0, 0, 1, 731, 1299, 0, 1, 0, 0, 1, 2, 1, 2]),
 (12, [587, 79, 1, 0, 1, 1068, 808, 0, 0, 1, 0, 0, 1, 0, 0])]
scored
[(12, [587, 79, 1, 0, 1, 1068, 808, 0, 0, 1, 0, 0, 1, 0, 0]),
 (12, [682, 105, 0, 0, 1, 731, 1299, 0, 1, 0, 0, 1, 2, 1, 2]),
 (12, [688, 15, 1, 0, 1, 775, 1939, 0, 1, 2, 1, 1, 0, 1, 1]),
 (12, [1040, 58, 1, 0, 0, 628, 1872, 0, 0, 2, 2, 1, 0, 0, 1]),
 (12, [1333, 35, 1, 0, 1, 787, 1534, 1, 1, 1, 4, 0, 2, 2, 2]),
 (12, [1528, 16, 1, 0, 0, 1979, 1745, 1, 1, 2, 2, 0, 2, 0, 2]),
 (12, [1597, 63, 0, 0, 0, 1542, 1068, 0, 1, 1, 1, 0, 2, 2, 1]),
 (12, [1636, 80, 1, 0, 1, 709, 1139, 0, 0, 2, 3, 0, 1, 2, 1]),
 (12, [1946, 96, 1, 1, 1, 983, 816, 0, 0, 2, 0, 1, 1, 2, 0]),
 (16, [577, 115, 1, 1, 1, 1959, 1650, 0, 1, 1, 3, 0, 0, 1, 2]),
 (16, [706, 80, 1, 0, 0, 1545, 1284, 0, 1, 1, 0, 1, 0, 0, 1]),
 (16, [753, 10, 1, 1, 1, 1339, 1354, 1, 1, 2, 3, 0, 0, 2, 0]),
 (16, [847, 89, 1, 0, 0, 1569, 1102, 0, 0, 2, 2, 0, 2, 2, 1]),
 (16, [892, 29, 1, 0, 1, 1170, 677, 0, 0, 0, 2, 1, 1, 0, 1]),
 (16, [985, 66, 0, 0, 1, 1360, 1414, 1, 0, 0, 4, 1, 1, 2, 0]),
 (16, [1066, 101, 0, 0, 1, 1880, 1502, 0, 0, 0, 3, 0, 1, 1, 2]),
 (16, [1068, 63, 0, 0, 1, 1343, 1538, 1, 1, 1, 2, 1, 1, 2, 1]),
 (16, [1094, 26, 1, 1, 0, 1048, 1753, 1, 1, 1, 0, 0, 1, 2, 0]),
 (16, [1189, 115, 0, 1, 1, 1749, 584, 1, 0, 2, 4, 0, 0, 1, 1]),
 (16, [1294, 66, 0, 1, 1, 685, 1470, 0, 0, 2, 0, 0, 1, 1, 0]),
 (16, [1310, 93, 1, 1, 1, 1531, 935, 1, 1, 1, 4, 1, 0, 0, 0]),
 (16, [1554, 83, 0, 1, 0, 1272, 1442, 0, 1, 2, 0, 1, 1, 1, 1]),
 (16, [1755, 102, 0, 1, 1, 844, 1070, 1, 0, 1, 3, 0, 1, 1, 0]),
 (16, [1828, 61, 0, 0, 0, 1596, 1302, 1, 0, 1, 4, 0, 0, 2, 2]),
 (16, [1849, 13, 1, 1, 1, 1878, 1320, 0, 1, 0, 1, 0, 1, 0, 1]),
 (16, [2002, 46, 1, 1, 1, 770, 1978, 1, 0, 0, 4, 1, 1, 2, 2]),
 (999, [787, 76, 1, 0, 1, 1683, 739, 1, 1, 3, 3, 1, 1, 0, 2]),
 (999, [1043, 20, 0, 1, 0, 804, 1069, 0, 1, 3, 0, 1, 1, 1, 1]),
 (999, [1135, 96, 0, 0, 1, 520, 849, 0, 0, 0, 5, 1, 1, 2, 2]),
 (999, [1181, 28, 1, 1, 1, 1793, 856, 0, 0, 3, 3, 1, 1, 2, 2]),
 (999, [1564, 119, 0, 1, 0, 892, 1657, 0, 0, 3, 0, 0, 2, 0, 1]),
 (999, [2015, 11, 0, 1, 1, 1836, 1347, 1, 0, 3, 3, 1, 2, 1, 0])]
Selected
[(12, [587, 79, 1, 0, 1, 1068, 808, 0, 0, 1, 0, 0, 1, 0, 0]),
 (12, [1597, 63, 0, 0, 0, 1542, 1068, 0, 1, 1, 1, 0, 2, 2, 1]),
 (12, [1040, 58, 1, 0, 0, 628, 1872, 0, 0, 2, 2, 1, 0, 0, 1]),
 (12, [1636, 80, 1, 0, 1, 709, 1139, 0, 0, 2, 3, 0, 1, 2, 1]),
 (12, [688, 15, 1, 0, 1, 775, 1939, 0, 1, 2, 1, 1, 0, 1, 1]),
 (12, [1333, 35, 1, 0, 1, 787, 1534, 1, 1, 1, 4, 0, 2, 2, 2]),
 (12, [1333, 35, 1, 0, 1, 787, 1534, 1, 1, 1, 4, 0, 2, 2, 2]),
 (12, [682, 105, 0, 0, 1, 731, 1299, 0, 1, 0, 0, 1, 2, 1, 2]),
 (12, [1597, 63, 0, 0, 0, 1542, 1068, 0, 1, 1, 1, 0, 2, 2, 1]),
 (12, [1528, 16, 1, 0, 0, 1979, 1745, 1, 1, 2, 2, 0, 2, 0, 2]),
 (12, [1597, 63, 0, 0, 0, 1542, 1068, 0, 1, 1, 1, 0, 2, 2, 1]),
 (12, [1636, 80, 1, 0, 1, 709, 1139, 0, 0, 2, 3, 0, 1, 2, 1]),
 (16, [847, 89, 1, 0, 0, 1569, 1102, 0, 0, 2, 2, 0, 2, 2, 1]),
 (16, [577, 115, 1, 1, 1, 1959, 1650, 0, 1, 1, 3, 0, 0, 1, 2]),
 (12, [688, 15, 1, 0, 1, 775, 1939, 0, 1, 2, 1, 1, 0, 1, 1]),
 (12, [587, 79, 1, 0, 1, 1068, 808, 0, 0, 1, 0, 0, 1, 0, 0]),
 (12, [688, 15, 1, 0, 1, 775, 1939, 0, 1, 2, 1, 1, 0, 1, 1]),
 (12, [682, 105, 0, 0, 1, 731, 1299, 0, 1, 0, 0, 1, 2, 1, 2]),
 (12, [1597, 63, 0, 0, 0, 1542, 1068, 0, 1, 1, 1, 0, 2, 2, 1]),
 (12, [1528, 16, 1, 0, 0, 1979, 1745, 1, 1, 2, 2, 0, 2, 0, 2]),
 (12, [1333, 35, 1, 0, 1, 787, 1534, 1, 1, 1, 4, 0, 2, 2, 2]),
 (12, [688, 15, 1, 0, 1, 775, 1939, 0, 1, 2, 1, 1, 0, 1, 1]),
 (12, [1040, 58, 1, 0, 0, 628, 1872, 0, 0, 2, 2, 1, 0, 0, 1]),
 (12, [1636, 80, 1, 0, 1, 709, 1139, 0, 0, 2, 3, 0, 1, 2, 1]),
 (12, [1333, 35, 1, 0, 1, 787, 1534, 1, 1, 1, 4, 0, 2, 2, 2]),
 (12, [688, 15, 1, 0, 1, 775, 1939, 0, 1, 2, 1, 1, 0, 1, 1]),
 (12, [587, 79, 1, 0, 1, 1068, 808, 0, 0, 1, 0, 0, 1, 0, 0])]
population
[(999, [2015, 11, 0, 1, 1, 1836, 1347, 1, 0, 3, 3, 1, 2, 1, 0]),
 (999, [1564, 119, 0, 1, 0, 892, 1657, 0, 0, 3, 0, 0, 2, 0, 1]),
 (999, [1181, 28, 1, 1, 1, 1793, 856, 0, 0, 3, 3, 1, 1, 2, 2]),
 (999, [1135, 96, 0, 0, 1, 520, 849, 0, 0, 0, 5, 1, 1, 2, 2]),
 (999, [1043, 20, 0, 1, 0, 804, 1069, 0, 1, 3, 0, 1, 1, 1, 1]),
 (999, [787, 76, 1, 0, 1, 1683, 739, 1, 1, 3, 3, 1, 1, 0, 2]),
 (16, [2002, 46, 1, 1, 1, 770, 1978, 1, 0, 0, 4, 1, 1, 2, 2]),
 (16, [1849, 13, 1, 1, 1, 1878, 1320, 0, 1, 0, 1, 0, 1, 0, 1]),
 (16, [1828, 61, 0, 0, 0, 1596, 1302, 1, 0, 1, 4, 0, 0, 2, 2]),
 (16, [1755, 102, 0, 1, 1, 844, 1070, 1, 0, 1, 3, 0, 1, 1, 0]),
 (16, [1554, 83, 0, 1, 0, 1272, 1442, 0, 1, 2, 0, 1, 1, 1, 1]),
 (16, [1310, 93, 1, 1, 1, 1531, 935, 1, 1, 1, 4, 1, 0, 0, 0]),
 (16, [1294, 66, 0, 1, 1, 685, 1470, 0, 0, 2, 0, 0, 1, 1, 0]),
 (16, [1189, 115, 0, 1, 1, 1749, 584, 1, 0, 2, 4, 0, 0, 1, 1]),
 (16, [1094, 26, 1, 1, 0, 1048, 1753, 1, 1, 1, 0, 0, 1, 2, 0]),
 (16, [1068, 63, 0, 0, 1, 1343, 1538, 1, 1, 1, 2, 1, 1, 2, 1]),
 (16, [1066, 101, 0, 0, 1, 1880, 1502, 0, 0, 0, 3, 0, 1, 1, 2]),
 (16, [985, 66, 0, 0, 1, 1360, 1414, 1, 0, 0, 4, 1, 1, 2, 0]),
 (16, [892, 29, 1, 0, 1, 1170, 677, 0, 0, 0, 2, 1, 1, 0, 1]),
 (16, [847, 89, 1, 0, 0, 1569, 1102, 0, 0, 2, 2, 0, 2, 2, 1]),
 (16, [753, 10, 1, 1, 1, 1339, 1354, 1, 1, 2, 3, 0, 0, 2, 0]),
 (16, [706, 80, 1, 0, 0, 1545, 1284, 0, 1, 1, 0, 1, 0, 0, 1]),
 (16, [577, 115, 1, 1, 1, 1959, 1650, 0, 1, 1, 3, 0, 0, 1, 2]),
 (12, [1946, 96, 1, 1, 1, 983, 816, 0, 0, 2, 0, 1, 1, 2, 0]),
 (12, [1636, 80, 1, 0, 1, 709, 1139, 0, 0, 2, 3, 0, 1, 2, 1]),
 (12, [1597, 63, 0, 0, 0, 1542, 1068, 0, 1, 1, 1, 0, 2, 2, 1]),
 (12, [1528, 16, 1, 0, 0, 1979, 1745, 1, 1, 2, 2, 0, 2, 0, 2]),
 (12, [1333, 35, 1, 0, 1, 787, 1534, 1, 1, 1, 4, 0, 2, 2, 2]),
 (12, [1040, 58, 1, 0, 0, 628, 1872, 0, 0, 2, 2, 1, 0, 0, 1]),
 (12, [688, 15, 1, 0, 1, 775, 1939, 0, 1, 2, 1, 1, 0, 1, 1]),
 (12, [682, 105, 0, 0, 1, 731, 1299, 0, 1, 0, 0, 1, 2, 1, 2]),
 (12, [587, 79, 1, 0, 1, 1068, 808, 0, 0, 1, 0, 0, 1, 0, 0])]
scored
[(12, [587, 79, 1, 0, 1, 1068, 808, 0, 0, 1, 0, 0, 1, 0, 0]),
 (12, [682, 105, 0, 0, 1, 731, 1299, 0, 1, 0, 0, 1, 2, 1, 2]),
 (12, [688, 15, 1, 0, 1, 775, 1939, 0, 1, 2, 1, 1, 0, 1, 1]),
 (12, [1040, 58, 1, 0, 0, 628, 1872, 0, 0, 2, 2, 1, 0, 0, 1]),
 (12, [1333, 35, 1, 0, 1, 787, 1534, 1, 1, 1, 4, 0, 2, 2, 2]),
 (12, [1528, 16, 1, 0, 0, 1979, 1745, 1, 1, 2, 2, 0, 2, 0, 2]),
 (12, [1597, 63, 0, 0, 0, 1542, 1068, 0, 1, 1, 1, 0, 2, 2, 1]),
 (12, [1636, 80, 1, 0, 1, 709, 1139, 0, 0, 2, 3, 0, 1, 2, 1]),
 (12, [1946, 96, 1, 1, 1, 983, 816, 0, 0, 2, 0, 1, 1, 2, 0]),
 (16, [577, 115, 1, 1, 1, 1959, 1650, 0, 1, 1, 3, 0, 0, 1, 2]),
 (16, [706, 80, 1, 0, 0, 1545, 1284, 0, 1, 1, 0, 1, 0, 0, 1]),
 (16, [753, 10, 1, 1, 1, 1339, 1354, 1, 1, 2, 3, 0, 0, 2, 0]),
 (16, [847, 89, 1, 0, 0, 1569, 1102, 0, 0, 2, 2, 0, 2, 2, 1]),
 (16, [892, 29, 1, 0, 1, 1170, 677, 0, 0, 0, 2, 1, 1, 0, 1]),
 (16, [985, 66, 0, 0, 1, 1360, 1414, 1, 0, 0, 4, 1, 1, 2, 0]),
 (16, [1066, 101, 0, 0, 1, 1880, 1502, 0, 0, 0, 3, 0, 1, 1, 2]),
 (16, [1068, 63, 0, 0, 1, 1343, 1538, 1, 1, 1, 2, 1, 1, 2, 1]),
 (16, [1094, 26, 1, 1, 0, 1048, 1753, 1, 1, 1, 0, 0, 1, 2, 0]),
 (16, [1189, 115, 0, 1, 1, 1749, 584, 1, 0, 2, 4, 0, 0, 1, 1]),
 (16, [1294, 66, 0, 1, 1, 685, 1470, 0, 0, 2, 0, 0, 1, 1, 0]),
 (16, [1310, 93, 1, 1, 1, 1531, 935, 1, 1, 1, 4, 1, 0, 0, 0]),
 (16, [1554, 83, 0, 1, 0, 1272, 1442, 0, 1, 2, 0, 1, 1, 1, 1]),
 (16, [1755, 102, 0, 1, 1, 844, 1070, 1, 0, 1, 3, 0, 1, 1, 0]),
 (16, [1828, 61, 0, 0, 0, 1596, 1302, 1, 0, 1, 4, 0, 0, 2, 2]),
 (16, [1849, 13, 1, 1, 1, 1878, 1320, 0, 1, 0, 1, 0, 1, 0, 1]),
 (16, [2002, 46, 1, 1, 1, 770, 1978, 1, 0, 0, 4, 1, 1, 2, 2]),
 (999, [787, 76, 1, 0, 1, 1683, 739, 1, 1, 3, 3, 1, 1, 0, 2]),
 (999, [1043, 20, 0, 1, 0, 804, 1069, 0, 1, 3, 0, 1, 1, 1, 1]),
 (999, [1135, 96, 0, 0, 1, 520, 849, 0, 0, 0, 5, 1, 1, 2, 2]),
 (999, [1181, 28, 1, 1, 1, 1793, 856, 0, 0, 3, 3, 1, 1, 2, 2]),
 (999, [1564, 119, 0, 1, 0, 892, 1657, 0, 0, 3, 0, 0, 2, 0, 1]),
 (999, [2015, 11, 0, 1, 1, 1836, 1347, 1, 0, 3, 3, 1, 2, 1, 0])]
Selected
[(12, [1636, 80, 1, 0, 1, 709, 1139, 0, 0, 2, 3, 0, 1, 2, 1]),
 (12, [1597, 63, 0, 0, 0, 1542, 1068, 0, 1, 1, 1, 0, 2, 2, 1]),
 (12, [587, 79, 1, 0, 1, 1068, 808, 0, 0, 1, 0, 0, 1, 0, 0]),
 (12, [682, 105, 0, 0, 1, 731, 1299, 0, 1, 0, 0, 1, 2, 1, 2]),
 (16, [706, 80, 1, 0, 0, 1545, 1284, 0, 1, 1, 0, 1, 0, 0, 1]),
 (12, [587, 79, 1, 0, 1, 1068, 808, 0, 0, 1, 0, 0, 1, 0, 0]),
 (12, [688, 15, 1, 0, 1, 775, 1939, 0, 1, 2, 1, 1, 0, 1, 1]),
 (12, [1040, 58, 1, 0, 0, 628, 1872, 0, 0, 2, 2, 1, 0, 0, 1]),
 (16, [577, 115, 1, 1, 1, 1959, 1650, 0, 1, 1, 3, 0, 0, 1, 2]),
 (16, [847, 89, 1, 0, 0, 1569, 1102, 0, 0, 2, 2, 0, 2, 2, 1]),
 (12, [1528, 16, 1, 0, 0, 1979, 1745, 1, 1, 2, 2, 0, 2, 0, 2]),
 (12, [1636, 80, 1, 0, 1, 709, 1139, 0, 0, 2, 3, 0, 1, 2, 1]),
 (16, [577, 115, 1, 1, 1, 1959, 1650, 0, 1, 1, 3, 0, 0, 1, 2]),
 (12, [1040, 58, 1, 0, 0, 628, 1872, 0, 0, 2, 2, 1, 0, 0, 1]),
 (12, [1040, 58, 1, 0, 0, 628, 1872, 0, 0, 2, 2, 1, 0, 0, 1]),
 (16, [1068, 63, 0, 0, 1, 1343, 1538, 1, 1, 1, 2, 1, 1, 2, 1]),
 (12, [1040, 58, 1, 0, 0, 628, 1872, 0, 0, 2, 2, 1, 0, 0, 1]),
 (12, [587, 79, 1, 0, 1, 1068, 808, 0, 0, 1, 0, 0, 1, 0, 0]),
 (12, [688, 15, 1, 0, 1, 775, 1939, 0, 1, 2, 1, 1, 0, 1, 1]),
 (12, [1528, 16, 1, 0, 0, 1979, 1745, 1, 1, 2, 2, 0, 2, 0, 2]),
 (12, [587, 79, 1, 0, 1, 1068, 808, 0, 0, 1, 0, 0, 1, 0, 0]),
 (12, [688, 15, 1, 0, 1, 775, 1939, 0, 1, 2, 1, 1, 0, 1, 1]),
 (12, [587, 79, 1, 0, 1, 1068, 808, 0, 0, 1, 0, 0, 1, 0, 0]),
 (12, [587, 79, 1, 0, 1, 1068, 808, 0, 0, 1, 0, 0, 1, 0, 0]),
 (12, [688, 15, 1, 0, 1, 775, 1939, 0, 1, 2, 1, 1, 0, 1, 1]),
 (12, [1528, 16, 1, 0, 0, 1979, 1745, 1, 1, 2, 2, 0, 2, 0, 2]),
 (12, [587, 79, 1, 0, 1, 1068, 808, 0, 0, 1, 0, 0, 1, 0, 0])]
population
[(999, [2015, 11, 0, 1, 1, 1836, 1347, 1, 0, 3, 3, 1, 2, 1, 0]),
 (999, [1564, 119, 0, 1, 0, 892, 1657, 0, 0, 3, 0, 0, 2, 0, 1]),
 (999, [1181, 28, 1, 1, 1, 1793, 856, 0, 0, 3, 3, 1, 1, 2, 2]),
 (999, [1135, 96, 0, 0, 1, 520, 849, 0, 0, 0, 5, 1, 1, 2, 2]),
 (999, [1043, 20, 0, 1, 0, 804, 1069, 0, 1, 3, 0, 1, 1, 1, 1]),
 (999, [787, 76, 1, 0, 1, 1683, 739, 1, 1, 3, 3, 1, 1, 0, 2]),
 (16, [2002, 46, 1, 1, 1, 770, 1978, 1, 0, 0, 4, 1, 1, 2, 2]),
 (16, [1849, 13, 1, 1, 1, 1878, 1320, 0, 1, 0, 1, 0, 1, 0, 1]),
 (16, [1828, 61, 0, 0, 0, 1596, 1302, 1, 0, 1, 4, 0, 0, 2, 2]),
 (16, [1755, 102, 0, 1, 1, 844, 1070, 1, 0, 1, 3, 0, 1, 1, 0]),
 (16, [1554, 83, 0, 1, 0, 1272, 1442, 0, 1, 2, 0, 1, 1, 1, 1]),
 (16, [1310, 93, 1, 1, 1, 1531, 935, 1, 1, 1, 4, 1, 0, 0, 0]),
 (16, [1294, 66, 0, 1, 1, 685, 1470, 0, 0, 2, 0, 0, 1, 1, 0]),
 (16, [1189, 115, 0, 1, 1, 1749, 584, 1, 0, 2, 4, 0, 0, 1, 1]),
 (16, [1094, 26, 1, 1, 0, 1048, 1753, 1, 1, 1, 0, 0, 1, 2, 0]),
 (16, [1068, 63, 0, 0, 1, 1343, 1538, 1, 1, 1, 2, 1, 1, 2, 1]),
 (16, [1066, 101, 0, 0, 1, 1880, 1502, 0, 0, 0, 3, 0, 1, 1, 2]),
 (16, [985, 66, 0, 0, 1, 1360, 1414, 1, 0, 0, 4, 1, 1, 2, 0]),
 (16, [892, 29, 1, 0, 1, 1170, 677, 0, 0, 0, 2, 1, 1, 0, 1]),
 (16, [847, 89, 1, 0, 0, 1569, 1102, 0, 0, 2, 2, 0, 2, 2, 1]),
 (16, [753, 10, 1, 1, 1, 1339, 1354, 1, 1, 2, 3, 0, 0, 2, 0]),
 (16, [706, 80, 1, 0, 0, 1545, 1284, 0, 1, 1, 0, 1, 0, 0, 1]),
 (16, [577, 115, 1, 1, 1, 1959, 1650, 0, 1, 1, 3, 0, 0, 1, 2]),
 (12, [1946, 96, 1, 1, 1, 983, 816, 0, 0, 2, 0, 1, 1, 2, 0]),
 (12, [1636, 80, 1, 0, 1, 709, 1139, 0, 0, 2, 3, 0, 1, 2, 1]),
 (12, [1597, 63, 0, 0, 0, 1542, 1068, 0, 1, 1, 1, 0, 2, 2, 1]),
 (12, [1528, 16, 1, 0, 0, 1979, 1745, 1, 1, 2, 2, 0, 2, 0, 2]),
 (12, [1333, 35, 1, 0, 1, 787, 1534, 1, 1, 1, 4, 0, 2, 2, 2]),
 (12, [1040, 58, 1, 0, 0, 628, 1872, 0, 0, 2, 2, 1, 0, 0, 1]),
 (12, [688, 15, 1, 0, 1, 775, 1939, 0, 1, 2, 1, 1, 0, 1, 1]),
 (12, [682, 105, 0, 0, 1, 731, 1299, 0, 1, 0, 0, 1, 2, 1, 2]),
 (12, [587, 79, 1, 0, 1, 1068, 808, 0, 0, 1, 0, 0, 1, 0, 0])]
scored
[(12, [587, 79, 1, 0, 1, 1068, 808, 0, 0, 1, 0, 0, 1, 0, 0]),
 (12, [682, 105, 0, 0, 1, 731, 1299, 0, 1, 0, 0, 1, 2, 1, 2]),
 (12, [688, 15, 1, 0, 1, 775, 1939, 0, 1, 2, 1, 1, 0, 1, 1]),
 (12, [1040, 58, 1, 0, 0, 628, 1872, 0, 0, 2, 2, 1, 0, 0, 1]),
 (12, [1333, 35, 1, 0, 1, 787, 1534, 1, 1, 1, 4, 0, 2, 2, 2]),
 (12, [1528, 16, 1, 0, 0, 1979, 1745, 1, 1, 2, 2, 0, 2, 0, 2]),
 (12, [1597, 63, 0, 0, 0, 1542, 1068, 0, 1, 1, 1, 0, 2, 2, 1]),
 (12, [1636, 80, 1, 0, 1, 709, 1139, 0, 0, 2, 3, 0, 1, 2, 1]),
 (12, [1946, 96, 1, 1, 1, 983, 816, 0, 0, 2, 0, 1, 1, 2, 0]),
 (16, [577, 115, 1, 1, 1, 1959, 1650, 0, 1, 1, 3, 0, 0, 1, 2]),
 (16, [706, 80, 1, 0, 0, 1545, 1284, 0, 1, 1, 0, 1, 0, 0, 1]),
 (16, [753, 10, 1, 1, 1, 1339, 1354, 1, 1, 2, 3, 0, 0, 2, 0]),
 (16, [847, 89, 1, 0, 0, 1569, 1102, 0, 0, 2, 2, 0, 2, 2, 1]),
 (16, [892, 29, 1, 0, 1, 1170, 677, 0, 0, 0, 2, 1, 1, 0, 1]),
 (16, [985, 66, 0, 0, 1, 1360, 1414, 1, 0, 0, 4, 1, 1, 2, 0]),
 (16, [1066, 101, 0, 0, 1, 1880, 1502, 0, 0, 0, 3, 0, 1, 1, 2]),
 (16, [1068, 63, 0, 0, 1, 1343, 1538, 1, 1, 1, 2, 1, 1, 2, 1]),
 (16, [1094, 26, 1, 1, 0, 1048, 1753, 1, 1, 1, 0, 0, 1, 2, 0]),
 (16, [1189, 115, 0, 1, 1, 1749, 584, 1, 0, 2, 4, 0, 0, 1, 1]),
 (16, [1294, 66, 0, 1, 1, 685, 1470, 0, 0, 2, 0, 0, 1, 1, 0]),
 (16, [1310, 93, 1, 1, 1, 1531, 935, 1, 1, 1, 4, 1, 0, 0, 0]),
 (16, [1554, 83, 0, 1, 0, 1272, 1442, 0, 1, 2, 0, 1, 1, 1, 1]),
 (16, [1755, 102, 0, 1, 1, 844, 1070, 1, 0, 1, 3, 0, 1, 1, 0]),
 (16, [1828, 61, 0, 0, 0, 1596, 1302, 1, 0, 1, 4, 0, 0, 2, 2]),
 (16, [1849, 13, 1, 1, 1, 1878, 1320, 0, 1, 0, 1, 0, 1, 0, 1]),
 (16, [2002, 46, 1, 1, 1, 770, 1978, 1, 0, 0, 4, 1, 1, 2, 2]),
 (999, [787, 76, 1, 0, 1, 1683, 739, 1, 1, 3, 3, 1, 1, 0, 2]),
 (999, [1043, 20, 0, 1, 0, 804, 1069, 0, 1, 3, 0, 1, 1, 1, 1]),
 (999, [1135, 96, 0, 0, 1, 520, 849, 0, 0, 0, 5, 1, 1, 2, 2]),
 (999, [1181, 28, 1, 1, 1, 1793, 856, 0, 0, 3, 3, 1, 1, 2, 2]),
 (999, [1564, 119, 0, 1, 0, 892, 1657, 0, 0, 3, 0, 0, 2, 0, 1]),
 (999, [2015, 11, 0, 1, 1, 1836, 1347, 1, 0, 3, 3, 1, 2, 1, 0])]
Selected
[(12, [688, 15, 1, 0, 1, 775, 1939, 0, 1, 2, 1, 1, 0, 1, 1]),
 (12, [1040, 58, 1, 0, 0, 628, 1872, 0, 0, 2, 2, 1, 0, 0, 1]),
 (12, [1528, 16, 1, 0, 0, 1979, 1745, 1, 1, 2, 2, 0, 2, 0, 2]),
 (16, [753, 10, 1, 1, 1, 1339, 1354, 1, 1, 2, 3, 0, 0, 2, 0]),
 (16, [753, 10, 1, 1, 1, 1339, 1354, 1, 1, 2, 3, 0, 0, 2, 0]),
 (12, [1333, 35, 1, 0, 1, 787, 1534, 1, 1, 1, 4, 0, 2, 2, 2]),
 (16, [892, 29, 1, 0, 1, 1170, 677, 0, 0, 0, 2, 1, 1, 0, 1]),
 (12, [1528, 16, 1, 0, 0, 1979, 1745, 1, 1, 2, 2, 0, 2, 0, 2]),
 (12, [1946, 96, 1, 1, 1, 983, 816, 0, 0, 2, 0, 1, 1, 2, 0]),
 (12, [1040, 58, 1, 0, 0, 628, 1872, 0, 0, 2, 2, 1, 0, 0, 1]),
 (12, [688, 15, 1, 0, 1, 775, 1939, 0, 1, 2, 1, 1, 0, 1, 1]),
 (12, [688, 15, 1, 0, 1, 775, 1939, 0, 1, 2, 1, 1, 0, 1, 1]),
 (12, [1946, 96, 1, 1, 1, 983, 816, 0, 0, 2, 0, 1, 1, 2, 0]),
 (12, [682, 105, 0, 0, 1, 731, 1299, 0, 1, 0, 0, 1, 2, 1, 2]),
 (16, [706, 80, 1, 0, 0, 1545, 1284, 0, 1, 1, 0, 1, 0, 0, 1]),
 (12, [1040, 58, 1, 0, 0, 628, 1872, 0, 0, 2, 2, 1, 0, 0, 1]),
 (12, [1040, 58, 1, 0, 0, 628, 1872, 0, 0, 2, 2, 1, 0, 0, 1]),
 (16, [577, 115, 1, 1, 1, 1959, 1650, 0, 1, 1, 3, 0, 0, 1, 2]),
 (12, [1636, 80, 1, 0, 1, 709, 1139, 0, 0, 2, 3, 0, 1, 2, 1]),
 (16, [577, 115, 1, 1, 1, 1959, 1650, 0, 1, 1, 3, 0, 0, 1, 2]),
 (12, [1333, 35, 1, 0, 1, 787, 1534, 1, 1, 1, 4, 0, 2, 2, 2]),
 (16, [706, 80, 1, 0, 0, 1545, 1284, 0, 1, 1, 0, 1, 0, 0, 1]),
 (12, [1636, 80, 1, 0, 1, 709, 1139, 0, 0, 2, 3, 0, 1, 2, 1]),
 (12, [587, 79, 1, 0, 1, 1068, 808, 0, 0, 1, 0, 0, 1, 0, 0]),
 (16, [577, 115, 1, 1, 1, 1959, 1650, 0, 1, 1, 3, 0, 0, 1, 2]),
 (12, [1333, 35, 1, 0, 1, 787, 1534, 1, 1, 1, 4, 0, 2, 2, 2]),
 (12, [1528, 16, 1, 0, 0, 1979, 1745, 1, 1, 2, 2, 0, 2, 0, 2])]
population
[(999, [2015, 11, 0, 1, 1, 1836, 1347, 1, 0, 3, 3, 1, 2, 1, 0]),
 (999, [1564, 119, 0, 1, 0, 892, 1657, 0, 0, 3, 0, 0, 2, 0, 1]),
 (999, [1181, 28, 1, 1, 1, 1793, 856, 0, 0, 3, 3, 1, 1, 2, 2]),
 (999, [1135, 96, 0, 0, 1, 520, 849, 0, 0, 0, 5, 1, 1, 2, 2]),
 (999, [1043, 20, 0, 1, 0, 804, 1069, 0, 1, 3, 0, 1, 1, 1, 1]),
 (999, [787, 76, 1, 0, 1, 1683, 739, 1, 1, 3, 3, 1, 1, 0, 2]),
 (16, [2002, 46, 1, 1, 1, 770, 1978, 1, 0, 0, 4, 1, 1, 2, 2]),
 (16, [1849, 13, 1, 1, 1, 1878, 1320, 0, 1, 0, 1, 0, 1, 0, 1]),
 (16, [1828, 61, 0, 0, 0, 1596, 1302, 1, 0, 1, 4, 0, 0, 2, 2]),
 (16, [1755, 102, 0, 1, 1, 844, 1070, 1, 0, 1, 3, 0, 1, 1, 0]),
 (16, [1554, 83, 0, 1, 0, 1272, 1442, 0, 1, 2, 0, 1, 1, 1, 1]),
 (16, [1310, 93, 1, 1, 1, 1531, 935, 1, 1, 1, 4, 1, 0, 0, 0]),
 (16, [1294, 66, 0, 1, 1, 685, 1470, 0, 0, 2, 0, 0, 1, 1, 0]),
 (16, [1189, 115, 0, 1, 1, 1749, 584, 1, 0, 2, 4, 0, 0, 1, 1]),
 (16, [1094, 26, 1, 1, 0, 1048, 1753, 1, 1, 1, 0, 0, 1, 2, 0]),
 (16, [1068, 63, 0, 0, 1, 1343, 1538, 1, 1, 1, 2, 1, 1, 2, 1]),
 (16, [1066, 101, 0, 0, 1, 1880, 1502, 0, 0, 0, 3, 0, 1, 1, 2]),
 (16, [985, 66, 0, 0, 1, 1360, 1414, 1, 0, 0, 4, 1, 1, 2, 0]),
 (16, [892, 29, 1, 0, 1, 1170, 677, 0, 0, 0, 2, 1, 1, 0, 1]),
 (16, [847, 89, 1, 0, 0, 1569, 1102, 0, 0, 2, 2, 0, 2, 2, 1]),
 (16, [753, 10, 1, 1, 1, 1339, 1354, 1, 1, 2, 3, 0, 0, 2, 0]),
 (16, [706, 80, 1, 0, 0, 1545, 1284, 0, 1, 1, 0, 1, 0, 0, 1]),
 (16, [577, 115, 1, 1, 1, 1959, 1650, 0, 1, 1, 3, 0, 0, 1, 2]),
 (12, [1946, 96, 1, 1, 1, 983, 816, 0, 0, 2, 0, 1, 1, 2, 0]),
 (12, [1636, 80, 1, 0, 1, 709, 1139, 0, 0, 2, 3, 0, 1, 2, 1]),
 (12, [1597, 63, 0, 0, 0, 1542, 1068, 0, 1, 1, 1, 0, 2, 2, 1]),
 (12, [1528, 16, 1, 0, 0, 1979, 1745, 1, 1, 2, 2, 0, 2, 0, 2]),
 (12, [1333, 35, 1, 0, 1, 787, 1534, 1, 1, 1, 4, 0, 2, 2, 2]),
 (12, [1040, 58, 1, 0, 0, 628, 1872, 0, 0, 2, 2, 1, 0, 0, 1]),
 (12, [688, 15, 1, 0, 1, 775, 1939, 0, 1, 2, 1, 1, 0, 1, 1]),
 (12, [682, 105, 0, 0, 1, 731, 1299, 0, 1, 0, 0, 1, 2, 1, 2]),
 (12, [587, 79, 1, 0, 1, 1068, 808, 0, 0, 1, 0, 0, 1, 0, 0])]
scored
[(12, [587, 79, 1, 0, 1, 1068, 808, 0, 0, 1, 0, 0, 1, 0, 0]),
 (12, [682, 105, 0, 0, 1, 731, 1299, 0, 1, 0, 0, 1, 2, 1, 2]),
 (12, [688, 15, 1, 0, 1, 775, 1939, 0, 1, 2, 1, 1, 0, 1, 1]),
 (12, [1040, 58, 1, 0, 0, 628, 1872, 0, 0, 2, 2, 1, 0, 0, 1]),
 (12, [1333, 35, 1, 0, 1, 787, 1534, 1, 1, 1, 4, 0, 2, 2, 2]),
 (12, [1528, 16, 1, 0, 0, 1979, 1745, 1, 1, 2, 2, 0, 2, 0, 2]),
 (12, [1597, 63, 0, 0, 0, 1542, 1068, 0, 1, 1, 1, 0, 2, 2, 1]),
 (12, [1636, 80, 1, 0, 1, 709, 1139, 0, 0, 2, 3, 0, 1, 2, 1]),
 (12, [1946, 96, 1, 1, 1, 983, 816, 0, 0, 2, 0, 1, 1, 2, 0]),
 (16, [577, 115, 1, 1, 1, 1959, 1650, 0, 1, 1, 3, 0, 0, 1, 2]),
 (16, [706, 80, 1, 0, 0, 1545, 1284, 0, 1, 1, 0, 1, 0, 0, 1]),
 (16, [753, 10, 1, 1, 1, 1339, 1354, 1, 1, 2, 3, 0, 0, 2, 0]),
 (16, [847, 89, 1, 0, 0, 1569, 1102, 0, 0, 2, 2, 0, 2, 2, 1]),
 (16, [892, 29, 1, 0, 1, 1170, 677, 0, 0, 0, 2, 1, 1, 0, 1]),
 (16, [985, 66, 0, 0, 1, 1360, 1414, 1, 0, 0, 4, 1, 1, 2, 0]),
 (16, [1066, 101, 0, 0, 1, 1880, 1502, 0, 0, 0, 3, 0, 1, 1, 2]),
 (16, [1068, 63, 0, 0, 1, 1343, 1538, 1, 1, 1, 2, 1, 1, 2, 1]),
 (16, [1094, 26, 1, 1, 0, 1048, 1753, 1, 1, 1, 0, 0, 1, 2, 0]),
 (16, [1189, 115, 0, 1, 1, 1749, 584, 1, 0, 2, 4, 0, 0, 1, 1]),
 (16, [1294, 66, 0, 1, 1, 685, 1470, 0, 0, 2, 0, 0, 1, 1, 0]),
 (16, [1310, 93, 1, 1, 1, 1531, 935, 1, 1, 1, 4, 1, 0, 0, 0]),
 (16, [1554, 83, 0, 1, 0, 1272, 1442, 0, 1, 2, 0, 1, 1, 1, 1]),
 (16, [1755, 102, 0, 1, 1, 844, 1070, 1, 0, 1, 3, 0, 1, 1, 0]),
 (16, [1828, 61, 0, 0, 0, 1596, 1302, 1, 0, 1, 4, 0, 0, 2, 2]),
 (16, [1849, 13, 1, 1, 1, 1878, 1320, 0, 1, 0, 1, 0, 1, 0, 1]),
 (16, [2002, 46, 1, 1, 1, 770, 1978, 1, 0, 0, 4, 1, 1, 2, 2]),
 (999, [787, 76, 1, 0, 1, 1683, 739, 1, 1, 3, 3, 1, 1, 0, 2]),
 (999, [1043, 20, 0, 1, 0, 804, 1069, 0, 1, 3, 0, 1, 1, 1, 1]),
 (999, [1135, 96, 0, 0, 1, 520, 849, 0, 0, 0, 5, 1, 1, 2, 2]),
 (999, [1181, 28, 1, 1, 1, 1793, 856, 0, 0, 3, 3, 1, 1, 2, 2]),
 (999, [1564, 119, 0, 1, 0, 892, 1657, 0, 0, 3, 0, 0, 2, 0, 1]),
 (999, [2015, 11, 0, 1, 1, 1836, 1347, 1, 0, 3, 3, 1, 2, 1, 0])]
Selected
[(12, [1040, 58, 1, 0, 0, 628, 1872, 0, 0, 2, 2, 1, 0, 0, 1]),
 (12, [688, 15, 1, 0, 1, 775, 1939, 0, 1, 2, 1, 1, 0, 1, 1]),
 (12, [688, 15, 1, 0, 1, 775, 1939, 0, 1, 2, 1, 1, 0, 1, 1]),
 (12, [1333, 35, 1, 0, 1, 787, 1534, 1, 1, 1, 4, 0, 2, 2, 2]),
 (12, [1333, 35, 1, 0, 1, 787, 1534, 1, 1, 1, 4, 0, 2, 2, 2]),
 (12, [1946, 96, 1, 1, 1, 983, 816, 0, 0, 2, 0, 1, 1, 2, 0]),
 (16, [577, 115, 1, 1, 1, 1959, 1650, 0, 1, 1, 3, 0, 0, 1, 2]),
 (12, [587, 79, 1, 0, 1, 1068, 808, 0, 0, 1, 0, 0, 1, 0, 0]),
 (16, [706, 80, 1, 0, 0, 1545, 1284, 0, 1, 1, 0, 1, 0, 0, 1]),
 (12, [1597, 63, 0, 0, 0, 1542, 1068, 0, 1, 1, 1, 0, 2, 2, 1]),
 (12, [1597, 63, 0, 0, 0, 1542, 1068, 0, 1, 1, 1, 0, 2, 2, 1]),
 (12, [587, 79, 1, 0, 1, 1068, 808, 0, 0, 1, 0, 0, 1, 0, 0]),
 (12, [682, 105, 0, 0, 1, 731, 1299, 0, 1, 0, 0, 1, 2, 1, 2]),
 (12, [682, 105, 0, 0, 1, 731, 1299, 0, 1, 0, 0, 1, 2, 1, 2]),
 (12, [1040, 58, 1, 0, 0, 628, 1872, 0, 0, 2, 2, 1, 0, 0, 1]),
 (12, [1597, 63, 0, 0, 0, 1542, 1068, 0, 1, 1, 1, 0, 2, 2, 1]),
 (12, [1636, 80, 1, 0, 1, 709, 1139, 0, 0, 2, 3, 0, 1, 2, 1]),
 (12, [682, 105, 0, 0, 1, 731, 1299, 0, 1, 0, 0, 1, 2, 1, 2]),
 (12, [1333, 35, 1, 0, 1, 787, 1534, 1, 1, 1, 4, 0, 2, 2, 2]),
 (12, [682, 105, 0, 0, 1, 731, 1299, 0, 1, 0, 0, 1, 2, 1, 2]),
 (12, [682, 105, 0, 0, 1, 731, 1299, 0, 1, 0, 0, 1, 2, 1, 2]),
 (12, [587, 79, 1, 0, 1, 1068, 808, 0, 0, 1, 0, 0, 1, 0, 0]),
 (12, [688, 15, 1, 0, 1, 775, 1939, 0, 1, 2, 1, 1, 0, 1, 1]),
 (12, [1636, 80, 1, 0, 1, 709, 1139, 0, 0, 2, 3, 0, 1, 2, 1]),
 (12, [682, 105, 0, 0, 1, 731, 1299, 0, 1, 0, 0, 1, 2, 1, 2]),
 (12, [1333, 35, 1, 0, 1, 787, 1534, 1, 1, 1, 4, 0, 2, 2, 2]),
 (12, [1333, 35, 1, 0, 1, 787, 1534, 1, 1, 1, 4, 0, 2, 2, 2])]
population
[(999, [2015, 11, 0, 1, 1, 1836, 1347, 1, 0, 3, 3, 1, 2, 1, 0]),
 (999, [1564, 119, 0, 1, 0, 892, 1657, 0, 0, 3, 0, 0, 2, 0, 1]),
 (999, [1181, 28, 1, 1, 1, 1793, 856, 0, 0, 3, 3, 1, 1, 2, 2]),
 (999, [1135, 96, 0, 0, 1, 520, 849, 0, 0, 0, 5, 1, 1, 2, 2]),
 (999, [1043, 20, 0, 1, 0, 804, 1069, 0, 1, 3, 0, 1, 1, 1, 1]),
 (999, [787, 76, 1, 0, 1, 1683, 739, 1, 1, 3, 3, 1, 1, 0, 2]),
 (16, [2002, 46, 1, 1, 1, 770, 1978, 1, 0, 0, 4, 1, 1, 2, 2]),
 (16, [1849, 13, 1, 1, 1, 1878, 1320, 0, 1, 0, 1, 0, 1, 0, 1]),
 (16, [1828, 61, 0, 0, 0, 1596, 1302, 1, 0, 1, 4, 0, 0, 2, 2]),
 (16, [1755, 102, 0, 1, 1, 844, 1070, 1, 0, 1, 3, 0, 1, 1, 0]),
 (16, [1554, 83, 0, 1, 0, 1272, 1442, 0, 1, 2, 0, 1, 1, 1, 1]),
 (16, [1310, 93, 1, 1, 1, 1531, 935, 1, 1, 1, 4, 1, 0, 0, 0]),
 (16, [1294, 66, 0, 1, 1, 685, 1470, 0, 0, 2, 0, 0, 1, 1, 0]),
 (16, [1189, 115, 0, 1, 1, 1749, 584, 1, 0, 2, 4, 0, 0, 1, 1]),
 (16, [1094, 26, 1, 1, 0, 1048, 1753, 1, 1, 1, 0, 0, 1, 2, 0]),
 (16, [1068, 63, 0, 0, 1, 1343, 1538, 1, 1, 1, 2, 1, 1, 2, 1]),
 (16, [1066, 101, 0, 0, 1, 1880, 1502, 0, 0, 0, 3, 0, 1, 1, 2]),
 (16, [985, 66, 0, 0, 1, 1360, 1414, 1, 0, 0, 4, 1, 1, 2, 0]),
 (16, [892, 29, 1, 0, 1, 1170, 677, 0, 0, 0, 2, 1, 1, 0, 1]),
 (16, [847, 89, 1, 0, 0, 1569, 1102, 0, 0, 2, 2, 0, 2, 2, 1]),
 (16, [753, 10, 1, 1, 1, 1339, 1354, 1, 1, 2, 3, 0, 0, 2, 0]),
 (16, [706, 80, 1, 0, 0, 1545, 1284, 0, 1, 1, 0, 1, 0, 0, 1]),
 (16, [577, 115, 1, 1, 1, 1959, 1650, 0, 1, 1, 3, 0, 0, 1, 2]),
 (12, [1946, 96, 1, 1, 1, 983, 816, 0, 0, 2, 0, 1, 1, 2, 0]),
 (12, [1636, 80, 1, 0, 1, 709, 1139, 0, 0, 2, 3, 0, 1, 2, 1]),
 (12, [1597, 63, 0, 0, 0, 1542, 1068, 0, 1, 1, 1, 0, 2, 2, 1]),
 (12, [1528, 16, 1, 0, 0, 1979, 1745, 1, 1, 2, 2, 0, 2, 0, 2]),
 (12, [1333, 35, 1, 0, 1, 787, 1534, 1, 1, 1, 4, 0, 2, 2, 2]),
 (12, [1040, 58, 1, 0, 0, 628, 1872, 0, 0, 2, 2, 1, 0, 0, 1]),
 (12, [688, 15, 1, 0, 1, 775, 1939, 0, 1, 2, 1, 1, 0, 1, 1]),
 (12, [682, 105, 0, 0, 1, 731, 1299, 0, 1, 0, 0, 1, 2, 1, 2]),
 (12, [587, 79, 1, 0, 1, 1068, 808, 0, 0, 1, 0, 0, 1, 0, 0])]
scored
[(12, [587, 79, 1, 0, 1, 1068, 808, 0, 0, 1, 0, 0, 1, 0, 0]),
 (12, [682, 105, 0, 0, 1, 731, 1299, 0, 1, 0, 0, 1, 2, 1, 2]),
 (12, [688, 15, 1, 0, 1, 775, 1939, 0, 1, 2, 1, 1, 0, 1, 1]),
 (12, [1040, 58, 1, 0, 0, 628, 1872, 0, 0, 2, 2, 1, 0, 0, 1]),
 (12, [1333, 35, 1, 0, 1, 787, 1534, 1, 1, 1, 4, 0, 2, 2, 2]),
 (12, [1528, 16, 1, 0, 0, 1979, 1745, 1, 1, 2, 2, 0, 2, 0, 2]),
 (12, [1597, 63, 0, 0, 0, 1542, 1068, 0, 1, 1, 1, 0, 2, 2, 1]),
 (12, [1636, 80, 1, 0, 1, 709, 1139, 0, 0, 2, 3, 0, 1, 2, 1]),
 (12, [1946, 96, 1, 1, 1, 983, 816, 0, 0, 2, 0, 1, 1, 2, 0]),
 (16, [577, 115, 1, 1, 1, 1959, 1650, 0, 1, 1, 3, 0, 0, 1, 2]),
 (16, [706, 80, 1, 0, 0, 1545, 1284, 0, 1, 1, 0, 1, 0, 0, 1]),
 (16, [753, 10, 1, 1, 1, 1339, 1354, 1, 1, 2, 3, 0, 0, 2, 0]),
 (16, [847, 89, 1, 0, 0, 1569, 1102, 0, 0, 2, 2, 0, 2, 2, 1]),
 (16, [892, 29, 1, 0, 1, 1170, 677, 0, 0, 0, 2, 1, 1, 0, 1]),
 (16, [985, 66, 0, 0, 1, 1360, 1414, 1, 0, 0, 4, 1, 1, 2, 0]),
 (16, [1066, 101, 0, 0, 1, 1880, 1502, 0, 0, 0, 3, 0, 1, 1, 2]),
 (16, [1068, 63, 0, 0, 1, 1343, 1538, 1, 1, 1, 2, 1, 1, 2, 1]),
 (16, [1094, 26, 1, 1, 0, 1048, 1753, 1, 1, 1, 0, 0, 1, 2, 0]),
 (16, [1189, 115, 0, 1, 1, 1749, 584, 1, 0, 2, 4, 0, 0, 1, 1]),
 (16, [1294, 66, 0, 1, 1, 685, 1470, 0, 0, 2, 0, 0, 1, 1, 0]),
 (16, [1310, 93, 1, 1, 1, 1531, 935, 1, 1, 1, 4, 1, 0, 0, 0]),
 (16, [1554, 83, 0, 1, 0, 1272, 1442, 0, 1, 2, 0, 1, 1, 1, 1]),
 (16, [1755, 102, 0, 1, 1, 844, 1070, 1, 0, 1, 3, 0, 1, 1, 0]),
 (16, [1828, 61, 0, 0, 0, 1596, 1302, 1, 0, 1, 4, 0, 0, 2, 2]),
 (16, [1849, 13, 1, 1, 1, 1878, 1320, 0, 1, 0, 1, 0, 1, 0, 1]),
 (16, [2002, 46, 1, 1, 1, 770, 1978, 1, 0, 0, 4, 1, 1, 2, 2]),
 (999, [787, 76, 1, 0, 1, 1683, 739, 1, 1, 3, 3, 1, 1, 0, 2]),
 (999, [1043, 20, 0, 1, 0, 804, 1069, 0, 1, 3, 0, 1, 1, 1, 1]),
 (999, [1135, 96, 0, 0, 1, 520, 849, 0, 0, 0, 5, 1, 1, 2, 2]),
 (999, [1181, 28, 1, 1, 1, 1793, 856, 0, 0, 3, 3, 1, 1, 2, 2]),
 (999, [1564, 119, 0, 1, 0, 892, 1657, 0, 0, 3, 0, 0, 2, 0, 1]),
 (999, [2015, 11, 0, 1, 1, 1836, 1347, 1, 0, 3, 3, 1, 2, 1, 0])]
Selected
[(12, [682, 105, 0, 0, 1, 731, 1299, 0, 1, 0, 0, 1, 2, 1, 2]),
 (12, [1528, 16, 1, 0, 0, 1979, 1745, 1, 1, 2, 2, 0, 2, 0, 2]),
 (12, [688, 15, 1, 0, 1, 775, 1939, 0, 1, 2, 1, 1, 0, 1, 1]),
 (12, [1528, 16, 1, 0, 0, 1979, 1745, 1, 1, 2, 2, 0, 2, 0, 2]),
 (12, [1040, 58, 1, 0, 0, 628, 1872, 0, 0, 2, 2, 1, 0, 0, 1]),
 (12, [1528, 16, 1, 0, 0, 1979, 1745, 1, 1, 2, 2, 0, 2, 0, 2]),
 (12, [587, 79, 1, 0, 1, 1068, 808, 0, 0, 1, 0, 0, 1, 0, 0]),
 (12, [1333, 35, 1, 0, 1, 787, 1534, 1, 1, 1, 4, 0, 2, 2, 2]),
 (16, [892, 29, 1, 0, 1, 1170, 677, 0, 0, 0, 2, 1, 1, 0, 1]),
 (16, [847, 89, 1, 0, 0, 1569, 1102, 0, 0, 2, 2, 0, 2, 2, 1]),
 (16, [753, 10, 1, 1, 1, 1339, 1354, 1, 1, 2, 3, 0, 0, 2, 0]),
 (12, [682, 105, 0, 0, 1, 731, 1299, 0, 1, 0, 0, 1, 2, 1, 2]),
 (12, [682, 105, 0, 0, 1, 731, 1299, 0, 1, 0, 0, 1, 2, 1, 2]),
 (12, [688, 15, 1, 0, 1, 775, 1939, 0, 1, 2, 1, 1, 0, 1, 1]),
 (16, [892, 29, 1, 0, 1, 1170, 677, 0, 0, 0, 2, 1, 1, 0, 1]),
 (12, [682, 105, 0, 0, 1, 731, 1299, 0, 1, 0, 0, 1, 2, 1, 2]),
 (12, [688, 15, 1, 0, 1, 775, 1939, 0, 1, 2, 1, 1, 0, 1, 1]),
 (12, [1528, 16, 1, 0, 0, 1979, 1745, 1, 1, 2, 2, 0, 2, 0, 2]),
 (12, [1597, 63, 0, 0, 0, 1542, 1068, 0, 1, 1, 1, 0, 2, 2, 1]),
 (12, [688, 15, 1, 0, 1, 775, 1939, 0, 1, 2, 1, 1, 0, 1, 1]),
 (16, [706, 80, 1, 0, 0, 1545, 1284, 0, 1, 1, 0, 1, 0, 0, 1]),
 (16, [892, 29, 1, 0, 1, 1170, 677, 0, 0, 0, 2, 1, 1, 0, 1]),
 (12, [587, 79, 1, 0, 1, 1068, 808, 0, 0, 1, 0, 0, 1, 0, 0]),
 (16, [892, 29, 1, 0, 1, 1170, 677, 0, 0, 0, 2, 1, 1, 0, 1]),
 (12, [1946, 96, 1, 1, 1, 983, 816, 0, 0, 2, 0, 1, 1, 2, 0]),
 (12, [682, 105, 0, 0, 1, 731, 1299, 0, 1, 0, 0, 1, 2, 1, 2]),
 (12, [587, 79, 1, 0, 1, 1068, 808, 0, 0, 1, 0, 0, 1, 0, 0])]
population
[(999, [2015, 11, 0, 1, 1, 1836, 1347, 1, 0, 3, 3, 1, 2, 1, 0]),
 (999, [1564, 119, 0, 1, 0, 892, 1657, 0, 0, 3, 0, 0, 2, 0, 1]),
 (999, [1181, 28, 1, 1, 1, 1793, 856, 0, 0, 3, 3, 1, 1, 2, 2]),
 (999, [1135, 96, 0, 0, 1, 520, 849, 0, 0, 0, 5, 1, 1, 2, 2]),
 (999, [1043, 20, 0, 1, 0, 804, 1069, 0, 1, 3, 0, 1, 1, 1, 1]),
 (999, [787, 76, 1, 0, 1, 1683, 739, 1, 1, 3, 3, 1, 1, 0, 2]),
 (16, [2002, 46, 1, 1, 1, 770, 1978, 1, 0, 0, 4, 1, 1, 2, 2]),
 (16, [1849, 13, 1, 1, 1, 1878, 1320, 0, 1, 0, 1, 0, 1, 0, 1]),
 (16, [1828, 61, 0, 0, 0, 1596, 1302, 1, 0, 1, 4, 0, 0, 2, 2]),
 (16, [1755, 102, 0, 1, 1, 844, 1070, 1, 0, 1, 3, 0, 1, 1, 0]),
 (16, [1554, 83, 0, 1, 0, 1272, 1442, 0, 1, 2, 0, 1, 1, 1, 1]),
 (16, [1310, 93, 1, 1, 1, 1531, 935, 1, 1, 1, 4, 1, 0, 0, 0]),
 (16, [1294, 66, 0, 1, 1, 685, 1470, 0, 0, 2, 0, 0, 1, 1, 0]),
 (16, [1189, 115, 0, 1, 1, 1749, 584, 1, 0, 2, 4, 0, 0, 1, 1]),
 (16, [1094, 26, 1, 1, 0, 1048, 1753, 1, 1, 1, 0, 0, 1, 2, 0]),
 (16, [1068, 63, 0, 0, 1, 1343, 1538, 1, 1, 1, 2, 1, 1, 2, 1]),
 (16, [1066, 101, 0, 0, 1, 1880, 1502, 0, 0, 0, 3, 0, 1, 1, 2]),
 (16, [985, 66, 0, 0, 1, 1360, 1414, 1, 0, 0, 4, 1, 1, 2, 0]),
 (16, [892, 29, 1, 0, 1, 1170, 677, 0, 0, 0, 2, 1, 1, 0, 1]),
 (16, [847, 89, 1, 0, 0, 1569, 1102, 0, 0, 2, 2, 0, 2, 2, 1]),
 (16, [753, 10, 1, 1, 1, 1339, 1354, 1, 1, 2, 3, 0, 0, 2, 0]),
 (16, [706, 80, 1, 0, 0, 1545, 1284, 0, 1, 1, 0, 1, 0, 0, 1]),
 (16, [577, 115, 1, 1, 1, 1959, 1650, 0, 1, 1, 3, 0, 0, 1, 2]),
 (12, [1946, 96, 1, 1, 1, 983, 816, 0, 0, 2, 0, 1, 1, 2, 0]),
 (12, [1636, 80, 1, 0, 1, 709, 1139, 0, 0, 2, 3, 0, 1, 2, 1]),
 (12, [1597, 63, 0, 0, 0, 1542, 1068, 0, 1, 1, 1, 0, 2, 2, 1]),
 (12, [1528, 16, 1, 0, 0, 1979, 1745, 1, 1, 2, 2, 0, 2, 0, 2]),
 (12, [1333, 35, 1, 0, 1, 787, 1534, 1, 1, 1, 4, 0, 2, 2, 2]),
 (12, [1040, 58, 1, 0, 0, 628, 1872, 0, 0, 2, 2, 1, 0, 0, 1]),
 (12, [688, 15, 1, 0, 1, 775, 1939, 0, 1, 2, 1, 1, 0, 1, 1]),
 (12, [682, 105, 0, 0, 1, 731, 1299, 0, 1, 0, 0, 1, 2, 1, 2]),
 (12, [587, 79, 1, 0, 1, 1068, 808, 0, 0, 1, 0, 0, 1, 0, 0])]
scored
[(12, [587, 79, 1, 0, 1, 1068, 808, 0, 0, 1, 0, 0, 1, 0, 0]),
 (12, [682, 105, 0, 0, 1, 731, 1299, 0, 1, 0, 0, 1, 2, 1, 2]),
 (12, [688, 15, 1, 0, 1, 775, 1939, 0, 1, 2, 1, 1, 0, 1, 1]),
 (12, [1040, 58, 1, 0, 0, 628, 1872, 0, 0, 2, 2, 1, 0, 0, 1]),
 (12, [1333, 35, 1, 0, 1, 787, 1534, 1, 1, 1, 4, 0, 2, 2, 2]),
 (12, [1528, 16, 1, 0, 0, 1979, 1745, 1, 1, 2, 2, 0, 2, 0, 2]),
 (12, [1597, 63, 0, 0, 0, 1542, 1068, 0, 1, 1, 1, 0, 2, 2, 1]),
 (12, [1636, 80, 1, 0, 1, 709, 1139, 0, 0, 2, 3, 0, 1, 2, 1]),
 (12, [1946, 96, 1, 1, 1, 983, 816, 0, 0, 2, 0, 1, 1, 2, 0]),
 (16, [577, 115, 1, 1, 1, 1959, 1650, 0, 1, 1, 3, 0, 0, 1, 2]),
 (16, [706, 80, 1, 0, 0, 1545, 1284, 0, 1, 1, 0, 1, 0, 0, 1]),
 (16, [753, 10, 1, 1, 1, 1339, 1354, 1, 1, 2, 3, 0, 0, 2, 0]),
 (16, [847, 89, 1, 0, 0, 1569, 1102, 0, 0, 2, 2, 0, 2, 2, 1]),
 (16, [892, 29, 1, 0, 1, 1170, 677, 0, 0, 0, 2, 1, 1, 0, 1]),
 (16, [985, 66, 0, 0, 1, 1360, 1414, 1, 0, 0, 4, 1, 1, 2, 0]),
 (16, [1066, 101, 0, 0, 1, 1880, 1502, 0, 0, 0, 3, 0, 1, 1, 2]),
 (16, [1068, 63, 0, 0, 1, 1343, 1538, 1, 1, 1, 2, 1, 1, 2, 1]),
 (16, [1094, 26, 1, 1, 0, 1048, 1753, 1, 1, 1, 0, 0, 1, 2, 0]),
 (16, [1189, 115, 0, 1, 1, 1749, 584, 1, 0, 2, 4, 0, 0, 1, 1]),
 (16, [1294, 66, 0, 1, 1, 685, 1470, 0, 0, 2, 0, 0, 1, 1, 0]),
 (16, [1310, 93, 1, 1, 1, 1531, 935, 1, 1, 1, 4, 1, 0, 0, 0]),
 (16, [1554, 83, 0, 1, 0, 1272, 1442, 0, 1, 2, 0, 1, 1, 1, 1]),
 (16, [1755, 102, 0, 1, 1, 844, 1070, 1, 0, 1, 3, 0, 1, 1, 0]),
 (16, [1828, 61, 0, 0, 0, 1596, 1302, 1, 0, 1, 4, 0, 0, 2, 2]),
 (16, [1849, 13, 1, 1, 1, 1878, 1320, 0, 1, 0, 1, 0, 1, 0, 1]),
 (16, [2002, 46, 1, 1, 1, 770, 1978, 1, 0, 0, 4, 1, 1, 2, 2]),
 (999, [787, 76, 1, 0, 1, 1683, 739, 1, 1, 3, 3, 1, 1, 0, 2]),
 (999, [1043, 20, 0, 1, 0, 804, 1069, 0, 1, 3, 0, 1, 1, 1, 1]),
 (999, [1135, 96, 0, 0, 1, 520, 849, 0, 0, 0, 5, 1, 1, 2, 2]),
 (999, [1181, 28, 1, 1, 1, 1793, 856, 0, 0, 3, 3, 1, 1, 2, 2]),
 (999, [1564, 119, 0, 1, 0, 892, 1657, 0, 0, 3, 0, 0, 2, 0, 1]),
 (999, [2015, 11, 0, 1, 1, 1836, 1347, 1, 0, 3, 3, 1, 2, 1, 0])]
Selected
[(12, [1040, 58, 1, 0, 0, 628, 1872, 0, 0, 2, 2, 1, 0, 0, 1]),
 (12, [587, 79, 1, 0, 1, 1068, 808, 0, 0, 1, 0, 0, 1, 0, 0]),
 (16, [706, 80, 1, 0, 0, 1545, 1284, 0, 1, 1, 0, 1, 0, 0, 1]),
 (12, [587, 79, 1, 0, 1, 1068, 808, 0, 0, 1, 0, 0, 1, 0, 0]),
 (12, [688, 15, 1, 0, 1, 775, 1939, 0, 1, 2, 1, 1, 0, 1, 1]),
 (12, [1528, 16, 1, 0, 0, 1979, 1745, 1, 1, 2, 2, 0, 2, 0, 2]),
 (16, [577, 115, 1, 1, 1, 1959, 1650, 0, 1, 1, 3, 0, 0, 1, 2]),
 (12, [688, 15, 1, 0, 1, 775, 1939, 0, 1, 2, 1, 1, 0, 1, 1]),
 (12, [1597, 63, 0, 0, 0, 1542, 1068, 0, 1, 1, 1, 0, 2, 2, 1]),
 (12, [587, 79, 1, 0, 1, 1068, 808, 0, 0, 1, 0, 0, 1, 0, 0]),
 (16, [577, 115, 1, 1, 1, 1959, 1650, 0, 1, 1, 3, 0, 0, 1, 2]),
 (12, [1946, 96, 1, 1, 1, 983, 816, 0, 0, 2, 0, 1, 1, 2, 0]),
 (16, [577, 115, 1, 1, 1, 1959, 1650, 0, 1, 1, 3, 0, 0, 1, 2]),
 (12, [1333, 35, 1, 0, 1, 787, 1534, 1, 1, 1, 4, 0, 2, 2, 2]),
 (16, [753, 10, 1, 1, 1, 1339, 1354, 1, 1, 2, 3, 0, 0, 2, 0]),
 (12, [688, 15, 1, 0, 1, 775, 1939, 0, 1, 2, 1, 1, 0, 1, 1]),
 (12, [1597, 63, 0, 0, 0, 1542, 1068, 0, 1, 1, 1, 0, 2, 2, 1]),
 (16, [985, 66, 0, 0, 1, 1360, 1414, 1, 0, 0, 4, 1, 1, 2, 0]),
 (12, [682, 105, 0, 0, 1, 731, 1299, 0, 1, 0, 0, 1, 2, 1, 2]),
 (12, [688, 15, 1, 0, 1, 775, 1939, 0, 1, 2, 1, 1, 0, 1, 1]),
 (12, [1528, 16, 1, 0, 0, 1979, 1745, 1, 1, 2, 2, 0, 2, 0, 2]),
 (12, [682, 105, 0, 0, 1, 731, 1299, 0, 1, 0, 0, 1, 2, 1, 2]),
 (12, [1040, 58, 1, 0, 0, 628, 1872, 0, 0, 2, 2, 1, 0, 0, 1]),
 (16, [577, 115, 1, 1, 1, 1959, 1650, 0, 1, 1, 3, 0, 0, 1, 2]),
 (12, [688, 15, 1, 0, 1, 775, 1939, 0, 1, 2, 1, 1, 0, 1, 1]),
 (12, [1333, 35, 1, 0, 1, 787, 1534, 1, 1, 1, 4, 0, 2, 2, 2]),
 (12, [1946, 96, 1, 1, 1, 983, 816, 0, 0, 2, 0, 1, 1, 2, 0])]

Poblacin de 32 individuos durante 15 generaciones
Poblacin inicial:
[(999, [2015, 11, 0, 1, 1, 1836, 1347, 1, 0, 3, 3, 1, 2, 1, 0]),
 (999, [1564, 119, 0, 1, 0, 892, 1657, 0, 0, 3, 0, 0, 2, 0, 1]),
 (999, [1181, 28, 1, 1, 1, 1793, 856, 0, 0, 3, 3, 1, 1, 2, 2]),
 (999, [1135, 96, 0, 0, 1, 520, 849, 0, 0, 0, 5, 1, 1, 2, 2]),
 (999, [1043, 20, 0, 1, 0, 804, 1069, 0, 1, 3, 0, 1, 1, 1, 1]),
 (999, [787, 76, 1, 0, 1, 1683, 739, 1, 1, 3, 3, 1, 1, 0, 2]),
 (16, [2002, 46, 1, 1, 1, 770, 1978, 1, 0, 0, 4, 1, 1, 2, 2]),
 (16, [1849, 13, 1, 1, 1, 1878, 1320, 0, 1, 0, 1, 0, 1, 0, 1]),
 (16, [1828, 61, 0, 0, 0, 1596, 1302, 1, 0, 1, 4, 0, 0, 2, 2]),
 (16, [1755, 102, 0, 1, 1, 844, 1070, 1, 0, 1, 3, 0, 1, 1, 0]),
 (16, [1554, 83, 0, 1, 0, 1272, 1442, 0, 1, 2, 0, 1, 1, 1, 1]),
 (16, [1310, 93, 1, 1, 1, 1531, 935, 1, 1, 1, 4, 1, 0, 0, 0]),
 (16, [1294, 66, 0, 1, 1, 685, 1470, 0, 0, 2, 0, 0, 1, 1, 0]),
 (16, [1189, 115, 0, 1, 1, 1749, 584, 1, 0, 2, 4, 0, 0, 1, 1]),
 (16, [1094, 26, 1, 1, 0, 1048, 1753, 1, 1, 1, 0, 0, 1, 2, 0]),
 (16, [1068, 63, 0, 0, 1, 1343, 1538, 1, 1, 1, 2, 1, 1, 2, 1]),
 (16, [1066, 101, 0, 0, 1, 1880, 1502, 0, 0, 0, 3, 0, 1, 1, 2]),
 (16, [985, 66, 0, 0, 1, 1360, 1414, 1, 0, 0, 4, 1, 1, 2, 0]),
 (16, [892, 29, 1, 0, 1, 1170, 677, 0, 0, 0, 2, 1, 1, 0, 1]),
 (16, [847, 89, 1, 0, 0, 1569, 1102, 0, 0, 2, 2, 0, 2, 2, 1]),
 (16, [753, 10, 1, 1, 1, 1339, 1354, 1, 1, 2, 3, 0, 0, 2, 0]),
 (16, [706, 80, 1, 0, 0, 1545, 1284, 0, 1, 1, 0, 1, 0, 0, 1]),
 (16, [577, 115, 1, 1, 1, 1959, 1650, 0, 1, 1, 3, 0, 0, 1, 2]),
 (12, [1946, 96, 1, 1, 1, 983, 816, 0, 0, 2, 0, 1, 1, 2, 0]),
 (12, [1636, 80, 1, 0, 1, 709, 1139, 0, 0, 2, 3, 0, 1, 2, 1]),
 (12, [1597, 63, 0, 0, 0, 1542, 1068, 0, 1, 1, 1, 0, 2, 2, 1]),
 (12, [1528, 16, 1, 0, 0, 1979, 1745, 1, 1, 2, 2, 0, 2, 0, 2]),
 (12, [1333, 35, 1, 0, 1, 787, 1534, 1, 1, 1, 4, 0, 2, 2, 2]),
 (12, [1040, 58, 1, 0, 0, 628, 1872, 0, 0, 2, 2, 1, 0, 0, 1]),
 (12, [688, 15, 1, 0, 1, 775, 1939, 0, 1, 2, 1, 1, 0, 1, 1]),
 (12, [682, 105, 0, 0, 1, 731, 1299, 0, 1, 0, 0, 1, 2, 1, 2]),
 (12, [587, 79, 1, 0, 1, 1068, 808, 0, 0, 1, 0, 0, 1, 0, 0])]
Poblacin final:
[(999, [2015, 11, 0, 1, 1, 1836, 1347, 1, 0, 3, 3, 1, 2, 1, 0]),
 (999, [1564, 119, 0, 1, 0, 892, 1657, 0, 0, 3, 0, 0, 2, 0, 1]),
 (999, [1181, 28, 1, 1, 1, 1793, 856, 0, 0, 3, 3, 1, 1, 2, 2]),
 (999, [1135, 96, 0, 0, 1, 520, 849, 0, 0, 0, 5, 1, 1, 2, 2]),
 (999, [1043, 20, 0, 1, 0, 804, 1069, 0, 1, 3, 0, 1, 1, 1, 1]),
 (999, [787, 76, 1, 0, 1, 1683, 739, 1, 1, 3, 3, 1, 1, 0, 2]),
 (16, [2002, 46, 1, 1, 1, 770, 1978, 1, 0, 0, 4, 1, 1, 2, 2]),
 (16, [1849, 13, 1, 1, 1, 1878, 1320, 0, 1, 0, 1, 0, 1, 0, 1]),
 (16, [1828, 61, 0, 0, 0, 1596, 1302, 1, 0, 1, 4, 0, 0, 2, 2]),
 (16, [1755, 102, 0, 1, 1, 844, 1070, 1, 0, 1, 3, 0, 1, 1, 0]),
 (16, [1554, 83, 0, 1, 0, 1272, 1442, 0, 1, 2, 0, 1, 1, 1, 1]),
 (16, [1310, 93, 1, 1, 1, 1531, 935, 1, 1, 1, 4, 1, 0, 0, 0]),
 (16, [1294, 66, 0, 1, 1, 685, 1470, 0, 0, 2, 0, 0, 1, 1, 0]),
 (16, [1189, 115, 0, 1, 1, 1749, 584, 1, 0, 2, 4, 0, 0, 1, 1]),
 (16, [1094, 26, 1, 1, 0, 1048, 1753, 1, 1, 1, 0, 0, 1, 2, 0]),
 (16, [1068, 63, 0, 0, 1, 1343, 1538, 1, 1, 1, 2, 1, 1, 2, 1]),
 (16, [1066, 101, 0, 0, 1, 1880, 1502, 0, 0, 0, 3, 0, 1, 1, 2]),
 (16, [985, 66, 0, 0, 1, 1360, 1414, 1, 0, 0, 4, 1, 1, 2, 0]),
 (16, [892, 29, 1, 0, 1, 1170, 677, 0, 0, 0, 2, 1, 1, 0, 1]),
 (16, [847, 89, 1, 0, 0, 1569, 1102, 0, 0, 2, 2, 0, 2, 2, 1]),
 (16, [753, 10, 1, 1, 1, 1339, 1354, 1, 1, 2, 3, 0, 0, 2, 0]),
 (16, [706, 80, 1, 0, 0, 1545, 1284, 0, 1, 1, 0, 1, 0, 0, 1]),
 (16, [577, 115, 1, 1, 1, 1959, 1650, 0, 1, 1, 3, 0, 0, 1, 2]),
 (12, [1946, 96, 1, 1, 1, 983, 816, 0, 0, 2, 0, 1, 1, 2, 0]),
 (12, [1636, 80, 1, 0, 1, 709, 1139, 0, 0, 2, 3, 0, 1, 2, 1]),
 (12, [1597, 63, 0, 0, 0, 1542, 1068, 0, 1, 1, 1, 0, 2, 2, 1]),
 (12, [1528, 16, 1, 0, 0, 1979, 1745, 1, 1, 2, 2, 0, 2, 0, 2]),
 (12, [1333, 35, 1, 0, 1, 787, 1534, 1, 1, 1, 4, 0, 2, 2, 2]),
 (12, [1040, 58, 1, 0, 0, 628, 1872, 0, 0, 2, 2, 1, 0, 0, 1]),
 (12, [688, 15, 1, 0, 1, 775, 1939, 0, 1, 2, 1, 1, 0, 1, 1]),
 (12, [682, 105, 0, 0, 1, 731, 1299, 0, 1, 0, 0, 1, 2, 1, 2]),
 (12, [587, 79, 1, 0, 1, 1068, 808, 0, 0, 1, 0, 0, 1, 0, 0])]
Elapsed time is 963.485234 seconds.
