 * Manually resetting nginx to stopped state
 * Manually resetting nginx to stopped state
 * Manually resetting nginx to stopped state
 * Manually resetting nginx to stopped state
 * Manually resetting nginx to stopped state
 * Manually resetting nginx to stopped state
 * Manually resetting nginx to stopped state
 * Manually resetting nginx to stopped state
 * Manually resetting nginx to stopped state
 * Manually resetting nginx to stopped state
 * Manually resetting nginx to stopped state
 * Manually resetting nginx to stopped state
 * Manually resetting nginx to stopped state
 * Manually resetting nginx to stopped state
 * Manually resetting nginx to stopped state
 * Manually resetting nginx to stopped state
 * Manually resetting nginx to stopped state
 * Manually resetting nginx to stopped state
 * Manually resetting nginx to stopped state
 * Manually resetting nginx to stopped state
genes: 15
individuals : 32
pressure: 5
mutation_chance: 0
generations: 15
crossover_type: 1
mutation_type_random: 0
Alerts:
16
Alerts:
16
Alerts:
16
Alerts:
16
Alerts:
16
Alerts:
16
Alerts:
16
Alerts:
16
Alerts:
16
Alerts:
16
Alerts:
16
Alerts:
16
Alerts:
16
Alerts:
12
Alerts:
16
Alerts:
16
Alerts:
12
Alerts:
12
Alerts:
16
Alerts:
12
population
[(16, [1028, 110, 1, 0, 0, 848, 1377, 1, 0, 1, 0, 0, 1, 0, 1]),
 (16, [735, 95, 1, 0, 1, 1343, 677, 0, 1, 1, 3, 0, 0, 2, 0]),
 (16, [1661, 112, 0, 1, 0, 1081, 661, 1, 1, 2, 2, 1, 0, 1, 0]),
 (999, [1135, 34, 0, 0, 1, 1434, 1514, 1, 1, 0, 5, 1, 1, 2, 0]),
 (16, [1096, 40, 1, 1, 1, 1807, 1255, 0, 1, 1, 3, 1, 2, 0, 0]),
 (16, [1010, 86, 1, 0, 1, 885, 1484, 1, 1, 1, 0, 0, 2, 2, 2]),
 (16, [1254, 43, 0, 1, 1, 769, 1604, 0, 0, 2, 1, 1, 0, 0, 0]),
 (16, [1253, 74, 1, 0, 0, 1092, 1416, 0, 1, 1, 0, 1, 0, 0, 1]),
 (16, [1014, 40, 0, 1, 1, 686, 1573, 1, 1, 2, 3, 1, 2, 0, 1]),
 (999, [991, 19, 1, 0, 1, 2017, 1962, 0, 0, 1, 5, 0, 0, 0, 1]),
 (16, [1128, 45, 1, 0, 1, 809, 1780, 1, 1, 2, 0, 0, 0, 0, 0]),
 (999, [1987, 113, 1, 1, 0, 1645, 1127, 1, 1, 3, 0, 0, 1, 1, 0]),
 (16, [1011, 41, 0, 0, 0, 522, 939, 1, 1, 1, 2, 1, 0, 1, 0]),
 (16, [673, 17, 0, 1, 1, 2000, 1553, 0, 0, 1, 2, 0, 2, 1, 2]),
 (999, [1029, 115, 0, 0, 1, 755, 1299, 0, 0, 3, 1, 1, 2, 0, 2]),
 (16, [1174, 96, 1, 0, 1, 1301, 1729, 0, 1, 2, 1, 0, 0, 0, 0]),
 (999, [2022, 70, 1, 1, 1, 1985, 1728, 1, 0, 3, 0, 0, 1, 1, 2]),
 (999, [1120, 37, 0, 0, 1, 1793, 1427, 1, 0, 3, 3, 0, 0, 0, 1]),
 (16, [1778, 113, 0, 0, 0, 1254, 1545, 1, 1, 0, 3, 1, 1, 1, 0]),
 (12, [1165, 110, 0, 1, 1, 1822, 888, 0, 1, 0, 3, 0, 0, 2, 2]),
 (999, [1078, 10, 0, 0, 0, 1988, 1305, 1, 0, 3, 3, 1, 2, 2, 1]),
 (16, [1359, 119, 1, 0, 0, 965, 1206, 0, 1, 0, 4, 0, 1, 2, 1]),
 (999, [1110, 68, 0, 0, 0, 1593, 1429, 0, 0, 3, 1, 0, 1, 1, 2]),
 (16, [1208, 38, 0, 0, 0, 1896, 1091, 0, 1, 2, 4, 1, 2, 2, 2]),
 (12, [1643, 28, 0, 0, 1, 950, 1476, 1, 0, 1, 0, 1, 0, 2, 1]),
 (12, [1670, 75, 0, 0, 0, 1033, 591, 1, 0, 1, 3, 1, 2, 0, 1]),
 (999, [785, 90, 0, 0, 0, 1375, 1072, 1, 0, 3, 0, 0, 1, 0, 0]),
 (16, [1196, 60, 1, 1, 0, 1630, 1228, 1, 0, 0, 4, 1, 1, 2, 2]),
 (999, [762, 55, 1, 0, 0, 1613, 606, 1, 0, 2, 5, 0, 0, 2, 0]),
 (999, [1641, 67, 0, 1, 0, 1843, 799, 0, 1, 3, 4, 1, 2, 1, 1]),
 (12, [1039, 99, 1, 1, 0, 1209, 1245, 1, 1, 2, 1, 1, 0, 2, 2]),
 (999, [1659, 79, 0, 1, 1, 654, 1167, 1, 1, 3, 2, 1, 2, 0, 2])]
scored
[(12, [1039, 99, 1, 1, 0, 1209, 1245, 1, 1, 2, 1, 1, 0, 2, 2]),
 (12, [1165, 110, 0, 1, 1, 1822, 888, 0, 1, 0, 3, 0, 0, 2, 2]),
 (12, [1643, 28, 0, 0, 1, 950, 1476, 1, 0, 1, 0, 1, 0, 2, 1]),
 (12, [1670, 75, 0, 0, 0, 1033, 591, 1, 0, 1, 3, 1, 2, 0, 1]),
 (16, [673, 17, 0, 1, 1, 2000, 1553, 0, 0, 1, 2, 0, 2, 1, 2]),
 (16, [735, 95, 1, 0, 1, 1343, 677, 0, 1, 1, 3, 0, 0, 2, 0]),
 (16, [1010, 86, 1, 0, 1, 885, 1484, 1, 1, 1, 0, 0, 2, 2, 2]),
 (16, [1011, 41, 0, 0, 0, 522, 939, 1, 1, 1, 2, 1, 0, 1, 0]),
 (16, [1014, 40, 0, 1, 1, 686, 1573, 1, 1, 2, 3, 1, 2, 0, 1]),
 (16, [1028, 110, 1, 0, 0, 848, 1377, 1, 0, 1, 0, 0, 1, 0, 1]),
 (16, [1096, 40, 1, 1, 1, 1807, 1255, 0, 1, 1, 3, 1, 2, 0, 0]),
 (16, [1128, 45, 1, 0, 1, 809, 1780, 1, 1, 2, 0, 0, 0, 0, 0]),
 (16, [1174, 96, 1, 0, 1, 1301, 1729, 0, 1, 2, 1, 0, 0, 0, 0]),
 (16, [1196, 60, 1, 1, 0, 1630, 1228, 1, 0, 0, 4, 1, 1, 2, 2]),
 (16, [1208, 38, 0, 0, 0, 1896, 1091, 0, 1, 2, 4, 1, 2, 2, 2]),
 (16, [1253, 74, 1, 0, 0, 1092, 1416, 0, 1, 1, 0, 1, 0, 0, 1]),
 (16, [1254, 43, 0, 1, 1, 769, 1604, 0, 0, 2, 1, 1, 0, 0, 0]),
 (16, [1359, 119, 1, 0, 0, 965, 1206, 0, 1, 0, 4, 0, 1, 2, 1]),
 (16, [1661, 112, 0, 1, 0, 1081, 661, 1, 1, 2, 2, 1, 0, 1, 0]),
 (16, [1778, 113, 0, 0, 0, 1254, 1545, 1, 1, 0, 3, 1, 1, 1, 0]),
 (999, [762, 55, 1, 0, 0, 1613, 606, 1, 0, 2, 5, 0, 0, 2, 0]),
 (999, [785, 90, 0, 0, 0, 1375, 1072, 1, 0, 3, 0, 0, 1, 0, 0]),
 (999, [991, 19, 1, 0, 1, 2017, 1962, 0, 0, 1, 5, 0, 0, 0, 1]),
 (999, [1029, 115, 0, 0, 1, 755, 1299, 0, 0, 3, 1, 1, 2, 0, 2]),
 (999, [1078, 10, 0, 0, 0, 1988, 1305, 1, 0, 3, 3, 1, 2, 2, 1]),
 (999, [1110, 68, 0, 0, 0, 1593, 1429, 0, 0, 3, 1, 0, 1, 1, 2]),
 (999, [1120, 37, 0, 0, 1, 1793, 1427, 1, 0, 3, 3, 0, 0, 0, 1]),
 (999, [1135, 34, 0, 0, 1, 1434, 1514, 1, 1, 0, 5, 1, 1, 2, 0]),
 (999, [1641, 67, 0, 1, 0, 1843, 799, 0, 1, 3, 4, 1, 2, 1, 1]),
 (999, [1659, 79, 0, 1, 1, 654, 1167, 1, 1, 3, 2, 1, 2, 0, 2]),
 (999, [1987, 113, 1, 1, 0, 1645, 1127, 1, 1, 3, 0, 0, 1, 1, 0]),
 (999, [2022, 70, 1, 1, 1, 1985, 1728, 1, 0, 3, 0, 0, 1, 1, 2])]
Selected
[(16, [673, 17, 0, 1, 1, 2000, 1553, 0, 0, 1, 2, 0, 2, 1, 2]),
 (12, [1670, 75, 0, 0, 0, 1033, 591, 1, 0, 1, 3, 1, 2, 0, 1]),
 (16, [673, 17, 0, 1, 1, 2000, 1553, 0, 0, 1, 2, 0, 2, 1, 2]),
 (12, [1165, 110, 0, 1, 1, 1822, 888, 0, 1, 0, 3, 0, 0, 2, 2]),
 (12, [1670, 75, 0, 0, 0, 1033, 591, 1, 0, 1, 3, 1, 2, 0, 1]),
 (12, [1039, 99, 1, 1, 0, 1209, 1245, 1, 1, 2, 1, 1, 0, 2, 2]),
 (12, [1643, 28, 0, 0, 1, 950, 1476, 1, 0, 1, 0, 1, 0, 2, 1]),
 (16, [1028, 110, 1, 0, 0, 848, 1377, 1, 0, 1, 0, 0, 1, 0, 1]),
 (12, [1165, 110, 0, 1, 1, 1822, 888, 0, 1, 0, 3, 0, 0, 2, 2]),
 (16, [1196, 60, 1, 1, 0, 1630, 1228, 1, 0, 0, 4, 1, 1, 2, 2]),
 (12, [1039, 99, 1, 1, 0, 1209, 1245, 1, 1, 2, 1, 1, 0, 2, 2]),
 (16, [673, 17, 0, 1, 1, 2000, 1553, 0, 0, 1, 2, 0, 2, 1, 2]),
 (12, [1039, 99, 1, 1, 0, 1209, 1245, 1, 1, 2, 1, 1, 0, 2, 2]),
 (16, [1253, 74, 1, 0, 0, 1092, 1416, 0, 1, 1, 0, 1, 0, 0, 1]),
 (12, [1670, 75, 0, 0, 0, 1033, 591, 1, 0, 1, 3, 1, 2, 0, 1]),
 (16, [1011, 41, 0, 0, 0, 522, 939, 1, 1, 1, 2, 1, 0, 1, 0]),
 (16, [1174, 96, 1, 0, 1, 1301, 1729, 0, 1, 2, 1, 0, 0, 0, 0]),
 (12, [1165, 110, 0, 1, 1, 1822, 888, 0, 1, 0, 3, 0, 0, 2, 2]),
 (12, [1165, 110, 0, 1, 1, 1822, 888, 0, 1, 0, 3, 0, 0, 2, 2]),
 (12, [1165, 110, 0, 1, 1, 1822, 888, 0, 1, 0, 3, 0, 0, 2, 2]),
 (12, [1165, 110, 0, 1, 1, 1822, 888, 0, 1, 0, 3, 0, 0, 2, 2]),
 (12, [1643, 28, 0, 0, 1, 950, 1476, 1, 0, 1, 0, 1, 0, 2, 1]),
 (12, [1165, 110, 0, 1, 1, 1822, 888, 0, 1, 0, 3, 0, 0, 2, 2]),
 (12, [1670, 75, 0, 0, 0, 1033, 591, 1, 0, 1, 3, 1, 2, 0, 1]),
 (16, [673, 17, 0, 1, 1, 2000, 1553, 0, 0, 1, 2, 0, 2, 1, 2]),
 (16, [673, 17, 0, 1, 1, 2000, 1553, 0, 0, 1, 2, 0, 2, 1, 2]),
 (12, [1039, 99, 1, 1, 0, 1209, 1245, 1, 1, 2, 1, 1, 0, 2, 2])]
population
[(999, [2022, 70, 1, 1, 1, 1985, 1728, 1, 0, 3, 0, 0, 1, 1, 2]),
 (999, [1987, 113, 1, 1, 0, 1645, 1127, 1, 1, 3, 0, 0, 1, 1, 0]),
 (999, [1659, 79, 0, 1, 1, 654, 1167, 1, 1, 3, 2, 1, 2, 0, 2]),
 (999, [1641, 67, 0, 1, 0, 1843, 799, 0, 1, 3, 4, 1, 2, 1, 1]),
 (999, [1135, 34, 0, 0, 1, 1434, 1514, 1, 1, 0, 5, 1, 1, 2, 0]),
 (999, [1120, 37, 0, 0, 1, 1793, 1427, 1, 0, 3, 3, 0, 0, 0, 1]),
 (999, [1110, 68, 0, 0, 0, 1593, 1429, 0, 0, 3, 1, 0, 1, 1, 2]),
 (999, [1078, 10, 0, 0, 0, 1988, 1305, 1, 0, 3, 3, 1, 2, 2, 1]),
 (999, [1029, 115, 0, 0, 1, 755, 1299, 0, 0, 3, 1, 1, 2, 0, 2]),
 (999, [991, 19, 1, 0, 1, 2017, 1962, 0, 0, 1, 5, 0, 0, 0, 1]),
 (999, [785, 90, 0, 0, 0, 1375, 1072, 1, 0, 3, 0, 0, 1, 0, 0]),
 (999, [762, 55, 1, 0, 0, 1613, 606, 1, 0, 2, 5, 0, 0, 2, 0]),
 (16, [1778, 113, 0, 0, 0, 1254, 1545, 1, 1, 0, 3, 1, 1, 1, 0]),
 (16, [1661, 112, 0, 1, 0, 1081, 661, 1, 1, 2, 2, 1, 0, 1, 0]),
 (16, [1359, 119, 1, 0, 0, 965, 1206, 0, 1, 0, 4, 0, 1, 2, 1]),
 (16, [1254, 43, 0, 1, 1, 769, 1604, 0, 0, 2, 1, 1, 0, 0, 0]),
 (16, [1253, 74, 1, 0, 0, 1092, 1416, 0, 1, 1, 0, 1, 0, 0, 1]),
 (16, [1208, 38, 0, 0, 0, 1896, 1091, 0, 1, 2, 4, 1, 2, 2, 2]),
 (16, [1196, 60, 1, 1, 0, 1630, 1228, 1, 0, 0, 4, 1, 1, 2, 2]),
 (16, [1174, 96, 1, 0, 1, 1301, 1729, 0, 1, 2, 1, 0, 0, 0, 0]),
 (16, [1128, 45, 1, 0, 1, 809, 1780, 1, 1, 2, 0, 0, 0, 0, 0]),
 (16, [1096, 40, 1, 1, 1, 1807, 1255, 0, 1, 1, 3, 1, 2, 0, 0]),
 (16, [1028, 110, 1, 0, 0, 848, 1377, 1, 0, 1, 0, 0, 1, 0, 1]),
 (16, [1014, 40, 0, 1, 1, 686, 1573, 1, 1, 2, 3, 1, 2, 0, 1]),
 (16, [1011, 41, 0, 0, 0, 522, 939, 1, 1, 1, 2, 1, 0, 1, 0]),
 (16, [1010, 86, 1, 0, 1, 885, 1484, 1, 1, 1, 0, 0, 2, 2, 2]),
 (16, [735, 95, 1, 0, 1, 1343, 677, 0, 1, 1, 3, 0, 0, 2, 0]),
 (16, [673, 17, 0, 1, 1, 2000, 1553, 0, 0, 1, 2, 0, 2, 1, 2]),
 (12, [1670, 75, 0, 0, 0, 1033, 591, 1, 0, 1, 3, 1, 2, 0, 1]),
 (12, [1643, 28, 0, 0, 1, 950, 1476, 1, 0, 1, 0, 1, 0, 2, 1]),
 (12, [1165, 110, 0, 1, 1, 1822, 888, 0, 1, 0, 3, 0, 0, 2, 2]),
 (12, [1039, 99, 1, 1, 0, 1209, 1245, 1, 1, 2, 1, 1, 0, 2, 2])]
scored
[(12, [1039, 99, 1, 1, 0, 1209, 1245, 1, 1, 2, 1, 1, 0, 2, 2]),
 (12, [1165, 110, 0, 1, 1, 1822, 888, 0, 1, 0, 3, 0, 0, 2, 2]),
 (12, [1643, 28, 0, 0, 1, 950, 1476, 1, 0, 1, 0, 1, 0, 2, 1]),
 (12, [1670, 75, 0, 0, 0, 1033, 591, 1, 0, 1, 3, 1, 2, 0, 1]),
 (16, [673, 17, 0, 1, 1, 2000, 1553, 0, 0, 1, 2, 0, 2, 1, 2]),
 (16, [735, 95, 1, 0, 1, 1343, 677, 0, 1, 1, 3, 0, 0, 2, 0]),
 (16, [1010, 86, 1, 0, 1, 885, 1484, 1, 1, 1, 0, 0, 2, 2, 2]),
 (16, [1011, 41, 0, 0, 0, 522, 939, 1, 1, 1, 2, 1, 0, 1, 0]),
 (16, [1014, 40, 0, 1, 1, 686, 1573, 1, 1, 2, 3, 1, 2, 0, 1]),
 (16, [1028, 110, 1, 0, 0, 848, 1377, 1, 0, 1, 0, 0, 1, 0, 1]),
 (16, [1096, 40, 1, 1, 1, 1807, 1255, 0, 1, 1, 3, 1, 2, 0, 0]),
 (16, [1128, 45, 1, 0, 1, 809, 1780, 1, 1, 2, 0, 0, 0, 0, 0]),
 (16, [1174, 96, 1, 0, 1, 1301, 1729, 0, 1, 2, 1, 0, 0, 0, 0]),
 (16, [1196, 60, 1, 1, 0, 1630, 1228, 1, 0, 0, 4, 1, 1, 2, 2]),
 (16, [1208, 38, 0, 0, 0, 1896, 1091, 0, 1, 2, 4, 1, 2, 2, 2]),
 (16, [1253, 74, 1, 0, 0, 1092, 1416, 0, 1, 1, 0, 1, 0, 0, 1]),
 (16, [1254, 43, 0, 1, 1, 769, 1604, 0, 0, 2, 1, 1, 0, 0, 0]),
 (16, [1359, 119, 1, 0, 0, 965, 1206, 0, 1, 0, 4, 0, 1, 2, 1]),
 (16, [1661, 112, 0, 1, 0, 1081, 661, 1, 1, 2, 2, 1, 0, 1, 0]),
 (16, [1778, 113, 0, 0, 0, 1254, 1545, 1, 1, 0, 3, 1, 1, 1, 0]),
 (999, [762, 55, 1, 0, 0, 1613, 606, 1, 0, 2, 5, 0, 0, 2, 0]),
 (999, [785, 90, 0, 0, 0, 1375, 1072, 1, 0, 3, 0, 0, 1, 0, 0]),
 (999, [991, 19, 1, 0, 1, 2017, 1962, 0, 0, 1, 5, 0, 0, 0, 1]),
 (999, [1029, 115, 0, 0, 1, 755, 1299, 0, 0, 3, 1, 1, 2, 0, 2]),
 (999, [1078, 10, 0, 0, 0, 1988, 1305, 1, 0, 3, 3, 1, 2, 2, 1]),
 (999, [1110, 68, 0, 0, 0, 1593, 1429, 0, 0, 3, 1, 0, 1, 1, 2]),
 (999, [1120, 37, 0, 0, 1, 1793, 1427, 1, 0, 3, 3, 0, 0, 0, 1]),
 (999, [1135, 34, 0, 0, 1, 1434, 1514, 1, 1, 0, 5, 1, 1, 2, 0]),
 (999, [1641, 67, 0, 1, 0, 1843, 799, 0, 1, 3, 4, 1, 2, 1, 1]),
 (999, [1659, 79, 0, 1, 1, 654, 1167, 1, 1, 3, 2, 1, 2, 0, 2]),
 (999, [1987, 113, 1, 1, 0, 1645, 1127, 1, 1, 3, 0, 0, 1, 1, 0]),
 (999, [2022, 70, 1, 1, 1, 1985, 1728, 1, 0, 3, 0, 0, 1, 1, 2])]
Selected
[(16, [1028, 110, 1, 0, 0, 848, 1377, 1, 0, 1, 0, 0, 1, 0, 1]),
 (12, [1643, 28, 0, 0, 1, 950, 1476, 1, 0, 1, 0, 1, 0, 2, 1]),
 (16, [673, 17, 0, 1, 1, 2000, 1553, 0, 0, 1, 2, 0, 2, 1, 2]),
 (12, [1039, 99, 1, 1, 0, 1209, 1245, 1, 1, 2, 1, 1, 0, 2, 2]),
 (12, [1643, 28, 0, 0, 1, 950, 1476, 1, 0, 1, 0, 1, 0, 2, 1]),
 (12, [1165, 110, 0, 1, 1, 1822, 888, 0, 1, 0, 3, 0, 0, 2, 2]),
 (16, [1011, 41, 0, 0, 0, 522, 939, 1, 1, 1, 2, 1, 0, 1, 0]),
 (12, [1165, 110, 0, 1, 1, 1822, 888, 0, 1, 0, 3, 0, 0, 2, 2]),
 (16, [1011, 41, 0, 0, 0, 522, 939, 1, 1, 1, 2, 1, 0, 1, 0]),
 (12, [1670, 75, 0, 0, 0, 1033, 591, 1, 0, 1, 3, 1, 2, 0, 1]),
 (12, [1165, 110, 0, 1, 1, 1822, 888, 0, 1, 0, 3, 0, 0, 2, 2]),
 (16, [1778, 113, 0, 0, 0, 1254, 1545, 1, 1, 0, 3, 1, 1, 1, 0]),
 (16, [1174, 96, 1, 0, 1, 1301, 1729, 0, 1, 2, 1, 0, 0, 0, 0]),
 (16, [1174, 96, 1, 0, 1, 1301, 1729, 0, 1, 2, 1, 0, 0, 0, 0]),
 (12, [1165, 110, 0, 1, 1, 1822, 888, 0, 1, 0, 3, 0, 0, 2, 2]),
 (12, [1670, 75, 0, 0, 0, 1033, 591, 1, 0, 1, 3, 1, 2, 0, 1]),
 (12, [1670, 75, 0, 0, 0, 1033, 591, 1, 0, 1, 3, 1, 2, 0, 1]),
 (12, [1643, 28, 0, 0, 1, 950, 1476, 1, 0, 1, 0, 1, 0, 2, 1]),
 (12, [1670, 75, 0, 0, 0, 1033, 591, 1, 0, 1, 3, 1, 2, 0, 1]),
 (12, [1039, 99, 1, 1, 0, 1209, 1245, 1, 1, 2, 1, 1, 0, 2, 2]),
 (16, [735, 95, 1, 0, 1, 1343, 677, 0, 1, 1, 3, 0, 0, 2, 0]),
 (12, [1670, 75, 0, 0, 0, 1033, 591, 1, 0, 1, 3, 1, 2, 0, 1]),
 (12, [1165, 110, 0, 1, 1, 1822, 888, 0, 1, 0, 3, 0, 0, 2, 2]),
 (16, [1028, 110, 1, 0, 0, 848, 1377, 1, 0, 1, 0, 0, 1, 0, 1]),
 (12, [1670, 75, 0, 0, 0, 1033, 591, 1, 0, 1, 3, 1, 2, 0, 1]),
 (12, [1165, 110, 0, 1, 1, 1822, 888, 0, 1, 0, 3, 0, 0, 2, 2]),
 (12, [1039, 99, 1, 1, 0, 1209, 1245, 1, 1, 2, 1, 1, 0, 2, 2])]
population
[(999, [2022, 70, 1, 1, 1, 1985, 1728, 1, 0, 3, 0, 0, 1, 1, 2]),
 (999, [1987, 113, 1, 1, 0, 1645, 1127, 1, 1, 3, 0, 0, 1, 1, 0]),
 (999, [1659, 79, 0, 1, 1, 654, 1167, 1, 1, 3, 2, 1, 2, 0, 2]),
 (999, [1641, 67, 0, 1, 0, 1843, 799, 0, 1, 3, 4, 1, 2, 1, 1]),
 (999, [1135, 34, 0, 0, 1, 1434, 1514, 1, 1, 0, 5, 1, 1, 2, 0]),
 (999, [1120, 37, 0, 0, 1, 1793, 1427, 1, 0, 3, 3, 0, 0, 0, 1]),
 (999, [1110, 68, 0, 0, 0, 1593, 1429, 0, 0, 3, 1, 0, 1, 1, 2]),
 (999, [1078, 10, 0, 0, 0, 1988, 1305, 1, 0, 3, 3, 1, 2, 2, 1]),
 (999, [1029, 115, 0, 0, 1, 755, 1299, 0, 0, 3, 1, 1, 2, 0, 2]),
 (999, [991, 19, 1, 0, 1, 2017, 1962, 0, 0, 1, 5, 0, 0, 0, 1]),
 (999, [785, 90, 0, 0, 0, 1375, 1072, 1, 0, 3, 0, 0, 1, 0, 0]),
 (999, [762, 55, 1, 0, 0, 1613, 606, 1, 0, 2, 5, 0, 0, 2, 0]),
 (16, [1778, 113, 0, 0, 0, 1254, 1545, 1, 1, 0, 3, 1, 1, 1, 0]),
 (16, [1661, 112, 0, 1, 0, 1081, 661, 1, 1, 2, 2, 1, 0, 1, 0]),
 (16, [1359, 119, 1, 0, 0, 965, 1206, 0, 1, 0, 4, 0, 1, 2, 1]),
 (16, [1254, 43, 0, 1, 1, 769, 1604, 0, 0, 2, 1, 1, 0, 0, 0]),
 (16, [1253, 74, 1, 0, 0, 1092, 1416, 0, 1, 1, 0, 1, 0, 0, 1]),
 (16, [1208, 38, 0, 0, 0, 1896, 1091, 0, 1, 2, 4, 1, 2, 2, 2]),
 (16, [1196, 60, 1, 1, 0, 1630, 1228, 1, 0, 0, 4, 1, 1, 2, 2]),
 (16, [1174, 96, 1, 0, 1, 1301, 1729, 0, 1, 2, 1, 0, 0, 0, 0]),
 (16, [1128, 45, 1, 0, 1, 809, 1780, 1, 1, 2, 0, 0, 0, 0, 0]),
 (16, [1096, 40, 1, 1, 1, 1807, 1255, 0, 1, 1, 3, 1, 2, 0, 0]),
 (16, [1028, 110, 1, 0, 0, 848, 1377, 1, 0, 1, 0, 0, 1, 0, 1]),
 (16, [1014, 40, 0, 1, 1, 686, 1573, 1, 1, 2, 3, 1, 2, 0, 1]),
 (16, [1011, 41, 0, 0, 0, 522, 939, 1, 1, 1, 2, 1, 0, 1, 0]),
 (16, [1010, 86, 1, 0, 1, 885, 1484, 1, 1, 1, 0, 0, 2, 2, 2]),
 (16, [735, 95, 1, 0, 1, 1343, 677, 0, 1, 1, 3, 0, 0, 2, 0]),
 (16, [673, 17, 0, 1, 1, 2000, 1553, 0, 0, 1, 2, 0, 2, 1, 2]),
 (12, [1670, 75, 0, 0, 0, 1033, 591, 1, 0, 1, 3, 1, 2, 0, 1]),
 (12, [1643, 28, 0, 0, 1, 950, 1476, 1, 0, 1, 0, 1, 0, 2, 1]),
 (12, [1165, 110, 0, 1, 1, 1822, 888, 0, 1, 0, 3, 0, 0, 2, 2]),
 (12, [1039, 99, 1, 1, 0, 1209, 1245, 1, 1, 2, 1, 1, 0, 2, 2])]
scored
[(12, [1039, 99, 1, 1, 0, 1209, 1245, 1, 1, 2, 1, 1, 0, 2, 2]),
 (12, [1165, 110, 0, 1, 1, 1822, 888, 0, 1, 0, 3, 0, 0, 2, 2]),
 (12, [1643, 28, 0, 0, 1, 950, 1476, 1, 0, 1, 0, 1, 0, 2, 1]),
 (12, [1670, 75, 0, 0, 0, 1033, 591, 1, 0, 1, 3, 1, 2, 0, 1]),
 (16, [673, 17, 0, 1, 1, 2000, 1553, 0, 0, 1, 2, 0, 2, 1, 2]),
 (16, [735, 95, 1, 0, 1, 1343, 677, 0, 1, 1, 3, 0, 0, 2, 0]),
 (16, [1010, 86, 1, 0, 1, 885, 1484, 1, 1, 1, 0, 0, 2, 2, 2]),
 (16, [1011, 41, 0, 0, 0, 522, 939, 1, 1, 1, 2, 1, 0, 1, 0]),
 (16, [1014, 40, 0, 1, 1, 686, 1573, 1, 1, 2, 3, 1, 2, 0, 1]),
 (16, [1028, 110, 1, 0, 0, 848, 1377, 1, 0, 1, 0, 0, 1, 0, 1]),
 (16, [1096, 40, 1, 1, 1, 1807, 1255, 0, 1, 1, 3, 1, 2, 0, 0]),
 (16, [1128, 45, 1, 0, 1, 809, 1780, 1, 1, 2, 0, 0, 0, 0, 0]),
 (16, [1174, 96, 1, 0, 1, 1301, 1729, 0, 1, 2, 1, 0, 0, 0, 0]),
 (16, [1196, 60, 1, 1, 0, 1630, 1228, 1, 0, 0, 4, 1, 1, 2, 2]),
 (16, [1208, 38, 0, 0, 0, 1896, 1091, 0, 1, 2, 4, 1, 2, 2, 2]),
 (16, [1253, 74, 1, 0, 0, 1092, 1416, 0, 1, 1, 0, 1, 0, 0, 1]),
 (16, [1254, 43, 0, 1, 1, 769, 1604, 0, 0, 2, 1, 1, 0, 0, 0]),
 (16, [1359, 119, 1, 0, 0, 965, 1206, 0, 1, 0, 4, 0, 1, 2, 1]),
 (16, [1661, 112, 0, 1, 0, 1081, 661, 1, 1, 2, 2, 1, 0, 1, 0]),
 (16, [1778, 113, 0, 0, 0, 1254, 1545, 1, 1, 0, 3, 1, 1, 1, 0]),
 (999, [762, 55, 1, 0, 0, 1613, 606, 1, 0, 2, 5, 0, 0, 2, 0]),
 (999, [785, 90, 0, 0, 0, 1375, 1072, 1, 0, 3, 0, 0, 1, 0, 0]),
 (999, [991, 19, 1, 0, 1, 2017, 1962, 0, 0, 1, 5, 0, 0, 0, 1]),
 (999, [1029, 115, 0, 0, 1, 755, 1299, 0, 0, 3, 1, 1, 2, 0, 2]),
 (999, [1078, 10, 0, 0, 0, 1988, 1305, 1, 0, 3, 3, 1, 2, 2, 1]),
 (999, [1110, 68, 0, 0, 0, 1593, 1429, 0, 0, 3, 1, 0, 1, 1, 2]),
 (999, [1120, 37, 0, 0, 1, 1793, 1427, 1, 0, 3, 3, 0, 0, 0, 1]),
 (999, [1135, 34, 0, 0, 1, 1434, 1514, 1, 1, 0, 5, 1, 1, 2, 0]),
 (999, [1641, 67, 0, 1, 0, 1843, 799, 0, 1, 3, 4, 1, 2, 1, 1]),
 (999, [1659, 79, 0, 1, 1, 654, 1167, 1, 1, 3, 2, 1, 2, 0, 2]),
 (999, [1987, 113, 1, 1, 0, 1645, 1127, 1, 1, 3, 0, 0, 1, 1, 0]),
 (999, [2022, 70, 1, 1, 1, 1985, 1728, 1, 0, 3, 0, 0, 1, 1, 2])]
Selected
[(12, [1643, 28, 0, 0, 1, 950, 1476, 1, 0, 1, 0, 1, 0, 2, 1]),
 (12, [1039, 99, 1, 1, 0, 1209, 1245, 1, 1, 2, 1, 1, 0, 2, 2]),
 (12, [1670, 75, 0, 0, 0, 1033, 591, 1, 0, 1, 3, 1, 2, 0, 1]),
 (12, [1670, 75, 0, 0, 0, 1033, 591, 1, 0, 1, 3, 1, 2, 0, 1]),
 (16, [1254, 43, 0, 1, 1, 769, 1604, 0, 0, 2, 1, 1, 0, 0, 0]),
 (16, [1011, 41, 0, 0, 0, 522, 939, 1, 1, 1, 2, 1, 0, 1, 0]),
 (16, [1028, 110, 1, 0, 0, 848, 1377, 1, 0, 1, 0, 0, 1, 0, 1]),
 (16, [1174, 96, 1, 0, 1, 1301, 1729, 0, 1, 2, 1, 0, 0, 0, 0]),
 (16, [1028, 110, 1, 0, 0, 848, 1377, 1, 0, 1, 0, 0, 1, 0, 1]),
 (16, [673, 17, 0, 1, 1, 2000, 1553, 0, 0, 1, 2, 0, 2, 1, 2]),
 (16, [735, 95, 1, 0, 1, 1343, 677, 0, 1, 1, 3, 0, 0, 2, 0]),
 (12, [1165, 110, 0, 1, 1, 1822, 888, 0, 1, 0, 3, 0, 0, 2, 2]),
 (12, [1039, 99, 1, 1, 0, 1209, 1245, 1, 1, 2, 1, 1, 0, 2, 2]),
 (16, [1128, 45, 1, 0, 1, 809, 1780, 1, 1, 2, 0, 0, 0, 0, 0]),
 (16, [1014, 40, 0, 1, 1, 686, 1573, 1, 1, 2, 3, 1, 2, 0, 1]),
 (16, [1011, 41, 0, 0, 0, 522, 939, 1, 1, 1, 2, 1, 0, 1, 0]),
 (12, [1039, 99, 1, 1, 0, 1209, 1245, 1, 1, 2, 1, 1, 0, 2, 2]),
 (16, [1011, 41, 0, 0, 0, 522, 939, 1, 1, 1, 2, 1, 0, 1, 0]),
 (12, [1670, 75, 0, 0, 0, 1033, 591, 1, 0, 1, 3, 1, 2, 0, 1]),
 (16, [673, 17, 0, 1, 1, 2000, 1553, 0, 0, 1, 2, 0, 2, 1, 2]),
 (16, [1010, 86, 1, 0, 1, 885, 1484, 1, 1, 1, 0, 0, 2, 2, 2]),
 (16, [1014, 40, 0, 1, 1, 686, 1573, 1, 1, 2, 3, 1, 2, 0, 1]),
 (12, [1643, 28, 0, 0, 1, 950, 1476, 1, 0, 1, 0, 1, 0, 2, 1]),
 (16, [735, 95, 1, 0, 1, 1343, 677, 0, 1, 1, 3, 0, 0, 2, 0]),
 (12, [1643, 28, 0, 0, 1, 950, 1476, 1, 0, 1, 0, 1, 0, 2, 1]),
 (12, [1039, 99, 1, 1, 0, 1209, 1245, 1, 1, 2, 1, 1, 0, 2, 2]),
 (12, [1165, 110, 0, 1, 1, 1822, 888, 0, 1, 0, 3, 0, 0, 2, 2])]
population
[(999, [2022, 70, 1, 1, 1, 1985, 1728, 1, 0, 3, 0, 0, 1, 1, 2]),
 (999, [1987, 113, 1, 1, 0, 1645, 1127, 1, 1, 3, 0, 0, 1, 1, 0]),
 (999, [1659, 79, 0, 1, 1, 654, 1167, 1, 1, 3, 2, 1, 2, 0, 2]),
 (999, [1641, 67, 0, 1, 0, 1843, 799, 0, 1, 3, 4, 1, 2, 1, 1]),
 (999, [1135, 34, 0, 0, 1, 1434, 1514, 1, 1, 0, 5, 1, 1, 2, 0]),
 (999, [1120, 37, 0, 0, 1, 1793, 1427, 1, 0, 3, 3, 0, 0, 0, 1]),
 (999, [1110, 68, 0, 0, 0, 1593, 1429, 0, 0, 3, 1, 0, 1, 1, 2]),
 (999, [1078, 10, 0, 0, 0, 1988, 1305, 1, 0, 3, 3, 1, 2, 2, 1]),
 (999, [1029, 115, 0, 0, 1, 755, 1299, 0, 0, 3, 1, 1, 2, 0, 2]),
 (999, [991, 19, 1, 0, 1, 2017, 1962, 0, 0, 1, 5, 0, 0, 0, 1]),
 (999, [785, 90, 0, 0, 0, 1375, 1072, 1, 0, 3, 0, 0, 1, 0, 0]),
 (999, [762, 55, 1, 0, 0, 1613, 606, 1, 0, 2, 5, 0, 0, 2, 0]),
 (16, [1778, 113, 0, 0, 0, 1254, 1545, 1, 1, 0, 3, 1, 1, 1, 0]),
 (16, [1661, 112, 0, 1, 0, 1081, 661, 1, 1, 2, 2, 1, 0, 1, 0]),
 (16, [1359, 119, 1, 0, 0, 965, 1206, 0, 1, 0, 4, 0, 1, 2, 1]),
 (16, [1254, 43, 0, 1, 1, 769, 1604, 0, 0, 2, 1, 1, 0, 0, 0]),
 (16, [1253, 74, 1, 0, 0, 1092, 1416, 0, 1, 1, 0, 1, 0, 0, 1]),
 (16, [1208, 38, 0, 0, 0, 1896, 1091, 0, 1, 2, 4, 1, 2, 2, 2]),
 (16, [1196, 60, 1, 1, 0, 1630, 1228, 1, 0, 0, 4, 1, 1, 2, 2]),
 (16, [1174, 96, 1, 0, 1, 1301, 1729, 0, 1, 2, 1, 0, 0, 0, 0]),
 (16, [1128, 45, 1, 0, 1, 809, 1780, 1, 1, 2, 0, 0, 0, 0, 0]),
 (16, [1096, 40, 1, 1, 1, 1807, 1255, 0, 1, 1, 3, 1, 2, 0, 0]),
 (16, [1028, 110, 1, 0, 0, 848, 1377, 1, 0, 1, 0, 0, 1, 0, 1]),
 (16, [1014, 40, 0, 1, 1, 686, 1573, 1, 1, 2, 3, 1, 2, 0, 1]),
 (16, [1011, 41, 0, 0, 0, 522, 939, 1, 1, 1, 2, 1, 0, 1, 0]),
 (16, [1010, 86, 1, 0, 1, 885, 1484, 1, 1, 1, 0, 0, 2, 2, 2]),
 (16, [735, 95, 1, 0, 1, 1343, 677, 0, 1, 1, 3, 0, 0, 2, 0]),
 (16, [673, 17, 0, 1, 1, 2000, 1553, 0, 0, 1, 2, 0, 2, 1, 2]),
 (12, [1670, 75, 0, 0, 0, 1033, 591, 1, 0, 1, 3, 1, 2, 0, 1]),
 (12, [1643, 28, 0, 0, 1, 950, 1476, 1, 0, 1, 0, 1, 0, 2, 1]),
 (12, [1165, 110, 0, 1, 1, 1822, 888, 0, 1, 0, 3, 0, 0, 2, 2]),
 (12, [1039, 99, 1, 1, 0, 1209, 1245, 1, 1, 2, 1, 1, 0, 2, 2])]
scored
[(12, [1039, 99, 1, 1, 0, 1209, 1245, 1, 1, 2, 1, 1, 0, 2, 2]),
 (12, [1165, 110, 0, 1, 1, 1822, 888, 0, 1, 0, 3, 0, 0, 2, 2]),
 (12, [1643, 28, 0, 0, 1, 950, 1476, 1, 0, 1, 0, 1, 0, 2, 1]),
 (12, [1670, 75, 0, 0, 0, 1033, 591, 1, 0, 1, 3, 1, 2, 0, 1]),
 (16, [673, 17, 0, 1, 1, 2000, 1553, 0, 0, 1, 2, 0, 2, 1, 2]),
 (16, [735, 95, 1, 0, 1, 1343, 677, 0, 1, 1, 3, 0, 0, 2, 0]),
 (16, [1010, 86, 1, 0, 1, 885, 1484, 1, 1, 1, 0, 0, 2, 2, 2]),
 (16, [1011, 41, 0, 0, 0, 522, 939, 1, 1, 1, 2, 1, 0, 1, 0]),
 (16, [1014, 40, 0, 1, 1, 686, 1573, 1, 1, 2, 3, 1, 2, 0, 1]),
 (16, [1028, 110, 1, 0, 0, 848, 1377, 1, 0, 1, 0, 0, 1, 0, 1]),
 (16, [1096, 40, 1, 1, 1, 1807, 1255, 0, 1, 1, 3, 1, 2, 0, 0]),
 (16, [1128, 45, 1, 0, 1, 809, 1780, 1, 1, 2, 0, 0, 0, 0, 0]),
 (16, [1174, 96, 1, 0, 1, 1301, 1729, 0, 1, 2, 1, 0, 0, 0, 0]),
 (16, [1196, 60, 1, 1, 0, 1630, 1228, 1, 0, 0, 4, 1, 1, 2, 2]),
 (16, [1208, 38, 0, 0, 0, 1896, 1091, 0, 1, 2, 4, 1, 2, 2, 2]),
 (16, [1253, 74, 1, 0, 0, 1092, 1416, 0, 1, 1, 0, 1, 0, 0, 1]),
 (16, [1254, 43, 0, 1, 1, 769, 1604, 0, 0, 2, 1, 1, 0, 0, 0]),
 (16, [1359, 119, 1, 0, 0, 965, 1206, 0, 1, 0, 4, 0, 1, 2, 1]),
 (16, [1661, 112, 0, 1, 0, 1081, 661, 1, 1, 2, 2, 1, 0, 1, 0]),
 (16, [1778, 113, 0, 0, 0, 1254, 1545, 1, 1, 0, 3, 1, 1, 1, 0]),
 (999, [762, 55, 1, 0, 0, 1613, 606, 1, 0, 2, 5, 0, 0, 2, 0]),
 (999, [785, 90, 0, 0, 0, 1375, 1072, 1, 0, 3, 0, 0, 1, 0, 0]),
 (999, [991, 19, 1, 0, 1, 2017, 1962, 0, 0, 1, 5, 0, 0, 0, 1]),
 (999, [1029, 115, 0, 0, 1, 755, 1299, 0, 0, 3, 1, 1, 2, 0, 2]),
 (999, [1078, 10, 0, 0, 0, 1988, 1305, 1, 0, 3, 3, 1, 2, 2, 1]),
 (999, [1110, 68, 0, 0, 0, 1593, 1429, 0, 0, 3, 1, 0, 1, 1, 2]),
 (999, [1120, 37, 0, 0, 1, 1793, 1427, 1, 0, 3, 3, 0, 0, 0, 1]),
 (999, [1135, 34, 0, 0, 1, 1434, 1514, 1, 1, 0, 5, 1, 1, 2, 0]),
 (999, [1641, 67, 0, 1, 0, 1843, 799, 0, 1, 3, 4, 1, 2, 1, 1]),
 (999, [1659, 79, 0, 1, 1, 654, 1167, 1, 1, 3, 2, 1, 2, 0, 2]),
 (999, [1987, 113, 1, 1, 0, 1645, 1127, 1, 1, 3, 0, 0, 1, 1, 0]),
 (999, [2022, 70, 1, 1, 1, 1985, 1728, 1, 0, 3, 0, 0, 1, 1, 2])]
Selected
[(16, [1028, 110, 1, 0, 0, 848, 1377, 1, 0, 1, 0, 0, 1, 0, 1]),
 (16, [1096, 40, 1, 1, 1, 1807, 1255, 0, 1, 1, 3, 1, 2, 0, 0]),
 (12, [1039, 99, 1, 1, 0, 1209, 1245, 1, 1, 2, 1, 1, 0, 2, 2]),
 (16, [1010, 86, 1, 0, 1, 885, 1484, 1, 1, 1, 0, 0, 2, 2, 2]),
 (16, [1028, 110, 1, 0, 0, 848, 1377, 1, 0, 1, 0, 0, 1, 0, 1]),
 (12, [1039, 99, 1, 1, 0, 1209, 1245, 1, 1, 2, 1, 1, 0, 2, 2]),
 (16, [735, 95, 1, 0, 1, 1343, 677, 0, 1, 1, 3, 0, 0, 2, 0]),
 (16, [1174, 96, 1, 0, 1, 1301, 1729, 0, 1, 2, 1, 0, 0, 0, 0]),
 (12, [1039, 99, 1, 1, 0, 1209, 1245, 1, 1, 2, 1, 1, 0, 2, 2]),
 (12, [1039, 99, 1, 1, 0, 1209, 1245, 1, 1, 2, 1, 1, 0, 2, 2]),
 (12, [1165, 110, 0, 1, 1, 1822, 888, 0, 1, 0, 3, 0, 0, 2, 2]),
 (12, [1165, 110, 0, 1, 1, 1822, 888, 0, 1, 0, 3, 0, 0, 2, 2]),
 (12, [1670, 75, 0, 0, 0, 1033, 591, 1, 0, 1, 3, 1, 2, 0, 1]),
 (16, [735, 95, 1, 0, 1, 1343, 677, 0, 1, 1, 3, 0, 0, 2, 0]),
 (12, [1670, 75, 0, 0, 0, 1033, 591, 1, 0, 1, 3, 1, 2, 0, 1]),
 (12, [1165, 110, 0, 1, 1, 1822, 888, 0, 1, 0, 3, 0, 0, 2, 2]),
 (12, [1165, 110, 0, 1, 1, 1822, 888, 0, 1, 0, 3, 0, 0, 2, 2]),
 (16, [1028, 110, 1, 0, 0, 848, 1377, 1, 0, 1, 0, 0, 1, 0, 1]),
 (16, [1174, 96, 1, 0, 1, 1301, 1729, 0, 1, 2, 1, 0, 0, 0, 0]),
 (16, [1011, 41, 0, 0, 0, 522, 939, 1, 1, 1, 2, 1, 0, 1, 0]),
 (12, [1165, 110, 0, 1, 1, 1822, 888, 0, 1, 0, 3, 0, 0, 2, 2]),
 (12, [1165, 110, 0, 1, 1, 1822, 888, 0, 1, 0, 3, 0, 0, 2, 2]),
 (16, [673, 17, 0, 1, 1, 2000, 1553, 0, 0, 1, 2, 0, 2, 1, 2]),
 (16, [1096, 40, 1, 1, 1, 1807, 1255, 0, 1, 1, 3, 1, 2, 0, 0]),
 (12, [1670, 75, 0, 0, 0, 1033, 591, 1, 0, 1, 3, 1, 2, 0, 1]),
 (12, [1165, 110, 0, 1, 1, 1822, 888, 0, 1, 0, 3, 0, 0, 2, 2]),
 (16, [1011, 41, 0, 0, 0, 522, 939, 1, 1, 1, 2, 1, 0, 1, 0])]
population
[(999, [2022, 70, 1, 1, 1, 1985, 1728, 1, 0, 3, 0, 0, 1, 1, 2]),
 (999, [1987, 113, 1, 1, 0, 1645, 1127, 1, 1, 3, 0, 0, 1, 1, 0]),
 (999, [1659, 79, 0, 1, 1, 654, 1167, 1, 1, 3, 2, 1, 2, 0, 2]),
 (999, [1641, 67, 0, 1, 0, 1843, 799, 0, 1, 3, 4, 1, 2, 1, 1]),
 (999, [1135, 34, 0, 0, 1, 1434, 1514, 1, 1, 0, 5, 1, 1, 2, 0]),
 (999, [1120, 37, 0, 0, 1, 1793, 1427, 1, 0, 3, 3, 0, 0, 0, 1]),
 (999, [1110, 68, 0, 0, 0, 1593, 1429, 0, 0, 3, 1, 0, 1, 1, 2]),
 (999, [1078, 10, 0, 0, 0, 1988, 1305, 1, 0, 3, 3, 1, 2, 2, 1]),
 (999, [1029, 115, 0, 0, 1, 755, 1299, 0, 0, 3, 1, 1, 2, 0, 2]),
 (999, [991, 19, 1, 0, 1, 2017, 1962, 0, 0, 1, 5, 0, 0, 0, 1]),
 (999, [785, 90, 0, 0, 0, 1375, 1072, 1, 0, 3, 0, 0, 1, 0, 0]),
 (999, [762, 55, 1, 0, 0, 1613, 606, 1, 0, 2, 5, 0, 0, 2, 0]),
 (16, [1778, 113, 0, 0, 0, 1254, 1545, 1, 1, 0, 3, 1, 1, 1, 0]),
 (16, [1661, 112, 0, 1, 0, 1081, 661, 1, 1, 2, 2, 1, 0, 1, 0]),
 (16, [1359, 119, 1, 0, 0, 965, 1206, 0, 1, 0, 4, 0, 1, 2, 1]),
 (16, [1254, 43, 0, 1, 1, 769, 1604, 0, 0, 2, 1, 1, 0, 0, 0]),
 (16, [1253, 74, 1, 0, 0, 1092, 1416, 0, 1, 1, 0, 1, 0, 0, 1]),
 (16, [1208, 38, 0, 0, 0, 1896, 1091, 0, 1, 2, 4, 1, 2, 2, 2]),
 (16, [1196, 60, 1, 1, 0, 1630, 1228, 1, 0, 0, 4, 1, 1, 2, 2]),
 (16, [1174, 96, 1, 0, 1, 1301, 1729, 0, 1, 2, 1, 0, 0, 0, 0]),
 (16, [1128, 45, 1, 0, 1, 809, 1780, 1, 1, 2, 0, 0, 0, 0, 0]),
 (16, [1096, 40, 1, 1, 1, 1807, 1255, 0, 1, 1, 3, 1, 2, 0, 0]),
 (16, [1028, 110, 1, 0, 0, 848, 1377, 1, 0, 1, 0, 0, 1, 0, 1]),
 (16, [1014, 40, 0, 1, 1, 686, 1573, 1, 1, 2, 3, 1, 2, 0, 1]),
 (16, [1011, 41, 0, 0, 0, 522, 939, 1, 1, 1, 2, 1, 0, 1, 0]),
 (16, [1010, 86, 1, 0, 1, 885, 1484, 1, 1, 1, 0, 0, 2, 2, 2]),
 (16, [735, 95, 1, 0, 1, 1343, 677, 0, 1, 1, 3, 0, 0, 2, 0]),
 (16, [673, 17, 0, 1, 1, 2000, 1553, 0, 0, 1, 2, 0, 2, 1, 2]),
 (12, [1670, 75, 0, 0, 0, 1033, 591, 1, 0, 1, 3, 1, 2, 0, 1]),
 (12, [1643, 28, 0, 0, 1, 950, 1476, 1, 0, 1, 0, 1, 0, 2, 1]),
 (12, [1165, 110, 0, 1, 1, 1822, 888, 0, 1, 0, 3, 0, 0, 2, 2]),
 (12, [1039, 99, 1, 1, 0, 1209, 1245, 1, 1, 2, 1, 1, 0, 2, 2])]
scored
[(12, [1039, 99, 1, 1, 0, 1209, 1245, 1, 1, 2, 1, 1, 0, 2, 2]),
 (12, [1165, 110, 0, 1, 1, 1822, 888, 0, 1, 0, 3, 0, 0, 2, 2]),
 (12, [1643, 28, 0, 0, 1, 950, 1476, 1, 0, 1, 0, 1, 0, 2, 1]),
 (12, [1670, 75, 0, 0, 0, 1033, 591, 1, 0, 1, 3, 1, 2, 0, 1]),
 (16, [673, 17, 0, 1, 1, 2000, 1553, 0, 0, 1, 2, 0, 2, 1, 2]),
 (16, [735, 95, 1, 0, 1, 1343, 677, 0, 1, 1, 3, 0, 0, 2, 0]),
 (16, [1010, 86, 1, 0, 1, 885, 1484, 1, 1, 1, 0, 0, 2, 2, 2]),
 (16, [1011, 41, 0, 0, 0, 522, 939, 1, 1, 1, 2, 1, 0, 1, 0]),
 (16, [1014, 40, 0, 1, 1, 686, 1573, 1, 1, 2, 3, 1, 2, 0, 1]),
 (16, [1028, 110, 1, 0, 0, 848, 1377, 1, 0, 1, 0, 0, 1, 0, 1]),
 (16, [1096, 40, 1, 1, 1, 1807, 1255, 0, 1, 1, 3, 1, 2, 0, 0]),
 (16, [1128, 45, 1, 0, 1, 809, 1780, 1, 1, 2, 0, 0, 0, 0, 0]),
 (16, [1174, 96, 1, 0, 1, 1301, 1729, 0, 1, 2, 1, 0, 0, 0, 0]),
 (16, [1196, 60, 1, 1, 0, 1630, 1228, 1, 0, 0, 4, 1, 1, 2, 2]),
 (16, [1208, 38, 0, 0, 0, 1896, 1091, 0, 1, 2, 4, 1, 2, 2, 2]),
 (16, [1253, 74, 1, 0, 0, 1092, 1416, 0, 1, 1, 0, 1, 0, 0, 1]),
 (16, [1254, 43, 0, 1, 1, 769, 1604, 0, 0, 2, 1, 1, 0, 0, 0]),
 (16, [1359, 119, 1, 0, 0, 965, 1206, 0, 1, 0, 4, 0, 1, 2, 1]),
 (16, [1661, 112, 0, 1, 0, 1081, 661, 1, 1, 2, 2, 1, 0, 1, 0]),
 (16, [1778, 113, 0, 0, 0, 1254, 1545, 1, 1, 0, 3, 1, 1, 1, 0]),
 (999, [762, 55, 1, 0, 0, 1613, 606, 1, 0, 2, 5, 0, 0, 2, 0]),
 (999, [785, 90, 0, 0, 0, 1375, 1072, 1, 0, 3, 0, 0, 1, 0, 0]),
 (999, [991, 19, 1, 0, 1, 2017, 1962, 0, 0, 1, 5, 0, 0, 0, 1]),
 (999, [1029, 115, 0, 0, 1, 755, 1299, 0, 0, 3, 1, 1, 2, 0, 2]),
 (999, [1078, 10, 0, 0, 0, 1988, 1305, 1, 0, 3, 3, 1, 2, 2, 1]),
 (999, [1110, 68, 0, 0, 0, 1593, 1429, 0, 0, 3, 1, 0, 1, 1, 2]),
 (999, [1120, 37, 0, 0, 1, 1793, 1427, 1, 0, 3, 3, 0, 0, 0, 1]),
 (999, [1135, 34, 0, 0, 1, 1434, 1514, 1, 1, 0, 5, 1, 1, 2, 0]),
 (999, [1641, 67, 0, 1, 0, 1843, 799, 0, 1, 3, 4, 1, 2, 1, 1]),
 (999, [1659, 79, 0, 1, 1, 654, 1167, 1, 1, 3, 2, 1, 2, 0, 2]),
 (999, [1987, 113, 1, 1, 0, 1645, 1127, 1, 1, 3, 0, 0, 1, 1, 0]),
 (999, [2022, 70, 1, 1, 1, 1985, 1728, 1, 0, 3, 0, 0, 1, 1, 2])]
Selected
[(12, [1039, 99, 1, 1, 0, 1209, 1245, 1, 1, 2, 1, 1, 0, 2, 2]),
 (12, [1039, 99, 1, 1, 0, 1209, 1245, 1, 1, 2, 1, 1, 0, 2, 2]),
 (12, [1165, 110, 0, 1, 1, 1822, 888, 0, 1, 0, 3, 0, 0, 2, 2]),
 (12, [1670, 75, 0, 0, 0, 1033, 591, 1, 0, 1, 3, 1, 2, 0, 1]),
 (16, [1096, 40, 1, 1, 1, 1807, 1255, 0, 1, 1, 3, 1, 2, 0, 0]),
 (12, [1039, 99, 1, 1, 0, 1209, 1245, 1, 1, 2, 1, 1, 0, 2, 2]),
 (12, [1039, 99, 1, 1, 0, 1209, 1245, 1, 1, 2, 1, 1, 0, 2, 2]),
 (16, [1014, 40, 0, 1, 1, 686, 1573, 1, 1, 2, 3, 1, 2, 0, 1]),
 (12, [1165, 110, 0, 1, 1, 1822, 888, 0, 1, 0, 3, 0, 0, 2, 2]),
 (16, [1096, 40, 1, 1, 1, 1807, 1255, 0, 1, 1, 3, 1, 2, 0, 0]),
 (16, [1011, 41, 0, 0, 0, 522, 939, 1, 1, 1, 2, 1, 0, 1, 0]),
 (16, [735, 95, 1, 0, 1, 1343, 677, 0, 1, 1, 3, 0, 0, 2, 0]),
 (12, [1165, 110, 0, 1, 1, 1822, 888, 0, 1, 0, 3, 0, 0, 2, 2]),
 (16, [673, 17, 0, 1, 1, 2000, 1553, 0, 0, 1, 2, 0, 2, 1, 2]),
 (16, [673, 17, 0, 1, 1, 2000, 1553, 0, 0, 1, 2, 0, 2, 1, 2]),
 (12, [1165, 110, 0, 1, 1, 1822, 888, 0, 1, 0, 3, 0, 0, 2, 2]),
 (16, [1174, 96, 1, 0, 1, 1301, 1729, 0, 1, 2, 1, 0, 0, 0, 0]),
 (16, [1011, 41, 0, 0, 0, 522, 939, 1, 1, 1, 2, 1, 0, 1, 0]),
 (12, [1039, 99, 1, 1, 0, 1209, 1245, 1, 1, 2, 1, 1, 0, 2, 2]),
 (12, [1670, 75, 0, 0, 0, 1033, 591, 1, 0, 1, 3, 1, 2, 0, 1]),
 (16, [673, 17, 0, 1, 1, 2000, 1553, 0, 0, 1, 2, 0, 2, 1, 2]),
 (16, [1014, 40, 0, 1, 1, 686, 1573, 1, 1, 2, 3, 1, 2, 0, 1]),
 (12, [1643, 28, 0, 0, 1, 950, 1476, 1, 0, 1, 0, 1, 0, 2, 1]),
 (16, [673, 17, 0, 1, 1, 2000, 1553, 0, 0, 1, 2, 0, 2, 1, 2]),
 (16, [1028, 110, 1, 0, 0, 848, 1377, 1, 0, 1, 0, 0, 1, 0, 1]),
 (16, [1196, 60, 1, 1, 0, 1630, 1228, 1, 0, 0, 4, 1, 1, 2, 2]),
 (16, [673, 17, 0, 1, 1, 2000, 1553, 0, 0, 1, 2, 0, 2, 1, 2])]
population
[(999, [2022, 70, 1, 1, 1, 1985, 1728, 1, 0, 3, 0, 0, 1, 1, 2]),
 (999, [1987, 113, 1, 1, 0, 1645, 1127, 1, 1, 3, 0, 0, 1, 1, 0]),
 (999, [1659, 79, 0, 1, 1, 654, 1167, 1, 1, 3, 2, 1, 2, 0, 2]),
 (999, [1641, 67, 0, 1, 0, 1843, 799, 0, 1, 3, 4, 1, 2, 1, 1]),
 (999, [1135, 34, 0, 0, 1, 1434, 1514, 1, 1, 0, 5, 1, 1, 2, 0]),
 (999, [1120, 37, 0, 0, 1, 1793, 1427, 1, 0, 3, 3, 0, 0, 0, 1]),
 (999, [1110, 68, 0, 0, 0, 1593, 1429, 0, 0, 3, 1, 0, 1, 1, 2]),
 (999, [1078, 10, 0, 0, 0, 1988, 1305, 1, 0, 3, 3, 1, 2, 2, 1]),
 (999, [1029, 115, 0, 0, 1, 755, 1299, 0, 0, 3, 1, 1, 2, 0, 2]),
 (999, [991, 19, 1, 0, 1, 2017, 1962, 0, 0, 1, 5, 0, 0, 0, 1]),
 (999, [785, 90, 0, 0, 0, 1375, 1072, 1, 0, 3, 0, 0, 1, 0, 0]),
 (999, [762, 55, 1, 0, 0, 1613, 606, 1, 0, 2, 5, 0, 0, 2, 0]),
 (16, [1778, 113, 0, 0, 0, 1254, 1545, 1, 1, 0, 3, 1, 1, 1, 0]),
 (16, [1661, 112, 0, 1, 0, 1081, 661, 1, 1, 2, 2, 1, 0, 1, 0]),
 (16, [1359, 119, 1, 0, 0, 965, 1206, 0, 1, 0, 4, 0, 1, 2, 1]),
 (16, [1254, 43, 0, 1, 1, 769, 1604, 0, 0, 2, 1, 1, 0, 0, 0]),
 (16, [1253, 74, 1, 0, 0, 1092, 1416, 0, 1, 1, 0, 1, 0, 0, 1]),
 (16, [1208, 38, 0, 0, 0, 1896, 1091, 0, 1, 2, 4, 1, 2, 2, 2]),
 (16, [1196, 60, 1, 1, 0, 1630, 1228, 1, 0, 0, 4, 1, 1, 2, 2]),
 (16, [1174, 96, 1, 0, 1, 1301, 1729, 0, 1, 2, 1, 0, 0, 0, 0]),
 (16, [1128, 45, 1, 0, 1, 809, 1780, 1, 1, 2, 0, 0, 0, 0, 0]),
 (16, [1096, 40, 1, 1, 1, 1807, 1255, 0, 1, 1, 3, 1, 2, 0, 0]),
 (16, [1028, 110, 1, 0, 0, 848, 1377, 1, 0, 1, 0, 0, 1, 0, 1]),
 (16, [1014, 40, 0, 1, 1, 686, 1573, 1, 1, 2, 3, 1, 2, 0, 1]),
 (16, [1011, 41, 0, 0, 0, 522, 939, 1, 1, 1, 2, 1, 0, 1, 0]),
 (16, [1010, 86, 1, 0, 1, 885, 1484, 1, 1, 1, 0, 0, 2, 2, 2]),
 (16, [735, 95, 1, 0, 1, 1343, 677, 0, 1, 1, 3, 0, 0, 2, 0]),
 (16, [673, 17, 0, 1, 1, 2000, 1553, 0, 0, 1, 2, 0, 2, 1, 2]),
 (12, [1670, 75, 0, 0, 0, 1033, 591, 1, 0, 1, 3, 1, 2, 0, 1]),
 (12, [1643, 28, 0, 0, 1, 950, 1476, 1, 0, 1, 0, 1, 0, 2, 1]),
 (12, [1165, 110, 0, 1, 1, 1822, 888, 0, 1, 0, 3, 0, 0, 2, 2]),
 (12, [1039, 99, 1, 1, 0, 1209, 1245, 1, 1, 2, 1, 1, 0, 2, 2])]
scored
[(12, [1039, 99, 1, 1, 0, 1209, 1245, 1, 1, 2, 1, 1, 0, 2, 2]),
 (12, [1165, 110, 0, 1, 1, 1822, 888, 0, 1, 0, 3, 0, 0, 2, 2]),
 (12, [1643, 28, 0, 0, 1, 950, 1476, 1, 0, 1, 0, 1, 0, 2, 1]),
 (12, [1670, 75, 0, 0, 0, 1033, 591, 1, 0, 1, 3, 1, 2, 0, 1]),
 (16, [673, 17, 0, 1, 1, 2000, 1553, 0, 0, 1, 2, 0, 2, 1, 2]),
 (16, [735, 95, 1, 0, 1, 1343, 677, 0, 1, 1, 3, 0, 0, 2, 0]),
 (16, [1010, 86, 1, 0, 1, 885, 1484, 1, 1, 1, 0, 0, 2, 2, 2]),
 (16, [1011, 41, 0, 0, 0, 522, 939, 1, 1, 1, 2, 1, 0, 1, 0]),
 (16, [1014, 40, 0, 1, 1, 686, 1573, 1, 1, 2, 3, 1, 2, 0, 1]),
 (16, [1028, 110, 1, 0, 0, 848, 1377, 1, 0, 1, 0, 0, 1, 0, 1]),
 (16, [1096, 40, 1, 1, 1, 1807, 1255, 0, 1, 1, 3, 1, 2, 0, 0]),
 (16, [1128, 45, 1, 0, 1, 809, 1780, 1, 1, 2, 0, 0, 0, 0, 0]),
 (16, [1174, 96, 1, 0, 1, 1301, 1729, 0, 1, 2, 1, 0, 0, 0, 0]),
 (16, [1196, 60, 1, 1, 0, 1630, 1228, 1, 0, 0, 4, 1, 1, 2, 2]),
 (16, [1208, 38, 0, 0, 0, 1896, 1091, 0, 1, 2, 4, 1, 2, 2, 2]),
 (16, [1253, 74, 1, 0, 0, 1092, 1416, 0, 1, 1, 0, 1, 0, 0, 1]),
 (16, [1254, 43, 0, 1, 1, 769, 1604, 0, 0, 2, 1, 1, 0, 0, 0]),
 (16, [1359, 119, 1, 0, 0, 965, 1206, 0, 1, 0, 4, 0, 1, 2, 1]),
 (16, [1661, 112, 0, 1, 0, 1081, 661, 1, 1, 2, 2, 1, 0, 1, 0]),
 (16, [1778, 113, 0, 0, 0, 1254, 1545, 1, 1, 0, 3, 1, 1, 1, 0]),
 (999, [762, 55, 1, 0, 0, 1613, 606, 1, 0, 2, 5, 0, 0, 2, 0]),
 (999, [785, 90, 0, 0, 0, 1375, 1072, 1, 0, 3, 0, 0, 1, 0, 0]),
 (999, [991, 19, 1, 0, 1, 2017, 1962, 0, 0, 1, 5, 0, 0, 0, 1]),
 (999, [1029, 115, 0, 0, 1, 755, 1299, 0, 0, 3, 1, 1, 2, 0, 2]),
 (999, [1078, 10, 0, 0, 0, 1988, 1305, 1, 0, 3, 3, 1, 2, 2, 1]),
 (999, [1110, 68, 0, 0, 0, 1593, 1429, 0, 0, 3, 1, 0, 1, 1, 2]),
 (999, [1120, 37, 0, 0, 1, 1793, 1427, 1, 0, 3, 3, 0, 0, 0, 1]),
 (999, [1135, 34, 0, 0, 1, 1434, 1514, 1, 1, 0, 5, 1, 1, 2, 0]),
 (999, [1641, 67, 0, 1, 0, 1843, 799, 0, 1, 3, 4, 1, 2, 1, 1]),
 (999, [1659, 79, 0, 1, 1, 654, 1167, 1, 1, 3, 2, 1, 2, 0, 2]),
 (999, [1987, 113, 1, 1, 0, 1645, 1127, 1, 1, 3, 0, 0, 1, 1, 0]),
 (999, [2022, 70, 1, 1, 1, 1985, 1728, 1, 0, 3, 0, 0, 1, 1, 2])]
Selected
[(12, [1643, 28, 0, 0, 1, 950, 1476, 1, 0, 1, 0, 1, 0, 2, 1]),
 (12, [1165, 110, 0, 1, 1, 1822, 888, 0, 1, 0, 3, 0, 0, 2, 2]),
 (12, [1039, 99, 1, 1, 0, 1209, 1245, 1, 1, 2, 1, 1, 0, 2, 2]),
 (12, [1643, 28, 0, 0, 1, 950, 1476, 1, 0, 1, 0, 1, 0, 2, 1]),
 (16, [1010, 86, 1, 0, 1, 885, 1484, 1, 1, 1, 0, 0, 2, 2, 2]),
 (12, [1165, 110, 0, 1, 1, 1822, 888, 0, 1, 0, 3, 0, 0, 2, 2]),
 (16, [1010, 86, 1, 0, 1, 885, 1484, 1, 1, 1, 0, 0, 2, 2, 2]),
 (12, [1643, 28, 0, 0, 1, 950, 1476, 1, 0, 1, 0, 1, 0, 2, 1]),
 (16, [673, 17, 0, 1, 1, 2000, 1553, 0, 0, 1, 2, 0, 2, 1, 2]),
 (16, [1174, 96, 1, 0, 1, 1301, 1729, 0, 1, 2, 1, 0, 0, 0, 0]),
 (12, [1039, 99, 1, 1, 0, 1209, 1245, 1, 1, 2, 1, 1, 0, 2, 2]),
 (12, [1165, 110, 0, 1, 1, 1822, 888, 0, 1, 0, 3, 0, 0, 2, 2]),
 (12, [1165, 110, 0, 1, 1, 1822, 888, 0, 1, 0, 3, 0, 0, 2, 2]),
 (16, [1208, 38, 0, 0, 0, 1896, 1091, 0, 1, 2, 4, 1, 2, 2, 2]),
 (16, [1096, 40, 1, 1, 1, 1807, 1255, 0, 1, 1, 3, 1, 2, 0, 0]),
 (12, [1165, 110, 0, 1, 1, 1822, 888, 0, 1, 0, 3, 0, 0, 2, 2]),
 (16, [1174, 96, 1, 0, 1, 1301, 1729, 0, 1, 2, 1, 0, 0, 0, 0]),
 (12, [1165, 110, 0, 1, 1, 1822, 888, 0, 1, 0, 3, 0, 0, 2, 2]),
 (12, [1039, 99, 1, 1, 0, 1209, 1245, 1, 1, 2, 1, 1, 0, 2, 2]),
 (12, [1643, 28, 0, 0, 1, 950, 1476, 1, 0, 1, 0, 1, 0, 2, 1]),
 (16, [1196, 60, 1, 1, 0, 1630, 1228, 1, 0, 0, 4, 1, 1, 2, 2]),
 (16, [1096, 40, 1, 1, 1, 1807, 1255, 0, 1, 1, 3, 1, 2, 0, 0]),
 (16, [1028, 110, 1, 0, 0, 848, 1377, 1, 0, 1, 0, 0, 1, 0, 1]),
 (12, [1165, 110, 0, 1, 1, 1822, 888, 0, 1, 0, 3, 0, 0, 2, 2]),
 (16, [673, 17, 0, 1, 1, 2000, 1553, 0, 0, 1, 2, 0, 2, 1, 2]),
 (16, [1011, 41, 0, 0, 0, 522, 939, 1, 1, 1, 2, 1, 0, 1, 0]),
 (12, [1039, 99, 1, 1, 0, 1209, 1245, 1, 1, 2, 1, 1, 0, 2, 2])]
population
[(999, [2022, 70, 1, 1, 1, 1985, 1728, 1, 0, 3, 0, 0, 1, 1, 2]),
 (999, [1987, 113, 1, 1, 0, 1645, 1127, 1, 1, 3, 0, 0, 1, 1, 0]),
 (999, [1659, 79, 0, 1, 1, 654, 1167, 1, 1, 3, 2, 1, 2, 0, 2]),
 (999, [1641, 67, 0, 1, 0, 1843, 799, 0, 1, 3, 4, 1, 2, 1, 1]),
 (999, [1135, 34, 0, 0, 1, 1434, 1514, 1, 1, 0, 5, 1, 1, 2, 0]),
 (999, [1120, 37, 0, 0, 1, 1793, 1427, 1, 0, 3, 3, 0, 0, 0, 1]),
 (999, [1110, 68, 0, 0, 0, 1593, 1429, 0, 0, 3, 1, 0, 1, 1, 2]),
 (999, [1078, 10, 0, 0, 0, 1988, 1305, 1, 0, 3, 3, 1, 2, 2, 1]),
 (999, [1029, 115, 0, 0, 1, 755, 1299, 0, 0, 3, 1, 1, 2, 0, 2]),
 (999, [991, 19, 1, 0, 1, 2017, 1962, 0, 0, 1, 5, 0, 0, 0, 1]),
 (999, [785, 90, 0, 0, 0, 1375, 1072, 1, 0, 3, 0, 0, 1, 0, 0]),
 (999, [762, 55, 1, 0, 0, 1613, 606, 1, 0, 2, 5, 0, 0, 2, 0]),
 (16, [1778, 113, 0, 0, 0, 1254, 1545, 1, 1, 0, 3, 1, 1, 1, 0]),
 (16, [1661, 112, 0, 1, 0, 1081, 661, 1, 1, 2, 2, 1, 0, 1, 0]),
 (16, [1359, 119, 1, 0, 0, 965, 1206, 0, 1, 0, 4, 0, 1, 2, 1]),
 (16, [1254, 43, 0, 1, 1, 769, 1604, 0, 0, 2, 1, 1, 0, 0, 0]),
 (16, [1253, 74, 1, 0, 0, 1092, 1416, 0, 1, 1, 0, 1, 0, 0, 1]),
 (16, [1208, 38, 0, 0, 0, 1896, 1091, 0, 1, 2, 4, 1, 2, 2, 2]),
 (16, [1196, 60, 1, 1, 0, 1630, 1228, 1, 0, 0, 4, 1, 1, 2, 2]),
 (16, [1174, 96, 1, 0, 1, 1301, 1729, 0, 1, 2, 1, 0, 0, 0, 0]),
 (16, [1128, 45, 1, 0, 1, 809, 1780, 1, 1, 2, 0, 0, 0, 0, 0]),
 (16, [1096, 40, 1, 1, 1, 1807, 1255, 0, 1, 1, 3, 1, 2, 0, 0]),
 (16, [1028, 110, 1, 0, 0, 848, 1377, 1, 0, 1, 0, 0, 1, 0, 1]),
 (16, [1014, 40, 0, 1, 1, 686, 1573, 1, 1, 2, 3, 1, 2, 0, 1]),
 (16, [1011, 41, 0, 0, 0, 522, 939, 1, 1, 1, 2, 1, 0, 1, 0]),
 (16, [1010, 86, 1, 0, 1, 885, 1484, 1, 1, 1, 0, 0, 2, 2, 2]),
 (16, [735, 95, 1, 0, 1, 1343, 677, 0, 1, 1, 3, 0, 0, 2, 0]),
 (16, [673, 17, 0, 1, 1, 2000, 1553, 0, 0, 1, 2, 0, 2, 1, 2]),
 (12, [1670, 75, 0, 0, 0, 1033, 591, 1, 0, 1, 3, 1, 2, 0, 1]),
 (12, [1643, 28, 0, 0, 1, 950, 1476, 1, 0, 1, 0, 1, 0, 2, 1]),
 (12, [1165, 110, 0, 1, 1, 1822, 888, 0, 1, 0, 3, 0, 0, 2, 2]),
 (12, [1039, 99, 1, 1, 0, 1209, 1245, 1, 1, 2, 1, 1, 0, 2, 2])]
scored
[(12, [1039, 99, 1, 1, 0, 1209, 1245, 1, 1, 2, 1, 1, 0, 2, 2]),
 (12, [1165, 110, 0, 1, 1, 1822, 888, 0, 1, 0, 3, 0, 0, 2, 2]),
 (12, [1643, 28, 0, 0, 1, 950, 1476, 1, 0, 1, 0, 1, 0, 2, 1]),
 (12, [1670, 75, 0, 0, 0, 1033, 591, 1, 0, 1, 3, 1, 2, 0, 1]),
 (16, [673, 17, 0, 1, 1, 2000, 1553, 0, 0, 1, 2, 0, 2, 1, 2]),
 (16, [735, 95, 1, 0, 1, 1343, 677, 0, 1, 1, 3, 0, 0, 2, 0]),
 (16, [1010, 86, 1, 0, 1, 885, 1484, 1, 1, 1, 0, 0, 2, 2, 2]),
 (16, [1011, 41, 0, 0, 0, 522, 939, 1, 1, 1, 2, 1, 0, 1, 0]),
 (16, [1014, 40, 0, 1, 1, 686, 1573, 1, 1, 2, 3, 1, 2, 0, 1]),
 (16, [1028, 110, 1, 0, 0, 848, 1377, 1, 0, 1, 0, 0, 1, 0, 1]),
 (16, [1096, 40, 1, 1, 1, 1807, 1255, 0, 1, 1, 3, 1, 2, 0, 0]),
 (16, [1128, 45, 1, 0, 1, 809, 1780, 1, 1, 2, 0, 0, 0, 0, 0]),
 (16, [1174, 96, 1, 0, 1, 1301, 1729, 0, 1, 2, 1, 0, 0, 0, 0]),
 (16, [1196, 60, 1, 1, 0, 1630, 1228, 1, 0, 0, 4, 1, 1, 2, 2]),
 (16, [1208, 38, 0, 0, 0, 1896, 1091, 0, 1, 2, 4, 1, 2, 2, 2]),
 (16, [1253, 74, 1, 0, 0, 1092, 1416, 0, 1, 1, 0, 1, 0, 0, 1]),
 (16, [1254, 43, 0, 1, 1, 769, 1604, 0, 0, 2, 1, 1, 0, 0, 0]),
 (16, [1359, 119, 1, 0, 0, 965, 1206, 0, 1, 0, 4, 0, 1, 2, 1]),
 (16, [1661, 112, 0, 1, 0, 1081, 661, 1, 1, 2, 2, 1, 0, 1, 0]),
 (16, [1778, 113, 0, 0, 0, 1254, 1545, 1, 1, 0, 3, 1, 1, 1, 0]),
 (999, [762, 55, 1, 0, 0, 1613, 606, 1, 0, 2, 5, 0, 0, 2, 0]),
 (999, [785, 90, 0, 0, 0, 1375, 1072, 1, 0, 3, 0, 0, 1, 0, 0]),
 (999, [991, 19, 1, 0, 1, 2017, 1962, 0, 0, 1, 5, 0, 0, 0, 1]),
 (999, [1029, 115, 0, 0, 1, 755, 1299, 0, 0, 3, 1, 1, 2, 0, 2]),
 (999, [1078, 10, 0, 0, 0, 1988, 1305, 1, 0, 3, 3, 1, 2, 2, 1]),
 (999, [1110, 68, 0, 0, 0, 1593, 1429, 0, 0, 3, 1, 0, 1, 1, 2]),
 (999, [1120, 37, 0, 0, 1, 1793, 1427, 1, 0, 3, 3, 0, 0, 0, 1]),
 (999, [1135, 34, 0, 0, 1, 1434, 1514, 1, 1, 0, 5, 1, 1, 2, 0]),
 (999, [1641, 67, 0, 1, 0, 1843, 799, 0, 1, 3, 4, 1, 2, 1, 1]),
 (999, [1659, 79, 0, 1, 1, 654, 1167, 1, 1, 3, 2, 1, 2, 0, 2]),
 (999, [1987, 113, 1, 1, 0, 1645, 1127, 1, 1, 3, 0, 0, 1, 1, 0]),
 (999, [2022, 70, 1, 1, 1, 1985, 1728, 1, 0, 3, 0, 0, 1, 1, 2])]
Selected
[(16, [1010, 86, 1, 0, 1, 885, 1484, 1, 1, 1, 0, 0, 2, 2, 2]),
 (12, [1643, 28, 0, 0, 1, 950, 1476, 1, 0, 1, 0, 1, 0, 2, 1]),
 (12, [1670, 75, 0, 0, 0, 1033, 591, 1, 0, 1, 3, 1, 2, 0, 1]),
 (16, [1010, 86, 1, 0, 1, 885, 1484, 1, 1, 1, 0, 0, 2, 2, 2]),
 (12, [1643, 28, 0, 0, 1, 950, 1476, 1, 0, 1, 0, 1, 0, 2, 1]),
 (16, [1010, 86, 1, 0, 1, 885, 1484, 1, 1, 1, 0, 0, 2, 2, 2]),
 (12, [1165, 110, 0, 1, 1, 1822, 888, 0, 1, 0, 3, 0, 0, 2, 2]),
 (12, [1670, 75, 0, 0, 0, 1033, 591, 1, 0, 1, 3, 1, 2, 0, 1]),
 (16, [1010, 86, 1, 0, 1, 885, 1484, 1, 1, 1, 0, 0, 2, 2, 2]),
 (16, [1010, 86, 1, 0, 1, 885, 1484, 1, 1, 1, 0, 0, 2, 2, 2]),
 (16, [1128, 45, 1, 0, 1, 809, 1780, 1, 1, 2, 0, 0, 0, 0, 0]),
 (16, [1014, 40, 0, 1, 1, 686, 1573, 1, 1, 2, 3, 1, 2, 0, 1]),
 (16, [1014, 40, 0, 1, 1, 686, 1573, 1, 1, 2, 3, 1, 2, 0, 1]),
 (12, [1039, 99, 1, 1, 0, 1209, 1245, 1, 1, 2, 1, 1, 0, 2, 2]),
 (12, [1643, 28, 0, 0, 1, 950, 1476, 1, 0, 1, 0, 1, 0, 2, 1]),
 (999, [785, 90, 0, 0, 0, 1375, 1072, 1, 0, 3, 0, 0, 1, 0, 0]),
 (12, [1643, 28, 0, 0, 1, 950, 1476, 1, 0, 1, 0, 1, 0, 2, 1]),
 (16, [1011, 41, 0, 0, 0, 522, 939, 1, 1, 1, 2, 1, 0, 1, 0]),
 (16, [673, 17, 0, 1, 1, 2000, 1553, 0, 0, 1, 2, 0, 2, 1, 2]),
 (12, [1165, 110, 0, 1, 1, 1822, 888, 0, 1, 0, 3, 0, 0, 2, 2]),
 (16, [1014, 40, 0, 1, 1, 686, 1573, 1, 1, 2, 3, 1, 2, 0, 1]),
 (16, [673, 17, 0, 1, 1, 2000, 1553, 0, 0, 1, 2, 0, 2, 1, 2]),
 (16, [735, 95, 1, 0, 1, 1343, 677, 0, 1, 1, 3, 0, 0, 2, 0]),
 (12, [1670, 75, 0, 0, 0, 1033, 591, 1, 0, 1, 3, 1, 2, 0, 1]),
 (16, [673, 17, 0, 1, 1, 2000, 1553, 0, 0, 1, 2, 0, 2, 1, 2]),
 (12, [1039, 99, 1, 1, 0, 1209, 1245, 1, 1, 2, 1, 1, 0, 2, 2]),
 (16, [673, 17, 0, 1, 1, 2000, 1553, 0, 0, 1, 2, 0, 2, 1, 2])]
population
[(999, [2022, 70, 1, 1, 1, 1985, 1728, 1, 0, 3, 0, 0, 1, 1, 2]),
 (999, [1987, 113, 1, 1, 0, 1645, 1127, 1, 1, 3, 0, 0, 1, 1, 0]),
 (999, [1659, 79, 0, 1, 1, 654, 1167, 1, 1, 3, 2, 1, 2, 0, 2]),
 (999, [1641, 67, 0, 1, 0, 1843, 799, 0, 1, 3, 4, 1, 2, 1, 1]),
 (999, [1135, 34, 0, 0, 1, 1434, 1514, 1, 1, 0, 5, 1, 1, 2, 0]),
 (999, [1120, 37, 0, 0, 1, 1793, 1427, 1, 0, 3, 3, 0, 0, 0, 1]),
 (999, [1110, 68, 0, 0, 0, 1593, 1429, 0, 0, 3, 1, 0, 1, 1, 2]),
 (999, [1078, 10, 0, 0, 0, 1988, 1305, 1, 0, 3, 3, 1, 2, 2, 1]),
 (999, [1029, 115, 0, 0, 1, 755, 1299, 0, 0, 3, 1, 1, 2, 0, 2]),
 (999, [991, 19, 1, 0, 1, 2017, 1962, 0, 0, 1, 5, 0, 0, 0, 1]),
 (999, [785, 90, 0, 0, 0, 1375, 1072, 1, 0, 3, 0, 0, 1, 0, 0]),
 (999, [762, 55, 1, 0, 0, 1613, 606, 1, 0, 2, 5, 0, 0, 2, 0]),
 (16, [1778, 113, 0, 0, 0, 1254, 1545, 1, 1, 0, 3, 1, 1, 1, 0]),
 (16, [1661, 112, 0, 1, 0, 1081, 661, 1, 1, 2, 2, 1, 0, 1, 0]),
 (16, [1359, 119, 1, 0, 0, 965, 1206, 0, 1, 0, 4, 0, 1, 2, 1]),
 (16, [1254, 43, 0, 1, 1, 769, 1604, 0, 0, 2, 1, 1, 0, 0, 0]),
 (16, [1253, 74, 1, 0, 0, 1092, 1416, 0, 1, 1, 0, 1, 0, 0, 1]),
 (16, [1208, 38, 0, 0, 0, 1896, 1091, 0, 1, 2, 4, 1, 2, 2, 2]),
 (16, [1196, 60, 1, 1, 0, 1630, 1228, 1, 0, 0, 4, 1, 1, 2, 2]),
 (16, [1174, 96, 1, 0, 1, 1301, 1729, 0, 1, 2, 1, 0, 0, 0, 0]),
 (16, [1128, 45, 1, 0, 1, 809, 1780, 1, 1, 2, 0, 0, 0, 0, 0]),
 (16, [1096, 40, 1, 1, 1, 1807, 1255, 0, 1, 1, 3, 1, 2, 0, 0]),
 (16, [1028, 110, 1, 0, 0, 848, 1377, 1, 0, 1, 0, 0, 1, 0, 1]),
 (16, [1014, 40, 0, 1, 1, 686, 1573, 1, 1, 2, 3, 1, 2, 0, 1]),
 (16, [1011, 41, 0, 0, 0, 522, 939, 1, 1, 1, 2, 1, 0, 1, 0]),
 (16, [1010, 86, 1, 0, 1, 885, 1484, 1, 1, 1, 0, 0, 2, 2, 2]),
 (16, [735, 95, 1, 0, 1, 1343, 677, 0, 1, 1, 3, 0, 0, 2, 0]),
 (16, [673, 17, 0, 1, 1, 2000, 1553, 0, 0, 1, 2, 0, 2, 1, 2]),
 (12, [1670, 75, 0, 0, 0, 1033, 591, 1, 0, 1, 3, 1, 2, 0, 1]),
 (12, [1643, 28, 0, 0, 1, 950, 1476, 1, 0, 1, 0, 1, 0, 2, 1]),
 (12, [1165, 110, 0, 1, 1, 1822, 888, 0, 1, 0, 3, 0, 0, 2, 2]),
 (12, [1039, 99, 1, 1, 0, 1209, 1245, 1, 1, 2, 1, 1, 0, 2, 2])]
scored
[(12, [1039, 99, 1, 1, 0, 1209, 1245, 1, 1, 2, 1, 1, 0, 2, 2]),
 (12, [1165, 110, 0, 1, 1, 1822, 888, 0, 1, 0, 3, 0, 0, 2, 2]),
 (12, [1643, 28, 0, 0, 1, 950, 1476, 1, 0, 1, 0, 1, 0, 2, 1]),
 (12, [1670, 75, 0, 0, 0, 1033, 591, 1, 0, 1, 3, 1, 2, 0, 1]),
 (16, [673, 17, 0, 1, 1, 2000, 1553, 0, 0, 1, 2, 0, 2, 1, 2]),
 (16, [735, 95, 1, 0, 1, 1343, 677, 0, 1, 1, 3, 0, 0, 2, 0]),
 (16, [1010, 86, 1, 0, 1, 885, 1484, 1, 1, 1, 0, 0, 2, 2, 2]),
 (16, [1011, 41, 0, 0, 0, 522, 939, 1, 1, 1, 2, 1, 0, 1, 0]),
 (16, [1014, 40, 0, 1, 1, 686, 1573, 1, 1, 2, 3, 1, 2, 0, 1]),
 (16, [1028, 110, 1, 0, 0, 848, 1377, 1, 0, 1, 0, 0, 1, 0, 1]),
 (16, [1096, 40, 1, 1, 1, 1807, 1255, 0, 1, 1, 3, 1, 2, 0, 0]),
 (16, [1128, 45, 1, 0, 1, 809, 1780, 1, 1, 2, 0, 0, 0, 0, 0]),
 (16, [1174, 96, 1, 0, 1, 1301, 1729, 0, 1, 2, 1, 0, 0, 0, 0]),
 (16, [1196, 60, 1, 1, 0, 1630, 1228, 1, 0, 0, 4, 1, 1, 2, 2]),
 (16, [1208, 38, 0, 0, 0, 1896, 1091, 0, 1, 2, 4, 1, 2, 2, 2]),
 (16, [1253, 74, 1, 0, 0, 1092, 1416, 0, 1, 1, 0, 1, 0, 0, 1]),
 (16, [1254, 43, 0, 1, 1, 769, 1604, 0, 0, 2, 1, 1, 0, 0, 0]),
 (16, [1359, 119, 1, 0, 0, 965, 1206, 0, 1, 0, 4, 0, 1, 2, 1]),
 (16, [1661, 112, 0, 1, 0, 1081, 661, 1, 1, 2, 2, 1, 0, 1, 0]),
 (16, [1778, 113, 0, 0, 0, 1254, 1545, 1, 1, 0, 3, 1, 1, 1, 0]),
 (999, [762, 55, 1, 0, 0, 1613, 606, 1, 0, 2, 5, 0, 0, 2, 0]),
 (999, [785, 90, 0, 0, 0, 1375, 1072, 1, 0, 3, 0, 0, 1, 0, 0]),
 (999, [991, 19, 1, 0, 1, 2017, 1962, 0, 0, 1, 5, 0, 0, 0, 1]),
 (999, [1029, 115, 0, 0, 1, 755, 1299, 0, 0, 3, 1, 1, 2, 0, 2]),
 (999, [1078, 10, 0, 0, 0, 1988, 1305, 1, 0, 3, 3, 1, 2, 2, 1]),
 (999, [1110, 68, 0, 0, 0, 1593, 1429, 0, 0, 3, 1, 0, 1, 1, 2]),
 (999, [1120, 37, 0, 0, 1, 1793, 1427, 1, 0, 3, 3, 0, 0, 0, 1]),
 (999, [1135, 34, 0, 0, 1, 1434, 1514, 1, 1, 0, 5, 1, 1, 2, 0]),
 (999, [1641, 67, 0, 1, 0, 1843, 799, 0, 1, 3, 4, 1, 2, 1, 1]),
 (999, [1659, 79, 0, 1, 1, 654, 1167, 1, 1, 3, 2, 1, 2, 0, 2]),
 (999, [1987, 113, 1, 1, 0, 1645, 1127, 1, 1, 3, 0, 0, 1, 1, 0]),
 (999, [2022, 70, 1, 1, 1, 1985, 1728, 1, 0, 3, 0, 0, 1, 1, 2])]
Selected
[(12, [1039, 99, 1, 1, 0, 1209, 1245, 1, 1, 2, 1, 1, 0, 2, 2]),
 (16, [1096, 40, 1, 1, 1, 1807, 1255, 0, 1, 1, 3, 1, 2, 0, 0]),
 (12, [1165, 110, 0, 1, 1, 1822, 888, 0, 1, 0, 3, 0, 0, 2, 2]),
 (16, [1128, 45, 1, 0, 1, 809, 1780, 1, 1, 2, 0, 0, 0, 0, 0]),
 (12, [1039, 99, 1, 1, 0, 1209, 1245, 1, 1, 2, 1, 1, 0, 2, 2]),
 (12, [1670, 75, 0, 0, 0, 1033, 591, 1, 0, 1, 3, 1, 2, 0, 1]),
 (12, [1643, 28, 0, 0, 1, 950, 1476, 1, 0, 1, 0, 1, 0, 2, 1]),
 (12, [1165, 110, 0, 1, 1, 1822, 888, 0, 1, 0, 3, 0, 0, 2, 2]),
 (12, [1670, 75, 0, 0, 0, 1033, 591, 1, 0, 1, 3, 1, 2, 0, 1]),
 (16, [673, 17, 0, 1, 1, 2000, 1553, 0, 0, 1, 2, 0, 2, 1, 2]),
 (16, [1011, 41, 0, 0, 0, 522, 939, 1, 1, 1, 2, 1, 0, 1, 0]),
 (12, [1643, 28, 0, 0, 1, 950, 1476, 1, 0, 1, 0, 1, 0, 2, 1]),
 (16, [1011, 41, 0, 0, 0, 522, 939, 1, 1, 1, 2, 1, 0, 1, 0]),
 (12, [1039, 99, 1, 1, 0, 1209, 1245, 1, 1, 2, 1, 1, 0, 2, 2]),
 (12, [1643, 28, 0, 0, 1, 950, 1476, 1, 0, 1, 0, 1, 0, 2, 1]),
 (12, [1165, 110, 0, 1, 1, 1822, 888, 0, 1, 0, 3, 0, 0, 2, 2]),
 (12, [1643, 28, 0, 0, 1, 950, 1476, 1, 0, 1, 0, 1, 0, 2, 1]),
 (12, [1165, 110, 0, 1, 1, 1822, 888, 0, 1, 0, 3, 0, 0, 2, 2]),
 (16, [1011, 41, 0, 0, 0, 522, 939, 1, 1, 1, 2, 1, 0, 1, 0]),
 (12, [1165, 110, 0, 1, 1, 1822, 888, 0, 1, 0, 3, 0, 0, 2, 2]),
 (16, [735, 95, 1, 0, 1, 1343, 677, 0, 1, 1, 3, 0, 0, 2, 0]),
 (16, [1010, 86, 1, 0, 1, 885, 1484, 1, 1, 1, 0, 0, 2, 2, 2]),
 (12, [1039, 99, 1, 1, 0, 1209, 1245, 1, 1, 2, 1, 1, 0, 2, 2]),
 (12, [1670, 75, 0, 0, 0, 1033, 591, 1, 0, 1, 3, 1, 2, 0, 1]),
 (12, [1165, 110, 0, 1, 1, 1822, 888, 0, 1, 0, 3, 0, 0, 2, 2]),
 (16, [735, 95, 1, 0, 1, 1343, 677, 0, 1, 1, 3, 0, 0, 2, 0]),
 (12, [1165, 110, 0, 1, 1, 1822, 888, 0, 1, 0, 3, 0, 0, 2, 2])]
population
[(999, [2022, 70, 1, 1, 1, 1985, 1728, 1, 0, 3, 0, 0, 1, 1, 2]),
 (999, [1987, 113, 1, 1, 0, 1645, 1127, 1, 1, 3, 0, 0, 1, 1, 0]),
 (999, [1659, 79, 0, 1, 1, 654, 1167, 1, 1, 3, 2, 1, 2, 0, 2]),
 (999, [1641, 67, 0, 1, 0, 1843, 799, 0, 1, 3, 4, 1, 2, 1, 1]),
 (999, [1135, 34, 0, 0, 1, 1434, 1514, 1, 1, 0, 5, 1, 1, 2, 0]),
 (999, [1120, 37, 0, 0, 1, 1793, 1427, 1, 0, 3, 3, 0, 0, 0, 1]),
 (999, [1110, 68, 0, 0, 0, 1593, 1429, 0, 0, 3, 1, 0, 1, 1, 2]),
 (999, [1078, 10, 0, 0, 0, 1988, 1305, 1, 0, 3, 3, 1, 2, 2, 1]),
 (999, [1029, 115, 0, 0, 1, 755, 1299, 0, 0, 3, 1, 1, 2, 0, 2]),
 (999, [991, 19, 1, 0, 1, 2017, 1962, 0, 0, 1, 5, 0, 0, 0, 1]),
 (999, [785, 90, 0, 0, 0, 1375, 1072, 1, 0, 3, 0, 0, 1, 0, 0]),
 (999, [762, 55, 1, 0, 0, 1613, 606, 1, 0, 2, 5, 0, 0, 2, 0]),
 (16, [1778, 113, 0, 0, 0, 1254, 1545, 1, 1, 0, 3, 1, 1, 1, 0]),
 (16, [1661, 112, 0, 1, 0, 1081, 661, 1, 1, 2, 2, 1, 0, 1, 0]),
 (16, [1359, 119, 1, 0, 0, 965, 1206, 0, 1, 0, 4, 0, 1, 2, 1]),
 (16, [1254, 43, 0, 1, 1, 769, 1604, 0, 0, 2, 1, 1, 0, 0, 0]),
 (16, [1253, 74, 1, 0, 0, 1092, 1416, 0, 1, 1, 0, 1, 0, 0, 1]),
 (16, [1208, 38, 0, 0, 0, 1896, 1091, 0, 1, 2, 4, 1, 2, 2, 2]),
 (16, [1196, 60, 1, 1, 0, 1630, 1228, 1, 0, 0, 4, 1, 1, 2, 2]),
 (16, [1174, 96, 1, 0, 1, 1301, 1729, 0, 1, 2, 1, 0, 0, 0, 0]),
 (16, [1128, 45, 1, 0, 1, 809, 1780, 1, 1, 2, 0, 0, 0, 0, 0]),
 (16, [1096, 40, 1, 1, 1, 1807, 1255, 0, 1, 1, 3, 1, 2, 0, 0]),
 (16, [1028, 110, 1, 0, 0, 848, 1377, 1, 0, 1, 0, 0, 1, 0, 1]),
 (16, [1014, 40, 0, 1, 1, 686, 1573, 1, 1, 2, 3, 1, 2, 0, 1]),
 (16, [1011, 41, 0, 0, 0, 522, 939, 1, 1, 1, 2, 1, 0, 1, 0]),
 (16, [1010, 86, 1, 0, 1, 885, 1484, 1, 1, 1, 0, 0, 2, 2, 2]),
 (16, [735, 95, 1, 0, 1, 1343, 677, 0, 1, 1, 3, 0, 0, 2, 0]),
 (16, [673, 17, 0, 1, 1, 2000, 1553, 0, 0, 1, 2, 0, 2, 1, 2]),
 (12, [1670, 75, 0, 0, 0, 1033, 591, 1, 0, 1, 3, 1, 2, 0, 1]),
 (12, [1643, 28, 0, 0, 1, 950, 1476, 1, 0, 1, 0, 1, 0, 2, 1]),
 (12, [1165, 110, 0, 1, 1, 1822, 888, 0, 1, 0, 3, 0, 0, 2, 2]),
 (12, [1039, 99, 1, 1, 0, 1209, 1245, 1, 1, 2, 1, 1, 0, 2, 2])]
scored
[(12, [1039, 99, 1, 1, 0, 1209, 1245, 1, 1, 2, 1, 1, 0, 2, 2]),
 (12, [1165, 110, 0, 1, 1, 1822, 888, 0, 1, 0, 3, 0, 0, 2, 2]),
 (12, [1643, 28, 0, 0, 1, 950, 1476, 1, 0, 1, 0, 1, 0, 2, 1]),
 (12, [1670, 75, 0, 0, 0, 1033, 591, 1, 0, 1, 3, 1, 2, 0, 1]),
 (16, [673, 17, 0, 1, 1, 2000, 1553, 0, 0, 1, 2, 0, 2, 1, 2]),
 (16, [735, 95, 1, 0, 1, 1343, 677, 0, 1, 1, 3, 0, 0, 2, 0]),
 (16, [1010, 86, 1, 0, 1, 885, 1484, 1, 1, 1, 0, 0, 2, 2, 2]),
 (16, [1011, 41, 0, 0, 0, 522, 939, 1, 1, 1, 2, 1, 0, 1, 0]),
 (16, [1014, 40, 0, 1, 1, 686, 1573, 1, 1, 2, 3, 1, 2, 0, 1]),
 (16, [1028, 110, 1, 0, 0, 848, 1377, 1, 0, 1, 0, 0, 1, 0, 1]),
 (16, [1096, 40, 1, 1, 1, 1807, 1255, 0, 1, 1, 3, 1, 2, 0, 0]),
 (16, [1128, 45, 1, 0, 1, 809, 1780, 1, 1, 2, 0, 0, 0, 0, 0]),
 (16, [1174, 96, 1, 0, 1, 1301, 1729, 0, 1, 2, 1, 0, 0, 0, 0]),
 (16, [1196, 60, 1, 1, 0, 1630, 1228, 1, 0, 0, 4, 1, 1, 2, 2]),
 (16, [1208, 38, 0, 0, 0, 1896, 1091, 0, 1, 2, 4, 1, 2, 2, 2]),
 (16, [1253, 74, 1, 0, 0, 1092, 1416, 0, 1, 1, 0, 1, 0, 0, 1]),
 (16, [1254, 43, 0, 1, 1, 769, 1604, 0, 0, 2, 1, 1, 0, 0, 0]),
 (16, [1359, 119, 1, 0, 0, 965, 1206, 0, 1, 0, 4, 0, 1, 2, 1]),
 (16, [1661, 112, 0, 1, 0, 1081, 661, 1, 1, 2, 2, 1, 0, 1, 0]),
 (16, [1778, 113, 0, 0, 0, 1254, 1545, 1, 1, 0, 3, 1, 1, 1, 0]),
 (999, [762, 55, 1, 0, 0, 1613, 606, 1, 0, 2, 5, 0, 0, 2, 0]),
 (999, [785, 90, 0, 0, 0, 1375, 1072, 1, 0, 3, 0, 0, 1, 0, 0]),
 (999, [991, 19, 1, 0, 1, 2017, 1962, 0, 0, 1, 5, 0, 0, 0, 1]),
 (999, [1029, 115, 0, 0, 1, 755, 1299, 0, 0, 3, 1, 1, 2, 0, 2]),
 (999, [1078, 10, 0, 0, 0, 1988, 1305, 1, 0, 3, 3, 1, 2, 2, 1]),
 (999, [1110, 68, 0, 0, 0, 1593, 1429, 0, 0, 3, 1, 0, 1, 1, 2]),
 (999, [1120, 37, 0, 0, 1, 1793, 1427, 1, 0, 3, 3, 0, 0, 0, 1]),
 (999, [1135, 34, 0, 0, 1, 1434, 1514, 1, 1, 0, 5, 1, 1, 2, 0]),
 (999, [1641, 67, 0, 1, 0, 1843, 799, 0, 1, 3, 4, 1, 2, 1, 1]),
 (999, [1659, 79, 0, 1, 1, 654, 1167, 1, 1, 3, 2, 1, 2, 0, 2]),
 (999, [1987, 113, 1, 1, 0, 1645, 1127, 1, 1, 3, 0, 0, 1, 1, 0]),
 (999, [2022, 70, 1, 1, 1, 1985, 1728, 1, 0, 3, 0, 0, 1, 1, 2])]
Selected
[(16, [673, 17, 0, 1, 1, 2000, 1553, 0, 0, 1, 2, 0, 2, 1, 2]),
 (16, [1208, 38, 0, 0, 0, 1896, 1091, 0, 1, 2, 4, 1, 2, 2, 2]),
 (16, [1174, 96, 1, 0, 1, 1301, 1729, 0, 1, 2, 1, 0, 0, 0, 0]),
 (12, [1643, 28, 0, 0, 1, 950, 1476, 1, 0, 1, 0, 1, 0, 2, 1]),
 (16, [1011, 41, 0, 0, 0, 522, 939, 1, 1, 1, 2, 1, 0, 1, 0]),
 (16, [673, 17, 0, 1, 1, 2000, 1553, 0, 0, 1, 2, 0, 2, 1, 2]),
 (16, [1174, 96, 1, 0, 1, 1301, 1729, 0, 1, 2, 1, 0, 0, 0, 0]),
 (16, [1010, 86, 1, 0, 1, 885, 1484, 1, 1, 1, 0, 0, 2, 2, 2]),
 (16, [1010, 86, 1, 0, 1, 885, 1484, 1, 1, 1, 0, 0, 2, 2, 2]),
 (16, [1010, 86, 1, 0, 1, 885, 1484, 1, 1, 1, 0, 0, 2, 2, 2]),
 (12, [1670, 75, 0, 0, 0, 1033, 591, 1, 0, 1, 3, 1, 2, 0, 1]),
 (16, [1196, 60, 1, 1, 0, 1630, 1228, 1, 0, 0, 4, 1, 1, 2, 2]),
 (12, [1670, 75, 0, 0, 0, 1033, 591, 1, 0, 1, 3, 1, 2, 0, 1]),
 (12, [1165, 110, 0, 1, 1, 1822, 888, 0, 1, 0, 3, 0, 0, 2, 2]),
 (12, [1670, 75, 0, 0, 0, 1033, 591, 1, 0, 1, 3, 1, 2, 0, 1]),
 (16, [1010, 86, 1, 0, 1, 885, 1484, 1, 1, 1, 0, 0, 2, 2, 2]),
 (16, [735, 95, 1, 0, 1, 1343, 677, 0, 1, 1, 3, 0, 0, 2, 0]),
 (16, [1014, 40, 0, 1, 1, 686, 1573, 1, 1, 2, 3, 1, 2, 0, 1]),
 (16, [735, 95, 1, 0, 1, 1343, 677, 0, 1, 1, 3, 0, 0, 2, 0]),
 (12, [1643, 28, 0, 0, 1, 950, 1476, 1, 0, 1, 0, 1, 0, 2, 1]),
 (16, [673, 17, 0, 1, 1, 2000, 1553, 0, 0, 1, 2, 0, 2, 1, 2]),
 (16, [735, 95, 1, 0, 1, 1343, 677, 0, 1, 1, 3, 0, 0, 2, 0]),
 (16, [735, 95, 1, 0, 1, 1343, 677, 0, 1, 1, 3, 0, 0, 2, 0]),
 (16, [1010, 86, 1, 0, 1, 885, 1484, 1, 1, 1, 0, 0, 2, 2, 2]),
 (12, [1039, 99, 1, 1, 0, 1209, 1245, 1, 1, 2, 1, 1, 0, 2, 2]),
 (16, [1010, 86, 1, 0, 1, 885, 1484, 1, 1, 1, 0, 0, 2, 2, 2]),
 (16, [673, 17, 0, 1, 1, 2000, 1553, 0, 0, 1, 2, 0, 2, 1, 2])]
population
[(999, [2022, 70, 1, 1, 1, 1985, 1728, 1, 0, 3, 0, 0, 1, 1, 2]),
 (999, [1987, 113, 1, 1, 0, 1645, 1127, 1, 1, 3, 0, 0, 1, 1, 0]),
 (999, [1659, 79, 0, 1, 1, 654, 1167, 1, 1, 3, 2, 1, 2, 0, 2]),
 (999, [1641, 67, 0, 1, 0, 1843, 799, 0, 1, 3, 4, 1, 2, 1, 1]),
 (999, [1135, 34, 0, 0, 1, 1434, 1514, 1, 1, 0, 5, 1, 1, 2, 0]),
 (999, [1120, 37, 0, 0, 1, 1793, 1427, 1, 0, 3, 3, 0, 0, 0, 1]),
 (999, [1110, 68, 0, 0, 0, 1593, 1429, 0, 0, 3, 1, 0, 1, 1, 2]),
 (999, [1078, 10, 0, 0, 0, 1988, 1305, 1, 0, 3, 3, 1, 2, 2, 1]),
 (999, [1029, 115, 0, 0, 1, 755, 1299, 0, 0, 3, 1, 1, 2, 0, 2]),
 (999, [991, 19, 1, 0, 1, 2017, 1962, 0, 0, 1, 5, 0, 0, 0, 1]),
 (999, [785, 90, 0, 0, 0, 1375, 1072, 1, 0, 3, 0, 0, 1, 0, 0]),
 (999, [762, 55, 1, 0, 0, 1613, 606, 1, 0, 2, 5, 0, 0, 2, 0]),
 (16, [1778, 113, 0, 0, 0, 1254, 1545, 1, 1, 0, 3, 1, 1, 1, 0]),
 (16, [1661, 112, 0, 1, 0, 1081, 661, 1, 1, 2, 2, 1, 0, 1, 0]),
 (16, [1359, 119, 1, 0, 0, 965, 1206, 0, 1, 0, 4, 0, 1, 2, 1]),
 (16, [1254, 43, 0, 1, 1, 769, 1604, 0, 0, 2, 1, 1, 0, 0, 0]),
 (16, [1253, 74, 1, 0, 0, 1092, 1416, 0, 1, 1, 0, 1, 0, 0, 1]),
 (16, [1208, 38, 0, 0, 0, 1896, 1091, 0, 1, 2, 4, 1, 2, 2, 2]),
 (16, [1196, 60, 1, 1, 0, 1630, 1228, 1, 0, 0, 4, 1, 1, 2, 2]),
 (16, [1174, 96, 1, 0, 1, 1301, 1729, 0, 1, 2, 1, 0, 0, 0, 0]),
 (16, [1128, 45, 1, 0, 1, 809, 1780, 1, 1, 2, 0, 0, 0, 0, 0]),
 (16, [1096, 40, 1, 1, 1, 1807, 1255, 0, 1, 1, 3, 1, 2, 0, 0]),
 (16, [1028, 110, 1, 0, 0, 848, 1377, 1, 0, 1, 0, 0, 1, 0, 1]),
 (16, [1014, 40, 0, 1, 1, 686, 1573, 1, 1, 2, 3, 1, 2, 0, 1]),
 (16, [1011, 41, 0, 0, 0, 522, 939, 1, 1, 1, 2, 1, 0, 1, 0]),
 (16, [1010, 86, 1, 0, 1, 885, 1484, 1, 1, 1, 0, 0, 2, 2, 2]),
 (16, [735, 95, 1, 0, 1, 1343, 677, 0, 1, 1, 3, 0, 0, 2, 0]),
 (16, [673, 17, 0, 1, 1, 2000, 1553, 0, 0, 1, 2, 0, 2, 1, 2]),
 (12, [1670, 75, 0, 0, 0, 1033, 591, 1, 0, 1, 3, 1, 2, 0, 1]),
 (12, [1643, 28, 0, 0, 1, 950, 1476, 1, 0, 1, 0, 1, 0, 2, 1]),
 (12, [1165, 110, 0, 1, 1, 1822, 888, 0, 1, 0, 3, 0, 0, 2, 2]),
 (12, [1039, 99, 1, 1, 0, 1209, 1245, 1, 1, 2, 1, 1, 0, 2, 2])]
scored
[(12, [1039, 99, 1, 1, 0, 1209, 1245, 1, 1, 2, 1, 1, 0, 2, 2]),
 (12, [1165, 110, 0, 1, 1, 1822, 888, 0, 1, 0, 3, 0, 0, 2, 2]),
 (12, [1643, 28, 0, 0, 1, 950, 1476, 1, 0, 1, 0, 1, 0, 2, 1]),
 (12, [1670, 75, 0, 0, 0, 1033, 591, 1, 0, 1, 3, 1, 2, 0, 1]),
 (16, [673, 17, 0, 1, 1, 2000, 1553, 0, 0, 1, 2, 0, 2, 1, 2]),
 (16, [735, 95, 1, 0, 1, 1343, 677, 0, 1, 1, 3, 0, 0, 2, 0]),
 (16, [1010, 86, 1, 0, 1, 885, 1484, 1, 1, 1, 0, 0, 2, 2, 2]),
 (16, [1011, 41, 0, 0, 0, 522, 939, 1, 1, 1, 2, 1, 0, 1, 0]),
 (16, [1014, 40, 0, 1, 1, 686, 1573, 1, 1, 2, 3, 1, 2, 0, 1]),
 (16, [1028, 110, 1, 0, 0, 848, 1377, 1, 0, 1, 0, 0, 1, 0, 1]),
 (16, [1096, 40, 1, 1, 1, 1807, 1255, 0, 1, 1, 3, 1, 2, 0, 0]),
 (16, [1128, 45, 1, 0, 1, 809, 1780, 1, 1, 2, 0, 0, 0, 0, 0]),
 (16, [1174, 96, 1, 0, 1, 1301, 1729, 0, 1, 2, 1, 0, 0, 0, 0]),
 (16, [1196, 60, 1, 1, 0, 1630, 1228, 1, 0, 0, 4, 1, 1, 2, 2]),
 (16, [1208, 38, 0, 0, 0, 1896, 1091, 0, 1, 2, 4, 1, 2, 2, 2]),
 (16, [1253, 74, 1, 0, 0, 1092, 1416, 0, 1, 1, 0, 1, 0, 0, 1]),
 (16, [1254, 43, 0, 1, 1, 769, 1604, 0, 0, 2, 1, 1, 0, 0, 0]),
 (16, [1359, 119, 1, 0, 0, 965, 1206, 0, 1, 0, 4, 0, 1, 2, 1]),
 (16, [1661, 112, 0, 1, 0, 1081, 661, 1, 1, 2, 2, 1, 0, 1, 0]),
 (16, [1778, 113, 0, 0, 0, 1254, 1545, 1, 1, 0, 3, 1, 1, 1, 0]),
 (999, [762, 55, 1, 0, 0, 1613, 606, 1, 0, 2, 5, 0, 0, 2, 0]),
 (999, [785, 90, 0, 0, 0, 1375, 1072, 1, 0, 3, 0, 0, 1, 0, 0]),
 (999, [991, 19, 1, 0, 1, 2017, 1962, 0, 0, 1, 5, 0, 0, 0, 1]),
 (999, [1029, 115, 0, 0, 1, 755, 1299, 0, 0, 3, 1, 1, 2, 0, 2]),
 (999, [1078, 10, 0, 0, 0, 1988, 1305, 1, 0, 3, 3, 1, 2, 2, 1]),
 (999, [1110, 68, 0, 0, 0, 1593, 1429, 0, 0, 3, 1, 0, 1, 1, 2]),
 (999, [1120, 37, 0, 0, 1, 1793, 1427, 1, 0, 3, 3, 0, 0, 0, 1]),
 (999, [1135, 34, 0, 0, 1, 1434, 1514, 1, 1, 0, 5, 1, 1, 2, 0]),
 (999, [1641, 67, 0, 1, 0, 1843, 799, 0, 1, 3, 4, 1, 2, 1, 1]),
 (999, [1659, 79, 0, 1, 1, 654, 1167, 1, 1, 3, 2, 1, 2, 0, 2]),
 (999, [1987, 113, 1, 1, 0, 1645, 1127, 1, 1, 3, 0, 0, 1, 1, 0]),
 (999, [2022, 70, 1, 1, 1, 1985, 1728, 1, 0, 3, 0, 0, 1, 1, 2])]
Selected
[(12, [1643, 28, 0, 0, 1, 950, 1476, 1, 0, 1, 0, 1, 0, 2, 1]),
 (12, [1039, 99, 1, 1, 0, 1209, 1245, 1, 1, 2, 1, 1, 0, 2, 2]),
 (16, [1174, 96, 1, 0, 1, 1301, 1729, 0, 1, 2, 1, 0, 0, 0, 0]),
 (16, [1010, 86, 1, 0, 1, 885, 1484, 1, 1, 1, 0, 0, 2, 2, 2]),
 (12, [1165, 110, 0, 1, 1, 1822, 888, 0, 1, 0, 3, 0, 0, 2, 2]),
 (16, [1028, 110, 1, 0, 0, 848, 1377, 1, 0, 1, 0, 0, 1, 0, 1]),
 (12, [1165, 110, 0, 1, 1, 1822, 888, 0, 1, 0, 3, 0, 0, 2, 2]),
 (12, [1039, 99, 1, 1, 0, 1209, 1245, 1, 1, 2, 1, 1, 0, 2, 2]),
 (16, [673, 17, 0, 1, 1, 2000, 1553, 0, 0, 1, 2, 0, 2, 1, 2]),
 (12, [1670, 75, 0, 0, 0, 1033, 591, 1, 0, 1, 3, 1, 2, 0, 1]),
 (12, [1039, 99, 1, 1, 0, 1209, 1245, 1, 1, 2, 1, 1, 0, 2, 2]),
 (12, [1039, 99, 1, 1, 0, 1209, 1245, 1, 1, 2, 1, 1, 0, 2, 2]),
 (16, [673, 17, 0, 1, 1, 2000, 1553, 0, 0, 1, 2, 0, 2, 1, 2]),
 (12, [1670, 75, 0, 0, 0, 1033, 591, 1, 0, 1, 3, 1, 2, 0, 1]),
 (12, [1643, 28, 0, 0, 1, 950, 1476, 1, 0, 1, 0, 1, 0, 2, 1]),
 (12, [1039, 99, 1, 1, 0, 1209, 1245, 1, 1, 2, 1, 1, 0, 2, 2]),
 (12, [1165, 110, 0, 1, 1, 1822, 888, 0, 1, 0, 3, 0, 0, 2, 2]),
 (16, [673, 17, 0, 1, 1, 2000, 1553, 0, 0, 1, 2, 0, 2, 1, 2]),
 (16, [1128, 45, 1, 0, 1, 809, 1780, 1, 1, 2, 0, 0, 0, 0, 0]),
 (16, [1174, 96, 1, 0, 1, 1301, 1729, 0, 1, 2, 1, 0, 0, 0, 0]),
 (16, [735, 95, 1, 0, 1, 1343, 677, 0, 1, 1, 3, 0, 0, 2, 0]),
 (16, [735, 95, 1, 0, 1, 1343, 677, 0, 1, 1, 3, 0, 0, 2, 0]),
 (12, [1643, 28, 0, 0, 1, 950, 1476, 1, 0, 1, 0, 1, 0, 2, 1]),
 (12, [1670, 75, 0, 0, 0, 1033, 591, 1, 0, 1, 3, 1, 2, 0, 1]),
 (16, [1028, 110, 1, 0, 0, 848, 1377, 1, 0, 1, 0, 0, 1, 0, 1]),
 (12, [1039, 99, 1, 1, 0, 1209, 1245, 1, 1, 2, 1, 1, 0, 2, 2]),
 (16, [735, 95, 1, 0, 1, 1343, 677, 0, 1, 1, 3, 0, 0, 2, 0])]
population
[(999, [2022, 70, 1, 1, 1, 1985, 1728, 1, 0, 3, 0, 0, 1, 1, 2]),
 (999, [1987, 113, 1, 1, 0, 1645, 1127, 1, 1, 3, 0, 0, 1, 1, 0]),
 (999, [1659, 79, 0, 1, 1, 654, 1167, 1, 1, 3, 2, 1, 2, 0, 2]),
 (999, [1641, 67, 0, 1, 0, 1843, 799, 0, 1, 3, 4, 1, 2, 1, 1]),
 (999, [1135, 34, 0, 0, 1, 1434, 1514, 1, 1, 0, 5, 1, 1, 2, 0]),
 (999, [1120, 37, 0, 0, 1, 1793, 1427, 1, 0, 3, 3, 0, 0, 0, 1]),
 (999, [1110, 68, 0, 0, 0, 1593, 1429, 0, 0, 3, 1, 0, 1, 1, 2]),
 (999, [1078, 10, 0, 0, 0, 1988, 1305, 1, 0, 3, 3, 1, 2, 2, 1]),
 (999, [1029, 115, 0, 0, 1, 755, 1299, 0, 0, 3, 1, 1, 2, 0, 2]),
 (999, [991, 19, 1, 0, 1, 2017, 1962, 0, 0, 1, 5, 0, 0, 0, 1]),
 (999, [785, 90, 0, 0, 0, 1375, 1072, 1, 0, 3, 0, 0, 1, 0, 0]),
 (999, [762, 55, 1, 0, 0, 1613, 606, 1, 0, 2, 5, 0, 0, 2, 0]),
 (16, [1778, 113, 0, 0, 0, 1254, 1545, 1, 1, 0, 3, 1, 1, 1, 0]),
 (16, [1661, 112, 0, 1, 0, 1081, 661, 1, 1, 2, 2, 1, 0, 1, 0]),
 (16, [1359, 119, 1, 0, 0, 965, 1206, 0, 1, 0, 4, 0, 1, 2, 1]),
 (16, [1254, 43, 0, 1, 1, 769, 1604, 0, 0, 2, 1, 1, 0, 0, 0]),
 (16, [1253, 74, 1, 0, 0, 1092, 1416, 0, 1, 1, 0, 1, 0, 0, 1]),
 (16, [1208, 38, 0, 0, 0, 1896, 1091, 0, 1, 2, 4, 1, 2, 2, 2]),
 (16, [1196, 60, 1, 1, 0, 1630, 1228, 1, 0, 0, 4, 1, 1, 2, 2]),
 (16, [1174, 96, 1, 0, 1, 1301, 1729, 0, 1, 2, 1, 0, 0, 0, 0]),
 (16, [1128, 45, 1, 0, 1, 809, 1780, 1, 1, 2, 0, 0, 0, 0, 0]),
 (16, [1096, 40, 1, 1, 1, 1807, 1255, 0, 1, 1, 3, 1, 2, 0, 0]),
 (16, [1028, 110, 1, 0, 0, 848, 1377, 1, 0, 1, 0, 0, 1, 0, 1]),
 (16, [1014, 40, 0, 1, 1, 686, 1573, 1, 1, 2, 3, 1, 2, 0, 1]),
 (16, [1011, 41, 0, 0, 0, 522, 939, 1, 1, 1, 2, 1, 0, 1, 0]),
 (16, [1010, 86, 1, 0, 1, 885, 1484, 1, 1, 1, 0, 0, 2, 2, 2]),
 (16, [735, 95, 1, 0, 1, 1343, 677, 0, 1, 1, 3, 0, 0, 2, 0]),
 (16, [673, 17, 0, 1, 1, 2000, 1553, 0, 0, 1, 2, 0, 2, 1, 2]),
 (12, [1670, 75, 0, 0, 0, 1033, 591, 1, 0, 1, 3, 1, 2, 0, 1]),
 (12, [1643, 28, 0, 0, 1, 950, 1476, 1, 0, 1, 0, 1, 0, 2, 1]),
 (12, [1165, 110, 0, 1, 1, 1822, 888, 0, 1, 0, 3, 0, 0, 2, 2]),
 (12, [1039, 99, 1, 1, 0, 1209, 1245, 1, 1, 2, 1, 1, 0, 2, 2])]
scored
[(12, [1039, 99, 1, 1, 0, 1209, 1245, 1, 1, 2, 1, 1, 0, 2, 2]),
 (12, [1165, 110, 0, 1, 1, 1822, 888, 0, 1, 0, 3, 0, 0, 2, 2]),
 (12, [1643, 28, 0, 0, 1, 950, 1476, 1, 0, 1, 0, 1, 0, 2, 1]),
 (12, [1670, 75, 0, 0, 0, 1033, 591, 1, 0, 1, 3, 1, 2, 0, 1]),
 (16, [673, 17, 0, 1, 1, 2000, 1553, 0, 0, 1, 2, 0, 2, 1, 2]),
 (16, [735, 95, 1, 0, 1, 1343, 677, 0, 1, 1, 3, 0, 0, 2, 0]),
 (16, [1010, 86, 1, 0, 1, 885, 1484, 1, 1, 1, 0, 0, 2, 2, 2]),
 (16, [1011, 41, 0, 0, 0, 522, 939, 1, 1, 1, 2, 1, 0, 1, 0]),
 (16, [1014, 40, 0, 1, 1, 686, 1573, 1, 1, 2, 3, 1, 2, 0, 1]),
 (16, [1028, 110, 1, 0, 0, 848, 1377, 1, 0, 1, 0, 0, 1, 0, 1]),
 (16, [1096, 40, 1, 1, 1, 1807, 1255, 0, 1, 1, 3, 1, 2, 0, 0]),
 (16, [1128, 45, 1, 0, 1, 809, 1780, 1, 1, 2, 0, 0, 0, 0, 0]),
 (16, [1174, 96, 1, 0, 1, 1301, 1729, 0, 1, 2, 1, 0, 0, 0, 0]),
 (16, [1196, 60, 1, 1, 0, 1630, 1228, 1, 0, 0, 4, 1, 1, 2, 2]),
 (16, [1208, 38, 0, 0, 0, 1896, 1091, 0, 1, 2, 4, 1, 2, 2, 2]),
 (16, [1253, 74, 1, 0, 0, 1092, 1416, 0, 1, 1, 0, 1, 0, 0, 1]),
 (16, [1254, 43, 0, 1, 1, 769, 1604, 0, 0, 2, 1, 1, 0, 0, 0]),
 (16, [1359, 119, 1, 0, 0, 965, 1206, 0, 1, 0, 4, 0, 1, 2, 1]),
 (16, [1661, 112, 0, 1, 0, 1081, 661, 1, 1, 2, 2, 1, 0, 1, 0]),
 (16, [1778, 113, 0, 0, 0, 1254, 1545, 1, 1, 0, 3, 1, 1, 1, 0]),
 (999, [762, 55, 1, 0, 0, 1613, 606, 1, 0, 2, 5, 0, 0, 2, 0]),
 (999, [785, 90, 0, 0, 0, 1375, 1072, 1, 0, 3, 0, 0, 1, 0, 0]),
 (999, [991, 19, 1, 0, 1, 2017, 1962, 0, 0, 1, 5, 0, 0, 0, 1]),
 (999, [1029, 115, 0, 0, 1, 755, 1299, 0, 0, 3, 1, 1, 2, 0, 2]),
 (999, [1078, 10, 0, 0, 0, 1988, 1305, 1, 0, 3, 3, 1, 2, 2, 1]),
 (999, [1110, 68, 0, 0, 0, 1593, 1429, 0, 0, 3, 1, 0, 1, 1, 2]),
 (999, [1120, 37, 0, 0, 1, 1793, 1427, 1, 0, 3, 3, 0, 0, 0, 1]),
 (999, [1135, 34, 0, 0, 1, 1434, 1514, 1, 1, 0, 5, 1, 1, 2, 0]),
 (999, [1641, 67, 0, 1, 0, 1843, 799, 0, 1, 3, 4, 1, 2, 1, 1]),
 (999, [1659, 79, 0, 1, 1, 654, 1167, 1, 1, 3, 2, 1, 2, 0, 2]),
 (999, [1987, 113, 1, 1, 0, 1645, 1127, 1, 1, 3, 0, 0, 1, 1, 0]),
 (999, [2022, 70, 1, 1, 1, 1985, 1728, 1, 0, 3, 0, 0, 1, 1, 2])]
Selected
[(12, [1670, 75, 0, 0, 0, 1033, 591, 1, 0, 1, 3, 1, 2, 0, 1]),
 (12, [1165, 110, 0, 1, 1, 1822, 888, 0, 1, 0, 3, 0, 0, 2, 2]),
 (16, [735, 95, 1, 0, 1, 1343, 677, 0, 1, 1, 3, 0, 0, 2, 0]),
 (12, [1039, 99, 1, 1, 0, 1209, 1245, 1, 1, 2, 1, 1, 0, 2, 2]),
 (16, [1010, 86, 1, 0, 1, 885, 1484, 1, 1, 1, 0, 0, 2, 2, 2]),
 (16, [1128, 45, 1, 0, 1, 809, 1780, 1, 1, 2, 0, 0, 0, 0, 0]),
 (12, [1670, 75, 0, 0, 0, 1033, 591, 1, 0, 1, 3, 1, 2, 0, 1]),
 (12, [1670, 75, 0, 0, 0, 1033, 591, 1, 0, 1, 3, 1, 2, 0, 1]),
 (12, [1643, 28, 0, 0, 1, 950, 1476, 1, 0, 1, 0, 1, 0, 2, 1]),
 (16, [1010, 86, 1, 0, 1, 885, 1484, 1, 1, 1, 0, 0, 2, 2, 2]),
 (12, [1039, 99, 1, 1, 0, 1209, 1245, 1, 1, 2, 1, 1, 0, 2, 2]),
 (12, [1670, 75, 0, 0, 0, 1033, 591, 1, 0, 1, 3, 1, 2, 0, 1]),
 (16, [1096, 40, 1, 1, 1, 1807, 1255, 0, 1, 1, 3, 1, 2, 0, 0]),
 (12, [1165, 110, 0, 1, 1, 1822, 888, 0, 1, 0, 3, 0, 0, 2, 2]),
 (12, [1039, 99, 1, 1, 0, 1209, 1245, 1, 1, 2, 1, 1, 0, 2, 2]),
 (12, [1039, 99, 1, 1, 0, 1209, 1245, 1, 1, 2, 1, 1, 0, 2, 2]),
 (16, [1011, 41, 0, 0, 0, 522, 939, 1, 1, 1, 2, 1, 0, 1, 0]),
 (12, [1643, 28, 0, 0, 1, 950, 1476, 1, 0, 1, 0, 1, 0, 2, 1]),
 (12, [1643, 28, 0, 0, 1, 950, 1476, 1, 0, 1, 0, 1, 0, 2, 1]),
 (12, [1039, 99, 1, 1, 0, 1209, 1245, 1, 1, 2, 1, 1, 0, 2, 2]),
 (12, [1670, 75, 0, 0, 0, 1033, 591, 1, 0, 1, 3, 1, 2, 0, 1]),
 (16, [673, 17, 0, 1, 1, 2000, 1553, 0, 0, 1, 2, 0, 2, 1, 2]),
 (12, [1670, 75, 0, 0, 0, 1033, 591, 1, 0, 1, 3, 1, 2, 0, 1]),
 (16, [1028, 110, 1, 0, 0, 848, 1377, 1, 0, 1, 0, 0, 1, 0, 1]),
 (16, [1174, 96, 1, 0, 1, 1301, 1729, 0, 1, 2, 1, 0, 0, 0, 0]),
 (16, [1096, 40, 1, 1, 1, 1807, 1255, 0, 1, 1, 3, 1, 2, 0, 0]),
 (16, [1196, 60, 1, 1, 0, 1630, 1228, 1, 0, 0, 4, 1, 1, 2, 2])]
population
[(999, [2022, 70, 1, 1, 1, 1985, 1728, 1, 0, 3, 0, 0, 1, 1, 2]),
 (999, [1987, 113, 1, 1, 0, 1645, 1127, 1, 1, 3, 0, 0, 1, 1, 0]),
 (999, [1659, 79, 0, 1, 1, 654, 1167, 1, 1, 3, 2, 1, 2, 0, 2]),
 (999, [1641, 67, 0, 1, 0, 1843, 799, 0, 1, 3, 4, 1, 2, 1, 1]),
 (999, [1135, 34, 0, 0, 1, 1434, 1514, 1, 1, 0, 5, 1, 1, 2, 0]),
 (999, [1120, 37, 0, 0, 1, 1793, 1427, 1, 0, 3, 3, 0, 0, 0, 1]),
 (999, [1110, 68, 0, 0, 0, 1593, 1429, 0, 0, 3, 1, 0, 1, 1, 2]),
 (999, [1078, 10, 0, 0, 0, 1988, 1305, 1, 0, 3, 3, 1, 2, 2, 1]),
 (999, [1029, 115, 0, 0, 1, 755, 1299, 0, 0, 3, 1, 1, 2, 0, 2]),
 (999, [991, 19, 1, 0, 1, 2017, 1962, 0, 0, 1, 5, 0, 0, 0, 1]),
 (999, [785, 90, 0, 0, 0, 1375, 1072, 1, 0, 3, 0, 0, 1, 0, 0]),
 (999, [762, 55, 1, 0, 0, 1613, 606, 1, 0, 2, 5, 0, 0, 2, 0]),
 (16, [1778, 113, 0, 0, 0, 1254, 1545, 1, 1, 0, 3, 1, 1, 1, 0]),
 (16, [1661, 112, 0, 1, 0, 1081, 661, 1, 1, 2, 2, 1, 0, 1, 0]),
 (16, [1359, 119, 1, 0, 0, 965, 1206, 0, 1, 0, 4, 0, 1, 2, 1]),
 (16, [1254, 43, 0, 1, 1, 769, 1604, 0, 0, 2, 1, 1, 0, 0, 0]),
 (16, [1253, 74, 1, 0, 0, 1092, 1416, 0, 1, 1, 0, 1, 0, 0, 1]),
 (16, [1208, 38, 0, 0, 0, 1896, 1091, 0, 1, 2, 4, 1, 2, 2, 2]),
 (16, [1196, 60, 1, 1, 0, 1630, 1228, 1, 0, 0, 4, 1, 1, 2, 2]),
 (16, [1174, 96, 1, 0, 1, 1301, 1729, 0, 1, 2, 1, 0, 0, 0, 0]),
 (16, [1128, 45, 1, 0, 1, 809, 1780, 1, 1, 2, 0, 0, 0, 0, 0]),
 (16, [1096, 40, 1, 1, 1, 1807, 1255, 0, 1, 1, 3, 1, 2, 0, 0]),
 (16, [1028, 110, 1, 0, 0, 848, 1377, 1, 0, 1, 0, 0, 1, 0, 1]),
 (16, [1014, 40, 0, 1, 1, 686, 1573, 1, 1, 2, 3, 1, 2, 0, 1]),
 (16, [1011, 41, 0, 0, 0, 522, 939, 1, 1, 1, 2, 1, 0, 1, 0]),
 (16, [1010, 86, 1, 0, 1, 885, 1484, 1, 1, 1, 0, 0, 2, 2, 2]),
 (16, [735, 95, 1, 0, 1, 1343, 677, 0, 1, 1, 3, 0, 0, 2, 0]),
 (16, [673, 17, 0, 1, 1, 2000, 1553, 0, 0, 1, 2, 0, 2, 1, 2]),
 (12, [1670, 75, 0, 0, 0, 1033, 591, 1, 0, 1, 3, 1, 2, 0, 1]),
 (12, [1643, 28, 0, 0, 1, 950, 1476, 1, 0, 1, 0, 1, 0, 2, 1]),
 (12, [1165, 110, 0, 1, 1, 1822, 888, 0, 1, 0, 3, 0, 0, 2, 2]),
 (12, [1039, 99, 1, 1, 0, 1209, 1245, 1, 1, 2, 1, 1, 0, 2, 2])]
scored
[(12, [1039, 99, 1, 1, 0, 1209, 1245, 1, 1, 2, 1, 1, 0, 2, 2]),
 (12, [1165, 110, 0, 1, 1, 1822, 888, 0, 1, 0, 3, 0, 0, 2, 2]),
 (12, [1643, 28, 0, 0, 1, 950, 1476, 1, 0, 1, 0, 1, 0, 2, 1]),
 (12, [1670, 75, 0, 0, 0, 1033, 591, 1, 0, 1, 3, 1, 2, 0, 1]),
 (16, [673, 17, 0, 1, 1, 2000, 1553, 0, 0, 1, 2, 0, 2, 1, 2]),
 (16, [735, 95, 1, 0, 1, 1343, 677, 0, 1, 1, 3, 0, 0, 2, 0]),
 (16, [1010, 86, 1, 0, 1, 885, 1484, 1, 1, 1, 0, 0, 2, 2, 2]),
 (16, [1011, 41, 0, 0, 0, 522, 939, 1, 1, 1, 2, 1, 0, 1, 0]),
 (16, [1014, 40, 0, 1, 1, 686, 1573, 1, 1, 2, 3, 1, 2, 0, 1]),
 (16, [1028, 110, 1, 0, 0, 848, 1377, 1, 0, 1, 0, 0, 1, 0, 1]),
 (16, [1096, 40, 1, 1, 1, 1807, 1255, 0, 1, 1, 3, 1, 2, 0, 0]),
 (16, [1128, 45, 1, 0, 1, 809, 1780, 1, 1, 2, 0, 0, 0, 0, 0]),
 (16, [1174, 96, 1, 0, 1, 1301, 1729, 0, 1, 2, 1, 0, 0, 0, 0]),
 (16, [1196, 60, 1, 1, 0, 1630, 1228, 1, 0, 0, 4, 1, 1, 2, 2]),
 (16, [1208, 38, 0, 0, 0, 1896, 1091, 0, 1, 2, 4, 1, 2, 2, 2]),
 (16, [1253, 74, 1, 0, 0, 1092, 1416, 0, 1, 1, 0, 1, 0, 0, 1]),
 (16, [1254, 43, 0, 1, 1, 769, 1604, 0, 0, 2, 1, 1, 0, 0, 0]),
 (16, [1359, 119, 1, 0, 0, 965, 1206, 0, 1, 0, 4, 0, 1, 2, 1]),
 (16, [1661, 112, 0, 1, 0, 1081, 661, 1, 1, 2, 2, 1, 0, 1, 0]),
 (16, [1778, 113, 0, 0, 0, 1254, 1545, 1, 1, 0, 3, 1, 1, 1, 0]),
 (999, [762, 55, 1, 0, 0, 1613, 606, 1, 0, 2, 5, 0, 0, 2, 0]),
 (999, [785, 90, 0, 0, 0, 1375, 1072, 1, 0, 3, 0, 0, 1, 0, 0]),
 (999, [991, 19, 1, 0, 1, 2017, 1962, 0, 0, 1, 5, 0, 0, 0, 1]),
 (999, [1029, 115, 0, 0, 1, 755, 1299, 0, 0, 3, 1, 1, 2, 0, 2]),
 (999, [1078, 10, 0, 0, 0, 1988, 1305, 1, 0, 3, 3, 1, 2, 2, 1]),
 (999, [1110, 68, 0, 0, 0, 1593, 1429, 0, 0, 3, 1, 0, 1, 1, 2]),
 (999, [1120, 37, 0, 0, 1, 1793, 1427, 1, 0, 3, 3, 0, 0, 0, 1]),
 (999, [1135, 34, 0, 0, 1, 1434, 1514, 1, 1, 0, 5, 1, 1, 2, 0]),
 (999, [1641, 67, 0, 1, 0, 1843, 799, 0, 1, 3, 4, 1, 2, 1, 1]),
 (999, [1659, 79, 0, 1, 1, 654, 1167, 1, 1, 3, 2, 1, 2, 0, 2]),
 (999, [1987, 113, 1, 1, 0, 1645, 1127, 1, 1, 3, 0, 0, 1, 1, 0]),
 (999, [2022, 70, 1, 1, 1, 1985, 1728, 1, 0, 3, 0, 0, 1, 1, 2])]
Selected
[(12, [1039, 99, 1, 1, 0, 1209, 1245, 1, 1, 2, 1, 1, 0, 2, 2]),
 (12, [1039, 99, 1, 1, 0, 1209, 1245, 1, 1, 2, 1, 1, 0, 2, 2]),
 (16, [1196, 60, 1, 1, 0, 1630, 1228, 1, 0, 0, 4, 1, 1, 2, 2]),
 (12, [1643, 28, 0, 0, 1, 950, 1476, 1, 0, 1, 0, 1, 0, 2, 1]),
 (16, [673, 17, 0, 1, 1, 2000, 1553, 0, 0, 1, 2, 0, 2, 1, 2]),
 (16, [1014, 40, 0, 1, 1, 686, 1573, 1, 1, 2, 3, 1, 2, 0, 1]),
 (16, [1128, 45, 1, 0, 1, 809, 1780, 1, 1, 2, 0, 0, 0, 0, 0]),
 (12, [1039, 99, 1, 1, 0, 1209, 1245, 1, 1, 2, 1, 1, 0, 2, 2]),
 (16, [1014, 40, 0, 1, 1, 686, 1573, 1, 1, 2, 3, 1, 2, 0, 1]),
 (12, [1039, 99, 1, 1, 0, 1209, 1245, 1, 1, 2, 1, 1, 0, 2, 2]),
 (12, [1670, 75, 0, 0, 0, 1033, 591, 1, 0, 1, 3, 1, 2, 0, 1]),
 (16, [735, 95, 1, 0, 1, 1343, 677, 0, 1, 1, 3, 0, 0, 2, 0]),
 (16, [735, 95, 1, 0, 1, 1343, 677, 0, 1, 1, 3, 0, 0, 2, 0]),
 (12, [1165, 110, 0, 1, 1, 1822, 888, 0, 1, 0, 3, 0, 0, 2, 2]),
 (12, [1165, 110, 0, 1, 1, 1822, 888, 0, 1, 0, 3, 0, 0, 2, 2]),
 (16, [735, 95, 1, 0, 1, 1343, 677, 0, 1, 1, 3, 0, 0, 2, 0]),
 (12, [1165, 110, 0, 1, 1, 1822, 888, 0, 1, 0, 3, 0, 0, 2, 2]),
 (12, [1165, 110, 0, 1, 1, 1822, 888, 0, 1, 0, 3, 0, 0, 2, 2]),
 (16, [1011, 41, 0, 0, 0, 522, 939, 1, 1, 1, 2, 1, 0, 1, 0]),
 (16, [1010, 86, 1, 0, 1, 885, 1484, 1, 1, 1, 0, 0, 2, 2, 2]),
 (16, [1010, 86, 1, 0, 1, 885, 1484, 1, 1, 1, 0, 0, 2, 2, 2]),
 (12, [1643, 28, 0, 0, 1, 950, 1476, 1, 0, 1, 0, 1, 0, 2, 1]),
 (16, [735, 95, 1, 0, 1, 1343, 677, 0, 1, 1, 3, 0, 0, 2, 0]),
 (12, [1039, 99, 1, 1, 0, 1209, 1245, 1, 1, 2, 1, 1, 0, 2, 2]),
 (16, [1011, 41, 0, 0, 0, 522, 939, 1, 1, 1, 2, 1, 0, 1, 0]),
 (12, [1039, 99, 1, 1, 0, 1209, 1245, 1, 1, 2, 1, 1, 0, 2, 2]),
 (12, [1165, 110, 0, 1, 1, 1822, 888, 0, 1, 0, 3, 0, 0, 2, 2])]
population
[(999, [2022, 70, 1, 1, 1, 1985, 1728, 1, 0, 3, 0, 0, 1, 1, 2]),
 (999, [1987, 113, 1, 1, 0, 1645, 1127, 1, 1, 3, 0, 0, 1, 1, 0]),
 (999, [1659, 79, 0, 1, 1, 654, 1167, 1, 1, 3, 2, 1, 2, 0, 2]),
 (999, [1641, 67, 0, 1, 0, 1843, 799, 0, 1, 3, 4, 1, 2, 1, 1]),
 (999, [1135, 34, 0, 0, 1, 1434, 1514, 1, 1, 0, 5, 1, 1, 2, 0]),
 (999, [1120, 37, 0, 0, 1, 1793, 1427, 1, 0, 3, 3, 0, 0, 0, 1]),
 (999, [1110, 68, 0, 0, 0, 1593, 1429, 0, 0, 3, 1, 0, 1, 1, 2]),
 (999, [1078, 10, 0, 0, 0, 1988, 1305, 1, 0, 3, 3, 1, 2, 2, 1]),
 (999, [1029, 115, 0, 0, 1, 755, 1299, 0, 0, 3, 1, 1, 2, 0, 2]),
 (999, [991, 19, 1, 0, 1, 2017, 1962, 0, 0, 1, 5, 0, 0, 0, 1]),
 (999, [785, 90, 0, 0, 0, 1375, 1072, 1, 0, 3, 0, 0, 1, 0, 0]),
 (999, [762, 55, 1, 0, 0, 1613, 606, 1, 0, 2, 5, 0, 0, 2, 0]),
 (16, [1778, 113, 0, 0, 0, 1254, 1545, 1, 1, 0, 3, 1, 1, 1, 0]),
 (16, [1661, 112, 0, 1, 0, 1081, 661, 1, 1, 2, 2, 1, 0, 1, 0]),
 (16, [1359, 119, 1, 0, 0, 965, 1206, 0, 1, 0, 4, 0, 1, 2, 1]),
 (16, [1254, 43, 0, 1, 1, 769, 1604, 0, 0, 2, 1, 1, 0, 0, 0]),
 (16, [1253, 74, 1, 0, 0, 1092, 1416, 0, 1, 1, 0, 1, 0, 0, 1]),
 (16, [1208, 38, 0, 0, 0, 1896, 1091, 0, 1, 2, 4, 1, 2, 2, 2]),
 (16, [1196, 60, 1, 1, 0, 1630, 1228, 1, 0, 0, 4, 1, 1, 2, 2]),
 (16, [1174, 96, 1, 0, 1, 1301, 1729, 0, 1, 2, 1, 0, 0, 0, 0]),
 (16, [1128, 45, 1, 0, 1, 809, 1780, 1, 1, 2, 0, 0, 0, 0, 0]),
 (16, [1096, 40, 1, 1, 1, 1807, 1255, 0, 1, 1, 3, 1, 2, 0, 0]),
 (16, [1028, 110, 1, 0, 0, 848, 1377, 1, 0, 1, 0, 0, 1, 0, 1]),
 (16, [1014, 40, 0, 1, 1, 686, 1573, 1, 1, 2, 3, 1, 2, 0, 1]),
 (16, [1011, 41, 0, 0, 0, 522, 939, 1, 1, 1, 2, 1, 0, 1, 0]),
 (16, [1010, 86, 1, 0, 1, 885, 1484, 1, 1, 1, 0, 0, 2, 2, 2]),
 (16, [735, 95, 1, 0, 1, 1343, 677, 0, 1, 1, 3, 0, 0, 2, 0]),
 (16, [673, 17, 0, 1, 1, 2000, 1553, 0, 0, 1, 2, 0, 2, 1, 2]),
 (12, [1670, 75, 0, 0, 0, 1033, 591, 1, 0, 1, 3, 1, 2, 0, 1]),
 (12, [1643, 28, 0, 0, 1, 950, 1476, 1, 0, 1, 0, 1, 0, 2, 1]),
 (12, [1165, 110, 0, 1, 1, 1822, 888, 0, 1, 0, 3, 0, 0, 2, 2]),
 (12, [1039, 99, 1, 1, 0, 1209, 1245, 1, 1, 2, 1, 1, 0, 2, 2])]
scored
[(12, [1039, 99, 1, 1, 0, 1209, 1245, 1, 1, 2, 1, 1, 0, 2, 2]),
 (12, [1165, 110, 0, 1, 1, 1822, 888, 0, 1, 0, 3, 0, 0, 2, 2]),
 (12, [1643, 28, 0, 0, 1, 950, 1476, 1, 0, 1, 0, 1, 0, 2, 1]),
 (12, [1670, 75, 0, 0, 0, 1033, 591, 1, 0, 1, 3, 1, 2, 0, 1]),
 (16, [673, 17, 0, 1, 1, 2000, 1553, 0, 0, 1, 2, 0, 2, 1, 2]),
 (16, [735, 95, 1, 0, 1, 1343, 677, 0, 1, 1, 3, 0, 0, 2, 0]),
 (16, [1010, 86, 1, 0, 1, 885, 1484, 1, 1, 1, 0, 0, 2, 2, 2]),
 (16, [1011, 41, 0, 0, 0, 522, 939, 1, 1, 1, 2, 1, 0, 1, 0]),
 (16, [1014, 40, 0, 1, 1, 686, 1573, 1, 1, 2, 3, 1, 2, 0, 1]),
 (16, [1028, 110, 1, 0, 0, 848, 1377, 1, 0, 1, 0, 0, 1, 0, 1]),
 (16, [1096, 40, 1, 1, 1, 1807, 1255, 0, 1, 1, 3, 1, 2, 0, 0]),
 (16, [1128, 45, 1, 0, 1, 809, 1780, 1, 1, 2, 0, 0, 0, 0, 0]),
 (16, [1174, 96, 1, 0, 1, 1301, 1729, 0, 1, 2, 1, 0, 0, 0, 0]),
 (16, [1196, 60, 1, 1, 0, 1630, 1228, 1, 0, 0, 4, 1, 1, 2, 2]),
 (16, [1208, 38, 0, 0, 0, 1896, 1091, 0, 1, 2, 4, 1, 2, 2, 2]),
 (16, [1253, 74, 1, 0, 0, 1092, 1416, 0, 1, 1, 0, 1, 0, 0, 1]),
 (16, [1254, 43, 0, 1, 1, 769, 1604, 0, 0, 2, 1, 1, 0, 0, 0]),
 (16, [1359, 119, 1, 0, 0, 965, 1206, 0, 1, 0, 4, 0, 1, 2, 1]),
 (16, [1661, 112, 0, 1, 0, 1081, 661, 1, 1, 2, 2, 1, 0, 1, 0]),
 (16, [1778, 113, 0, 0, 0, 1254, 1545, 1, 1, 0, 3, 1, 1, 1, 0]),
 (999, [762, 55, 1, 0, 0, 1613, 606, 1, 0, 2, 5, 0, 0, 2, 0]),
 (999, [785, 90, 0, 0, 0, 1375, 1072, 1, 0, 3, 0, 0, 1, 0, 0]),
 (999, [991, 19, 1, 0, 1, 2017, 1962, 0, 0, 1, 5, 0, 0, 0, 1]),
 (999, [1029, 115, 0, 0, 1, 755, 1299, 0, 0, 3, 1, 1, 2, 0, 2]),
 (999, [1078, 10, 0, 0, 0, 1988, 1305, 1, 0, 3, 3, 1, 2, 2, 1]),
 (999, [1110, 68, 0, 0, 0, 1593, 1429, 0, 0, 3, 1, 0, 1, 1, 2]),
 (999, [1120, 37, 0, 0, 1, 1793, 1427, 1, 0, 3, 3, 0, 0, 0, 1]),
 (999, [1135, 34, 0, 0, 1, 1434, 1514, 1, 1, 0, 5, 1, 1, 2, 0]),
 (999, [1641, 67, 0, 1, 0, 1843, 799, 0, 1, 3, 4, 1, 2, 1, 1]),
 (999, [1659, 79, 0, 1, 1, 654, 1167, 1, 1, 3, 2, 1, 2, 0, 2]),
 (999, [1987, 113, 1, 1, 0, 1645, 1127, 1, 1, 3, 0, 0, 1, 1, 0]),
 (999, [2022, 70, 1, 1, 1, 1985, 1728, 1, 0, 3, 0, 0, 1, 1, 2])]
Selected
[(12, [1039, 99, 1, 1, 0, 1209, 1245, 1, 1, 2, 1, 1, 0, 2, 2]),
 (12, [1670, 75, 0, 0, 0, 1033, 591, 1, 0, 1, 3, 1, 2, 0, 1]),
 (12, [1039, 99, 1, 1, 0, 1209, 1245, 1, 1, 2, 1, 1, 0, 2, 2]),
 (12, [1039, 99, 1, 1, 0, 1209, 1245, 1, 1, 2, 1, 1, 0, 2, 2]),
 (16, [1128, 45, 1, 0, 1, 809, 1780, 1, 1, 2, 0, 0, 0, 0, 0]),
 (16, [1014, 40, 0, 1, 1, 686, 1573, 1, 1, 2, 3, 1, 2, 0, 1]),
 (12, [1670, 75, 0, 0, 0, 1033, 591, 1, 0, 1, 3, 1, 2, 0, 1]),
 (12, [1039, 99, 1, 1, 0, 1209, 1245, 1, 1, 2, 1, 1, 0, 2, 2]),
 (12, [1643, 28, 0, 0, 1, 950, 1476, 1, 0, 1, 0, 1, 0, 2, 1]),
 (12, [1039, 99, 1, 1, 0, 1209, 1245, 1, 1, 2, 1, 1, 0, 2, 2]),
 (12, [1643, 28, 0, 0, 1, 950, 1476, 1, 0, 1, 0, 1, 0, 2, 1]),
 (16, [1010, 86, 1, 0, 1, 885, 1484, 1, 1, 1, 0, 0, 2, 2, 2]),
 (12, [1165, 110, 0, 1, 1, 1822, 888, 0, 1, 0, 3, 0, 0, 2, 2]),
 (16, [1014, 40, 0, 1, 1, 686, 1573, 1, 1, 2, 3, 1, 2, 0, 1]),
 (16, [673, 17, 0, 1, 1, 2000, 1553, 0, 0, 1, 2, 0, 2, 1, 2]),
 (12, [1670, 75, 0, 0, 0, 1033, 591, 1, 0, 1, 3, 1, 2, 0, 1]),
 (16, [673, 17, 0, 1, 1, 2000, 1553, 0, 0, 1, 2, 0, 2, 1, 2]),
 (16, [1096, 40, 1, 1, 1, 1807, 1255, 0, 1, 1, 3, 1, 2, 0, 0]),
 (16, [1096, 40, 1, 1, 1, 1807, 1255, 0, 1, 1, 3, 1, 2, 0, 0]),
 (16, [673, 17, 0, 1, 1, 2000, 1553, 0, 0, 1, 2, 0, 2, 1, 2]),
 (16, [1011, 41, 0, 0, 0, 522, 939, 1, 1, 1, 2, 1, 0, 1, 0]),
 (16, [735, 95, 1, 0, 1, 1343, 677, 0, 1, 1, 3, 0, 0, 2, 0]),
 (12, [1039, 99, 1, 1, 0, 1209, 1245, 1, 1, 2, 1, 1, 0, 2, 2]),
 (16, [673, 17, 0, 1, 1, 2000, 1553, 0, 0, 1, 2, 0, 2, 1, 2]),
 (16, [1128, 45, 1, 0, 1, 809, 1780, 1, 1, 2, 0, 0, 0, 0, 0]),
 (16, [1096, 40, 1, 1, 1, 1807, 1255, 0, 1, 1, 3, 1, 2, 0, 0]),
 (16, [735, 95, 1, 0, 1, 1343, 677, 0, 1, 1, 3, 0, 0, 2, 0])]
population
[(999, [2022, 70, 1, 1, 1, 1985, 1728, 1, 0, 3, 0, 0, 1, 1, 2]),
 (999, [1987, 113, 1, 1, 0, 1645, 1127, 1, 1, 3, 0, 0, 1, 1, 0]),
 (999, [1659, 79, 0, 1, 1, 654, 1167, 1, 1, 3, 2, 1, 2, 0, 2]),
 (999, [1641, 67, 0, 1, 0, 1843, 799, 0, 1, 3, 4, 1, 2, 1, 1]),
 (999, [1135, 34, 0, 0, 1, 1434, 1514, 1, 1, 0, 5, 1, 1, 2, 0]),
 (999, [1120, 37, 0, 0, 1, 1793, 1427, 1, 0, 3, 3, 0, 0, 0, 1]),
 (999, [1110, 68, 0, 0, 0, 1593, 1429, 0, 0, 3, 1, 0, 1, 1, 2]),
 (999, [1078, 10, 0, 0, 0, 1988, 1305, 1, 0, 3, 3, 1, 2, 2, 1]),
 (999, [1029, 115, 0, 0, 1, 755, 1299, 0, 0, 3, 1, 1, 2, 0, 2]),
 (999, [991, 19, 1, 0, 1, 2017, 1962, 0, 0, 1, 5, 0, 0, 0, 1]),
 (999, [785, 90, 0, 0, 0, 1375, 1072, 1, 0, 3, 0, 0, 1, 0, 0]),
 (999, [762, 55, 1, 0, 0, 1613, 606, 1, 0, 2, 5, 0, 0, 2, 0]),
 (16, [1778, 113, 0, 0, 0, 1254, 1545, 1, 1, 0, 3, 1, 1, 1, 0]),
 (16, [1661, 112, 0, 1, 0, 1081, 661, 1, 1, 2, 2, 1, 0, 1, 0]),
 (16, [1359, 119, 1, 0, 0, 965, 1206, 0, 1, 0, 4, 0, 1, 2, 1]),
 (16, [1254, 43, 0, 1, 1, 769, 1604, 0, 0, 2, 1, 1, 0, 0, 0]),
 (16, [1253, 74, 1, 0, 0, 1092, 1416, 0, 1, 1, 0, 1, 0, 0, 1]),
 (16, [1208, 38, 0, 0, 0, 1896, 1091, 0, 1, 2, 4, 1, 2, 2, 2]),
 (16, [1196, 60, 1, 1, 0, 1630, 1228, 1, 0, 0, 4, 1, 1, 2, 2]),
 (16, [1174, 96, 1, 0, 1, 1301, 1729, 0, 1, 2, 1, 0, 0, 0, 0]),
 (16, [1128, 45, 1, 0, 1, 809, 1780, 1, 1, 2, 0, 0, 0, 0, 0]),
 (16, [1096, 40, 1, 1, 1, 1807, 1255, 0, 1, 1, 3, 1, 2, 0, 0]),
 (16, [1028, 110, 1, 0, 0, 848, 1377, 1, 0, 1, 0, 0, 1, 0, 1]),
 (16, [1014, 40, 0, 1, 1, 686, 1573, 1, 1, 2, 3, 1, 2, 0, 1]),
 (16, [1011, 41, 0, 0, 0, 522, 939, 1, 1, 1, 2, 1, 0, 1, 0]),
 (16, [1010, 86, 1, 0, 1, 885, 1484, 1, 1, 1, 0, 0, 2, 2, 2]),
 (16, [735, 95, 1, 0, 1, 1343, 677, 0, 1, 1, 3, 0, 0, 2, 0]),
 (16, [673, 17, 0, 1, 1, 2000, 1553, 0, 0, 1, 2, 0, 2, 1, 2]),
 (12, [1670, 75, 0, 0, 0, 1033, 591, 1, 0, 1, 3, 1, 2, 0, 1]),
 (12, [1643, 28, 0, 0, 1, 950, 1476, 1, 0, 1, 0, 1, 0, 2, 1]),
 (12, [1165, 110, 0, 1, 1, 1822, 888, 0, 1, 0, 3, 0, 0, 2, 2]),
 (12, [1039, 99, 1, 1, 0, 1209, 1245, 1, 1, 2, 1, 1, 0, 2, 2])]
scored
[(12, [1039, 99, 1, 1, 0, 1209, 1245, 1, 1, 2, 1, 1, 0, 2, 2]),
 (12, [1165, 110, 0, 1, 1, 1822, 888, 0, 1, 0, 3, 0, 0, 2, 2]),
 (12, [1643, 28, 0, 0, 1, 950, 1476, 1, 0, 1, 0, 1, 0, 2, 1]),
 (12, [1670, 75, 0, 0, 0, 1033, 591, 1, 0, 1, 3, 1, 2, 0, 1]),
 (16, [673, 17, 0, 1, 1, 2000, 1553, 0, 0, 1, 2, 0, 2, 1, 2]),
 (16, [735, 95, 1, 0, 1, 1343, 677, 0, 1, 1, 3, 0, 0, 2, 0]),
 (16, [1010, 86, 1, 0, 1, 885, 1484, 1, 1, 1, 0, 0, 2, 2, 2]),
 (16, [1011, 41, 0, 0, 0, 522, 939, 1, 1, 1, 2, 1, 0, 1, 0]),
 (16, [1014, 40, 0, 1, 1, 686, 1573, 1, 1, 2, 3, 1, 2, 0, 1]),
 (16, [1028, 110, 1, 0, 0, 848, 1377, 1, 0, 1, 0, 0, 1, 0, 1]),
 (16, [1096, 40, 1, 1, 1, 1807, 1255, 0, 1, 1, 3, 1, 2, 0, 0]),
 (16, [1128, 45, 1, 0, 1, 809, 1780, 1, 1, 2, 0, 0, 0, 0, 0]),
 (16, [1174, 96, 1, 0, 1, 1301, 1729, 0, 1, 2, 1, 0, 0, 0, 0]),
 (16, [1196, 60, 1, 1, 0, 1630, 1228, 1, 0, 0, 4, 1, 1, 2, 2]),
 (16, [1208, 38, 0, 0, 0, 1896, 1091, 0, 1, 2, 4, 1, 2, 2, 2]),
 (16, [1253, 74, 1, 0, 0, 1092, 1416, 0, 1, 1, 0, 1, 0, 0, 1]),
 (16, [1254, 43, 0, 1, 1, 769, 1604, 0, 0, 2, 1, 1, 0, 0, 0]),
 (16, [1359, 119, 1, 0, 0, 965, 1206, 0, 1, 0, 4, 0, 1, 2, 1]),
 (16, [1661, 112, 0, 1, 0, 1081, 661, 1, 1, 2, 2, 1, 0, 1, 0]),
 (16, [1778, 113, 0, 0, 0, 1254, 1545, 1, 1, 0, 3, 1, 1, 1, 0]),
 (999, [762, 55, 1, 0, 0, 1613, 606, 1, 0, 2, 5, 0, 0, 2, 0]),
 (999, [785, 90, 0, 0, 0, 1375, 1072, 1, 0, 3, 0, 0, 1, 0, 0]),
 (999, [991, 19, 1, 0, 1, 2017, 1962, 0, 0, 1, 5, 0, 0, 0, 1]),
 (999, [1029, 115, 0, 0, 1, 755, 1299, 0, 0, 3, 1, 1, 2, 0, 2]),
 (999, [1078, 10, 0, 0, 0, 1988, 1305, 1, 0, 3, 3, 1, 2, 2, 1]),
 (999, [1110, 68, 0, 0, 0, 1593, 1429, 0, 0, 3, 1, 0, 1, 1, 2]),
 (999, [1120, 37, 0, 0, 1, 1793, 1427, 1, 0, 3, 3, 0, 0, 0, 1]),
 (999, [1135, 34, 0, 0, 1, 1434, 1514, 1, 1, 0, 5, 1, 1, 2, 0]),
 (999, [1641, 67, 0, 1, 0, 1843, 799, 0, 1, 3, 4, 1, 2, 1, 1]),
 (999, [1659, 79, 0, 1, 1, 654, 1167, 1, 1, 3, 2, 1, 2, 0, 2]),
 (999, [1987, 113, 1, 1, 0, 1645, 1127, 1, 1, 3, 0, 0, 1, 1, 0]),
 (999, [2022, 70, 1, 1, 1, 1985, 1728, 1, 0, 3, 0, 0, 1, 1, 2])]
Selected
[(16, [673, 17, 0, 1, 1, 2000, 1553, 0, 0, 1, 2, 0, 2, 1, 2]),
 (12, [1643, 28, 0, 0, 1, 950, 1476, 1, 0, 1, 0, 1, 0, 2, 1]),
 (12, [1165, 110, 0, 1, 1, 1822, 888, 0, 1, 0, 3, 0, 0, 2, 2]),
 (12, [1039, 99, 1, 1, 0, 1209, 1245, 1, 1, 2, 1, 1, 0, 2, 2]),
 (12, [1165, 110, 0, 1, 1, 1822, 888, 0, 1, 0, 3, 0, 0, 2, 2]),
 (16, [1010, 86, 1, 0, 1, 885, 1484, 1, 1, 1, 0, 0, 2, 2, 2]),
 (16, [735, 95, 1, 0, 1, 1343, 677, 0, 1, 1, 3, 0, 0, 2, 0]),
 (16, [735, 95, 1, 0, 1, 1343, 677, 0, 1, 1, 3, 0, 0, 2, 0]),
 (12, [1039, 99, 1, 1, 0, 1209, 1245, 1, 1, 2, 1, 1, 0, 2, 2]),
 (12, [1165, 110, 0, 1, 1, 1822, 888, 0, 1, 0, 3, 0, 0, 2, 2]),
 (16, [1014, 40, 0, 1, 1, 686, 1573, 1, 1, 2, 3, 1, 2, 0, 1]),
 (12, [1670, 75, 0, 0, 0, 1033, 591, 1, 0, 1, 3, 1, 2, 0, 1]),
 (16, [1028, 110, 1, 0, 0, 848, 1377, 1, 0, 1, 0, 0, 1, 0, 1]),
 (12, [1670, 75, 0, 0, 0, 1033, 591, 1, 0, 1, 3, 1, 2, 0, 1]),
 (16, [1010, 86, 1, 0, 1, 885, 1484, 1, 1, 1, 0, 0, 2, 2, 2]),
 (12, [1039, 99, 1, 1, 0, 1209, 1245, 1, 1, 2, 1, 1, 0, 2, 2]),
 (16, [1011, 41, 0, 0, 0, 522, 939, 1, 1, 1, 2, 1, 0, 1, 0]),
 (16, [1196, 60, 1, 1, 0, 1630, 1228, 1, 0, 0, 4, 1, 1, 2, 2]),
 (12, [1643, 28, 0, 0, 1, 950, 1476, 1, 0, 1, 0, 1, 0, 2, 1]),
 (12, [1643, 28, 0, 0, 1, 950, 1476, 1, 0, 1, 0, 1, 0, 2, 1]),
 (16, [1014, 40, 0, 1, 1, 686, 1573, 1, 1, 2, 3, 1, 2, 0, 1]),
 (12, [1165, 110, 0, 1, 1, 1822, 888, 0, 1, 0, 3, 0, 0, 2, 2]),
 (12, [1165, 110, 0, 1, 1, 1822, 888, 0, 1, 0, 3, 0, 0, 2, 2]),
 (16, [1014, 40, 0, 1, 1, 686, 1573, 1, 1, 2, 3, 1, 2, 0, 1]),
 (12, [1039, 99, 1, 1, 0, 1209, 1245, 1, 1, 2, 1, 1, 0, 2, 2]),
 (12, [1039, 99, 1, 1, 0, 1209, 1245, 1, 1, 2, 1, 1, 0, 2, 2]),
 (999, [762, 55, 1, 0, 0, 1613, 606, 1, 0, 2, 5, 0, 0, 2, 0])]
population
[(999, [2022, 70, 1, 1, 1, 1985, 1728, 1, 0, 3, 0, 0, 1, 1, 2]),
 (999, [1987, 113, 1, 1, 0, 1645, 1127, 1, 1, 3, 0, 0, 1, 1, 0]),
 (999, [1659, 79, 0, 1, 1, 654, 1167, 1, 1, 3, 2, 1, 2, 0, 2]),
 (999, [1641, 67, 0, 1, 0, 1843, 799, 0, 1, 3, 4, 1, 2, 1, 1]),
 (999, [1135, 34, 0, 0, 1, 1434, 1514, 1, 1, 0, 5, 1, 1, 2, 0]),
 (999, [1120, 37, 0, 0, 1, 1793, 1427, 1, 0, 3, 3, 0, 0, 0, 1]),
 (999, [1110, 68, 0, 0, 0, 1593, 1429, 0, 0, 3, 1, 0, 1, 1, 2]),
 (999, [1078, 10, 0, 0, 0, 1988, 1305, 1, 0, 3, 3, 1, 2, 2, 1]),
 (999, [1029, 115, 0, 0, 1, 755, 1299, 0, 0, 3, 1, 1, 2, 0, 2]),
 (999, [991, 19, 1, 0, 1, 2017, 1962, 0, 0, 1, 5, 0, 0, 0, 1]),
 (999, [785, 90, 0, 0, 0, 1375, 1072, 1, 0, 3, 0, 0, 1, 0, 0]),
 (999, [762, 55, 1, 0, 0, 1613, 606, 1, 0, 2, 5, 0, 0, 2, 0]),
 (16, [1778, 113, 0, 0, 0, 1254, 1545, 1, 1, 0, 3, 1, 1, 1, 0]),
 (16, [1661, 112, 0, 1, 0, 1081, 661, 1, 1, 2, 2, 1, 0, 1, 0]),
 (16, [1359, 119, 1, 0, 0, 965, 1206, 0, 1, 0, 4, 0, 1, 2, 1]),
 (16, [1254, 43, 0, 1, 1, 769, 1604, 0, 0, 2, 1, 1, 0, 0, 0]),
 (16, [1253, 74, 1, 0, 0, 1092, 1416, 0, 1, 1, 0, 1, 0, 0, 1]),
 (16, [1208, 38, 0, 0, 0, 1896, 1091, 0, 1, 2, 4, 1, 2, 2, 2]),
 (16, [1196, 60, 1, 1, 0, 1630, 1228, 1, 0, 0, 4, 1, 1, 2, 2]),
 (16, [1174, 96, 1, 0, 1, 1301, 1729, 0, 1, 2, 1, 0, 0, 0, 0]),
 (16, [1128, 45, 1, 0, 1, 809, 1780, 1, 1, 2, 0, 0, 0, 0, 0]),
 (16, [1096, 40, 1, 1, 1, 1807, 1255, 0, 1, 1, 3, 1, 2, 0, 0]),
 (16, [1028, 110, 1, 0, 0, 848, 1377, 1, 0, 1, 0, 0, 1, 0, 1]),
 (16, [1014, 40, 0, 1, 1, 686, 1573, 1, 1, 2, 3, 1, 2, 0, 1]),
 (16, [1011, 41, 0, 0, 0, 522, 939, 1, 1, 1, 2, 1, 0, 1, 0]),
 (16, [1010, 86, 1, 0, 1, 885, 1484, 1, 1, 1, 0, 0, 2, 2, 2]),
 (16, [735, 95, 1, 0, 1, 1343, 677, 0, 1, 1, 3, 0, 0, 2, 0]),
 (16, [673, 17, 0, 1, 1, 2000, 1553, 0, 0, 1, 2, 0, 2, 1, 2]),
 (12, [1670, 75, 0, 0, 0, 1033, 591, 1, 0, 1, 3, 1, 2, 0, 1]),
 (12, [1643, 28, 0, 0, 1, 950, 1476, 1, 0, 1, 0, 1, 0, 2, 1]),
 (12, [1165, 110, 0, 1, 1, 1822, 888, 0, 1, 0, 3, 0, 0, 2, 2]),
 (12, [1039, 99, 1, 1, 0, 1209, 1245, 1, 1, 2, 1, 1, 0, 2, 2])]
scored
[(12, [1039, 99, 1, 1, 0, 1209, 1245, 1, 1, 2, 1, 1, 0, 2, 2]),
 (12, [1165, 110, 0, 1, 1, 1822, 888, 0, 1, 0, 3, 0, 0, 2, 2]),
 (12, [1643, 28, 0, 0, 1, 950, 1476, 1, 0, 1, 0, 1, 0, 2, 1]),
 (12, [1670, 75, 0, 0, 0, 1033, 591, 1, 0, 1, 3, 1, 2, 0, 1]),
 (16, [673, 17, 0, 1, 1, 2000, 1553, 0, 0, 1, 2, 0, 2, 1, 2]),
 (16, [735, 95, 1, 0, 1, 1343, 677, 0, 1, 1, 3, 0, 0, 2, 0]),
 (16, [1010, 86, 1, 0, 1, 885, 1484, 1, 1, 1, 0, 0, 2, 2, 2]),
 (16, [1011, 41, 0, 0, 0, 522, 939, 1, 1, 1, 2, 1, 0, 1, 0]),
 (16, [1014, 40, 0, 1, 1, 686, 1573, 1, 1, 2, 3, 1, 2, 0, 1]),
 (16, [1028, 110, 1, 0, 0, 848, 1377, 1, 0, 1, 0, 0, 1, 0, 1]),
 (16, [1096, 40, 1, 1, 1, 1807, 1255, 0, 1, 1, 3, 1, 2, 0, 0]),
 (16, [1128, 45, 1, 0, 1, 809, 1780, 1, 1, 2, 0, 0, 0, 0, 0]),
 (16, [1174, 96, 1, 0, 1, 1301, 1729, 0, 1, 2, 1, 0, 0, 0, 0]),
 (16, [1196, 60, 1, 1, 0, 1630, 1228, 1, 0, 0, 4, 1, 1, 2, 2]),
 (16, [1208, 38, 0, 0, 0, 1896, 1091, 0, 1, 2, 4, 1, 2, 2, 2]),
 (16, [1253, 74, 1, 0, 0, 1092, 1416, 0, 1, 1, 0, 1, 0, 0, 1]),
 (16, [1254, 43, 0, 1, 1, 769, 1604, 0, 0, 2, 1, 1, 0, 0, 0]),
 (16, [1359, 119, 1, 0, 0, 965, 1206, 0, 1, 0, 4, 0, 1, 2, 1]),
 (16, [1661, 112, 0, 1, 0, 1081, 661, 1, 1, 2, 2, 1, 0, 1, 0]),
 (16, [1778, 113, 0, 0, 0, 1254, 1545, 1, 1, 0, 3, 1, 1, 1, 0]),
 (999, [762, 55, 1, 0, 0, 1613, 606, 1, 0, 2, 5, 0, 0, 2, 0]),
 (999, [785, 90, 0, 0, 0, 1375, 1072, 1, 0, 3, 0, 0, 1, 0, 0]),
 (999, [991, 19, 1, 0, 1, 2017, 1962, 0, 0, 1, 5, 0, 0, 0, 1]),
 (999, [1029, 115, 0, 0, 1, 755, 1299, 0, 0, 3, 1, 1, 2, 0, 2]),
 (999, [1078, 10, 0, 0, 0, 1988, 1305, 1, 0, 3, 3, 1, 2, 2, 1]),
 (999, [1110, 68, 0, 0, 0, 1593, 1429, 0, 0, 3, 1, 0, 1, 1, 2]),
 (999, [1120, 37, 0, 0, 1, 1793, 1427, 1, 0, 3, 3, 0, 0, 0, 1]),
 (999, [1135, 34, 0, 0, 1, 1434, 1514, 1, 1, 0, 5, 1, 1, 2, 0]),
 (999, [1641, 67, 0, 1, 0, 1843, 799, 0, 1, 3, 4, 1, 2, 1, 1]),
 (999, [1659, 79, 0, 1, 1, 654, 1167, 1, 1, 3, 2, 1, 2, 0, 2]),
 (999, [1987, 113, 1, 1, 0, 1645, 1127, 1, 1, 3, 0, 0, 1, 1, 0]),
 (999, [2022, 70, 1, 1, 1, 1985, 1728, 1, 0, 3, 0, 0, 1, 1, 2])]
Selected
[(16, [1010, 86, 1, 0, 1, 885, 1484, 1, 1, 1, 0, 0, 2, 2, 2]),
 (16, [1028, 110, 1, 0, 0, 848, 1377, 1, 0, 1, 0, 0, 1, 0, 1]),
 (16, [673, 17, 0, 1, 1, 2000, 1553, 0, 0, 1, 2, 0, 2, 1, 2]),
 (12, [1165, 110, 0, 1, 1, 1822, 888, 0, 1, 0, 3, 0, 0, 2, 2]),
 (12, [1643, 28, 0, 0, 1, 950, 1476, 1, 0, 1, 0, 1, 0, 2, 1]),
 (16, [673, 17, 0, 1, 1, 2000, 1553, 0, 0, 1, 2, 0, 2, 1, 2]),
 (12, [1643, 28, 0, 0, 1, 950, 1476, 1, 0, 1, 0, 1, 0, 2, 1]),
 (16, [735, 95, 1, 0, 1, 1343, 677, 0, 1, 1, 3, 0, 0, 2, 0]),
 (16, [1010, 86, 1, 0, 1, 885, 1484, 1, 1, 1, 0, 0, 2, 2, 2]),
 (12, [1039, 99, 1, 1, 0, 1209, 1245, 1, 1, 2, 1, 1, 0, 2, 2]),
 (16, [673, 17, 0, 1, 1, 2000, 1553, 0, 0, 1, 2, 0, 2, 1, 2]),
 (16, [1014, 40, 0, 1, 1, 686, 1573, 1, 1, 2, 3, 1, 2, 0, 1]),
 (12, [1643, 28, 0, 0, 1, 950, 1476, 1, 0, 1, 0, 1, 0, 2, 1]),
 (16, [735, 95, 1, 0, 1, 1343, 677, 0, 1, 1, 3, 0, 0, 2, 0]),
 (16, [1778, 113, 0, 0, 0, 1254, 1545, 1, 1, 0, 3, 1, 1, 1, 0]),
 (12, [1670, 75, 0, 0, 0, 1033, 591, 1, 0, 1, 3, 1, 2, 0, 1]),
 (12, [1165, 110, 0, 1, 1, 1822, 888, 0, 1, 0, 3, 0, 0, 2, 2]),
 (999, [762, 55, 1, 0, 0, 1613, 606, 1, 0, 2, 5, 0, 0, 2, 0]),
 (16, [1010, 86, 1, 0, 1, 885, 1484, 1, 1, 1, 0, 0, 2, 2, 2]),
 (16, [1096, 40, 1, 1, 1, 1807, 1255, 0, 1, 1, 3, 1, 2, 0, 0]),
 (16, [673, 17, 0, 1, 1, 2000, 1553, 0, 0, 1, 2, 0, 2, 1, 2]),
 (12, [1643, 28, 0, 0, 1, 950, 1476, 1, 0, 1, 0, 1, 0, 2, 1]),
 (16, [735, 95, 1, 0, 1, 1343, 677, 0, 1, 1, 3, 0, 0, 2, 0]),
 (16, [1096, 40, 1, 1, 1, 1807, 1255, 0, 1, 1, 3, 1, 2, 0, 0]),
 (12, [1643, 28, 0, 0, 1, 950, 1476, 1, 0, 1, 0, 1, 0, 2, 1]),
 (16, [1010, 86, 1, 0, 1, 885, 1484, 1, 1, 1, 0, 0, 2, 2, 2]),
 (12, [1670, 75, 0, 0, 0, 1033, 591, 1, 0, 1, 3, 1, 2, 0, 1])]

Poblacin de 32 individuos durante 15 generaciones
Poblacin inicial:
[(999, [2022, 70, 1, 1, 1, 1985, 1728, 1, 0, 3, 0, 0, 1, 1, 2]),
 (999, [1987, 113, 1, 1, 0, 1645, 1127, 1, 1, 3, 0, 0, 1, 1, 0]),
 (999, [1659, 79, 0, 1, 1, 654, 1167, 1, 1, 3, 2, 1, 2, 0, 2]),
 (999, [1641, 67, 0, 1, 0, 1843, 799, 0, 1, 3, 4, 1, 2, 1, 1]),
 (999, [1135, 34, 0, 0, 1, 1434, 1514, 1, 1, 0, 5, 1, 1, 2, 0]),
 (999, [1120, 37, 0, 0, 1, 1793, 1427, 1, 0, 3, 3, 0, 0, 0, 1]),
 (999, [1110, 68, 0, 0, 0, 1593, 1429, 0, 0, 3, 1, 0, 1, 1, 2]),
 (999, [1078, 10, 0, 0, 0, 1988, 1305, 1, 0, 3, 3, 1, 2, 2, 1]),
 (999, [1029, 115, 0, 0, 1, 755, 1299, 0, 0, 3, 1, 1, 2, 0, 2]),
 (999, [991, 19, 1, 0, 1, 2017, 1962, 0, 0, 1, 5, 0, 0, 0, 1]),
 (999, [785, 90, 0, 0, 0, 1375, 1072, 1, 0, 3, 0, 0, 1, 0, 0]),
 (999, [762, 55, 1, 0, 0, 1613, 606, 1, 0, 2, 5, 0, 0, 2, 0]),
 (16, [1778, 113, 0, 0, 0, 1254, 1545, 1, 1, 0, 3, 1, 1, 1, 0]),
 (16, [1661, 112, 0, 1, 0, 1081, 661, 1, 1, 2, 2, 1, 0, 1, 0]),
 (16, [1359, 119, 1, 0, 0, 965, 1206, 0, 1, 0, 4, 0, 1, 2, 1]),
 (16, [1254, 43, 0, 1, 1, 769, 1604, 0, 0, 2, 1, 1, 0, 0, 0]),
 (16, [1253, 74, 1, 0, 0, 1092, 1416, 0, 1, 1, 0, 1, 0, 0, 1]),
 (16, [1208, 38, 0, 0, 0, 1896, 1091, 0, 1, 2, 4, 1, 2, 2, 2]),
 (16, [1196, 60, 1, 1, 0, 1630, 1228, 1, 0, 0, 4, 1, 1, 2, 2]),
 (16, [1174, 96, 1, 0, 1, 1301, 1729, 0, 1, 2, 1, 0, 0, 0, 0]),
 (16, [1128, 45, 1, 0, 1, 809, 1780, 1, 1, 2, 0, 0, 0, 0, 0]),
 (16, [1096, 40, 1, 1, 1, 1807, 1255, 0, 1, 1, 3, 1, 2, 0, 0]),
 (16, [1028, 110, 1, 0, 0, 848, 1377, 1, 0, 1, 0, 0, 1, 0, 1]),
 (16, [1014, 40, 0, 1, 1, 686, 1573, 1, 1, 2, 3, 1, 2, 0, 1]),
 (16, [1011, 41, 0, 0, 0, 522, 939, 1, 1, 1, 2, 1, 0, 1, 0]),
 (16, [1010, 86, 1, 0, 1, 885, 1484, 1, 1, 1, 0, 0, 2, 2, 2]),
 (16, [735, 95, 1, 0, 1, 1343, 677, 0, 1, 1, 3, 0, 0, 2, 0]),
 (16, [673, 17, 0, 1, 1, 2000, 1553, 0, 0, 1, 2, 0, 2, 1, 2]),
 (12, [1670, 75, 0, 0, 0, 1033, 591, 1, 0, 1, 3, 1, 2, 0, 1]),
 (12, [1643, 28, 0, 0, 1, 950, 1476, 1, 0, 1, 0, 1, 0, 2, 1]),
 (12, [1165, 110, 0, 1, 1, 1822, 888, 0, 1, 0, 3, 0, 0, 2, 2]),
 (12, [1039, 99, 1, 1, 0, 1209, 1245, 1, 1, 2, 1, 1, 0, 2, 2])]
Poblacin final:
[(999, [2022, 70, 1, 1, 1, 1985, 1728, 1, 0, 3, 0, 0, 1, 1, 2]),
 (999, [1987, 113, 1, 1, 0, 1645, 1127, 1, 1, 3, 0, 0, 1, 1, 0]),
 (999, [1659, 79, 0, 1, 1, 654, 1167, 1, 1, 3, 2, 1, 2, 0, 2]),
 (999, [1641, 67, 0, 1, 0, 1843, 799, 0, 1, 3, 4, 1, 2, 1, 1]),
 (999, [1135, 34, 0, 0, 1, 1434, 1514, 1, 1, 0, 5, 1, 1, 2, 0]),
 (999, [1120, 37, 0, 0, 1, 1793, 1427, 1, 0, 3, 3, 0, 0, 0, 1]),
 (999, [1110, 68, 0, 0, 0, 1593, 1429, 0, 0, 3, 1, 0, 1, 1, 2]),
 (999, [1078, 10, 0, 0, 0, 1988, 1305, 1, 0, 3, 3, 1, 2, 2, 1]),
 (999, [1029, 115, 0, 0, 1, 755, 1299, 0, 0, 3, 1, 1, 2, 0, 2]),
 (999, [991, 19, 1, 0, 1, 2017, 1962, 0, 0, 1, 5, 0, 0, 0, 1]),
 (999, [785, 90, 0, 0, 0, 1375, 1072, 1, 0, 3, 0, 0, 1, 0, 0]),
 (999, [762, 55, 1, 0, 0, 1613, 606, 1, 0, 2, 5, 0, 0, 2, 0]),
 (16, [1778, 113, 0, 0, 0, 1254, 1545, 1, 1, 0, 3, 1, 1, 1, 0]),
 (16, [1661, 112, 0, 1, 0, 1081, 661, 1, 1, 2, 2, 1, 0, 1, 0]),
 (16, [1359, 119, 1, 0, 0, 965, 1206, 0, 1, 0, 4, 0, 1, 2, 1]),
 (16, [1254, 43, 0, 1, 1, 769, 1604, 0, 0, 2, 1, 1, 0, 0, 0]),
 (16, [1253, 74, 1, 0, 0, 1092, 1416, 0, 1, 1, 0, 1, 0, 0, 1]),
 (16, [1208, 38, 0, 0, 0, 1896, 1091, 0, 1, 2, 4, 1, 2, 2, 2]),
 (16, [1196, 60, 1, 1, 0, 1630, 1228, 1, 0, 0, 4, 1, 1, 2, 2]),
 (16, [1174, 96, 1, 0, 1, 1301, 1729, 0, 1, 2, 1, 0, 0, 0, 0]),
 (16, [1128, 45, 1, 0, 1, 809, 1780, 1, 1, 2, 0, 0, 0, 0, 0]),
 (16, [1096, 40, 1, 1, 1, 1807, 1255, 0, 1, 1, 3, 1, 2, 0, 0]),
 (16, [1028, 110, 1, 0, 0, 848, 1377, 1, 0, 1, 0, 0, 1, 0, 1]),
 (16, [1014, 40, 0, 1, 1, 686, 1573, 1, 1, 2, 3, 1, 2, 0, 1]),
 (16, [1011, 41, 0, 0, 0, 522, 939, 1, 1, 1, 2, 1, 0, 1, 0]),
 (16, [1010, 86, 1, 0, 1, 885, 1484, 1, 1, 1, 0, 0, 2, 2, 2]),
 (16, [735, 95, 1, 0, 1, 1343, 677, 0, 1, 1, 3, 0, 0, 2, 0]),
 (16, [673, 17, 0, 1, 1, 2000, 1553, 0, 0, 1, 2, 0, 2, 1, 2]),
 (12, [1670, 75, 0, 0, 0, 1033, 591, 1, 0, 1, 3, 1, 2, 0, 1]),
 (12, [1643, 28, 0, 0, 1, 950, 1476, 1, 0, 1, 0, 1, 0, 2, 1]),
 (12, [1165, 110, 0, 1, 1, 1822, 888, 0, 1, 0, 3, 0, 0, 2, 2]),
 (12, [1039, 99, 1, 1, 0, 1209, 1245, 1, 1, 2, 1, 1, 0, 2, 2])]
Elapsed time is 777.699531 seconds.
