 * Manually resetting nginx to stopped state
 * Manually resetting nginx to stopped state
 * Manually resetting nginx to stopped state
 * Manually resetting nginx to stopped state
 * Manually resetting nginx to stopped state
 * Manually resetting nginx to stopped state
 * Manually resetting nginx to stopped state
 * Manually resetting nginx to stopped state
 * Manually resetting nginx to stopped state
 * Manually resetting nginx to stopped state
 * Manually resetting nginx to stopped state
 * Manually resetting nginx to stopped state
 * Manually resetting nginx to stopped state
 * Manually resetting nginx to stopped state
 * Manually resetting nginx to stopped state
 * Manually resetting nginx to stopped state
genes: 15
individuals : 32
pressure: 5
mutation_chance: 0
generations: 15
crossover_type: 1
mutation_type_random: 1
Alerts:
16
Alerts:
16
Alerts:
16
Alerts:
16
Alerts:
12
Alerts:
16
Alerts:
12
Alerts:
16
Alerts:
12
Alerts:
16
Alerts:
12
Alerts:
16
Alerts:
12
Alerts:
12
Alerts:
16
Alerts:
17
population
[(999, [1603, 118, 0, 0, 0, 2035, 1111, 0, 1, 1, 5, 1, 2, 0, 1]),
 (16, [1948, 14, 1, 0, 1, 924, 1229, 0, 0, 0, 2, 0, 0, 2, 1]),
 (999, [1100, 24, 0, 0, 1, 1676, 1369, 0, 0, 2, 5, 1, 1, 2, 2]),
 (16, [1871, 65, 1, 0, 1, 1398, 888, 0, 1, 1, 3, 0, 2, 2, 1]),
 (999, [1194, 45, 1, 0, 0, 1374, 1030, 1, 0, 0, 5, 1, 0, 2, 2]),
 (999, [1400, 33, 0, 0, 0, 1488, 840, 1, 0, 3, 2, 0, 0, 0, 2]),
 (999, [563, 79, 0, 1, 0, 1300, 1829, 1, 1, 2, 5, 1, 2, 0, 0]),
 (16, [789, 80, 0, 1, 0, 1612, 651, 1, 1, 1, 2, 0, 2, 2, 1]),
 (16, [1196, 93, 1, 1, 1, 673, 1884, 1, 1, 0, 0, 0, 0, 2, 0]),
 (12, [1169, 46, 0, 1, 1, 1621, 963, 1, 0, 2, 3, 0, 0, 1, 1]),
 (999, [782, 120, 1, 1, 1, 1742, 1271, 0, 1, 3, 1, 1, 1, 2, 0]),
 (16, [736, 14, 1, 0, 1, 713, 609, 1, 0, 2, 0, 0, 2, 2, 2]),
 (12, [920, 109, 0, 0, 1, 1104, 1192, 1, 1, 1, 0, 1, 0, 1, 2]),
 (16, [605, 18, 1, 1, 1, 915, 899, 0, 1, 2, 0, 1, 1, 1, 1]),
 (12, [1831, 45, 0, 1, 1, 554, 2035, 1, 0, 2, 1, 0, 1, 1, 0]),
 (999, [1303, 95, 0, 0, 1, 1777, 1710, 0, 0, 1, 5, 0, 2, 2, 0]),
 (999, [1256, 44, 0, 0, 1, 1831, 1673, 0, 1, 3, 1, 1, 2, 0, 0]),
 (16, [1035, 23, 0, 0, 1, 1817, 1823, 0, 0, 2, 0, 0, 0, 2, 0]),
 (12, [1416, 60, 1, 0, 1, 818, 1225, 0, 0, 1, 0, 1, 0, 0, 1]),
 (16, [1361, 67, 1, 0, 1, 687, 543, 1, 1, 2, 0, 0, 2, 1, 1]),
 (999, [819, 13, 1, 1, 1, 794, 1309, 1, 1, 0, 5, 1, 0, 2, 2]),
 (999, [1106, 78, 0, 1, 0, 915, 774, 1, 1, 3, 0, 1, 0, 0, 2]),
 (999, [1832, 25, 1, 0, 0, 1052, 1629, 1, 1, 1, 5, 0, 1, 1, 0]),
 (999, [723, 41, 1, 1, 1, 975, 800, 1, 1, 3, 2, 0, 2, 1, 2]),
 (999, [2019, 59, 0, 0, 0, 743, 1742, 1, 0, 3, 5, 0, 2, 1, 0]),
 (12, [1014, 97, 0, 0, 0, 1758, 853, 1, 1, 1, 0, 0, 1, 1, 0]),
 (12, [888, 29, 0, 1, 1, 975, 909, 1, 1, 2, 2, 1, 1, 1, 0]),
 (999, [778, 102, 0, 0, 1, 862, 1468, 0, 1, 1, 5, 0, 0, 2, 1]),
 (999, [1507, 95, 1, 0, 1, 1891, 1385, 0, 1, 3, 1, 0, 1, 2, 1]),
 (16, [1354, 115, 0, 1, 0, 972, 735, 0, 1, 0, 3, 0, 2, 2, 0]),
 (999, [1946, 72, 0, 1, 1, 616, 691, 0, 0, 1, 5, 1, 0, 0, 1]),
 (17, [779, 16, 1, 0, 0, 1767, 1272, 1, 1, 2, 4, 1, 0, 0, 2])]
scored
[(12, [888, 29, 0, 1, 1, 975, 909, 1, 1, 2, 2, 1, 1, 1, 0]),
 (12, [920, 109, 0, 0, 1, 1104, 1192, 1, 1, 1, 0, 1, 0, 1, 2]),
 (12, [1014, 97, 0, 0, 0, 1758, 853, 1, 1, 1, 0, 0, 1, 1, 0]),
 (12, [1169, 46, 0, 1, 1, 1621, 963, 1, 0, 2, 3, 0, 0, 1, 1]),
 (12, [1416, 60, 1, 0, 1, 818, 1225, 0, 0, 1, 0, 1, 0, 0, 1]),
 (12, [1831, 45, 0, 1, 1, 554, 2035, 1, 0, 2, 1, 0, 1, 1, 0]),
 (16, [605, 18, 1, 1, 1, 915, 899, 0, 1, 2, 0, 1, 1, 1, 1]),
 (16, [736, 14, 1, 0, 1, 713, 609, 1, 0, 2, 0, 0, 2, 2, 2]),
 (16, [789, 80, 0, 1, 0, 1612, 651, 1, 1, 1, 2, 0, 2, 2, 1]),
 (16, [1035, 23, 0, 0, 1, 1817, 1823, 0, 0, 2, 0, 0, 0, 2, 0]),
 (16, [1196, 93, 1, 1, 1, 673, 1884, 1, 1, 0, 0, 0, 0, 2, 0]),
 (16, [1354, 115, 0, 1, 0, 972, 735, 0, 1, 0, 3, 0, 2, 2, 0]),
 (16, [1361, 67, 1, 0, 1, 687, 543, 1, 1, 2, 0, 0, 2, 1, 1]),
 (16, [1871, 65, 1, 0, 1, 1398, 888, 0, 1, 1, 3, 0, 2, 2, 1]),
 (16, [1948, 14, 1, 0, 1, 924, 1229, 0, 0, 0, 2, 0, 0, 2, 1]),
 (17, [779, 16, 1, 0, 0, 1767, 1272, 1, 1, 2, 4, 1, 0, 0, 2]),
 (999, [563, 79, 0, 1, 0, 1300, 1829, 1, 1, 2, 5, 1, 2, 0, 0]),
 (999, [723, 41, 1, 1, 1, 975, 800, 1, 1, 3, 2, 0, 2, 1, 2]),
 (999, [778, 102, 0, 0, 1, 862, 1468, 0, 1, 1, 5, 0, 0, 2, 1]),
 (999, [782, 120, 1, 1, 1, 1742, 1271, 0, 1, 3, 1, 1, 1, 2, 0]),
 (999, [819, 13, 1, 1, 1, 794, 1309, 1, 1, 0, 5, 1, 0, 2, 2]),
 (999, [1100, 24, 0, 0, 1, 1676, 1369, 0, 0, 2, 5, 1, 1, 2, 2]),
 (999, [1106, 78, 0, 1, 0, 915, 774, 1, 1, 3, 0, 1, 0, 0, 2]),
 (999, [1194, 45, 1, 0, 0, 1374, 1030, 1, 0, 0, 5, 1, 0, 2, 2]),
 (999, [1256, 44, 0, 0, 1, 1831, 1673, 0, 1, 3, 1, 1, 2, 0, 0]),
 (999, [1303, 95, 0, 0, 1, 1777, 1710, 0, 0, 1, 5, 0, 2, 2, 0]),
 (999, [1400, 33, 0, 0, 0, 1488, 840, 1, 0, 3, 2, 0, 0, 0, 2]),
 (999, [1507, 95, 1, 0, 1, 1891, 1385, 0, 1, 3, 1, 0, 1, 2, 1]),
 (999, [1603, 118, 0, 0, 0, 2035, 1111, 0, 1, 1, 5, 1, 2, 0, 1]),
 (999, [1832, 25, 1, 0, 0, 1052, 1629, 1, 1, 1, 5, 0, 1, 1, 0]),
 (999, [1946, 72, 0, 1, 1, 616, 691, 0, 0, 1, 5, 1, 0, 0, 1]),
 (999, [2019, 59, 0, 0, 0, 743, 1742, 1, 0, 3, 5, 0, 2, 1, 0])]
Selected
[(12, [888, 29, 0, 1, 1, 975, 909, 1, 1, 2, 2, 1, 1, 1, 0]),
 (12, [920, 109, 0, 0, 1, 1104, 1192, 1, 1, 1, 0, 1, 0, 1, 2]),
 (16, [736, 14, 1, 0, 1, 713, 609, 1, 0, 2, 0, 0, 2, 2, 2]),
 (16, [1196, 93, 1, 1, 1, 673, 1884, 1, 1, 0, 0, 0, 0, 2, 0]),
 (12, [888, 29, 0, 1, 1, 975, 909, 1, 1, 2, 2, 1, 1, 1, 0]),
 (12, [1169, 46, 0, 1, 1, 1621, 963, 1, 0, 2, 3, 0, 0, 1, 1]),
 (16, [1871, 65, 1, 0, 1, 1398, 888, 0, 1, 1, 3, 0, 2, 2, 1]),
 (16, [1361, 67, 1, 0, 1, 687, 543, 1, 1, 2, 0, 0, 2, 1, 1]),
 (16, [736, 14, 1, 0, 1, 713, 609, 1, 0, 2, 0, 0, 2, 2, 2]),
 (12, [1014, 97, 0, 0, 0, 1758, 853, 1, 1, 1, 0, 0, 1, 1, 0]),
 (12, [888, 29, 0, 1, 1, 975, 909, 1, 1, 2, 2, 1, 1, 1, 0]),
 (12, [1169, 46, 0, 1, 1, 1621, 963, 1, 0, 2, 3, 0, 0, 1, 1]),
 (16, [1948, 14, 1, 0, 1, 924, 1229, 0, 0, 0, 2, 0, 0, 2, 1]),
 (12, [888, 29, 0, 1, 1, 975, 909, 1, 1, 2, 2, 1, 1, 1, 0]),
 (999, [563, 79, 0, 1, 0, 1300, 1829, 1, 1, 2, 5, 1, 2, 0, 0]),
 (12, [1416, 60, 1, 0, 1, 818, 1225, 0, 0, 1, 0, 1, 0, 0, 1]),
 (12, [920, 109, 0, 0, 1, 1104, 1192, 1, 1, 1, 0, 1, 0, 1, 2]),
 (12, [1831, 45, 0, 1, 1, 554, 2035, 1, 0, 2, 1, 0, 1, 1, 0]),
 (12, [920, 109, 0, 0, 1, 1104, 1192, 1, 1, 1, 0, 1, 0, 1, 2]),
 (12, [1831, 45, 0, 1, 1, 554, 2035, 1, 0, 2, 1, 0, 1, 1, 0]),
 (12, [920, 109, 0, 0, 1, 1104, 1192, 1, 1, 1, 0, 1, 0, 1, 2]),
 (12, [1169, 46, 0, 1, 1, 1621, 963, 1, 0, 2, 3, 0, 0, 1, 1]),
 (16, [605, 18, 1, 1, 1, 915, 899, 0, 1, 2, 0, 1, 1, 1, 1]),
 (12, [888, 29, 0, 1, 1, 975, 909, 1, 1, 2, 2, 1, 1, 1, 0]),
 (16, [1196, 93, 1, 1, 1, 673, 1884, 1, 1, 0, 0, 0, 0, 2, 0]),
 (16, [1035, 23, 0, 0, 1, 1817, 1823, 0, 0, 2, 0, 0, 0, 2, 0]),
 (12, [1169, 46, 0, 1, 1, 1621, 963, 1, 0, 2, 3, 0, 0, 1, 1])]
population
[(999, [2019, 59, 0, 0, 0, 743, 1742, 1, 0, 3, 5, 0, 2, 1, 0]),
 (999, [1946, 72, 0, 1, 1, 616, 691, 0, 0, 1, 5, 1, 0, 0, 1]),
 (999, [1832, 25, 1, 0, 0, 1052, 1629, 1, 1, 1, 5, 0, 1, 1, 0]),
 (999, [1603, 118, 0, 0, 0, 2035, 1111, 0, 1, 1, 5, 1, 2, 0, 1]),
 (999, [1507, 95, 1, 0, 1, 1891, 1385, 0, 1, 3, 1, 0, 1, 2, 1]),
 (999, [1400, 33, 0, 0, 0, 1488, 840, 1, 0, 3, 2, 0, 0, 0, 2]),
 (999, [1303, 95, 0, 0, 1, 1777, 1710, 0, 0, 1, 5, 0, 2, 2, 0]),
 (999, [1256, 44, 0, 0, 1, 1831, 1673, 0, 1, 3, 1, 1, 2, 0, 0]),
 (999, [1194, 45, 1, 0, 0, 1374, 1030, 1, 0, 0, 5, 1, 0, 2, 2]),
 (999, [1106, 78, 0, 1, 0, 915, 774, 1, 1, 3, 0, 1, 0, 0, 2]),
 (999, [1100, 24, 0, 0, 1, 1676, 1369, 0, 0, 2, 5, 1, 1, 2, 2]),
 (999, [819, 13, 1, 1, 1, 794, 1309, 1, 1, 0, 5, 1, 0, 2, 2]),
 (999, [782, 120, 1, 1, 1, 1742, 1271, 0, 1, 3, 1, 1, 1, 2, 0]),
 (999, [778, 102, 0, 0, 1, 862, 1468, 0, 1, 1, 5, 0, 0, 2, 1]),
 (999, [723, 41, 1, 1, 1, 975, 800, 1, 1, 3, 2, 0, 2, 1, 2]),
 (999, [563, 79, 0, 1, 0, 1300, 1829, 1, 1, 2, 5, 1, 2, 0, 0]),
 (17, [779, 16, 1, 0, 0, 1767, 1272, 1, 1, 2, 4, 1, 0, 0, 2]),
 (16, [1948, 14, 1, 0, 1, 924, 1229, 0, 0, 0, 2, 0, 0, 2, 1]),
 (16, [1871, 65, 1, 0, 1, 1398, 888, 0, 1, 1, 3, 0, 2, 2, 1]),
 (16, [1361, 67, 1, 0, 1, 687, 543, 1, 1, 2, 0, 0, 2, 1, 1]),
 (16, [1354, 115, 0, 1, 0, 972, 735, 0, 1, 0, 3, 0, 2, 2, 0]),
 (16, [1196, 93, 1, 1, 1, 673, 1884, 1, 1, 0, 0, 0, 0, 2, 0]),
 (16, [1035, 23, 0, 0, 1, 1817, 1823, 0, 0, 2, 0, 0, 0, 2, 0]),
 (16, [789, 80, 0, 1, 0, 1612, 651, 1, 1, 1, 2, 0, 2, 2, 1]),
 (16, [736, 14, 1, 0, 1, 713, 609, 1, 0, 2, 0, 0, 2, 2, 2]),
 (16, [605, 18, 1, 1, 1, 915, 899, 0, 1, 2, 0, 1, 1, 1, 1]),
 (12, [1831, 45, 0, 1, 1, 554, 2035, 1, 0, 2, 1, 0, 1, 1, 0]),
 (12, [1416, 60, 1, 0, 1, 818, 1225, 0, 0, 1, 0, 1, 0, 0, 1]),
 (12, [1169, 46, 0, 1, 1, 1621, 963, 1, 0, 2, 3, 0, 0, 1, 1]),
 (12, [1014, 97, 0, 0, 0, 1758, 853, 1, 1, 1, 0, 0, 1, 1, 0]),
 (12, [920, 109, 0, 0, 1, 1104, 1192, 1, 1, 1, 0, 1, 0, 1, 2]),
 (12, [888, 29, 0, 1, 1, 975, 909, 1, 1, 2, 2, 1, 1, 1, 0])]
scored
[(12, [888, 29, 0, 1, 1, 975, 909, 1, 1, 2, 2, 1, 1, 1, 0]),
 (12, [920, 109, 0, 0, 1, 1104, 1192, 1, 1, 1, 0, 1, 0, 1, 2]),
 (12, [1014, 97, 0, 0, 0, 1758, 853, 1, 1, 1, 0, 0, 1, 1, 0]),
 (12, [1169, 46, 0, 1, 1, 1621, 963, 1, 0, 2, 3, 0, 0, 1, 1]),
 (12, [1416, 60, 1, 0, 1, 818, 1225, 0, 0, 1, 0, 1, 0, 0, 1]),
 (12, [1831, 45, 0, 1, 1, 554, 2035, 1, 0, 2, 1, 0, 1, 1, 0]),
 (16, [605, 18, 1, 1, 1, 915, 899, 0, 1, 2, 0, 1, 1, 1, 1]),
 (16, [736, 14, 1, 0, 1, 713, 609, 1, 0, 2, 0, 0, 2, 2, 2]),
 (16, [789, 80, 0, 1, 0, 1612, 651, 1, 1, 1, 2, 0, 2, 2, 1]),
 (16, [1035, 23, 0, 0, 1, 1817, 1823, 0, 0, 2, 0, 0, 0, 2, 0]),
 (16, [1196, 93, 1, 1, 1, 673, 1884, 1, 1, 0, 0, 0, 0, 2, 0]),
 (16, [1354, 115, 0, 1, 0, 972, 735, 0, 1, 0, 3, 0, 2, 2, 0]),
 (16, [1361, 67, 1, 0, 1, 687, 543, 1, 1, 2, 0, 0, 2, 1, 1]),
 (16, [1871, 65, 1, 0, 1, 1398, 888, 0, 1, 1, 3, 0, 2, 2, 1]),
 (16, [1948, 14, 1, 0, 1, 924, 1229, 0, 0, 0, 2, 0, 0, 2, 1]),
 (17, [779, 16, 1, 0, 0, 1767, 1272, 1, 1, 2, 4, 1, 0, 0, 2]),
 (999, [563, 79, 0, 1, 0, 1300, 1829, 1, 1, 2, 5, 1, 2, 0, 0]),
 (999, [723, 41, 1, 1, 1, 975, 800, 1, 1, 3, 2, 0, 2, 1, 2]),
 (999, [778, 102, 0, 0, 1, 862, 1468, 0, 1, 1, 5, 0, 0, 2, 1]),
 (999, [782, 120, 1, 1, 1, 1742, 1271, 0, 1, 3, 1, 1, 1, 2, 0]),
 (999, [819, 13, 1, 1, 1, 794, 1309, 1, 1, 0, 5, 1, 0, 2, 2]),
 (999, [1100, 24, 0, 0, 1, 1676, 1369, 0, 0, 2, 5, 1, 1, 2, 2]),
 (999, [1106, 78, 0, 1, 0, 915, 774, 1, 1, 3, 0, 1, 0, 0, 2]),
 (999, [1194, 45, 1, 0, 0, 1374, 1030, 1, 0, 0, 5, 1, 0, 2, 2]),
 (999, [1256, 44, 0, 0, 1, 1831, 1673, 0, 1, 3, 1, 1, 2, 0, 0]),
 (999, [1303, 95, 0, 0, 1, 1777, 1710, 0, 0, 1, 5, 0, 2, 2, 0]),
 (999, [1400, 33, 0, 0, 0, 1488, 840, 1, 0, 3, 2, 0, 0, 0, 2]),
 (999, [1507, 95, 1, 0, 1, 1891, 1385, 0, 1, 3, 1, 0, 1, 2, 1]),
 (999, [1603, 118, 0, 0, 0, 2035, 1111, 0, 1, 1, 5, 1, 2, 0, 1]),
 (999, [1832, 25, 1, 0, 0, 1052, 1629, 1, 1, 1, 5, 0, 1, 1, 0]),
 (999, [1946, 72, 0, 1, 1, 616, 691, 0, 0, 1, 5, 1, 0, 0, 1]),
 (999, [2019, 59, 0, 0, 0, 743, 1742, 1, 0, 3, 5, 0, 2, 1, 0])]
Selected
[(12, [920, 109, 0, 0, 1, 1104, 1192, 1, 1, 1, 0, 1, 0, 1, 2]),
 (12, [1014, 97, 0, 0, 0, 1758, 853, 1, 1, 1, 0, 0, 1, 1, 0]),
 (16, [1196, 93, 1, 1, 1, 673, 1884, 1, 1, 0, 0, 0, 0, 2, 0]),
 (12, [1416, 60, 1, 0, 1, 818, 1225, 0, 0, 1, 0, 1, 0, 0, 1]),
 (16, [736, 14, 1, 0, 1, 713, 609, 1, 0, 2, 0, 0, 2, 2, 2]),
 (12, [1014, 97, 0, 0, 0, 1758, 853, 1, 1, 1, 0, 0, 1, 1, 0]),
 (12, [920, 109, 0, 0, 1, 1104, 1192, 1, 1, 1, 0, 1, 0, 1, 2]),
 (16, [1871, 65, 1, 0, 1, 1398, 888, 0, 1, 1, 3, 0, 2, 2, 1]),
 (12, [1831, 45, 0, 1, 1, 554, 2035, 1, 0, 2, 1, 0, 1, 1, 0]),
 (16, [1354, 115, 0, 1, 0, 972, 735, 0, 1, 0, 3, 0, 2, 2, 0]),
 (12, [888, 29, 0, 1, 1, 975, 909, 1, 1, 2, 2, 1, 1, 1, 0]),
 (16, [1361, 67, 1, 0, 1, 687, 543, 1, 1, 2, 0, 0, 2, 1, 1]),
 (12, [1831, 45, 0, 1, 1, 554, 2035, 1, 0, 2, 1, 0, 1, 1, 0]),
 (12, [1014, 97, 0, 0, 0, 1758, 853, 1, 1, 1, 0, 0, 1, 1, 0]),
 (12, [888, 29, 0, 1, 1, 975, 909, 1, 1, 2, 2, 1, 1, 1, 0]),
 (16, [789, 80, 0, 1, 0, 1612, 651, 1, 1, 1, 2, 0, 2, 2, 1]),
 (12, [1831, 45, 0, 1, 1, 554, 2035, 1, 0, 2, 1, 0, 1, 1, 0]),
 (12, [1416, 60, 1, 0, 1, 818, 1225, 0, 0, 1, 0, 1, 0, 0, 1]),
 (12, [1014, 97, 0, 0, 0, 1758, 853, 1, 1, 1, 0, 0, 1, 1, 0]),
 (12, [1831, 45, 0, 1, 1, 554, 2035, 1, 0, 2, 1, 0, 1, 1, 0]),
 (16, [605, 18, 1, 1, 1, 915, 899, 0, 1, 2, 0, 1, 1, 1, 1]),
 (999, [1106, 78, 0, 1, 0, 915, 774, 1, 1, 3, 0, 1, 0, 0, 2]),
 (12, [1014, 97, 0, 0, 0, 1758, 853, 1, 1, 1, 0, 0, 1, 1, 0]),
 (12, [920, 109, 0, 0, 1, 1104, 1192, 1, 1, 1, 0, 1, 0, 1, 2]),
 (16, [789, 80, 0, 1, 0, 1612, 651, 1, 1, 1, 2, 0, 2, 2, 1]),
 (12, [1831, 45, 0, 1, 1, 554, 2035, 1, 0, 2, 1, 0, 1, 1, 0]),
 (16, [1361, 67, 1, 0, 1, 687, 543, 1, 1, 2, 0, 0, 2, 1, 1])]
population
[(999, [2019, 59, 0, 0, 0, 743, 1742, 1, 0, 3, 5, 0, 2, 1, 0]),
 (999, [1946, 72, 0, 1, 1, 616, 691, 0, 0, 1, 5, 1, 0, 0, 1]),
 (999, [1832, 25, 1, 0, 0, 1052, 1629, 1, 1, 1, 5, 0, 1, 1, 0]),
 (999, [1603, 118, 0, 0, 0, 2035, 1111, 0, 1, 1, 5, 1, 2, 0, 1]),
 (999, [1507, 95, 1, 0, 1, 1891, 1385, 0, 1, 3, 1, 0, 1, 2, 1]),
 (999, [1400, 33, 0, 0, 0, 1488, 840, 1, 0, 3, 2, 0, 0, 0, 2]),
 (999, [1303, 95, 0, 0, 1, 1777, 1710, 0, 0, 1, 5, 0, 2, 2, 0]),
 (999, [1256, 44, 0, 0, 1, 1831, 1673, 0, 1, 3, 1, 1, 2, 0, 0]),
 (999, [1194, 45, 1, 0, 0, 1374, 1030, 1, 0, 0, 5, 1, 0, 2, 2]),
 (999, [1106, 78, 0, 1, 0, 915, 774, 1, 1, 3, 0, 1, 0, 0, 2]),
 (999, [1100, 24, 0, 0, 1, 1676, 1369, 0, 0, 2, 5, 1, 1, 2, 2]),
 (999, [819, 13, 1, 1, 1, 794, 1309, 1, 1, 0, 5, 1, 0, 2, 2]),
 (999, [782, 120, 1, 1, 1, 1742, 1271, 0, 1, 3, 1, 1, 1, 2, 0]),
 (999, [778, 102, 0, 0, 1, 862, 1468, 0, 1, 1, 5, 0, 0, 2, 1]),
 (999, [723, 41, 1, 1, 1, 975, 800, 1, 1, 3, 2, 0, 2, 1, 2]),
 (999, [563, 79, 0, 1, 0, 1300, 1829, 1, 1, 2, 5, 1, 2, 0, 0]),
 (17, [779, 16, 1, 0, 0, 1767, 1272, 1, 1, 2, 4, 1, 0, 0, 2]),
 (16, [1948, 14, 1, 0, 1, 924, 1229, 0, 0, 0, 2, 0, 0, 2, 1]),
 (16, [1871, 65, 1, 0, 1, 1398, 888, 0, 1, 1, 3, 0, 2, 2, 1]),
 (16, [1361, 67, 1, 0, 1, 687, 543, 1, 1, 2, 0, 0, 2, 1, 1]),
 (16, [1354, 115, 0, 1, 0, 972, 735, 0, 1, 0, 3, 0, 2, 2, 0]),
 (16, [1196, 93, 1, 1, 1, 673, 1884, 1, 1, 0, 0, 0, 0, 2, 0]),
 (16, [1035, 23, 0, 0, 1, 1817, 1823, 0, 0, 2, 0, 0, 0, 2, 0]),
 (16, [789, 80, 0, 1, 0, 1612, 651, 1, 1, 1, 2, 0, 2, 2, 1]),
 (16, [736, 14, 1, 0, 1, 713, 609, 1, 0, 2, 0, 0, 2, 2, 2]),
 (16, [605, 18, 1, 1, 1, 915, 899, 0, 1, 2, 0, 1, 1, 1, 1]),
 (12, [1831, 45, 0, 1, 1, 554, 2035, 1, 0, 2, 1, 0, 1, 1, 0]),
 (12, [1416, 60, 1, 0, 1, 818, 1225, 0, 0, 1, 0, 1, 0, 0, 1]),
 (12, [1169, 46, 0, 1, 1, 1621, 963, 1, 0, 2, 3, 0, 0, 1, 1]),
 (12, [1014, 97, 0, 0, 0, 1758, 853, 1, 1, 1, 0, 0, 1, 1, 0]),
 (12, [920, 109, 0, 0, 1, 1104, 1192, 1, 1, 1, 0, 1, 0, 1, 2]),
 (12, [888, 29, 0, 1, 1, 975, 909, 1, 1, 2, 2, 1, 1, 1, 0])]
scored
[(12, [888, 29, 0, 1, 1, 975, 909, 1, 1, 2, 2, 1, 1, 1, 0]),
 (12, [920, 109, 0, 0, 1, 1104, 1192, 1, 1, 1, 0, 1, 0, 1, 2]),
 (12, [1014, 97, 0, 0, 0, 1758, 853, 1, 1, 1, 0, 0, 1, 1, 0]),
 (12, [1169, 46, 0, 1, 1, 1621, 963, 1, 0, 2, 3, 0, 0, 1, 1]),
 (12, [1416, 60, 1, 0, 1, 818, 1225, 0, 0, 1, 0, 1, 0, 0, 1]),
 (12, [1831, 45, 0, 1, 1, 554, 2035, 1, 0, 2, 1, 0, 1, 1, 0]),
 (16, [605, 18, 1, 1, 1, 915, 899, 0, 1, 2, 0, 1, 1, 1, 1]),
 (16, [736, 14, 1, 0, 1, 713, 609, 1, 0, 2, 0, 0, 2, 2, 2]),
 (16, [789, 80, 0, 1, 0, 1612, 651, 1, 1, 1, 2, 0, 2, 2, 1]),
 (16, [1035, 23, 0, 0, 1, 1817, 1823, 0, 0, 2, 0, 0, 0, 2, 0]),
 (16, [1196, 93, 1, 1, 1, 673, 1884, 1, 1, 0, 0, 0, 0, 2, 0]),
 (16, [1354, 115, 0, 1, 0, 972, 735, 0, 1, 0, 3, 0, 2, 2, 0]),
 (16, [1361, 67, 1, 0, 1, 687, 543, 1, 1, 2, 0, 0, 2, 1, 1]),
 (16, [1871, 65, 1, 0, 1, 1398, 888, 0, 1, 1, 3, 0, 2, 2, 1]),
 (16, [1948, 14, 1, 0, 1, 924, 1229, 0, 0, 0, 2, 0, 0, 2, 1]),
 (17, [779, 16, 1, 0, 0, 1767, 1272, 1, 1, 2, 4, 1, 0, 0, 2]),
 (999, [563, 79, 0, 1, 0, 1300, 1829, 1, 1, 2, 5, 1, 2, 0, 0]),
 (999, [723, 41, 1, 1, 1, 975, 800, 1, 1, 3, 2, 0, 2, 1, 2]),
 (999, [778, 102, 0, 0, 1, 862, 1468, 0, 1, 1, 5, 0, 0, 2, 1]),
 (999, [782, 120, 1, 1, 1, 1742, 1271, 0, 1, 3, 1, 1, 1, 2, 0]),
 (999, [819, 13, 1, 1, 1, 794, 1309, 1, 1, 0, 5, 1, 0, 2, 2]),
 (999, [1100, 24, 0, 0, 1, 1676, 1369, 0, 0, 2, 5, 1, 1, 2, 2]),
 (999, [1106, 78, 0, 1, 0, 915, 774, 1, 1, 3, 0, 1, 0, 0, 2]),
 (999, [1194, 45, 1, 0, 0, 1374, 1030, 1, 0, 0, 5, 1, 0, 2, 2]),
 (999, [1256, 44, 0, 0, 1, 1831, 1673, 0, 1, 3, 1, 1, 2, 0, 0]),
 (999, [1303, 95, 0, 0, 1, 1777, 1710, 0, 0, 1, 5, 0, 2, 2, 0]),
 (999, [1400, 33, 0, 0, 0, 1488, 840, 1, 0, 3, 2, 0, 0, 0, 2]),
 (999, [1507, 95, 1, 0, 1, 1891, 1385, 0, 1, 3, 1, 0, 1, 2, 1]),
 (999, [1603, 118, 0, 0, 0, 2035, 1111, 0, 1, 1, 5, 1, 2, 0, 1]),
 (999, [1832, 25, 1, 0, 0, 1052, 1629, 1, 1, 1, 5, 0, 1, 1, 0]),
 (999, [1946, 72, 0, 1, 1, 616, 691, 0, 0, 1, 5, 1, 0, 0, 1]),
 (999, [2019, 59, 0, 0, 0, 743, 1742, 1, 0, 3, 5, 0, 2, 1, 0])]
Selected
[(16, [736, 14, 1, 0, 1, 713, 609, 1, 0, 2, 0, 0, 2, 2, 2]),
 (12, [1169, 46, 0, 1, 1, 1621, 963, 1, 0, 2, 3, 0, 0, 1, 1]),
 (16, [605, 18, 1, 1, 1, 915, 899, 0, 1, 2, 0, 1, 1, 1, 1]),
 (12, [1169, 46, 0, 1, 1, 1621, 963, 1, 0, 2, 3, 0, 0, 1, 1]),
 (12, [1169, 46, 0, 1, 1, 1621, 963, 1, 0, 2, 3, 0, 0, 1, 1]),
 (16, [1948, 14, 1, 0, 1, 924, 1229, 0, 0, 0, 2, 0, 0, 2, 1]),
 (16, [789, 80, 0, 1, 0, 1612, 651, 1, 1, 1, 2, 0, 2, 2, 1]),
 (16, [736, 14, 1, 0, 1, 713, 609, 1, 0, 2, 0, 0, 2, 2, 2]),
 (12, [1831, 45, 0, 1, 1, 554, 2035, 1, 0, 2, 1, 0, 1, 1, 0]),
 (12, [1831, 45, 0, 1, 1, 554, 2035, 1, 0, 2, 1, 0, 1, 1, 0]),
 (12, [888, 29, 0, 1, 1, 975, 909, 1, 1, 2, 2, 1, 1, 1, 0]),
 (12, [920, 109, 0, 0, 1, 1104, 1192, 1, 1, 1, 0, 1, 0, 1, 2]),
 (12, [920, 109, 0, 0, 1, 1104, 1192, 1, 1, 1, 0, 1, 0, 1, 2]),
 (16, [605, 18, 1, 1, 1, 915, 899, 0, 1, 2, 0, 1, 1, 1, 1]),
 (16, [1354, 115, 0, 1, 0, 972, 735, 0, 1, 0, 3, 0, 2, 2, 0]),
 (12, [1169, 46, 0, 1, 1, 1621, 963, 1, 0, 2, 3, 0, 0, 1, 1]),
 (16, [789, 80, 0, 1, 0, 1612, 651, 1, 1, 1, 2, 0, 2, 2, 1]),
 (12, [888, 29, 0, 1, 1, 975, 909, 1, 1, 2, 2, 1, 1, 1, 0]),
 (16, [1361, 67, 1, 0, 1, 687, 543, 1, 1, 2, 0, 0, 2, 1, 1]),
 (12, [888, 29, 0, 1, 1, 975, 909, 1, 1, 2, 2, 1, 1, 1, 0]),
 (12, [1831, 45, 0, 1, 1, 554, 2035, 1, 0, 2, 1, 0, 1, 1, 0]),
 (12, [888, 29, 0, 1, 1, 975, 909, 1, 1, 2, 2, 1, 1, 1, 0]),
 (12, [1831, 45, 0, 1, 1, 554, 2035, 1, 0, 2, 1, 0, 1, 1, 0]),
 (16, [736, 14, 1, 0, 1, 713, 609, 1, 0, 2, 0, 0, 2, 2, 2]),
 (12, [1169, 46, 0, 1, 1, 1621, 963, 1, 0, 2, 3, 0, 0, 1, 1]),
 (12, [888, 29, 0, 1, 1, 975, 909, 1, 1, 2, 2, 1, 1, 1, 0]),
 (12, [1014, 97, 0, 0, 0, 1758, 853, 1, 1, 1, 0, 0, 1, 1, 0])]
population
[(999, [2019, 59, 0, 0, 0, 743, 1742, 1, 0, 3, 5, 0, 2, 1, 0]),
 (999, [1946, 72, 0, 1, 1, 616, 691, 0, 0, 1, 5, 1, 0, 0, 1]),
 (999, [1832, 25, 1, 0, 0, 1052, 1629, 1, 1, 1, 5, 0, 1, 1, 0]),
 (999, [1603, 118, 0, 0, 0, 2035, 1111, 0, 1, 1, 5, 1, 2, 0, 1]),
 (999, [1507, 95, 1, 0, 1, 1891, 1385, 0, 1, 3, 1, 0, 1, 2, 1]),
 (999, [1400, 33, 0, 0, 0, 1488, 840, 1, 0, 3, 2, 0, 0, 0, 2]),
 (999, [1303, 95, 0, 0, 1, 1777, 1710, 0, 0, 1, 5, 0, 2, 2, 0]),
 (999, [1256, 44, 0, 0, 1, 1831, 1673, 0, 1, 3, 1, 1, 2, 0, 0]),
 (999, [1194, 45, 1, 0, 0, 1374, 1030, 1, 0, 0, 5, 1, 0, 2, 2]),
 (999, [1106, 78, 0, 1, 0, 915, 774, 1, 1, 3, 0, 1, 0, 0, 2]),
 (999, [1100, 24, 0, 0, 1, 1676, 1369, 0, 0, 2, 5, 1, 1, 2, 2]),
 (999, [819, 13, 1, 1, 1, 794, 1309, 1, 1, 0, 5, 1, 0, 2, 2]),
 (999, [782, 120, 1, 1, 1, 1742, 1271, 0, 1, 3, 1, 1, 1, 2, 0]),
 (999, [778, 102, 0, 0, 1, 862, 1468, 0, 1, 1, 5, 0, 0, 2, 1]),
 (999, [723, 41, 1, 1, 1, 975, 800, 1, 1, 3, 2, 0, 2, 1, 2]),
 (999, [563, 79, 0, 1, 0, 1300, 1829, 1, 1, 2, 5, 1, 2, 0, 0]),
 (17, [779, 16, 1, 0, 0, 1767, 1272, 1, 1, 2, 4, 1, 0, 0, 2]),
 (16, [1948, 14, 1, 0, 1, 924, 1229, 0, 0, 0, 2, 0, 0, 2, 1]),
 (16, [1871, 65, 1, 0, 1, 1398, 888, 0, 1, 1, 3, 0, 2, 2, 1]),
 (16, [1361, 67, 1, 0, 1, 687, 543, 1, 1, 2, 0, 0, 2, 1, 1]),
 (16, [1354, 115, 0, 1, 0, 972, 735, 0, 1, 0, 3, 0, 2, 2, 0]),
 (16, [1196, 93, 1, 1, 1, 673, 1884, 1, 1, 0, 0, 0, 0, 2, 0]),
 (16, [1035, 23, 0, 0, 1, 1817, 1823, 0, 0, 2, 0, 0, 0, 2, 0]),
 (16, [789, 80, 0, 1, 0, 1612, 651, 1, 1, 1, 2, 0, 2, 2, 1]),
 (16, [736, 14, 1, 0, 1, 713, 609, 1, 0, 2, 0, 0, 2, 2, 2]),
 (16, [605, 18, 1, 1, 1, 915, 899, 0, 1, 2, 0, 1, 1, 1, 1]),
 (12, [1831, 45, 0, 1, 1, 554, 2035, 1, 0, 2, 1, 0, 1, 1, 0]),
 (12, [1416, 60, 1, 0, 1, 818, 1225, 0, 0, 1, 0, 1, 0, 0, 1]),
 (12, [1169, 46, 0, 1, 1, 1621, 963, 1, 0, 2, 3, 0, 0, 1, 1]),
 (12, [1014, 97, 0, 0, 0, 1758, 853, 1, 1, 1, 0, 0, 1, 1, 0]),
 (12, [920, 109, 0, 0, 1, 1104, 1192, 1, 1, 1, 0, 1, 0, 1, 2]),
 (12, [888, 29, 0, 1, 1, 975, 909, 1, 1, 2, 2, 1, 1, 1, 0])]
scored
[(12, [888, 29, 0, 1, 1, 975, 909, 1, 1, 2, 2, 1, 1, 1, 0]),
 (12, [920, 109, 0, 0, 1, 1104, 1192, 1, 1, 1, 0, 1, 0, 1, 2]),
 (12, [1014, 97, 0, 0, 0, 1758, 853, 1, 1, 1, 0, 0, 1, 1, 0]),
 (12, [1169, 46, 0, 1, 1, 1621, 963, 1, 0, 2, 3, 0, 0, 1, 1]),
 (12, [1416, 60, 1, 0, 1, 818, 1225, 0, 0, 1, 0, 1, 0, 0, 1]),
 (12, [1831, 45, 0, 1, 1, 554, 2035, 1, 0, 2, 1, 0, 1, 1, 0]),
 (16, [605, 18, 1, 1, 1, 915, 899, 0, 1, 2, 0, 1, 1, 1, 1]),
 (16, [736, 14, 1, 0, 1, 713, 609, 1, 0, 2, 0, 0, 2, 2, 2]),
 (16, [789, 80, 0, 1, 0, 1612, 651, 1, 1, 1, 2, 0, 2, 2, 1]),
 (16, [1035, 23, 0, 0, 1, 1817, 1823, 0, 0, 2, 0, 0, 0, 2, 0]),
 (16, [1196, 93, 1, 1, 1, 673, 1884, 1, 1, 0, 0, 0, 0, 2, 0]),
 (16, [1354, 115, 0, 1, 0, 972, 735, 0, 1, 0, 3, 0, 2, 2, 0]),
 (16, [1361, 67, 1, 0, 1, 687, 543, 1, 1, 2, 0, 0, 2, 1, 1]),
 (16, [1871, 65, 1, 0, 1, 1398, 888, 0, 1, 1, 3, 0, 2, 2, 1]),
 (16, [1948, 14, 1, 0, 1, 924, 1229, 0, 0, 0, 2, 0, 0, 2, 1]),
 (17, [779, 16, 1, 0, 0, 1767, 1272, 1, 1, 2, 4, 1, 0, 0, 2]),
 (999, [563, 79, 0, 1, 0, 1300, 1829, 1, 1, 2, 5, 1, 2, 0, 0]),
 (999, [723, 41, 1, 1, 1, 975, 800, 1, 1, 3, 2, 0, 2, 1, 2]),
 (999, [778, 102, 0, 0, 1, 862, 1468, 0, 1, 1, 5, 0, 0, 2, 1]),
 (999, [782, 120, 1, 1, 1, 1742, 1271, 0, 1, 3, 1, 1, 1, 2, 0]),
 (999, [819, 13, 1, 1, 1, 794, 1309, 1, 1, 0, 5, 1, 0, 2, 2]),
 (999, [1100, 24, 0, 0, 1, 1676, 1369, 0, 0, 2, 5, 1, 1, 2, 2]),
 (999, [1106, 78, 0, 1, 0, 915, 774, 1, 1, 3, 0, 1, 0, 0, 2]),
 (999, [1194, 45, 1, 0, 0, 1374, 1030, 1, 0, 0, 5, 1, 0, 2, 2]),
 (999, [1256, 44, 0, 0, 1, 1831, 1673, 0, 1, 3, 1, 1, 2, 0, 0]),
 (999, [1303, 95, 0, 0, 1, 1777, 1710, 0, 0, 1, 5, 0, 2, 2, 0]),
 (999, [1400, 33, 0, 0, 0, 1488, 840, 1, 0, 3, 2, 0, 0, 0, 2]),
 (999, [1507, 95, 1, 0, 1, 1891, 1385, 0, 1, 3, 1, 0, 1, 2, 1]),
 (999, [1603, 118, 0, 0, 0, 2035, 1111, 0, 1, 1, 5, 1, 2, 0, 1]),
 (999, [1832, 25, 1, 0, 0, 1052, 1629, 1, 1, 1, 5, 0, 1, 1, 0]),
 (999, [1946, 72, 0, 1, 1, 616, 691, 0, 0, 1, 5, 1, 0, 0, 1]),
 (999, [2019, 59, 0, 0, 0, 743, 1742, 1, 0, 3, 5, 0, 2, 1, 0])]
Selected
[(16, [736, 14, 1, 0, 1, 713, 609, 1, 0, 2, 0, 0, 2, 2, 2]),
 (12, [920, 109, 0, 0, 1, 1104, 1192, 1, 1, 1, 0, 1, 0, 1, 2]),
 (12, [920, 109, 0, 0, 1, 1104, 1192, 1, 1, 1, 0, 1, 0, 1, 2]),
 (12, [1416, 60, 1, 0, 1, 818, 1225, 0, 0, 1, 0, 1, 0, 0, 1]),
 (16, [1354, 115, 0, 1, 0, 972, 735, 0, 1, 0, 3, 0, 2, 2, 0]),
 (12, [1416, 60, 1, 0, 1, 818, 1225, 0, 0, 1, 0, 1, 0, 0, 1]),
 (999, [563, 79, 0, 1, 0, 1300, 1829, 1, 1, 2, 5, 1, 2, 0, 0]),
 (16, [1354, 115, 0, 1, 0, 972, 735, 0, 1, 0, 3, 0, 2, 2, 0]),
 (12, [1169, 46, 0, 1, 1, 1621, 963, 1, 0, 2, 3, 0, 0, 1, 1]),
 (16, [605, 18, 1, 1, 1, 915, 899, 0, 1, 2, 0, 1, 1, 1, 1]),
 (12, [1169, 46, 0, 1, 1, 1621, 963, 1, 0, 2, 3, 0, 0, 1, 1]),
 (12, [888, 29, 0, 1, 1, 975, 909, 1, 1, 2, 2, 1, 1, 1, 0]),
 (16, [736, 14, 1, 0, 1, 713, 609, 1, 0, 2, 0, 0, 2, 2, 2]),
 (12, [1416, 60, 1, 0, 1, 818, 1225, 0, 0, 1, 0, 1, 0, 0, 1]),
 (12, [920, 109, 0, 0, 1, 1104, 1192, 1, 1, 1, 0, 1, 0, 1, 2]),
 (12, [920, 109, 0, 0, 1, 1104, 1192, 1, 1, 1, 0, 1, 0, 1, 2]),
 (12, [1416, 60, 1, 0, 1, 818, 1225, 0, 0, 1, 0, 1, 0, 0, 1]),
 (12, [920, 109, 0, 0, 1, 1104, 1192, 1, 1, 1, 0, 1, 0, 1, 2]),
 (12, [1831, 45, 0, 1, 1, 554, 2035, 1, 0, 2, 1, 0, 1, 1, 0]),
 (12, [1014, 97, 0, 0, 0, 1758, 853, 1, 1, 1, 0, 0, 1, 1, 0]),
 (12, [1416, 60, 1, 0, 1, 818, 1225, 0, 0, 1, 0, 1, 0, 0, 1]),
 (17, [779, 16, 1, 0, 0, 1767, 1272, 1, 1, 2, 4, 1, 0, 0, 2]),
 (16, [736, 14, 1, 0, 1, 713, 609, 1, 0, 2, 0, 0, 2, 2, 2]),
 (16, [1948, 14, 1, 0, 1, 924, 1229, 0, 0, 0, 2, 0, 0, 2, 1]),
 (12, [888, 29, 0, 1, 1, 975, 909, 1, 1, 2, 2, 1, 1, 1, 0]),
 (16, [789, 80, 0, 1, 0, 1612, 651, 1, 1, 1, 2, 0, 2, 2, 1]),
 (16, [736, 14, 1, 0, 1, 713, 609, 1, 0, 2, 0, 0, 2, 2, 2])]
population
[(999, [2019, 59, 0, 0, 0, 743, 1742, 1, 0, 3, 5, 0, 2, 1, 0]),
 (999, [1946, 72, 0, 1, 1, 616, 691, 0, 0, 1, 5, 1, 0, 0, 1]),
 (999, [1832, 25, 1, 0, 0, 1052, 1629, 1, 1, 1, 5, 0, 1, 1, 0]),
 (999, [1603, 118, 0, 0, 0, 2035, 1111, 0, 1, 1, 5, 1, 2, 0, 1]),
 (999, [1507, 95, 1, 0, 1, 1891, 1385, 0, 1, 3, 1, 0, 1, 2, 1]),
 (999, [1400, 33, 0, 0, 0, 1488, 840, 1, 0, 3, 2, 0, 0, 0, 2]),
 (999, [1303, 95, 0, 0, 1, 1777, 1710, 0, 0, 1, 5, 0, 2, 2, 0]),
 (999, [1256, 44, 0, 0, 1, 1831, 1673, 0, 1, 3, 1, 1, 2, 0, 0]),
 (999, [1194, 45, 1, 0, 0, 1374, 1030, 1, 0, 0, 5, 1, 0, 2, 2]),
 (999, [1106, 78, 0, 1, 0, 915, 774, 1, 1, 3, 0, 1, 0, 0, 2]),
 (999, [1100, 24, 0, 0, 1, 1676, 1369, 0, 0, 2, 5, 1, 1, 2, 2]),
 (999, [819, 13, 1, 1, 1, 794, 1309, 1, 1, 0, 5, 1, 0, 2, 2]),
 (999, [782, 120, 1, 1, 1, 1742, 1271, 0, 1, 3, 1, 1, 1, 2, 0]),
 (999, [778, 102, 0, 0, 1, 862, 1468, 0, 1, 1, 5, 0, 0, 2, 1]),
 (999, [723, 41, 1, 1, 1, 975, 800, 1, 1, 3, 2, 0, 2, 1, 2]),
 (999, [563, 79, 0, 1, 0, 1300, 1829, 1, 1, 2, 5, 1, 2, 0, 0]),
 (17, [779, 16, 1, 0, 0, 1767, 1272, 1, 1, 2, 4, 1, 0, 0, 2]),
 (16, [1948, 14, 1, 0, 1, 924, 1229, 0, 0, 0, 2, 0, 0, 2, 1]),
 (16, [1871, 65, 1, 0, 1, 1398, 888, 0, 1, 1, 3, 0, 2, 2, 1]),
 (16, [1361, 67, 1, 0, 1, 687, 543, 1, 1, 2, 0, 0, 2, 1, 1]),
 (16, [1354, 115, 0, 1, 0, 972, 735, 0, 1, 0, 3, 0, 2, 2, 0]),
 (16, [1196, 93, 1, 1, 1, 673, 1884, 1, 1, 0, 0, 0, 0, 2, 0]),
 (16, [1035, 23, 0, 0, 1, 1817, 1823, 0, 0, 2, 0, 0, 0, 2, 0]),
 (16, [789, 80, 0, 1, 0, 1612, 651, 1, 1, 1, 2, 0, 2, 2, 1]),
 (16, [736, 14, 1, 0, 1, 713, 609, 1, 0, 2, 0, 0, 2, 2, 2]),
 (16, [605, 18, 1, 1, 1, 915, 899, 0, 1, 2, 0, 1, 1, 1, 1]),
 (12, [1831, 45, 0, 1, 1, 554, 2035, 1, 0, 2, 1, 0, 1, 1, 0]),
 (12, [1416, 60, 1, 0, 1, 818, 1225, 0, 0, 1, 0, 1, 0, 0, 1]),
 (12, [1169, 46, 0, 1, 1, 1621, 963, 1, 0, 2, 3, 0, 0, 1, 1]),
 (12, [1014, 97, 0, 0, 0, 1758, 853, 1, 1, 1, 0, 0, 1, 1, 0]),
 (12, [920, 109, 0, 0, 1, 1104, 1192, 1, 1, 1, 0, 1, 0, 1, 2]),
 (12, [888, 29, 0, 1, 1, 975, 909, 1, 1, 2, 2, 1, 1, 1, 0])]
scored
[(12, [888, 29, 0, 1, 1, 975, 909, 1, 1, 2, 2, 1, 1, 1, 0]),
 (12, [920, 109, 0, 0, 1, 1104, 1192, 1, 1, 1, 0, 1, 0, 1, 2]),
 (12, [1014, 97, 0, 0, 0, 1758, 853, 1, 1, 1, 0, 0, 1, 1, 0]),
 (12, [1169, 46, 0, 1, 1, 1621, 963, 1, 0, 2, 3, 0, 0, 1, 1]),
 (12, [1416, 60, 1, 0, 1, 818, 1225, 0, 0, 1, 0, 1, 0, 0, 1]),
 (12, [1831, 45, 0, 1, 1, 554, 2035, 1, 0, 2, 1, 0, 1, 1, 0]),
 (16, [605, 18, 1, 1, 1, 915, 899, 0, 1, 2, 0, 1, 1, 1, 1]),
 (16, [736, 14, 1, 0, 1, 713, 609, 1, 0, 2, 0, 0, 2, 2, 2]),
 (16, [789, 80, 0, 1, 0, 1612, 651, 1, 1, 1, 2, 0, 2, 2, 1]),
 (16, [1035, 23, 0, 0, 1, 1817, 1823, 0, 0, 2, 0, 0, 0, 2, 0]),
 (16, [1196, 93, 1, 1, 1, 673, 1884, 1, 1, 0, 0, 0, 0, 2, 0]),
 (16, [1354, 115, 0, 1, 0, 972, 735, 0, 1, 0, 3, 0, 2, 2, 0]),
 (16, [1361, 67, 1, 0, 1, 687, 543, 1, 1, 2, 0, 0, 2, 1, 1]),
 (16, [1871, 65, 1, 0, 1, 1398, 888, 0, 1, 1, 3, 0, 2, 2, 1]),
 (16, [1948, 14, 1, 0, 1, 924, 1229, 0, 0, 0, 2, 0, 0, 2, 1]),
 (17, [779, 16, 1, 0, 0, 1767, 1272, 1, 1, 2, 4, 1, 0, 0, 2]),
 (999, [563, 79, 0, 1, 0, 1300, 1829, 1, 1, 2, 5, 1, 2, 0, 0]),
 (999, [723, 41, 1, 1, 1, 975, 800, 1, 1, 3, 2, 0, 2, 1, 2]),
 (999, [778, 102, 0, 0, 1, 862, 1468, 0, 1, 1, 5, 0, 0, 2, 1]),
 (999, [782, 120, 1, 1, 1, 1742, 1271, 0, 1, 3, 1, 1, 1, 2, 0]),
 (999, [819, 13, 1, 1, 1, 794, 1309, 1, 1, 0, 5, 1, 0, 2, 2]),
 (999, [1100, 24, 0, 0, 1, 1676, 1369, 0, 0, 2, 5, 1, 1, 2, 2]),
 (999, [1106, 78, 0, 1, 0, 915, 774, 1, 1, 3, 0, 1, 0, 0, 2]),
 (999, [1194, 45, 1, 0, 0, 1374, 1030, 1, 0, 0, 5, 1, 0, 2, 2]),
 (999, [1256, 44, 0, 0, 1, 1831, 1673, 0, 1, 3, 1, 1, 2, 0, 0]),
 (999, [1303, 95, 0, 0, 1, 1777, 1710, 0, 0, 1, 5, 0, 2, 2, 0]),
 (999, [1400, 33, 0, 0, 0, 1488, 840, 1, 0, 3, 2, 0, 0, 0, 2]),
 (999, [1507, 95, 1, 0, 1, 1891, 1385, 0, 1, 3, 1, 0, 1, 2, 1]),
 (999, [1603, 118, 0, 0, 0, 2035, 1111, 0, 1, 1, 5, 1, 2, 0, 1]),
 (999, [1832, 25, 1, 0, 0, 1052, 1629, 1, 1, 1, 5, 0, 1, 1, 0]),
 (999, [1946, 72, 0, 1, 1, 616, 691, 0, 0, 1, 5, 1, 0, 0, 1]),
 (999, [2019, 59, 0, 0, 0, 743, 1742, 1, 0, 3, 5, 0, 2, 1, 0])]
Selected
[(12, [920, 109, 0, 0, 1, 1104, 1192, 1, 1, 1, 0, 1, 0, 1, 2]),
 (16, [1361, 67, 1, 0, 1, 687, 543, 1, 1, 2, 0, 0, 2, 1, 1]),
 (16, [1361, 67, 1, 0, 1, 687, 543, 1, 1, 2, 0, 0, 2, 1, 1]),
 (12, [1169, 46, 0, 1, 1, 1621, 963, 1, 0, 2, 3, 0, 0, 1, 1]),
 (999, [563, 79, 0, 1, 0, 1300, 1829, 1, 1, 2, 5, 1, 2, 0, 0]),
 (12, [920, 109, 0, 0, 1, 1104, 1192, 1, 1, 1, 0, 1, 0, 1, 2]),
 (999, [723, 41, 1, 1, 1, 975, 800, 1, 1, 3, 2, 0, 2, 1, 2]),
 (16, [1361, 67, 1, 0, 1, 687, 543, 1, 1, 2, 0, 0, 2, 1, 1]),
 (12, [1169, 46, 0, 1, 1, 1621, 963, 1, 0, 2, 3, 0, 0, 1, 1]),
 (12, [920, 109, 0, 0, 1, 1104, 1192, 1, 1, 1, 0, 1, 0, 1, 2]),
 (12, [888, 29, 0, 1, 1, 975, 909, 1, 1, 2, 2, 1, 1, 1, 0]),
 (12, [920, 109, 0, 0, 1, 1104, 1192, 1, 1, 1, 0, 1, 0, 1, 2]),
 (16, [1871, 65, 1, 0, 1, 1398, 888, 0, 1, 1, 3, 0, 2, 2, 1]),
 (16, [1361, 67, 1, 0, 1, 687, 543, 1, 1, 2, 0, 0, 2, 1, 1]),
 (12, [1014, 97, 0, 0, 0, 1758, 853, 1, 1, 1, 0, 0, 1, 1, 0]),
 (12, [888, 29, 0, 1, 1, 975, 909, 1, 1, 2, 2, 1, 1, 1, 0]),
 (12, [1831, 45, 0, 1, 1, 554, 2035, 1, 0, 2, 1, 0, 1, 1, 0]),
 (16, [736, 14, 1, 0, 1, 713, 609, 1, 0, 2, 0, 0, 2, 2, 2]),
 (16, [1035, 23, 0, 0, 1, 1817, 1823, 0, 0, 2, 0, 0, 0, 2, 0]),
 (12, [888, 29, 0, 1, 1, 975, 909, 1, 1, 2, 2, 1, 1, 1, 0]),
 (16, [736, 14, 1, 0, 1, 713, 609, 1, 0, 2, 0, 0, 2, 2, 2]),
 (12, [1169, 46, 0, 1, 1, 1621, 963, 1, 0, 2, 3, 0, 0, 1, 1]),
 (12, [888, 29, 0, 1, 1, 975, 909, 1, 1, 2, 2, 1, 1, 1, 0]),
 (16, [789, 80, 0, 1, 0, 1612, 651, 1, 1, 1, 2, 0, 2, 2, 1]),
 (999, [563, 79, 0, 1, 0, 1300, 1829, 1, 1, 2, 5, 1, 2, 0, 0]),
 (12, [1416, 60, 1, 0, 1, 818, 1225, 0, 0, 1, 0, 1, 0, 0, 1]),
 (12, [1169, 46, 0, 1, 1, 1621, 963, 1, 0, 2, 3, 0, 0, 1, 1])]
population
[(999, [2019, 59, 0, 0, 0, 743, 1742, 1, 0, 3, 5, 0, 2, 1, 0]),
 (999, [1946, 72, 0, 1, 1, 616, 691, 0, 0, 1, 5, 1, 0, 0, 1]),
 (999, [1832, 25, 1, 0, 0, 1052, 1629, 1, 1, 1, 5, 0, 1, 1, 0]),
 (999, [1603, 118, 0, 0, 0, 2035, 1111, 0, 1, 1, 5, 1, 2, 0, 1]),
 (999, [1507, 95, 1, 0, 1, 1891, 1385, 0, 1, 3, 1, 0, 1, 2, 1]),
 (999, [1400, 33, 0, 0, 0, 1488, 840, 1, 0, 3, 2, 0, 0, 0, 2]),
 (999, [1303, 95, 0, 0, 1, 1777, 1710, 0, 0, 1, 5, 0, 2, 2, 0]),
 (999, [1256, 44, 0, 0, 1, 1831, 1673, 0, 1, 3, 1, 1, 2, 0, 0]),
 (999, [1194, 45, 1, 0, 0, 1374, 1030, 1, 0, 0, 5, 1, 0, 2, 2]),
 (999, [1106, 78, 0, 1, 0, 915, 774, 1, 1, 3, 0, 1, 0, 0, 2]),
 (999, [1100, 24, 0, 0, 1, 1676, 1369, 0, 0, 2, 5, 1, 1, 2, 2]),
 (999, [819, 13, 1, 1, 1, 794, 1309, 1, 1, 0, 5, 1, 0, 2, 2]),
 (999, [782, 120, 1, 1, 1, 1742, 1271, 0, 1, 3, 1, 1, 1, 2, 0]),
 (999, [778, 102, 0, 0, 1, 862, 1468, 0, 1, 1, 5, 0, 0, 2, 1]),
 (999, [723, 41, 1, 1, 1, 975, 800, 1, 1, 3, 2, 0, 2, 1, 2]),
 (999, [563, 79, 0, 1, 0, 1300, 1829, 1, 1, 2, 5, 1, 2, 0, 0]),
 (17, [779, 16, 1, 0, 0, 1767, 1272, 1, 1, 2, 4, 1, 0, 0, 2]),
 (16, [1948, 14, 1, 0, 1, 924, 1229, 0, 0, 0, 2, 0, 0, 2, 1]),
 (16, [1871, 65, 1, 0, 1, 1398, 888, 0, 1, 1, 3, 0, 2, 2, 1]),
 (16, [1361, 67, 1, 0, 1, 687, 543, 1, 1, 2, 0, 0, 2, 1, 1]),
 (16, [1354, 115, 0, 1, 0, 972, 735, 0, 1, 0, 3, 0, 2, 2, 0]),
 (16, [1196, 93, 1, 1, 1, 673, 1884, 1, 1, 0, 0, 0, 0, 2, 0]),
 (16, [1035, 23, 0, 0, 1, 1817, 1823, 0, 0, 2, 0, 0, 0, 2, 0]),
 (16, [789, 80, 0, 1, 0, 1612, 651, 1, 1, 1, 2, 0, 2, 2, 1]),
 (16, [736, 14, 1, 0, 1, 713, 609, 1, 0, 2, 0, 0, 2, 2, 2]),
 (16, [605, 18, 1, 1, 1, 915, 899, 0, 1, 2, 0, 1, 1, 1, 1]),
 (12, [1831, 45, 0, 1, 1, 554, 2035, 1, 0, 2, 1, 0, 1, 1, 0]),
 (12, [1416, 60, 1, 0, 1, 818, 1225, 0, 0, 1, 0, 1, 0, 0, 1]),
 (12, [1169, 46, 0, 1, 1, 1621, 963, 1, 0, 2, 3, 0, 0, 1, 1]),
 (12, [1014, 97, 0, 0, 0, 1758, 853, 1, 1, 1, 0, 0, 1, 1, 0]),
 (12, [920, 109, 0, 0, 1, 1104, 1192, 1, 1, 1, 0, 1, 0, 1, 2]),
 (12, [888, 29, 0, 1, 1, 975, 909, 1, 1, 2, 2, 1, 1, 1, 0])]
scored
[(12, [888, 29, 0, 1, 1, 975, 909, 1, 1, 2, 2, 1, 1, 1, 0]),
 (12, [920, 109, 0, 0, 1, 1104, 1192, 1, 1, 1, 0, 1, 0, 1, 2]),
 (12, [1014, 97, 0, 0, 0, 1758, 853, 1, 1, 1, 0, 0, 1, 1, 0]),
 (12, [1169, 46, 0, 1, 1, 1621, 963, 1, 0, 2, 3, 0, 0, 1, 1]),
 (12, [1416, 60, 1, 0, 1, 818, 1225, 0, 0, 1, 0, 1, 0, 0, 1]),
 (12, [1831, 45, 0, 1, 1, 554, 2035, 1, 0, 2, 1, 0, 1, 1, 0]),
 (16, [605, 18, 1, 1, 1, 915, 899, 0, 1, 2, 0, 1, 1, 1, 1]),
 (16, [736, 14, 1, 0, 1, 713, 609, 1, 0, 2, 0, 0, 2, 2, 2]),
 (16, [789, 80, 0, 1, 0, 1612, 651, 1, 1, 1, 2, 0, 2, 2, 1]),
 (16, [1035, 23, 0, 0, 1, 1817, 1823, 0, 0, 2, 0, 0, 0, 2, 0]),
 (16, [1196, 93, 1, 1, 1, 673, 1884, 1, 1, 0, 0, 0, 0, 2, 0]),
 (16, [1354, 115, 0, 1, 0, 972, 735, 0, 1, 0, 3, 0, 2, 2, 0]),
 (16, [1361, 67, 1, 0, 1, 687, 543, 1, 1, 2, 0, 0, 2, 1, 1]),
 (16, [1871, 65, 1, 0, 1, 1398, 888, 0, 1, 1, 3, 0, 2, 2, 1]),
 (16, [1948, 14, 1, 0, 1, 924, 1229, 0, 0, 0, 2, 0, 0, 2, 1]),
 (17, [779, 16, 1, 0, 0, 1767, 1272, 1, 1, 2, 4, 1, 0, 0, 2]),
 (999, [563, 79, 0, 1, 0, 1300, 1829, 1, 1, 2, 5, 1, 2, 0, 0]),
 (999, [723, 41, 1, 1, 1, 975, 800, 1, 1, 3, 2, 0, 2, 1, 2]),
 (999, [778, 102, 0, 0, 1, 862, 1468, 0, 1, 1, 5, 0, 0, 2, 1]),
 (999, [782, 120, 1, 1, 1, 1742, 1271, 0, 1, 3, 1, 1, 1, 2, 0]),
 (999, [819, 13, 1, 1, 1, 794, 1309, 1, 1, 0, 5, 1, 0, 2, 2]),
 (999, [1100, 24, 0, 0, 1, 1676, 1369, 0, 0, 2, 5, 1, 1, 2, 2]),
 (999, [1106, 78, 0, 1, 0, 915, 774, 1, 1, 3, 0, 1, 0, 0, 2]),
 (999, [1194, 45, 1, 0, 0, 1374, 1030, 1, 0, 0, 5, 1, 0, 2, 2]),
 (999, [1256, 44, 0, 0, 1, 1831, 1673, 0, 1, 3, 1, 1, 2, 0, 0]),
 (999, [1303, 95, 0, 0, 1, 1777, 1710, 0, 0, 1, 5, 0, 2, 2, 0]),
 (999, [1400, 33, 0, 0, 0, 1488, 840, 1, 0, 3, 2, 0, 0, 0, 2]),
 (999, [1507, 95, 1, 0, 1, 1891, 1385, 0, 1, 3, 1, 0, 1, 2, 1]),
 (999, [1603, 118, 0, 0, 0, 2035, 1111, 0, 1, 1, 5, 1, 2, 0, 1]),
 (999, [1832, 25, 1, 0, 0, 1052, 1629, 1, 1, 1, 5, 0, 1, 1, 0]),
 (999, [1946, 72, 0, 1, 1, 616, 691, 0, 0, 1, 5, 1, 0, 0, 1]),
 (999, [2019, 59, 0, 0, 0, 743, 1742, 1, 0, 3, 5, 0, 2, 1, 0])]
Selected
[(16, [1361, 67, 1, 0, 1, 687, 543, 1, 1, 2, 0, 0, 2, 1, 1]),
 (16, [605, 18, 1, 1, 1, 915, 899, 0, 1, 2, 0, 1, 1, 1, 1]),
 (12, [1169, 46, 0, 1, 1, 1621, 963, 1, 0, 2, 3, 0, 0, 1, 1]),
 (16, [736, 14, 1, 0, 1, 713, 609, 1, 0, 2, 0, 0, 2, 2, 2]),
 (12, [1169, 46, 0, 1, 1, 1621, 963, 1, 0, 2, 3, 0, 0, 1, 1]),
 (16, [1035, 23, 0, 0, 1, 1817, 1823, 0, 0, 2, 0, 0, 0, 2, 0]),
 (16, [789, 80, 0, 1, 0, 1612, 651, 1, 1, 1, 2, 0, 2, 2, 1]),
 (12, [888, 29, 0, 1, 1, 975, 909, 1, 1, 2, 2, 1, 1, 1, 0]),
 (12, [1169, 46, 0, 1, 1, 1621, 963, 1, 0, 2, 3, 0, 0, 1, 1]),
 (12, [1416, 60, 1, 0, 1, 818, 1225, 0, 0, 1, 0, 1, 0, 0, 1]),
 (12, [920, 109, 0, 0, 1, 1104, 1192, 1, 1, 1, 0, 1, 0, 1, 2]),
 (12, [888, 29, 0, 1, 1, 975, 909, 1, 1, 2, 2, 1, 1, 1, 0]),
 (16, [1035, 23, 0, 0, 1, 1817, 1823, 0, 0, 2, 0, 0, 0, 2, 0]),
 (16, [1196, 93, 1, 1, 1, 673, 1884, 1, 1, 0, 0, 0, 0, 2, 0]),
 (16, [605, 18, 1, 1, 1, 915, 899, 0, 1, 2, 0, 1, 1, 1, 1]),
 (16, [1035, 23, 0, 0, 1, 1817, 1823, 0, 0, 2, 0, 0, 0, 2, 0]),
 (12, [920, 109, 0, 0, 1, 1104, 1192, 1, 1, 1, 0, 1, 0, 1, 2]),
 (12, [920, 109, 0, 0, 1, 1104, 1192, 1, 1, 1, 0, 1, 0, 1, 2]),
 (12, [1014, 97, 0, 0, 0, 1758, 853, 1, 1, 1, 0, 0, 1, 1, 0]),
 (12, [920, 109, 0, 0, 1, 1104, 1192, 1, 1, 1, 0, 1, 0, 1, 2]),
 (12, [1416, 60, 1, 0, 1, 818, 1225, 0, 0, 1, 0, 1, 0, 0, 1]),
 (16, [789, 80, 0, 1, 0, 1612, 651, 1, 1, 1, 2, 0, 2, 2, 1]),
 (12, [888, 29, 0, 1, 1, 975, 909, 1, 1, 2, 2, 1, 1, 1, 0]),
 (16, [1354, 115, 0, 1, 0, 972, 735, 0, 1, 0, 3, 0, 2, 2, 0]),
 (12, [1831, 45, 0, 1, 1, 554, 2035, 1, 0, 2, 1, 0, 1, 1, 0]),
 (12, [1014, 97, 0, 0, 0, 1758, 853, 1, 1, 1, 0, 0, 1, 1, 0]),
 (12, [1831, 45, 0, 1, 1, 554, 2035, 1, 0, 2, 1, 0, 1, 1, 0])]
population
[(999, [2019, 59, 0, 0, 0, 743, 1742, 1, 0, 3, 5, 0, 2, 1, 0]),
 (999, [1946, 72, 0, 1, 1, 616, 691, 0, 0, 1, 5, 1, 0, 0, 1]),
 (999, [1832, 25, 1, 0, 0, 1052, 1629, 1, 1, 1, 5, 0, 1, 1, 0]),
 (999, [1603, 118, 0, 0, 0, 2035, 1111, 0, 1, 1, 5, 1, 2, 0, 1]),
 (999, [1507, 95, 1, 0, 1, 1891, 1385, 0, 1, 3, 1, 0, 1, 2, 1]),
 (999, [1400, 33, 0, 0, 0, 1488, 840, 1, 0, 3, 2, 0, 0, 0, 2]),
 (999, [1303, 95, 0, 0, 1, 1777, 1710, 0, 0, 1, 5, 0, 2, 2, 0]),
 (999, [1256, 44, 0, 0, 1, 1831, 1673, 0, 1, 3, 1, 1, 2, 0, 0]),
 (999, [1194, 45, 1, 0, 0, 1374, 1030, 1, 0, 0, 5, 1, 0, 2, 2]),
 (999, [1106, 78, 0, 1, 0, 915, 774, 1, 1, 3, 0, 1, 0, 0, 2]),
 (999, [1100, 24, 0, 0, 1, 1676, 1369, 0, 0, 2, 5, 1, 1, 2, 2]),
 (999, [819, 13, 1, 1, 1, 794, 1309, 1, 1, 0, 5, 1, 0, 2, 2]),
 (999, [782, 120, 1, 1, 1, 1742, 1271, 0, 1, 3, 1, 1, 1, 2, 0]),
 (999, [778, 102, 0, 0, 1, 862, 1468, 0, 1, 1, 5, 0, 0, 2, 1]),
 (999, [723, 41, 1, 1, 1, 975, 800, 1, 1, 3, 2, 0, 2, 1, 2]),
 (999, [563, 79, 0, 1, 0, 1300, 1829, 1, 1, 2, 5, 1, 2, 0, 0]),
 (17, [779, 16, 1, 0, 0, 1767, 1272, 1, 1, 2, 4, 1, 0, 0, 2]),
 (16, [1948, 14, 1, 0, 1, 924, 1229, 0, 0, 0, 2, 0, 0, 2, 1]),
 (16, [1871, 65, 1, 0, 1, 1398, 888, 0, 1, 1, 3, 0, 2, 2, 1]),
 (16, [1361, 67, 1, 0, 1, 687, 543, 1, 1, 2, 0, 0, 2, 1, 1]),
 (16, [1354, 115, 0, 1, 0, 972, 735, 0, 1, 0, 3, 0, 2, 2, 0]),
 (16, [1196, 93, 1, 1, 1, 673, 1884, 1, 1, 0, 0, 0, 0, 2, 0]),
 (16, [1035, 23, 0, 0, 1, 1817, 1823, 0, 0, 2, 0, 0, 0, 2, 0]),
 (16, [789, 80, 0, 1, 0, 1612, 651, 1, 1, 1, 2, 0, 2, 2, 1]),
 (16, [736, 14, 1, 0, 1, 713, 609, 1, 0, 2, 0, 0, 2, 2, 2]),
 (16, [605, 18, 1, 1, 1, 915, 899, 0, 1, 2, 0, 1, 1, 1, 1]),
 (12, [1831, 45, 0, 1, 1, 554, 2035, 1, 0, 2, 1, 0, 1, 1, 0]),
 (12, [1416, 60, 1, 0, 1, 818, 1225, 0, 0, 1, 0, 1, 0, 0, 1]),
 (12, [1169, 46, 0, 1, 1, 1621, 963, 1, 0, 2, 3, 0, 0, 1, 1]),
 (12, [1014, 97, 0, 0, 0, 1758, 853, 1, 1, 1, 0, 0, 1, 1, 0]),
 (12, [920, 109, 0, 0, 1, 1104, 1192, 1, 1, 1, 0, 1, 0, 1, 2]),
 (12, [888, 29, 0, 1, 1, 975, 909, 1, 1, 2, 2, 1, 1, 1, 0])]
scored
[(12, [888, 29, 0, 1, 1, 975, 909, 1, 1, 2, 2, 1, 1, 1, 0]),
 (12, [920, 109, 0, 0, 1, 1104, 1192, 1, 1, 1, 0, 1, 0, 1, 2]),
 (12, [1014, 97, 0, 0, 0, 1758, 853, 1, 1, 1, 0, 0, 1, 1, 0]),
 (12, [1169, 46, 0, 1, 1, 1621, 963, 1, 0, 2, 3, 0, 0, 1, 1]),
 (12, [1416, 60, 1, 0, 1, 818, 1225, 0, 0, 1, 0, 1, 0, 0, 1]),
 (12, [1831, 45, 0, 1, 1, 554, 2035, 1, 0, 2, 1, 0, 1, 1, 0]),
 (16, [605, 18, 1, 1, 1, 915, 899, 0, 1, 2, 0, 1, 1, 1, 1]),
 (16, [736, 14, 1, 0, 1, 713, 609, 1, 0, 2, 0, 0, 2, 2, 2]),
 (16, [789, 80, 0, 1, 0, 1612, 651, 1, 1, 1, 2, 0, 2, 2, 1]),
 (16, [1035, 23, 0, 0, 1, 1817, 1823, 0, 0, 2, 0, 0, 0, 2, 0]),
 (16, [1196, 93, 1, 1, 1, 673, 1884, 1, 1, 0, 0, 0, 0, 2, 0]),
 (16, [1354, 115, 0, 1, 0, 972, 735, 0, 1, 0, 3, 0, 2, 2, 0]),
 (16, [1361, 67, 1, 0, 1, 687, 543, 1, 1, 2, 0, 0, 2, 1, 1]),
 (16, [1871, 65, 1, 0, 1, 1398, 888, 0, 1, 1, 3, 0, 2, 2, 1]),
 (16, [1948, 14, 1, 0, 1, 924, 1229, 0, 0, 0, 2, 0, 0, 2, 1]),
 (17, [779, 16, 1, 0, 0, 1767, 1272, 1, 1, 2, 4, 1, 0, 0, 2]),
 (999, [563, 79, 0, 1, 0, 1300, 1829, 1, 1, 2, 5, 1, 2, 0, 0]),
 (999, [723, 41, 1, 1, 1, 975, 800, 1, 1, 3, 2, 0, 2, 1, 2]),
 (999, [778, 102, 0, 0, 1, 862, 1468, 0, 1, 1, 5, 0, 0, 2, 1]),
 (999, [782, 120, 1, 1, 1, 1742, 1271, 0, 1, 3, 1, 1, 1, 2, 0]),
 (999, [819, 13, 1, 1, 1, 794, 1309, 1, 1, 0, 5, 1, 0, 2, 2]),
 (999, [1100, 24, 0, 0, 1, 1676, 1369, 0, 0, 2, 5, 1, 1, 2, 2]),
 (999, [1106, 78, 0, 1, 0, 915, 774, 1, 1, 3, 0, 1, 0, 0, 2]),
 (999, [1194, 45, 1, 0, 0, 1374, 1030, 1, 0, 0, 5, 1, 0, 2, 2]),
 (999, [1256, 44, 0, 0, 1, 1831, 1673, 0, 1, 3, 1, 1, 2, 0, 0]),
 (999, [1303, 95, 0, 0, 1, 1777, 1710, 0, 0, 1, 5, 0, 2, 2, 0]),
 (999, [1400, 33, 0, 0, 0, 1488, 840, 1, 0, 3, 2, 0, 0, 0, 2]),
 (999, [1507, 95, 1, 0, 1, 1891, 1385, 0, 1, 3, 1, 0, 1, 2, 1]),
 (999, [1603, 118, 0, 0, 0, 2035, 1111, 0, 1, 1, 5, 1, 2, 0, 1]),
 (999, [1832, 25, 1, 0, 0, 1052, 1629, 1, 1, 1, 5, 0, 1, 1, 0]),
 (999, [1946, 72, 0, 1, 1, 616, 691, 0, 0, 1, 5, 1, 0, 0, 1]),
 (999, [2019, 59, 0, 0, 0, 743, 1742, 1, 0, 3, 5, 0, 2, 1, 0])]
Selected
[(12, [1169, 46, 0, 1, 1, 1621, 963, 1, 0, 2, 3, 0, 0, 1, 1]),
 (12, [1416, 60, 1, 0, 1, 818, 1225, 0, 0, 1, 0, 1, 0, 0, 1]),
 (12, [888, 29, 0, 1, 1, 975, 909, 1, 1, 2, 2, 1, 1, 1, 0]),
 (16, [605, 18, 1, 1, 1, 915, 899, 0, 1, 2, 0, 1, 1, 1, 1]),
 (16, [605, 18, 1, 1, 1, 915, 899, 0, 1, 2, 0, 1, 1, 1, 1]),
 (999, [563, 79, 0, 1, 0, 1300, 1829, 1, 1, 2, 5, 1, 2, 0, 0]),
 (12, [888, 29, 0, 1, 1, 975, 909, 1, 1, 2, 2, 1, 1, 1, 0]),
 (12, [920, 109, 0, 0, 1, 1104, 1192, 1, 1, 1, 0, 1, 0, 1, 2]),
 (16, [1035, 23, 0, 0, 1, 1817, 1823, 0, 0, 2, 0, 0, 0, 2, 0]),
 (12, [888, 29, 0, 1, 1, 975, 909, 1, 1, 2, 2, 1, 1, 1, 0]),
 (12, [1169, 46, 0, 1, 1, 1621, 963, 1, 0, 2, 3, 0, 0, 1, 1]),
 (12, [888, 29, 0, 1, 1, 975, 909, 1, 1, 2, 2, 1, 1, 1, 0]),
 (12, [1169, 46, 0, 1, 1, 1621, 963, 1, 0, 2, 3, 0, 0, 1, 1]),
 (12, [1831, 45, 0, 1, 1, 554, 2035, 1, 0, 2, 1, 0, 1, 1, 0]),
 (12, [1416, 60, 1, 0, 1, 818, 1225, 0, 0, 1, 0, 1, 0, 0, 1]),
 (16, [605, 18, 1, 1, 1, 915, 899, 0, 1, 2, 0, 1, 1, 1, 1]),
 (16, [1196, 93, 1, 1, 1, 673, 1884, 1, 1, 0, 0, 0, 0, 2, 0]),
 (12, [1416, 60, 1, 0, 1, 818, 1225, 0, 0, 1, 0, 1, 0, 0, 1]),
 (12, [1014, 97, 0, 0, 0, 1758, 853, 1, 1, 1, 0, 0, 1, 1, 0]),
 (12, [920, 109, 0, 0, 1, 1104, 1192, 1, 1, 1, 0, 1, 0, 1, 2]),
 (16, [1361, 67, 1, 0, 1, 687, 543, 1, 1, 2, 0, 0, 2, 1, 1]),
 (12, [1416, 60, 1, 0, 1, 818, 1225, 0, 0, 1, 0, 1, 0, 0, 1]),
 (17, [779, 16, 1, 0, 0, 1767, 1272, 1, 1, 2, 4, 1, 0, 0, 2]),
 (12, [1416, 60, 1, 0, 1, 818, 1225, 0, 0, 1, 0, 1, 0, 0, 1]),
 (12, [888, 29, 0, 1, 1, 975, 909, 1, 1, 2, 2, 1, 1, 1, 0]),
 (12, [1169, 46, 0, 1, 1, 1621, 963, 1, 0, 2, 3, 0, 0, 1, 1]),
 (12, [920, 109, 0, 0, 1, 1104, 1192, 1, 1, 1, 0, 1, 0, 1, 2])]
population
[(999, [2019, 59, 0, 0, 0, 743, 1742, 1, 0, 3, 5, 0, 2, 1, 0]),
 (999, [1946, 72, 0, 1, 1, 616, 691, 0, 0, 1, 5, 1, 0, 0, 1]),
 (999, [1832, 25, 1, 0, 0, 1052, 1629, 1, 1, 1, 5, 0, 1, 1, 0]),
 (999, [1603, 118, 0, 0, 0, 2035, 1111, 0, 1, 1, 5, 1, 2, 0, 1]),
 (999, [1507, 95, 1, 0, 1, 1891, 1385, 0, 1, 3, 1, 0, 1, 2, 1]),
 (999, [1400, 33, 0, 0, 0, 1488, 840, 1, 0, 3, 2, 0, 0, 0, 2]),
 (999, [1303, 95, 0, 0, 1, 1777, 1710, 0, 0, 1, 5, 0, 2, 2, 0]),
 (999, [1256, 44, 0, 0, 1, 1831, 1673, 0, 1, 3, 1, 1, 2, 0, 0]),
 (999, [1194, 45, 1, 0, 0, 1374, 1030, 1, 0, 0, 5, 1, 0, 2, 2]),
 (999, [1106, 78, 0, 1, 0, 915, 774, 1, 1, 3, 0, 1, 0, 0, 2]),
 (999, [1100, 24, 0, 0, 1, 1676, 1369, 0, 0, 2, 5, 1, 1, 2, 2]),
 (999, [819, 13, 1, 1, 1, 794, 1309, 1, 1, 0, 5, 1, 0, 2, 2]),
 (999, [782, 120, 1, 1, 1, 1742, 1271, 0, 1, 3, 1, 1, 1, 2, 0]),
 (999, [778, 102, 0, 0, 1, 862, 1468, 0, 1, 1, 5, 0, 0, 2, 1]),
 (999, [723, 41, 1, 1, 1, 975, 800, 1, 1, 3, 2, 0, 2, 1, 2]),
 (999, [563, 79, 0, 1, 0, 1300, 1829, 1, 1, 2, 5, 1, 2, 0, 0]),
 (17, [779, 16, 1, 0, 0, 1767, 1272, 1, 1, 2, 4, 1, 0, 0, 2]),
 (16, [1948, 14, 1, 0, 1, 924, 1229, 0, 0, 0, 2, 0, 0, 2, 1]),
 (16, [1871, 65, 1, 0, 1, 1398, 888, 0, 1, 1, 3, 0, 2, 2, 1]),
 (16, [1361, 67, 1, 0, 1, 687, 543, 1, 1, 2, 0, 0, 2, 1, 1]),
 (16, [1354, 115, 0, 1, 0, 972, 735, 0, 1, 0, 3, 0, 2, 2, 0]),
 (16, [1196, 93, 1, 1, 1, 673, 1884, 1, 1, 0, 0, 0, 0, 2, 0]),
 (16, [1035, 23, 0, 0, 1, 1817, 1823, 0, 0, 2, 0, 0, 0, 2, 0]),
 (16, [789, 80, 0, 1, 0, 1612, 651, 1, 1, 1, 2, 0, 2, 2, 1]),
 (16, [736, 14, 1, 0, 1, 713, 609, 1, 0, 2, 0, 0, 2, 2, 2]),
 (16, [605, 18, 1, 1, 1, 915, 899, 0, 1, 2, 0, 1, 1, 1, 1]),
 (12, [1831, 45, 0, 1, 1, 554, 2035, 1, 0, 2, 1, 0, 1, 1, 0]),
 (12, [1416, 60, 1, 0, 1, 818, 1225, 0, 0, 1, 0, 1, 0, 0, 1]),
 (12, [1169, 46, 0, 1, 1, 1621, 963, 1, 0, 2, 3, 0, 0, 1, 1]),
 (12, [1014, 97, 0, 0, 0, 1758, 853, 1, 1, 1, 0, 0, 1, 1, 0]),
 (12, [920, 109, 0, 0, 1, 1104, 1192, 1, 1, 1, 0, 1, 0, 1, 2]),
 (12, [888, 29, 0, 1, 1, 975, 909, 1, 1, 2, 2, 1, 1, 1, 0])]
scored
[(12, [888, 29, 0, 1, 1, 975, 909, 1, 1, 2, 2, 1, 1, 1, 0]),
 (12, [920, 109, 0, 0, 1, 1104, 1192, 1, 1, 1, 0, 1, 0, 1, 2]),
 (12, [1014, 97, 0, 0, 0, 1758, 853, 1, 1, 1, 0, 0, 1, 1, 0]),
 (12, [1169, 46, 0, 1, 1, 1621, 963, 1, 0, 2, 3, 0, 0, 1, 1]),
 (12, [1416, 60, 1, 0, 1, 818, 1225, 0, 0, 1, 0, 1, 0, 0, 1]),
 (12, [1831, 45, 0, 1, 1, 554, 2035, 1, 0, 2, 1, 0, 1, 1, 0]),
 (16, [605, 18, 1, 1, 1, 915, 899, 0, 1, 2, 0, 1, 1, 1, 1]),
 (16, [736, 14, 1, 0, 1, 713, 609, 1, 0, 2, 0, 0, 2, 2, 2]),
 (16, [789, 80, 0, 1, 0, 1612, 651, 1, 1, 1, 2, 0, 2, 2, 1]),
 (16, [1035, 23, 0, 0, 1, 1817, 1823, 0, 0, 2, 0, 0, 0, 2, 0]),
 (16, [1196, 93, 1, 1, 1, 673, 1884, 1, 1, 0, 0, 0, 0, 2, 0]),
 (16, [1354, 115, 0, 1, 0, 972, 735, 0, 1, 0, 3, 0, 2, 2, 0]),
 (16, [1361, 67, 1, 0, 1, 687, 543, 1, 1, 2, 0, 0, 2, 1, 1]),
 (16, [1871, 65, 1, 0, 1, 1398, 888, 0, 1, 1, 3, 0, 2, 2, 1]),
 (16, [1948, 14, 1, 0, 1, 924, 1229, 0, 0, 0, 2, 0, 0, 2, 1]),
 (17, [779, 16, 1, 0, 0, 1767, 1272, 1, 1, 2, 4, 1, 0, 0, 2]),
 (999, [563, 79, 0, 1, 0, 1300, 1829, 1, 1, 2, 5, 1, 2, 0, 0]),
 (999, [723, 41, 1, 1, 1, 975, 800, 1, 1, 3, 2, 0, 2, 1, 2]),
 (999, [778, 102, 0, 0, 1, 862, 1468, 0, 1, 1, 5, 0, 0, 2, 1]),
 (999, [782, 120, 1, 1, 1, 1742, 1271, 0, 1, 3, 1, 1, 1, 2, 0]),
 (999, [819, 13, 1, 1, 1, 794, 1309, 1, 1, 0, 5, 1, 0, 2, 2]),
 (999, [1100, 24, 0, 0, 1, 1676, 1369, 0, 0, 2, 5, 1, 1, 2, 2]),
 (999, [1106, 78, 0, 1, 0, 915, 774, 1, 1, 3, 0, 1, 0, 0, 2]),
 (999, [1194, 45, 1, 0, 0, 1374, 1030, 1, 0, 0, 5, 1, 0, 2, 2]),
 (999, [1256, 44, 0, 0, 1, 1831, 1673, 0, 1, 3, 1, 1, 2, 0, 0]),
 (999, [1303, 95, 0, 0, 1, 1777, 1710, 0, 0, 1, 5, 0, 2, 2, 0]),
 (999, [1400, 33, 0, 0, 0, 1488, 840, 1, 0, 3, 2, 0, 0, 0, 2]),
 (999, [1507, 95, 1, 0, 1, 1891, 1385, 0, 1, 3, 1, 0, 1, 2, 1]),
 (999, [1603, 118, 0, 0, 0, 2035, 1111, 0, 1, 1, 5, 1, 2, 0, 1]),
 (999, [1832, 25, 1, 0, 0, 1052, 1629, 1, 1, 1, 5, 0, 1, 1, 0]),
 (999, [1946, 72, 0, 1, 1, 616, 691, 0, 0, 1, 5, 1, 0, 0, 1]),
 (999, [2019, 59, 0, 0, 0, 743, 1742, 1, 0, 3, 5, 0, 2, 1, 0])]
Selected
[(16, [736, 14, 1, 0, 1, 713, 609, 1, 0, 2, 0, 0, 2, 2, 2]),
 (12, [1416, 60, 1, 0, 1, 818, 1225, 0, 0, 1, 0, 1, 0, 0, 1]),
 (12, [1014, 97, 0, 0, 0, 1758, 853, 1, 1, 1, 0, 0, 1, 1, 0]),
 (16, [1354, 115, 0, 1, 0, 972, 735, 0, 1, 0, 3, 0, 2, 2, 0]),
 (12, [920, 109, 0, 0, 1, 1104, 1192, 1, 1, 1, 0, 1, 0, 1, 2]),
 (12, [888, 29, 0, 1, 1, 975, 909, 1, 1, 2, 2, 1, 1, 1, 0]),
 (16, [1871, 65, 1, 0, 1, 1398, 888, 0, 1, 1, 3, 0, 2, 2, 1]),
 (12, [1831, 45, 0, 1, 1, 554, 2035, 1, 0, 2, 1, 0, 1, 1, 0]),
 (12, [888, 29, 0, 1, 1, 975, 909, 1, 1, 2, 2, 1, 1, 1, 0]),
 (12, [1169, 46, 0, 1, 1, 1621, 963, 1, 0, 2, 3, 0, 0, 1, 1]),
 (12, [888, 29, 0, 1, 1, 975, 909, 1, 1, 2, 2, 1, 1, 1, 0]),
 (16, [1871, 65, 1, 0, 1, 1398, 888, 0, 1, 1, 3, 0, 2, 2, 1]),
 (16, [789, 80, 0, 1, 0, 1612, 651, 1, 1, 1, 2, 0, 2, 2, 1]),
 (12, [920, 109, 0, 0, 1, 1104, 1192, 1, 1, 1, 0, 1, 0, 1, 2]),
 (16, [1354, 115, 0, 1, 0, 972, 735, 0, 1, 0, 3, 0, 2, 2, 0]),
 (12, [1169, 46, 0, 1, 1, 1621, 963, 1, 0, 2, 3, 0, 0, 1, 1]),
 (12, [920, 109, 0, 0, 1, 1104, 1192, 1, 1, 1, 0, 1, 0, 1, 2]),
 (12, [920, 109, 0, 0, 1, 1104, 1192, 1, 1, 1, 0, 1, 0, 1, 2]),
 (16, [1035, 23, 0, 0, 1, 1817, 1823, 0, 0, 2, 0, 0, 0, 2, 0]),
 (12, [920, 109, 0, 0, 1, 1104, 1192, 1, 1, 1, 0, 1, 0, 1, 2]),
 (16, [736, 14, 1, 0, 1, 713, 609, 1, 0, 2, 0, 0, 2, 2, 2]),
 (12, [920, 109, 0, 0, 1, 1104, 1192, 1, 1, 1, 0, 1, 0, 1, 2]),
 (12, [1831, 45, 0, 1, 1, 554, 2035, 1, 0, 2, 1, 0, 1, 1, 0]),
 (12, [1169, 46, 0, 1, 1, 1621, 963, 1, 0, 2, 3, 0, 0, 1, 1]),
 (12, [1416, 60, 1, 0, 1, 818, 1225, 0, 0, 1, 0, 1, 0, 0, 1]),
 (12, [1014, 97, 0, 0, 0, 1758, 853, 1, 1, 1, 0, 0, 1, 1, 0]),
 (12, [1416, 60, 1, 0, 1, 818, 1225, 0, 0, 1, 0, 1, 0, 0, 1])]
population
[(999, [2019, 59, 0, 0, 0, 743, 1742, 1, 0, 3, 5, 0, 2, 1, 0]),
 (999, [1946, 72, 0, 1, 1, 616, 691, 0, 0, 1, 5, 1, 0, 0, 1]),
 (999, [1832, 25, 1, 0, 0, 1052, 1629, 1, 1, 1, 5, 0, 1, 1, 0]),
 (999, [1603, 118, 0, 0, 0, 2035, 1111, 0, 1, 1, 5, 1, 2, 0, 1]),
 (999, [1507, 95, 1, 0, 1, 1891, 1385, 0, 1, 3, 1, 0, 1, 2, 1]),
 (999, [1400, 33, 0, 0, 0, 1488, 840, 1, 0, 3, 2, 0, 0, 0, 2]),
 (999, [1303, 95, 0, 0, 1, 1777, 1710, 0, 0, 1, 5, 0, 2, 2, 0]),
 (999, [1256, 44, 0, 0, 1, 1831, 1673, 0, 1, 3, 1, 1, 2, 0, 0]),
 (999, [1194, 45, 1, 0, 0, 1374, 1030, 1, 0, 0, 5, 1, 0, 2, 2]),
 (999, [1106, 78, 0, 1, 0, 915, 774, 1, 1, 3, 0, 1, 0, 0, 2]),
 (999, [1100, 24, 0, 0, 1, 1676, 1369, 0, 0, 2, 5, 1, 1, 2, 2]),
 (999, [819, 13, 1, 1, 1, 794, 1309, 1, 1, 0, 5, 1, 0, 2, 2]),
 (999, [782, 120, 1, 1, 1, 1742, 1271, 0, 1, 3, 1, 1, 1, 2, 0]),
 (999, [778, 102, 0, 0, 1, 862, 1468, 0, 1, 1, 5, 0, 0, 2, 1]),
 (999, [723, 41, 1, 1, 1, 975, 800, 1, 1, 3, 2, 0, 2, 1, 2]),
 (999, [563, 79, 0, 1, 0, 1300, 1829, 1, 1, 2, 5, 1, 2, 0, 0]),
 (17, [779, 16, 1, 0, 0, 1767, 1272, 1, 1, 2, 4, 1, 0, 0, 2]),
 (16, [1948, 14, 1, 0, 1, 924, 1229, 0, 0, 0, 2, 0, 0, 2, 1]),
 (16, [1871, 65, 1, 0, 1, 1398, 888, 0, 1, 1, 3, 0, 2, 2, 1]),
 (16, [1361, 67, 1, 0, 1, 687, 543, 1, 1, 2, 0, 0, 2, 1, 1]),
 (16, [1354, 115, 0, 1, 0, 972, 735, 0, 1, 0, 3, 0, 2, 2, 0]),
 (16, [1196, 93, 1, 1, 1, 673, 1884, 1, 1, 0, 0, 0, 0, 2, 0]),
 (16, [1035, 23, 0, 0, 1, 1817, 1823, 0, 0, 2, 0, 0, 0, 2, 0]),
 (16, [789, 80, 0, 1, 0, 1612, 651, 1, 1, 1, 2, 0, 2, 2, 1]),
 (16, [736, 14, 1, 0, 1, 713, 609, 1, 0, 2, 0, 0, 2, 2, 2]),
 (16, [605, 18, 1, 1, 1, 915, 899, 0, 1, 2, 0, 1, 1, 1, 1]),
 (12, [1831, 45, 0, 1, 1, 554, 2035, 1, 0, 2, 1, 0, 1, 1, 0]),
 (12, [1416, 60, 1, 0, 1, 818, 1225, 0, 0, 1, 0, 1, 0, 0, 1]),
 (12, [1169, 46, 0, 1, 1, 1621, 963, 1, 0, 2, 3, 0, 0, 1, 1]),
 (12, [1014, 97, 0, 0, 0, 1758, 853, 1, 1, 1, 0, 0, 1, 1, 0]),
 (12, [920, 109, 0, 0, 1, 1104, 1192, 1, 1, 1, 0, 1, 0, 1, 2]),
 (12, [888, 29, 0, 1, 1, 975, 909, 1, 1, 2, 2, 1, 1, 1, 0])]
scored
[(12, [888, 29, 0, 1, 1, 975, 909, 1, 1, 2, 2, 1, 1, 1, 0]),
 (12, [920, 109, 0, 0, 1, 1104, 1192, 1, 1, 1, 0, 1, 0, 1, 2]),
 (12, [1014, 97, 0, 0, 0, 1758, 853, 1, 1, 1, 0, 0, 1, 1, 0]),
 (12, [1169, 46, 0, 1, 1, 1621, 963, 1, 0, 2, 3, 0, 0, 1, 1]),
 (12, [1416, 60, 1, 0, 1, 818, 1225, 0, 0, 1, 0, 1, 0, 0, 1]),
 (12, [1831, 45, 0, 1, 1, 554, 2035, 1, 0, 2, 1, 0, 1, 1, 0]),
 (16, [605, 18, 1, 1, 1, 915, 899, 0, 1, 2, 0, 1, 1, 1, 1]),
 (16, [736, 14, 1, 0, 1, 713, 609, 1, 0, 2, 0, 0, 2, 2, 2]),
 (16, [789, 80, 0, 1, 0, 1612, 651, 1, 1, 1, 2, 0, 2, 2, 1]),
 (16, [1035, 23, 0, 0, 1, 1817, 1823, 0, 0, 2, 0, 0, 0, 2, 0]),
 (16, [1196, 93, 1, 1, 1, 673, 1884, 1, 1, 0, 0, 0, 0, 2, 0]),
 (16, [1354, 115, 0, 1, 0, 972, 735, 0, 1, 0, 3, 0, 2, 2, 0]),
 (16, [1361, 67, 1, 0, 1, 687, 543, 1, 1, 2, 0, 0, 2, 1, 1]),
 (16, [1871, 65, 1, 0, 1, 1398, 888, 0, 1, 1, 3, 0, 2, 2, 1]),
 (16, [1948, 14, 1, 0, 1, 924, 1229, 0, 0, 0, 2, 0, 0, 2, 1]),
 (17, [779, 16, 1, 0, 0, 1767, 1272, 1, 1, 2, 4, 1, 0, 0, 2]),
 (999, [563, 79, 0, 1, 0, 1300, 1829, 1, 1, 2, 5, 1, 2, 0, 0]),
 (999, [723, 41, 1, 1, 1, 975, 800, 1, 1, 3, 2, 0, 2, 1, 2]),
 (999, [778, 102, 0, 0, 1, 862, 1468, 0, 1, 1, 5, 0, 0, 2, 1]),
 (999, [782, 120, 1, 1, 1, 1742, 1271, 0, 1, 3, 1, 1, 1, 2, 0]),
 (999, [819, 13, 1, 1, 1, 794, 1309, 1, 1, 0, 5, 1, 0, 2, 2]),
 (999, [1100, 24, 0, 0, 1, 1676, 1369, 0, 0, 2, 5, 1, 1, 2, 2]),
 (999, [1106, 78, 0, 1, 0, 915, 774, 1, 1, 3, 0, 1, 0, 0, 2]),
 (999, [1194, 45, 1, 0, 0, 1374, 1030, 1, 0, 0, 5, 1, 0, 2, 2]),
 (999, [1256, 44, 0, 0, 1, 1831, 1673, 0, 1, 3, 1, 1, 2, 0, 0]),
 (999, [1303, 95, 0, 0, 1, 1777, 1710, 0, 0, 1, 5, 0, 2, 2, 0]),
 (999, [1400, 33, 0, 0, 0, 1488, 840, 1, 0, 3, 2, 0, 0, 0, 2]),
 (999, [1507, 95, 1, 0, 1, 1891, 1385, 0, 1, 3, 1, 0, 1, 2, 1]),
 (999, [1603, 118, 0, 0, 0, 2035, 1111, 0, 1, 1, 5, 1, 2, 0, 1]),
 (999, [1832, 25, 1, 0, 0, 1052, 1629, 1, 1, 1, 5, 0, 1, 1, 0]),
 (999, [1946, 72, 0, 1, 1, 616, 691, 0, 0, 1, 5, 1, 0, 0, 1]),
 (999, [2019, 59, 0, 0, 0, 743, 1742, 1, 0, 3, 5, 0, 2, 1, 0])]
Selected
[(12, [1169, 46, 0, 1, 1, 1621, 963, 1, 0, 2, 3, 0, 0, 1, 1]),
 (16, [1354, 115, 0, 1, 0, 972, 735, 0, 1, 0, 3, 0, 2, 2, 0]),
 (16, [605, 18, 1, 1, 1, 915, 899, 0, 1, 2, 0, 1, 1, 1, 1]),
 (12, [1014, 97, 0, 0, 0, 1758, 853, 1, 1, 1, 0, 0, 1, 1, 0]),
 (16, [789, 80, 0, 1, 0, 1612, 651, 1, 1, 1, 2, 0, 2, 2, 1]),
 (12, [1831, 45, 0, 1, 1, 554, 2035, 1, 0, 2, 1, 0, 1, 1, 0]),
 (12, [920, 109, 0, 0, 1, 1104, 1192, 1, 1, 1, 0, 1, 0, 1, 2]),
 (12, [1169, 46, 0, 1, 1, 1621, 963, 1, 0, 2, 3, 0, 0, 1, 1]),
 (12, [1014, 97, 0, 0, 0, 1758, 853, 1, 1, 1, 0, 0, 1, 1, 0]),
 (12, [888, 29, 0, 1, 1, 975, 909, 1, 1, 2, 2, 1, 1, 1, 0]),
 (12, [920, 109, 0, 0, 1, 1104, 1192, 1, 1, 1, 0, 1, 0, 1, 2]),
 (12, [888, 29, 0, 1, 1, 975, 909, 1, 1, 2, 2, 1, 1, 1, 0]),
 (12, [1169, 46, 0, 1, 1, 1621, 963, 1, 0, 2, 3, 0, 0, 1, 1]),
 (16, [605, 18, 1, 1, 1, 915, 899, 0, 1, 2, 0, 1, 1, 1, 1]),
 (16, [1196, 93, 1, 1, 1, 673, 1884, 1, 1, 0, 0, 0, 0, 2, 0]),
 (12, [1014, 97, 0, 0, 0, 1758, 853, 1, 1, 1, 0, 0, 1, 1, 0]),
 (12, [1416, 60, 1, 0, 1, 818, 1225, 0, 0, 1, 0, 1, 0, 0, 1]),
 (12, [920, 109, 0, 0, 1, 1104, 1192, 1, 1, 1, 0, 1, 0, 1, 2]),
 (12, [920, 109, 0, 0, 1, 1104, 1192, 1, 1, 1, 0, 1, 0, 1, 2]),
 (16, [736, 14, 1, 0, 1, 713, 609, 1, 0, 2, 0, 0, 2, 2, 2]),
 (16, [1035, 23, 0, 0, 1, 1817, 1823, 0, 0, 2, 0, 0, 0, 2, 0]),
 (12, [920, 109, 0, 0, 1, 1104, 1192, 1, 1, 1, 0, 1, 0, 1, 2]),
 (16, [1196, 93, 1, 1, 1, 673, 1884, 1, 1, 0, 0, 0, 0, 2, 0]),
 (16, [1196, 93, 1, 1, 1, 673, 1884, 1, 1, 0, 0, 0, 0, 2, 0]),
 (12, [1831, 45, 0, 1, 1, 554, 2035, 1, 0, 2, 1, 0, 1, 1, 0]),
 (12, [1014, 97, 0, 0, 0, 1758, 853, 1, 1, 1, 0, 0, 1, 1, 0]),
 (12, [1831, 45, 0, 1, 1, 554, 2035, 1, 0, 2, 1, 0, 1, 1, 0])]
population
[(999, [2019, 59, 0, 0, 0, 743, 1742, 1, 0, 3, 5, 0, 2, 1, 0]),
 (999, [1946, 72, 0, 1, 1, 616, 691, 0, 0, 1, 5, 1, 0, 0, 1]),
 (999, [1832, 25, 1, 0, 0, 1052, 1629, 1, 1, 1, 5, 0, 1, 1, 0]),
 (999, [1603, 118, 0, 0, 0, 2035, 1111, 0, 1, 1, 5, 1, 2, 0, 1]),
 (999, [1507, 95, 1, 0, 1, 1891, 1385, 0, 1, 3, 1, 0, 1, 2, 1]),
 (999, [1400, 33, 0, 0, 0, 1488, 840, 1, 0, 3, 2, 0, 0, 0, 2]),
 (999, [1303, 95, 0, 0, 1, 1777, 1710, 0, 0, 1, 5, 0, 2, 2, 0]),
 (999, [1256, 44, 0, 0, 1, 1831, 1673, 0, 1, 3, 1, 1, 2, 0, 0]),
 (999, [1194, 45, 1, 0, 0, 1374, 1030, 1, 0, 0, 5, 1, 0, 2, 2]),
 (999, [1106, 78, 0, 1, 0, 915, 774, 1, 1, 3, 0, 1, 0, 0, 2]),
 (999, [1100, 24, 0, 0, 1, 1676, 1369, 0, 0, 2, 5, 1, 1, 2, 2]),
 (999, [819, 13, 1, 1, 1, 794, 1309, 1, 1, 0, 5, 1, 0, 2, 2]),
 (999, [782, 120, 1, 1, 1, 1742, 1271, 0, 1, 3, 1, 1, 1, 2, 0]),
 (999, [778, 102, 0, 0, 1, 862, 1468, 0, 1, 1, 5, 0, 0, 2, 1]),
 (999, [723, 41, 1, 1, 1, 975, 800, 1, 1, 3, 2, 0, 2, 1, 2]),
 (999, [563, 79, 0, 1, 0, 1300, 1829, 1, 1, 2, 5, 1, 2, 0, 0]),
 (17, [779, 16, 1, 0, 0, 1767, 1272, 1, 1, 2, 4, 1, 0, 0, 2]),
 (16, [1948, 14, 1, 0, 1, 924, 1229, 0, 0, 0, 2, 0, 0, 2, 1]),
 (16, [1871, 65, 1, 0, 1, 1398, 888, 0, 1, 1, 3, 0, 2, 2, 1]),
 (16, [1361, 67, 1, 0, 1, 687, 543, 1, 1, 2, 0, 0, 2, 1, 1]),
 (16, [1354, 115, 0, 1, 0, 972, 735, 0, 1, 0, 3, 0, 2, 2, 0]),
 (16, [1196, 93, 1, 1, 1, 673, 1884, 1, 1, 0, 0, 0, 0, 2, 0]),
 (16, [1035, 23, 0, 0, 1, 1817, 1823, 0, 0, 2, 0, 0, 0, 2, 0]),
 (16, [789, 80, 0, 1, 0, 1612, 651, 1, 1, 1, 2, 0, 2, 2, 1]),
 (16, [736, 14, 1, 0, 1, 713, 609, 1, 0, 2, 0, 0, 2, 2, 2]),
 (16, [605, 18, 1, 1, 1, 915, 899, 0, 1, 2, 0, 1, 1, 1, 1]),
 (12, [1831, 45, 0, 1, 1, 554, 2035, 1, 0, 2, 1, 0, 1, 1, 0]),
 (12, [1416, 60, 1, 0, 1, 818, 1225, 0, 0, 1, 0, 1, 0, 0, 1]),
 (12, [1169, 46, 0, 1, 1, 1621, 963, 1, 0, 2, 3, 0, 0, 1, 1]),
 (12, [1014, 97, 0, 0, 0, 1758, 853, 1, 1, 1, 0, 0, 1, 1, 0]),
 (12, [920, 109, 0, 0, 1, 1104, 1192, 1, 1, 1, 0, 1, 0, 1, 2]),
 (12, [888, 29, 0, 1, 1, 975, 909, 1, 1, 2, 2, 1, 1, 1, 0])]
scored
[(12, [888, 29, 0, 1, 1, 975, 909, 1, 1, 2, 2, 1, 1, 1, 0]),
 (12, [920, 109, 0, 0, 1, 1104, 1192, 1, 1, 1, 0, 1, 0, 1, 2]),
 (12, [1014, 97, 0, 0, 0, 1758, 853, 1, 1, 1, 0, 0, 1, 1, 0]),
 (12, [1169, 46, 0, 1, 1, 1621, 963, 1, 0, 2, 3, 0, 0, 1, 1]),
 (12, [1416, 60, 1, 0, 1, 818, 1225, 0, 0, 1, 0, 1, 0, 0, 1]),
 (12, [1831, 45, 0, 1, 1, 554, 2035, 1, 0, 2, 1, 0, 1, 1, 0]),
 (16, [605, 18, 1, 1, 1, 915, 899, 0, 1, 2, 0, 1, 1, 1, 1]),
 (16, [736, 14, 1, 0, 1, 713, 609, 1, 0, 2, 0, 0, 2, 2, 2]),
 (16, [789, 80, 0, 1, 0, 1612, 651, 1, 1, 1, 2, 0, 2, 2, 1]),
 (16, [1035, 23, 0, 0, 1, 1817, 1823, 0, 0, 2, 0, 0, 0, 2, 0]),
 (16, [1196, 93, 1, 1, 1, 673, 1884, 1, 1, 0, 0, 0, 0, 2, 0]),
 (16, [1354, 115, 0, 1, 0, 972, 735, 0, 1, 0, 3, 0, 2, 2, 0]),
 (16, [1361, 67, 1, 0, 1, 687, 543, 1, 1, 2, 0, 0, 2, 1, 1]),
 (16, [1871, 65, 1, 0, 1, 1398, 888, 0, 1, 1, 3, 0, 2, 2, 1]),
 (16, [1948, 14, 1, 0, 1, 924, 1229, 0, 0, 0, 2, 0, 0, 2, 1]),
 (17, [779, 16, 1, 0, 0, 1767, 1272, 1, 1, 2, 4, 1, 0, 0, 2]),
 (999, [563, 79, 0, 1, 0, 1300, 1829, 1, 1, 2, 5, 1, 2, 0, 0]),
 (999, [723, 41, 1, 1, 1, 975, 800, 1, 1, 3, 2, 0, 2, 1, 2]),
 (999, [778, 102, 0, 0, 1, 862, 1468, 0, 1, 1, 5, 0, 0, 2, 1]),
 (999, [782, 120, 1, 1, 1, 1742, 1271, 0, 1, 3, 1, 1, 1, 2, 0]),
 (999, [819, 13, 1, 1, 1, 794, 1309, 1, 1, 0, 5, 1, 0, 2, 2]),
 (999, [1100, 24, 0, 0, 1, 1676, 1369, 0, 0, 2, 5, 1, 1, 2, 2]),
 (999, [1106, 78, 0, 1, 0, 915, 774, 1, 1, 3, 0, 1, 0, 0, 2]),
 (999, [1194, 45, 1, 0, 0, 1374, 1030, 1, 0, 0, 5, 1, 0, 2, 2]),
 (999, [1256, 44, 0, 0, 1, 1831, 1673, 0, 1, 3, 1, 1, 2, 0, 0]),
 (999, [1303, 95, 0, 0, 1, 1777, 1710, 0, 0, 1, 5, 0, 2, 2, 0]),
 (999, [1400, 33, 0, 0, 0, 1488, 840, 1, 0, 3, 2, 0, 0, 0, 2]),
 (999, [1507, 95, 1, 0, 1, 1891, 1385, 0, 1, 3, 1, 0, 1, 2, 1]),
 (999, [1603, 118, 0, 0, 0, 2035, 1111, 0, 1, 1, 5, 1, 2, 0, 1]),
 (999, [1832, 25, 1, 0, 0, 1052, 1629, 1, 1, 1, 5, 0, 1, 1, 0]),
 (999, [1946, 72, 0, 1, 1, 616, 691, 0, 0, 1, 5, 1, 0, 0, 1]),
 (999, [2019, 59, 0, 0, 0, 743, 1742, 1, 0, 3, 5, 0, 2, 1, 0])]
Selected
[(12, [888, 29, 0, 1, 1, 975, 909, 1, 1, 2, 2, 1, 1, 1, 0]),
 (16, [605, 18, 1, 1, 1, 915, 899, 0, 1, 2, 0, 1, 1, 1, 1]),
 (12, [1416, 60, 1, 0, 1, 818, 1225, 0, 0, 1, 0, 1, 0, 0, 1]),
 (12, [920, 109, 0, 0, 1, 1104, 1192, 1, 1, 1, 0, 1, 0, 1, 2]),
 (12, [920, 109, 0, 0, 1, 1104, 1192, 1, 1, 1, 0, 1, 0, 1, 2]),
 (16, [1035, 23, 0, 0, 1, 1817, 1823, 0, 0, 2, 0, 0, 0, 2, 0]),
 (12, [920, 109, 0, 0, 1, 1104, 1192, 1, 1, 1, 0, 1, 0, 1, 2]),
 (12, [920, 109, 0, 0, 1, 1104, 1192, 1, 1, 1, 0, 1, 0, 1, 2]),
 (12, [920, 109, 0, 0, 1, 1104, 1192, 1, 1, 1, 0, 1, 0, 1, 2]),
 (12, [888, 29, 0, 1, 1, 975, 909, 1, 1, 2, 2, 1, 1, 1, 0]),
 (16, [1354, 115, 0, 1, 0, 972, 735, 0, 1, 0, 3, 0, 2, 2, 0]),
 (12, [920, 109, 0, 0, 1, 1104, 1192, 1, 1, 1, 0, 1, 0, 1, 2]),
 (12, [888, 29, 0, 1, 1, 975, 909, 1, 1, 2, 2, 1, 1, 1, 0]),
 (12, [1169, 46, 0, 1, 1, 1621, 963, 1, 0, 2, 3, 0, 0, 1, 1]),
 (16, [605, 18, 1, 1, 1, 915, 899, 0, 1, 2, 0, 1, 1, 1, 1]),
 (12, [1169, 46, 0, 1, 1, 1621, 963, 1, 0, 2, 3, 0, 0, 1, 1]),
 (12, [1831, 45, 0, 1, 1, 554, 2035, 1, 0, 2, 1, 0, 1, 1, 0]),
 (12, [1014, 97, 0, 0, 0, 1758, 853, 1, 1, 1, 0, 0, 1, 1, 0]),
 (17, [779, 16, 1, 0, 0, 1767, 1272, 1, 1, 2, 4, 1, 0, 0, 2]),
 (16, [736, 14, 1, 0, 1, 713, 609, 1, 0, 2, 0, 0, 2, 2, 2]),
 (12, [920, 109, 0, 0, 1, 1104, 1192, 1, 1, 1, 0, 1, 0, 1, 2]),
 (16, [789, 80, 0, 1, 0, 1612, 651, 1, 1, 1, 2, 0, 2, 2, 1]),
 (16, [1354, 115, 0, 1, 0, 972, 735, 0, 1, 0, 3, 0, 2, 2, 0]),
 (12, [888, 29, 0, 1, 1, 975, 909, 1, 1, 2, 2, 1, 1, 1, 0]),
 (16, [605, 18, 1, 1, 1, 915, 899, 0, 1, 2, 0, 1, 1, 1, 1]),
 (12, [1014, 97, 0, 0, 0, 1758, 853, 1, 1, 1, 0, 0, 1, 1, 0]),
 (12, [888, 29, 0, 1, 1, 975, 909, 1, 1, 2, 2, 1, 1, 1, 0])]
population
[(999, [2019, 59, 0, 0, 0, 743, 1742, 1, 0, 3, 5, 0, 2, 1, 0]),
 (999, [1946, 72, 0, 1, 1, 616, 691, 0, 0, 1, 5, 1, 0, 0, 1]),
 (999, [1832, 25, 1, 0, 0, 1052, 1629, 1, 1, 1, 5, 0, 1, 1, 0]),
 (999, [1603, 118, 0, 0, 0, 2035, 1111, 0, 1, 1, 5, 1, 2, 0, 1]),
 (999, [1507, 95, 1, 0, 1, 1891, 1385, 0, 1, 3, 1, 0, 1, 2, 1]),
 (999, [1400, 33, 0, 0, 0, 1488, 840, 1, 0, 3, 2, 0, 0, 0, 2]),
 (999, [1303, 95, 0, 0, 1, 1777, 1710, 0, 0, 1, 5, 0, 2, 2, 0]),
 (999, [1256, 44, 0, 0, 1, 1831, 1673, 0, 1, 3, 1, 1, 2, 0, 0]),
 (999, [1194, 45, 1, 0, 0, 1374, 1030, 1, 0, 0, 5, 1, 0, 2, 2]),
 (999, [1106, 78, 0, 1, 0, 915, 774, 1, 1, 3, 0, 1, 0, 0, 2]),
 (999, [1100, 24, 0, 0, 1, 1676, 1369, 0, 0, 2, 5, 1, 1, 2, 2]),
 (999, [819, 13, 1, 1, 1, 794, 1309, 1, 1, 0, 5, 1, 0, 2, 2]),
 (999, [782, 120, 1, 1, 1, 1742, 1271, 0, 1, 3, 1, 1, 1, 2, 0]),
 (999, [778, 102, 0, 0, 1, 862, 1468, 0, 1, 1, 5, 0, 0, 2, 1]),
 (999, [723, 41, 1, 1, 1, 975, 800, 1, 1, 3, 2, 0, 2, 1, 2]),
 (999, [563, 79, 0, 1, 0, 1300, 1829, 1, 1, 2, 5, 1, 2, 0, 0]),
 (17, [779, 16, 1, 0, 0, 1767, 1272, 1, 1, 2, 4, 1, 0, 0, 2]),
 (16, [1948, 14, 1, 0, 1, 924, 1229, 0, 0, 0, 2, 0, 0, 2, 1]),
 (16, [1871, 65, 1, 0, 1, 1398, 888, 0, 1, 1, 3, 0, 2, 2, 1]),
 (16, [1361, 67, 1, 0, 1, 687, 543, 1, 1, 2, 0, 0, 2, 1, 1]),
 (16, [1354, 115, 0, 1, 0, 972, 735, 0, 1, 0, 3, 0, 2, 2, 0]),
 (16, [1196, 93, 1, 1, 1, 673, 1884, 1, 1, 0, 0, 0, 0, 2, 0]),
 (16, [1035, 23, 0, 0, 1, 1817, 1823, 0, 0, 2, 0, 0, 0, 2, 0]),
 (16, [789, 80, 0, 1, 0, 1612, 651, 1, 1, 1, 2, 0, 2, 2, 1]),
 (16, [736, 14, 1, 0, 1, 713, 609, 1, 0, 2, 0, 0, 2, 2, 2]),
 (16, [605, 18, 1, 1, 1, 915, 899, 0, 1, 2, 0, 1, 1, 1, 1]),
 (12, [1831, 45, 0, 1, 1, 554, 2035, 1, 0, 2, 1, 0, 1, 1, 0]),
 (12, [1416, 60, 1, 0, 1, 818, 1225, 0, 0, 1, 0, 1, 0, 0, 1]),
 (12, [1169, 46, 0, 1, 1, 1621, 963, 1, 0, 2, 3, 0, 0, 1, 1]),
 (12, [1014, 97, 0, 0, 0, 1758, 853, 1, 1, 1, 0, 0, 1, 1, 0]),
 (12, [920, 109, 0, 0, 1, 1104, 1192, 1, 1, 1, 0, 1, 0, 1, 2]),
 (12, [888, 29, 0, 1, 1, 975, 909, 1, 1, 2, 2, 1, 1, 1, 0])]
scored
[(12, [888, 29, 0, 1, 1, 975, 909, 1, 1, 2, 2, 1, 1, 1, 0]),
 (12, [920, 109, 0, 0, 1, 1104, 1192, 1, 1, 1, 0, 1, 0, 1, 2]),
 (12, [1014, 97, 0, 0, 0, 1758, 853, 1, 1, 1, 0, 0, 1, 1, 0]),
 (12, [1169, 46, 0, 1, 1, 1621, 963, 1, 0, 2, 3, 0, 0, 1, 1]),
 (12, [1416, 60, 1, 0, 1, 818, 1225, 0, 0, 1, 0, 1, 0, 0, 1]),
 (12, [1831, 45, 0, 1, 1, 554, 2035, 1, 0, 2, 1, 0, 1, 1, 0]),
 (16, [605, 18, 1, 1, 1, 915, 899, 0, 1, 2, 0, 1, 1, 1, 1]),
 (16, [736, 14, 1, 0, 1, 713, 609, 1, 0, 2, 0, 0, 2, 2, 2]),
 (16, [789, 80, 0, 1, 0, 1612, 651, 1, 1, 1, 2, 0, 2, 2, 1]),
 (16, [1035, 23, 0, 0, 1, 1817, 1823, 0, 0, 2, 0, 0, 0, 2, 0]),
 (16, [1196, 93, 1, 1, 1, 673, 1884, 1, 1, 0, 0, 0, 0, 2, 0]),
 (16, [1354, 115, 0, 1, 0, 972, 735, 0, 1, 0, 3, 0, 2, 2, 0]),
 (16, [1361, 67, 1, 0, 1, 687, 543, 1, 1, 2, 0, 0, 2, 1, 1]),
 (16, [1871, 65, 1, 0, 1, 1398, 888, 0, 1, 1, 3, 0, 2, 2, 1]),
 (16, [1948, 14, 1, 0, 1, 924, 1229, 0, 0, 0, 2, 0, 0, 2, 1]),
 (17, [779, 16, 1, 0, 0, 1767, 1272, 1, 1, 2, 4, 1, 0, 0, 2]),
 (999, [563, 79, 0, 1, 0, 1300, 1829, 1, 1, 2, 5, 1, 2, 0, 0]),
 (999, [723, 41, 1, 1, 1, 975, 800, 1, 1, 3, 2, 0, 2, 1, 2]),
 (999, [778, 102, 0, 0, 1, 862, 1468, 0, 1, 1, 5, 0, 0, 2, 1]),
 (999, [782, 120, 1, 1, 1, 1742, 1271, 0, 1, 3, 1, 1, 1, 2, 0]),
 (999, [819, 13, 1, 1, 1, 794, 1309, 1, 1, 0, 5, 1, 0, 2, 2]),
 (999, [1100, 24, 0, 0, 1, 1676, 1369, 0, 0, 2, 5, 1, 1, 2, 2]),
 (999, [1106, 78, 0, 1, 0, 915, 774, 1, 1, 3, 0, 1, 0, 0, 2]),
 (999, [1194, 45, 1, 0, 0, 1374, 1030, 1, 0, 0, 5, 1, 0, 2, 2]),
 (999, [1256, 44, 0, 0, 1, 1831, 1673, 0, 1, 3, 1, 1, 2, 0, 0]),
 (999, [1303, 95, 0, 0, 1, 1777, 1710, 0, 0, 1, 5, 0, 2, 2, 0]),
 (999, [1400, 33, 0, 0, 0, 1488, 840, 1, 0, 3, 2, 0, 0, 0, 2]),
 (999, [1507, 95, 1, 0, 1, 1891, 1385, 0, 1, 3, 1, 0, 1, 2, 1]),
 (999, [1603, 118, 0, 0, 0, 2035, 1111, 0, 1, 1, 5, 1, 2, 0, 1]),
 (999, [1832, 25, 1, 0, 0, 1052, 1629, 1, 1, 1, 5, 0, 1, 1, 0]),
 (999, [1946, 72, 0, 1, 1, 616, 691, 0, 0, 1, 5, 1, 0, 0, 1]),
 (999, [2019, 59, 0, 0, 0, 743, 1742, 1, 0, 3, 5, 0, 2, 1, 0])]
Selected
[(16, [1035, 23, 0, 0, 1, 1817, 1823, 0, 0, 2, 0, 0, 0, 2, 0]),
 (12, [888, 29, 0, 1, 1, 975, 909, 1, 1, 2, 2, 1, 1, 1, 0]),
 (12, [1014, 97, 0, 0, 0, 1758, 853, 1, 1, 1, 0, 0, 1, 1, 0]),
 (12, [1014, 97, 0, 0, 0, 1758, 853, 1, 1, 1, 0, 0, 1, 1, 0]),
 (12, [1169, 46, 0, 1, 1, 1621, 963, 1, 0, 2, 3, 0, 0, 1, 1]),
 (12, [920, 109, 0, 0, 1, 1104, 1192, 1, 1, 1, 0, 1, 0, 1, 2]),
 (16, [605, 18, 1, 1, 1, 915, 899, 0, 1, 2, 0, 1, 1, 1, 1]),
 (16, [1354, 115, 0, 1, 0, 972, 735, 0, 1, 0, 3, 0, 2, 2, 0]),
 (12, [888, 29, 0, 1, 1, 975, 909, 1, 1, 2, 2, 1, 1, 1, 0]),
 (12, [920, 109, 0, 0, 1, 1104, 1192, 1, 1, 1, 0, 1, 0, 1, 2]),
 (16, [789, 80, 0, 1, 0, 1612, 651, 1, 1, 1, 2, 0, 2, 2, 1]),
 (12, [1416, 60, 1, 0, 1, 818, 1225, 0, 0, 1, 0, 1, 0, 0, 1]),
 (16, [1354, 115, 0, 1, 0, 972, 735, 0, 1, 0, 3, 0, 2, 2, 0]),
 (12, [1014, 97, 0, 0, 0, 1758, 853, 1, 1, 1, 0, 0, 1, 1, 0]),
 (16, [736, 14, 1, 0, 1, 713, 609, 1, 0, 2, 0, 0, 2, 2, 2]),
 (12, [1831, 45, 0, 1, 1, 554, 2035, 1, 0, 2, 1, 0, 1, 1, 0]),
 (16, [736, 14, 1, 0, 1, 713, 609, 1, 0, 2, 0, 0, 2, 2, 2]),
 (999, [723, 41, 1, 1, 1, 975, 800, 1, 1, 3, 2, 0, 2, 1, 2]),
 (12, [888, 29, 0, 1, 1, 975, 909, 1, 1, 2, 2, 1, 1, 1, 0]),
 (16, [605, 18, 1, 1, 1, 915, 899, 0, 1, 2, 0, 1, 1, 1, 1]),
 (12, [1831, 45, 0, 1, 1, 554, 2035, 1, 0, 2, 1, 0, 1, 1, 0]),
 (16, [736, 14, 1, 0, 1, 713, 609, 1, 0, 2, 0, 0, 2, 2, 2]),
 (12, [1831, 45, 0, 1, 1, 554, 2035, 1, 0, 2, 1, 0, 1, 1, 0]),
 (12, [920, 109, 0, 0, 1, 1104, 1192, 1, 1, 1, 0, 1, 0, 1, 2]),
 (16, [605, 18, 1, 1, 1, 915, 899, 0, 1, 2, 0, 1, 1, 1, 1]),
 (16, [736, 14, 1, 0, 1, 713, 609, 1, 0, 2, 0, 0, 2, 2, 2]),
 (16, [1948, 14, 1, 0, 1, 924, 1229, 0, 0, 0, 2, 0, 0, 2, 1])]
population
[(999, [2019, 59, 0, 0, 0, 743, 1742, 1, 0, 3, 5, 0, 2, 1, 0]),
 (999, [1946, 72, 0, 1, 1, 616, 691, 0, 0, 1, 5, 1, 0, 0, 1]),
 (999, [1832, 25, 1, 0, 0, 1052, 1629, 1, 1, 1, 5, 0, 1, 1, 0]),
 (999, [1603, 118, 0, 0, 0, 2035, 1111, 0, 1, 1, 5, 1, 2, 0, 1]),
 (999, [1507, 95, 1, 0, 1, 1891, 1385, 0, 1, 3, 1, 0, 1, 2, 1]),
 (999, [1400, 33, 0, 0, 0, 1488, 840, 1, 0, 3, 2, 0, 0, 0, 2]),
 (999, [1303, 95, 0, 0, 1, 1777, 1710, 0, 0, 1, 5, 0, 2, 2, 0]),
 (999, [1256, 44, 0, 0, 1, 1831, 1673, 0, 1, 3, 1, 1, 2, 0, 0]),
 (999, [1194, 45, 1, 0, 0, 1374, 1030, 1, 0, 0, 5, 1, 0, 2, 2]),
 (999, [1106, 78, 0, 1, 0, 915, 774, 1, 1, 3, 0, 1, 0, 0, 2]),
 (999, [1100, 24, 0, 0, 1, 1676, 1369, 0, 0, 2, 5, 1, 1, 2, 2]),
 (999, [819, 13, 1, 1, 1, 794, 1309, 1, 1, 0, 5, 1, 0, 2, 2]),
 (999, [782, 120, 1, 1, 1, 1742, 1271, 0, 1, 3, 1, 1, 1, 2, 0]),
 (999, [778, 102, 0, 0, 1, 862, 1468, 0, 1, 1, 5, 0, 0, 2, 1]),
 (999, [723, 41, 1, 1, 1, 975, 800, 1, 1, 3, 2, 0, 2, 1, 2]),
 (999, [563, 79, 0, 1, 0, 1300, 1829, 1, 1, 2, 5, 1, 2, 0, 0]),
 (17, [779, 16, 1, 0, 0, 1767, 1272, 1, 1, 2, 4, 1, 0, 0, 2]),
 (16, [1948, 14, 1, 0, 1, 924, 1229, 0, 0, 0, 2, 0, 0, 2, 1]),
 (16, [1871, 65, 1, 0, 1, 1398, 888, 0, 1, 1, 3, 0, 2, 2, 1]),
 (16, [1361, 67, 1, 0, 1, 687, 543, 1, 1, 2, 0, 0, 2, 1, 1]),
 (16, [1354, 115, 0, 1, 0, 972, 735, 0, 1, 0, 3, 0, 2, 2, 0]),
 (16, [1196, 93, 1, 1, 1, 673, 1884, 1, 1, 0, 0, 0, 0, 2, 0]),
 (16, [1035, 23, 0, 0, 1, 1817, 1823, 0, 0, 2, 0, 0, 0, 2, 0]),
 (16, [789, 80, 0, 1, 0, 1612, 651, 1, 1, 1, 2, 0, 2, 2, 1]),
 (16, [736, 14, 1, 0, 1, 713, 609, 1, 0, 2, 0, 0, 2, 2, 2]),
 (16, [605, 18, 1, 1, 1, 915, 899, 0, 1, 2, 0, 1, 1, 1, 1]),
 (12, [1831, 45, 0, 1, 1, 554, 2035, 1, 0, 2, 1, 0, 1, 1, 0]),
 (12, [1416, 60, 1, 0, 1, 818, 1225, 0, 0, 1, 0, 1, 0, 0, 1]),
 (12, [1169, 46, 0, 1, 1, 1621, 963, 1, 0, 2, 3, 0, 0, 1, 1]),
 (12, [1014, 97, 0, 0, 0, 1758, 853, 1, 1, 1, 0, 0, 1, 1, 0]),
 (12, [920, 109, 0, 0, 1, 1104, 1192, 1, 1, 1, 0, 1, 0, 1, 2]),
 (12, [888, 29, 0, 1, 1, 975, 909, 1, 1, 2, 2, 1, 1, 1, 0])]
scored
[(12, [888, 29, 0, 1, 1, 975, 909, 1, 1, 2, 2, 1, 1, 1, 0]),
 (12, [920, 109, 0, 0, 1, 1104, 1192, 1, 1, 1, 0, 1, 0, 1, 2]),
 (12, [1014, 97, 0, 0, 0, 1758, 853, 1, 1, 1, 0, 0, 1, 1, 0]),
 (12, [1169, 46, 0, 1, 1, 1621, 963, 1, 0, 2, 3, 0, 0, 1, 1]),
 (12, [1416, 60, 1, 0, 1, 818, 1225, 0, 0, 1, 0, 1, 0, 0, 1]),
 (12, [1831, 45, 0, 1, 1, 554, 2035, 1, 0, 2, 1, 0, 1, 1, 0]),
 (16, [605, 18, 1, 1, 1, 915, 899, 0, 1, 2, 0, 1, 1, 1, 1]),
 (16, [736, 14, 1, 0, 1, 713, 609, 1, 0, 2, 0, 0, 2, 2, 2]),
 (16, [789, 80, 0, 1, 0, 1612, 651, 1, 1, 1, 2, 0, 2, 2, 1]),
 (16, [1035, 23, 0, 0, 1, 1817, 1823, 0, 0, 2, 0, 0, 0, 2, 0]),
 (16, [1196, 93, 1, 1, 1, 673, 1884, 1, 1, 0, 0, 0, 0, 2, 0]),
 (16, [1354, 115, 0, 1, 0, 972, 735, 0, 1, 0, 3, 0, 2, 2, 0]),
 (16, [1361, 67, 1, 0, 1, 687, 543, 1, 1, 2, 0, 0, 2, 1, 1]),
 (16, [1871, 65, 1, 0, 1, 1398, 888, 0, 1, 1, 3, 0, 2, 2, 1]),
 (16, [1948, 14, 1, 0, 1, 924, 1229, 0, 0, 0, 2, 0, 0, 2, 1]),
 (17, [779, 16, 1, 0, 0, 1767, 1272, 1, 1, 2, 4, 1, 0, 0, 2]),
 (999, [563, 79, 0, 1, 0, 1300, 1829, 1, 1, 2, 5, 1, 2, 0, 0]),
 (999, [723, 41, 1, 1, 1, 975, 800, 1, 1, 3, 2, 0, 2, 1, 2]),
 (999, [778, 102, 0, 0, 1, 862, 1468, 0, 1, 1, 5, 0, 0, 2, 1]),
 (999, [782, 120, 1, 1, 1, 1742, 1271, 0, 1, 3, 1, 1, 1, 2, 0]),
 (999, [819, 13, 1, 1, 1, 794, 1309, 1, 1, 0, 5, 1, 0, 2, 2]),
 (999, [1100, 24, 0, 0, 1, 1676, 1369, 0, 0, 2, 5, 1, 1, 2, 2]),
 (999, [1106, 78, 0, 1, 0, 915, 774, 1, 1, 3, 0, 1, 0, 0, 2]),
 (999, [1194, 45, 1, 0, 0, 1374, 1030, 1, 0, 0, 5, 1, 0, 2, 2]),
 (999, [1256, 44, 0, 0, 1, 1831, 1673, 0, 1, 3, 1, 1, 2, 0, 0]),
 (999, [1303, 95, 0, 0, 1, 1777, 1710, 0, 0, 1, 5, 0, 2, 2, 0]),
 (999, [1400, 33, 0, 0, 0, 1488, 840, 1, 0, 3, 2, 0, 0, 0, 2]),
 (999, [1507, 95, 1, 0, 1, 1891, 1385, 0, 1, 3, 1, 0, 1, 2, 1]),
 (999, [1603, 118, 0, 0, 0, 2035, 1111, 0, 1, 1, 5, 1, 2, 0, 1]),
 (999, [1832, 25, 1, 0, 0, 1052, 1629, 1, 1, 1, 5, 0, 1, 1, 0]),
 (999, [1946, 72, 0, 1, 1, 616, 691, 0, 0, 1, 5, 1, 0, 0, 1]),
 (999, [2019, 59, 0, 0, 0, 743, 1742, 1, 0, 3, 5, 0, 2, 1, 0])]
Selected
[(16, [736, 14, 1, 0, 1, 713, 609, 1, 0, 2, 0, 0, 2, 2, 2]),
 (12, [888, 29, 0, 1, 1, 975, 909, 1, 1, 2, 2, 1, 1, 1, 0]),
 (16, [736, 14, 1, 0, 1, 713, 609, 1, 0, 2, 0, 0, 2, 2, 2]),
 (12, [888, 29, 0, 1, 1, 975, 909, 1, 1, 2, 2, 1, 1, 1, 0]),
 (12, [1169, 46, 0, 1, 1, 1621, 963, 1, 0, 2, 3, 0, 0, 1, 1]),
 (16, [736, 14, 1, 0, 1, 713, 609, 1, 0, 2, 0, 0, 2, 2, 2]),
 (12, [1416, 60, 1, 0, 1, 818, 1225, 0, 0, 1, 0, 1, 0, 0, 1]),
 (12, [1169, 46, 0, 1, 1, 1621, 963, 1, 0, 2, 3, 0, 0, 1, 1]),
 (12, [1014, 97, 0, 0, 0, 1758, 853, 1, 1, 1, 0, 0, 1, 1, 0]),
 (12, [888, 29, 0, 1, 1, 975, 909, 1, 1, 2, 2, 1, 1, 1, 0]),
 (12, [920, 109, 0, 0, 1, 1104, 1192, 1, 1, 1, 0, 1, 0, 1, 2]),
 (16, [789, 80, 0, 1, 0, 1612, 651, 1, 1, 1, 2, 0, 2, 2, 1]),
 (12, [920, 109, 0, 0, 1, 1104, 1192, 1, 1, 1, 0, 1, 0, 1, 2]),
 (12, [1416, 60, 1, 0, 1, 818, 1225, 0, 0, 1, 0, 1, 0, 0, 1]),
 (12, [920, 109, 0, 0, 1, 1104, 1192, 1, 1, 1, 0, 1, 0, 1, 2]),
 (12, [1169, 46, 0, 1, 1, 1621, 963, 1, 0, 2, 3, 0, 0, 1, 1]),
 (12, [920, 109, 0, 0, 1, 1104, 1192, 1, 1, 1, 0, 1, 0, 1, 2]),
 (12, [1014, 97, 0, 0, 0, 1758, 853, 1, 1, 1, 0, 0, 1, 1, 0]),
 (12, [888, 29, 0, 1, 1, 975, 909, 1, 1, 2, 2, 1, 1, 1, 0]),
 (12, [1014, 97, 0, 0, 0, 1758, 853, 1, 1, 1, 0, 0, 1, 1, 0]),
 (12, [1014, 97, 0, 0, 0, 1758, 853, 1, 1, 1, 0, 0, 1, 1, 0]),
 (16, [605, 18, 1, 1, 1, 915, 899, 0, 1, 2, 0, 1, 1, 1, 1]),
 (12, [1416, 60, 1, 0, 1, 818, 1225, 0, 0, 1, 0, 1, 0, 0, 1]),
 (12, [888, 29, 0, 1, 1, 975, 909, 1, 1, 2, 2, 1, 1, 1, 0]),
 (12, [1831, 45, 0, 1, 1, 554, 2035, 1, 0, 2, 1, 0, 1, 1, 0]),
 (12, [888, 29, 0, 1, 1, 975, 909, 1, 1, 2, 2, 1, 1, 1, 0]),
 (12, [1416, 60, 1, 0, 1, 818, 1225, 0, 0, 1, 0, 1, 0, 0, 1])]
population
[(999, [2019, 59, 0, 0, 0, 743, 1742, 1, 0, 3, 5, 0, 2, 1, 0]),
 (999, [1946, 72, 0, 1, 1, 616, 691, 0, 0, 1, 5, 1, 0, 0, 1]),
 (999, [1832, 25, 1, 0, 0, 1052, 1629, 1, 1, 1, 5, 0, 1, 1, 0]),
 (999, [1603, 118, 0, 0, 0, 2035, 1111, 0, 1, 1, 5, 1, 2, 0, 1]),
 (999, [1507, 95, 1, 0, 1, 1891, 1385, 0, 1, 3, 1, 0, 1, 2, 1]),
 (999, [1400, 33, 0, 0, 0, 1488, 840, 1, 0, 3, 2, 0, 0, 0, 2]),
 (999, [1303, 95, 0, 0, 1, 1777, 1710, 0, 0, 1, 5, 0, 2, 2, 0]),
 (999, [1256, 44, 0, 0, 1, 1831, 1673, 0, 1, 3, 1, 1, 2, 0, 0]),
 (999, [1194, 45, 1, 0, 0, 1374, 1030, 1, 0, 0, 5, 1, 0, 2, 2]),
 (999, [1106, 78, 0, 1, 0, 915, 774, 1, 1, 3, 0, 1, 0, 0, 2]),
 (999, [1100, 24, 0, 0, 1, 1676, 1369, 0, 0, 2, 5, 1, 1, 2, 2]),
 (999, [819, 13, 1, 1, 1, 794, 1309, 1, 1, 0, 5, 1, 0, 2, 2]),
 (999, [782, 120, 1, 1, 1, 1742, 1271, 0, 1, 3, 1, 1, 1, 2, 0]),
 (999, [778, 102, 0, 0, 1, 862, 1468, 0, 1, 1, 5, 0, 0, 2, 1]),
 (999, [723, 41, 1, 1, 1, 975, 800, 1, 1, 3, 2, 0, 2, 1, 2]),
 (999, [563, 79, 0, 1, 0, 1300, 1829, 1, 1, 2, 5, 1, 2, 0, 0]),
 (17, [779, 16, 1, 0, 0, 1767, 1272, 1, 1, 2, 4, 1, 0, 0, 2]),
 (16, [1948, 14, 1, 0, 1, 924, 1229, 0, 0, 0, 2, 0, 0, 2, 1]),
 (16, [1871, 65, 1, 0, 1, 1398, 888, 0, 1, 1, 3, 0, 2, 2, 1]),
 (16, [1361, 67, 1, 0, 1, 687, 543, 1, 1, 2, 0, 0, 2, 1, 1]),
 (16, [1354, 115, 0, 1, 0, 972, 735, 0, 1, 0, 3, 0, 2, 2, 0]),
 (16, [1196, 93, 1, 1, 1, 673, 1884, 1, 1, 0, 0, 0, 0, 2, 0]),
 (16, [1035, 23, 0, 0, 1, 1817, 1823, 0, 0, 2, 0, 0, 0, 2, 0]),
 (16, [789, 80, 0, 1, 0, 1612, 651, 1, 1, 1, 2, 0, 2, 2, 1]),
 (16, [736, 14, 1, 0, 1, 713, 609, 1, 0, 2, 0, 0, 2, 2, 2]),
 (16, [605, 18, 1, 1, 1, 915, 899, 0, 1, 2, 0, 1, 1, 1, 1]),
 (12, [1831, 45, 0, 1, 1, 554, 2035, 1, 0, 2, 1, 0, 1, 1, 0]),
 (12, [1416, 60, 1, 0, 1, 818, 1225, 0, 0, 1, 0, 1, 0, 0, 1]),
 (12, [1169, 46, 0, 1, 1, 1621, 963, 1, 0, 2, 3, 0, 0, 1, 1]),
 (12, [1014, 97, 0, 0, 0, 1758, 853, 1, 1, 1, 0, 0, 1, 1, 0]),
 (12, [920, 109, 0, 0, 1, 1104, 1192, 1, 1, 1, 0, 1, 0, 1, 2]),
 (12, [888, 29, 0, 1, 1, 975, 909, 1, 1, 2, 2, 1, 1, 1, 0])]
scored
[(12, [888, 29, 0, 1, 1, 975, 909, 1, 1, 2, 2, 1, 1, 1, 0]),
 (12, [920, 109, 0, 0, 1, 1104, 1192, 1, 1, 1, 0, 1, 0, 1, 2]),
 (12, [1014, 97, 0, 0, 0, 1758, 853, 1, 1, 1, 0, 0, 1, 1, 0]),
 (12, [1169, 46, 0, 1, 1, 1621, 963, 1, 0, 2, 3, 0, 0, 1, 1]),
 (12, [1416, 60, 1, 0, 1, 818, 1225, 0, 0, 1, 0, 1, 0, 0, 1]),
 (12, [1831, 45, 0, 1, 1, 554, 2035, 1, 0, 2, 1, 0, 1, 1, 0]),
 (16, [605, 18, 1, 1, 1, 915, 899, 0, 1, 2, 0, 1, 1, 1, 1]),
 (16, [736, 14, 1, 0, 1, 713, 609, 1, 0, 2, 0, 0, 2, 2, 2]),
 (16, [789, 80, 0, 1, 0, 1612, 651, 1, 1, 1, 2, 0, 2, 2, 1]),
 (16, [1035, 23, 0, 0, 1, 1817, 1823, 0, 0, 2, 0, 0, 0, 2, 0]),
 (16, [1196, 93, 1, 1, 1, 673, 1884, 1, 1, 0, 0, 0, 0, 2, 0]),
 (16, [1354, 115, 0, 1, 0, 972, 735, 0, 1, 0, 3, 0, 2, 2, 0]),
 (16, [1361, 67, 1, 0, 1, 687, 543, 1, 1, 2, 0, 0, 2, 1, 1]),
 (16, [1871, 65, 1, 0, 1, 1398, 888, 0, 1, 1, 3, 0, 2, 2, 1]),
 (16, [1948, 14, 1, 0, 1, 924, 1229, 0, 0, 0, 2, 0, 0, 2, 1]),
 (17, [779, 16, 1, 0, 0, 1767, 1272, 1, 1, 2, 4, 1, 0, 0, 2]),
 (999, [563, 79, 0, 1, 0, 1300, 1829, 1, 1, 2, 5, 1, 2, 0, 0]),
 (999, [723, 41, 1, 1, 1, 975, 800, 1, 1, 3, 2, 0, 2, 1, 2]),
 (999, [778, 102, 0, 0, 1, 862, 1468, 0, 1, 1, 5, 0, 0, 2, 1]),
 (999, [782, 120, 1, 1, 1, 1742, 1271, 0, 1, 3, 1, 1, 1, 2, 0]),
 (999, [819, 13, 1, 1, 1, 794, 1309, 1, 1, 0, 5, 1, 0, 2, 2]),
 (999, [1100, 24, 0, 0, 1, 1676, 1369, 0, 0, 2, 5, 1, 1, 2, 2]),
 (999, [1106, 78, 0, 1, 0, 915, 774, 1, 1, 3, 0, 1, 0, 0, 2]),
 (999, [1194, 45, 1, 0, 0, 1374, 1030, 1, 0, 0, 5, 1, 0, 2, 2]),
 (999, [1256, 44, 0, 0, 1, 1831, 1673, 0, 1, 3, 1, 1, 2, 0, 0]),
 (999, [1303, 95, 0, 0, 1, 1777, 1710, 0, 0, 1, 5, 0, 2, 2, 0]),
 (999, [1400, 33, 0, 0, 0, 1488, 840, 1, 0, 3, 2, 0, 0, 0, 2]),
 (999, [1507, 95, 1, 0, 1, 1891, 1385, 0, 1, 3, 1, 0, 1, 2, 1]),
 (999, [1603, 118, 0, 0, 0, 2035, 1111, 0, 1, 1, 5, 1, 2, 0, 1]),
 (999, [1832, 25, 1, 0, 0, 1052, 1629, 1, 1, 1, 5, 0, 1, 1, 0]),
 (999, [1946, 72, 0, 1, 1, 616, 691, 0, 0, 1, 5, 1, 0, 0, 1]),
 (999, [2019, 59, 0, 0, 0, 743, 1742, 1, 0, 3, 5, 0, 2, 1, 0])]
Selected
[(999, [563, 79, 0, 1, 0, 1300, 1829, 1, 1, 2, 5, 1, 2, 0, 0]),
 (12, [1014, 97, 0, 0, 0, 1758, 853, 1, 1, 1, 0, 0, 1, 1, 0]),
 (12, [1014, 97, 0, 0, 0, 1758, 853, 1, 1, 1, 0, 0, 1, 1, 0]),
 (12, [1169, 46, 0, 1, 1, 1621, 963, 1, 0, 2, 3, 0, 0, 1, 1]),
 (12, [1014, 97, 0, 0, 0, 1758, 853, 1, 1, 1, 0, 0, 1, 1, 0]),
 (16, [1354, 115, 0, 1, 0, 972, 735, 0, 1, 0, 3, 0, 2, 2, 0]),
 (16, [605, 18, 1, 1, 1, 915, 899, 0, 1, 2, 0, 1, 1, 1, 1]),
 (12, [1014, 97, 0, 0, 0, 1758, 853, 1, 1, 1, 0, 0, 1, 1, 0]),
 (12, [1169, 46, 0, 1, 1, 1621, 963, 1, 0, 2, 3, 0, 0, 1, 1]),
 (16, [605, 18, 1, 1, 1, 915, 899, 0, 1, 2, 0, 1, 1, 1, 1]),
 (16, [1871, 65, 1, 0, 1, 1398, 888, 0, 1, 1, 3, 0, 2, 2, 1]),
 (12, [1416, 60, 1, 0, 1, 818, 1225, 0, 0, 1, 0, 1, 0, 0, 1]),
 (12, [888, 29, 0, 1, 1, 975, 909, 1, 1, 2, 2, 1, 1, 1, 0]),
 (12, [888, 29, 0, 1, 1, 975, 909, 1, 1, 2, 2, 1, 1, 1, 0]),
 (12, [1416, 60, 1, 0, 1, 818, 1225, 0, 0, 1, 0, 1, 0, 0, 1]),
 (16, [789, 80, 0, 1, 0, 1612, 651, 1, 1, 1, 2, 0, 2, 2, 1]),
 (12, [888, 29, 0, 1, 1, 975, 909, 1, 1, 2, 2, 1, 1, 1, 0]),
 (12, [1831, 45, 0, 1, 1, 554, 2035, 1, 0, 2, 1, 0, 1, 1, 0]),
 (16, [1196, 93, 1, 1, 1, 673, 1884, 1, 1, 0, 0, 0, 0, 2, 0]),
 (12, [1831, 45, 0, 1, 1, 554, 2035, 1, 0, 2, 1, 0, 1, 1, 0]),
 (12, [1169, 46, 0, 1, 1, 1621, 963, 1, 0, 2, 3, 0, 0, 1, 1]),
 (16, [789, 80, 0, 1, 0, 1612, 651, 1, 1, 1, 2, 0, 2, 2, 1]),
 (12, [888, 29, 0, 1, 1, 975, 909, 1, 1, 2, 2, 1, 1, 1, 0]),
 (16, [736, 14, 1, 0, 1, 713, 609, 1, 0, 2, 0, 0, 2, 2, 2]),
 (16, [736, 14, 1, 0, 1, 713, 609, 1, 0, 2, 0, 0, 2, 2, 2]),
 (12, [888, 29, 0, 1, 1, 975, 909, 1, 1, 2, 2, 1, 1, 1, 0]),
 (16, [1361, 67, 1, 0, 1, 687, 543, 1, 1, 2, 0, 0, 2, 1, 1])]
population
[(999, [2019, 59, 0, 0, 0, 743, 1742, 1, 0, 3, 5, 0, 2, 1, 0]),
 (999, [1946, 72, 0, 1, 1, 616, 691, 0, 0, 1, 5, 1, 0, 0, 1]),
 (999, [1832, 25, 1, 0, 0, 1052, 1629, 1, 1, 1, 5, 0, 1, 1, 0]),
 (999, [1603, 118, 0, 0, 0, 2035, 1111, 0, 1, 1, 5, 1, 2, 0, 1]),
 (999, [1507, 95, 1, 0, 1, 1891, 1385, 0, 1, 3, 1, 0, 1, 2, 1]),
 (999, [1400, 33, 0, 0, 0, 1488, 840, 1, 0, 3, 2, 0, 0, 0, 2]),
 (999, [1303, 95, 0, 0, 1, 1777, 1710, 0, 0, 1, 5, 0, 2, 2, 0]),
 (999, [1256, 44, 0, 0, 1, 1831, 1673, 0, 1, 3, 1, 1, 2, 0, 0]),
 (999, [1194, 45, 1, 0, 0, 1374, 1030, 1, 0, 0, 5, 1, 0, 2, 2]),
 (999, [1106, 78, 0, 1, 0, 915, 774, 1, 1, 3, 0, 1, 0, 0, 2]),
 (999, [1100, 24, 0, 0, 1, 1676, 1369, 0, 0, 2, 5, 1, 1, 2, 2]),
 (999, [819, 13, 1, 1, 1, 794, 1309, 1, 1, 0, 5, 1, 0, 2, 2]),
 (999, [782, 120, 1, 1, 1, 1742, 1271, 0, 1, 3, 1, 1, 1, 2, 0]),
 (999, [778, 102, 0, 0, 1, 862, 1468, 0, 1, 1, 5, 0, 0, 2, 1]),
 (999, [723, 41, 1, 1, 1, 975, 800, 1, 1, 3, 2, 0, 2, 1, 2]),
 (999, [563, 79, 0, 1, 0, 1300, 1829, 1, 1, 2, 5, 1, 2, 0, 0]),
 (17, [779, 16, 1, 0, 0, 1767, 1272, 1, 1, 2, 4, 1, 0, 0, 2]),
 (16, [1948, 14, 1, 0, 1, 924, 1229, 0, 0, 0, 2, 0, 0, 2, 1]),
 (16, [1871, 65, 1, 0, 1, 1398, 888, 0, 1, 1, 3, 0, 2, 2, 1]),
 (16, [1361, 67, 1, 0, 1, 687, 543, 1, 1, 2, 0, 0, 2, 1, 1]),
 (16, [1354, 115, 0, 1, 0, 972, 735, 0, 1, 0, 3, 0, 2, 2, 0]),
 (16, [1196, 93, 1, 1, 1, 673, 1884, 1, 1, 0, 0, 0, 0, 2, 0]),
 (16, [1035, 23, 0, 0, 1, 1817, 1823, 0, 0, 2, 0, 0, 0, 2, 0]),
 (16, [789, 80, 0, 1, 0, 1612, 651, 1, 1, 1, 2, 0, 2, 2, 1]),
 (16, [736, 14, 1, 0, 1, 713, 609, 1, 0, 2, 0, 0, 2, 2, 2]),
 (16, [605, 18, 1, 1, 1, 915, 899, 0, 1, 2, 0, 1, 1, 1, 1]),
 (12, [1831, 45, 0, 1, 1, 554, 2035, 1, 0, 2, 1, 0, 1, 1, 0]),
 (12, [1416, 60, 1, 0, 1, 818, 1225, 0, 0, 1, 0, 1, 0, 0, 1]),
 (12, [1169, 46, 0, 1, 1, 1621, 963, 1, 0, 2, 3, 0, 0, 1, 1]),
 (12, [1014, 97, 0, 0, 0, 1758, 853, 1, 1, 1, 0, 0, 1, 1, 0]),
 (12, [920, 109, 0, 0, 1, 1104, 1192, 1, 1, 1, 0, 1, 0, 1, 2]),
 (12, [888, 29, 0, 1, 1, 975, 909, 1, 1, 2, 2, 1, 1, 1, 0])]
scored
[(12, [888, 29, 0, 1, 1, 975, 909, 1, 1, 2, 2, 1, 1, 1, 0]),
 (12, [920, 109, 0, 0, 1, 1104, 1192, 1, 1, 1, 0, 1, 0, 1, 2]),
 (12, [1014, 97, 0, 0, 0, 1758, 853, 1, 1, 1, 0, 0, 1, 1, 0]),
 (12, [1169, 46, 0, 1, 1, 1621, 963, 1, 0, 2, 3, 0, 0, 1, 1]),
 (12, [1416, 60, 1, 0, 1, 818, 1225, 0, 0, 1, 0, 1, 0, 0, 1]),
 (12, [1831, 45, 0, 1, 1, 554, 2035, 1, 0, 2, 1, 0, 1, 1, 0]),
 (16, [605, 18, 1, 1, 1, 915, 899, 0, 1, 2, 0, 1, 1, 1, 1]),
 (16, [736, 14, 1, 0, 1, 713, 609, 1, 0, 2, 0, 0, 2, 2, 2]),
 (16, [789, 80, 0, 1, 0, 1612, 651, 1, 1, 1, 2, 0, 2, 2, 1]),
 (16, [1035, 23, 0, 0, 1, 1817, 1823, 0, 0, 2, 0, 0, 0, 2, 0]),
 (16, [1196, 93, 1, 1, 1, 673, 1884, 1, 1, 0, 0, 0, 0, 2, 0]),
 (16, [1354, 115, 0, 1, 0, 972, 735, 0, 1, 0, 3, 0, 2, 2, 0]),
 (16, [1361, 67, 1, 0, 1, 687, 543, 1, 1, 2, 0, 0, 2, 1, 1]),
 (16, [1871, 65, 1, 0, 1, 1398, 888, 0, 1, 1, 3, 0, 2, 2, 1]),
 (16, [1948, 14, 1, 0, 1, 924, 1229, 0, 0, 0, 2, 0, 0, 2, 1]),
 (17, [779, 16, 1, 0, 0, 1767, 1272, 1, 1, 2, 4, 1, 0, 0, 2]),
 (999, [563, 79, 0, 1, 0, 1300, 1829, 1, 1, 2, 5, 1, 2, 0, 0]),
 (999, [723, 41, 1, 1, 1, 975, 800, 1, 1, 3, 2, 0, 2, 1, 2]),
 (999, [778, 102, 0, 0, 1, 862, 1468, 0, 1, 1, 5, 0, 0, 2, 1]),
 (999, [782, 120, 1, 1, 1, 1742, 1271, 0, 1, 3, 1, 1, 1, 2, 0]),
 (999, [819, 13, 1, 1, 1, 794, 1309, 1, 1, 0, 5, 1, 0, 2, 2]),
 (999, [1100, 24, 0, 0, 1, 1676, 1369, 0, 0, 2, 5, 1, 1, 2, 2]),
 (999, [1106, 78, 0, 1, 0, 915, 774, 1, 1, 3, 0, 1, 0, 0, 2]),
 (999, [1194, 45, 1, 0, 0, 1374, 1030, 1, 0, 0, 5, 1, 0, 2, 2]),
 (999, [1256, 44, 0, 0, 1, 1831, 1673, 0, 1, 3, 1, 1, 2, 0, 0]),
 (999, [1303, 95, 0, 0, 1, 1777, 1710, 0, 0, 1, 5, 0, 2, 2, 0]),
 (999, [1400, 33, 0, 0, 0, 1488, 840, 1, 0, 3, 2, 0, 0, 0, 2]),
 (999, [1507, 95, 1, 0, 1, 1891, 1385, 0, 1, 3, 1, 0, 1, 2, 1]),
 (999, [1603, 118, 0, 0, 0, 2035, 1111, 0, 1, 1, 5, 1, 2, 0, 1]),
 (999, [1832, 25, 1, 0, 0, 1052, 1629, 1, 1, 1, 5, 0, 1, 1, 0]),
 (999, [1946, 72, 0, 1, 1, 616, 691, 0, 0, 1, 5, 1, 0, 0, 1]),
 (999, [2019, 59, 0, 0, 0, 743, 1742, 1, 0, 3, 5, 0, 2, 1, 0])]
Selected
[(16, [605, 18, 1, 1, 1, 915, 899, 0, 1, 2, 0, 1, 1, 1, 1]),
 (12, [1014, 97, 0, 0, 0, 1758, 853, 1, 1, 1, 0, 0, 1, 1, 0]),
 (12, [888, 29, 0, 1, 1, 975, 909, 1, 1, 2, 2, 1, 1, 1, 0]),
 (12, [1416, 60, 1, 0, 1, 818, 1225, 0, 0, 1, 0, 1, 0, 0, 1]),
 (16, [736, 14, 1, 0, 1, 713, 609, 1, 0, 2, 0, 0, 2, 2, 2]),
 (16, [789, 80, 0, 1, 0, 1612, 651, 1, 1, 1, 2, 0, 2, 2, 1]),
 (12, [1169, 46, 0, 1, 1, 1621, 963, 1, 0, 2, 3, 0, 0, 1, 1]),
 (12, [888, 29, 0, 1, 1, 975, 909, 1, 1, 2, 2, 1, 1, 1, 0]),
 (12, [1416, 60, 1, 0, 1, 818, 1225, 0, 0, 1, 0, 1, 0, 0, 1]),
 (12, [920, 109, 0, 0, 1, 1104, 1192, 1, 1, 1, 0, 1, 0, 1, 2]),
 (12, [888, 29, 0, 1, 1, 975, 909, 1, 1, 2, 2, 1, 1, 1, 0]),
 (12, [1169, 46, 0, 1, 1, 1621, 963, 1, 0, 2, 3, 0, 0, 1, 1]),
 (12, [888, 29, 0, 1, 1, 975, 909, 1, 1, 2, 2, 1, 1, 1, 0]),
 (16, [1871, 65, 1, 0, 1, 1398, 888, 0, 1, 1, 3, 0, 2, 2, 1]),
 (12, [888, 29, 0, 1, 1, 975, 909, 1, 1, 2, 2, 1, 1, 1, 0]),
 (12, [1014, 97, 0, 0, 0, 1758, 853, 1, 1, 1, 0, 0, 1, 1, 0]),
 (12, [920, 109, 0, 0, 1, 1104, 1192, 1, 1, 1, 0, 1, 0, 1, 2]),
 (16, [1871, 65, 1, 0, 1, 1398, 888, 0, 1, 1, 3, 0, 2, 2, 1]),
 (12, [888, 29, 0, 1, 1, 975, 909, 1, 1, 2, 2, 1, 1, 1, 0]),
 (12, [1014, 97, 0, 0, 0, 1758, 853, 1, 1, 1, 0, 0, 1, 1, 0]),
 (12, [1169, 46, 0, 1, 1, 1621, 963, 1, 0, 2, 3, 0, 0, 1, 1]),
 (12, [920, 109, 0, 0, 1, 1104, 1192, 1, 1, 1, 0, 1, 0, 1, 2]),
 (12, [888, 29, 0, 1, 1, 975, 909, 1, 1, 2, 2, 1, 1, 1, 0]),
 (16, [605, 18, 1, 1, 1, 915, 899, 0, 1, 2, 0, 1, 1, 1, 1]),
 (12, [888, 29, 0, 1, 1, 975, 909, 1, 1, 2, 2, 1, 1, 1, 0]),
 (12, [888, 29, 0, 1, 1, 975, 909, 1, 1, 2, 2, 1, 1, 1, 0]),
 (16, [736, 14, 1, 0, 1, 713, 609, 1, 0, 2, 0, 0, 2, 2, 2])]
population
[(999, [2019, 59, 0, 0, 0, 743, 1742, 1, 0, 3, 5, 0, 2, 1, 0]),
 (999, [1946, 72, 0, 1, 1, 616, 691, 0, 0, 1, 5, 1, 0, 0, 1]),
 (999, [1832, 25, 1, 0, 0, 1052, 1629, 1, 1, 1, 5, 0, 1, 1, 0]),
 (999, [1603, 118, 0, 0, 0, 2035, 1111, 0, 1, 1, 5, 1, 2, 0, 1]),
 (999, [1507, 95, 1, 0, 1, 1891, 1385, 0, 1, 3, 1, 0, 1, 2, 1]),
 (999, [1400, 33, 0, 0, 0, 1488, 840, 1, 0, 3, 2, 0, 0, 0, 2]),
 (999, [1303, 95, 0, 0, 1, 1777, 1710, 0, 0, 1, 5, 0, 2, 2, 0]),
 (999, [1256, 44, 0, 0, 1, 1831, 1673, 0, 1, 3, 1, 1, 2, 0, 0]),
 (999, [1194, 45, 1, 0, 0, 1374, 1030, 1, 0, 0, 5, 1, 0, 2, 2]),
 (999, [1106, 78, 0, 1, 0, 915, 774, 1, 1, 3, 0, 1, 0, 0, 2]),
 (999, [1100, 24, 0, 0, 1, 1676, 1369, 0, 0, 2, 5, 1, 1, 2, 2]),
 (999, [819, 13, 1, 1, 1, 794, 1309, 1, 1, 0, 5, 1, 0, 2, 2]),
 (999, [782, 120, 1, 1, 1, 1742, 1271, 0, 1, 3, 1, 1, 1, 2, 0]),
 (999, [778, 102, 0, 0, 1, 862, 1468, 0, 1, 1, 5, 0, 0, 2, 1]),
 (999, [723, 41, 1, 1, 1, 975, 800, 1, 1, 3, 2, 0, 2, 1, 2]),
 (999, [563, 79, 0, 1, 0, 1300, 1829, 1, 1, 2, 5, 1, 2, 0, 0]),
 (17, [779, 16, 1, 0, 0, 1767, 1272, 1, 1, 2, 4, 1, 0, 0, 2]),
 (16, [1948, 14, 1, 0, 1, 924, 1229, 0, 0, 0, 2, 0, 0, 2, 1]),
 (16, [1871, 65, 1, 0, 1, 1398, 888, 0, 1, 1, 3, 0, 2, 2, 1]),
 (16, [1361, 67, 1, 0, 1, 687, 543, 1, 1, 2, 0, 0, 2, 1, 1]),
 (16, [1354, 115, 0, 1, 0, 972, 735, 0, 1, 0, 3, 0, 2, 2, 0]),
 (16, [1196, 93, 1, 1, 1, 673, 1884, 1, 1, 0, 0, 0, 0, 2, 0]),
 (16, [1035, 23, 0, 0, 1, 1817, 1823, 0, 0, 2, 0, 0, 0, 2, 0]),
 (16, [789, 80, 0, 1, 0, 1612, 651, 1, 1, 1, 2, 0, 2, 2, 1]),
 (16, [736, 14, 1, 0, 1, 713, 609, 1, 0, 2, 0, 0, 2, 2, 2]),
 (16, [605, 18, 1, 1, 1, 915, 899, 0, 1, 2, 0, 1, 1, 1, 1]),
 (12, [1831, 45, 0, 1, 1, 554, 2035, 1, 0, 2, 1, 0, 1, 1, 0]),
 (12, [1416, 60, 1, 0, 1, 818, 1225, 0, 0, 1, 0, 1, 0, 0, 1]),
 (12, [1169, 46, 0, 1, 1, 1621, 963, 1, 0, 2, 3, 0, 0, 1, 1]),
 (12, [1014, 97, 0, 0, 0, 1758, 853, 1, 1, 1, 0, 0, 1, 1, 0]),
 (12, [920, 109, 0, 0, 1, 1104, 1192, 1, 1, 1, 0, 1, 0, 1, 2]),
 (12, [888, 29, 0, 1, 1, 975, 909, 1, 1, 2, 2, 1, 1, 1, 0])]
scored
[(12, [888, 29, 0, 1, 1, 975, 909, 1, 1, 2, 2, 1, 1, 1, 0]),
 (12, [920, 109, 0, 0, 1, 1104, 1192, 1, 1, 1, 0, 1, 0, 1, 2]),
 (12, [1014, 97, 0, 0, 0, 1758, 853, 1, 1, 1, 0, 0, 1, 1, 0]),
 (12, [1169, 46, 0, 1, 1, 1621, 963, 1, 0, 2, 3, 0, 0, 1, 1]),
 (12, [1416, 60, 1, 0, 1, 818, 1225, 0, 0, 1, 0, 1, 0, 0, 1]),
 (12, [1831, 45, 0, 1, 1, 554, 2035, 1, 0, 2, 1, 0, 1, 1, 0]),
 (16, [605, 18, 1, 1, 1, 915, 899, 0, 1, 2, 0, 1, 1, 1, 1]),
 (16, [736, 14, 1, 0, 1, 713, 609, 1, 0, 2, 0, 0, 2, 2, 2]),
 (16, [789, 80, 0, 1, 0, 1612, 651, 1, 1, 1, 2, 0, 2, 2, 1]),
 (16, [1035, 23, 0, 0, 1, 1817, 1823, 0, 0, 2, 0, 0, 0, 2, 0]),
 (16, [1196, 93, 1, 1, 1, 673, 1884, 1, 1, 0, 0, 0, 0, 2, 0]),
 (16, [1354, 115, 0, 1, 0, 972, 735, 0, 1, 0, 3, 0, 2, 2, 0]),
 (16, [1361, 67, 1, 0, 1, 687, 543, 1, 1, 2, 0, 0, 2, 1, 1]),
 (16, [1871, 65, 1, 0, 1, 1398, 888, 0, 1, 1, 3, 0, 2, 2, 1]),
 (16, [1948, 14, 1, 0, 1, 924, 1229, 0, 0, 0, 2, 0, 0, 2, 1]),
 (17, [779, 16, 1, 0, 0, 1767, 1272, 1, 1, 2, 4, 1, 0, 0, 2]),
 (999, [563, 79, 0, 1, 0, 1300, 1829, 1, 1, 2, 5, 1, 2, 0, 0]),
 (999, [723, 41, 1, 1, 1, 975, 800, 1, 1, 3, 2, 0, 2, 1, 2]),
 (999, [778, 102, 0, 0, 1, 862, 1468, 0, 1, 1, 5, 0, 0, 2, 1]),
 (999, [782, 120, 1, 1, 1, 1742, 1271, 0, 1, 3, 1, 1, 1, 2, 0]),
 (999, [819, 13, 1, 1, 1, 794, 1309, 1, 1, 0, 5, 1, 0, 2, 2]),
 (999, [1100, 24, 0, 0, 1, 1676, 1369, 0, 0, 2, 5, 1, 1, 2, 2]),
 (999, [1106, 78, 0, 1, 0, 915, 774, 1, 1, 3, 0, 1, 0, 0, 2]),
 (999, [1194, 45, 1, 0, 0, 1374, 1030, 1, 0, 0, 5, 1, 0, 2, 2]),
 (999, [1256, 44, 0, 0, 1, 1831, 1673, 0, 1, 3, 1, 1, 2, 0, 0]),
 (999, [1303, 95, 0, 0, 1, 1777, 1710, 0, 0, 1, 5, 0, 2, 2, 0]),
 (999, [1400, 33, 0, 0, 0, 1488, 840, 1, 0, 3, 2, 0, 0, 0, 2]),
 (999, [1507, 95, 1, 0, 1, 1891, 1385, 0, 1, 3, 1, 0, 1, 2, 1]),
 (999, [1603, 118, 0, 0, 0, 2035, 1111, 0, 1, 1, 5, 1, 2, 0, 1]),
 (999, [1832, 25, 1, 0, 0, 1052, 1629, 1, 1, 1, 5, 0, 1, 1, 0]),
 (999, [1946, 72, 0, 1, 1, 616, 691, 0, 0, 1, 5, 1, 0, 0, 1]),
 (999, [2019, 59, 0, 0, 0, 743, 1742, 1, 0, 3, 5, 0, 2, 1, 0])]
Selected
[(16, [1871, 65, 1, 0, 1, 1398, 888, 0, 1, 1, 3, 0, 2, 2, 1]),
 (16, [1035, 23, 0, 0, 1, 1817, 1823, 0, 0, 2, 0, 0, 0, 2, 0]),
 (12, [1416, 60, 1, 0, 1, 818, 1225, 0, 0, 1, 0, 1, 0, 0, 1]),
 (16, [1354, 115, 0, 1, 0, 972, 735, 0, 1, 0, 3, 0, 2, 2, 0]),
 (12, [888, 29, 0, 1, 1, 975, 909, 1, 1, 2, 2, 1, 1, 1, 0]),
 (12, [1014, 97, 0, 0, 0, 1758, 853, 1, 1, 1, 0, 0, 1, 1, 0]),
 (12, [1169, 46, 0, 1, 1, 1621, 963, 1, 0, 2, 3, 0, 0, 1, 1]),
 (16, [1871, 65, 1, 0, 1, 1398, 888, 0, 1, 1, 3, 0, 2, 2, 1]),
 (999, [563, 79, 0, 1, 0, 1300, 1829, 1, 1, 2, 5, 1, 2, 0, 0]),
 (12, [888, 29, 0, 1, 1, 975, 909, 1, 1, 2, 2, 1, 1, 1, 0]),
 (12, [888, 29, 0, 1, 1, 975, 909, 1, 1, 2, 2, 1, 1, 1, 0]),
 (12, [1014, 97, 0, 0, 0, 1758, 853, 1, 1, 1, 0, 0, 1, 1, 0]),
 (12, [1169, 46, 0, 1, 1, 1621, 963, 1, 0, 2, 3, 0, 0, 1, 1]),
 (12, [888, 29, 0, 1, 1, 975, 909, 1, 1, 2, 2, 1, 1, 1, 0]),
 (12, [1014, 97, 0, 0, 0, 1758, 853, 1, 1, 1, 0, 0, 1, 1, 0]),
 (12, [920, 109, 0, 0, 1, 1104, 1192, 1, 1, 1, 0, 1, 0, 1, 2]),
 (12, [1169, 46, 0, 1, 1, 1621, 963, 1, 0, 2, 3, 0, 0, 1, 1]),
 (16, [789, 80, 0, 1, 0, 1612, 651, 1, 1, 1, 2, 0, 2, 2, 1]),
 (12, [1831, 45, 0, 1, 1, 554, 2035, 1, 0, 2, 1, 0, 1, 1, 0]),
 (12, [1014, 97, 0, 0, 0, 1758, 853, 1, 1, 1, 0, 0, 1, 1, 0]),
 (12, [920, 109, 0, 0, 1, 1104, 1192, 1, 1, 1, 0, 1, 0, 1, 2]),
 (12, [920, 109, 0, 0, 1, 1104, 1192, 1, 1, 1, 0, 1, 0, 1, 2]),
 (12, [1169, 46, 0, 1, 1, 1621, 963, 1, 0, 2, 3, 0, 0, 1, 1]),
 (12, [1014, 97, 0, 0, 0, 1758, 853, 1, 1, 1, 0, 0, 1, 1, 0]),
 (12, [1831, 45, 0, 1, 1, 554, 2035, 1, 0, 2, 1, 0, 1, 1, 0]),
 (12, [920, 109, 0, 0, 1, 1104, 1192, 1, 1, 1, 0, 1, 0, 1, 2]),
 (12, [888, 29, 0, 1, 1, 975, 909, 1, 1, 2, 2, 1, 1, 1, 0])]

Poblacin de 32 individuos durante 15 generaciones
Poblacin inicial:
[(999, [2019, 59, 0, 0, 0, 743, 1742, 1, 0, 3, 5, 0, 2, 1, 0]),
 (999, [1946, 72, 0, 1, 1, 616, 691, 0, 0, 1, 5, 1, 0, 0, 1]),
 (999, [1832, 25, 1, 0, 0, 1052, 1629, 1, 1, 1, 5, 0, 1, 1, 0]),
 (999, [1603, 118, 0, 0, 0, 2035, 1111, 0, 1, 1, 5, 1, 2, 0, 1]),
 (999, [1507, 95, 1, 0, 1, 1891, 1385, 0, 1, 3, 1, 0, 1, 2, 1]),
 (999, [1400, 33, 0, 0, 0, 1488, 840, 1, 0, 3, 2, 0, 0, 0, 2]),
 (999, [1303, 95, 0, 0, 1, 1777, 1710, 0, 0, 1, 5, 0, 2, 2, 0]),
 (999, [1256, 44, 0, 0, 1, 1831, 1673, 0, 1, 3, 1, 1, 2, 0, 0]),
 (999, [1194, 45, 1, 0, 0, 1374, 1030, 1, 0, 0, 5, 1, 0, 2, 2]),
 (999, [1106, 78, 0, 1, 0, 915, 774, 1, 1, 3, 0, 1, 0, 0, 2]),
 (999, [1100, 24, 0, 0, 1, 1676, 1369, 0, 0, 2, 5, 1, 1, 2, 2]),
 (999, [819, 13, 1, 1, 1, 794, 1309, 1, 1, 0, 5, 1, 0, 2, 2]),
 (999, [782, 120, 1, 1, 1, 1742, 1271, 0, 1, 3, 1, 1, 1, 2, 0]),
 (999, [778, 102, 0, 0, 1, 862, 1468, 0, 1, 1, 5, 0, 0, 2, 1]),
 (999, [723, 41, 1, 1, 1, 975, 800, 1, 1, 3, 2, 0, 2, 1, 2]),
 (999, [563, 79, 0, 1, 0, 1300, 1829, 1, 1, 2, 5, 1, 2, 0, 0]),
 (17, [779, 16, 1, 0, 0, 1767, 1272, 1, 1, 2, 4, 1, 0, 0, 2]),
 (16, [1948, 14, 1, 0, 1, 924, 1229, 0, 0, 0, 2, 0, 0, 2, 1]),
 (16, [1871, 65, 1, 0, 1, 1398, 888, 0, 1, 1, 3, 0, 2, 2, 1]),
 (16, [1361, 67, 1, 0, 1, 687, 543, 1, 1, 2, 0, 0, 2, 1, 1]),
 (16, [1354, 115, 0, 1, 0, 972, 735, 0, 1, 0, 3, 0, 2, 2, 0]),
 (16, [1196, 93, 1, 1, 1, 673, 1884, 1, 1, 0, 0, 0, 0, 2, 0]),
 (16, [1035, 23, 0, 0, 1, 1817, 1823, 0, 0, 2, 0, 0, 0, 2, 0]),
 (16, [789, 80, 0, 1, 0, 1612, 651, 1, 1, 1, 2, 0, 2, 2, 1]),
 (16, [736, 14, 1, 0, 1, 713, 609, 1, 0, 2, 0, 0, 2, 2, 2]),
 (16, [605, 18, 1, 1, 1, 915, 899, 0, 1, 2, 0, 1, 1, 1, 1]),
 (12, [1831, 45, 0, 1, 1, 554, 2035, 1, 0, 2, 1, 0, 1, 1, 0]),
 (12, [1416, 60, 1, 0, 1, 818, 1225, 0, 0, 1, 0, 1, 0, 0, 1]),
 (12, [1169, 46, 0, 1, 1, 1621, 963, 1, 0, 2, 3, 0, 0, 1, 1]),
 (12, [1014, 97, 0, 0, 0, 1758, 853, 1, 1, 1, 0, 0, 1, 1, 0]),
 (12, [920, 109, 0, 0, 1, 1104, 1192, 1, 1, 1, 0, 1, 0, 1, 2]),
 (12, [888, 29, 0, 1, 1, 975, 909, 1, 1, 2, 2, 1, 1, 1, 0])]
Poblacin final:
[(999, [2019, 59, 0, 0, 0, 743, 1742, 1, 0, 3, 5, 0, 2, 1, 0]),
 (999, [1946, 72, 0, 1, 1, 616, 691, 0, 0, 1, 5, 1, 0, 0, 1]),
 (999, [1832, 25, 1, 0, 0, 1052, 1629, 1, 1, 1, 5, 0, 1, 1, 0]),
 (999, [1603, 118, 0, 0, 0, 2035, 1111, 0, 1, 1, 5, 1, 2, 0, 1]),
 (999, [1507, 95, 1, 0, 1, 1891, 1385, 0, 1, 3, 1, 0, 1, 2, 1]),
 (999, [1400, 33, 0, 0, 0, 1488, 840, 1, 0, 3, 2, 0, 0, 0, 2]),
 (999, [1303, 95, 0, 0, 1, 1777, 1710, 0, 0, 1, 5, 0, 2, 2, 0]),
 (999, [1256, 44, 0, 0, 1, 1831, 1673, 0, 1, 3, 1, 1, 2, 0, 0]),
 (999, [1194, 45, 1, 0, 0, 1374, 1030, 1, 0, 0, 5, 1, 0, 2, 2]),
 (999, [1106, 78, 0, 1, 0, 915, 774, 1, 1, 3, 0, 1, 0, 0, 2]),
 (999, [1100, 24, 0, 0, 1, 1676, 1369, 0, 0, 2, 5, 1, 1, 2, 2]),
 (999, [819, 13, 1, 1, 1, 794, 1309, 1, 1, 0, 5, 1, 0, 2, 2]),
 (999, [782, 120, 1, 1, 1, 1742, 1271, 0, 1, 3, 1, 1, 1, 2, 0]),
 (999, [778, 102, 0, 0, 1, 862, 1468, 0, 1, 1, 5, 0, 0, 2, 1]),
 (999, [723, 41, 1, 1, 1, 975, 800, 1, 1, 3, 2, 0, 2, 1, 2]),
 (999, [563, 79, 0, 1, 0, 1300, 1829, 1, 1, 2, 5, 1, 2, 0, 0]),
 (17, [779, 16, 1, 0, 0, 1767, 1272, 1, 1, 2, 4, 1, 0, 0, 2]),
 (16, [1948, 14, 1, 0, 1, 924, 1229, 0, 0, 0, 2, 0, 0, 2, 1]),
 (16, [1871, 65, 1, 0, 1, 1398, 888, 0, 1, 1, 3, 0, 2, 2, 1]),
 (16, [1361, 67, 1, 0, 1, 687, 543, 1, 1, 2, 0, 0, 2, 1, 1]),
 (16, [1354, 115, 0, 1, 0, 972, 735, 0, 1, 0, 3, 0, 2, 2, 0]),
 (16, [1196, 93, 1, 1, 1, 673, 1884, 1, 1, 0, 0, 0, 0, 2, 0]),
 (16, [1035, 23, 0, 0, 1, 1817, 1823, 0, 0, 2, 0, 0, 0, 2, 0]),
 (16, [789, 80, 0, 1, 0, 1612, 651, 1, 1, 1, 2, 0, 2, 2, 1]),
 (16, [736, 14, 1, 0, 1, 713, 609, 1, 0, 2, 0, 0, 2, 2, 2]),
 (16, [605, 18, 1, 1, 1, 915, 899, 0, 1, 2, 0, 1, 1, 1, 1]),
 (12, [1831, 45, 0, 1, 1, 554, 2035, 1, 0, 2, 1, 0, 1, 1, 0]),
 (12, [1416, 60, 1, 0, 1, 818, 1225, 0, 0, 1, 0, 1, 0, 0, 1]),
 (12, [1169, 46, 0, 1, 1, 1621, 963, 1, 0, 2, 3, 0, 0, 1, 1]),
 (12, [1014, 97, 0, 0, 0, 1758, 853, 1, 1, 1, 0, 0, 1, 1, 0]),
 (12, [920, 109, 0, 0, 1, 1104, 1192, 1, 1, 1, 0, 1, 0, 1, 2]),
 (12, [888, 29, 0, 1, 1, 975, 909, 1, 1, 2, 2, 1, 1, 1, 0])]
Elapsed time is 644.154914 seconds.
