 * Manually resetting nginx to stopped state
 * Manually resetting nginx to stopped state
 * Manually resetting nginx to stopped state
 * Manually resetting nginx to stopped state
 * Manually resetting nginx to stopped state
 * Manually resetting nginx to stopped state
 * Manually resetting nginx to stopped state
 * Manually resetting nginx to stopped state
 * Manually resetting nginx to stopped state
 * Manually resetting nginx to stopped state
 * Manually resetting nginx to stopped state
 * Manually resetting nginx to stopped state
 * Manually resetting nginx to stopped state
 * Manually resetting nginx to stopped state
 * Manually resetting nginx to stopped state
 * Manually resetting nginx to stopped state
 * Manually resetting nginx to stopped state
 * Manually resetting nginx to stopped state
 * Manually resetting nginx to stopped state
 * Manually resetting nginx to stopped state
 * Manually resetting nginx to stopped state
 * Manually resetting nginx to stopped state
genes: 15
individuals : 32
pressure: 5
mutation_chance: 0
generations: 15
crossover_type: 1
mutation_type_random: 1
Alerts:
12
Alerts:
12
Alerts:
33
Alerts:
13
Alerts:
33
Alerts:
16
Alerts:
12
Alerts:
16
Alerts:
12
Alerts:
33
Alerts:
23
Alerts:
12
Alerts:
33
Alerts:
12
Alerts:
12
Alerts:
16
Alerts:
12
Alerts:
16
Alerts:
33
Alerts:
33
Alerts:
16
Alerts:
12
population
[(999, [1131, 96, 1, 0, 1, 856, 1155, 0, 1, 3, 1, 0, 2, 2, 1]),
 (12, [905, 17, 1, 0, 1, 2034, 528, 0, 1, 0, 3, 1, 2, 0, 0]),
 (12, [1255, 97, 1, 1, 1, 1300, 2028, 1, 0, 1, 0, 1, 0, 2, 0]),
 (33, [1809, 102, 0, 1, 0, 2048, 1228, 1, 1, 0, 1, 1, 2, 2, 0]),
 (999, [1248, 39, 0, 1, 0, 869, 1126, 1, 1, 3, 0, 0, 0, 2, 0]),
 (13, [1658, 22, 0, 0, 0, 699, 718, 0, 1, 1, 4, 0, 0, 0, 0]),
 (33, [1549, 13, 0, 0, 0, 1041, 1591, 0, 1, 1, 2, 0, 0, 1, 2]),
 (16, [1814, 100, 0, 0, 1, 906, 1063, 1, 1, 0, 1, 1, 2, 1, 2]),
 (12, [1555, 104, 0, 0, 1, 786, 1179, 0, 0, 1, 2, 1, 0, 0, 2]),
 (16, [1426, 65, 1, 0, 1, 1609, 926, 1, 1, 1, 1, 1, 0, 2, 2]),
 (12, [585, 90, 0, 0, 1, 1020, 569, 0, 1, 1, 2, 1, 1, 1, 1]),
 (999, [538, 47, 0, 0, 1, 1196, 803, 1, 1, 3, 4, 1, 1, 1, 2]),
 (999, [1517, 26, 1, 0, 0, 1463, 1093, 1, 1, 2, 5, 0, 0, 0, 2]),
 (33, [1408, 114, 1, 0, 0, 1702, 1272, 0, 0, 1, 3, 1, 2, 2, 0]),
 (999, [1686, 47, 1, 0, 0, 559, 612, 1, 1, 3, 5, 0, 2, 0, 2]),
 (23, [1427, 87, 1, 1, 0, 816, 748, 1, 0, 1, 3, 0, 2, 1, 1]),
 (12, [796, 35, 1, 1, 1, 1556, 961, 0, 1, 1, 4, 1, 2, 0, 2]),
 (33, [657, 100, 1, 0, 0, 1118, 1653, 1, 0, 2, 3, 0, 2, 1, 0]),
 (999, [2035, 38, 0, 0, 0, 1014, 908, 0, 1, 3, 3, 1, 2, 1, 0]),
 (12, [1548, 46, 0, 0, 1, 688, 1237, 0, 1, 2, 3, 1, 1, 0, 1]),
 (999, [762, 25, 1, 0, 1, 1519, 1492, 0, 1, 3, 1, 1, 2, 0, 2]),
 (12, [1531, 67, 1, 1, 0, 866, 586, 1, 1, 1, 4, 1, 2, 0, 1]),
 (16, [1864, 17, 0, 0, 0, 2035, 1682, 1, 0, 2, 4, 0, 1, 0, 0]),
 (999, [1953, 58, 1, 1, 0, 546, 632, 1, 0, 3, 1, 0, 0, 1, 2]),
 (12, [1688, 112, 0, 0, 0, 1734, 694, 0, 0, 0, 0, 1, 2, 0, 0]),
 (16, [1811, 74, 1, 0, 0, 1176, 684, 0, 1, 2, 1, 0, 0, 0, 2]),
 (33, [1721, 79, 1, 0, 0, 940, 575, 1, 1, 0, 0, 1, 0, 1, 0]),
 (33, [1269, 32, 1, 1, 0, 1898, 603, 1, 1, 0, 1, 1, 0, 2, 1]),
 (999, [1588, 86, 1, 1, 1, 1037, 1364, 0, 0, 2, 5, 0, 0, 1, 0]),
 (999, [789, 67, 0, 0, 0, 1393, 872, 0, 1, 2, 5, 1, 0, 0, 0]),
 (16, [911, 76, 1, 0, 1, 1454, 586, 1, 0, 2, 1, 1, 1, 1, 1]),
 (12, [1562, 31, 1, 1, 0, 677, 1183, 0, 0, 1, 4, 0, 0, 2, 1])]
scored
[(12, [585, 90, 0, 0, 1, 1020, 569, 0, 1, 1, 2, 1, 1, 1, 1]),
 (12, [796, 35, 1, 1, 1, 1556, 961, 0, 1, 1, 4, 1, 2, 0, 2]),
 (12, [905, 17, 1, 0, 1, 2034, 528, 0, 1, 0, 3, 1, 2, 0, 0]),
 (12, [1255, 97, 1, 1, 1, 1300, 2028, 1, 0, 1, 0, 1, 0, 2, 0]),
 (12, [1531, 67, 1, 1, 0, 866, 586, 1, 1, 1, 4, 1, 2, 0, 1]),
 (12, [1548, 46, 0, 0, 1, 688, 1237, 0, 1, 2, 3, 1, 1, 0, 1]),
 (12, [1555, 104, 0, 0, 1, 786, 1179, 0, 0, 1, 2, 1, 0, 0, 2]),
 (12, [1562, 31, 1, 1, 0, 677, 1183, 0, 0, 1, 4, 0, 0, 2, 1]),
 (12, [1688, 112, 0, 0, 0, 1734, 694, 0, 0, 0, 0, 1, 2, 0, 0]),
 (13, [1658, 22, 0, 0, 0, 699, 718, 0, 1, 1, 4, 0, 0, 0, 0]),
 (16, [911, 76, 1, 0, 1, 1454, 586, 1, 0, 2, 1, 1, 1, 1, 1]),
 (16, [1426, 65, 1, 0, 1, 1609, 926, 1, 1, 1, 1, 1, 0, 2, 2]),
 (16, [1811, 74, 1, 0, 0, 1176, 684, 0, 1, 2, 1, 0, 0, 0, 2]),
 (16, [1814, 100, 0, 0, 1, 906, 1063, 1, 1, 0, 1, 1, 2, 1, 2]),
 (16, [1864, 17, 0, 0, 0, 2035, 1682, 1, 0, 2, 4, 0, 1, 0, 0]),
 (23, [1427, 87, 1, 1, 0, 816, 748, 1, 0, 1, 3, 0, 2, 1, 1]),
 (33, [657, 100, 1, 0, 0, 1118, 1653, 1, 0, 2, 3, 0, 2, 1, 0]),
 (33, [1269, 32, 1, 1, 0, 1898, 603, 1, 1, 0, 1, 1, 0, 2, 1]),
 (33, [1408, 114, 1, 0, 0, 1702, 1272, 0, 0, 1, 3, 1, 2, 2, 0]),
 (33, [1549, 13, 0, 0, 0, 1041, 1591, 0, 1, 1, 2, 0, 0, 1, 2]),
 (33, [1721, 79, 1, 0, 0, 940, 575, 1, 1, 0, 0, 1, 0, 1, 0]),
 (33, [1809, 102, 0, 1, 0, 2048, 1228, 1, 1, 0, 1, 1, 2, 2, 0]),
 (999, [538, 47, 0, 0, 1, 1196, 803, 1, 1, 3, 4, 1, 1, 1, 2]),
 (999, [762, 25, 1, 0, 1, 1519, 1492, 0, 1, 3, 1, 1, 2, 0, 2]),
 (999, [789, 67, 0, 0, 0, 1393, 872, 0, 1, 2, 5, 1, 0, 0, 0]),
 (999, [1131, 96, 1, 0, 1, 856, 1155, 0, 1, 3, 1, 0, 2, 2, 1]),
 (999, [1248, 39, 0, 1, 0, 869, 1126, 1, 1, 3, 0, 0, 0, 2, 0]),
 (999, [1517, 26, 1, 0, 0, 1463, 1093, 1, 1, 2, 5, 0, 0, 0, 2]),
 (999, [1588, 86, 1, 1, 1, 1037, 1364, 0, 0, 2, 5, 0, 0, 1, 0]),
 (999, [1686, 47, 1, 0, 0, 559, 612, 1, 1, 3, 5, 0, 2, 0, 2]),
 (999, [1953, 58, 1, 1, 0, 546, 632, 1, 0, 3, 1, 0, 0, 1, 2]),
 (999, [2035, 38, 0, 0, 0, 1014, 908, 0, 1, 3, 3, 1, 2, 1, 0])]
Selected
[(12, [1255, 97, 1, 1, 1, 1300, 2028, 1, 0, 1, 0, 1, 0, 2, 0]),
 (12, [585, 90, 0, 0, 1, 1020, 569, 0, 1, 1, 2, 1, 1, 1, 1]),
 (12, [1255, 97, 1, 1, 1, 1300, 2028, 1, 0, 1, 0, 1, 0, 2, 0]),
 (12, [585, 90, 0, 0, 1, 1020, 569, 0, 1, 1, 2, 1, 1, 1, 1]),
 (12, [585, 90, 0, 0, 1, 1020, 569, 0, 1, 1, 2, 1, 1, 1, 1]),
 (12, [1255, 97, 1, 1, 1, 1300, 2028, 1, 0, 1, 0, 1, 0, 2, 0]),
 (12, [585, 90, 0, 0, 1, 1020, 569, 0, 1, 1, 2, 1, 1, 1, 1]),
 (13, [1658, 22, 0, 0, 0, 699, 718, 0, 1, 1, 4, 0, 0, 0, 0]),
 (12, [1531, 67, 1, 1, 0, 866, 586, 1, 1, 1, 4, 1, 2, 0, 1]),
 (16, [911, 76, 1, 0, 1, 1454, 586, 1, 0, 2, 1, 1, 1, 1, 1]),
 (12, [1548, 46, 0, 0, 1, 688, 1237, 0, 1, 2, 3, 1, 1, 0, 1]),
 (12, [1548, 46, 0, 0, 1, 688, 1237, 0, 1, 2, 3, 1, 1, 0, 1]),
 (12, [585, 90, 0, 0, 1, 1020, 569, 0, 1, 1, 2, 1, 1, 1, 1]),
 (12, [1255, 97, 1, 1, 1, 1300, 2028, 1, 0, 1, 0, 1, 0, 2, 0]),
 (12, [1255, 97, 1, 1, 1, 1300, 2028, 1, 0, 1, 0, 1, 0, 2, 0]),
 (12, [905, 17, 1, 0, 1, 2034, 528, 0, 1, 0, 3, 1, 2, 0, 0]),
 (12, [585, 90, 0, 0, 1, 1020, 569, 0, 1, 1, 2, 1, 1, 1, 1]),
 (12, [1688, 112, 0, 0, 0, 1734, 694, 0, 0, 0, 0, 1, 2, 0, 0]),
 (12, [1548, 46, 0, 0, 1, 688, 1237, 0, 1, 2, 3, 1, 1, 0, 1]),
 (12, [1255, 97, 1, 1, 1, 1300, 2028, 1, 0, 1, 0, 1, 0, 2, 0]),
 (12, [585, 90, 0, 0, 1, 1020, 569, 0, 1, 1, 2, 1, 1, 1, 1]),
 (12, [1562, 31, 1, 1, 0, 677, 1183, 0, 0, 1, 4, 0, 0, 2, 1]),
 (12, [585, 90, 0, 0, 1, 1020, 569, 0, 1, 1, 2, 1, 1, 1, 1]),
 (12, [585, 90, 0, 0, 1, 1020, 569, 0, 1, 1, 2, 1, 1, 1, 1]),
 (12, [905, 17, 1, 0, 1, 2034, 528, 0, 1, 0, 3, 1, 2, 0, 0]),
 (16, [1811, 74, 1, 0, 0, 1176, 684, 0, 1, 2, 1, 0, 0, 0, 2]),
 (16, [1814, 100, 0, 0, 1, 906, 1063, 1, 1, 0, 1, 1, 2, 1, 2])]
population
[(999, [2035, 38, 0, 0, 0, 1014, 908, 0, 1, 3, 3, 1, 2, 1, 0]),
 (999, [1953, 58, 1, 1, 0, 546, 632, 1, 0, 3, 1, 0, 0, 1, 2]),
 (999, [1686, 47, 1, 0, 0, 559, 612, 1, 1, 3, 5, 0, 2, 0, 2]),
 (999, [1588, 86, 1, 1, 1, 1037, 1364, 0, 0, 2, 5, 0, 0, 1, 0]),
 (999, [1517, 26, 1, 0, 0, 1463, 1093, 1, 1, 2, 5, 0, 0, 0, 2]),
 (999, [1248, 39, 0, 1, 0, 869, 1126, 1, 1, 3, 0, 0, 0, 2, 0]),
 (999, [1131, 96, 1, 0, 1, 856, 1155, 0, 1, 3, 1, 0, 2, 2, 1]),
 (999, [789, 67, 0, 0, 0, 1393, 872, 0, 1, 2, 5, 1, 0, 0, 0]),
 (999, [762, 25, 1, 0, 1, 1519, 1492, 0, 1, 3, 1, 1, 2, 0, 2]),
 (999, [538, 47, 0, 0, 1, 1196, 803, 1, 1, 3, 4, 1, 1, 1, 2]),
 (33, [1809, 102, 0, 1, 0, 2048, 1228, 1, 1, 0, 1, 1, 2, 2, 0]),
 (33, [1721, 79, 1, 0, 0, 940, 575, 1, 1, 0, 0, 1, 0, 1, 0]),
 (33, [1549, 13, 0, 0, 0, 1041, 1591, 0, 1, 1, 2, 0, 0, 1, 2]),
 (33, [1408, 114, 1, 0, 0, 1702, 1272, 0, 0, 1, 3, 1, 2, 2, 0]),
 (33, [1269, 32, 1, 1, 0, 1898, 603, 1, 1, 0, 1, 1, 0, 2, 1]),
 (33, [657, 100, 1, 0, 0, 1118, 1653, 1, 0, 2, 3, 0, 2, 1, 0]),
 (23, [1427, 87, 1, 1, 0, 816, 748, 1, 0, 1, 3, 0, 2, 1, 1]),
 (16, [1864, 17, 0, 0, 0, 2035, 1682, 1, 0, 2, 4, 0, 1, 0, 0]),
 (16, [1814, 100, 0, 0, 1, 906, 1063, 1, 1, 0, 1, 1, 2, 1, 2]),
 (16, [1811, 74, 1, 0, 0, 1176, 684, 0, 1, 2, 1, 0, 0, 0, 2]),
 (16, [1426, 65, 1, 0, 1, 1609, 926, 1, 1, 1, 1, 1, 0, 2, 2]),
 (16, [911, 76, 1, 0, 1, 1454, 586, 1, 0, 2, 1, 1, 1, 1, 1]),
 (13, [1658, 22, 0, 0, 0, 699, 718, 0, 1, 1, 4, 0, 0, 0, 0]),
 (12, [1688, 112, 0, 0, 0, 1734, 694, 0, 0, 0, 0, 1, 2, 0, 0]),
 (12, [1562, 31, 1, 1, 0, 677, 1183, 0, 0, 1, 4, 0, 0, 2, 1]),
 (12, [1555, 104, 0, 0, 1, 786, 1179, 0, 0, 1, 2, 1, 0, 0, 2]),
 (12, [1548, 46, 0, 0, 1, 688, 1237, 0, 1, 2, 3, 1, 1, 0, 1]),
 (12, [1531, 67, 1, 1, 0, 866, 586, 1, 1, 1, 4, 1, 2, 0, 1]),
 (12, [1255, 97, 1, 1, 1, 1300, 2028, 1, 0, 1, 0, 1, 0, 2, 0]),
 (12, [905, 17, 1, 0, 1, 2034, 528, 0, 1, 0, 3, 1, 2, 0, 0]),
 (12, [796, 35, 1, 1, 1, 1556, 961, 0, 1, 1, 4, 1, 2, 0, 2]),
 (12, [585, 90, 0, 0, 1, 1020, 569, 0, 1, 1, 2, 1, 1, 1, 1])]
scored
[(12, [585, 90, 0, 0, 1, 1020, 569, 0, 1, 1, 2, 1, 1, 1, 1]),
 (12, [796, 35, 1, 1, 1, 1556, 961, 0, 1, 1, 4, 1, 2, 0, 2]),
 (12, [905, 17, 1, 0, 1, 2034, 528, 0, 1, 0, 3, 1, 2, 0, 0]),
 (12, [1255, 97, 1, 1, 1, 1300, 2028, 1, 0, 1, 0, 1, 0, 2, 0]),
 (12, [1531, 67, 1, 1, 0, 866, 586, 1, 1, 1, 4, 1, 2, 0, 1]),
 (12, [1548, 46, 0, 0, 1, 688, 1237, 0, 1, 2, 3, 1, 1, 0, 1]),
 (12, [1555, 104, 0, 0, 1, 786, 1179, 0, 0, 1, 2, 1, 0, 0, 2]),
 (12, [1562, 31, 1, 1, 0, 677, 1183, 0, 0, 1, 4, 0, 0, 2, 1]),
 (12, [1688, 112, 0, 0, 0, 1734, 694, 0, 0, 0, 0, 1, 2, 0, 0]),
 (13, [1658, 22, 0, 0, 0, 699, 718, 0, 1, 1, 4, 0, 0, 0, 0]),
 (16, [911, 76, 1, 0, 1, 1454, 586, 1, 0, 2, 1, 1, 1, 1, 1]),
 (16, [1426, 65, 1, 0, 1, 1609, 926, 1, 1, 1, 1, 1, 0, 2, 2]),
 (16, [1811, 74, 1, 0, 0, 1176, 684, 0, 1, 2, 1, 0, 0, 0, 2]),
 (16, [1814, 100, 0, 0, 1, 906, 1063, 1, 1, 0, 1, 1, 2, 1, 2]),
 (16, [1864, 17, 0, 0, 0, 2035, 1682, 1, 0, 2, 4, 0, 1, 0, 0]),
 (23, [1427, 87, 1, 1, 0, 816, 748, 1, 0, 1, 3, 0, 2, 1, 1]),
 (33, [657, 100, 1, 0, 0, 1118, 1653, 1, 0, 2, 3, 0, 2, 1, 0]),
 (33, [1269, 32, 1, 1, 0, 1898, 603, 1, 1, 0, 1, 1, 0, 2, 1]),
 (33, [1408, 114, 1, 0, 0, 1702, 1272, 0, 0, 1, 3, 1, 2, 2, 0]),
 (33, [1549, 13, 0, 0, 0, 1041, 1591, 0, 1, 1, 2, 0, 0, 1, 2]),
 (33, [1721, 79, 1, 0, 0, 940, 575, 1, 1, 0, 0, 1, 0, 1, 0]),
 (33, [1809, 102, 0, 1, 0, 2048, 1228, 1, 1, 0, 1, 1, 2, 2, 0]),
 (999, [538, 47, 0, 0, 1, 1196, 803, 1, 1, 3, 4, 1, 1, 1, 2]),
 (999, [762, 25, 1, 0, 1, 1519, 1492, 0, 1, 3, 1, 1, 2, 0, 2]),
 (999, [789, 67, 0, 0, 0, 1393, 872, 0, 1, 2, 5, 1, 0, 0, 0]),
 (999, [1131, 96, 1, 0, 1, 856, 1155, 0, 1, 3, 1, 0, 2, 2, 1]),
 (999, [1248, 39, 0, 1, 0, 869, 1126, 1, 1, 3, 0, 0, 0, 2, 0]),
 (999, [1517, 26, 1, 0, 0, 1463, 1093, 1, 1, 2, 5, 0, 0, 0, 2]),
 (999, [1588, 86, 1, 1, 1, 1037, 1364, 0, 0, 2, 5, 0, 0, 1, 0]),
 (999, [1686, 47, 1, 0, 0, 559, 612, 1, 1, 3, 5, 0, 2, 0, 2]),
 (999, [1953, 58, 1, 1, 0, 546, 632, 1, 0, 3, 1, 0, 0, 1, 2]),
 (999, [2035, 38, 0, 0, 0, 1014, 908, 0, 1, 3, 3, 1, 2, 1, 0])]
Selected
[(12, [585, 90, 0, 0, 1, 1020, 569, 0, 1, 1, 2, 1, 1, 1, 1]),
 (12, [1531, 67, 1, 1, 0, 866, 586, 1, 1, 1, 4, 1, 2, 0, 1]),
 (16, [1426, 65, 1, 0, 1, 1609, 926, 1, 1, 1, 1, 1, 0, 2, 2]),
 (12, [1562, 31, 1, 1, 0, 677, 1183, 0, 0, 1, 4, 0, 0, 2, 1]),
 (16, [1426, 65, 1, 0, 1, 1609, 926, 1, 1, 1, 1, 1, 0, 2, 2]),
 (12, [1531, 67, 1, 1, 0, 866, 586, 1, 1, 1, 4, 1, 2, 0, 1]),
 (12, [585, 90, 0, 0, 1, 1020, 569, 0, 1, 1, 2, 1, 1, 1, 1]),
 (12, [585, 90, 0, 0, 1, 1020, 569, 0, 1, 1, 2, 1, 1, 1, 1]),
 (12, [1688, 112, 0, 0, 0, 1734, 694, 0, 0, 0, 0, 1, 2, 0, 0]),
 (12, [1255, 97, 1, 1, 1, 1300, 2028, 1, 0, 1, 0, 1, 0, 2, 0]),
 (12, [1255, 97, 1, 1, 1, 1300, 2028, 1, 0, 1, 0, 1, 0, 2, 0]),
 (12, [796, 35, 1, 1, 1, 1556, 961, 0, 1, 1, 4, 1, 2, 0, 2]),
 (12, [1562, 31, 1, 1, 0, 677, 1183, 0, 0, 1, 4, 0, 0, 2, 1]),
 (12, [1531, 67, 1, 1, 0, 866, 586, 1, 1, 1, 4, 1, 2, 0, 1]),
 (12, [796, 35, 1, 1, 1, 1556, 961, 0, 1, 1, 4, 1, 2, 0, 2]),
 (12, [1255, 97, 1, 1, 1, 1300, 2028, 1, 0, 1, 0, 1, 0, 2, 0]),
 (12, [585, 90, 0, 0, 1, 1020, 569, 0, 1, 1, 2, 1, 1, 1, 1]),
 (12, [1255, 97, 1, 1, 1, 1300, 2028, 1, 0, 1, 0, 1, 0, 2, 0]),
 (23, [1427, 87, 1, 1, 0, 816, 748, 1, 0, 1, 3, 0, 2, 1, 1]),
 (12, [905, 17, 1, 0, 1, 2034, 528, 0, 1, 0, 3, 1, 2, 0, 0]),
 (16, [1811, 74, 1, 0, 0, 1176, 684, 0, 1, 2, 1, 0, 0, 0, 2]),
 (12, [585, 90, 0, 0, 1, 1020, 569, 0, 1, 1, 2, 1, 1, 1, 1]),
 (12, [905, 17, 1, 0, 1, 2034, 528, 0, 1, 0, 3, 1, 2, 0, 0]),
 (12, [1531, 67, 1, 1, 0, 866, 586, 1, 1, 1, 4, 1, 2, 0, 1]),
 (12, [585, 90, 0, 0, 1, 1020, 569, 0, 1, 1, 2, 1, 1, 1, 1]),
 (12, [1531, 67, 1, 1, 0, 866, 586, 1, 1, 1, 4, 1, 2, 0, 1]),
 (33, [1408, 114, 1, 0, 0, 1702, 1272, 0, 0, 1, 3, 1, 2, 2, 0])]
population
[(999, [2035, 38, 0, 0, 0, 1014, 908, 0, 1, 3, 3, 1, 2, 1, 0]),
 (999, [1953, 58, 1, 1, 0, 546, 632, 1, 0, 3, 1, 0, 0, 1, 2]),
 (999, [1686, 47, 1, 0, 0, 559, 612, 1, 1, 3, 5, 0, 2, 0, 2]),
 (999, [1588, 86, 1, 1, 1, 1037, 1364, 0, 0, 2, 5, 0, 0, 1, 0]),
 (999, [1517, 26, 1, 0, 0, 1463, 1093, 1, 1, 2, 5, 0, 0, 0, 2]),
 (999, [1248, 39, 0, 1, 0, 869, 1126, 1, 1, 3, 0, 0, 0, 2, 0]),
 (999, [1131, 96, 1, 0, 1, 856, 1155, 0, 1, 3, 1, 0, 2, 2, 1]),
 (999, [789, 67, 0, 0, 0, 1393, 872, 0, 1, 2, 5, 1, 0, 0, 0]),
 (999, [762, 25, 1, 0, 1, 1519, 1492, 0, 1, 3, 1, 1, 2, 0, 2]),
 (999, [538, 47, 0, 0, 1, 1196, 803, 1, 1, 3, 4, 1, 1, 1, 2]),
 (33, [1809, 102, 0, 1, 0, 2048, 1228, 1, 1, 0, 1, 1, 2, 2, 0]),
 (33, [1721, 79, 1, 0, 0, 940, 575, 1, 1, 0, 0, 1, 0, 1, 0]),
 (33, [1549, 13, 0, 0, 0, 1041, 1591, 0, 1, 1, 2, 0, 0, 1, 2]),
 (33, [1408, 114, 1, 0, 0, 1702, 1272, 0, 0, 1, 3, 1, 2, 2, 0]),
 (33, [1269, 32, 1, 1, 0, 1898, 603, 1, 1, 0, 1, 1, 0, 2, 1]),
 (33, [657, 100, 1, 0, 0, 1118, 1653, 1, 0, 2, 3, 0, 2, 1, 0]),
 (23, [1427, 87, 1, 1, 0, 816, 748, 1, 0, 1, 3, 0, 2, 1, 1]),
 (16, [1864, 17, 0, 0, 0, 2035, 1682, 1, 0, 2, 4, 0, 1, 0, 0]),
 (16, [1814, 100, 0, 0, 1, 906, 1063, 1, 1, 0, 1, 1, 2, 1, 2]),
 (16, [1811, 74, 1, 0, 0, 1176, 684, 0, 1, 2, 1, 0, 0, 0, 2]),
 (16, [1426, 65, 1, 0, 1, 1609, 926, 1, 1, 1, 1, 1, 0, 2, 2]),
 (16, [911, 76, 1, 0, 1, 1454, 586, 1, 0, 2, 1, 1, 1, 1, 1]),
 (13, [1658, 22, 0, 0, 0, 699, 718, 0, 1, 1, 4, 0, 0, 0, 0]),
 (12, [1688, 112, 0, 0, 0, 1734, 694, 0, 0, 0, 0, 1, 2, 0, 0]),
 (12, [1562, 31, 1, 1, 0, 677, 1183, 0, 0, 1, 4, 0, 0, 2, 1]),
 (12, [1555, 104, 0, 0, 1, 786, 1179, 0, 0, 1, 2, 1, 0, 0, 2]),
 (12, [1548, 46, 0, 0, 1, 688, 1237, 0, 1, 2, 3, 1, 1, 0, 1]),
 (12, [1531, 67, 1, 1, 0, 866, 586, 1, 1, 1, 4, 1, 2, 0, 1]),
 (12, [1255, 97, 1, 1, 1, 1300, 2028, 1, 0, 1, 0, 1, 0, 2, 0]),
 (12, [905, 17, 1, 0, 1, 2034, 528, 0, 1, 0, 3, 1, 2, 0, 0]),
 (12, [796, 35, 1, 1, 1, 1556, 961, 0, 1, 1, 4, 1, 2, 0, 2]),
 (12, [585, 90, 0, 0, 1, 1020, 569, 0, 1, 1, 2, 1, 1, 1, 1])]
scored
[(12, [585, 90, 0, 0, 1, 1020, 569, 0, 1, 1, 2, 1, 1, 1, 1]),
 (12, [796, 35, 1, 1, 1, 1556, 961, 0, 1, 1, 4, 1, 2, 0, 2]),
 (12, [905, 17, 1, 0, 1, 2034, 528, 0, 1, 0, 3, 1, 2, 0, 0]),
 (12, [1255, 97, 1, 1, 1, 1300, 2028, 1, 0, 1, 0, 1, 0, 2, 0]),
 (12, [1531, 67, 1, 1, 0, 866, 586, 1, 1, 1, 4, 1, 2, 0, 1]),
 (12, [1548, 46, 0, 0, 1, 688, 1237, 0, 1, 2, 3, 1, 1, 0, 1]),
 (12, [1555, 104, 0, 0, 1, 786, 1179, 0, 0, 1, 2, 1, 0, 0, 2]),
 (12, [1562, 31, 1, 1, 0, 677, 1183, 0, 0, 1, 4, 0, 0, 2, 1]),
 (12, [1688, 112, 0, 0, 0, 1734, 694, 0, 0, 0, 0, 1, 2, 0, 0]),
 (13, [1658, 22, 0, 0, 0, 699, 718, 0, 1, 1, 4, 0, 0, 0, 0]),
 (16, [911, 76, 1, 0, 1, 1454, 586, 1, 0, 2, 1, 1, 1, 1, 1]),
 (16, [1426, 65, 1, 0, 1, 1609, 926, 1, 1, 1, 1, 1, 0, 2, 2]),
 (16, [1811, 74, 1, 0, 0, 1176, 684, 0, 1, 2, 1, 0, 0, 0, 2]),
 (16, [1814, 100, 0, 0, 1, 906, 1063, 1, 1, 0, 1, 1, 2, 1, 2]),
 (16, [1864, 17, 0, 0, 0, 2035, 1682, 1, 0, 2, 4, 0, 1, 0, 0]),
 (23, [1427, 87, 1, 1, 0, 816, 748, 1, 0, 1, 3, 0, 2, 1, 1]),
 (33, [657, 100, 1, 0, 0, 1118, 1653, 1, 0, 2, 3, 0, 2, 1, 0]),
 (33, [1269, 32, 1, 1, 0, 1898, 603, 1, 1, 0, 1, 1, 0, 2, 1]),
 (33, [1408, 114, 1, 0, 0, 1702, 1272, 0, 0, 1, 3, 1, 2, 2, 0]),
 (33, [1549, 13, 0, 0, 0, 1041, 1591, 0, 1, 1, 2, 0, 0, 1, 2]),
 (33, [1721, 79, 1, 0, 0, 940, 575, 1, 1, 0, 0, 1, 0, 1, 0]),
 (33, [1809, 102, 0, 1, 0, 2048, 1228, 1, 1, 0, 1, 1, 2, 2, 0]),
 (999, [538, 47, 0, 0, 1, 1196, 803, 1, 1, 3, 4, 1, 1, 1, 2]),
 (999, [762, 25, 1, 0, 1, 1519, 1492, 0, 1, 3, 1, 1, 2, 0, 2]),
 (999, [789, 67, 0, 0, 0, 1393, 872, 0, 1, 2, 5, 1, 0, 0, 0]),
 (999, [1131, 96, 1, 0, 1, 856, 1155, 0, 1, 3, 1, 0, 2, 2, 1]),
 (999, [1248, 39, 0, 1, 0, 869, 1126, 1, 1, 3, 0, 0, 0, 2, 0]),
 (999, [1517, 26, 1, 0, 0, 1463, 1093, 1, 1, 2, 5, 0, 0, 0, 2]),
 (999, [1588, 86, 1, 1, 1, 1037, 1364, 0, 0, 2, 5, 0, 0, 1, 0]),
 (999, [1686, 47, 1, 0, 0, 559, 612, 1, 1, 3, 5, 0, 2, 0, 2]),
 (999, [1953, 58, 1, 1, 0, 546, 632, 1, 0, 3, 1, 0, 0, 1, 2]),
 (999, [2035, 38, 0, 0, 0, 1014, 908, 0, 1, 3, 3, 1, 2, 1, 0])]
Selected
[(13, [1658, 22, 0, 0, 0, 699, 718, 0, 1, 1, 4, 0, 0, 0, 0]),
 (12, [1531, 67, 1, 1, 0, 866, 586, 1, 1, 1, 4, 1, 2, 0, 1]),
 (12, [905, 17, 1, 0, 1, 2034, 528, 0, 1, 0, 3, 1, 2, 0, 0]),
 (33, [1269, 32, 1, 1, 0, 1898, 603, 1, 1, 0, 1, 1, 0, 2, 1]),
 (12, [796, 35, 1, 1, 1, 1556, 961, 0, 1, 1, 4, 1, 2, 0, 2]),
 (12, [1531, 67, 1, 1, 0, 866, 586, 1, 1, 1, 4, 1, 2, 0, 1]),
 (13, [1658, 22, 0, 0, 0, 699, 718, 0, 1, 1, 4, 0, 0, 0, 0]),
 (12, [585, 90, 0, 0, 1, 1020, 569, 0, 1, 1, 2, 1, 1, 1, 1]),
 (12, [585, 90, 0, 0, 1, 1020, 569, 0, 1, 1, 2, 1, 1, 1, 1]),
 (12, [905, 17, 1, 0, 1, 2034, 528, 0, 1, 0, 3, 1, 2, 0, 0]),
 (33, [1269, 32, 1, 1, 0, 1898, 603, 1, 1, 0, 1, 1, 0, 2, 1]),
 (12, [796, 35, 1, 1, 1, 1556, 961, 0, 1, 1, 4, 1, 2, 0, 2]),
 (12, [585, 90, 0, 0, 1, 1020, 569, 0, 1, 1, 2, 1, 1, 1, 1]),
 (12, [1548, 46, 0, 0, 1, 688, 1237, 0, 1, 2, 3, 1, 1, 0, 1]),
 (33, [1408, 114, 1, 0, 0, 1702, 1272, 0, 0, 1, 3, 1, 2, 2, 0]),
 (12, [585, 90, 0, 0, 1, 1020, 569, 0, 1, 1, 2, 1, 1, 1, 1]),
 (16, [1811, 74, 1, 0, 0, 1176, 684, 0, 1, 2, 1, 0, 0, 0, 2]),
 (12, [585, 90, 0, 0, 1, 1020, 569, 0, 1, 1, 2, 1, 1, 1, 1]),
 (23, [1427, 87, 1, 1, 0, 816, 748, 1, 0, 1, 3, 0, 2, 1, 1]),
 (12, [1555, 104, 0, 0, 1, 786, 1179, 0, 0, 1, 2, 1, 0, 0, 2]),
 (16, [1426, 65, 1, 0, 1, 1609, 926, 1, 1, 1, 1, 1, 0, 2, 2]),
 (12, [1255, 97, 1, 1, 1, 1300, 2028, 1, 0, 1, 0, 1, 0, 2, 0]),
 (12, [1555, 104, 0, 0, 1, 786, 1179, 0, 0, 1, 2, 1, 0, 0, 2]),
 (12, [1555, 104, 0, 0, 1, 786, 1179, 0, 0, 1, 2, 1, 0, 0, 2]),
 (12, [1255, 97, 1, 1, 1, 1300, 2028, 1, 0, 1, 0, 1, 0, 2, 0]),
 (12, [1255, 97, 1, 1, 1, 1300, 2028, 1, 0, 1, 0, 1, 0, 2, 0]),
 (12, [585, 90, 0, 0, 1, 1020, 569, 0, 1, 1, 2, 1, 1, 1, 1])]
population
[(999, [2035, 38, 0, 0, 0, 1014, 908, 0, 1, 3, 3, 1, 2, 1, 0]),
 (999, [1953, 58, 1, 1, 0, 546, 632, 1, 0, 3, 1, 0, 0, 1, 2]),
 (999, [1686, 47, 1, 0, 0, 559, 612, 1, 1, 3, 5, 0, 2, 0, 2]),
 (999, [1588, 86, 1, 1, 1, 1037, 1364, 0, 0, 2, 5, 0, 0, 1, 0]),
 (999, [1517, 26, 1, 0, 0, 1463, 1093, 1, 1, 2, 5, 0, 0, 0, 2]),
 (999, [1248, 39, 0, 1, 0, 869, 1126, 1, 1, 3, 0, 0, 0, 2, 0]),
 (999, [1131, 96, 1, 0, 1, 856, 1155, 0, 1, 3, 1, 0, 2, 2, 1]),
 (999, [789, 67, 0, 0, 0, 1393, 872, 0, 1, 2, 5, 1, 0, 0, 0]),
 (999, [762, 25, 1, 0, 1, 1519, 1492, 0, 1, 3, 1, 1, 2, 0, 2]),
 (999, [538, 47, 0, 0, 1, 1196, 803, 1, 1, 3, 4, 1, 1, 1, 2]),
 (33, [1809, 102, 0, 1, 0, 2048, 1228, 1, 1, 0, 1, 1, 2, 2, 0]),
 (33, [1721, 79, 1, 0, 0, 940, 575, 1, 1, 0, 0, 1, 0, 1, 0]),
 (33, [1549, 13, 0, 0, 0, 1041, 1591, 0, 1, 1, 2, 0, 0, 1, 2]),
 (33, [1408, 114, 1, 0, 0, 1702, 1272, 0, 0, 1, 3, 1, 2, 2, 0]),
 (33, [1269, 32, 1, 1, 0, 1898, 603, 1, 1, 0, 1, 1, 0, 2, 1]),
 (33, [657, 100, 1, 0, 0, 1118, 1653, 1, 0, 2, 3, 0, 2, 1, 0]),
 (23, [1427, 87, 1, 1, 0, 816, 748, 1, 0, 1, 3, 0, 2, 1, 1]),
 (16, [1864, 17, 0, 0, 0, 2035, 1682, 1, 0, 2, 4, 0, 1, 0, 0]),
 (16, [1814, 100, 0, 0, 1, 906, 1063, 1, 1, 0, 1, 1, 2, 1, 2]),
 (16, [1811, 74, 1, 0, 0, 1176, 684, 0, 1, 2, 1, 0, 0, 0, 2]),
 (16, [1426, 65, 1, 0, 1, 1609, 926, 1, 1, 1, 1, 1, 0, 2, 2]),
 (16, [911, 76, 1, 0, 1, 1454, 586, 1, 0, 2, 1, 1, 1, 1, 1]),
 (13, [1658, 22, 0, 0, 0, 699, 718, 0, 1, 1, 4, 0, 0, 0, 0]),
 (12, [1688, 112, 0, 0, 0, 1734, 694, 0, 0, 0, 0, 1, 2, 0, 0]),
 (12, [1562, 31, 1, 1, 0, 677, 1183, 0, 0, 1, 4, 0, 0, 2, 1]),
 (12, [1555, 104, 0, 0, 1, 786, 1179, 0, 0, 1, 2, 1, 0, 0, 2]),
 (12, [1548, 46, 0, 0, 1, 688, 1237, 0, 1, 2, 3, 1, 1, 0, 1]),
 (12, [1531, 67, 1, 1, 0, 866, 586, 1, 1, 1, 4, 1, 2, 0, 1]),
 (12, [1255, 97, 1, 1, 1, 1300, 2028, 1, 0, 1, 0, 1, 0, 2, 0]),
 (12, [905, 17, 1, 0, 1, 2034, 528, 0, 1, 0, 3, 1, 2, 0, 0]),
 (12, [796, 35, 1, 1, 1, 1556, 961, 0, 1, 1, 4, 1, 2, 0, 2]),
 (12, [585, 90, 0, 0, 1, 1020, 569, 0, 1, 1, 2, 1, 1, 1, 1])]
scored
[(12, [585, 90, 0, 0, 1, 1020, 569, 0, 1, 1, 2, 1, 1, 1, 1]),
 (12, [796, 35, 1, 1, 1, 1556, 961, 0, 1, 1, 4, 1, 2, 0, 2]),
 (12, [905, 17, 1, 0, 1, 2034, 528, 0, 1, 0, 3, 1, 2, 0, 0]),
 (12, [1255, 97, 1, 1, 1, 1300, 2028, 1, 0, 1, 0, 1, 0, 2, 0]),
 (12, [1531, 67, 1, 1, 0, 866, 586, 1, 1, 1, 4, 1, 2, 0, 1]),
 (12, [1548, 46, 0, 0, 1, 688, 1237, 0, 1, 2, 3, 1, 1, 0, 1]),
 (12, [1555, 104, 0, 0, 1, 786, 1179, 0, 0, 1, 2, 1, 0, 0, 2]),
 (12, [1562, 31, 1, 1, 0, 677, 1183, 0, 0, 1, 4, 0, 0, 2, 1]),
 (12, [1688, 112, 0, 0, 0, 1734, 694, 0, 0, 0, 0, 1, 2, 0, 0]),
 (13, [1658, 22, 0, 0, 0, 699, 718, 0, 1, 1, 4, 0, 0, 0, 0]),
 (16, [911, 76, 1, 0, 1, 1454, 586, 1, 0, 2, 1, 1, 1, 1, 1]),
 (16, [1426, 65, 1, 0, 1, 1609, 926, 1, 1, 1, 1, 1, 0, 2, 2]),
 (16, [1811, 74, 1, 0, 0, 1176, 684, 0, 1, 2, 1, 0, 0, 0, 2]),
 (16, [1814, 100, 0, 0, 1, 906, 1063, 1, 1, 0, 1, 1, 2, 1, 2]),
 (16, [1864, 17, 0, 0, 0, 2035, 1682, 1, 0, 2, 4, 0, 1, 0, 0]),
 (23, [1427, 87, 1, 1, 0, 816, 748, 1, 0, 1, 3, 0, 2, 1, 1]),
 (33, [657, 100, 1, 0, 0, 1118, 1653, 1, 0, 2, 3, 0, 2, 1, 0]),
 (33, [1269, 32, 1, 1, 0, 1898, 603, 1, 1, 0, 1, 1, 0, 2, 1]),
 (33, [1408, 114, 1, 0, 0, 1702, 1272, 0, 0, 1, 3, 1, 2, 2, 0]),
 (33, [1549, 13, 0, 0, 0, 1041, 1591, 0, 1, 1, 2, 0, 0, 1, 2]),
 (33, [1721, 79, 1, 0, 0, 940, 575, 1, 1, 0, 0, 1, 0, 1, 0]),
 (33, [1809, 102, 0, 1, 0, 2048, 1228, 1, 1, 0, 1, 1, 2, 2, 0]),
 (999, [538, 47, 0, 0, 1, 1196, 803, 1, 1, 3, 4, 1, 1, 1, 2]),
 (999, [762, 25, 1, 0, 1, 1519, 1492, 0, 1, 3, 1, 1, 2, 0, 2]),
 (999, [789, 67, 0, 0, 0, 1393, 872, 0, 1, 2, 5, 1, 0, 0, 0]),
 (999, [1131, 96, 1, 0, 1, 856, 1155, 0, 1, 3, 1, 0, 2, 2, 1]),
 (999, [1248, 39, 0, 1, 0, 869, 1126, 1, 1, 3, 0, 0, 0, 2, 0]),
 (999, [1517, 26, 1, 0, 0, 1463, 1093, 1, 1, 2, 5, 0, 0, 0, 2]),
 (999, [1588, 86, 1, 1, 1, 1037, 1364, 0, 0, 2, 5, 0, 0, 1, 0]),
 (999, [1686, 47, 1, 0, 0, 559, 612, 1, 1, 3, 5, 0, 2, 0, 2]),
 (999, [1953, 58, 1, 1, 0, 546, 632, 1, 0, 3, 1, 0, 0, 1, 2]),
 (999, [2035, 38, 0, 0, 0, 1014, 908, 0, 1, 3, 3, 1, 2, 1, 0])]
Selected
[(12, [1255, 97, 1, 1, 1, 1300, 2028, 1, 0, 1, 0, 1, 0, 2, 0]),
 (12, [1562, 31, 1, 1, 0, 677, 1183, 0, 0, 1, 4, 0, 0, 2, 1]),
 (16, [911, 76, 1, 0, 1, 1454, 586, 1, 0, 2, 1, 1, 1, 1, 1]),
 (12, [585, 90, 0, 0, 1, 1020, 569, 0, 1, 1, 2, 1, 1, 1, 1]),
 (12, [1531, 67, 1, 1, 0, 866, 586, 1, 1, 1, 4, 1, 2, 0, 1]),
 (12, [796, 35, 1, 1, 1, 1556, 961, 0, 1, 1, 4, 1, 2, 0, 2]),
 (16, [1426, 65, 1, 0, 1, 1609, 926, 1, 1, 1, 1, 1, 0, 2, 2]),
 (12, [905, 17, 1, 0, 1, 2034, 528, 0, 1, 0, 3, 1, 2, 0, 0]),
 (12, [1531, 67, 1, 1, 0, 866, 586, 1, 1, 1, 4, 1, 2, 0, 1]),
 (12, [1255, 97, 1, 1, 1, 1300, 2028, 1, 0, 1, 0, 1, 0, 2, 0]),
 (12, [905, 17, 1, 0, 1, 2034, 528, 0, 1, 0, 3, 1, 2, 0, 0]),
 (13, [1658, 22, 0, 0, 0, 699, 718, 0, 1, 1, 4, 0, 0, 0, 0]),
 (12, [905, 17, 1, 0, 1, 2034, 528, 0, 1, 0, 3, 1, 2, 0, 0]),
 (12, [1531, 67, 1, 1, 0, 866, 586, 1, 1, 1, 4, 1, 2, 0, 1]),
 (12, [796, 35, 1, 1, 1, 1556, 961, 0, 1, 1, 4, 1, 2, 0, 2]),
 (12, [905, 17, 1, 0, 1, 2034, 528, 0, 1, 0, 3, 1, 2, 0, 0]),
 (12, [1531, 67, 1, 1, 0, 866, 586, 1, 1, 1, 4, 1, 2, 0, 1]),
 (12, [1531, 67, 1, 1, 0, 866, 586, 1, 1, 1, 4, 1, 2, 0, 1]),
 (12, [796, 35, 1, 1, 1, 1556, 961, 0, 1, 1, 4, 1, 2, 0, 2]),
 (16, [1426, 65, 1, 0, 1, 1609, 926, 1, 1, 1, 1, 1, 0, 2, 2]),
 (12, [585, 90, 0, 0, 1, 1020, 569, 0, 1, 1, 2, 1, 1, 1, 1]),
 (12, [796, 35, 1, 1, 1, 1556, 961, 0, 1, 1, 4, 1, 2, 0, 2]),
 (12, [1688, 112, 0, 0, 0, 1734, 694, 0, 0, 0, 0, 1, 2, 0, 0]),
 (12, [1688, 112, 0, 0, 0, 1734, 694, 0, 0, 0, 0, 1, 2, 0, 0]),
 (12, [1548, 46, 0, 0, 1, 688, 1237, 0, 1, 2, 3, 1, 1, 0, 1]),
 (12, [796, 35, 1, 1, 1, 1556, 961, 0, 1, 1, 4, 1, 2, 0, 2]),
 (12, [1688, 112, 0, 0, 0, 1734, 694, 0, 0, 0, 0, 1, 2, 0, 0])]
population
[(999, [2035, 38, 0, 0, 0, 1014, 908, 0, 1, 3, 3, 1, 2, 1, 0]),
 (999, [1953, 58, 1, 1, 0, 546, 632, 1, 0, 3, 1, 0, 0, 1, 2]),
 (999, [1686, 47, 1, 0, 0, 559, 612, 1, 1, 3, 5, 0, 2, 0, 2]),
 (999, [1588, 86, 1, 1, 1, 1037, 1364, 0, 0, 2, 5, 0, 0, 1, 0]),
 (999, [1517, 26, 1, 0, 0, 1463, 1093, 1, 1, 2, 5, 0, 0, 0, 2]),
 (999, [1248, 39, 0, 1, 0, 869, 1126, 1, 1, 3, 0, 0, 0, 2, 0]),
 (999, [1131, 96, 1, 0, 1, 856, 1155, 0, 1, 3, 1, 0, 2, 2, 1]),
 (999, [789, 67, 0, 0, 0, 1393, 872, 0, 1, 2, 5, 1, 0, 0, 0]),
 (999, [762, 25, 1, 0, 1, 1519, 1492, 0, 1, 3, 1, 1, 2, 0, 2]),
 (999, [538, 47, 0, 0, 1, 1196, 803, 1, 1, 3, 4, 1, 1, 1, 2]),
 (33, [1809, 102, 0, 1, 0, 2048, 1228, 1, 1, 0, 1, 1, 2, 2, 0]),
 (33, [1721, 79, 1, 0, 0, 940, 575, 1, 1, 0, 0, 1, 0, 1, 0]),
 (33, [1549, 13, 0, 0, 0, 1041, 1591, 0, 1, 1, 2, 0, 0, 1, 2]),
 (33, [1408, 114, 1, 0, 0, 1702, 1272, 0, 0, 1, 3, 1, 2, 2, 0]),
 (33, [1269, 32, 1, 1, 0, 1898, 603, 1, 1, 0, 1, 1, 0, 2, 1]),
 (33, [657, 100, 1, 0, 0, 1118, 1653, 1, 0, 2, 3, 0, 2, 1, 0]),
 (23, [1427, 87, 1, 1, 0, 816, 748, 1, 0, 1, 3, 0, 2, 1, 1]),
 (16, [1864, 17, 0, 0, 0, 2035, 1682, 1, 0, 2, 4, 0, 1, 0, 0]),
 (16, [1814, 100, 0, 0, 1, 906, 1063, 1, 1, 0, 1, 1, 2, 1, 2]),
 (16, [1811, 74, 1, 0, 0, 1176, 684, 0, 1, 2, 1, 0, 0, 0, 2]),
 (16, [1426, 65, 1, 0, 1, 1609, 926, 1, 1, 1, 1, 1, 0, 2, 2]),
 (16, [911, 76, 1, 0, 1, 1454, 586, 1, 0, 2, 1, 1, 1, 1, 1]),
 (13, [1658, 22, 0, 0, 0, 699, 718, 0, 1, 1, 4, 0, 0, 0, 0]),
 (12, [1688, 112, 0, 0, 0, 1734, 694, 0, 0, 0, 0, 1, 2, 0, 0]),
 (12, [1562, 31, 1, 1, 0, 677, 1183, 0, 0, 1, 4, 0, 0, 2, 1]),
 (12, [1555, 104, 0, 0, 1, 786, 1179, 0, 0, 1, 2, 1, 0, 0, 2]),
 (12, [1548, 46, 0, 0, 1, 688, 1237, 0, 1, 2, 3, 1, 1, 0, 1]),
 (12, [1531, 67, 1, 1, 0, 866, 586, 1, 1, 1, 4, 1, 2, 0, 1]),
 (12, [1255, 97, 1, 1, 1, 1300, 2028, 1, 0, 1, 0, 1, 0, 2, 0]),
 (12, [905, 17, 1, 0, 1, 2034, 528, 0, 1, 0, 3, 1, 2, 0, 0]),
 (12, [796, 35, 1, 1, 1, 1556, 961, 0, 1, 1, 4, 1, 2, 0, 2]),
 (12, [585, 90, 0, 0, 1, 1020, 569, 0, 1, 1, 2, 1, 1, 1, 1])]
scored
[(12, [585, 90, 0, 0, 1, 1020, 569, 0, 1, 1, 2, 1, 1, 1, 1]),
 (12, [796, 35, 1, 1, 1, 1556, 961, 0, 1, 1, 4, 1, 2, 0, 2]),
 (12, [905, 17, 1, 0, 1, 2034, 528, 0, 1, 0, 3, 1, 2, 0, 0]),
 (12, [1255, 97, 1, 1, 1, 1300, 2028, 1, 0, 1, 0, 1, 0, 2, 0]),
 (12, [1531, 67, 1, 1, 0, 866, 586, 1, 1, 1, 4, 1, 2, 0, 1]),
 (12, [1548, 46, 0, 0, 1, 688, 1237, 0, 1, 2, 3, 1, 1, 0, 1]),
 (12, [1555, 104, 0, 0, 1, 786, 1179, 0, 0, 1, 2, 1, 0, 0, 2]),
 (12, [1562, 31, 1, 1, 0, 677, 1183, 0, 0, 1, 4, 0, 0, 2, 1]),
 (12, [1688, 112, 0, 0, 0, 1734, 694, 0, 0, 0, 0, 1, 2, 0, 0]),
 (13, [1658, 22, 0, 0, 0, 699, 718, 0, 1, 1, 4, 0, 0, 0, 0]),
 (16, [911, 76, 1, 0, 1, 1454, 586, 1, 0, 2, 1, 1, 1, 1, 1]),
 (16, [1426, 65, 1, 0, 1, 1609, 926, 1, 1, 1, 1, 1, 0, 2, 2]),
 (16, [1811, 74, 1, 0, 0, 1176, 684, 0, 1, 2, 1, 0, 0, 0, 2]),
 (16, [1814, 100, 0, 0, 1, 906, 1063, 1, 1, 0, 1, 1, 2, 1, 2]),
 (16, [1864, 17, 0, 0, 0, 2035, 1682, 1, 0, 2, 4, 0, 1, 0, 0]),
 (23, [1427, 87, 1, 1, 0, 816, 748, 1, 0, 1, 3, 0, 2, 1, 1]),
 (33, [657, 100, 1, 0, 0, 1118, 1653, 1, 0, 2, 3, 0, 2, 1, 0]),
 (33, [1269, 32, 1, 1, 0, 1898, 603, 1, 1, 0, 1, 1, 0, 2, 1]),
 (33, [1408, 114, 1, 0, 0, 1702, 1272, 0, 0, 1, 3, 1, 2, 2, 0]),
 (33, [1549, 13, 0, 0, 0, 1041, 1591, 0, 1, 1, 2, 0, 0, 1, 2]),
 (33, [1721, 79, 1, 0, 0, 940, 575, 1, 1, 0, 0, 1, 0, 1, 0]),
 (33, [1809, 102, 0, 1, 0, 2048, 1228, 1, 1, 0, 1, 1, 2, 2, 0]),
 (999, [538, 47, 0, 0, 1, 1196, 803, 1, 1, 3, 4, 1, 1, 1, 2]),
 (999, [762, 25, 1, 0, 1, 1519, 1492, 0, 1, 3, 1, 1, 2, 0, 2]),
 (999, [789, 67, 0, 0, 0, 1393, 872, 0, 1, 2, 5, 1, 0, 0, 0]),
 (999, [1131, 96, 1, 0, 1, 856, 1155, 0, 1, 3, 1, 0, 2, 2, 1]),
 (999, [1248, 39, 0, 1, 0, 869, 1126, 1, 1, 3, 0, 0, 0, 2, 0]),
 (999, [1517, 26, 1, 0, 0, 1463, 1093, 1, 1, 2, 5, 0, 0, 0, 2]),
 (999, [1588, 86, 1, 1, 1, 1037, 1364, 0, 0, 2, 5, 0, 0, 1, 0]),
 (999, [1686, 47, 1, 0, 0, 559, 612, 1, 1, 3, 5, 0, 2, 0, 2]),
 (999, [1953, 58, 1, 1, 0, 546, 632, 1, 0, 3, 1, 0, 0, 1, 2]),
 (999, [2035, 38, 0, 0, 0, 1014, 908, 0, 1, 3, 3, 1, 2, 1, 0])]
Selected
[(12, [1555, 104, 0, 0, 1, 786, 1179, 0, 0, 1, 2, 1, 0, 0, 2]),
 (33, [1269, 32, 1, 1, 0, 1898, 603, 1, 1, 0, 1, 1, 0, 2, 1]),
 (33, [657, 100, 1, 0, 0, 1118, 1653, 1, 0, 2, 3, 0, 2, 1, 0]),
 (12, [796, 35, 1, 1, 1, 1556, 961, 0, 1, 1, 4, 1, 2, 0, 2]),
 (16, [1811, 74, 1, 0, 0, 1176, 684, 0, 1, 2, 1, 0, 0, 0, 2]),
 (16, [911, 76, 1, 0, 1, 1454, 586, 1, 0, 2, 1, 1, 1, 1, 1]),
 (12, [1548, 46, 0, 0, 1, 688, 1237, 0, 1, 2, 3, 1, 1, 0, 1]),
 (12, [905, 17, 1, 0, 1, 2034, 528, 0, 1, 0, 3, 1, 2, 0, 0]),
 (12, [905, 17, 1, 0, 1, 2034, 528, 0, 1, 0, 3, 1, 2, 0, 0]),
 (12, [1531, 67, 1, 1, 0, 866, 586, 1, 1, 1, 4, 1, 2, 0, 1]),
 (12, [1548, 46, 0, 0, 1, 688, 1237, 0, 1, 2, 3, 1, 1, 0, 1]),
 (12, [905, 17, 1, 0, 1, 2034, 528, 0, 1, 0, 3, 1, 2, 0, 0]),
 (12, [796, 35, 1, 1, 1, 1556, 961, 0, 1, 1, 4, 1, 2, 0, 2]),
 (12, [1688, 112, 0, 0, 0, 1734, 694, 0, 0, 0, 0, 1, 2, 0, 0]),
 (13, [1658, 22, 0, 0, 0, 699, 718, 0, 1, 1, 4, 0, 0, 0, 0]),
 (12, [1531, 67, 1, 1, 0, 866, 586, 1, 1, 1, 4, 1, 2, 0, 1]),
 (12, [905, 17, 1, 0, 1, 2034, 528, 0, 1, 0, 3, 1, 2, 0, 0]),
 (33, [1269, 32, 1, 1, 0, 1898, 603, 1, 1, 0, 1, 1, 0, 2, 1]),
 (12, [1555, 104, 0, 0, 1, 786, 1179, 0, 0, 1, 2, 1, 0, 0, 2]),
 (12, [796, 35, 1, 1, 1, 1556, 961, 0, 1, 1, 4, 1, 2, 0, 2]),
 (12, [796, 35, 1, 1, 1, 1556, 961, 0, 1, 1, 4, 1, 2, 0, 2]),
 (12, [1548, 46, 0, 0, 1, 688, 1237, 0, 1, 2, 3, 1, 1, 0, 1]),
 (12, [1255, 97, 1, 1, 1, 1300, 2028, 1, 0, 1, 0, 1, 0, 2, 0]),
 (16, [1811, 74, 1, 0, 0, 1176, 684, 0, 1, 2, 1, 0, 0, 0, 2]),
 (12, [1531, 67, 1, 1, 0, 866, 586, 1, 1, 1, 4, 1, 2, 0, 1]),
 (16, [1814, 100, 0, 0, 1, 906, 1063, 1, 1, 0, 1, 1, 2, 1, 2]),
 (12, [585, 90, 0, 0, 1, 1020, 569, 0, 1, 1, 2, 1, 1, 1, 1])]
population
[(999, [2035, 38, 0, 0, 0, 1014, 908, 0, 1, 3, 3, 1, 2, 1, 0]),
 (999, [1953, 58, 1, 1, 0, 546, 632, 1, 0, 3, 1, 0, 0, 1, 2]),
 (999, [1686, 47, 1, 0, 0, 559, 612, 1, 1, 3, 5, 0, 2, 0, 2]),
 (999, [1588, 86, 1, 1, 1, 1037, 1364, 0, 0, 2, 5, 0, 0, 1, 0]),
 (999, [1517, 26, 1, 0, 0, 1463, 1093, 1, 1, 2, 5, 0, 0, 0, 2]),
 (999, [1248, 39, 0, 1, 0, 869, 1126, 1, 1, 3, 0, 0, 0, 2, 0]),
 (999, [1131, 96, 1, 0, 1, 856, 1155, 0, 1, 3, 1, 0, 2, 2, 1]),
 (999, [789, 67, 0, 0, 0, 1393, 872, 0, 1, 2, 5, 1, 0, 0, 0]),
 (999, [762, 25, 1, 0, 1, 1519, 1492, 0, 1, 3, 1, 1, 2, 0, 2]),
 (999, [538, 47, 0, 0, 1, 1196, 803, 1, 1, 3, 4, 1, 1, 1, 2]),
 (33, [1809, 102, 0, 1, 0, 2048, 1228, 1, 1, 0, 1, 1, 2, 2, 0]),
 (33, [1721, 79, 1, 0, 0, 940, 575, 1, 1, 0, 0, 1, 0, 1, 0]),
 (33, [1549, 13, 0, 0, 0, 1041, 1591, 0, 1, 1, 2, 0, 0, 1, 2]),
 (33, [1408, 114, 1, 0, 0, 1702, 1272, 0, 0, 1, 3, 1, 2, 2, 0]),
 (33, [1269, 32, 1, 1, 0, 1898, 603, 1, 1, 0, 1, 1, 0, 2, 1]),
 (33, [657, 100, 1, 0, 0, 1118, 1653, 1, 0, 2, 3, 0, 2, 1, 0]),
 (23, [1427, 87, 1, 1, 0, 816, 748, 1, 0, 1, 3, 0, 2, 1, 1]),
 (16, [1864, 17, 0, 0, 0, 2035, 1682, 1, 0, 2, 4, 0, 1, 0, 0]),
 (16, [1814, 100, 0, 0, 1, 906, 1063, 1, 1, 0, 1, 1, 2, 1, 2]),
 (16, [1811, 74, 1, 0, 0, 1176, 684, 0, 1, 2, 1, 0, 0, 0, 2]),
 (16, [1426, 65, 1, 0, 1, 1609, 926, 1, 1, 1, 1, 1, 0, 2, 2]),
 (16, [911, 76, 1, 0, 1, 1454, 586, 1, 0, 2, 1, 1, 1, 1, 1]),
 (13, [1658, 22, 0, 0, 0, 699, 718, 0, 1, 1, 4, 0, 0, 0, 0]),
 (12, [1688, 112, 0, 0, 0, 1734, 694, 0, 0, 0, 0, 1, 2, 0, 0]),
 (12, [1562, 31, 1, 1, 0, 677, 1183, 0, 0, 1, 4, 0, 0, 2, 1]),
 (12, [1555, 104, 0, 0, 1, 786, 1179, 0, 0, 1, 2, 1, 0, 0, 2]),
 (12, [1548, 46, 0, 0, 1, 688, 1237, 0, 1, 2, 3, 1, 1, 0, 1]),
 (12, [1531, 67, 1, 1, 0, 866, 586, 1, 1, 1, 4, 1, 2, 0, 1]),
 (12, [1255, 97, 1, 1, 1, 1300, 2028, 1, 0, 1, 0, 1, 0, 2, 0]),
 (12, [905, 17, 1, 0, 1, 2034, 528, 0, 1, 0, 3, 1, 2, 0, 0]),
 (12, [796, 35, 1, 1, 1, 1556, 961, 0, 1, 1, 4, 1, 2, 0, 2]),
 (12, [585, 90, 0, 0, 1, 1020, 569, 0, 1, 1, 2, 1, 1, 1, 1])]
scored
[(12, [585, 90, 0, 0, 1, 1020, 569, 0, 1, 1, 2, 1, 1, 1, 1]),
 (12, [796, 35, 1, 1, 1, 1556, 961, 0, 1, 1, 4, 1, 2, 0, 2]),
 (12, [905, 17, 1, 0, 1, 2034, 528, 0, 1, 0, 3, 1, 2, 0, 0]),
 (12, [1255, 97, 1, 1, 1, 1300, 2028, 1, 0, 1, 0, 1, 0, 2, 0]),
 (12, [1531, 67, 1, 1, 0, 866, 586, 1, 1, 1, 4, 1, 2, 0, 1]),
 (12, [1548, 46, 0, 0, 1, 688, 1237, 0, 1, 2, 3, 1, 1, 0, 1]),
 (12, [1555, 104, 0, 0, 1, 786, 1179, 0, 0, 1, 2, 1, 0, 0, 2]),
 (12, [1562, 31, 1, 1, 0, 677, 1183, 0, 0, 1, 4, 0, 0, 2, 1]),
 (12, [1688, 112, 0, 0, 0, 1734, 694, 0, 0, 0, 0, 1, 2, 0, 0]),
 (13, [1658, 22, 0, 0, 0, 699, 718, 0, 1, 1, 4, 0, 0, 0, 0]),
 (16, [911, 76, 1, 0, 1, 1454, 586, 1, 0, 2, 1, 1, 1, 1, 1]),
 (16, [1426, 65, 1, 0, 1, 1609, 926, 1, 1, 1, 1, 1, 0, 2, 2]),
 (16, [1811, 74, 1, 0, 0, 1176, 684, 0, 1, 2, 1, 0, 0, 0, 2]),
 (16, [1814, 100, 0, 0, 1, 906, 1063, 1, 1, 0, 1, 1, 2, 1, 2]),
 (16, [1864, 17, 0, 0, 0, 2035, 1682, 1, 0, 2, 4, 0, 1, 0, 0]),
 (23, [1427, 87, 1, 1, 0, 816, 748, 1, 0, 1, 3, 0, 2, 1, 1]),
 (33, [657, 100, 1, 0, 0, 1118, 1653, 1, 0, 2, 3, 0, 2, 1, 0]),
 (33, [1269, 32, 1, 1, 0, 1898, 603, 1, 1, 0, 1, 1, 0, 2, 1]),
 (33, [1408, 114, 1, 0, 0, 1702, 1272, 0, 0, 1, 3, 1, 2, 2, 0]),
 (33, [1549, 13, 0, 0, 0, 1041, 1591, 0, 1, 1, 2, 0, 0, 1, 2]),
 (33, [1721, 79, 1, 0, 0, 940, 575, 1, 1, 0, 0, 1, 0, 1, 0]),
 (33, [1809, 102, 0, 1, 0, 2048, 1228, 1, 1, 0, 1, 1, 2, 2, 0]),
 (999, [538, 47, 0, 0, 1, 1196, 803, 1, 1, 3, 4, 1, 1, 1, 2]),
 (999, [762, 25, 1, 0, 1, 1519, 1492, 0, 1, 3, 1, 1, 2, 0, 2]),
 (999, [789, 67, 0, 0, 0, 1393, 872, 0, 1, 2, 5, 1, 0, 0, 0]),
 (999, [1131, 96, 1, 0, 1, 856, 1155, 0, 1, 3, 1, 0, 2, 2, 1]),
 (999, [1248, 39, 0, 1, 0, 869, 1126, 1, 1, 3, 0, 0, 0, 2, 0]),
 (999, [1517, 26, 1, 0, 0, 1463, 1093, 1, 1, 2, 5, 0, 0, 0, 2]),
 (999, [1588, 86, 1, 1, 1, 1037, 1364, 0, 0, 2, 5, 0, 0, 1, 0]),
 (999, [1686, 47, 1, 0, 0, 559, 612, 1, 1, 3, 5, 0, 2, 0, 2]),
 (999, [1953, 58, 1, 1, 0, 546, 632, 1, 0, 3, 1, 0, 0, 1, 2]),
 (999, [2035, 38, 0, 0, 0, 1014, 908, 0, 1, 3, 3, 1, 2, 1, 0])]
Selected
[(12, [1555, 104, 0, 0, 1, 786, 1179, 0, 0, 1, 2, 1, 0, 0, 2]),
 (12, [905, 17, 1, 0, 1, 2034, 528, 0, 1, 0, 3, 1, 2, 0, 0]),
 (12, [796, 35, 1, 1, 1, 1556, 961, 0, 1, 1, 4, 1, 2, 0, 2]),
 (12, [1531, 67, 1, 1, 0, 866, 586, 1, 1, 1, 4, 1, 2, 0, 1]),
 (12, [1531, 67, 1, 1, 0, 866, 586, 1, 1, 1, 4, 1, 2, 0, 1]),
 (12, [796, 35, 1, 1, 1, 1556, 961, 0, 1, 1, 4, 1, 2, 0, 2]),
 (12, [1555, 104, 0, 0, 1, 786, 1179, 0, 0, 1, 2, 1, 0, 0, 2]),
 (12, [1548, 46, 0, 0, 1, 688, 1237, 0, 1, 2, 3, 1, 1, 0, 1]),
 (12, [1548, 46, 0, 0, 1, 688, 1237, 0, 1, 2, 3, 1, 1, 0, 1]),
 (12, [905, 17, 1, 0, 1, 2034, 528, 0, 1, 0, 3, 1, 2, 0, 0]),
 (12, [796, 35, 1, 1, 1, 1556, 961, 0, 1, 1, 4, 1, 2, 0, 2]),
 (12, [1531, 67, 1, 1, 0, 866, 586, 1, 1, 1, 4, 1, 2, 0, 1]),
 (12, [1548, 46, 0, 0, 1, 688, 1237, 0, 1, 2, 3, 1, 1, 0, 1]),
 (12, [1688, 112, 0, 0, 0, 1734, 694, 0, 0, 0, 0, 1, 2, 0, 0]),
 (12, [1255, 97, 1, 1, 1, 1300, 2028, 1, 0, 1, 0, 1, 0, 2, 0]),
 (12, [1555, 104, 0, 0, 1, 786, 1179, 0, 0, 1, 2, 1, 0, 0, 2]),
 (12, [905, 17, 1, 0, 1, 2034, 528, 0, 1, 0, 3, 1, 2, 0, 0]),
 (12, [905, 17, 1, 0, 1, 2034, 528, 0, 1, 0, 3, 1, 2, 0, 0]),
 (12, [1562, 31, 1, 1, 0, 677, 1183, 0, 0, 1, 4, 0, 0, 2, 1]),
 (12, [585, 90, 0, 0, 1, 1020, 569, 0, 1, 1, 2, 1, 1, 1, 1]),
 (12, [1255, 97, 1, 1, 1, 1300, 2028, 1, 0, 1, 0, 1, 0, 2, 0]),
 (12, [796, 35, 1, 1, 1, 1556, 961, 0, 1, 1, 4, 1, 2, 0, 2]),
 (12, [1255, 97, 1, 1, 1, 1300, 2028, 1, 0, 1, 0, 1, 0, 2, 0]),
 (12, [585, 90, 0, 0, 1, 1020, 569, 0, 1, 1, 2, 1, 1, 1, 1]),
 (12, [1548, 46, 0, 0, 1, 688, 1237, 0, 1, 2, 3, 1, 1, 0, 1]),
 (12, [1531, 67, 1, 1, 0, 866, 586, 1, 1, 1, 4, 1, 2, 0, 1]),
 (12, [585, 90, 0, 0, 1, 1020, 569, 0, 1, 1, 2, 1, 1, 1, 1])]
population
[(999, [2035, 38, 0, 0, 0, 1014, 908, 0, 1, 3, 3, 1, 2, 1, 0]),
 (999, [1953, 58, 1, 1, 0, 546, 632, 1, 0, 3, 1, 0, 0, 1, 2]),
 (999, [1686, 47, 1, 0, 0, 559, 612, 1, 1, 3, 5, 0, 2, 0, 2]),
 (999, [1588, 86, 1, 1, 1, 1037, 1364, 0, 0, 2, 5, 0, 0, 1, 0]),
 (999, [1517, 26, 1, 0, 0, 1463, 1093, 1, 1, 2, 5, 0, 0, 0, 2]),
 (999, [1248, 39, 0, 1, 0, 869, 1126, 1, 1, 3, 0, 0, 0, 2, 0]),
 (999, [1131, 96, 1, 0, 1, 856, 1155, 0, 1, 3, 1, 0, 2, 2, 1]),
 (999, [789, 67, 0, 0, 0, 1393, 872, 0, 1, 2, 5, 1, 0, 0, 0]),
 (999, [762, 25, 1, 0, 1, 1519, 1492, 0, 1, 3, 1, 1, 2, 0, 2]),
 (999, [538, 47, 0, 0, 1, 1196, 803, 1, 1, 3, 4, 1, 1, 1, 2]),
 (33, [1809, 102, 0, 1, 0, 2048, 1228, 1, 1, 0, 1, 1, 2, 2, 0]),
 (33, [1721, 79, 1, 0, 0, 940, 575, 1, 1, 0, 0, 1, 0, 1, 0]),
 (33, [1549, 13, 0, 0, 0, 1041, 1591, 0, 1, 1, 2, 0, 0, 1, 2]),
 (33, [1408, 114, 1, 0, 0, 1702, 1272, 0, 0, 1, 3, 1, 2, 2, 0]),
 (33, [1269, 32, 1, 1, 0, 1898, 603, 1, 1, 0, 1, 1, 0, 2, 1]),
 (33, [657, 100, 1, 0, 0, 1118, 1653, 1, 0, 2, 3, 0, 2, 1, 0]),
 (23, [1427, 87, 1, 1, 0, 816, 748, 1, 0, 1, 3, 0, 2, 1, 1]),
 (16, [1864, 17, 0, 0, 0, 2035, 1682, 1, 0, 2, 4, 0, 1, 0, 0]),
 (16, [1814, 100, 0, 0, 1, 906, 1063, 1, 1, 0, 1, 1, 2, 1, 2]),
 (16, [1811, 74, 1, 0, 0, 1176, 684, 0, 1, 2, 1, 0, 0, 0, 2]),
 (16, [1426, 65, 1, 0, 1, 1609, 926, 1, 1, 1, 1, 1, 0, 2, 2]),
 (16, [911, 76, 1, 0, 1, 1454, 586, 1, 0, 2, 1, 1, 1, 1, 1]),
 (13, [1658, 22, 0, 0, 0, 699, 718, 0, 1, 1, 4, 0, 0, 0, 0]),
 (12, [1688, 112, 0, 0, 0, 1734, 694, 0, 0, 0, 0, 1, 2, 0, 0]),
 (12, [1562, 31, 1, 1, 0, 677, 1183, 0, 0, 1, 4, 0, 0, 2, 1]),
 (12, [1555, 104, 0, 0, 1, 786, 1179, 0, 0, 1, 2, 1, 0, 0, 2]),
 (12, [1548, 46, 0, 0, 1, 688, 1237, 0, 1, 2, 3, 1, 1, 0, 1]),
 (12, [1531, 67, 1, 1, 0, 866, 586, 1, 1, 1, 4, 1, 2, 0, 1]),
 (12, [1255, 97, 1, 1, 1, 1300, 2028, 1, 0, 1, 0, 1, 0, 2, 0]),
 (12, [905, 17, 1, 0, 1, 2034, 528, 0, 1, 0, 3, 1, 2, 0, 0]),
 (12, [796, 35, 1, 1, 1, 1556, 961, 0, 1, 1, 4, 1, 2, 0, 2]),
 (12, [585, 90, 0, 0, 1, 1020, 569, 0, 1, 1, 2, 1, 1, 1, 1])]
scored
[(12, [585, 90, 0, 0, 1, 1020, 569, 0, 1, 1, 2, 1, 1, 1, 1]),
 (12, [796, 35, 1, 1, 1, 1556, 961, 0, 1, 1, 4, 1, 2, 0, 2]),
 (12, [905, 17, 1, 0, 1, 2034, 528, 0, 1, 0, 3, 1, 2, 0, 0]),
 (12, [1255, 97, 1, 1, 1, 1300, 2028, 1, 0, 1, 0, 1, 0, 2, 0]),
 (12, [1531, 67, 1, 1, 0, 866, 586, 1, 1, 1, 4, 1, 2, 0, 1]),
 (12, [1548, 46, 0, 0, 1, 688, 1237, 0, 1, 2, 3, 1, 1, 0, 1]),
 (12, [1555, 104, 0, 0, 1, 786, 1179, 0, 0, 1, 2, 1, 0, 0, 2]),
 (12, [1562, 31, 1, 1, 0, 677, 1183, 0, 0, 1, 4, 0, 0, 2, 1]),
 (12, [1688, 112, 0, 0, 0, 1734, 694, 0, 0, 0, 0, 1, 2, 0, 0]),
 (13, [1658, 22, 0, 0, 0, 699, 718, 0, 1, 1, 4, 0, 0, 0, 0]),
 (16, [911, 76, 1, 0, 1, 1454, 586, 1, 0, 2, 1, 1, 1, 1, 1]),
 (16, [1426, 65, 1, 0, 1, 1609, 926, 1, 1, 1, 1, 1, 0, 2, 2]),
 (16, [1811, 74, 1, 0, 0, 1176, 684, 0, 1, 2, 1, 0, 0, 0, 2]),
 (16, [1814, 100, 0, 0, 1, 906, 1063, 1, 1, 0, 1, 1, 2, 1, 2]),
 (16, [1864, 17, 0, 0, 0, 2035, 1682, 1, 0, 2, 4, 0, 1, 0, 0]),
 (23, [1427, 87, 1, 1, 0, 816, 748, 1, 0, 1, 3, 0, 2, 1, 1]),
 (33, [657, 100, 1, 0, 0, 1118, 1653, 1, 0, 2, 3, 0, 2, 1, 0]),
 (33, [1269, 32, 1, 1, 0, 1898, 603, 1, 1, 0, 1, 1, 0, 2, 1]),
 (33, [1408, 114, 1, 0, 0, 1702, 1272, 0, 0, 1, 3, 1, 2, 2, 0]),
 (33, [1549, 13, 0, 0, 0, 1041, 1591, 0, 1, 1, 2, 0, 0, 1, 2]),
 (33, [1721, 79, 1, 0, 0, 940, 575, 1, 1, 0, 0, 1, 0, 1, 0]),
 (33, [1809, 102, 0, 1, 0, 2048, 1228, 1, 1, 0, 1, 1, 2, 2, 0]),
 (999, [538, 47, 0, 0, 1, 1196, 803, 1, 1, 3, 4, 1, 1, 1, 2]),
 (999, [762, 25, 1, 0, 1, 1519, 1492, 0, 1, 3, 1, 1, 2, 0, 2]),
 (999, [789, 67, 0, 0, 0, 1393, 872, 0, 1, 2, 5, 1, 0, 0, 0]),
 (999, [1131, 96, 1, 0, 1, 856, 1155, 0, 1, 3, 1, 0, 2, 2, 1]),
 (999, [1248, 39, 0, 1, 0, 869, 1126, 1, 1, 3, 0, 0, 0, 2, 0]),
 (999, [1517, 26, 1, 0, 0, 1463, 1093, 1, 1, 2, 5, 0, 0, 0, 2]),
 (999, [1588, 86, 1, 1, 1, 1037, 1364, 0, 0, 2, 5, 0, 0, 1, 0]),
 (999, [1686, 47, 1, 0, 0, 559, 612, 1, 1, 3, 5, 0, 2, 0, 2]),
 (999, [1953, 58, 1, 1, 0, 546, 632, 1, 0, 3, 1, 0, 0, 1, 2]),
 (999, [2035, 38, 0, 0, 0, 1014, 908, 0, 1, 3, 3, 1, 2, 1, 0])]
Selected
[(33, [1269, 32, 1, 1, 0, 1898, 603, 1, 1, 0, 1, 1, 0, 2, 1]),
 (16, [1814, 100, 0, 0, 1, 906, 1063, 1, 1, 0, 1, 1, 2, 1, 2]),
 (12, [1255, 97, 1, 1, 1, 1300, 2028, 1, 0, 1, 0, 1, 0, 2, 0]),
 (12, [1548, 46, 0, 0, 1, 688, 1237, 0, 1, 2, 3, 1, 1, 0, 1]),
 (12, [796, 35, 1, 1, 1, 1556, 961, 0, 1, 1, 4, 1, 2, 0, 2]),
 (12, [1555, 104, 0, 0, 1, 786, 1179, 0, 0, 1, 2, 1, 0, 0, 2]),
 (12, [1255, 97, 1, 1, 1, 1300, 2028, 1, 0, 1, 0, 1, 0, 2, 0]),
 (12, [796, 35, 1, 1, 1, 1556, 961, 0, 1, 1, 4, 1, 2, 0, 2]),
 (12, [585, 90, 0, 0, 1, 1020, 569, 0, 1, 1, 2, 1, 1, 1, 1]),
 (12, [585, 90, 0, 0, 1, 1020, 569, 0, 1, 1, 2, 1, 1, 1, 1]),
 (12, [1562, 31, 1, 1, 0, 677, 1183, 0, 0, 1, 4, 0, 0, 2, 1]),
 (12, [1562, 31, 1, 1, 0, 677, 1183, 0, 0, 1, 4, 0, 0, 2, 1]),
 (12, [905, 17, 1, 0, 1, 2034, 528, 0, 1, 0, 3, 1, 2, 0, 0]),
 (16, [911, 76, 1, 0, 1, 1454, 586, 1, 0, 2, 1, 1, 1, 1, 1]),
 (12, [1562, 31, 1, 1, 0, 677, 1183, 0, 0, 1, 4, 0, 0, 2, 1]),
 (12, [585, 90, 0, 0, 1, 1020, 569, 0, 1, 1, 2, 1, 1, 1, 1]),
 (12, [1548, 46, 0, 0, 1, 688, 1237, 0, 1, 2, 3, 1, 1, 0, 1]),
 (12, [905, 17, 1, 0, 1, 2034, 528, 0, 1, 0, 3, 1, 2, 0, 0]),
 (12, [905, 17, 1, 0, 1, 2034, 528, 0, 1, 0, 3, 1, 2, 0, 0]),
 (12, [905, 17, 1, 0, 1, 2034, 528, 0, 1, 0, 3, 1, 2, 0, 0]),
 (12, [1531, 67, 1, 1, 0, 866, 586, 1, 1, 1, 4, 1, 2, 0, 1]),
 (12, [1562, 31, 1, 1, 0, 677, 1183, 0, 0, 1, 4, 0, 0, 2, 1]),
 (12, [1531, 67, 1, 1, 0, 866, 586, 1, 1, 1, 4, 1, 2, 0, 1]),
 (12, [796, 35, 1, 1, 1, 1556, 961, 0, 1, 1, 4, 1, 2, 0, 2]),
 (13, [1658, 22, 0, 0, 0, 699, 718, 0, 1, 1, 4, 0, 0, 0, 0]),
 (12, [905, 17, 1, 0, 1, 2034, 528, 0, 1, 0, 3, 1, 2, 0, 0]),
 (23, [1427, 87, 1, 1, 0, 816, 748, 1, 0, 1, 3, 0, 2, 1, 1])]
population
[(999, [2035, 38, 0, 0, 0, 1014, 908, 0, 1, 3, 3, 1, 2, 1, 0]),
 (999, [1953, 58, 1, 1, 0, 546, 632, 1, 0, 3, 1, 0, 0, 1, 2]),
 (999, [1686, 47, 1, 0, 0, 559, 612, 1, 1, 3, 5, 0, 2, 0, 2]),
 (999, [1588, 86, 1, 1, 1, 1037, 1364, 0, 0, 2, 5, 0, 0, 1, 0]),
 (999, [1517, 26, 1, 0, 0, 1463, 1093, 1, 1, 2, 5, 0, 0, 0, 2]),
 (999, [1248, 39, 0, 1, 0, 869, 1126, 1, 1, 3, 0, 0, 0, 2, 0]),
 (999, [1131, 96, 1, 0, 1, 856, 1155, 0, 1, 3, 1, 0, 2, 2, 1]),
 (999, [789, 67, 0, 0, 0, 1393, 872, 0, 1, 2, 5, 1, 0, 0, 0]),
 (999, [762, 25, 1, 0, 1, 1519, 1492, 0, 1, 3, 1, 1, 2, 0, 2]),
 (999, [538, 47, 0, 0, 1, 1196, 803, 1, 1, 3, 4, 1, 1, 1, 2]),
 (33, [1809, 102, 0, 1, 0, 2048, 1228, 1, 1, 0, 1, 1, 2, 2, 0]),
 (33, [1721, 79, 1, 0, 0, 940, 575, 1, 1, 0, 0, 1, 0, 1, 0]),
 (33, [1549, 13, 0, 0, 0, 1041, 1591, 0, 1, 1, 2, 0, 0, 1, 2]),
 (33, [1408, 114, 1, 0, 0, 1702, 1272, 0, 0, 1, 3, 1, 2, 2, 0]),
 (33, [1269, 32, 1, 1, 0, 1898, 603, 1, 1, 0, 1, 1, 0, 2, 1]),
 (33, [657, 100, 1, 0, 0, 1118, 1653, 1, 0, 2, 3, 0, 2, 1, 0]),
 (23, [1427, 87, 1, 1, 0, 816, 748, 1, 0, 1, 3, 0, 2, 1, 1]),
 (16, [1864, 17, 0, 0, 0, 2035, 1682, 1, 0, 2, 4, 0, 1, 0, 0]),
 (16, [1814, 100, 0, 0, 1, 906, 1063, 1, 1, 0, 1, 1, 2, 1, 2]),
 (16, [1811, 74, 1, 0, 0, 1176, 684, 0, 1, 2, 1, 0, 0, 0, 2]),
 (16, [1426, 65, 1, 0, 1, 1609, 926, 1, 1, 1, 1, 1, 0, 2, 2]),
 (16, [911, 76, 1, 0, 1, 1454, 586, 1, 0, 2, 1, 1, 1, 1, 1]),
 (13, [1658, 22, 0, 0, 0, 699, 718, 0, 1, 1, 4, 0, 0, 0, 0]),
 (12, [1688, 112, 0, 0, 0, 1734, 694, 0, 0, 0, 0, 1, 2, 0, 0]),
 (12, [1562, 31, 1, 1, 0, 677, 1183, 0, 0, 1, 4, 0, 0, 2, 1]),
 (12, [1555, 104, 0, 0, 1, 786, 1179, 0, 0, 1, 2, 1, 0, 0, 2]),
 (12, [1548, 46, 0, 0, 1, 688, 1237, 0, 1, 2, 3, 1, 1, 0, 1]),
 (12, [1531, 67, 1, 1, 0, 866, 586, 1, 1, 1, 4, 1, 2, 0, 1]),
 (12, [1255, 97, 1, 1, 1, 1300, 2028, 1, 0, 1, 0, 1, 0, 2, 0]),
 (12, [905, 17, 1, 0, 1, 2034, 528, 0, 1, 0, 3, 1, 2, 0, 0]),
 (12, [796, 35, 1, 1, 1, 1556, 961, 0, 1, 1, 4, 1, 2, 0, 2]),
 (12, [585, 90, 0, 0, 1, 1020, 569, 0, 1, 1, 2, 1, 1, 1, 1])]
scored
[(12, [585, 90, 0, 0, 1, 1020, 569, 0, 1, 1, 2, 1, 1, 1, 1]),
 (12, [796, 35, 1, 1, 1, 1556, 961, 0, 1, 1, 4, 1, 2, 0, 2]),
 (12, [905, 17, 1, 0, 1, 2034, 528, 0, 1, 0, 3, 1, 2, 0, 0]),
 (12, [1255, 97, 1, 1, 1, 1300, 2028, 1, 0, 1, 0, 1, 0, 2, 0]),
 (12, [1531, 67, 1, 1, 0, 866, 586, 1, 1, 1, 4, 1, 2, 0, 1]),
 (12, [1548, 46, 0, 0, 1, 688, 1237, 0, 1, 2, 3, 1, 1, 0, 1]),
 (12, [1555, 104, 0, 0, 1, 786, 1179, 0, 0, 1, 2, 1, 0, 0, 2]),
 (12, [1562, 31, 1, 1, 0, 677, 1183, 0, 0, 1, 4, 0, 0, 2, 1]),
 (12, [1688, 112, 0, 0, 0, 1734, 694, 0, 0, 0, 0, 1, 2, 0, 0]),
 (13, [1658, 22, 0, 0, 0, 699, 718, 0, 1, 1, 4, 0, 0, 0, 0]),
 (16, [911, 76, 1, 0, 1, 1454, 586, 1, 0, 2, 1, 1, 1, 1, 1]),
 (16, [1426, 65, 1, 0, 1, 1609, 926, 1, 1, 1, 1, 1, 0, 2, 2]),
 (16, [1811, 74, 1, 0, 0, 1176, 684, 0, 1, 2, 1, 0, 0, 0, 2]),
 (16, [1814, 100, 0, 0, 1, 906, 1063, 1, 1, 0, 1, 1, 2, 1, 2]),
 (16, [1864, 17, 0, 0, 0, 2035, 1682, 1, 0, 2, 4, 0, 1, 0, 0]),
 (23, [1427, 87, 1, 1, 0, 816, 748, 1, 0, 1, 3, 0, 2, 1, 1]),
 (33, [657, 100, 1, 0, 0, 1118, 1653, 1, 0, 2, 3, 0, 2, 1, 0]),
 (33, [1269, 32, 1, 1, 0, 1898, 603, 1, 1, 0, 1, 1, 0, 2, 1]),
 (33, [1408, 114, 1, 0, 0, 1702, 1272, 0, 0, 1, 3, 1, 2, 2, 0]),
 (33, [1549, 13, 0, 0, 0, 1041, 1591, 0, 1, 1, 2, 0, 0, 1, 2]),
 (33, [1721, 79, 1, 0, 0, 940, 575, 1, 1, 0, 0, 1, 0, 1, 0]),
 (33, [1809, 102, 0, 1, 0, 2048, 1228, 1, 1, 0, 1, 1, 2, 2, 0]),
 (999, [538, 47, 0, 0, 1, 1196, 803, 1, 1, 3, 4, 1, 1, 1, 2]),
 (999, [762, 25, 1, 0, 1, 1519, 1492, 0, 1, 3, 1, 1, 2, 0, 2]),
 (999, [789, 67, 0, 0, 0, 1393, 872, 0, 1, 2, 5, 1, 0, 0, 0]),
 (999, [1131, 96, 1, 0, 1, 856, 1155, 0, 1, 3, 1, 0, 2, 2, 1]),
 (999, [1248, 39, 0, 1, 0, 869, 1126, 1, 1, 3, 0, 0, 0, 2, 0]),
 (999, [1517, 26, 1, 0, 0, 1463, 1093, 1, 1, 2, 5, 0, 0, 0, 2]),
 (999, [1588, 86, 1, 1, 1, 1037, 1364, 0, 0, 2, 5, 0, 0, 1, 0]),
 (999, [1686, 47, 1, 0, 0, 559, 612, 1, 1, 3, 5, 0, 2, 0, 2]),
 (999, [1953, 58, 1, 1, 0, 546, 632, 1, 0, 3, 1, 0, 0, 1, 2]),
 (999, [2035, 38, 0, 0, 0, 1014, 908, 0, 1, 3, 3, 1, 2, 1, 0])]
Selected
[(12, [796, 35, 1, 1, 1, 1556, 961, 0, 1, 1, 4, 1, 2, 0, 2]),
 (12, [585, 90, 0, 0, 1, 1020, 569, 0, 1, 1, 2, 1, 1, 1, 1]),
 (12, [1688, 112, 0, 0, 0, 1734, 694, 0, 0, 0, 0, 1, 2, 0, 0]),
 (12, [905, 17, 1, 0, 1, 2034, 528, 0, 1, 0, 3, 1, 2, 0, 0]),
 (12, [1555, 104, 0, 0, 1, 786, 1179, 0, 0, 1, 2, 1, 0, 0, 2]),
 (12, [585, 90, 0, 0, 1, 1020, 569, 0, 1, 1, 2, 1, 1, 1, 1]),
 (12, [1555, 104, 0, 0, 1, 786, 1179, 0, 0, 1, 2, 1, 0, 0, 2]),
 (12, [1555, 104, 0, 0, 1, 786, 1179, 0, 0, 1, 2, 1, 0, 0, 2]),
 (16, [1811, 74, 1, 0, 0, 1176, 684, 0, 1, 2, 1, 0, 0, 0, 2]),
 (12, [1548, 46, 0, 0, 1, 688, 1237, 0, 1, 2, 3, 1, 1, 0, 1]),
 (12, [796, 35, 1, 1, 1, 1556, 961, 0, 1, 1, 4, 1, 2, 0, 2]),
 (12, [585, 90, 0, 0, 1, 1020, 569, 0, 1, 1, 2, 1, 1, 1, 1]),
 (16, [1426, 65, 1, 0, 1, 1609, 926, 1, 1, 1, 1, 1, 0, 2, 2]),
 (13, [1658, 22, 0, 0, 0, 699, 718, 0, 1, 1, 4, 0, 0, 0, 0]),
 (12, [796, 35, 1, 1, 1, 1556, 961, 0, 1, 1, 4, 1, 2, 0, 2]),
 (12, [585, 90, 0, 0, 1, 1020, 569, 0, 1, 1, 2, 1, 1, 1, 1]),
 (12, [1531, 67, 1, 1, 0, 866, 586, 1, 1, 1, 4, 1, 2, 0, 1]),
 (12, [1255, 97, 1, 1, 1, 1300, 2028, 1, 0, 1, 0, 1, 0, 2, 0]),
 (12, [1548, 46, 0, 0, 1, 688, 1237, 0, 1, 2, 3, 1, 1, 0, 1]),
 (12, [1562, 31, 1, 1, 0, 677, 1183, 0, 0, 1, 4, 0, 0, 2, 1]),
 (16, [1864, 17, 0, 0, 0, 2035, 1682, 1, 0, 2, 4, 0, 1, 0, 0]),
 (12, [1255, 97, 1, 1, 1, 1300, 2028, 1, 0, 1, 0, 1, 0, 2, 0]),
 (12, [796, 35, 1, 1, 1, 1556, 961, 0, 1, 1, 4, 1, 2, 0, 2]),
 (12, [1548, 46, 0, 0, 1, 688, 1237, 0, 1, 2, 3, 1, 1, 0, 1]),
 (12, [905, 17, 1, 0, 1, 2034, 528, 0, 1, 0, 3, 1, 2, 0, 0]),
 (12, [1548, 46, 0, 0, 1, 688, 1237, 0, 1, 2, 3, 1, 1, 0, 1]),
 (12, [905, 17, 1, 0, 1, 2034, 528, 0, 1, 0, 3, 1, 2, 0, 0])]
population
[(999, [2035, 38, 0, 0, 0, 1014, 908, 0, 1, 3, 3, 1, 2, 1, 0]),
 (999, [1953, 58, 1, 1, 0, 546, 632, 1, 0, 3, 1, 0, 0, 1, 2]),
 (999, [1686, 47, 1, 0, 0, 559, 612, 1, 1, 3, 5, 0, 2, 0, 2]),
 (999, [1588, 86, 1, 1, 1, 1037, 1364, 0, 0, 2, 5, 0, 0, 1, 0]),
 (999, [1517, 26, 1, 0, 0, 1463, 1093, 1, 1, 2, 5, 0, 0, 0, 2]),
 (999, [1248, 39, 0, 1, 0, 869, 1126, 1, 1, 3, 0, 0, 0, 2, 0]),
 (999, [1131, 96, 1, 0, 1, 856, 1155, 0, 1, 3, 1, 0, 2, 2, 1]),
 (999, [789, 67, 0, 0, 0, 1393, 872, 0, 1, 2, 5, 1, 0, 0, 0]),
 (999, [762, 25, 1, 0, 1, 1519, 1492, 0, 1, 3, 1, 1, 2, 0, 2]),
 (999, [538, 47, 0, 0, 1, 1196, 803, 1, 1, 3, 4, 1, 1, 1, 2]),
 (33, [1809, 102, 0, 1, 0, 2048, 1228, 1, 1, 0, 1, 1, 2, 2, 0]),
 (33, [1721, 79, 1, 0, 0, 940, 575, 1, 1, 0, 0, 1, 0, 1, 0]),
 (33, [1549, 13, 0, 0, 0, 1041, 1591, 0, 1, 1, 2, 0, 0, 1, 2]),
 (33, [1408, 114, 1, 0, 0, 1702, 1272, 0, 0, 1, 3, 1, 2, 2, 0]),
 (33, [1269, 32, 1, 1, 0, 1898, 603, 1, 1, 0, 1, 1, 0, 2, 1]),
 (33, [657, 100, 1, 0, 0, 1118, 1653, 1, 0, 2, 3, 0, 2, 1, 0]),
 (23, [1427, 87, 1, 1, 0, 816, 748, 1, 0, 1, 3, 0, 2, 1, 1]),
 (16, [1864, 17, 0, 0, 0, 2035, 1682, 1, 0, 2, 4, 0, 1, 0, 0]),
 (16, [1814, 100, 0, 0, 1, 906, 1063, 1, 1, 0, 1, 1, 2, 1, 2]),
 (16, [1811, 74, 1, 0, 0, 1176, 684, 0, 1, 2, 1, 0, 0, 0, 2]),
 (16, [1426, 65, 1, 0, 1, 1609, 926, 1, 1, 1, 1, 1, 0, 2, 2]),
 (16, [911, 76, 1, 0, 1, 1454, 586, 1, 0, 2, 1, 1, 1, 1, 1]),
 (13, [1658, 22, 0, 0, 0, 699, 718, 0, 1, 1, 4, 0, 0, 0, 0]),
 (12, [1688, 112, 0, 0, 0, 1734, 694, 0, 0, 0, 0, 1, 2, 0, 0]),
 (12, [1562, 31, 1, 1, 0, 677, 1183, 0, 0, 1, 4, 0, 0, 2, 1]),
 (12, [1555, 104, 0, 0, 1, 786, 1179, 0, 0, 1, 2, 1, 0, 0, 2]),
 (12, [1548, 46, 0, 0, 1, 688, 1237, 0, 1, 2, 3, 1, 1, 0, 1]),
 (12, [1531, 67, 1, 1, 0, 866, 586, 1, 1, 1, 4, 1, 2, 0, 1]),
 (12, [1255, 97, 1, 1, 1, 1300, 2028, 1, 0, 1, 0, 1, 0, 2, 0]),
 (12, [905, 17, 1, 0, 1, 2034, 528, 0, 1, 0, 3, 1, 2, 0, 0]),
 (12, [796, 35, 1, 1, 1, 1556, 961, 0, 1, 1, 4, 1, 2, 0, 2]),
 (12, [585, 90, 0, 0, 1, 1020, 569, 0, 1, 1, 2, 1, 1, 1, 1])]
scored
[(12, [585, 90, 0, 0, 1, 1020, 569, 0, 1, 1, 2, 1, 1, 1, 1]),
 (12, [796, 35, 1, 1, 1, 1556, 961, 0, 1, 1, 4, 1, 2, 0, 2]),
 (12, [905, 17, 1, 0, 1, 2034, 528, 0, 1, 0, 3, 1, 2, 0, 0]),
 (12, [1255, 97, 1, 1, 1, 1300, 2028, 1, 0, 1, 0, 1, 0, 2, 0]),
 (12, [1531, 67, 1, 1, 0, 866, 586, 1, 1, 1, 4, 1, 2, 0, 1]),
 (12, [1548, 46, 0, 0, 1, 688, 1237, 0, 1, 2, 3, 1, 1, 0, 1]),
 (12, [1555, 104, 0, 0, 1, 786, 1179, 0, 0, 1, 2, 1, 0, 0, 2]),
 (12, [1562, 31, 1, 1, 0, 677, 1183, 0, 0, 1, 4, 0, 0, 2, 1]),
 (12, [1688, 112, 0, 0, 0, 1734, 694, 0, 0, 0, 0, 1, 2, 0, 0]),
 (13, [1658, 22, 0, 0, 0, 699, 718, 0, 1, 1, 4, 0, 0, 0, 0]),
 (16, [911, 76, 1, 0, 1, 1454, 586, 1, 0, 2, 1, 1, 1, 1, 1]),
 (16, [1426, 65, 1, 0, 1, 1609, 926, 1, 1, 1, 1, 1, 0, 2, 2]),
 (16, [1811, 74, 1, 0, 0, 1176, 684, 0, 1, 2, 1, 0, 0, 0, 2]),
 (16, [1814, 100, 0, 0, 1, 906, 1063, 1, 1, 0, 1, 1, 2, 1, 2]),
 (16, [1864, 17, 0, 0, 0, 2035, 1682, 1, 0, 2, 4, 0, 1, 0, 0]),
 (23, [1427, 87, 1, 1, 0, 816, 748, 1, 0, 1, 3, 0, 2, 1, 1]),
 (33, [657, 100, 1, 0, 0, 1118, 1653, 1, 0, 2, 3, 0, 2, 1, 0]),
 (33, [1269, 32, 1, 1, 0, 1898, 603, 1, 1, 0, 1, 1, 0, 2, 1]),
 (33, [1408, 114, 1, 0, 0, 1702, 1272, 0, 0, 1, 3, 1, 2, 2, 0]),
 (33, [1549, 13, 0, 0, 0, 1041, 1591, 0, 1, 1, 2, 0, 0, 1, 2]),
 (33, [1721, 79, 1, 0, 0, 940, 575, 1, 1, 0, 0, 1, 0, 1, 0]),
 (33, [1809, 102, 0, 1, 0, 2048, 1228, 1, 1, 0, 1, 1, 2, 2, 0]),
 (999, [538, 47, 0, 0, 1, 1196, 803, 1, 1, 3, 4, 1, 1, 1, 2]),
 (999, [762, 25, 1, 0, 1, 1519, 1492, 0, 1, 3, 1, 1, 2, 0, 2]),
 (999, [789, 67, 0, 0, 0, 1393, 872, 0, 1, 2, 5, 1, 0, 0, 0]),
 (999, [1131, 96, 1, 0, 1, 856, 1155, 0, 1, 3, 1, 0, 2, 2, 1]),
 (999, [1248, 39, 0, 1, 0, 869, 1126, 1, 1, 3, 0, 0, 0, 2, 0]),
 (999, [1517, 26, 1, 0, 0, 1463, 1093, 1, 1, 2, 5, 0, 0, 0, 2]),
 (999, [1588, 86, 1, 1, 1, 1037, 1364, 0, 0, 2, 5, 0, 0, 1, 0]),
 (999, [1686, 47, 1, 0, 0, 559, 612, 1, 1, 3, 5, 0, 2, 0, 2]),
 (999, [1953, 58, 1, 1, 0, 546, 632, 1, 0, 3, 1, 0, 0, 1, 2]),
 (999, [2035, 38, 0, 0, 0, 1014, 908, 0, 1, 3, 3, 1, 2, 1, 0])]
Selected
[(12, [1255, 97, 1, 1, 1, 1300, 2028, 1, 0, 1, 0, 1, 0, 2, 0]),
 (12, [905, 17, 1, 0, 1, 2034, 528, 0, 1, 0, 3, 1, 2, 0, 0]),
 (12, [1548, 46, 0, 0, 1, 688, 1237, 0, 1, 2, 3, 1, 1, 0, 1]),
 (12, [1531, 67, 1, 1, 0, 866, 586, 1, 1, 1, 4, 1, 2, 0, 1]),
 (12, [905, 17, 1, 0, 1, 2034, 528, 0, 1, 0, 3, 1, 2, 0, 0]),
 (12, [796, 35, 1, 1, 1, 1556, 961, 0, 1, 1, 4, 1, 2, 0, 2]),
 (12, [585, 90, 0, 0, 1, 1020, 569, 0, 1, 1, 2, 1, 1, 1, 1]),
 (12, [796, 35, 1, 1, 1, 1556, 961, 0, 1, 1, 4, 1, 2, 0, 2]),
 (16, [1426, 65, 1, 0, 1, 1609, 926, 1, 1, 1, 1, 1, 0, 2, 2]),
 (12, [905, 17, 1, 0, 1, 2034, 528, 0, 1, 0, 3, 1, 2, 0, 0]),
 (12, [1255, 97, 1, 1, 1, 1300, 2028, 1, 0, 1, 0, 1, 0, 2, 0]),
 (12, [905, 17, 1, 0, 1, 2034, 528, 0, 1, 0, 3, 1, 2, 0, 0]),
 (16, [911, 76, 1, 0, 1, 1454, 586, 1, 0, 2, 1, 1, 1, 1, 1]),
 (13, [1658, 22, 0, 0, 0, 699, 718, 0, 1, 1, 4, 0, 0, 0, 0]),
 (12, [1548, 46, 0, 0, 1, 688, 1237, 0, 1, 2, 3, 1, 1, 0, 1]),
 (12, [585, 90, 0, 0, 1, 1020, 569, 0, 1, 1, 2, 1, 1, 1, 1]),
 (12, [585, 90, 0, 0, 1, 1020, 569, 0, 1, 1, 2, 1, 1, 1, 1]),
 (12, [1562, 31, 1, 1, 0, 677, 1183, 0, 0, 1, 4, 0, 0, 2, 1]),
 (13, [1658, 22, 0, 0, 0, 699, 718, 0, 1, 1, 4, 0, 0, 0, 0]),
 (12, [1548, 46, 0, 0, 1, 688, 1237, 0, 1, 2, 3, 1, 1, 0, 1]),
 (12, [585, 90, 0, 0, 1, 1020, 569, 0, 1, 1, 2, 1, 1, 1, 1]),
 (13, [1658, 22, 0, 0, 0, 699, 718, 0, 1, 1, 4, 0, 0, 0, 0]),
 (16, [1426, 65, 1, 0, 1, 1609, 926, 1, 1, 1, 1, 1, 0, 2, 2]),
 (12, [1555, 104, 0, 0, 1, 786, 1179, 0, 0, 1, 2, 1, 0, 0, 2]),
 (12, [1531, 67, 1, 1, 0, 866, 586, 1, 1, 1, 4, 1, 2, 0, 1]),
 (16, [1426, 65, 1, 0, 1, 1609, 926, 1, 1, 1, 1, 1, 0, 2, 2]),
 (12, [905, 17, 1, 0, 1, 2034, 528, 0, 1, 0, 3, 1, 2, 0, 0])]
population
[(999, [2035, 38, 0, 0, 0, 1014, 908, 0, 1, 3, 3, 1, 2, 1, 0]),
 (999, [1953, 58, 1, 1, 0, 546, 632, 1, 0, 3, 1, 0, 0, 1, 2]),
 (999, [1686, 47, 1, 0, 0, 559, 612, 1, 1, 3, 5, 0, 2, 0, 2]),
 (999, [1588, 86, 1, 1, 1, 1037, 1364, 0, 0, 2, 5, 0, 0, 1, 0]),
 (999, [1517, 26, 1, 0, 0, 1463, 1093, 1, 1, 2, 5, 0, 0, 0, 2]),
 (999, [1248, 39, 0, 1, 0, 869, 1126, 1, 1, 3, 0, 0, 0, 2, 0]),
 (999, [1131, 96, 1, 0, 1, 856, 1155, 0, 1, 3, 1, 0, 2, 2, 1]),
 (999, [789, 67, 0, 0, 0, 1393, 872, 0, 1, 2, 5, 1, 0, 0, 0]),
 (999, [762, 25, 1, 0, 1, 1519, 1492, 0, 1, 3, 1, 1, 2, 0, 2]),
 (999, [538, 47, 0, 0, 1, 1196, 803, 1, 1, 3, 4, 1, 1, 1, 2]),
 (33, [1809, 102, 0, 1, 0, 2048, 1228, 1, 1, 0, 1, 1, 2, 2, 0]),
 (33, [1721, 79, 1, 0, 0, 940, 575, 1, 1, 0, 0, 1, 0, 1, 0]),
 (33, [1549, 13, 0, 0, 0, 1041, 1591, 0, 1, 1, 2, 0, 0, 1, 2]),
 (33, [1408, 114, 1, 0, 0, 1702, 1272, 0, 0, 1, 3, 1, 2, 2, 0]),
 (33, [1269, 32, 1, 1, 0, 1898, 603, 1, 1, 0, 1, 1, 0, 2, 1]),
 (33, [657, 100, 1, 0, 0, 1118, 1653, 1, 0, 2, 3, 0, 2, 1, 0]),
 (23, [1427, 87, 1, 1, 0, 816, 748, 1, 0, 1, 3, 0, 2, 1, 1]),
 (16, [1864, 17, 0, 0, 0, 2035, 1682, 1, 0, 2, 4, 0, 1, 0, 0]),
 (16, [1814, 100, 0, 0, 1, 906, 1063, 1, 1, 0, 1, 1, 2, 1, 2]),
 (16, [1811, 74, 1, 0, 0, 1176, 684, 0, 1, 2, 1, 0, 0, 0, 2]),
 (16, [1426, 65, 1, 0, 1, 1609, 926, 1, 1, 1, 1, 1, 0, 2, 2]),
 (16, [911, 76, 1, 0, 1, 1454, 586, 1, 0, 2, 1, 1, 1, 1, 1]),
 (13, [1658, 22, 0, 0, 0, 699, 718, 0, 1, 1, 4, 0, 0, 0, 0]),
 (12, [1688, 112, 0, 0, 0, 1734, 694, 0, 0, 0, 0, 1, 2, 0, 0]),
 (12, [1562, 31, 1, 1, 0, 677, 1183, 0, 0, 1, 4, 0, 0, 2, 1]),
 (12, [1555, 104, 0, 0, 1, 786, 1179, 0, 0, 1, 2, 1, 0, 0, 2]),
 (12, [1548, 46, 0, 0, 1, 688, 1237, 0, 1, 2, 3, 1, 1, 0, 1]),
 (12, [1531, 67, 1, 1, 0, 866, 586, 1, 1, 1, 4, 1, 2, 0, 1]),
 (12, [1255, 97, 1, 1, 1, 1300, 2028, 1, 0, 1, 0, 1, 0, 2, 0]),
 (12, [905, 17, 1, 0, 1, 2034, 528, 0, 1, 0, 3, 1, 2, 0, 0]),
 (12, [796, 35, 1, 1, 1, 1556, 961, 0, 1, 1, 4, 1, 2, 0, 2]),
 (12, [585, 90, 0, 0, 1, 1020, 569, 0, 1, 1, 2, 1, 1, 1, 1])]
scored
[(12, [585, 90, 0, 0, 1, 1020, 569, 0, 1, 1, 2, 1, 1, 1, 1]),
 (12, [796, 35, 1, 1, 1, 1556, 961, 0, 1, 1, 4, 1, 2, 0, 2]),
 (12, [905, 17, 1, 0, 1, 2034, 528, 0, 1, 0, 3, 1, 2, 0, 0]),
 (12, [1255, 97, 1, 1, 1, 1300, 2028, 1, 0, 1, 0, 1, 0, 2, 0]),
 (12, [1531, 67, 1, 1, 0, 866, 586, 1, 1, 1, 4, 1, 2, 0, 1]),
 (12, [1548, 46, 0, 0, 1, 688, 1237, 0, 1, 2, 3, 1, 1, 0, 1]),
 (12, [1555, 104, 0, 0, 1, 786, 1179, 0, 0, 1, 2, 1, 0, 0, 2]),
 (12, [1562, 31, 1, 1, 0, 677, 1183, 0, 0, 1, 4, 0, 0, 2, 1]),
 (12, [1688, 112, 0, 0, 0, 1734, 694, 0, 0, 0, 0, 1, 2, 0, 0]),
 (13, [1658, 22, 0, 0, 0, 699, 718, 0, 1, 1, 4, 0, 0, 0, 0]),
 (16, [911, 76, 1, 0, 1, 1454, 586, 1, 0, 2, 1, 1, 1, 1, 1]),
 (16, [1426, 65, 1, 0, 1, 1609, 926, 1, 1, 1, 1, 1, 0, 2, 2]),
 (16, [1811, 74, 1, 0, 0, 1176, 684, 0, 1, 2, 1, 0, 0, 0, 2]),
 (16, [1814, 100, 0, 0, 1, 906, 1063, 1, 1, 0, 1, 1, 2, 1, 2]),
 (16, [1864, 17, 0, 0, 0, 2035, 1682, 1, 0, 2, 4, 0, 1, 0, 0]),
 (23, [1427, 87, 1, 1, 0, 816, 748, 1, 0, 1, 3, 0, 2, 1, 1]),
 (33, [657, 100, 1, 0, 0, 1118, 1653, 1, 0, 2, 3, 0, 2, 1, 0]),
 (33, [1269, 32, 1, 1, 0, 1898, 603, 1, 1, 0, 1, 1, 0, 2, 1]),
 (33, [1408, 114, 1, 0, 0, 1702, 1272, 0, 0, 1, 3, 1, 2, 2, 0]),
 (33, [1549, 13, 0, 0, 0, 1041, 1591, 0, 1, 1, 2, 0, 0, 1, 2]),
 (33, [1721, 79, 1, 0, 0, 940, 575, 1, 1, 0, 0, 1, 0, 1, 0]),
 (33, [1809, 102, 0, 1, 0, 2048, 1228, 1, 1, 0, 1, 1, 2, 2, 0]),
 (999, [538, 47, 0, 0, 1, 1196, 803, 1, 1, 3, 4, 1, 1, 1, 2]),
 (999, [762, 25, 1, 0, 1, 1519, 1492, 0, 1, 3, 1, 1, 2, 0, 2]),
 (999, [789, 67, 0, 0, 0, 1393, 872, 0, 1, 2, 5, 1, 0, 0, 0]),
 (999, [1131, 96, 1, 0, 1, 856, 1155, 0, 1, 3, 1, 0, 2, 2, 1]),
 (999, [1248, 39, 0, 1, 0, 869, 1126, 1, 1, 3, 0, 0, 0, 2, 0]),
 (999, [1517, 26, 1, 0, 0, 1463, 1093, 1, 1, 2, 5, 0, 0, 0, 2]),
 (999, [1588, 86, 1, 1, 1, 1037, 1364, 0, 0, 2, 5, 0, 0, 1, 0]),
 (999, [1686, 47, 1, 0, 0, 559, 612, 1, 1, 3, 5, 0, 2, 0, 2]),
 (999, [1953, 58, 1, 1, 0, 546, 632, 1, 0, 3, 1, 0, 0, 1, 2]),
 (999, [2035, 38, 0, 0, 0, 1014, 908, 0, 1, 3, 3, 1, 2, 1, 0])]
Selected
[(12, [585, 90, 0, 0, 1, 1020, 569, 0, 1, 1, 2, 1, 1, 1, 1]),
 (12, [905, 17, 1, 0, 1, 2034, 528, 0, 1, 0, 3, 1, 2, 0, 0]),
 (12, [585, 90, 0, 0, 1, 1020, 569, 0, 1, 1, 2, 1, 1, 1, 1]),
 (13, [1658, 22, 0, 0, 0, 699, 718, 0, 1, 1, 4, 0, 0, 0, 0]),
 (12, [796, 35, 1, 1, 1, 1556, 961, 0, 1, 1, 4, 1, 2, 0, 2]),
 (23, [1427, 87, 1, 1, 0, 816, 748, 1, 0, 1, 3, 0, 2, 1, 1]),
 (12, [796, 35, 1, 1, 1, 1556, 961, 0, 1, 1, 4, 1, 2, 0, 2]),
 (12, [1688, 112, 0, 0, 0, 1734, 694, 0, 0, 0, 0, 1, 2, 0, 0]),
 (12, [796, 35, 1, 1, 1, 1556, 961, 0, 1, 1, 4, 1, 2, 0, 2]),
 (16, [1811, 74, 1, 0, 0, 1176, 684, 0, 1, 2, 1, 0, 0, 0, 2]),
 (12, [796, 35, 1, 1, 1, 1556, 961, 0, 1, 1, 4, 1, 2, 0, 2]),
 (12, [1555, 104, 0, 0, 1, 786, 1179, 0, 0, 1, 2, 1, 0, 0, 2]),
 (12, [905, 17, 1, 0, 1, 2034, 528, 0, 1, 0, 3, 1, 2, 0, 0]),
 (12, [1255, 97, 1, 1, 1, 1300, 2028, 1, 0, 1, 0, 1, 0, 2, 0]),
 (12, [1555, 104, 0, 0, 1, 786, 1179, 0, 0, 1, 2, 1, 0, 0, 2]),
 (12, [1555, 104, 0, 0, 1, 786, 1179, 0, 0, 1, 2, 1, 0, 0, 2]),
 (16, [1426, 65, 1, 0, 1, 1609, 926, 1, 1, 1, 1, 1, 0, 2, 2]),
 (23, [1427, 87, 1, 1, 0, 816, 748, 1, 0, 1, 3, 0, 2, 1, 1]),
 (12, [1548, 46, 0, 0, 1, 688, 1237, 0, 1, 2, 3, 1, 1, 0, 1]),
 (12, [1548, 46, 0, 0, 1, 688, 1237, 0, 1, 2, 3, 1, 1, 0, 1]),
 (12, [905, 17, 1, 0, 1, 2034, 528, 0, 1, 0, 3, 1, 2, 0, 0]),
 (16, [1811, 74, 1, 0, 0, 1176, 684, 0, 1, 2, 1, 0, 0, 0, 2]),
 (12, [905, 17, 1, 0, 1, 2034, 528, 0, 1, 0, 3, 1, 2, 0, 0]),
 (13, [1658, 22, 0, 0, 0, 699, 718, 0, 1, 1, 4, 0, 0, 0, 0]),
 (12, [1688, 112, 0, 0, 0, 1734, 694, 0, 0, 0, 0, 1, 2, 0, 0]),
 (12, [1255, 97, 1, 1, 1, 1300, 2028, 1, 0, 1, 0, 1, 0, 2, 0]),
 (12, [1562, 31, 1, 1, 0, 677, 1183, 0, 0, 1, 4, 0, 0, 2, 1])]
population
[(999, [2035, 38, 0, 0, 0, 1014, 908, 0, 1, 3, 3, 1, 2, 1, 0]),
 (999, [1953, 58, 1, 1, 0, 546, 632, 1, 0, 3, 1, 0, 0, 1, 2]),
 (999, [1686, 47, 1, 0, 0, 559, 612, 1, 1, 3, 5, 0, 2, 0, 2]),
 (999, [1588, 86, 1, 1, 1, 1037, 1364, 0, 0, 2, 5, 0, 0, 1, 0]),
 (999, [1517, 26, 1, 0, 0, 1463, 1093, 1, 1, 2, 5, 0, 0, 0, 2]),
 (999, [1248, 39, 0, 1, 0, 869, 1126, 1, 1, 3, 0, 0, 0, 2, 0]),
 (999, [1131, 96, 1, 0, 1, 856, 1155, 0, 1, 3, 1, 0, 2, 2, 1]),
 (999, [789, 67, 0, 0, 0, 1393, 872, 0, 1, 2, 5, 1, 0, 0, 0]),
 (999, [762, 25, 1, 0, 1, 1519, 1492, 0, 1, 3, 1, 1, 2, 0, 2]),
 (999, [538, 47, 0, 0, 1, 1196, 803, 1, 1, 3, 4, 1, 1, 1, 2]),
 (33, [1809, 102, 0, 1, 0, 2048, 1228, 1, 1, 0, 1, 1, 2, 2, 0]),
 (33, [1721, 79, 1, 0, 0, 940, 575, 1, 1, 0, 0, 1, 0, 1, 0]),
 (33, [1549, 13, 0, 0, 0, 1041, 1591, 0, 1, 1, 2, 0, 0, 1, 2]),
 (33, [1408, 114, 1, 0, 0, 1702, 1272, 0, 0, 1, 3, 1, 2, 2, 0]),
 (33, [1269, 32, 1, 1, 0, 1898, 603, 1, 1, 0, 1, 1, 0, 2, 1]),
 (33, [657, 100, 1, 0, 0, 1118, 1653, 1, 0, 2, 3, 0, 2, 1, 0]),
 (23, [1427, 87, 1, 1, 0, 816, 748, 1, 0, 1, 3, 0, 2, 1, 1]),
 (16, [1864, 17, 0, 0, 0, 2035, 1682, 1, 0, 2, 4, 0, 1, 0, 0]),
 (16, [1814, 100, 0, 0, 1, 906, 1063, 1, 1, 0, 1, 1, 2, 1, 2]),
 (16, [1811, 74, 1, 0, 0, 1176, 684, 0, 1, 2, 1, 0, 0, 0, 2]),
 (16, [1426, 65, 1, 0, 1, 1609, 926, 1, 1, 1, 1, 1, 0, 2, 2]),
 (16, [911, 76, 1, 0, 1, 1454, 586, 1, 0, 2, 1, 1, 1, 1, 1]),
 (13, [1658, 22, 0, 0, 0, 699, 718, 0, 1, 1, 4, 0, 0, 0, 0]),
 (12, [1688, 112, 0, 0, 0, 1734, 694, 0, 0, 0, 0, 1, 2, 0, 0]),
 (12, [1562, 31, 1, 1, 0, 677, 1183, 0, 0, 1, 4, 0, 0, 2, 1]),
 (12, [1555, 104, 0, 0, 1, 786, 1179, 0, 0, 1, 2, 1, 0, 0, 2]),
 (12, [1548, 46, 0, 0, 1, 688, 1237, 0, 1, 2, 3, 1, 1, 0, 1]),
 (12, [1531, 67, 1, 1, 0, 866, 586, 1, 1, 1, 4, 1, 2, 0, 1]),
 (12, [1255, 97, 1, 1, 1, 1300, 2028, 1, 0, 1, 0, 1, 0, 2, 0]),
 (12, [905, 17, 1, 0, 1, 2034, 528, 0, 1, 0, 3, 1, 2, 0, 0]),
 (12, [796, 35, 1, 1, 1, 1556, 961, 0, 1, 1, 4, 1, 2, 0, 2]),
 (12, [585, 90, 0, 0, 1, 1020, 569, 0, 1, 1, 2, 1, 1, 1, 1])]
scored
[(12, [585, 90, 0, 0, 1, 1020, 569, 0, 1, 1, 2, 1, 1, 1, 1]),
 (12, [796, 35, 1, 1, 1, 1556, 961, 0, 1, 1, 4, 1, 2, 0, 2]),
 (12, [905, 17, 1, 0, 1, 2034, 528, 0, 1, 0, 3, 1, 2, 0, 0]),
 (12, [1255, 97, 1, 1, 1, 1300, 2028, 1, 0, 1, 0, 1, 0, 2, 0]),
 (12, [1531, 67, 1, 1, 0, 866, 586, 1, 1, 1, 4, 1, 2, 0, 1]),
 (12, [1548, 46, 0, 0, 1, 688, 1237, 0, 1, 2, 3, 1, 1, 0, 1]),
 (12, [1555, 104, 0, 0, 1, 786, 1179, 0, 0, 1, 2, 1, 0, 0, 2]),
 (12, [1562, 31, 1, 1, 0, 677, 1183, 0, 0, 1, 4, 0, 0, 2, 1]),
 (12, [1688, 112, 0, 0, 0, 1734, 694, 0, 0, 0, 0, 1, 2, 0, 0]),
 (13, [1658, 22, 0, 0, 0, 699, 718, 0, 1, 1, 4, 0, 0, 0, 0]),
 (16, [911, 76, 1, 0, 1, 1454, 586, 1, 0, 2, 1, 1, 1, 1, 1]),
 (16, [1426, 65, 1, 0, 1, 1609, 926, 1, 1, 1, 1, 1, 0, 2, 2]),
 (16, [1811, 74, 1, 0, 0, 1176, 684, 0, 1, 2, 1, 0, 0, 0, 2]),
 (16, [1814, 100, 0, 0, 1, 906, 1063, 1, 1, 0, 1, 1, 2, 1, 2]),
 (16, [1864, 17, 0, 0, 0, 2035, 1682, 1, 0, 2, 4, 0, 1, 0, 0]),
 (23, [1427, 87, 1, 1, 0, 816, 748, 1, 0, 1, 3, 0, 2, 1, 1]),
 (33, [657, 100, 1, 0, 0, 1118, 1653, 1, 0, 2, 3, 0, 2, 1, 0]),
 (33, [1269, 32, 1, 1, 0, 1898, 603, 1, 1, 0, 1, 1, 0, 2, 1]),
 (33, [1408, 114, 1, 0, 0, 1702, 1272, 0, 0, 1, 3, 1, 2, 2, 0]),
 (33, [1549, 13, 0, 0, 0, 1041, 1591, 0, 1, 1, 2, 0, 0, 1, 2]),
 (33, [1721, 79, 1, 0, 0, 940, 575, 1, 1, 0, 0, 1, 0, 1, 0]),
 (33, [1809, 102, 0, 1, 0, 2048, 1228, 1, 1, 0, 1, 1, 2, 2, 0]),
 (999, [538, 47, 0, 0, 1, 1196, 803, 1, 1, 3, 4, 1, 1, 1, 2]),
 (999, [762, 25, 1, 0, 1, 1519, 1492, 0, 1, 3, 1, 1, 2, 0, 2]),
 (999, [789, 67, 0, 0, 0, 1393, 872, 0, 1, 2, 5, 1, 0, 0, 0]),
 (999, [1131, 96, 1, 0, 1, 856, 1155, 0, 1, 3, 1, 0, 2, 2, 1]),
 (999, [1248, 39, 0, 1, 0, 869, 1126, 1, 1, 3, 0, 0, 0, 2, 0]),
 (999, [1517, 26, 1, 0, 0, 1463, 1093, 1, 1, 2, 5, 0, 0, 0, 2]),
 (999, [1588, 86, 1, 1, 1, 1037, 1364, 0, 0, 2, 5, 0, 0, 1, 0]),
 (999, [1686, 47, 1, 0, 0, 559, 612, 1, 1, 3, 5, 0, 2, 0, 2]),
 (999, [1953, 58, 1, 1, 0, 546, 632, 1, 0, 3, 1, 0, 0, 1, 2]),
 (999, [2035, 38, 0, 0, 0, 1014, 908, 0, 1, 3, 3, 1, 2, 1, 0])]
Selected
[(12, [905, 17, 1, 0, 1, 2034, 528, 0, 1, 0, 3, 1, 2, 0, 0]),
 (16, [1864, 17, 0, 0, 0, 2035, 1682, 1, 0, 2, 4, 0, 1, 0, 0]),
 (12, [1548, 46, 0, 0, 1, 688, 1237, 0, 1, 2, 3, 1, 1, 0, 1]),
 (12, [905, 17, 1, 0, 1, 2034, 528, 0, 1, 0, 3, 1, 2, 0, 0]),
 (12, [1688, 112, 0, 0, 0, 1734, 694, 0, 0, 0, 0, 1, 2, 0, 0]),
 (12, [1555, 104, 0, 0, 1, 786, 1179, 0, 0, 1, 2, 1, 0, 0, 2]),
 (16, [1811, 74, 1, 0, 0, 1176, 684, 0, 1, 2, 1, 0, 0, 0, 2]),
 (12, [1548, 46, 0, 0, 1, 688, 1237, 0, 1, 2, 3, 1, 1, 0, 1]),
 (12, [905, 17, 1, 0, 1, 2034, 528, 0, 1, 0, 3, 1, 2, 0, 0]),
 (12, [1548, 46, 0, 0, 1, 688, 1237, 0, 1, 2, 3, 1, 1, 0, 1]),
 (12, [585, 90, 0, 0, 1, 1020, 569, 0, 1, 1, 2, 1, 1, 1, 1]),
 (16, [911, 76, 1, 0, 1, 1454, 586, 1, 0, 2, 1, 1, 1, 1, 1]),
 (16, [911, 76, 1, 0, 1, 1454, 586, 1, 0, 2, 1, 1, 1, 1, 1]),
 (12, [1555, 104, 0, 0, 1, 786, 1179, 0, 0, 1, 2, 1, 0, 0, 2]),
 (12, [1548, 46, 0, 0, 1, 688, 1237, 0, 1, 2, 3, 1, 1, 0, 1]),
 (12, [796, 35, 1, 1, 1, 1556, 961, 0, 1, 1, 4, 1, 2, 0, 2]),
 (16, [911, 76, 1, 0, 1, 1454, 586, 1, 0, 2, 1, 1, 1, 1, 1]),
 (12, [1255, 97, 1, 1, 1, 1300, 2028, 1, 0, 1, 0, 1, 0, 2, 0]),
 (16, [911, 76, 1, 0, 1, 1454, 586, 1, 0, 2, 1, 1, 1, 1, 1]),
 (12, [796, 35, 1, 1, 1, 1556, 961, 0, 1, 1, 4, 1, 2, 0, 2]),
 (12, [585, 90, 0, 0, 1, 1020, 569, 0, 1, 1, 2, 1, 1, 1, 1]),
 (13, [1658, 22, 0, 0, 0, 699, 718, 0, 1, 1, 4, 0, 0, 0, 0]),
 (12, [905, 17, 1, 0, 1, 2034, 528, 0, 1, 0, 3, 1, 2, 0, 0]),
 (16, [911, 76, 1, 0, 1, 1454, 586, 1, 0, 2, 1, 1, 1, 1, 1]),
 (12, [905, 17, 1, 0, 1, 2034, 528, 0, 1, 0, 3, 1, 2, 0, 0]),
 (12, [796, 35, 1, 1, 1, 1556, 961, 0, 1, 1, 4, 1, 2, 0, 2]),
 (12, [1548, 46, 0, 0, 1, 688, 1237, 0, 1, 2, 3, 1, 1, 0, 1])]
population
[(999, [2035, 38, 0, 0, 0, 1014, 908, 0, 1, 3, 3, 1, 2, 1, 0]),
 (999, [1953, 58, 1, 1, 0, 546, 632, 1, 0, 3, 1, 0, 0, 1, 2]),
 (999, [1686, 47, 1, 0, 0, 559, 612, 1, 1, 3, 5, 0, 2, 0, 2]),
 (999, [1588, 86, 1, 1, 1, 1037, 1364, 0, 0, 2, 5, 0, 0, 1, 0]),
 (999, [1517, 26, 1, 0, 0, 1463, 1093, 1, 1, 2, 5, 0, 0, 0, 2]),
 (999, [1248, 39, 0, 1, 0, 869, 1126, 1, 1, 3, 0, 0, 0, 2, 0]),
 (999, [1131, 96, 1, 0, 1, 856, 1155, 0, 1, 3, 1, 0, 2, 2, 1]),
 (999, [789, 67, 0, 0, 0, 1393, 872, 0, 1, 2, 5, 1, 0, 0, 0]),
 (999, [762, 25, 1, 0, 1, 1519, 1492, 0, 1, 3, 1, 1, 2, 0, 2]),
 (999, [538, 47, 0, 0, 1, 1196, 803, 1, 1, 3, 4, 1, 1, 1, 2]),
 (33, [1809, 102, 0, 1, 0, 2048, 1228, 1, 1, 0, 1, 1, 2, 2, 0]),
 (33, [1721, 79, 1, 0, 0, 940, 575, 1, 1, 0, 0, 1, 0, 1, 0]),
 (33, [1549, 13, 0, 0, 0, 1041, 1591, 0, 1, 1, 2, 0, 0, 1, 2]),
 (33, [1408, 114, 1, 0, 0, 1702, 1272, 0, 0, 1, 3, 1, 2, 2, 0]),
 (33, [1269, 32, 1, 1, 0, 1898, 603, 1, 1, 0, 1, 1, 0, 2, 1]),
 (33, [657, 100, 1, 0, 0, 1118, 1653, 1, 0, 2, 3, 0, 2, 1, 0]),
 (23, [1427, 87, 1, 1, 0, 816, 748, 1, 0, 1, 3, 0, 2, 1, 1]),
 (16, [1864, 17, 0, 0, 0, 2035, 1682, 1, 0, 2, 4, 0, 1, 0, 0]),
 (16, [1814, 100, 0, 0, 1, 906, 1063, 1, 1, 0, 1, 1, 2, 1, 2]),
 (16, [1811, 74, 1, 0, 0, 1176, 684, 0, 1, 2, 1, 0, 0, 0, 2]),
 (16, [1426, 65, 1, 0, 1, 1609, 926, 1, 1, 1, 1, 1, 0, 2, 2]),
 (16, [911, 76, 1, 0, 1, 1454, 586, 1, 0, 2, 1, 1, 1, 1, 1]),
 (13, [1658, 22, 0, 0, 0, 699, 718, 0, 1, 1, 4, 0, 0, 0, 0]),
 (12, [1688, 112, 0, 0, 0, 1734, 694, 0, 0, 0, 0, 1, 2, 0, 0]),
 (12, [1562, 31, 1, 1, 0, 677, 1183, 0, 0, 1, 4, 0, 0, 2, 1]),
 (12, [1555, 104, 0, 0, 1, 786, 1179, 0, 0, 1, 2, 1, 0, 0, 2]),
 (12, [1548, 46, 0, 0, 1, 688, 1237, 0, 1, 2, 3, 1, 1, 0, 1]),
 (12, [1531, 67, 1, 1, 0, 866, 586, 1, 1, 1, 4, 1, 2, 0, 1]),
 (12, [1255, 97, 1, 1, 1, 1300, 2028, 1, 0, 1, 0, 1, 0, 2, 0]),
 (12, [905, 17, 1, 0, 1, 2034, 528, 0, 1, 0, 3, 1, 2, 0, 0]),
 (12, [796, 35, 1, 1, 1, 1556, 961, 0, 1, 1, 4, 1, 2, 0, 2]),
 (12, [585, 90, 0, 0, 1, 1020, 569, 0, 1, 1, 2, 1, 1, 1, 1])]
scored
[(12, [585, 90, 0, 0, 1, 1020, 569, 0, 1, 1, 2, 1, 1, 1, 1]),
 (12, [796, 35, 1, 1, 1, 1556, 961, 0, 1, 1, 4, 1, 2, 0, 2]),
 (12, [905, 17, 1, 0, 1, 2034, 528, 0, 1, 0, 3, 1, 2, 0, 0]),
 (12, [1255, 97, 1, 1, 1, 1300, 2028, 1, 0, 1, 0, 1, 0, 2, 0]),
 (12, [1531, 67, 1, 1, 0, 866, 586, 1, 1, 1, 4, 1, 2, 0, 1]),
 (12, [1548, 46, 0, 0, 1, 688, 1237, 0, 1, 2, 3, 1, 1, 0, 1]),
 (12, [1555, 104, 0, 0, 1, 786, 1179, 0, 0, 1, 2, 1, 0, 0, 2]),
 (12, [1562, 31, 1, 1, 0, 677, 1183, 0, 0, 1, 4, 0, 0, 2, 1]),
 (12, [1688, 112, 0, 0, 0, 1734, 694, 0, 0, 0, 0, 1, 2, 0, 0]),
 (13, [1658, 22, 0, 0, 0, 699, 718, 0, 1, 1, 4, 0, 0, 0, 0]),
 (16, [911, 76, 1, 0, 1, 1454, 586, 1, 0, 2, 1, 1, 1, 1, 1]),
 (16, [1426, 65, 1, 0, 1, 1609, 926, 1, 1, 1, 1, 1, 0, 2, 2]),
 (16, [1811, 74, 1, 0, 0, 1176, 684, 0, 1, 2, 1, 0, 0, 0, 2]),
 (16, [1814, 100, 0, 0, 1, 906, 1063, 1, 1, 0, 1, 1, 2, 1, 2]),
 (16, [1864, 17, 0, 0, 0, 2035, 1682, 1, 0, 2, 4, 0, 1, 0, 0]),
 (23, [1427, 87, 1, 1, 0, 816, 748, 1, 0, 1, 3, 0, 2, 1, 1]),
 (33, [657, 100, 1, 0, 0, 1118, 1653, 1, 0, 2, 3, 0, 2, 1, 0]),
 (33, [1269, 32, 1, 1, 0, 1898, 603, 1, 1, 0, 1, 1, 0, 2, 1]),
 (33, [1408, 114, 1, 0, 0, 1702, 1272, 0, 0, 1, 3, 1, 2, 2, 0]),
 (33, [1549, 13, 0, 0, 0, 1041, 1591, 0, 1, 1, 2, 0, 0, 1, 2]),
 (33, [1721, 79, 1, 0, 0, 940, 575, 1, 1, 0, 0, 1, 0, 1, 0]),
 (33, [1809, 102, 0, 1, 0, 2048, 1228, 1, 1, 0, 1, 1, 2, 2, 0]),
 (999, [538, 47, 0, 0, 1, 1196, 803, 1, 1, 3, 4, 1, 1, 1, 2]),
 (999, [762, 25, 1, 0, 1, 1519, 1492, 0, 1, 3, 1, 1, 2, 0, 2]),
 (999, [789, 67, 0, 0, 0, 1393, 872, 0, 1, 2, 5, 1, 0, 0, 0]),
 (999, [1131, 96, 1, 0, 1, 856, 1155, 0, 1, 3, 1, 0, 2, 2, 1]),
 (999, [1248, 39, 0, 1, 0, 869, 1126, 1, 1, 3, 0, 0, 0, 2, 0]),
 (999, [1517, 26, 1, 0, 0, 1463, 1093, 1, 1, 2, 5, 0, 0, 0, 2]),
 (999, [1588, 86, 1, 1, 1, 1037, 1364, 0, 0, 2, 5, 0, 0, 1, 0]),
 (999, [1686, 47, 1, 0, 0, 559, 612, 1, 1, 3, 5, 0, 2, 0, 2]),
 (999, [1953, 58, 1, 1, 0, 546, 632, 1, 0, 3, 1, 0, 0, 1, 2]),
 (999, [2035, 38, 0, 0, 0, 1014, 908, 0, 1, 3, 3, 1, 2, 1, 0])]
Selected
[(16, [911, 76, 1, 0, 1, 1454, 586, 1, 0, 2, 1, 1, 1, 1, 1]),
 (12, [1255, 97, 1, 1, 1, 1300, 2028, 1, 0, 1, 0, 1, 0, 2, 0]),
 (12, [585, 90, 0, 0, 1, 1020, 569, 0, 1, 1, 2, 1, 1, 1, 1]),
 (12, [585, 90, 0, 0, 1, 1020, 569, 0, 1, 1, 2, 1, 1, 1, 1]),
 (12, [585, 90, 0, 0, 1, 1020, 569, 0, 1, 1, 2, 1, 1, 1, 1]),
 (12, [1531, 67, 1, 1, 0, 866, 586, 1, 1, 1, 4, 1, 2, 0, 1]),
 (12, [796, 35, 1, 1, 1, 1556, 961, 0, 1, 1, 4, 1, 2, 0, 2]),
 (12, [1562, 31, 1, 1, 0, 677, 1183, 0, 0, 1, 4, 0, 0, 2, 1]),
 (12, [796, 35, 1, 1, 1, 1556, 961, 0, 1, 1, 4, 1, 2, 0, 2]),
 (12, [1531, 67, 1, 1, 0, 866, 586, 1, 1, 1, 4, 1, 2, 0, 1]),
 (12, [1531, 67, 1, 1, 0, 866, 586, 1, 1, 1, 4, 1, 2, 0, 1]),
 (12, [905, 17, 1, 0, 1, 2034, 528, 0, 1, 0, 3, 1, 2, 0, 0]),
 (12, [905, 17, 1, 0, 1, 2034, 528, 0, 1, 0, 3, 1, 2, 0, 0]),
 (12, [1562, 31, 1, 1, 0, 677, 1183, 0, 0, 1, 4, 0, 0, 2, 1]),
 (12, [585, 90, 0, 0, 1, 1020, 569, 0, 1, 1, 2, 1, 1, 1, 1]),
 (12, [1548, 46, 0, 0, 1, 688, 1237, 0, 1, 2, 3, 1, 1, 0, 1]),
 (12, [585, 90, 0, 0, 1, 1020, 569, 0, 1, 1, 2, 1, 1, 1, 1]),
 (12, [1255, 97, 1, 1, 1, 1300, 2028, 1, 0, 1, 0, 1, 0, 2, 0]),
 (12, [585, 90, 0, 0, 1, 1020, 569, 0, 1, 1, 2, 1, 1, 1, 1]),
 (12, [585, 90, 0, 0, 1, 1020, 569, 0, 1, 1, 2, 1, 1, 1, 1]),
 (12, [1255, 97, 1, 1, 1, 1300, 2028, 1, 0, 1, 0, 1, 0, 2, 0]),
 (12, [1562, 31, 1, 1, 0, 677, 1183, 0, 0, 1, 4, 0, 0, 2, 1]),
 (12, [796, 35, 1, 1, 1, 1556, 961, 0, 1, 1, 4, 1, 2, 0, 2]),
 (12, [1688, 112, 0, 0, 0, 1734, 694, 0, 0, 0, 0, 1, 2, 0, 0]),
 (12, [1562, 31, 1, 1, 0, 677, 1183, 0, 0, 1, 4, 0, 0, 2, 1]),
 (12, [796, 35, 1, 1, 1, 1556, 961, 0, 1, 1, 4, 1, 2, 0, 2]),
 (16, [911, 76, 1, 0, 1, 1454, 586, 1, 0, 2, 1, 1, 1, 1, 1])]
population
[(999, [2035, 38, 0, 0, 0, 1014, 908, 0, 1, 3, 3, 1, 2, 1, 0]),
 (999, [1953, 58, 1, 1, 0, 546, 632, 1, 0, 3, 1, 0, 0, 1, 2]),
 (999, [1686, 47, 1, 0, 0, 559, 612, 1, 1, 3, 5, 0, 2, 0, 2]),
 (999, [1588, 86, 1, 1, 1, 1037, 1364, 0, 0, 2, 5, 0, 0, 1, 0]),
 (999, [1517, 26, 1, 0, 0, 1463, 1093, 1, 1, 2, 5, 0, 0, 0, 2]),
 (999, [1248, 39, 0, 1, 0, 869, 1126, 1, 1, 3, 0, 0, 0, 2, 0]),
 (999, [1131, 96, 1, 0, 1, 856, 1155, 0, 1, 3, 1, 0, 2, 2, 1]),
 (999, [789, 67, 0, 0, 0, 1393, 872, 0, 1, 2, 5, 1, 0, 0, 0]),
 (999, [762, 25, 1, 0, 1, 1519, 1492, 0, 1, 3, 1, 1, 2, 0, 2]),
 (999, [538, 47, 0, 0, 1, 1196, 803, 1, 1, 3, 4, 1, 1, 1, 2]),
 (33, [1809, 102, 0, 1, 0, 2048, 1228, 1, 1, 0, 1, 1, 2, 2, 0]),
 (33, [1721, 79, 1, 0, 0, 940, 575, 1, 1, 0, 0, 1, 0, 1, 0]),
 (33, [1549, 13, 0, 0, 0, 1041, 1591, 0, 1, 1, 2, 0, 0, 1, 2]),
 (33, [1408, 114, 1, 0, 0, 1702, 1272, 0, 0, 1, 3, 1, 2, 2, 0]),
 (33, [1269, 32, 1, 1, 0, 1898, 603, 1, 1, 0, 1, 1, 0, 2, 1]),
 (33, [657, 100, 1, 0, 0, 1118, 1653, 1, 0, 2, 3, 0, 2, 1, 0]),
 (23, [1427, 87, 1, 1, 0, 816, 748, 1, 0, 1, 3, 0, 2, 1, 1]),
 (16, [1864, 17, 0, 0, 0, 2035, 1682, 1, 0, 2, 4, 0, 1, 0, 0]),
 (16, [1814, 100, 0, 0, 1, 906, 1063, 1, 1, 0, 1, 1, 2, 1, 2]),
 (16, [1811, 74, 1, 0, 0, 1176, 684, 0, 1, 2, 1, 0, 0, 0, 2]),
 (16, [1426, 65, 1, 0, 1, 1609, 926, 1, 1, 1, 1, 1, 0, 2, 2]),
 (16, [911, 76, 1, 0, 1, 1454, 586, 1, 0, 2, 1, 1, 1, 1, 1]),
 (13, [1658, 22, 0, 0, 0, 699, 718, 0, 1, 1, 4, 0, 0, 0, 0]),
 (12, [1688, 112, 0, 0, 0, 1734, 694, 0, 0, 0, 0, 1, 2, 0, 0]),
 (12, [1562, 31, 1, 1, 0, 677, 1183, 0, 0, 1, 4, 0, 0, 2, 1]),
 (12, [1555, 104, 0, 0, 1, 786, 1179, 0, 0, 1, 2, 1, 0, 0, 2]),
 (12, [1548, 46, 0, 0, 1, 688, 1237, 0, 1, 2, 3, 1, 1, 0, 1]),
 (12, [1531, 67, 1, 1, 0, 866, 586, 1, 1, 1, 4, 1, 2, 0, 1]),
 (12, [1255, 97, 1, 1, 1, 1300, 2028, 1, 0, 1, 0, 1, 0, 2, 0]),
 (12, [905, 17, 1, 0, 1, 2034, 528, 0, 1, 0, 3, 1, 2, 0, 0]),
 (12, [796, 35, 1, 1, 1, 1556, 961, 0, 1, 1, 4, 1, 2, 0, 2]),
 (12, [585, 90, 0, 0, 1, 1020, 569, 0, 1, 1, 2, 1, 1, 1, 1])]
scored
[(12, [585, 90, 0, 0, 1, 1020, 569, 0, 1, 1, 2, 1, 1, 1, 1]),
 (12, [796, 35, 1, 1, 1, 1556, 961, 0, 1, 1, 4, 1, 2, 0, 2]),
 (12, [905, 17, 1, 0, 1, 2034, 528, 0, 1, 0, 3, 1, 2, 0, 0]),
 (12, [1255, 97, 1, 1, 1, 1300, 2028, 1, 0, 1, 0, 1, 0, 2, 0]),
 (12, [1531, 67, 1, 1, 0, 866, 586, 1, 1, 1, 4, 1, 2, 0, 1]),
 (12, [1548, 46, 0, 0, 1, 688, 1237, 0, 1, 2, 3, 1, 1, 0, 1]),
 (12, [1555, 104, 0, 0, 1, 786, 1179, 0, 0, 1, 2, 1, 0, 0, 2]),
 (12, [1562, 31, 1, 1, 0, 677, 1183, 0, 0, 1, 4, 0, 0, 2, 1]),
 (12, [1688, 112, 0, 0, 0, 1734, 694, 0, 0, 0, 0, 1, 2, 0, 0]),
 (13, [1658, 22, 0, 0, 0, 699, 718, 0, 1, 1, 4, 0, 0, 0, 0]),
 (16, [911, 76, 1, 0, 1, 1454, 586, 1, 0, 2, 1, 1, 1, 1, 1]),
 (16, [1426, 65, 1, 0, 1, 1609, 926, 1, 1, 1, 1, 1, 0, 2, 2]),
 (16, [1811, 74, 1, 0, 0, 1176, 684, 0, 1, 2, 1, 0, 0, 0, 2]),
 (16, [1814, 100, 0, 0, 1, 906, 1063, 1, 1, 0, 1, 1, 2, 1, 2]),
 (16, [1864, 17, 0, 0, 0, 2035, 1682, 1, 0, 2, 4, 0, 1, 0, 0]),
 (23, [1427, 87, 1, 1, 0, 816, 748, 1, 0, 1, 3, 0, 2, 1, 1]),
 (33, [657, 100, 1, 0, 0, 1118, 1653, 1, 0, 2, 3, 0, 2, 1, 0]),
 (33, [1269, 32, 1, 1, 0, 1898, 603, 1, 1, 0, 1, 1, 0, 2, 1]),
 (33, [1408, 114, 1, 0, 0, 1702, 1272, 0, 0, 1, 3, 1, 2, 2, 0]),
 (33, [1549, 13, 0, 0, 0, 1041, 1591, 0, 1, 1, 2, 0, 0, 1, 2]),
 (33, [1721, 79, 1, 0, 0, 940, 575, 1, 1, 0, 0, 1, 0, 1, 0]),
 (33, [1809, 102, 0, 1, 0, 2048, 1228, 1, 1, 0, 1, 1, 2, 2, 0]),
 (999, [538, 47, 0, 0, 1, 1196, 803, 1, 1, 3, 4, 1, 1, 1, 2]),
 (999, [762, 25, 1, 0, 1, 1519, 1492, 0, 1, 3, 1, 1, 2, 0, 2]),
 (999, [789, 67, 0, 0, 0, 1393, 872, 0, 1, 2, 5, 1, 0, 0, 0]),
 (999, [1131, 96, 1, 0, 1, 856, 1155, 0, 1, 3, 1, 0, 2, 2, 1]),
 (999, [1248, 39, 0, 1, 0, 869, 1126, 1, 1, 3, 0, 0, 0, 2, 0]),
 (999, [1517, 26, 1, 0, 0, 1463, 1093, 1, 1, 2, 5, 0, 0, 0, 2]),
 (999, [1588, 86, 1, 1, 1, 1037, 1364, 0, 0, 2, 5, 0, 0, 1, 0]),
 (999, [1686, 47, 1, 0, 0, 559, 612, 1, 1, 3, 5, 0, 2, 0, 2]),
 (999, [1953, 58, 1, 1, 0, 546, 632, 1, 0, 3, 1, 0, 0, 1, 2]),
 (999, [2035, 38, 0, 0, 0, 1014, 908, 0, 1, 3, 3, 1, 2, 1, 0])]
Selected
[(12, [1531, 67, 1, 1, 0, 866, 586, 1, 1, 1, 4, 1, 2, 0, 1]),
 (12, [905, 17, 1, 0, 1, 2034, 528, 0, 1, 0, 3, 1, 2, 0, 0]),
 (12, [1548, 46, 0, 0, 1, 688, 1237, 0, 1, 2, 3, 1, 1, 0, 1]),
 (12, [796, 35, 1, 1, 1, 1556, 961, 0, 1, 1, 4, 1, 2, 0, 2]),
 (12, [1548, 46, 0, 0, 1, 688, 1237, 0, 1, 2, 3, 1, 1, 0, 1]),
 (12, [1531, 67, 1, 1, 0, 866, 586, 1, 1, 1, 4, 1, 2, 0, 1]),
 (12, [796, 35, 1, 1, 1, 1556, 961, 0, 1, 1, 4, 1, 2, 0, 2]),
 (12, [905, 17, 1, 0, 1, 2034, 528, 0, 1, 0, 3, 1, 2, 0, 0]),
 (12, [1255, 97, 1, 1, 1, 1300, 2028, 1, 0, 1, 0, 1, 0, 2, 0]),
 (12, [1562, 31, 1, 1, 0, 677, 1183, 0, 0, 1, 4, 0, 0, 2, 1]),
 (12, [585, 90, 0, 0, 1, 1020, 569, 0, 1, 1, 2, 1, 1, 1, 1]),
 (12, [905, 17, 1, 0, 1, 2034, 528, 0, 1, 0, 3, 1, 2, 0, 0]),
 (16, [1864, 17, 0, 0, 0, 2035, 1682, 1, 0, 2, 4, 0, 1, 0, 0]),
 (12, [1531, 67, 1, 1, 0, 866, 586, 1, 1, 1, 4, 1, 2, 0, 1]),
 (12, [585, 90, 0, 0, 1, 1020, 569, 0, 1, 1, 2, 1, 1, 1, 1]),
 (12, [905, 17, 1, 0, 1, 2034, 528, 0, 1, 0, 3, 1, 2, 0, 0]),
 (12, [905, 17, 1, 0, 1, 2034, 528, 0, 1, 0, 3, 1, 2, 0, 0]),
 (16, [911, 76, 1, 0, 1, 1454, 586, 1, 0, 2, 1, 1, 1, 1, 1]),
 (33, [1721, 79, 1, 0, 0, 940, 575, 1, 1, 0, 0, 1, 0, 1, 0]),
 (16, [1864, 17, 0, 0, 0, 2035, 1682, 1, 0, 2, 4, 0, 1, 0, 0]),
 (12, [1555, 104, 0, 0, 1, 786, 1179, 0, 0, 1, 2, 1, 0, 0, 2]),
 (12, [1555, 104, 0, 0, 1, 786, 1179, 0, 0, 1, 2, 1, 0, 0, 2]),
 (12, [905, 17, 1, 0, 1, 2034, 528, 0, 1, 0, 3, 1, 2, 0, 0]),
 (12, [585, 90, 0, 0, 1, 1020, 569, 0, 1, 1, 2, 1, 1, 1, 1]),
 (12, [796, 35, 1, 1, 1, 1556, 961, 0, 1, 1, 4, 1, 2, 0, 2]),
 (12, [905, 17, 1, 0, 1, 2034, 528, 0, 1, 0, 3, 1, 2, 0, 0]),
 (12, [796, 35, 1, 1, 1, 1556, 961, 0, 1, 1, 4, 1, 2, 0, 2])]
population
[(999, [2035, 38, 0, 0, 0, 1014, 908, 0, 1, 3, 3, 1, 2, 1, 0]),
 (999, [1953, 58, 1, 1, 0, 546, 632, 1, 0, 3, 1, 0, 0, 1, 2]),
 (999, [1686, 47, 1, 0, 0, 559, 612, 1, 1, 3, 5, 0, 2, 0, 2]),
 (999, [1588, 86, 1, 1, 1, 1037, 1364, 0, 0, 2, 5, 0, 0, 1, 0]),
 (999, [1517, 26, 1, 0, 0, 1463, 1093, 1, 1, 2, 5, 0, 0, 0, 2]),
 (999, [1248, 39, 0, 1, 0, 869, 1126, 1, 1, 3, 0, 0, 0, 2, 0]),
 (999, [1131, 96, 1, 0, 1, 856, 1155, 0, 1, 3, 1, 0, 2, 2, 1]),
 (999, [789, 67, 0, 0, 0, 1393, 872, 0, 1, 2, 5, 1, 0, 0, 0]),
 (999, [762, 25, 1, 0, 1, 1519, 1492, 0, 1, 3, 1, 1, 2, 0, 2]),
 (999, [538, 47, 0, 0, 1, 1196, 803, 1, 1, 3, 4, 1, 1, 1, 2]),
 (33, [1809, 102, 0, 1, 0, 2048, 1228, 1, 1, 0, 1, 1, 2, 2, 0]),
 (33, [1721, 79, 1, 0, 0, 940, 575, 1, 1, 0, 0, 1, 0, 1, 0]),
 (33, [1549, 13, 0, 0, 0, 1041, 1591, 0, 1, 1, 2, 0, 0, 1, 2]),
 (33, [1408, 114, 1, 0, 0, 1702, 1272, 0, 0, 1, 3, 1, 2, 2, 0]),
 (33, [1269, 32, 1, 1, 0, 1898, 603, 1, 1, 0, 1, 1, 0, 2, 1]),
 (33, [657, 100, 1, 0, 0, 1118, 1653, 1, 0, 2, 3, 0, 2, 1, 0]),
 (23, [1427, 87, 1, 1, 0, 816, 748, 1, 0, 1, 3, 0, 2, 1, 1]),
 (16, [1864, 17, 0, 0, 0, 2035, 1682, 1, 0, 2, 4, 0, 1, 0, 0]),
 (16, [1814, 100, 0, 0, 1, 906, 1063, 1, 1, 0, 1, 1, 2, 1, 2]),
 (16, [1811, 74, 1, 0, 0, 1176, 684, 0, 1, 2, 1, 0, 0, 0, 2]),
 (16, [1426, 65, 1, 0, 1, 1609, 926, 1, 1, 1, 1, 1, 0, 2, 2]),
 (16, [911, 76, 1, 0, 1, 1454, 586, 1, 0, 2, 1, 1, 1, 1, 1]),
 (13, [1658, 22, 0, 0, 0, 699, 718, 0, 1, 1, 4, 0, 0, 0, 0]),
 (12, [1688, 112, 0, 0, 0, 1734, 694, 0, 0, 0, 0, 1, 2, 0, 0]),
 (12, [1562, 31, 1, 1, 0, 677, 1183, 0, 0, 1, 4, 0, 0, 2, 1]),
 (12, [1555, 104, 0, 0, 1, 786, 1179, 0, 0, 1, 2, 1, 0, 0, 2]),
 (12, [1548, 46, 0, 0, 1, 688, 1237, 0, 1, 2, 3, 1, 1, 0, 1]),
 (12, [1531, 67, 1, 1, 0, 866, 586, 1, 1, 1, 4, 1, 2, 0, 1]),
 (12, [1255, 97, 1, 1, 1, 1300, 2028, 1, 0, 1, 0, 1, 0, 2, 0]),
 (12, [905, 17, 1, 0, 1, 2034, 528, 0, 1, 0, 3, 1, 2, 0, 0]),
 (12, [796, 35, 1, 1, 1, 1556, 961, 0, 1, 1, 4, 1, 2, 0, 2]),
 (12, [585, 90, 0, 0, 1, 1020, 569, 0, 1, 1, 2, 1, 1, 1, 1])]
scored
[(12, [585, 90, 0, 0, 1, 1020, 569, 0, 1, 1, 2, 1, 1, 1, 1]),
 (12, [796, 35, 1, 1, 1, 1556, 961, 0, 1, 1, 4, 1, 2, 0, 2]),
 (12, [905, 17, 1, 0, 1, 2034, 528, 0, 1, 0, 3, 1, 2, 0, 0]),
 (12, [1255, 97, 1, 1, 1, 1300, 2028, 1, 0, 1, 0, 1, 0, 2, 0]),
 (12, [1531, 67, 1, 1, 0, 866, 586, 1, 1, 1, 4, 1, 2, 0, 1]),
 (12, [1548, 46, 0, 0, 1, 688, 1237, 0, 1, 2, 3, 1, 1, 0, 1]),
 (12, [1555, 104, 0, 0, 1, 786, 1179, 0, 0, 1, 2, 1, 0, 0, 2]),
 (12, [1562, 31, 1, 1, 0, 677, 1183, 0, 0, 1, 4, 0, 0, 2, 1]),
 (12, [1688, 112, 0, 0, 0, 1734, 694, 0, 0, 0, 0, 1, 2, 0, 0]),
 (13, [1658, 22, 0, 0, 0, 699, 718, 0, 1, 1, 4, 0, 0, 0, 0]),
 (16, [911, 76, 1, 0, 1, 1454, 586, 1, 0, 2, 1, 1, 1, 1, 1]),
 (16, [1426, 65, 1, 0, 1, 1609, 926, 1, 1, 1, 1, 1, 0, 2, 2]),
 (16, [1811, 74, 1, 0, 0, 1176, 684, 0, 1, 2, 1, 0, 0, 0, 2]),
 (16, [1814, 100, 0, 0, 1, 906, 1063, 1, 1, 0, 1, 1, 2, 1, 2]),
 (16, [1864, 17, 0, 0, 0, 2035, 1682, 1, 0, 2, 4, 0, 1, 0, 0]),
 (23, [1427, 87, 1, 1, 0, 816, 748, 1, 0, 1, 3, 0, 2, 1, 1]),
 (33, [657, 100, 1, 0, 0, 1118, 1653, 1, 0, 2, 3, 0, 2, 1, 0]),
 (33, [1269, 32, 1, 1, 0, 1898, 603, 1, 1, 0, 1, 1, 0, 2, 1]),
 (33, [1408, 114, 1, 0, 0, 1702, 1272, 0, 0, 1, 3, 1, 2, 2, 0]),
 (33, [1549, 13, 0, 0, 0, 1041, 1591, 0, 1, 1, 2, 0, 0, 1, 2]),
 (33, [1721, 79, 1, 0, 0, 940, 575, 1, 1, 0, 0, 1, 0, 1, 0]),
 (33, [1809, 102, 0, 1, 0, 2048, 1228, 1, 1, 0, 1, 1, 2, 2, 0]),
 (999, [538, 47, 0, 0, 1, 1196, 803, 1, 1, 3, 4, 1, 1, 1, 2]),
 (999, [762, 25, 1, 0, 1, 1519, 1492, 0, 1, 3, 1, 1, 2, 0, 2]),
 (999, [789, 67, 0, 0, 0, 1393, 872, 0, 1, 2, 5, 1, 0, 0, 0]),
 (999, [1131, 96, 1, 0, 1, 856, 1155, 0, 1, 3, 1, 0, 2, 2, 1]),
 (999, [1248, 39, 0, 1, 0, 869, 1126, 1, 1, 3, 0, 0, 0, 2, 0]),
 (999, [1517, 26, 1, 0, 0, 1463, 1093, 1, 1, 2, 5, 0, 0, 0, 2]),
 (999, [1588, 86, 1, 1, 1, 1037, 1364, 0, 0, 2, 5, 0, 0, 1, 0]),
 (999, [1686, 47, 1, 0, 0, 559, 612, 1, 1, 3, 5, 0, 2, 0, 2]),
 (999, [1953, 58, 1, 1, 0, 546, 632, 1, 0, 3, 1, 0, 0, 1, 2]),
 (999, [2035, 38, 0, 0, 0, 1014, 908, 0, 1, 3, 3, 1, 2, 1, 0])]
Selected
[(12, [1255, 97, 1, 1, 1, 1300, 2028, 1, 0, 1, 0, 1, 0, 2, 0]),
 (12, [796, 35, 1, 1, 1, 1556, 961, 0, 1, 1, 4, 1, 2, 0, 2]),
 (12, [1555, 104, 0, 0, 1, 786, 1179, 0, 0, 1, 2, 1, 0, 0, 2]),
 (13, [1658, 22, 0, 0, 0, 699, 718, 0, 1, 1, 4, 0, 0, 0, 0]),
 (12, [1531, 67, 1, 1, 0, 866, 586, 1, 1, 1, 4, 1, 2, 0, 1]),
 (12, [1255, 97, 1, 1, 1, 1300, 2028, 1, 0, 1, 0, 1, 0, 2, 0]),
 (12, [1688, 112, 0, 0, 0, 1734, 694, 0, 0, 0, 0, 1, 2, 0, 0]),
 (16, [1426, 65, 1, 0, 1, 1609, 926, 1, 1, 1, 1, 1, 0, 2, 2]),
 (12, [796, 35, 1, 1, 1, 1556, 961, 0, 1, 1, 4, 1, 2, 0, 2]),
 (12, [1255, 97, 1, 1, 1, 1300, 2028, 1, 0, 1, 0, 1, 0, 2, 0]),
 (16, [1811, 74, 1, 0, 0, 1176, 684, 0, 1, 2, 1, 0, 0, 0, 2]),
 (12, [585, 90, 0, 0, 1, 1020, 569, 0, 1, 1, 2, 1, 1, 1, 1]),
 (12, [1255, 97, 1, 1, 1, 1300, 2028, 1, 0, 1, 0, 1, 0, 2, 0]),
 (16, [1814, 100, 0, 0, 1, 906, 1063, 1, 1, 0, 1, 1, 2, 1, 2]),
 (33, [657, 100, 1, 0, 0, 1118, 1653, 1, 0, 2, 3, 0, 2, 1, 0]),
 (12, [1531, 67, 1, 1, 0, 866, 586, 1, 1, 1, 4, 1, 2, 0, 1]),
 (12, [905, 17, 1, 0, 1, 2034, 528, 0, 1, 0, 3, 1, 2, 0, 0]),
 (16, [1814, 100, 0, 0, 1, 906, 1063, 1, 1, 0, 1, 1, 2, 1, 2]),
 (12, [585, 90, 0, 0, 1, 1020, 569, 0, 1, 1, 2, 1, 1, 1, 1]),
 (12, [1555, 104, 0, 0, 1, 786, 1179, 0, 0, 1, 2, 1, 0, 0, 2]),
 (12, [1548, 46, 0, 0, 1, 688, 1237, 0, 1, 2, 3, 1, 1, 0, 1]),
 (13, [1658, 22, 0, 0, 0, 699, 718, 0, 1, 1, 4, 0, 0, 0, 0]),
 (12, [1531, 67, 1, 1, 0, 866, 586, 1, 1, 1, 4, 1, 2, 0, 1]),
 (12, [1255, 97, 1, 1, 1, 1300, 2028, 1, 0, 1, 0, 1, 0, 2, 0]),
 (12, [1548, 46, 0, 0, 1, 688, 1237, 0, 1, 2, 3, 1, 1, 0, 1]),
 (12, [1255, 97, 1, 1, 1, 1300, 2028, 1, 0, 1, 0, 1, 0, 2, 0]),
 (12, [1255, 97, 1, 1, 1, 1300, 2028, 1, 0, 1, 0, 1, 0, 2, 0])]
population
[(999, [2035, 38, 0, 0, 0, 1014, 908, 0, 1, 3, 3, 1, 2, 1, 0]),
 (999, [1953, 58, 1, 1, 0, 546, 632, 1, 0, 3, 1, 0, 0, 1, 2]),
 (999, [1686, 47, 1, 0, 0, 559, 612, 1, 1, 3, 5, 0, 2, 0, 2]),
 (999, [1588, 86, 1, 1, 1, 1037, 1364, 0, 0, 2, 5, 0, 0, 1, 0]),
 (999, [1517, 26, 1, 0, 0, 1463, 1093, 1, 1, 2, 5, 0, 0, 0, 2]),
 (999, [1248, 39, 0, 1, 0, 869, 1126, 1, 1, 3, 0, 0, 0, 2, 0]),
 (999, [1131, 96, 1, 0, 1, 856, 1155, 0, 1, 3, 1, 0, 2, 2, 1]),
 (999, [789, 67, 0, 0, 0, 1393, 872, 0, 1, 2, 5, 1, 0, 0, 0]),
 (999, [762, 25, 1, 0, 1, 1519, 1492, 0, 1, 3, 1, 1, 2, 0, 2]),
 (999, [538, 47, 0, 0, 1, 1196, 803, 1, 1, 3, 4, 1, 1, 1, 2]),
 (33, [1809, 102, 0, 1, 0, 2048, 1228, 1, 1, 0, 1, 1, 2, 2, 0]),
 (33, [1721, 79, 1, 0, 0, 940, 575, 1, 1, 0, 0, 1, 0, 1, 0]),
 (33, [1549, 13, 0, 0, 0, 1041, 1591, 0, 1, 1, 2, 0, 0, 1, 2]),
 (33, [1408, 114, 1, 0, 0, 1702, 1272, 0, 0, 1, 3, 1, 2, 2, 0]),
 (33, [1269, 32, 1, 1, 0, 1898, 603, 1, 1, 0, 1, 1, 0, 2, 1]),
 (33, [657, 100, 1, 0, 0, 1118, 1653, 1, 0, 2, 3, 0, 2, 1, 0]),
 (23, [1427, 87, 1, 1, 0, 816, 748, 1, 0, 1, 3, 0, 2, 1, 1]),
 (16, [1864, 17, 0, 0, 0, 2035, 1682, 1, 0, 2, 4, 0, 1, 0, 0]),
 (16, [1814, 100, 0, 0, 1, 906, 1063, 1, 1, 0, 1, 1, 2, 1, 2]),
 (16, [1811, 74, 1, 0, 0, 1176, 684, 0, 1, 2, 1, 0, 0, 0, 2]),
 (16, [1426, 65, 1, 0, 1, 1609, 926, 1, 1, 1, 1, 1, 0, 2, 2]),
 (16, [911, 76, 1, 0, 1, 1454, 586, 1, 0, 2, 1, 1, 1, 1, 1]),
 (13, [1658, 22, 0, 0, 0, 699, 718, 0, 1, 1, 4, 0, 0, 0, 0]),
 (12, [1688, 112, 0, 0, 0, 1734, 694, 0, 0, 0, 0, 1, 2, 0, 0]),
 (12, [1562, 31, 1, 1, 0, 677, 1183, 0, 0, 1, 4, 0, 0, 2, 1]),
 (12, [1555, 104, 0, 0, 1, 786, 1179, 0, 0, 1, 2, 1, 0, 0, 2]),
 (12, [1548, 46, 0, 0, 1, 688, 1237, 0, 1, 2, 3, 1, 1, 0, 1]),
 (12, [1531, 67, 1, 1, 0, 866, 586, 1, 1, 1, 4, 1, 2, 0, 1]),
 (12, [1255, 97, 1, 1, 1, 1300, 2028, 1, 0, 1, 0, 1, 0, 2, 0]),
 (12, [905, 17, 1, 0, 1, 2034, 528, 0, 1, 0, 3, 1, 2, 0, 0]),
 (12, [796, 35, 1, 1, 1, 1556, 961, 0, 1, 1, 4, 1, 2, 0, 2]),
 (12, [585, 90, 0, 0, 1, 1020, 569, 0, 1, 1, 2, 1, 1, 1, 1])]
scored
[(12, [585, 90, 0, 0, 1, 1020, 569, 0, 1, 1, 2, 1, 1, 1, 1]),
 (12, [796, 35, 1, 1, 1, 1556, 961, 0, 1, 1, 4, 1, 2, 0, 2]),
 (12, [905, 17, 1, 0, 1, 2034, 528, 0, 1, 0, 3, 1, 2, 0, 0]),
 (12, [1255, 97, 1, 1, 1, 1300, 2028, 1, 0, 1, 0, 1, 0, 2, 0]),
 (12, [1531, 67, 1, 1, 0, 866, 586, 1, 1, 1, 4, 1, 2, 0, 1]),
 (12, [1548, 46, 0, 0, 1, 688, 1237, 0, 1, 2, 3, 1, 1, 0, 1]),
 (12, [1555, 104, 0, 0, 1, 786, 1179, 0, 0, 1, 2, 1, 0, 0, 2]),
 (12, [1562, 31, 1, 1, 0, 677, 1183, 0, 0, 1, 4, 0, 0, 2, 1]),
 (12, [1688, 112, 0, 0, 0, 1734, 694, 0, 0, 0, 0, 1, 2, 0, 0]),
 (13, [1658, 22, 0, 0, 0, 699, 718, 0, 1, 1, 4, 0, 0, 0, 0]),
 (16, [911, 76, 1, 0, 1, 1454, 586, 1, 0, 2, 1, 1, 1, 1, 1]),
 (16, [1426, 65, 1, 0, 1, 1609, 926, 1, 1, 1, 1, 1, 0, 2, 2]),
 (16, [1811, 74, 1, 0, 0, 1176, 684, 0, 1, 2, 1, 0, 0, 0, 2]),
 (16, [1814, 100, 0, 0, 1, 906, 1063, 1, 1, 0, 1, 1, 2, 1, 2]),
 (16, [1864, 17, 0, 0, 0, 2035, 1682, 1, 0, 2, 4, 0, 1, 0, 0]),
 (23, [1427, 87, 1, 1, 0, 816, 748, 1, 0, 1, 3, 0, 2, 1, 1]),
 (33, [657, 100, 1, 0, 0, 1118, 1653, 1, 0, 2, 3, 0, 2, 1, 0]),
 (33, [1269, 32, 1, 1, 0, 1898, 603, 1, 1, 0, 1, 1, 0, 2, 1]),
 (33, [1408, 114, 1, 0, 0, 1702, 1272, 0, 0, 1, 3, 1, 2, 2, 0]),
 (33, [1549, 13, 0, 0, 0, 1041, 1591, 0, 1, 1, 2, 0, 0, 1, 2]),
 (33, [1721, 79, 1, 0, 0, 940, 575, 1, 1, 0, 0, 1, 0, 1, 0]),
 (33, [1809, 102, 0, 1, 0, 2048, 1228, 1, 1, 0, 1, 1, 2, 2, 0]),
 (999, [538, 47, 0, 0, 1, 1196, 803, 1, 1, 3, 4, 1, 1, 1, 2]),
 (999, [762, 25, 1, 0, 1, 1519, 1492, 0, 1, 3, 1, 1, 2, 0, 2]),
 (999, [789, 67, 0, 0, 0, 1393, 872, 0, 1, 2, 5, 1, 0, 0, 0]),
 (999, [1131, 96, 1, 0, 1, 856, 1155, 0, 1, 3, 1, 0, 2, 2, 1]),
 (999, [1248, 39, 0, 1, 0, 869, 1126, 1, 1, 3, 0, 0, 0, 2, 0]),
 (999, [1517, 26, 1, 0, 0, 1463, 1093, 1, 1, 2, 5, 0, 0, 0, 2]),
 (999, [1588, 86, 1, 1, 1, 1037, 1364, 0, 0, 2, 5, 0, 0, 1, 0]),
 (999, [1686, 47, 1, 0, 0, 559, 612, 1, 1, 3, 5, 0, 2, 0, 2]),
 (999, [1953, 58, 1, 1, 0, 546, 632, 1, 0, 3, 1, 0, 0, 1, 2]),
 (999, [2035, 38, 0, 0, 0, 1014, 908, 0, 1, 3, 3, 1, 2, 1, 0])]
Selected
[(12, [1531, 67, 1, 1, 0, 866, 586, 1, 1, 1, 4, 1, 2, 0, 1]),
 (12, [1255, 97, 1, 1, 1, 1300, 2028, 1, 0, 1, 0, 1, 0, 2, 0]),
 (12, [1555, 104, 0, 0, 1, 786, 1179, 0, 0, 1, 2, 1, 0, 0, 2]),
 (12, [1562, 31, 1, 1, 0, 677, 1183, 0, 0, 1, 4, 0, 0, 2, 1]),
 (12, [1531, 67, 1, 1, 0, 866, 586, 1, 1, 1, 4, 1, 2, 0, 1]),
 (12, [796, 35, 1, 1, 1, 1556, 961, 0, 1, 1, 4, 1, 2, 0, 2]),
 (16, [1426, 65, 1, 0, 1, 1609, 926, 1, 1, 1, 1, 1, 0, 2, 2]),
 (12, [1531, 67, 1, 1, 0, 866, 586, 1, 1, 1, 4, 1, 2, 0, 1]),
 (12, [1555, 104, 0, 0, 1, 786, 1179, 0, 0, 1, 2, 1, 0, 0, 2]),
 (12, [585, 90, 0, 0, 1, 1020, 569, 0, 1, 1, 2, 1, 1, 1, 1]),
 (13, [1658, 22, 0, 0, 0, 699, 718, 0, 1, 1, 4, 0, 0, 0, 0]),
 (12, [1548, 46, 0, 0, 1, 688, 1237, 0, 1, 2, 3, 1, 1, 0, 1]),
 (12, [1255, 97, 1, 1, 1, 1300, 2028, 1, 0, 1, 0, 1, 0, 2, 0]),
 (13, [1658, 22, 0, 0, 0, 699, 718, 0, 1, 1, 4, 0, 0, 0, 0]),
 (16, [911, 76, 1, 0, 1, 1454, 586, 1, 0, 2, 1, 1, 1, 1, 1]),
 (12, [796, 35, 1, 1, 1, 1556, 961, 0, 1, 1, 4, 1, 2, 0, 2]),
 (12, [796, 35, 1, 1, 1, 1556, 961, 0, 1, 1, 4, 1, 2, 0, 2]),
 (12, [1531, 67, 1, 1, 0, 866, 586, 1, 1, 1, 4, 1, 2, 0, 1]),
 (13, [1658, 22, 0, 0, 0, 699, 718, 0, 1, 1, 4, 0, 0, 0, 0]),
 (12, [1255, 97, 1, 1, 1, 1300, 2028, 1, 0, 1, 0, 1, 0, 2, 0]),
 (12, [1531, 67, 1, 1, 0, 866, 586, 1, 1, 1, 4, 1, 2, 0, 1]),
 (12, [796, 35, 1, 1, 1, 1556, 961, 0, 1, 1, 4, 1, 2, 0, 2]),
 (12, [585, 90, 0, 0, 1, 1020, 569, 0, 1, 1, 2, 1, 1, 1, 1]),
 (12, [585, 90, 0, 0, 1, 1020, 569, 0, 1, 1, 2, 1, 1, 1, 1]),
 (16, [911, 76, 1, 0, 1, 1454, 586, 1, 0, 2, 1, 1, 1, 1, 1]),
 (16, [911, 76, 1, 0, 1, 1454, 586, 1, 0, 2, 1, 1, 1, 1, 1]),
 (12, [796, 35, 1, 1, 1, 1556, 961, 0, 1, 1, 4, 1, 2, 0, 2])]

Poblacin de 32 individuos durante 15 generaciones
Poblacin inicial:
[(999, [2035, 38, 0, 0, 0, 1014, 908, 0, 1, 3, 3, 1, 2, 1, 0]),
 (999, [1953, 58, 1, 1, 0, 546, 632, 1, 0, 3, 1, 0, 0, 1, 2]),
 (999, [1686, 47, 1, 0, 0, 559, 612, 1, 1, 3, 5, 0, 2, 0, 2]),
 (999, [1588, 86, 1, 1, 1, 1037, 1364, 0, 0, 2, 5, 0, 0, 1, 0]),
 (999, [1517, 26, 1, 0, 0, 1463, 1093, 1, 1, 2, 5, 0, 0, 0, 2]),
 (999, [1248, 39, 0, 1, 0, 869, 1126, 1, 1, 3, 0, 0, 0, 2, 0]),
 (999, [1131, 96, 1, 0, 1, 856, 1155, 0, 1, 3, 1, 0, 2, 2, 1]),
 (999, [789, 67, 0, 0, 0, 1393, 872, 0, 1, 2, 5, 1, 0, 0, 0]),
 (999, [762, 25, 1, 0, 1, 1519, 1492, 0, 1, 3, 1, 1, 2, 0, 2]),
 (999, [538, 47, 0, 0, 1, 1196, 803, 1, 1, 3, 4, 1, 1, 1, 2]),
 (33, [1809, 102, 0, 1, 0, 2048, 1228, 1, 1, 0, 1, 1, 2, 2, 0]),
 (33, [1721, 79, 1, 0, 0, 940, 575, 1, 1, 0, 0, 1, 0, 1, 0]),
 (33, [1549, 13, 0, 0, 0, 1041, 1591, 0, 1, 1, 2, 0, 0, 1, 2]),
 (33, [1408, 114, 1, 0, 0, 1702, 1272, 0, 0, 1, 3, 1, 2, 2, 0]),
 (33, [1269, 32, 1, 1, 0, 1898, 603, 1, 1, 0, 1, 1, 0, 2, 1]),
 (33, [657, 100, 1, 0, 0, 1118, 1653, 1, 0, 2, 3, 0, 2, 1, 0]),
 (23, [1427, 87, 1, 1, 0, 816, 748, 1, 0, 1, 3, 0, 2, 1, 1]),
 (16, [1864, 17, 0, 0, 0, 2035, 1682, 1, 0, 2, 4, 0, 1, 0, 0]),
 (16, [1814, 100, 0, 0, 1, 906, 1063, 1, 1, 0, 1, 1, 2, 1, 2]),
 (16, [1811, 74, 1, 0, 0, 1176, 684, 0, 1, 2, 1, 0, 0, 0, 2]),
 (16, [1426, 65, 1, 0, 1, 1609, 926, 1, 1, 1, 1, 1, 0, 2, 2]),
 (16, [911, 76, 1, 0, 1, 1454, 586, 1, 0, 2, 1, 1, 1, 1, 1]),
 (13, [1658, 22, 0, 0, 0, 699, 718, 0, 1, 1, 4, 0, 0, 0, 0]),
 (12, [1688, 112, 0, 0, 0, 1734, 694, 0, 0, 0, 0, 1, 2, 0, 0]),
 (12, [1562, 31, 1, 1, 0, 677, 1183, 0, 0, 1, 4, 0, 0, 2, 1]),
 (12, [1555, 104, 0, 0, 1, 786, 1179, 0, 0, 1, 2, 1, 0, 0, 2]),
 (12, [1548, 46, 0, 0, 1, 688, 1237, 0, 1, 2, 3, 1, 1, 0, 1]),
 (12, [1531, 67, 1, 1, 0, 866, 586, 1, 1, 1, 4, 1, 2, 0, 1]),
 (12, [1255, 97, 1, 1, 1, 1300, 2028, 1, 0, 1, 0, 1, 0, 2, 0]),
 (12, [905, 17, 1, 0, 1, 2034, 528, 0, 1, 0, 3, 1, 2, 0, 0]),
 (12, [796, 35, 1, 1, 1, 1556, 961, 0, 1, 1, 4, 1, 2, 0, 2]),
 (12, [585, 90, 0, 0, 1, 1020, 569, 0, 1, 1, 2, 1, 1, 1, 1])]
Poblacin final:
[(999, [2035, 38, 0, 0, 0, 1014, 908, 0, 1, 3, 3, 1, 2, 1, 0]),
 (999, [1953, 58, 1, 1, 0, 546, 632, 1, 0, 3, 1, 0, 0, 1, 2]),
 (999, [1686, 47, 1, 0, 0, 559, 612, 1, 1, 3, 5, 0, 2, 0, 2]),
 (999, [1588, 86, 1, 1, 1, 1037, 1364, 0, 0, 2, 5, 0, 0, 1, 0]),
 (999, [1517, 26, 1, 0, 0, 1463, 1093, 1, 1, 2, 5, 0, 0, 0, 2]),
 (999, [1248, 39, 0, 1, 0, 869, 1126, 1, 1, 3, 0, 0, 0, 2, 0]),
 (999, [1131, 96, 1, 0, 1, 856, 1155, 0, 1, 3, 1, 0, 2, 2, 1]),
 (999, [789, 67, 0, 0, 0, 1393, 872, 0, 1, 2, 5, 1, 0, 0, 0]),
 (999, [762, 25, 1, 0, 1, 1519, 1492, 0, 1, 3, 1, 1, 2, 0, 2]),
 (999, [538, 47, 0, 0, 1, 1196, 803, 1, 1, 3, 4, 1, 1, 1, 2]),
 (33, [1809, 102, 0, 1, 0, 2048, 1228, 1, 1, 0, 1, 1, 2, 2, 0]),
 (33, [1721, 79, 1, 0, 0, 940, 575, 1, 1, 0, 0, 1, 0, 1, 0]),
 (33, [1549, 13, 0, 0, 0, 1041, 1591, 0, 1, 1, 2, 0, 0, 1, 2]),
 (33, [1408, 114, 1, 0, 0, 1702, 1272, 0, 0, 1, 3, 1, 2, 2, 0]),
 (33, [1269, 32, 1, 1, 0, 1898, 603, 1, 1, 0, 1, 1, 0, 2, 1]),
 (33, [657, 100, 1, 0, 0, 1118, 1653, 1, 0, 2, 3, 0, 2, 1, 0]),
 (23, [1427, 87, 1, 1, 0, 816, 748, 1, 0, 1, 3, 0, 2, 1, 1]),
 (16, [1864, 17, 0, 0, 0, 2035, 1682, 1, 0, 2, 4, 0, 1, 0, 0]),
 (16, [1814, 100, 0, 0, 1, 906, 1063, 1, 1, 0, 1, 1, 2, 1, 2]),
 (16, [1811, 74, 1, 0, 0, 1176, 684, 0, 1, 2, 1, 0, 0, 0, 2]),
 (16, [1426, 65, 1, 0, 1, 1609, 926, 1, 1, 1, 1, 1, 0, 2, 2]),
 (16, [911, 76, 1, 0, 1, 1454, 586, 1, 0, 2, 1, 1, 1, 1, 1]),
 (13, [1658, 22, 0, 0, 0, 699, 718, 0, 1, 1, 4, 0, 0, 0, 0]),
 (12, [1688, 112, 0, 0, 0, 1734, 694, 0, 0, 0, 0, 1, 2, 0, 0]),
 (12, [1562, 31, 1, 1, 0, 677, 1183, 0, 0, 1, 4, 0, 0, 2, 1]),
 (12, [1555, 104, 0, 0, 1, 786, 1179, 0, 0, 1, 2, 1, 0, 0, 2]),
 (12, [1548, 46, 0, 0, 1, 688, 1237, 0, 1, 2, 3, 1, 1, 0, 1]),
 (12, [1531, 67, 1, 1, 0, 866, 586, 1, 1, 1, 4, 1, 2, 0, 1]),
 (12, [1255, 97, 1, 1, 1, 1300, 2028, 1, 0, 1, 0, 1, 0, 2, 0]),
 (12, [905, 17, 1, 0, 1, 2034, 528, 0, 1, 0, 3, 1, 2, 0, 0]),
 (12, [796, 35, 1, 1, 1, 1556, 961, 0, 1, 1, 4, 1, 2, 0, 2]),
 (12, [585, 90, 0, 0, 1, 1020, 569, 0, 1, 1, 2, 1, 1, 1, 1])]
Elapsed time is 468.476985 seconds.
