 * Manually resetting nginx to stopped state
 * Manually resetting nginx to stopped state
 * Manually resetting nginx to stopped state
 * Manually resetting nginx to stopped state
 * Manually resetting nginx to stopped state
 * Manually resetting nginx to stopped state
 * Manually resetting nginx to stopped state
 * Manually resetting nginx to stopped state
 * Manually resetting nginx to stopped state
 * Manually resetting nginx to stopped state
 * Manually resetting nginx to stopped state
 * Manually resetting nginx to stopped state
 * Manually resetting nginx to stopped state
 * Manually resetting nginx to stopped state
 * Manually resetting nginx to stopped state
 * Manually resetting nginx to stopped state
 * Manually resetting nginx to stopped state
 * Manually resetting nginx to stopped state
 * Manually resetting nginx to stopped state
 * Manually resetting nginx to stopped state
 * Manually resetting nginx to stopped state
genes: 15
individuals : 32
pressure: 5
mutation_chance: 0
generations: 15
crossover_type: 1
mutation_type_random: 1
Alerts:
12
Alerts:
12
Alerts:
16
Alerts:
16
Alerts:
16
Alerts:
16
Alerts:
16
Alerts:
16
Alerts:
16
Alerts:
12
Alerts:
12
Alerts:
12
Alerts:
16
Alerts:
16
Alerts:
12
Alerts:
16
Alerts:
16
Alerts:
16
Alerts:
12
Alerts:
12
Alerts:
12
population
[(12, [2033, 112, 0, 1, 0, 814, 1883, 1, 0, 1, 1, 0, 1, 0, 2]),
 (12, [1503, 19, 0, 0, 1, 630, 1178, 0, 1, 0, 4, 0, 1, 1, 0]),
 (999, [673, 66, 0, 0, 1, 1003, 801, 1, 1, 3, 1, 1, 2, 0, 1]),
 (999, [1456, 86, 1, 0, 1, 1641, 1378, 0, 1, 3, 4, 1, 2, 0, 2]),
 (16, [1781, 45, 1, 0, 0, 1510, 514, 0, 0, 0, 2, 1, 2, 1, 1]),
 (16, [1793, 93, 1, 1, 1, 1791, 1815, 0, 0, 2, 4, 1, 0, 1, 2]),
 (16, [696, 104, 0, 1, 0, 2030, 1234, 0, 0, 1, 3, 1, 2, 1, 2]),
 (999, [1789, 25, 0, 1, 0, 1235, 1265, 0, 1, 0, 5, 0, 1, 2, 0]),
 (16, [1124, 60, 1, 1, 1, 1856, 885, 1, 1, 0, 2, 0, 1, 2, 0]),
 (16, [1478, 20, 1, 1, 0, 1808, 1551, 0, 1, 1, 2, 1, 0, 1, 2]),
 (999, [2021, 106, 1, 1, 1, 1408, 604, 0, 1, 3, 5, 1, 1, 1, 0]),
 (999, [1099, 18, 1, 1, 0, 1773, 1983, 1, 1, 1, 5, 0, 0, 2, 1]),
 (16, [1498, 99, 0, 1, 0, 1932, 1370, 0, 1, 2, 4, 1, 1, 1, 1]),
 (16, [1221, 60, 1, 0, 1, 1758, 1701, 0, 1, 0, 0, 1, 2, 2, 0]),
 (12, [735, 100, 1, 1, 1, 1362, 1386, 0, 0, 2, 4, 0, 0, 1, 0]),
 (12, [1594, 77, 0, 1, 1, 1429, 1147, 1, 1, 0, 3, 0, 1, 2, 0]),
 (12, [629, 112, 0, 0, 0, 1089, 531, 1, 0, 0, 4, 1, 2, 0, 2]),
 (16, [1400, 103, 0, 1, 1, 1981, 2034, 0, 1, 0, 0, 1, 0, 1, 0]),
 (16, [1129, 33, 1, 1, 0, 1186, 1929, 0, 0, 0, 2, 1, 2, 0, 0]),
 (12, [1944, 83, 1, 0, 1, 1449, 1172, 0, 1, 2, 1, 1, 2, 1, 1]),
 (16, [1060, 91, 0, 0, 0, 1130, 1518, 1, 0, 1, 0, 0, 2, 1, 0]),
 (16, [1476, 92, 0, 1, 1, 1888, 1829, 1, 1, 1, 0, 1, 0, 1, 0]),
 (999, [1736, 65, 1, 1, 0, 879, 1033, 1, 0, 0, 5, 0, 1, 1, 2]),
 (16, [778, 38, 1, 0, 0, 951, 1654, 1, 0, 0, 1, 1, 1, 2, 1]),
 (999, [940, 97, 1, 1, 0, 1619, 1263, 1, 0, 2, 5, 1, 0, 0, 1]),
 (12, [1326, 67, 1, 0, 1, 1658, 517, 0, 0, 0, 0, 1, 1, 0, 0]),
 (999, [1819, 78, 0, 0, 0, 718, 1329, 1, 0, 2, 5, 0, 1, 2, 0]),
 (12, [1312, 55, 1, 1, 0, 834, 1912, 0, 1, 2, 1, 0, 0, 2, 1]),
 (12, [1039, 50, 1, 1, 1, 887, 1094, 0, 0, 2, 0, 1, 2, 2, 2]),
 (999, [528, 82, 1, 1, 1, 813, 1961, 1, 0, 3, 1, 1, 1, 2, 0]),
 (999, [1213, 36, 0, 1, 1, 1721, 1653, 1, 1, 0, 5, 0, 0, 0, 1]),
 (999, [1137, 20, 1, 0, 0, 1537, 920, 0, 1, 2, 5, 0, 1, 2, 1])]
scored
[(12, [629, 112, 0, 0, 0, 1089, 531, 1, 0, 0, 4, 1, 2, 0, 2]),
 (12, [735, 100, 1, 1, 1, 1362, 1386, 0, 0, 2, 4, 0, 0, 1, 0]),
 (12, [1039, 50, 1, 1, 1, 887, 1094, 0, 0, 2, 0, 1, 2, 2, 2]),
 (12, [1312, 55, 1, 1, 0, 834, 1912, 0, 1, 2, 1, 0, 0, 2, 1]),
 (12, [1326, 67, 1, 0, 1, 1658, 517, 0, 0, 0, 0, 1, 1, 0, 0]),
 (12, [1503, 19, 0, 0, 1, 630, 1178, 0, 1, 0, 4, 0, 1, 1, 0]),
 (12, [1594, 77, 0, 1, 1, 1429, 1147, 1, 1, 0, 3, 0, 1, 2, 0]),
 (12, [1944, 83, 1, 0, 1, 1449, 1172, 0, 1, 2, 1, 1, 2, 1, 1]),
 (12, [2033, 112, 0, 1, 0, 814, 1883, 1, 0, 1, 1, 0, 1, 0, 2]),
 (16, [696, 104, 0, 1, 0, 2030, 1234, 0, 0, 1, 3, 1, 2, 1, 2]),
 (16, [778, 38, 1, 0, 0, 951, 1654, 1, 0, 0, 1, 1, 1, 2, 1]),
 (16, [1060, 91, 0, 0, 0, 1130, 1518, 1, 0, 1, 0, 0, 2, 1, 0]),
 (16, [1124, 60, 1, 1, 1, 1856, 885, 1, 1, 0, 2, 0, 1, 2, 0]),
 (16, [1129, 33, 1, 1, 0, 1186, 1929, 0, 0, 0, 2, 1, 2, 0, 0]),
 (16, [1221, 60, 1, 0, 1, 1758, 1701, 0, 1, 0, 0, 1, 2, 2, 0]),
 (16, [1400, 103, 0, 1, 1, 1981, 2034, 0, 1, 0, 0, 1, 0, 1, 0]),
 (16, [1476, 92, 0, 1, 1, 1888, 1829, 1, 1, 1, 0, 1, 0, 1, 0]),
 (16, [1478, 20, 1, 1, 0, 1808, 1551, 0, 1, 1, 2, 1, 0, 1, 2]),
 (16, [1498, 99, 0, 1, 0, 1932, 1370, 0, 1, 2, 4, 1, 1, 1, 1]),
 (16, [1781, 45, 1, 0, 0, 1510, 514, 0, 0, 0, 2, 1, 2, 1, 1]),
 (16, [1793, 93, 1, 1, 1, 1791, 1815, 0, 0, 2, 4, 1, 0, 1, 2]),
 (999, [528, 82, 1, 1, 1, 813, 1961, 1, 0, 3, 1, 1, 1, 2, 0]),
 (999, [673, 66, 0, 0, 1, 1003, 801, 1, 1, 3, 1, 1, 2, 0, 1]),
 (999, [940, 97, 1, 1, 0, 1619, 1263, 1, 0, 2, 5, 1, 0, 0, 1]),
 (999, [1099, 18, 1, 1, 0, 1773, 1983, 1, 1, 1, 5, 0, 0, 2, 1]),
 (999, [1137, 20, 1, 0, 0, 1537, 920, 0, 1, 2, 5, 0, 1, 2, 1]),
 (999, [1213, 36, 0, 1, 1, 1721, 1653, 1, 1, 0, 5, 0, 0, 0, 1]),
 (999, [1456, 86, 1, 0, 1, 1641, 1378, 0, 1, 3, 4, 1, 2, 0, 2]),
 (999, [1736, 65, 1, 1, 0, 879, 1033, 1, 0, 0, 5, 0, 1, 1, 2]),
 (999, [1789, 25, 0, 1, 0, 1235, 1265, 0, 1, 0, 5, 0, 1, 2, 0]),
 (999, [1819, 78, 0, 0, 0, 718, 1329, 1, 0, 2, 5, 0, 1, 2, 0]),
 (999, [2021, 106, 1, 1, 1, 1408, 604, 0, 1, 3, 5, 1, 1, 1, 0])]
Selected
[(12, [2033, 112, 0, 1, 0, 814, 1883, 1, 0, 1, 1, 0, 1, 0, 2]),
 (16, [778, 38, 1, 0, 0, 951, 1654, 1, 0, 0, 1, 1, 1, 2, 1]),
 (12, [1039, 50, 1, 1, 1, 887, 1094, 0, 0, 2, 0, 1, 2, 2, 2]),
 (12, [629, 112, 0, 0, 0, 1089, 531, 1, 0, 0, 4, 1, 2, 0, 2]),
 (16, [1060, 91, 0, 0, 0, 1130, 1518, 1, 0, 1, 0, 0, 2, 1, 0]),
 (12, [1594, 77, 0, 1, 1, 1429, 1147, 1, 1, 0, 3, 0, 1, 2, 0]),
 (12, [735, 100, 1, 1, 1, 1362, 1386, 0, 0, 2, 4, 0, 0, 1, 0]),
 (12, [1326, 67, 1, 0, 1, 1658, 517, 0, 0, 0, 0, 1, 1, 0, 0]),
 (12, [1312, 55, 1, 1, 0, 834, 1912, 0, 1, 2, 1, 0, 0, 2, 1]),
 (12, [1944, 83, 1, 0, 1, 1449, 1172, 0, 1, 2, 1, 1, 2, 1, 1]),
 (12, [1503, 19, 0, 0, 1, 630, 1178, 0, 1, 0, 4, 0, 1, 1, 0]),
 (12, [1944, 83, 1, 0, 1, 1449, 1172, 0, 1, 2, 1, 1, 2, 1, 1]),
 (12, [1039, 50, 1, 1, 1, 887, 1094, 0, 0, 2, 0, 1, 2, 2, 2]),
 (12, [735, 100, 1, 1, 1, 1362, 1386, 0, 0, 2, 4, 0, 0, 1, 0]),
 (12, [1594, 77, 0, 1, 1, 1429, 1147, 1, 1, 0, 3, 0, 1, 2, 0]),
 (12, [629, 112, 0, 0, 0, 1089, 531, 1, 0, 0, 4, 1, 2, 0, 2]),
 (16, [1124, 60, 1, 1, 1, 1856, 885, 1, 1, 0, 2, 0, 1, 2, 0]),
 (12, [735, 100, 1, 1, 1, 1362, 1386, 0, 0, 2, 4, 0, 0, 1, 0]),
 (12, [1039, 50, 1, 1, 1, 887, 1094, 0, 0, 2, 0, 1, 2, 2, 2]),
 (12, [735, 100, 1, 1, 1, 1362, 1386, 0, 0, 2, 4, 0, 0, 1, 0]),
 (12, [629, 112, 0, 0, 0, 1089, 531, 1, 0, 0, 4, 1, 2, 0, 2]),
 (16, [1129, 33, 1, 1, 0, 1186, 1929, 0, 0, 0, 2, 1, 2, 0, 0]),
 (12, [629, 112, 0, 0, 0, 1089, 531, 1, 0, 0, 4, 1, 2, 0, 2]),
 (12, [735, 100, 1, 1, 1, 1362, 1386, 0, 0, 2, 4, 0, 0, 1, 0]),
 (12, [735, 100, 1, 1, 1, 1362, 1386, 0, 0, 2, 4, 0, 0, 1, 0]),
 (12, [1312, 55, 1, 1, 0, 834, 1912, 0, 1, 2, 1, 0, 0, 2, 1]),
 (999, [528, 82, 1, 1, 1, 813, 1961, 1, 0, 3, 1, 1, 1, 2, 0])]
population
[(999, [2021, 106, 1, 1, 1, 1408, 604, 0, 1, 3, 5, 1, 1, 1, 0]),
 (999, [1819, 78, 0, 0, 0, 718, 1329, 1, 0, 2, 5, 0, 1, 2, 0]),
 (999, [1789, 25, 0, 1, 0, 1235, 1265, 0, 1, 0, 5, 0, 1, 2, 0]),
 (999, [1736, 65, 1, 1, 0, 879, 1033, 1, 0, 0, 5, 0, 1, 1, 2]),
 (999, [1456, 86, 1, 0, 1, 1641, 1378, 0, 1, 3, 4, 1, 2, 0, 2]),
 (999, [1213, 36, 0, 1, 1, 1721, 1653, 1, 1, 0, 5, 0, 0, 0, 1]),
 (999, [1137, 20, 1, 0, 0, 1537, 920, 0, 1, 2, 5, 0, 1, 2, 1]),
 (999, [1099, 18, 1, 1, 0, 1773, 1983, 1, 1, 1, 5, 0, 0, 2, 1]),
 (999, [940, 97, 1, 1, 0, 1619, 1263, 1, 0, 2, 5, 1, 0, 0, 1]),
 (999, [673, 66, 0, 0, 1, 1003, 801, 1, 1, 3, 1, 1, 2, 0, 1]),
 (999, [528, 82, 1, 1, 1, 813, 1961, 1, 0, 3, 1, 1, 1, 2, 0]),
 (16, [1793, 93, 1, 1, 1, 1791, 1815, 0, 0, 2, 4, 1, 0, 1, 2]),
 (16, [1781, 45, 1, 0, 0, 1510, 514, 0, 0, 0, 2, 1, 2, 1, 1]),
 (16, [1498, 99, 0, 1, 0, 1932, 1370, 0, 1, 2, 4, 1, 1, 1, 1]),
 (16, [1478, 20, 1, 1, 0, 1808, 1551, 0, 1, 1, 2, 1, 0, 1, 2]),
 (16, [1476, 92, 0, 1, 1, 1888, 1829, 1, 1, 1, 0, 1, 0, 1, 0]),
 (16, [1400, 103, 0, 1, 1, 1981, 2034, 0, 1, 0, 0, 1, 0, 1, 0]),
 (16, [1221, 60, 1, 0, 1, 1758, 1701, 0, 1, 0, 0, 1, 2, 2, 0]),
 (16, [1129, 33, 1, 1, 0, 1186, 1929, 0, 0, 0, 2, 1, 2, 0, 0]),
 (16, [1124, 60, 1, 1, 1, 1856, 885, 1, 1, 0, 2, 0, 1, 2, 0]),
 (16, [1060, 91, 0, 0, 0, 1130, 1518, 1, 0, 1, 0, 0, 2, 1, 0]),
 (16, [778, 38, 1, 0, 0, 951, 1654, 1, 0, 0, 1, 1, 1, 2, 1]),
 (16, [696, 104, 0, 1, 0, 2030, 1234, 0, 0, 1, 3, 1, 2, 1, 2]),
 (12, [2033, 112, 0, 1, 0, 814, 1883, 1, 0, 1, 1, 0, 1, 0, 2]),
 (12, [1944, 83, 1, 0, 1, 1449, 1172, 0, 1, 2, 1, 1, 2, 1, 1]),
 (12, [1594, 77, 0, 1, 1, 1429, 1147, 1, 1, 0, 3, 0, 1, 2, 0]),
 (12, [1503, 19, 0, 0, 1, 630, 1178, 0, 1, 0, 4, 0, 1, 1, 0]),
 (12, [1326, 67, 1, 0, 1, 1658, 517, 0, 0, 0, 0, 1, 1, 0, 0]),
 (12, [1312, 55, 1, 1, 0, 834, 1912, 0, 1, 2, 1, 0, 0, 2, 1]),
 (12, [1039, 50, 1, 1, 1, 887, 1094, 0, 0, 2, 0, 1, 2, 2, 2]),
 (12, [735, 100, 1, 1, 1, 1362, 1386, 0, 0, 2, 4, 0, 0, 1, 0]),
 (12, [629, 112, 0, 0, 0, 1089, 531, 1, 0, 0, 4, 1, 2, 0, 2])]
scored
[(12, [629, 112, 0, 0, 0, 1089, 531, 1, 0, 0, 4, 1, 2, 0, 2]),
 (12, [735, 100, 1, 1, 1, 1362, 1386, 0, 0, 2, 4, 0, 0, 1, 0]),
 (12, [1039, 50, 1, 1, 1, 887, 1094, 0, 0, 2, 0, 1, 2, 2, 2]),
 (12, [1312, 55, 1, 1, 0, 834, 1912, 0, 1, 2, 1, 0, 0, 2, 1]),
 (12, [1326, 67, 1, 0, 1, 1658, 517, 0, 0, 0, 0, 1, 1, 0, 0]),
 (12, [1503, 19, 0, 0, 1, 630, 1178, 0, 1, 0, 4, 0, 1, 1, 0]),
 (12, [1594, 77, 0, 1, 1, 1429, 1147, 1, 1, 0, 3, 0, 1, 2, 0]),
 (12, [1944, 83, 1, 0, 1, 1449, 1172, 0, 1, 2, 1, 1, 2, 1, 1]),
 (12, [2033, 112, 0, 1, 0, 814, 1883, 1, 0, 1, 1, 0, 1, 0, 2]),
 (16, [696, 104, 0, 1, 0, 2030, 1234, 0, 0, 1, 3, 1, 2, 1, 2]),
 (16, [778, 38, 1, 0, 0, 951, 1654, 1, 0, 0, 1, 1, 1, 2, 1]),
 (16, [1060, 91, 0, 0, 0, 1130, 1518, 1, 0, 1, 0, 0, 2, 1, 0]),
 (16, [1124, 60, 1, 1, 1, 1856, 885, 1, 1, 0, 2, 0, 1, 2, 0]),
 (16, [1129, 33, 1, 1, 0, 1186, 1929, 0, 0, 0, 2, 1, 2, 0, 0]),
 (16, [1221, 60, 1, 0, 1, 1758, 1701, 0, 1, 0, 0, 1, 2, 2, 0]),
 (16, [1400, 103, 0, 1, 1, 1981, 2034, 0, 1, 0, 0, 1, 0, 1, 0]),
 (16, [1476, 92, 0, 1, 1, 1888, 1829, 1, 1, 1, 0, 1, 0, 1, 0]),
 (16, [1478, 20, 1, 1, 0, 1808, 1551, 0, 1, 1, 2, 1, 0, 1, 2]),
 (16, [1498, 99, 0, 1, 0, 1932, 1370, 0, 1, 2, 4, 1, 1, 1, 1]),
 (16, [1781, 45, 1, 0, 0, 1510, 514, 0, 0, 0, 2, 1, 2, 1, 1]),
 (16, [1793, 93, 1, 1, 1, 1791, 1815, 0, 0, 2, 4, 1, 0, 1, 2]),
 (999, [528, 82, 1, 1, 1, 813, 1961, 1, 0, 3, 1, 1, 1, 2, 0]),
 (999, [673, 66, 0, 0, 1, 1003, 801, 1, 1, 3, 1, 1, 2, 0, 1]),
 (999, [940, 97, 1, 1, 0, 1619, 1263, 1, 0, 2, 5, 1, 0, 0, 1]),
 (999, [1099, 18, 1, 1, 0, 1773, 1983, 1, 1, 1, 5, 0, 0, 2, 1]),
 (999, [1137, 20, 1, 0, 0, 1537, 920, 0, 1, 2, 5, 0, 1, 2, 1]),
 (999, [1213, 36, 0, 1, 1, 1721, 1653, 1, 1, 0, 5, 0, 0, 0, 1]),
 (999, [1456, 86, 1, 0, 1, 1641, 1378, 0, 1, 3, 4, 1, 2, 0, 2]),
 (999, [1736, 65, 1, 1, 0, 879, 1033, 1, 0, 0, 5, 0, 1, 1, 2]),
 (999, [1789, 25, 0, 1, 0, 1235, 1265, 0, 1, 0, 5, 0, 1, 2, 0]),
 (999, [1819, 78, 0, 0, 0, 718, 1329, 1, 0, 2, 5, 0, 1, 2, 0]),
 (999, [2021, 106, 1, 1, 1, 1408, 604, 0, 1, 3, 5, 1, 1, 1, 0])]
Selected
[(12, [735, 100, 1, 1, 1, 1362, 1386, 0, 0, 2, 4, 0, 0, 1, 0]),
 (12, [629, 112, 0, 0, 0, 1089, 531, 1, 0, 0, 4, 1, 2, 0, 2]),
 (12, [1312, 55, 1, 1, 0, 834, 1912, 0, 1, 2, 1, 0, 0, 2, 1]),
 (12, [1039, 50, 1, 1, 1, 887, 1094, 0, 0, 2, 0, 1, 2, 2, 2]),
 (12, [2033, 112, 0, 1, 0, 814, 1883, 1, 0, 1, 1, 0, 1, 0, 2]),
 (16, [1221, 60, 1, 0, 1, 1758, 1701, 0, 1, 0, 0, 1, 2, 2, 0]),
 (12, [2033, 112, 0, 1, 0, 814, 1883, 1, 0, 1, 1, 0, 1, 0, 2]),
 (16, [696, 104, 0, 1, 0, 2030, 1234, 0, 0, 1, 3, 1, 2, 1, 2]),
 (16, [778, 38, 1, 0, 0, 951, 1654, 1, 0, 0, 1, 1, 1, 2, 1]),
 (12, [1503, 19, 0, 0, 1, 630, 1178, 0, 1, 0, 4, 0, 1, 1, 0]),
 (12, [1312, 55, 1, 1, 0, 834, 1912, 0, 1, 2, 1, 0, 0, 2, 1]),
 (12, [735, 100, 1, 1, 1, 1362, 1386, 0, 0, 2, 4, 0, 0, 1, 0]),
 (16, [1221, 60, 1, 0, 1, 1758, 1701, 0, 1, 0, 0, 1, 2, 2, 0]),
 (12, [1594, 77, 0, 1, 1, 1429, 1147, 1, 1, 0, 3, 0, 1, 2, 0]),
 (12, [1944, 83, 1, 0, 1, 1449, 1172, 0, 1, 2, 1, 1, 2, 1, 1]),
 (12, [2033, 112, 0, 1, 0, 814, 1883, 1, 0, 1, 1, 0, 1, 0, 2]),
 (12, [1312, 55, 1, 1, 0, 834, 1912, 0, 1, 2, 1, 0, 0, 2, 1]),
 (16, [778, 38, 1, 0, 0, 951, 1654, 1, 0, 0, 1, 1, 1, 2, 1]),
 (12, [1326, 67, 1, 0, 1, 1658, 517, 0, 0, 0, 0, 1, 1, 0, 0]),
 (12, [629, 112, 0, 0, 0, 1089, 531, 1, 0, 0, 4, 1, 2, 0, 2]),
 (12, [629, 112, 0, 0, 0, 1089, 531, 1, 0, 0, 4, 1, 2, 0, 2]),
 (12, [1503, 19, 0, 0, 1, 630, 1178, 0, 1, 0, 4, 0, 1, 1, 0]),
 (12, [735, 100, 1, 1, 1, 1362, 1386, 0, 0, 2, 4, 0, 0, 1, 0]),
 (12, [1312, 55, 1, 1, 0, 834, 1912, 0, 1, 2, 1, 0, 0, 2, 1]),
 (12, [735, 100, 1, 1, 1, 1362, 1386, 0, 0, 2, 4, 0, 0, 1, 0]),
 (12, [1312, 55, 1, 1, 0, 834, 1912, 0, 1, 2, 1, 0, 0, 2, 1]),
 (12, [1326, 67, 1, 0, 1, 1658, 517, 0, 0, 0, 0, 1, 1, 0, 0])]
population
[(999, [2021, 106, 1, 1, 1, 1408, 604, 0, 1, 3, 5, 1, 1, 1, 0]),
 (999, [1819, 78, 0, 0, 0, 718, 1329, 1, 0, 2, 5, 0, 1, 2, 0]),
 (999, [1789, 25, 0, 1, 0, 1235, 1265, 0, 1, 0, 5, 0, 1, 2, 0]),
 (999, [1736, 65, 1, 1, 0, 879, 1033, 1, 0, 0, 5, 0, 1, 1, 2]),
 (999, [1456, 86, 1, 0, 1, 1641, 1378, 0, 1, 3, 4, 1, 2, 0, 2]),
 (999, [1213, 36, 0, 1, 1, 1721, 1653, 1, 1, 0, 5, 0, 0, 0, 1]),
 (999, [1137, 20, 1, 0, 0, 1537, 920, 0, 1, 2, 5, 0, 1, 2, 1]),
 (999, [1099, 18, 1, 1, 0, 1773, 1983, 1, 1, 1, 5, 0, 0, 2, 1]),
 (999, [940, 97, 1, 1, 0, 1619, 1263, 1, 0, 2, 5, 1, 0, 0, 1]),
 (999, [673, 66, 0, 0, 1, 1003, 801, 1, 1, 3, 1, 1, 2, 0, 1]),
 (999, [528, 82, 1, 1, 1, 813, 1961, 1, 0, 3, 1, 1, 1, 2, 0]),
 (16, [1793, 93, 1, 1, 1, 1791, 1815, 0, 0, 2, 4, 1, 0, 1, 2]),
 (16, [1781, 45, 1, 0, 0, 1510, 514, 0, 0, 0, 2, 1, 2, 1, 1]),
 (16, [1498, 99, 0, 1, 0, 1932, 1370, 0, 1, 2, 4, 1, 1, 1, 1]),
 (16, [1478, 20, 1, 1, 0, 1808, 1551, 0, 1, 1, 2, 1, 0, 1, 2]),
 (16, [1476, 92, 0, 1, 1, 1888, 1829, 1, 1, 1, 0, 1, 0, 1, 0]),
 (16, [1400, 103, 0, 1, 1, 1981, 2034, 0, 1, 0, 0, 1, 0, 1, 0]),
 (16, [1221, 60, 1, 0, 1, 1758, 1701, 0, 1, 0, 0, 1, 2, 2, 0]),
 (16, [1129, 33, 1, 1, 0, 1186, 1929, 0, 0, 0, 2, 1, 2, 0, 0]),
 (16, [1124, 60, 1, 1, 1, 1856, 885, 1, 1, 0, 2, 0, 1, 2, 0]),
 (16, [1060, 91, 0, 0, 0, 1130, 1518, 1, 0, 1, 0, 0, 2, 1, 0]),
 (16, [778, 38, 1, 0, 0, 951, 1654, 1, 0, 0, 1, 1, 1, 2, 1]),
 (16, [696, 104, 0, 1, 0, 2030, 1234, 0, 0, 1, 3, 1, 2, 1, 2]),
 (12, [2033, 112, 0, 1, 0, 814, 1883, 1, 0, 1, 1, 0, 1, 0, 2]),
 (12, [1944, 83, 1, 0, 1, 1449, 1172, 0, 1, 2, 1, 1, 2, 1, 1]),
 (12, [1594, 77, 0, 1, 1, 1429, 1147, 1, 1, 0, 3, 0, 1, 2, 0]),
 (12, [1503, 19, 0, 0, 1, 630, 1178, 0, 1, 0, 4, 0, 1, 1, 0]),
 (12, [1326, 67, 1, 0, 1, 1658, 517, 0, 0, 0, 0, 1, 1, 0, 0]),
 (12, [1312, 55, 1, 1, 0, 834, 1912, 0, 1, 2, 1, 0, 0, 2, 1]),
 (12, [1039, 50, 1, 1, 1, 887, 1094, 0, 0, 2, 0, 1, 2, 2, 2]),
 (12, [735, 100, 1, 1, 1, 1362, 1386, 0, 0, 2, 4, 0, 0, 1, 0]),
 (12, [629, 112, 0, 0, 0, 1089, 531, 1, 0, 0, 4, 1, 2, 0, 2])]
scored
[(12, [629, 112, 0, 0, 0, 1089, 531, 1, 0, 0, 4, 1, 2, 0, 2]),
 (12, [735, 100, 1, 1, 1, 1362, 1386, 0, 0, 2, 4, 0, 0, 1, 0]),
 (12, [1039, 50, 1, 1, 1, 887, 1094, 0, 0, 2, 0, 1, 2, 2, 2]),
 (12, [1312, 55, 1, 1, 0, 834, 1912, 0, 1, 2, 1, 0, 0, 2, 1]),
 (12, [1326, 67, 1, 0, 1, 1658, 517, 0, 0, 0, 0, 1, 1, 0, 0]),
 (12, [1503, 19, 0, 0, 1, 630, 1178, 0, 1, 0, 4, 0, 1, 1, 0]),
 (12, [1594, 77, 0, 1, 1, 1429, 1147, 1, 1, 0, 3, 0, 1, 2, 0]),
 (12, [1944, 83, 1, 0, 1, 1449, 1172, 0, 1, 2, 1, 1, 2, 1, 1]),
 (12, [2033, 112, 0, 1, 0, 814, 1883, 1, 0, 1, 1, 0, 1, 0, 2]),
 (16, [696, 104, 0, 1, 0, 2030, 1234, 0, 0, 1, 3, 1, 2, 1, 2]),
 (16, [778, 38, 1, 0, 0, 951, 1654, 1, 0, 0, 1, 1, 1, 2, 1]),
 (16, [1060, 91, 0, 0, 0, 1130, 1518, 1, 0, 1, 0, 0, 2, 1, 0]),
 (16, [1124, 60, 1, 1, 1, 1856, 885, 1, 1, 0, 2, 0, 1, 2, 0]),
 (16, [1129, 33, 1, 1, 0, 1186, 1929, 0, 0, 0, 2, 1, 2, 0, 0]),
 (16, [1221, 60, 1, 0, 1, 1758, 1701, 0, 1, 0, 0, 1, 2, 2, 0]),
 (16, [1400, 103, 0, 1, 1, 1981, 2034, 0, 1, 0, 0, 1, 0, 1, 0]),
 (16, [1476, 92, 0, 1, 1, 1888, 1829, 1, 1, 1, 0, 1, 0, 1, 0]),
 (16, [1478, 20, 1, 1, 0, 1808, 1551, 0, 1, 1, 2, 1, 0, 1, 2]),
 (16, [1498, 99, 0, 1, 0, 1932, 1370, 0, 1, 2, 4, 1, 1, 1, 1]),
 (16, [1781, 45, 1, 0, 0, 1510, 514, 0, 0, 0, 2, 1, 2, 1, 1]),
 (16, [1793, 93, 1, 1, 1, 1791, 1815, 0, 0, 2, 4, 1, 0, 1, 2]),
 (999, [528, 82, 1, 1, 1, 813, 1961, 1, 0, 3, 1, 1, 1, 2, 0]),
 (999, [673, 66, 0, 0, 1, 1003, 801, 1, 1, 3, 1, 1, 2, 0, 1]),
 (999, [940, 97, 1, 1, 0, 1619, 1263, 1, 0, 2, 5, 1, 0, 0, 1]),
 (999, [1099, 18, 1, 1, 0, 1773, 1983, 1, 1, 1, 5, 0, 0, 2, 1]),
 (999, [1137, 20, 1, 0, 0, 1537, 920, 0, 1, 2, 5, 0, 1, 2, 1]),
 (999, [1213, 36, 0, 1, 1, 1721, 1653, 1, 1, 0, 5, 0, 0, 0, 1]),
 (999, [1456, 86, 1, 0, 1, 1641, 1378, 0, 1, 3, 4, 1, 2, 0, 2]),
 (999, [1736, 65, 1, 1, 0, 879, 1033, 1, 0, 0, 5, 0, 1, 1, 2]),
 (999, [1789, 25, 0, 1, 0, 1235, 1265, 0, 1, 0, 5, 0, 1, 2, 0]),
 (999, [1819, 78, 0, 0, 0, 718, 1329, 1, 0, 2, 5, 0, 1, 2, 0]),
 (999, [2021, 106, 1, 1, 1, 1408, 604, 0, 1, 3, 5, 1, 1, 1, 0])]
Selected
[(12, [1503, 19, 0, 0, 1, 630, 1178, 0, 1, 0, 4, 0, 1, 1, 0]),
 (12, [629, 112, 0, 0, 0, 1089, 531, 1, 0, 0, 4, 1, 2, 0, 2]),
 (12, [629, 112, 0, 0, 0, 1089, 531, 1, 0, 0, 4, 1, 2, 0, 2]),
 (16, [1124, 60, 1, 1, 1, 1856, 885, 1, 1, 0, 2, 0, 1, 2, 0]),
 (12, [1039, 50, 1, 1, 1, 887, 1094, 0, 0, 2, 0, 1, 2, 2, 2]),
 (12, [735, 100, 1, 1, 1, 1362, 1386, 0, 0, 2, 4, 0, 0, 1, 0]),
 (12, [735, 100, 1, 1, 1, 1362, 1386, 0, 0, 2, 4, 0, 0, 1, 0]),
 (16, [696, 104, 0, 1, 0, 2030, 1234, 0, 0, 1, 3, 1, 2, 1, 2]),
 (12, [735, 100, 1, 1, 1, 1362, 1386, 0, 0, 2, 4, 0, 0, 1, 0]),
 (12, [1503, 19, 0, 0, 1, 630, 1178, 0, 1, 0, 4, 0, 1, 1, 0]),
 (16, [778, 38, 1, 0, 0, 951, 1654, 1, 0, 0, 1, 1, 1, 2, 1]),
 (16, [1400, 103, 0, 1, 1, 1981, 2034, 0, 1, 0, 0, 1, 0, 1, 0]),
 (12, [735, 100, 1, 1, 1, 1362, 1386, 0, 0, 2, 4, 0, 0, 1, 0]),
 (12, [1594, 77, 0, 1, 1, 1429, 1147, 1, 1, 0, 3, 0, 1, 2, 0]),
 (16, [1124, 60, 1, 1, 1, 1856, 885, 1, 1, 0, 2, 0, 1, 2, 0]),
 (16, [1129, 33, 1, 1, 0, 1186, 1929, 0, 0, 0, 2, 1, 2, 0, 0]),
 (12, [1312, 55, 1, 1, 0, 834, 1912, 0, 1, 2, 1, 0, 0, 2, 1]),
 (12, [1039, 50, 1, 1, 1, 887, 1094, 0, 0, 2, 0, 1, 2, 2, 2]),
 (12, [1326, 67, 1, 0, 1, 1658, 517, 0, 0, 0, 0, 1, 1, 0, 0]),
 (12, [1503, 19, 0, 0, 1, 630, 1178, 0, 1, 0, 4, 0, 1, 1, 0]),
 (12, [1039, 50, 1, 1, 1, 887, 1094, 0, 0, 2, 0, 1, 2, 2, 2]),
 (12, [1039, 50, 1, 1, 1, 887, 1094, 0, 0, 2, 0, 1, 2, 2, 2]),
 (12, [629, 112, 0, 0, 0, 1089, 531, 1, 0, 0, 4, 1, 2, 0, 2]),
 (12, [2033, 112, 0, 1, 0, 814, 1883, 1, 0, 1, 1, 0, 1, 0, 2]),
 (12, [629, 112, 0, 0, 0, 1089, 531, 1, 0, 0, 4, 1, 2, 0, 2]),
 (12, [1326, 67, 1, 0, 1, 1658, 517, 0, 0, 0, 0, 1, 1, 0, 0]),
 (12, [1039, 50, 1, 1, 1, 887, 1094, 0, 0, 2, 0, 1, 2, 2, 2])]
population
[(999, [2021, 106, 1, 1, 1, 1408, 604, 0, 1, 3, 5, 1, 1, 1, 0]),
 (999, [1819, 78, 0, 0, 0, 718, 1329, 1, 0, 2, 5, 0, 1, 2, 0]),
 (999, [1789, 25, 0, 1, 0, 1235, 1265, 0, 1, 0, 5, 0, 1, 2, 0]),
 (999, [1736, 65, 1, 1, 0, 879, 1033, 1, 0, 0, 5, 0, 1, 1, 2]),
 (999, [1456, 86, 1, 0, 1, 1641, 1378, 0, 1, 3, 4, 1, 2, 0, 2]),
 (999, [1213, 36, 0, 1, 1, 1721, 1653, 1, 1, 0, 5, 0, 0, 0, 1]),
 (999, [1137, 20, 1, 0, 0, 1537, 920, 0, 1, 2, 5, 0, 1, 2, 1]),
 (999, [1099, 18, 1, 1, 0, 1773, 1983, 1, 1, 1, 5, 0, 0, 2, 1]),
 (999, [940, 97, 1, 1, 0, 1619, 1263, 1, 0, 2, 5, 1, 0, 0, 1]),
 (999, [673, 66, 0, 0, 1, 1003, 801, 1, 1, 3, 1, 1, 2, 0, 1]),
 (999, [528, 82, 1, 1, 1, 813, 1961, 1, 0, 3, 1, 1, 1, 2, 0]),
 (16, [1793, 93, 1, 1, 1, 1791, 1815, 0, 0, 2, 4, 1, 0, 1, 2]),
 (16, [1781, 45, 1, 0, 0, 1510, 514, 0, 0, 0, 2, 1, 2, 1, 1]),
 (16, [1498, 99, 0, 1, 0, 1932, 1370, 0, 1, 2, 4, 1, 1, 1, 1]),
 (16, [1478, 20, 1, 1, 0, 1808, 1551, 0, 1, 1, 2, 1, 0, 1, 2]),
 (16, [1476, 92, 0, 1, 1, 1888, 1829, 1, 1, 1, 0, 1, 0, 1, 0]),
 (16, [1400, 103, 0, 1, 1, 1981, 2034, 0, 1, 0, 0, 1, 0, 1, 0]),
 (16, [1221, 60, 1, 0, 1, 1758, 1701, 0, 1, 0, 0, 1, 2, 2, 0]),
 (16, [1129, 33, 1, 1, 0, 1186, 1929, 0, 0, 0, 2, 1, 2, 0, 0]),
 (16, [1124, 60, 1, 1, 1, 1856, 885, 1, 1, 0, 2, 0, 1, 2, 0]),
 (16, [1060, 91, 0, 0, 0, 1130, 1518, 1, 0, 1, 0, 0, 2, 1, 0]),
 (16, [778, 38, 1, 0, 0, 951, 1654, 1, 0, 0, 1, 1, 1, 2, 1]),
 (16, [696, 104, 0, 1, 0, 2030, 1234, 0, 0, 1, 3, 1, 2, 1, 2]),
 (12, [2033, 112, 0, 1, 0, 814, 1883, 1, 0, 1, 1, 0, 1, 0, 2]),
 (12, [1944, 83, 1, 0, 1, 1449, 1172, 0, 1, 2, 1, 1, 2, 1, 1]),
 (12, [1594, 77, 0, 1, 1, 1429, 1147, 1, 1, 0, 3, 0, 1, 2, 0]),
 (12, [1503, 19, 0, 0, 1, 630, 1178, 0, 1, 0, 4, 0, 1, 1, 0]),
 (12, [1326, 67, 1, 0, 1, 1658, 517, 0, 0, 0, 0, 1, 1, 0, 0]),
 (12, [1312, 55, 1, 1, 0, 834, 1912, 0, 1, 2, 1, 0, 0, 2, 1]),
 (12, [1039, 50, 1, 1, 1, 887, 1094, 0, 0, 2, 0, 1, 2, 2, 2]),
 (12, [735, 100, 1, 1, 1, 1362, 1386, 0, 0, 2, 4, 0, 0, 1, 0]),
 (12, [629, 112, 0, 0, 0, 1089, 531, 1, 0, 0, 4, 1, 2, 0, 2])]
scored
[(12, [629, 112, 0, 0, 0, 1089, 531, 1, 0, 0, 4, 1, 2, 0, 2]),
 (12, [735, 100, 1, 1, 1, 1362, 1386, 0, 0, 2, 4, 0, 0, 1, 0]),
 (12, [1039, 50, 1, 1, 1, 887, 1094, 0, 0, 2, 0, 1, 2, 2, 2]),
 (12, [1312, 55, 1, 1, 0, 834, 1912, 0, 1, 2, 1, 0, 0, 2, 1]),
 (12, [1326, 67, 1, 0, 1, 1658, 517, 0, 0, 0, 0, 1, 1, 0, 0]),
 (12, [1503, 19, 0, 0, 1, 630, 1178, 0, 1, 0, 4, 0, 1, 1, 0]),
 (12, [1594, 77, 0, 1, 1, 1429, 1147, 1, 1, 0, 3, 0, 1, 2, 0]),
 (12, [1944, 83, 1, 0, 1, 1449, 1172, 0, 1, 2, 1, 1, 2, 1, 1]),
 (12, [2033, 112, 0, 1, 0, 814, 1883, 1, 0, 1, 1, 0, 1, 0, 2]),
 (16, [696, 104, 0, 1, 0, 2030, 1234, 0, 0, 1, 3, 1, 2, 1, 2]),
 (16, [778, 38, 1, 0, 0, 951, 1654, 1, 0, 0, 1, 1, 1, 2, 1]),
 (16, [1060, 91, 0, 0, 0, 1130, 1518, 1, 0, 1, 0, 0, 2, 1, 0]),
 (16, [1124, 60, 1, 1, 1, 1856, 885, 1, 1, 0, 2, 0, 1, 2, 0]),
 (16, [1129, 33, 1, 1, 0, 1186, 1929, 0, 0, 0, 2, 1, 2, 0, 0]),
 (16, [1221, 60, 1, 0, 1, 1758, 1701, 0, 1, 0, 0, 1, 2, 2, 0]),
 (16, [1400, 103, 0, 1, 1, 1981, 2034, 0, 1, 0, 0, 1, 0, 1, 0]),
 (16, [1476, 92, 0, 1, 1, 1888, 1829, 1, 1, 1, 0, 1, 0, 1, 0]),
 (16, [1478, 20, 1, 1, 0, 1808, 1551, 0, 1, 1, 2, 1, 0, 1, 2]),
 (16, [1498, 99, 0, 1, 0, 1932, 1370, 0, 1, 2, 4, 1, 1, 1, 1]),
 (16, [1781, 45, 1, 0, 0, 1510, 514, 0, 0, 0, 2, 1, 2, 1, 1]),
 (16, [1793, 93, 1, 1, 1, 1791, 1815, 0, 0, 2, 4, 1, 0, 1, 2]),
 (999, [528, 82, 1, 1, 1, 813, 1961, 1, 0, 3, 1, 1, 1, 2, 0]),
 (999, [673, 66, 0, 0, 1, 1003, 801, 1, 1, 3, 1, 1, 2, 0, 1]),
 (999, [940, 97, 1, 1, 0, 1619, 1263, 1, 0, 2, 5, 1, 0, 0, 1]),
 (999, [1099, 18, 1, 1, 0, 1773, 1983, 1, 1, 1, 5, 0, 0, 2, 1]),
 (999, [1137, 20, 1, 0, 0, 1537, 920, 0, 1, 2, 5, 0, 1, 2, 1]),
 (999, [1213, 36, 0, 1, 1, 1721, 1653, 1, 1, 0, 5, 0, 0, 0, 1]),
 (999, [1456, 86, 1, 0, 1, 1641, 1378, 0, 1, 3, 4, 1, 2, 0, 2]),
 (999, [1736, 65, 1, 1, 0, 879, 1033, 1, 0, 0, 5, 0, 1, 1, 2]),
 (999, [1789, 25, 0, 1, 0, 1235, 1265, 0, 1, 0, 5, 0, 1, 2, 0]),
 (999, [1819, 78, 0, 0, 0, 718, 1329, 1, 0, 2, 5, 0, 1, 2, 0]),
 (999, [2021, 106, 1, 1, 1, 1408, 604, 0, 1, 3, 5, 1, 1, 1, 0])]
Selected
[(12, [735, 100, 1, 1, 1, 1362, 1386, 0, 0, 2, 4, 0, 0, 1, 0]),
 (16, [1060, 91, 0, 0, 0, 1130, 1518, 1, 0, 1, 0, 0, 2, 1, 0]),
 (12, [1944, 83, 1, 0, 1, 1449, 1172, 0, 1, 2, 1, 1, 2, 1, 1]),
 (12, [2033, 112, 0, 1, 0, 814, 1883, 1, 0, 1, 1, 0, 1, 0, 2]),
 (12, [629, 112, 0, 0, 0, 1089, 531, 1, 0, 0, 4, 1, 2, 0, 2]),
 (12, [1326, 67, 1, 0, 1, 1658, 517, 0, 0, 0, 0, 1, 1, 0, 0]),
 (16, [696, 104, 0, 1, 0, 2030, 1234, 0, 0, 1, 3, 1, 2, 1, 2]),
 (12, [629, 112, 0, 0, 0, 1089, 531, 1, 0, 0, 4, 1, 2, 0, 2]),
 (12, [629, 112, 0, 0, 0, 1089, 531, 1, 0, 0, 4, 1, 2, 0, 2]),
 (12, [1326, 67, 1, 0, 1, 1658, 517, 0, 0, 0, 0, 1, 1, 0, 0]),
 (12, [1944, 83, 1, 0, 1, 1449, 1172, 0, 1, 2, 1, 1, 2, 1, 1]),
 (12, [629, 112, 0, 0, 0, 1089, 531, 1, 0, 0, 4, 1, 2, 0, 2]),
 (12, [629, 112, 0, 0, 0, 1089, 531, 1, 0, 0, 4, 1, 2, 0, 2]),
 (12, [629, 112, 0, 0, 0, 1089, 531, 1, 0, 0, 4, 1, 2, 0, 2]),
 (16, [1124, 60, 1, 1, 1, 1856, 885, 1, 1, 0, 2, 0, 1, 2, 0]),
 (16, [696, 104, 0, 1, 0, 2030, 1234, 0, 0, 1, 3, 1, 2, 1, 2]),
 (12, [1039, 50, 1, 1, 1, 887, 1094, 0, 0, 2, 0, 1, 2, 2, 2]),
 (16, [1221, 60, 1, 0, 1, 1758, 1701, 0, 1, 0, 0, 1, 2, 2, 0]),
 (12, [629, 112, 0, 0, 0, 1089, 531, 1, 0, 0, 4, 1, 2, 0, 2]),
 (12, [1039, 50, 1, 1, 1, 887, 1094, 0, 0, 2, 0, 1, 2, 2, 2]),
 (12, [1039, 50, 1, 1, 1, 887, 1094, 0, 0, 2, 0, 1, 2, 2, 2]),
 (12, [1503, 19, 0, 0, 1, 630, 1178, 0, 1, 0, 4, 0, 1, 1, 0]),
 (12, [1503, 19, 0, 0, 1, 630, 1178, 0, 1, 0, 4, 0, 1, 1, 0]),
 (12, [2033, 112, 0, 1, 0, 814, 1883, 1, 0, 1, 1, 0, 1, 0, 2]),
 (16, [696, 104, 0, 1, 0, 2030, 1234, 0, 0, 1, 3, 1, 2, 1, 2]),
 (12, [1503, 19, 0, 0, 1, 630, 1178, 0, 1, 0, 4, 0, 1, 1, 0]),
 (12, [1312, 55, 1, 1, 0, 834, 1912, 0, 1, 2, 1, 0, 0, 2, 1])]
population
[(999, [2021, 106, 1, 1, 1, 1408, 604, 0, 1, 3, 5, 1, 1, 1, 0]),
 (999, [1819, 78, 0, 0, 0, 718, 1329, 1, 0, 2, 5, 0, 1, 2, 0]),
 (999, [1789, 25, 0, 1, 0, 1235, 1265, 0, 1, 0, 5, 0, 1, 2, 0]),
 (999, [1736, 65, 1, 1, 0, 879, 1033, 1, 0, 0, 5, 0, 1, 1, 2]),
 (999, [1456, 86, 1, 0, 1, 1641, 1378, 0, 1, 3, 4, 1, 2, 0, 2]),
 (999, [1213, 36, 0, 1, 1, 1721, 1653, 1, 1, 0, 5, 0, 0, 0, 1]),
 (999, [1137, 20, 1, 0, 0, 1537, 920, 0, 1, 2, 5, 0, 1, 2, 1]),
 (999, [1099, 18, 1, 1, 0, 1773, 1983, 1, 1, 1, 5, 0, 0, 2, 1]),
 (999, [940, 97, 1, 1, 0, 1619, 1263, 1, 0, 2, 5, 1, 0, 0, 1]),
 (999, [673, 66, 0, 0, 1, 1003, 801, 1, 1, 3, 1, 1, 2, 0, 1]),
 (999, [528, 82, 1, 1, 1, 813, 1961, 1, 0, 3, 1, 1, 1, 2, 0]),
 (16, [1793, 93, 1, 1, 1, 1791, 1815, 0, 0, 2, 4, 1, 0, 1, 2]),
 (16, [1781, 45, 1, 0, 0, 1510, 514, 0, 0, 0, 2, 1, 2, 1, 1]),
 (16, [1498, 99, 0, 1, 0, 1932, 1370, 0, 1, 2, 4, 1, 1, 1, 1]),
 (16, [1478, 20, 1, 1, 0, 1808, 1551, 0, 1, 1, 2, 1, 0, 1, 2]),
 (16, [1476, 92, 0, 1, 1, 1888, 1829, 1, 1, 1, 0, 1, 0, 1, 0]),
 (16, [1400, 103, 0, 1, 1, 1981, 2034, 0, 1, 0, 0, 1, 0, 1, 0]),
 (16, [1221, 60, 1, 0, 1, 1758, 1701, 0, 1, 0, 0, 1, 2, 2, 0]),
 (16, [1129, 33, 1, 1, 0, 1186, 1929, 0, 0, 0, 2, 1, 2, 0, 0]),
 (16, [1124, 60, 1, 1, 1, 1856, 885, 1, 1, 0, 2, 0, 1, 2, 0]),
 (16, [1060, 91, 0, 0, 0, 1130, 1518, 1, 0, 1, 0, 0, 2, 1, 0]),
 (16, [778, 38, 1, 0, 0, 951, 1654, 1, 0, 0, 1, 1, 1, 2, 1]),
 (16, [696, 104, 0, 1, 0, 2030, 1234, 0, 0, 1, 3, 1, 2, 1, 2]),
 (12, [2033, 112, 0, 1, 0, 814, 1883, 1, 0, 1, 1, 0, 1, 0, 2]),
 (12, [1944, 83, 1, 0, 1, 1449, 1172, 0, 1, 2, 1, 1, 2, 1, 1]),
 (12, [1594, 77, 0, 1, 1, 1429, 1147, 1, 1, 0, 3, 0, 1, 2, 0]),
 (12, [1503, 19, 0, 0, 1, 630, 1178, 0, 1, 0, 4, 0, 1, 1, 0]),
 (12, [1326, 67, 1, 0, 1, 1658, 517, 0, 0, 0, 0, 1, 1, 0, 0]),
 (12, [1312, 55, 1, 1, 0, 834, 1912, 0, 1, 2, 1, 0, 0, 2, 1]),
 (12, [1039, 50, 1, 1, 1, 887, 1094, 0, 0, 2, 0, 1, 2, 2, 2]),
 (12, [735, 100, 1, 1, 1, 1362, 1386, 0, 0, 2, 4, 0, 0, 1, 0]),
 (12, [629, 112, 0, 0, 0, 1089, 531, 1, 0, 0, 4, 1, 2, 0, 2])]
scored
[(12, [629, 112, 0, 0, 0, 1089, 531, 1, 0, 0, 4, 1, 2, 0, 2]),
 (12, [735, 100, 1, 1, 1, 1362, 1386, 0, 0, 2, 4, 0, 0, 1, 0]),
 (12, [1039, 50, 1, 1, 1, 887, 1094, 0, 0, 2, 0, 1, 2, 2, 2]),
 (12, [1312, 55, 1, 1, 0, 834, 1912, 0, 1, 2, 1, 0, 0, 2, 1]),
 (12, [1326, 67, 1, 0, 1, 1658, 517, 0, 0, 0, 0, 1, 1, 0, 0]),
 (12, [1503, 19, 0, 0, 1, 630, 1178, 0, 1, 0, 4, 0, 1, 1, 0]),
 (12, [1594, 77, 0, 1, 1, 1429, 1147, 1, 1, 0, 3, 0, 1, 2, 0]),
 (12, [1944, 83, 1, 0, 1, 1449, 1172, 0, 1, 2, 1, 1, 2, 1, 1]),
 (12, [2033, 112, 0, 1, 0, 814, 1883, 1, 0, 1, 1, 0, 1, 0, 2]),
 (16, [696, 104, 0, 1, 0, 2030, 1234, 0, 0, 1, 3, 1, 2, 1, 2]),
 (16, [778, 38, 1, 0, 0, 951, 1654, 1, 0, 0, 1, 1, 1, 2, 1]),
 (16, [1060, 91, 0, 0, 0, 1130, 1518, 1, 0, 1, 0, 0, 2, 1, 0]),
 (16, [1124, 60, 1, 1, 1, 1856, 885, 1, 1, 0, 2, 0, 1, 2, 0]),
 (16, [1129, 33, 1, 1, 0, 1186, 1929, 0, 0, 0, 2, 1, 2, 0, 0]),
 (16, [1221, 60, 1, 0, 1, 1758, 1701, 0, 1, 0, 0, 1, 2, 2, 0]),
 (16, [1400, 103, 0, 1, 1, 1981, 2034, 0, 1, 0, 0, 1, 0, 1, 0]),
 (16, [1476, 92, 0, 1, 1, 1888, 1829, 1, 1, 1, 0, 1, 0, 1, 0]),
 (16, [1478, 20, 1, 1, 0, 1808, 1551, 0, 1, 1, 2, 1, 0, 1, 2]),
 (16, [1498, 99, 0, 1, 0, 1932, 1370, 0, 1, 2, 4, 1, 1, 1, 1]),
 (16, [1781, 45, 1, 0, 0, 1510, 514, 0, 0, 0, 2, 1, 2, 1, 1]),
 (16, [1793, 93, 1, 1, 1, 1791, 1815, 0, 0, 2, 4, 1, 0, 1, 2]),
 (999, [528, 82, 1, 1, 1, 813, 1961, 1, 0, 3, 1, 1, 1, 2, 0]),
 (999, [673, 66, 0, 0, 1, 1003, 801, 1, 1, 3, 1, 1, 2, 0, 1]),
 (999, [940, 97, 1, 1, 0, 1619, 1263, 1, 0, 2, 5, 1, 0, 0, 1]),
 (999, [1099, 18, 1, 1, 0, 1773, 1983, 1, 1, 1, 5, 0, 0, 2, 1]),
 (999, [1137, 20, 1, 0, 0, 1537, 920, 0, 1, 2, 5, 0, 1, 2, 1]),
 (999, [1213, 36, 0, 1, 1, 1721, 1653, 1, 1, 0, 5, 0, 0, 0, 1]),
 (999, [1456, 86, 1, 0, 1, 1641, 1378, 0, 1, 3, 4, 1, 2, 0, 2]),
 (999, [1736, 65, 1, 1, 0, 879, 1033, 1, 0, 0, 5, 0, 1, 1, 2]),
 (999, [1789, 25, 0, 1, 0, 1235, 1265, 0, 1, 0, 5, 0, 1, 2, 0]),
 (999, [1819, 78, 0, 0, 0, 718, 1329, 1, 0, 2, 5, 0, 1, 2, 0]),
 (999, [2021, 106, 1, 1, 1, 1408, 604, 0, 1, 3, 5, 1, 1, 1, 0])]
Selected
[(12, [1594, 77, 0, 1, 1, 1429, 1147, 1, 1, 0, 3, 0, 1, 2, 0]),
 (12, [1503, 19, 0, 0, 1, 630, 1178, 0, 1, 0, 4, 0, 1, 1, 0]),
 (12, [629, 112, 0, 0, 0, 1089, 531, 1, 0, 0, 4, 1, 2, 0, 2]),
 (12, [629, 112, 0, 0, 0, 1089, 531, 1, 0, 0, 4, 1, 2, 0, 2]),
 (12, [735, 100, 1, 1, 1, 1362, 1386, 0, 0, 2, 4, 0, 0, 1, 0]),
 (12, [1039, 50, 1, 1, 1, 887, 1094, 0, 0, 2, 0, 1, 2, 2, 2]),
 (12, [1503, 19, 0, 0, 1, 630, 1178, 0, 1, 0, 4, 0, 1, 1, 0]),
 (12, [1039, 50, 1, 1, 1, 887, 1094, 0, 0, 2, 0, 1, 2, 2, 2]),
 (12, [735, 100, 1, 1, 1, 1362, 1386, 0, 0, 2, 4, 0, 0, 1, 0]),
 (12, [1312, 55, 1, 1, 0, 834, 1912, 0, 1, 2, 1, 0, 0, 2, 1]),
 (16, [1060, 91, 0, 0, 0, 1130, 1518, 1, 0, 1, 0, 0, 2, 1, 0]),
 (12, [629, 112, 0, 0, 0, 1089, 531, 1, 0, 0, 4, 1, 2, 0, 2]),
 (12, [1503, 19, 0, 0, 1, 630, 1178, 0, 1, 0, 4, 0, 1, 1, 0]),
 (12, [1039, 50, 1, 1, 1, 887, 1094, 0, 0, 2, 0, 1, 2, 2, 2]),
 (16, [778, 38, 1, 0, 0, 951, 1654, 1, 0, 0, 1, 1, 1, 2, 1]),
 (12, [629, 112, 0, 0, 0, 1089, 531, 1, 0, 0, 4, 1, 2, 0, 2]),
 (12, [1944, 83, 1, 0, 1, 1449, 1172, 0, 1, 2, 1, 1, 2, 1, 1]),
 (12, [735, 100, 1, 1, 1, 1362, 1386, 0, 0, 2, 4, 0, 0, 1, 0]),
 (12, [2033, 112, 0, 1, 0, 814, 1883, 1, 0, 1, 1, 0, 1, 0, 2]),
 (12, [1312, 55, 1, 1, 0, 834, 1912, 0, 1, 2, 1, 0, 0, 2, 1]),
 (16, [1221, 60, 1, 0, 1, 1758, 1701, 0, 1, 0, 0, 1, 2, 2, 0]),
 (12, [1039, 50, 1, 1, 1, 887, 1094, 0, 0, 2, 0, 1, 2, 2, 2]),
 (12, [1594, 77, 0, 1, 1, 1429, 1147, 1, 1, 0, 3, 0, 1, 2, 0]),
 (16, [778, 38, 1, 0, 0, 951, 1654, 1, 0, 0, 1, 1, 1, 2, 1]),
 (12, [1039, 50, 1, 1, 1, 887, 1094, 0, 0, 2, 0, 1, 2, 2, 2]),
 (12, [1312, 55, 1, 1, 0, 834, 1912, 0, 1, 2, 1, 0, 0, 2, 1]),
 (12, [1503, 19, 0, 0, 1, 630, 1178, 0, 1, 0, 4, 0, 1, 1, 0])]
population
[(999, [2021, 106, 1, 1, 1, 1408, 604, 0, 1, 3, 5, 1, 1, 1, 0]),
 (999, [1819, 78, 0, 0, 0, 718, 1329, 1, 0, 2, 5, 0, 1, 2, 0]),
 (999, [1789, 25, 0, 1, 0, 1235, 1265, 0, 1, 0, 5, 0, 1, 2, 0]),
 (999, [1736, 65, 1, 1, 0, 879, 1033, 1, 0, 0, 5, 0, 1, 1, 2]),
 (999, [1456, 86, 1, 0, 1, 1641, 1378, 0, 1, 3, 4, 1, 2, 0, 2]),
 (999, [1213, 36, 0, 1, 1, 1721, 1653, 1, 1, 0, 5, 0, 0, 0, 1]),
 (999, [1137, 20, 1, 0, 0, 1537, 920, 0, 1, 2, 5, 0, 1, 2, 1]),
 (999, [1099, 18, 1, 1, 0, 1773, 1983, 1, 1, 1, 5, 0, 0, 2, 1]),
 (999, [940, 97, 1, 1, 0, 1619, 1263, 1, 0, 2, 5, 1, 0, 0, 1]),
 (999, [673, 66, 0, 0, 1, 1003, 801, 1, 1, 3, 1, 1, 2, 0, 1]),
 (999, [528, 82, 1, 1, 1, 813, 1961, 1, 0, 3, 1, 1, 1, 2, 0]),
 (16, [1793, 93, 1, 1, 1, 1791, 1815, 0, 0, 2, 4, 1, 0, 1, 2]),
 (16, [1781, 45, 1, 0, 0, 1510, 514, 0, 0, 0, 2, 1, 2, 1, 1]),
 (16, [1498, 99, 0, 1, 0, 1932, 1370, 0, 1, 2, 4, 1, 1, 1, 1]),
 (16, [1478, 20, 1, 1, 0, 1808, 1551, 0, 1, 1, 2, 1, 0, 1, 2]),
 (16, [1476, 92, 0, 1, 1, 1888, 1829, 1, 1, 1, 0, 1, 0, 1, 0]),
 (16, [1400, 103, 0, 1, 1, 1981, 2034, 0, 1, 0, 0, 1, 0, 1, 0]),
 (16, [1221, 60, 1, 0, 1, 1758, 1701, 0, 1, 0, 0, 1, 2, 2, 0]),
 (16, [1129, 33, 1, 1, 0, 1186, 1929, 0, 0, 0, 2, 1, 2, 0, 0]),
 (16, [1124, 60, 1, 1, 1, 1856, 885, 1, 1, 0, 2, 0, 1, 2, 0]),
 (16, [1060, 91, 0, 0, 0, 1130, 1518, 1, 0, 1, 0, 0, 2, 1, 0]),
 (16, [778, 38, 1, 0, 0, 951, 1654, 1, 0, 0, 1, 1, 1, 2, 1]),
 (16, [696, 104, 0, 1, 0, 2030, 1234, 0, 0, 1, 3, 1, 2, 1, 2]),
 (12, [2033, 112, 0, 1, 0, 814, 1883, 1, 0, 1, 1, 0, 1, 0, 2]),
 (12, [1944, 83, 1, 0, 1, 1449, 1172, 0, 1, 2, 1, 1, 2, 1, 1]),
 (12, [1594, 77, 0, 1, 1, 1429, 1147, 1, 1, 0, 3, 0, 1, 2, 0]),
 (12, [1503, 19, 0, 0, 1, 630, 1178, 0, 1, 0, 4, 0, 1, 1, 0]),
 (12, [1326, 67, 1, 0, 1, 1658, 517, 0, 0, 0, 0, 1, 1, 0, 0]),
 (12, [1312, 55, 1, 1, 0, 834, 1912, 0, 1, 2, 1, 0, 0, 2, 1]),
 (12, [1039, 50, 1, 1, 1, 887, 1094, 0, 0, 2, 0, 1, 2, 2, 2]),
 (12, [735, 100, 1, 1, 1, 1362, 1386, 0, 0, 2, 4, 0, 0, 1, 0]),
 (12, [629, 112, 0, 0, 0, 1089, 531, 1, 0, 0, 4, 1, 2, 0, 2])]
scored
[(12, [629, 112, 0, 0, 0, 1089, 531, 1, 0, 0, 4, 1, 2, 0, 2]),
 (12, [735, 100, 1, 1, 1, 1362, 1386, 0, 0, 2, 4, 0, 0, 1, 0]),
 (12, [1039, 50, 1, 1, 1, 887, 1094, 0, 0, 2, 0, 1, 2, 2, 2]),
 (12, [1312, 55, 1, 1, 0, 834, 1912, 0, 1, 2, 1, 0, 0, 2, 1]),
 (12, [1326, 67, 1, 0, 1, 1658, 517, 0, 0, 0, 0, 1, 1, 0, 0]),
 (12, [1503, 19, 0, 0, 1, 630, 1178, 0, 1, 0, 4, 0, 1, 1, 0]),
 (12, [1594, 77, 0, 1, 1, 1429, 1147, 1, 1, 0, 3, 0, 1, 2, 0]),
 (12, [1944, 83, 1, 0, 1, 1449, 1172, 0, 1, 2, 1, 1, 2, 1, 1]),
 (12, [2033, 112, 0, 1, 0, 814, 1883, 1, 0, 1, 1, 0, 1, 0, 2]),
 (16, [696, 104, 0, 1, 0, 2030, 1234, 0, 0, 1, 3, 1, 2, 1, 2]),
 (16, [778, 38, 1, 0, 0, 951, 1654, 1, 0, 0, 1, 1, 1, 2, 1]),
 (16, [1060, 91, 0, 0, 0, 1130, 1518, 1, 0, 1, 0, 0, 2, 1, 0]),
 (16, [1124, 60, 1, 1, 1, 1856, 885, 1, 1, 0, 2, 0, 1, 2, 0]),
 (16, [1129, 33, 1, 1, 0, 1186, 1929, 0, 0, 0, 2, 1, 2, 0, 0]),
 (16, [1221, 60, 1, 0, 1, 1758, 1701, 0, 1, 0, 0, 1, 2, 2, 0]),
 (16, [1400, 103, 0, 1, 1, 1981, 2034, 0, 1, 0, 0, 1, 0, 1, 0]),
 (16, [1476, 92, 0, 1, 1, 1888, 1829, 1, 1, 1, 0, 1, 0, 1, 0]),
 (16, [1478, 20, 1, 1, 0, 1808, 1551, 0, 1, 1, 2, 1, 0, 1, 2]),
 (16, [1498, 99, 0, 1, 0, 1932, 1370, 0, 1, 2, 4, 1, 1, 1, 1]),
 (16, [1781, 45, 1, 0, 0, 1510, 514, 0, 0, 0, 2, 1, 2, 1, 1]),
 (16, [1793, 93, 1, 1, 1, 1791, 1815, 0, 0, 2, 4, 1, 0, 1, 2]),
 (999, [528, 82, 1, 1, 1, 813, 1961, 1, 0, 3, 1, 1, 1, 2, 0]),
 (999, [673, 66, 0, 0, 1, 1003, 801, 1, 1, 3, 1, 1, 2, 0, 1]),
 (999, [940, 97, 1, 1, 0, 1619, 1263, 1, 0, 2, 5, 1, 0, 0, 1]),
 (999, [1099, 18, 1, 1, 0, 1773, 1983, 1, 1, 1, 5, 0, 0, 2, 1]),
 (999, [1137, 20, 1, 0, 0, 1537, 920, 0, 1, 2, 5, 0, 1, 2, 1]),
 (999, [1213, 36, 0, 1, 1, 1721, 1653, 1, 1, 0, 5, 0, 0, 0, 1]),
 (999, [1456, 86, 1, 0, 1, 1641, 1378, 0, 1, 3, 4, 1, 2, 0, 2]),
 (999, [1736, 65, 1, 1, 0, 879, 1033, 1, 0, 0, 5, 0, 1, 1, 2]),
 (999, [1789, 25, 0, 1, 0, 1235, 1265, 0, 1, 0, 5, 0, 1, 2, 0]),
 (999, [1819, 78, 0, 0, 0, 718, 1329, 1, 0, 2, 5, 0, 1, 2, 0]),
 (999, [2021, 106, 1, 1, 1, 1408, 604, 0, 1, 3, 5, 1, 1, 1, 0])]
Selected
[(12, [1594, 77, 0, 1, 1, 1429, 1147, 1, 1, 0, 3, 0, 1, 2, 0]),
 (12, [629, 112, 0, 0, 0, 1089, 531, 1, 0, 0, 4, 1, 2, 0, 2]),
 (16, [778, 38, 1, 0, 0, 951, 1654, 1, 0, 0, 1, 1, 1, 2, 1]),
 (16, [778, 38, 1, 0, 0, 951, 1654, 1, 0, 0, 1, 1, 1, 2, 1]),
 (12, [735, 100, 1, 1, 1, 1362, 1386, 0, 0, 2, 4, 0, 0, 1, 0]),
 (16, [1124, 60, 1, 1, 1, 1856, 885, 1, 1, 0, 2, 0, 1, 2, 0]),
 (12, [1039, 50, 1, 1, 1, 887, 1094, 0, 0, 2, 0, 1, 2, 2, 2]),
 (12, [1594, 77, 0, 1, 1, 1429, 1147, 1, 1, 0, 3, 0, 1, 2, 0]),
 (12, [629, 112, 0, 0, 0, 1089, 531, 1, 0, 0, 4, 1, 2, 0, 2]),
 (12, [1594, 77, 0, 1, 1, 1429, 1147, 1, 1, 0, 3, 0, 1, 2, 0]),
 (12, [1594, 77, 0, 1, 1, 1429, 1147, 1, 1, 0, 3, 0, 1, 2, 0]),
 (12, [1503, 19, 0, 0, 1, 630, 1178, 0, 1, 0, 4, 0, 1, 1, 0]),
 (12, [629, 112, 0, 0, 0, 1089, 531, 1, 0, 0, 4, 1, 2, 0, 2]),
 (12, [629, 112, 0, 0, 0, 1089, 531, 1, 0, 0, 4, 1, 2, 0, 2]),
 (12, [629, 112, 0, 0, 0, 1089, 531, 1, 0, 0, 4, 1, 2, 0, 2]),
 (12, [629, 112, 0, 0, 0, 1089, 531, 1, 0, 0, 4, 1, 2, 0, 2]),
 (12, [1944, 83, 1, 0, 1, 1449, 1172, 0, 1, 2, 1, 1, 2, 1, 1]),
 (12, [1039, 50, 1, 1, 1, 887, 1094, 0, 0, 2, 0, 1, 2, 2, 2]),
 (12, [629, 112, 0, 0, 0, 1089, 531, 1, 0, 0, 4, 1, 2, 0, 2]),
 (12, [1312, 55, 1, 1, 0, 834, 1912, 0, 1, 2, 1, 0, 0, 2, 1]),
 (12, [1039, 50, 1, 1, 1, 887, 1094, 0, 0, 2, 0, 1, 2, 2, 2]),
 (12, [629, 112, 0, 0, 0, 1089, 531, 1, 0, 0, 4, 1, 2, 0, 2]),
 (12, [735, 100, 1, 1, 1, 1362, 1386, 0, 0, 2, 4, 0, 0, 1, 0]),
 (12, [1039, 50, 1, 1, 1, 887, 1094, 0, 0, 2, 0, 1, 2, 2, 2]),
 (12, [735, 100, 1, 1, 1, 1362, 1386, 0, 0, 2, 4, 0, 0, 1, 0]),
 (12, [2033, 112, 0, 1, 0, 814, 1883, 1, 0, 1, 1, 0, 1, 0, 2]),
 (12, [629, 112, 0, 0, 0, 1089, 531, 1, 0, 0, 4, 1, 2, 0, 2])]
population
[(999, [2021, 106, 1, 1, 1, 1408, 604, 0, 1, 3, 5, 1, 1, 1, 0]),
 (999, [1819, 78, 0, 0, 0, 718, 1329, 1, 0, 2, 5, 0, 1, 2, 0]),
 (999, [1789, 25, 0, 1, 0, 1235, 1265, 0, 1, 0, 5, 0, 1, 2, 0]),
 (999, [1736, 65, 1, 1, 0, 879, 1033, 1, 0, 0, 5, 0, 1, 1, 2]),
 (999, [1456, 86, 1, 0, 1, 1641, 1378, 0, 1, 3, 4, 1, 2, 0, 2]),
 (999, [1213, 36, 0, 1, 1, 1721, 1653, 1, 1, 0, 5, 0, 0, 0, 1]),
 (999, [1137, 20, 1, 0, 0, 1537, 920, 0, 1, 2, 5, 0, 1, 2, 1]),
 (999, [1099, 18, 1, 1, 0, 1773, 1983, 1, 1, 1, 5, 0, 0, 2, 1]),
 (999, [940, 97, 1, 1, 0, 1619, 1263, 1, 0, 2, 5, 1, 0, 0, 1]),
 (999, [673, 66, 0, 0, 1, 1003, 801, 1, 1, 3, 1, 1, 2, 0, 1]),
 (999, [528, 82, 1, 1, 1, 813, 1961, 1, 0, 3, 1, 1, 1, 2, 0]),
 (16, [1793, 93, 1, 1, 1, 1791, 1815, 0, 0, 2, 4, 1, 0, 1, 2]),
 (16, [1781, 45, 1, 0, 0, 1510, 514, 0, 0, 0, 2, 1, 2, 1, 1]),
 (16, [1498, 99, 0, 1, 0, 1932, 1370, 0, 1, 2, 4, 1, 1, 1, 1]),
 (16, [1478, 20, 1, 1, 0, 1808, 1551, 0, 1, 1, 2, 1, 0, 1, 2]),
 (16, [1476, 92, 0, 1, 1, 1888, 1829, 1, 1, 1, 0, 1, 0, 1, 0]),
 (16, [1400, 103, 0, 1, 1, 1981, 2034, 0, 1, 0, 0, 1, 0, 1, 0]),
 (16, [1221, 60, 1, 0, 1, 1758, 1701, 0, 1, 0, 0, 1, 2, 2, 0]),
 (16, [1129, 33, 1, 1, 0, 1186, 1929, 0, 0, 0, 2, 1, 2, 0, 0]),
 (16, [1124, 60, 1, 1, 1, 1856, 885, 1, 1, 0, 2, 0, 1, 2, 0]),
 (16, [1060, 91, 0, 0, 0, 1130, 1518, 1, 0, 1, 0, 0, 2, 1, 0]),
 (16, [778, 38, 1, 0, 0, 951, 1654, 1, 0, 0, 1, 1, 1, 2, 1]),
 (16, [696, 104, 0, 1, 0, 2030, 1234, 0, 0, 1, 3, 1, 2, 1, 2]),
 (12, [2033, 112, 0, 1, 0, 814, 1883, 1, 0, 1, 1, 0, 1, 0, 2]),
 (12, [1944, 83, 1, 0, 1, 1449, 1172, 0, 1, 2, 1, 1, 2, 1, 1]),
 (12, [1594, 77, 0, 1, 1, 1429, 1147, 1, 1, 0, 3, 0, 1, 2, 0]),
 (12, [1503, 19, 0, 0, 1, 630, 1178, 0, 1, 0, 4, 0, 1, 1, 0]),
 (12, [1326, 67, 1, 0, 1, 1658, 517, 0, 0, 0, 0, 1, 1, 0, 0]),
 (12, [1312, 55, 1, 1, 0, 834, 1912, 0, 1, 2, 1, 0, 0, 2, 1]),
 (12, [1039, 50, 1, 1, 1, 887, 1094, 0, 0, 2, 0, 1, 2, 2, 2]),
 (12, [735, 100, 1, 1, 1, 1362, 1386, 0, 0, 2, 4, 0, 0, 1, 0]),
 (12, [629, 112, 0, 0, 0, 1089, 531, 1, 0, 0, 4, 1, 2, 0, 2])]
scored
[(12, [629, 112, 0, 0, 0, 1089, 531, 1, 0, 0, 4, 1, 2, 0, 2]),
 (12, [735, 100, 1, 1, 1, 1362, 1386, 0, 0, 2, 4, 0, 0, 1, 0]),
 (12, [1039, 50, 1, 1, 1, 887, 1094, 0, 0, 2, 0, 1, 2, 2, 2]),
 (12, [1312, 55, 1, 1, 0, 834, 1912, 0, 1, 2, 1, 0, 0, 2, 1]),
 (12, [1326, 67, 1, 0, 1, 1658, 517, 0, 0, 0, 0, 1, 1, 0, 0]),
 (12, [1503, 19, 0, 0, 1, 630, 1178, 0, 1, 0, 4, 0, 1, 1, 0]),
 (12, [1594, 77, 0, 1, 1, 1429, 1147, 1, 1, 0, 3, 0, 1, 2, 0]),
 (12, [1944, 83, 1, 0, 1, 1449, 1172, 0, 1, 2, 1, 1, 2, 1, 1]),
 (12, [2033, 112, 0, 1, 0, 814, 1883, 1, 0, 1, 1, 0, 1, 0, 2]),
 (16, [696, 104, 0, 1, 0, 2030, 1234, 0, 0, 1, 3, 1, 2, 1, 2]),
 (16, [778, 38, 1, 0, 0, 951, 1654, 1, 0, 0, 1, 1, 1, 2, 1]),
 (16, [1060, 91, 0, 0, 0, 1130, 1518, 1, 0, 1, 0, 0, 2, 1, 0]),
 (16, [1124, 60, 1, 1, 1, 1856, 885, 1, 1, 0, 2, 0, 1, 2, 0]),
 (16, [1129, 33, 1, 1, 0, 1186, 1929, 0, 0, 0, 2, 1, 2, 0, 0]),
 (16, [1221, 60, 1, 0, 1, 1758, 1701, 0, 1, 0, 0, 1, 2, 2, 0]),
 (16, [1400, 103, 0, 1, 1, 1981, 2034, 0, 1, 0, 0, 1, 0, 1, 0]),
 (16, [1476, 92, 0, 1, 1, 1888, 1829, 1, 1, 1, 0, 1, 0, 1, 0]),
 (16, [1478, 20, 1, 1, 0, 1808, 1551, 0, 1, 1, 2, 1, 0, 1, 2]),
 (16, [1498, 99, 0, 1, 0, 1932, 1370, 0, 1, 2, 4, 1, 1, 1, 1]),
 (16, [1781, 45, 1, 0, 0, 1510, 514, 0, 0, 0, 2, 1, 2, 1, 1]),
 (16, [1793, 93, 1, 1, 1, 1791, 1815, 0, 0, 2, 4, 1, 0, 1, 2]),
 (999, [528, 82, 1, 1, 1, 813, 1961, 1, 0, 3, 1, 1, 1, 2, 0]),
 (999, [673, 66, 0, 0, 1, 1003, 801, 1, 1, 3, 1, 1, 2, 0, 1]),
 (999, [940, 97, 1, 1, 0, 1619, 1263, 1, 0, 2, 5, 1, 0, 0, 1]),
 (999, [1099, 18, 1, 1, 0, 1773, 1983, 1, 1, 1, 5, 0, 0, 2, 1]),
 (999, [1137, 20, 1, 0, 0, 1537, 920, 0, 1, 2, 5, 0, 1, 2, 1]),
 (999, [1213, 36, 0, 1, 1, 1721, 1653, 1, 1, 0, 5, 0, 0, 0, 1]),
 (999, [1456, 86, 1, 0, 1, 1641, 1378, 0, 1, 3, 4, 1, 2, 0, 2]),
 (999, [1736, 65, 1, 1, 0, 879, 1033, 1, 0, 0, 5, 0, 1, 1, 2]),
 (999, [1789, 25, 0, 1, 0, 1235, 1265, 0, 1, 0, 5, 0, 1, 2, 0]),
 (999, [1819, 78, 0, 0, 0, 718, 1329, 1, 0, 2, 5, 0, 1, 2, 0]),
 (999, [2021, 106, 1, 1, 1, 1408, 604, 0, 1, 3, 5, 1, 1, 1, 0])]
Selected
[(12, [629, 112, 0, 0, 0, 1089, 531, 1, 0, 0, 4, 1, 2, 0, 2]),
 (12, [735, 100, 1, 1, 1, 1362, 1386, 0, 0, 2, 4, 0, 0, 1, 0]),
 (12, [1039, 50, 1, 1, 1, 887, 1094, 0, 0, 2, 0, 1, 2, 2, 2]),
 (16, [696, 104, 0, 1, 0, 2030, 1234, 0, 0, 1, 3, 1, 2, 1, 2]),
 (12, [1326, 67, 1, 0, 1, 1658, 517, 0, 0, 0, 0, 1, 1, 0, 0]),
 (12, [1326, 67, 1, 0, 1, 1658, 517, 0, 0, 0, 0, 1, 1, 0, 0]),
 (12, [1944, 83, 1, 0, 1, 1449, 1172, 0, 1, 2, 1, 1, 2, 1, 1]),
 (12, [735, 100, 1, 1, 1, 1362, 1386, 0, 0, 2, 4, 0, 0, 1, 0]),
 (12, [1944, 83, 1, 0, 1, 1449, 1172, 0, 1, 2, 1, 1, 2, 1, 1]),
 (12, [735, 100, 1, 1, 1, 1362, 1386, 0, 0, 2, 4, 0, 0, 1, 0]),
 (16, [1476, 92, 0, 1, 1, 1888, 1829, 1, 1, 1, 0, 1, 0, 1, 0]),
 (12, [1039, 50, 1, 1, 1, 887, 1094, 0, 0, 2, 0, 1, 2, 2, 2]),
 (12, [1326, 67, 1, 0, 1, 1658, 517, 0, 0, 0, 0, 1, 1, 0, 0]),
 (12, [735, 100, 1, 1, 1, 1362, 1386, 0, 0, 2, 4, 0, 0, 1, 0]),
 (12, [1944, 83, 1, 0, 1, 1449, 1172, 0, 1, 2, 1, 1, 2, 1, 1]),
 (12, [735, 100, 1, 1, 1, 1362, 1386, 0, 0, 2, 4, 0, 0, 1, 0]),
 (12, [629, 112, 0, 0, 0, 1089, 531, 1, 0, 0, 4, 1, 2, 0, 2]),
 (16, [1781, 45, 1, 0, 0, 1510, 514, 0, 0, 0, 2, 1, 2, 1, 1]),
 (12, [1312, 55, 1, 1, 0, 834, 1912, 0, 1, 2, 1, 0, 0, 2, 1]),
 (12, [1594, 77, 0, 1, 1, 1429, 1147, 1, 1, 0, 3, 0, 1, 2, 0]),
 (16, [778, 38, 1, 0, 0, 951, 1654, 1, 0, 0, 1, 1, 1, 2, 1]),
 (12, [1594, 77, 0, 1, 1, 1429, 1147, 1, 1, 0, 3, 0, 1, 2, 0]),
 (12, [1039, 50, 1, 1, 1, 887, 1094, 0, 0, 2, 0, 1, 2, 2, 2]),
 (12, [1944, 83, 1, 0, 1, 1449, 1172, 0, 1, 2, 1, 1, 2, 1, 1]),
 (16, [1129, 33, 1, 1, 0, 1186, 1929, 0, 0, 0, 2, 1, 2, 0, 0]),
 (12, [1326, 67, 1, 0, 1, 1658, 517, 0, 0, 0, 0, 1, 1, 0, 0]),
 (16, [1781, 45, 1, 0, 0, 1510, 514, 0, 0, 0, 2, 1, 2, 1, 1])]
population
[(999, [2021, 106, 1, 1, 1, 1408, 604, 0, 1, 3, 5, 1, 1, 1, 0]),
 (999, [1819, 78, 0, 0, 0, 718, 1329, 1, 0, 2, 5, 0, 1, 2, 0]),
 (999, [1789, 25, 0, 1, 0, 1235, 1265, 0, 1, 0, 5, 0, 1, 2, 0]),
 (999, [1736, 65, 1, 1, 0, 879, 1033, 1, 0, 0, 5, 0, 1, 1, 2]),
 (999, [1456, 86, 1, 0, 1, 1641, 1378, 0, 1, 3, 4, 1, 2, 0, 2]),
 (999, [1213, 36, 0, 1, 1, 1721, 1653, 1, 1, 0, 5, 0, 0, 0, 1]),
 (999, [1137, 20, 1, 0, 0, 1537, 920, 0, 1, 2, 5, 0, 1, 2, 1]),
 (999, [1099, 18, 1, 1, 0, 1773, 1983, 1, 1, 1, 5, 0, 0, 2, 1]),
 (999, [940, 97, 1, 1, 0, 1619, 1263, 1, 0, 2, 5, 1, 0, 0, 1]),
 (999, [673, 66, 0, 0, 1, 1003, 801, 1, 1, 3, 1, 1, 2, 0, 1]),
 (999, [528, 82, 1, 1, 1, 813, 1961, 1, 0, 3, 1, 1, 1, 2, 0]),
 (16, [1793, 93, 1, 1, 1, 1791, 1815, 0, 0, 2, 4, 1, 0, 1, 2]),
 (16, [1781, 45, 1, 0, 0, 1510, 514, 0, 0, 0, 2, 1, 2, 1, 1]),
 (16, [1498, 99, 0, 1, 0, 1932, 1370, 0, 1, 2, 4, 1, 1, 1, 1]),
 (16, [1478, 20, 1, 1, 0, 1808, 1551, 0, 1, 1, 2, 1, 0, 1, 2]),
 (16, [1476, 92, 0, 1, 1, 1888, 1829, 1, 1, 1, 0, 1, 0, 1, 0]),
 (16, [1400, 103, 0, 1, 1, 1981, 2034, 0, 1, 0, 0, 1, 0, 1, 0]),
 (16, [1221, 60, 1, 0, 1, 1758, 1701, 0, 1, 0, 0, 1, 2, 2, 0]),
 (16, [1129, 33, 1, 1, 0, 1186, 1929, 0, 0, 0, 2, 1, 2, 0, 0]),
 (16, [1124, 60, 1, 1, 1, 1856, 885, 1, 1, 0, 2, 0, 1, 2, 0]),
 (16, [1060, 91, 0, 0, 0, 1130, 1518, 1, 0, 1, 0, 0, 2, 1, 0]),
 (16, [778, 38, 1, 0, 0, 951, 1654, 1, 0, 0, 1, 1, 1, 2, 1]),
 (16, [696, 104, 0, 1, 0, 2030, 1234, 0, 0, 1, 3, 1, 2, 1, 2]),
 (12, [2033, 112, 0, 1, 0, 814, 1883, 1, 0, 1, 1, 0, 1, 0, 2]),
 (12, [1944, 83, 1, 0, 1, 1449, 1172, 0, 1, 2, 1, 1, 2, 1, 1]),
 (12, [1594, 77, 0, 1, 1, 1429, 1147, 1, 1, 0, 3, 0, 1, 2, 0]),
 (12, [1503, 19, 0, 0, 1, 630, 1178, 0, 1, 0, 4, 0, 1, 1, 0]),
 (12, [1326, 67, 1, 0, 1, 1658, 517, 0, 0, 0, 0, 1, 1, 0, 0]),
 (12, [1312, 55, 1, 1, 0, 834, 1912, 0, 1, 2, 1, 0, 0, 2, 1]),
 (12, [1039, 50, 1, 1, 1, 887, 1094, 0, 0, 2, 0, 1, 2, 2, 2]),
 (12, [735, 100, 1, 1, 1, 1362, 1386, 0, 0, 2, 4, 0, 0, 1, 0]),
 (12, [629, 112, 0, 0, 0, 1089, 531, 1, 0, 0, 4, 1, 2, 0, 2])]
scored
[(12, [629, 112, 0, 0, 0, 1089, 531, 1, 0, 0, 4, 1, 2, 0, 2]),
 (12, [735, 100, 1, 1, 1, 1362, 1386, 0, 0, 2, 4, 0, 0, 1, 0]),
 (12, [1039, 50, 1, 1, 1, 887, 1094, 0, 0, 2, 0, 1, 2, 2, 2]),
 (12, [1312, 55, 1, 1, 0, 834, 1912, 0, 1, 2, 1, 0, 0, 2, 1]),
 (12, [1326, 67, 1, 0, 1, 1658, 517, 0, 0, 0, 0, 1, 1, 0, 0]),
 (12, [1503, 19, 0, 0, 1, 630, 1178, 0, 1, 0, 4, 0, 1, 1, 0]),
 (12, [1594, 77, 0, 1, 1, 1429, 1147, 1, 1, 0, 3, 0, 1, 2, 0]),
 (12, [1944, 83, 1, 0, 1, 1449, 1172, 0, 1, 2, 1, 1, 2, 1, 1]),
 (12, [2033, 112, 0, 1, 0, 814, 1883, 1, 0, 1, 1, 0, 1, 0, 2]),
 (16, [696, 104, 0, 1, 0, 2030, 1234, 0, 0, 1, 3, 1, 2, 1, 2]),
 (16, [778, 38, 1, 0, 0, 951, 1654, 1, 0, 0, 1, 1, 1, 2, 1]),
 (16, [1060, 91, 0, 0, 0, 1130, 1518, 1, 0, 1, 0, 0, 2, 1, 0]),
 (16, [1124, 60, 1, 1, 1, 1856, 885, 1, 1, 0, 2, 0, 1, 2, 0]),
 (16, [1129, 33, 1, 1, 0, 1186, 1929, 0, 0, 0, 2, 1, 2, 0, 0]),
 (16, [1221, 60, 1, 0, 1, 1758, 1701, 0, 1, 0, 0, 1, 2, 2, 0]),
 (16, [1400, 103, 0, 1, 1, 1981, 2034, 0, 1, 0, 0, 1, 0, 1, 0]),
 (16, [1476, 92, 0, 1, 1, 1888, 1829, 1, 1, 1, 0, 1, 0, 1, 0]),
 (16, [1478, 20, 1, 1, 0, 1808, 1551, 0, 1, 1, 2, 1, 0, 1, 2]),
 (16, [1498, 99, 0, 1, 0, 1932, 1370, 0, 1, 2, 4, 1, 1, 1, 1]),
 (16, [1781, 45, 1, 0, 0, 1510, 514, 0, 0, 0, 2, 1, 2, 1, 1]),
 (16, [1793, 93, 1, 1, 1, 1791, 1815, 0, 0, 2, 4, 1, 0, 1, 2]),
 (999, [528, 82, 1, 1, 1, 813, 1961, 1, 0, 3, 1, 1, 1, 2, 0]),
 (999, [673, 66, 0, 0, 1, 1003, 801, 1, 1, 3, 1, 1, 2, 0, 1]),
 (999, [940, 97, 1, 1, 0, 1619, 1263, 1, 0, 2, 5, 1, 0, 0, 1]),
 (999, [1099, 18, 1, 1, 0, 1773, 1983, 1, 1, 1, 5, 0, 0, 2, 1]),
 (999, [1137, 20, 1, 0, 0, 1537, 920, 0, 1, 2, 5, 0, 1, 2, 1]),
 (999, [1213, 36, 0, 1, 1, 1721, 1653, 1, 1, 0, 5, 0, 0, 0, 1]),
 (999, [1456, 86, 1, 0, 1, 1641, 1378, 0, 1, 3, 4, 1, 2, 0, 2]),
 (999, [1736, 65, 1, 1, 0, 879, 1033, 1, 0, 0, 5, 0, 1, 1, 2]),
 (999, [1789, 25, 0, 1, 0, 1235, 1265, 0, 1, 0, 5, 0, 1, 2, 0]),
 (999, [1819, 78, 0, 0, 0, 718, 1329, 1, 0, 2, 5, 0, 1, 2, 0]),
 (999, [2021, 106, 1, 1, 1, 1408, 604, 0, 1, 3, 5, 1, 1, 1, 0])]
Selected
[(12, [1503, 19, 0, 0, 1, 630, 1178, 0, 1, 0, 4, 0, 1, 1, 0]),
 (12, [1594, 77, 0, 1, 1, 1429, 1147, 1, 1, 0, 3, 0, 1, 2, 0]),
 (12, [1326, 67, 1, 0, 1, 1658, 517, 0, 0, 0, 0, 1, 1, 0, 0]),
 (12, [1039, 50, 1, 1, 1, 887, 1094, 0, 0, 2, 0, 1, 2, 2, 2]),
 (16, [1221, 60, 1, 0, 1, 1758, 1701, 0, 1, 0, 0, 1, 2, 2, 0]),
 (16, [696, 104, 0, 1, 0, 2030, 1234, 0, 0, 1, 3, 1, 2, 1, 2]),
 (12, [735, 100, 1, 1, 1, 1362, 1386, 0, 0, 2, 4, 0, 0, 1, 0]),
 (16, [1400, 103, 0, 1, 1, 1981, 2034, 0, 1, 0, 0, 1, 0, 1, 0]),
 (12, [1039, 50, 1, 1, 1, 887, 1094, 0, 0, 2, 0, 1, 2, 2, 2]),
 (12, [2033, 112, 0, 1, 0, 814, 1883, 1, 0, 1, 1, 0, 1, 0, 2]),
 (12, [1039, 50, 1, 1, 1, 887, 1094, 0, 0, 2, 0, 1, 2, 2, 2]),
 (12, [1326, 67, 1, 0, 1, 1658, 517, 0, 0, 0, 0, 1, 1, 0, 0]),
 (12, [735, 100, 1, 1, 1, 1362, 1386, 0, 0, 2, 4, 0, 0, 1, 0]),
 (12, [1039, 50, 1, 1, 1, 887, 1094, 0, 0, 2, 0, 1, 2, 2, 2]),
 (12, [1503, 19, 0, 0, 1, 630, 1178, 0, 1, 0, 4, 0, 1, 1, 0]),
 (12, [2033, 112, 0, 1, 0, 814, 1883, 1, 0, 1, 1, 0, 1, 0, 2]),
 (12, [735, 100, 1, 1, 1, 1362, 1386, 0, 0, 2, 4, 0, 0, 1, 0]),
 (12, [629, 112, 0, 0, 0, 1089, 531, 1, 0, 0, 4, 1, 2, 0, 2]),
 (12, [1312, 55, 1, 1, 0, 834, 1912, 0, 1, 2, 1, 0, 0, 2, 1]),
 (12, [1944, 83, 1, 0, 1, 1449, 1172, 0, 1, 2, 1, 1, 2, 1, 1]),
 (12, [1312, 55, 1, 1, 0, 834, 1912, 0, 1, 2, 1, 0, 0, 2, 1]),
 (12, [1594, 77, 0, 1, 1, 1429, 1147, 1, 1, 0, 3, 0, 1, 2, 0]),
 (12, [1594, 77, 0, 1, 1, 1429, 1147, 1, 1, 0, 3, 0, 1, 2, 0]),
 (12, [1039, 50, 1, 1, 1, 887, 1094, 0, 0, 2, 0, 1, 2, 2, 2]),
 (12, [629, 112, 0, 0, 0, 1089, 531, 1, 0, 0, 4, 1, 2, 0, 2]),
 (12, [1944, 83, 1, 0, 1, 1449, 1172, 0, 1, 2, 1, 1, 2, 1, 1]),
 (16, [778, 38, 1, 0, 0, 951, 1654, 1, 0, 0, 1, 1, 1, 2, 1])]
population
[(999, [2021, 106, 1, 1, 1, 1408, 604, 0, 1, 3, 5, 1, 1, 1, 0]),
 (999, [1819, 78, 0, 0, 0, 718, 1329, 1, 0, 2, 5, 0, 1, 2, 0]),
 (999, [1789, 25, 0, 1, 0, 1235, 1265, 0, 1, 0, 5, 0, 1, 2, 0]),
 (999, [1736, 65, 1, 1, 0, 879, 1033, 1, 0, 0, 5, 0, 1, 1, 2]),
 (999, [1456, 86, 1, 0, 1, 1641, 1378, 0, 1, 3, 4, 1, 2, 0, 2]),
 (999, [1213, 36, 0, 1, 1, 1721, 1653, 1, 1, 0, 5, 0, 0, 0, 1]),
 (999, [1137, 20, 1, 0, 0, 1537, 920, 0, 1, 2, 5, 0, 1, 2, 1]),
 (999, [1099, 18, 1, 1, 0, 1773, 1983, 1, 1, 1, 5, 0, 0, 2, 1]),
 (999, [940, 97, 1, 1, 0, 1619, 1263, 1, 0, 2, 5, 1, 0, 0, 1]),
 (999, [673, 66, 0, 0, 1, 1003, 801, 1, 1, 3, 1, 1, 2, 0, 1]),
 (999, [528, 82, 1, 1, 1, 813, 1961, 1, 0, 3, 1, 1, 1, 2, 0]),
 (16, [1793, 93, 1, 1, 1, 1791, 1815, 0, 0, 2, 4, 1, 0, 1, 2]),
 (16, [1781, 45, 1, 0, 0, 1510, 514, 0, 0, 0, 2, 1, 2, 1, 1]),
 (16, [1498, 99, 0, 1, 0, 1932, 1370, 0, 1, 2, 4, 1, 1, 1, 1]),
 (16, [1478, 20, 1, 1, 0, 1808, 1551, 0, 1, 1, 2, 1, 0, 1, 2]),
 (16, [1476, 92, 0, 1, 1, 1888, 1829, 1, 1, 1, 0, 1, 0, 1, 0]),
 (16, [1400, 103, 0, 1, 1, 1981, 2034, 0, 1, 0, 0, 1, 0, 1, 0]),
 (16, [1221, 60, 1, 0, 1, 1758, 1701, 0, 1, 0, 0, 1, 2, 2, 0]),
 (16, [1129, 33, 1, 1, 0, 1186, 1929, 0, 0, 0, 2, 1, 2, 0, 0]),
 (16, [1124, 60, 1, 1, 1, 1856, 885, 1, 1, 0, 2, 0, 1, 2, 0]),
 (16, [1060, 91, 0, 0, 0, 1130, 1518, 1, 0, 1, 0, 0, 2, 1, 0]),
 (16, [778, 38, 1, 0, 0, 951, 1654, 1, 0, 0, 1, 1, 1, 2, 1]),
 (16, [696, 104, 0, 1, 0, 2030, 1234, 0, 0, 1, 3, 1, 2, 1, 2]),
 (12, [2033, 112, 0, 1, 0, 814, 1883, 1, 0, 1, 1, 0, 1, 0, 2]),
 (12, [1944, 83, 1, 0, 1, 1449, 1172, 0, 1, 2, 1, 1, 2, 1, 1]),
 (12, [1594, 77, 0, 1, 1, 1429, 1147, 1, 1, 0, 3, 0, 1, 2, 0]),
 (12, [1503, 19, 0, 0, 1, 630, 1178, 0, 1, 0, 4, 0, 1, 1, 0]),
 (12, [1326, 67, 1, 0, 1, 1658, 517, 0, 0, 0, 0, 1, 1, 0, 0]),
 (12, [1312, 55, 1, 1, 0, 834, 1912, 0, 1, 2, 1, 0, 0, 2, 1]),
 (12, [1039, 50, 1, 1, 1, 887, 1094, 0, 0, 2, 0, 1, 2, 2, 2]),
 (12, [735, 100, 1, 1, 1, 1362, 1386, 0, 0, 2, 4, 0, 0, 1, 0]),
 (12, [629, 112, 0, 0, 0, 1089, 531, 1, 0, 0, 4, 1, 2, 0, 2])]
scored
[(12, [629, 112, 0, 0, 0, 1089, 531, 1, 0, 0, 4, 1, 2, 0, 2]),
 (12, [735, 100, 1, 1, 1, 1362, 1386, 0, 0, 2, 4, 0, 0, 1, 0]),
 (12, [1039, 50, 1, 1, 1, 887, 1094, 0, 0, 2, 0, 1, 2, 2, 2]),
 (12, [1312, 55, 1, 1, 0, 834, 1912, 0, 1, 2, 1, 0, 0, 2, 1]),
 (12, [1326, 67, 1, 0, 1, 1658, 517, 0, 0, 0, 0, 1, 1, 0, 0]),
 (12, [1503, 19, 0, 0, 1, 630, 1178, 0, 1, 0, 4, 0, 1, 1, 0]),
 (12, [1594, 77, 0, 1, 1, 1429, 1147, 1, 1, 0, 3, 0, 1, 2, 0]),
 (12, [1944, 83, 1, 0, 1, 1449, 1172, 0, 1, 2, 1, 1, 2, 1, 1]),
 (12, [2033, 112, 0, 1, 0, 814, 1883, 1, 0, 1, 1, 0, 1, 0, 2]),
 (16, [696, 104, 0, 1, 0, 2030, 1234, 0, 0, 1, 3, 1, 2, 1, 2]),
 (16, [778, 38, 1, 0, 0, 951, 1654, 1, 0, 0, 1, 1, 1, 2, 1]),
 (16, [1060, 91, 0, 0, 0, 1130, 1518, 1, 0, 1, 0, 0, 2, 1, 0]),
 (16, [1124, 60, 1, 1, 1, 1856, 885, 1, 1, 0, 2, 0, 1, 2, 0]),
 (16, [1129, 33, 1, 1, 0, 1186, 1929, 0, 0, 0, 2, 1, 2, 0, 0]),
 (16, [1221, 60, 1, 0, 1, 1758, 1701, 0, 1, 0, 0, 1, 2, 2, 0]),
 (16, [1400, 103, 0, 1, 1, 1981, 2034, 0, 1, 0, 0, 1, 0, 1, 0]),
 (16, [1476, 92, 0, 1, 1, 1888, 1829, 1, 1, 1, 0, 1, 0, 1, 0]),
 (16, [1478, 20, 1, 1, 0, 1808, 1551, 0, 1, 1, 2, 1, 0, 1, 2]),
 (16, [1498, 99, 0, 1, 0, 1932, 1370, 0, 1, 2, 4, 1, 1, 1, 1]),
 (16, [1781, 45, 1, 0, 0, 1510, 514, 0, 0, 0, 2, 1, 2, 1, 1]),
 (16, [1793, 93, 1, 1, 1, 1791, 1815, 0, 0, 2, 4, 1, 0, 1, 2]),
 (999, [528, 82, 1, 1, 1, 813, 1961, 1, 0, 3, 1, 1, 1, 2, 0]),
 (999, [673, 66, 0, 0, 1, 1003, 801, 1, 1, 3, 1, 1, 2, 0, 1]),
 (999, [940, 97, 1, 1, 0, 1619, 1263, 1, 0, 2, 5, 1, 0, 0, 1]),
 (999, [1099, 18, 1, 1, 0, 1773, 1983, 1, 1, 1, 5, 0, 0, 2, 1]),
 (999, [1137, 20, 1, 0, 0, 1537, 920, 0, 1, 2, 5, 0, 1, 2, 1]),
 (999, [1213, 36, 0, 1, 1, 1721, 1653, 1, 1, 0, 5, 0, 0, 0, 1]),
 (999, [1456, 86, 1, 0, 1, 1641, 1378, 0, 1, 3, 4, 1, 2, 0, 2]),
 (999, [1736, 65, 1, 1, 0, 879, 1033, 1, 0, 0, 5, 0, 1, 1, 2]),
 (999, [1789, 25, 0, 1, 0, 1235, 1265, 0, 1, 0, 5, 0, 1, 2, 0]),
 (999, [1819, 78, 0, 0, 0, 718, 1329, 1, 0, 2, 5, 0, 1, 2, 0]),
 (999, [2021, 106, 1, 1, 1, 1408, 604, 0, 1, 3, 5, 1, 1, 1, 0])]
Selected
[(12, [1326, 67, 1, 0, 1, 1658, 517, 0, 0, 0, 0, 1, 1, 0, 0]),
 (16, [1498, 99, 0, 1, 0, 1932, 1370, 0, 1, 2, 4, 1, 1, 1, 1]),
 (12, [735, 100, 1, 1, 1, 1362, 1386, 0, 0, 2, 4, 0, 0, 1, 0]),
 (12, [1503, 19, 0, 0, 1, 630, 1178, 0, 1, 0, 4, 0, 1, 1, 0]),
 (16, [1124, 60, 1, 1, 1, 1856, 885, 1, 1, 0, 2, 0, 1, 2, 0]),
 (12, [1326, 67, 1, 0, 1, 1658, 517, 0, 0, 0, 0, 1, 1, 0, 0]),
 (12, [1326, 67, 1, 0, 1, 1658, 517, 0, 0, 0, 0, 1, 1, 0, 0]),
 (12, [1039, 50, 1, 1, 1, 887, 1094, 0, 0, 2, 0, 1, 2, 2, 2]),
 (12, [735, 100, 1, 1, 1, 1362, 1386, 0, 0, 2, 4, 0, 0, 1, 0]),
 (12, [1944, 83, 1, 0, 1, 1449, 1172, 0, 1, 2, 1, 1, 2, 1, 1]),
 (12, [1312, 55, 1, 1, 0, 834, 1912, 0, 1, 2, 1, 0, 0, 2, 1]),
 (12, [629, 112, 0, 0, 0, 1089, 531, 1, 0, 0, 4, 1, 2, 0, 2]),
 (12, [2033, 112, 0, 1, 0, 814, 1883, 1, 0, 1, 1, 0, 1, 0, 2]),
 (12, [1503, 19, 0, 0, 1, 630, 1178, 0, 1, 0, 4, 0, 1, 1, 0]),
 (16, [778, 38, 1, 0, 0, 951, 1654, 1, 0, 0, 1, 1, 1, 2, 1]),
 (12, [2033, 112, 0, 1, 0, 814, 1883, 1, 0, 1, 1, 0, 1, 0, 2]),
 (16, [1060, 91, 0, 0, 0, 1130, 1518, 1, 0, 1, 0, 0, 2, 1, 0]),
 (12, [1312, 55, 1, 1, 0, 834, 1912, 0, 1, 2, 1, 0, 0, 2, 1]),
 (12, [629, 112, 0, 0, 0, 1089, 531, 1, 0, 0, 4, 1, 2, 0, 2]),
 (12, [1312, 55, 1, 1, 0, 834, 1912, 0, 1, 2, 1, 0, 0, 2, 1]),
 (12, [1039, 50, 1, 1, 1, 887, 1094, 0, 0, 2, 0, 1, 2, 2, 2]),
 (12, [1312, 55, 1, 1, 0, 834, 1912, 0, 1, 2, 1, 0, 0, 2, 1]),
 (12, [1503, 19, 0, 0, 1, 630, 1178, 0, 1, 0, 4, 0, 1, 1, 0]),
 (12, [1039, 50, 1, 1, 1, 887, 1094, 0, 0, 2, 0, 1, 2, 2, 2]),
 (12, [629, 112, 0, 0, 0, 1089, 531, 1, 0, 0, 4, 1, 2, 0, 2]),
 (12, [1312, 55, 1, 1, 0, 834, 1912, 0, 1, 2, 1, 0, 0, 2, 1]),
 (12, [1039, 50, 1, 1, 1, 887, 1094, 0, 0, 2, 0, 1, 2, 2, 2])]
population
[(999, [2021, 106, 1, 1, 1, 1408, 604, 0, 1, 3, 5, 1, 1, 1, 0]),
 (999, [1819, 78, 0, 0, 0, 718, 1329, 1, 0, 2, 5, 0, 1, 2, 0]),
 (999, [1789, 25, 0, 1, 0, 1235, 1265, 0, 1, 0, 5, 0, 1, 2, 0]),
 (999, [1736, 65, 1, 1, 0, 879, 1033, 1, 0, 0, 5, 0, 1, 1, 2]),
 (999, [1456, 86, 1, 0, 1, 1641, 1378, 0, 1, 3, 4, 1, 2, 0, 2]),
 (999, [1213, 36, 0, 1, 1, 1721, 1653, 1, 1, 0, 5, 0, 0, 0, 1]),
 (999, [1137, 20, 1, 0, 0, 1537, 920, 0, 1, 2, 5, 0, 1, 2, 1]),
 (999, [1099, 18, 1, 1, 0, 1773, 1983, 1, 1, 1, 5, 0, 0, 2, 1]),
 (999, [940, 97, 1, 1, 0, 1619, 1263, 1, 0, 2, 5, 1, 0, 0, 1]),
 (999, [673, 66, 0, 0, 1, 1003, 801, 1, 1, 3, 1, 1, 2, 0, 1]),
 (999, [528, 82, 1, 1, 1, 813, 1961, 1, 0, 3, 1, 1, 1, 2, 0]),
 (16, [1793, 93, 1, 1, 1, 1791, 1815, 0, 0, 2, 4, 1, 0, 1, 2]),
 (16, [1781, 45, 1, 0, 0, 1510, 514, 0, 0, 0, 2, 1, 2, 1, 1]),
 (16, [1498, 99, 0, 1, 0, 1932, 1370, 0, 1, 2, 4, 1, 1, 1, 1]),
 (16, [1478, 20, 1, 1, 0, 1808, 1551, 0, 1, 1, 2, 1, 0, 1, 2]),
 (16, [1476, 92, 0, 1, 1, 1888, 1829, 1, 1, 1, 0, 1, 0, 1, 0]),
 (16, [1400, 103, 0, 1, 1, 1981, 2034, 0, 1, 0, 0, 1, 0, 1, 0]),
 (16, [1221, 60, 1, 0, 1, 1758, 1701, 0, 1, 0, 0, 1, 2, 2, 0]),
 (16, [1129, 33, 1, 1, 0, 1186, 1929, 0, 0, 0, 2, 1, 2, 0, 0]),
 (16, [1124, 60, 1, 1, 1, 1856, 885, 1, 1, 0, 2, 0, 1, 2, 0]),
 (16, [1060, 91, 0, 0, 0, 1130, 1518, 1, 0, 1, 0, 0, 2, 1, 0]),
 (16, [778, 38, 1, 0, 0, 951, 1654, 1, 0, 0, 1, 1, 1, 2, 1]),
 (16, [696, 104, 0, 1, 0, 2030, 1234, 0, 0, 1, 3, 1, 2, 1, 2]),
 (12, [2033, 112, 0, 1, 0, 814, 1883, 1, 0, 1, 1, 0, 1, 0, 2]),
 (12, [1944, 83, 1, 0, 1, 1449, 1172, 0, 1, 2, 1, 1, 2, 1, 1]),
 (12, [1594, 77, 0, 1, 1, 1429, 1147, 1, 1, 0, 3, 0, 1, 2, 0]),
 (12, [1503, 19, 0, 0, 1, 630, 1178, 0, 1, 0, 4, 0, 1, 1, 0]),
 (12, [1326, 67, 1, 0, 1, 1658, 517, 0, 0, 0, 0, 1, 1, 0, 0]),
 (12, [1312, 55, 1, 1, 0, 834, 1912, 0, 1, 2, 1, 0, 0, 2, 1]),
 (12, [1039, 50, 1, 1, 1, 887, 1094, 0, 0, 2, 0, 1, 2, 2, 2]),
 (12, [735, 100, 1, 1, 1, 1362, 1386, 0, 0, 2, 4, 0, 0, 1, 0]),
 (12, [629, 112, 0, 0, 0, 1089, 531, 1, 0, 0, 4, 1, 2, 0, 2])]
scored
[(12, [629, 112, 0, 0, 0, 1089, 531, 1, 0, 0, 4, 1, 2, 0, 2]),
 (12, [735, 100, 1, 1, 1, 1362, 1386, 0, 0, 2, 4, 0, 0, 1, 0]),
 (12, [1039, 50, 1, 1, 1, 887, 1094, 0, 0, 2, 0, 1, 2, 2, 2]),
 (12, [1312, 55, 1, 1, 0, 834, 1912, 0, 1, 2, 1, 0, 0, 2, 1]),
 (12, [1326, 67, 1, 0, 1, 1658, 517, 0, 0, 0, 0, 1, 1, 0, 0]),
 (12, [1503, 19, 0, 0, 1, 630, 1178, 0, 1, 0, 4, 0, 1, 1, 0]),
 (12, [1594, 77, 0, 1, 1, 1429, 1147, 1, 1, 0, 3, 0, 1, 2, 0]),
 (12, [1944, 83, 1, 0, 1, 1449, 1172, 0, 1, 2, 1, 1, 2, 1, 1]),
 (12, [2033, 112, 0, 1, 0, 814, 1883, 1, 0, 1, 1, 0, 1, 0, 2]),
 (16, [696, 104, 0, 1, 0, 2030, 1234, 0, 0, 1, 3, 1, 2, 1, 2]),
 (16, [778, 38, 1, 0, 0, 951, 1654, 1, 0, 0, 1, 1, 1, 2, 1]),
 (16, [1060, 91, 0, 0, 0, 1130, 1518, 1, 0, 1, 0, 0, 2, 1, 0]),
 (16, [1124, 60, 1, 1, 1, 1856, 885, 1, 1, 0, 2, 0, 1, 2, 0]),
 (16, [1129, 33, 1, 1, 0, 1186, 1929, 0, 0, 0, 2, 1, 2, 0, 0]),
 (16, [1221, 60, 1, 0, 1, 1758, 1701, 0, 1, 0, 0, 1, 2, 2, 0]),
 (16, [1400, 103, 0, 1, 1, 1981, 2034, 0, 1, 0, 0, 1, 0, 1, 0]),
 (16, [1476, 92, 0, 1, 1, 1888, 1829, 1, 1, 1, 0, 1, 0, 1, 0]),
 (16, [1478, 20, 1, 1, 0, 1808, 1551, 0, 1, 1, 2, 1, 0, 1, 2]),
 (16, [1498, 99, 0, 1, 0, 1932, 1370, 0, 1, 2, 4, 1, 1, 1, 1]),
 (16, [1781, 45, 1, 0, 0, 1510, 514, 0, 0, 0, 2, 1, 2, 1, 1]),
 (16, [1793, 93, 1, 1, 1, 1791, 1815, 0, 0, 2, 4, 1, 0, 1, 2]),
 (999, [528, 82, 1, 1, 1, 813, 1961, 1, 0, 3, 1, 1, 1, 2, 0]),
 (999, [673, 66, 0, 0, 1, 1003, 801, 1, 1, 3, 1, 1, 2, 0, 1]),
 (999, [940, 97, 1, 1, 0, 1619, 1263, 1, 0, 2, 5, 1, 0, 0, 1]),
 (999, [1099, 18, 1, 1, 0, 1773, 1983, 1, 1, 1, 5, 0, 0, 2, 1]),
 (999, [1137, 20, 1, 0, 0, 1537, 920, 0, 1, 2, 5, 0, 1, 2, 1]),
 (999, [1213, 36, 0, 1, 1, 1721, 1653, 1, 1, 0, 5, 0, 0, 0, 1]),
 (999, [1456, 86, 1, 0, 1, 1641, 1378, 0, 1, 3, 4, 1, 2, 0, 2]),
 (999, [1736, 65, 1, 1, 0, 879, 1033, 1, 0, 0, 5, 0, 1, 1, 2]),
 (999, [1789, 25, 0, 1, 0, 1235, 1265, 0, 1, 0, 5, 0, 1, 2, 0]),
 (999, [1819, 78, 0, 0, 0, 718, 1329, 1, 0, 2, 5, 0, 1, 2, 0]),
 (999, [2021, 106, 1, 1, 1, 1408, 604, 0, 1, 3, 5, 1, 1, 1, 0])]
Selected
[(12, [735, 100, 1, 1, 1, 1362, 1386, 0, 0, 2, 4, 0, 0, 1, 0]),
 (12, [629, 112, 0, 0, 0, 1089, 531, 1, 0, 0, 4, 1, 2, 0, 2]),
 (12, [629, 112, 0, 0, 0, 1089, 531, 1, 0, 0, 4, 1, 2, 0, 2]),
 (12, [735, 100, 1, 1, 1, 1362, 1386, 0, 0, 2, 4, 0, 0, 1, 0]),
 (12, [1594, 77, 0, 1, 1, 1429, 1147, 1, 1, 0, 3, 0, 1, 2, 0]),
 (12, [1039, 50, 1, 1, 1, 887, 1094, 0, 0, 2, 0, 1, 2, 2, 2]),
 (16, [1060, 91, 0, 0, 0, 1130, 1518, 1, 0, 1, 0, 0, 2, 1, 0]),
 (12, [1594, 77, 0, 1, 1, 1429, 1147, 1, 1, 0, 3, 0, 1, 2, 0]),
 (12, [1312, 55, 1, 1, 0, 834, 1912, 0, 1, 2, 1, 0, 0, 2, 1]),
 (12, [1039, 50, 1, 1, 1, 887, 1094, 0, 0, 2, 0, 1, 2, 2, 2]),
 (12, [1944, 83, 1, 0, 1, 1449, 1172, 0, 1, 2, 1, 1, 2, 1, 1]),
 (16, [778, 38, 1, 0, 0, 951, 1654, 1, 0, 0, 1, 1, 1, 2, 1]),
 (16, [696, 104, 0, 1, 0, 2030, 1234, 0, 0, 1, 3, 1, 2, 1, 2]),
 (12, [1312, 55, 1, 1, 0, 834, 1912, 0, 1, 2, 1, 0, 0, 2, 1]),
 (12, [1039, 50, 1, 1, 1, 887, 1094, 0, 0, 2, 0, 1, 2, 2, 2]),
 (16, [1060, 91, 0, 0, 0, 1130, 1518, 1, 0, 1, 0, 0, 2, 1, 0]),
 (12, [1312, 55, 1, 1, 0, 834, 1912, 0, 1, 2, 1, 0, 0, 2, 1]),
 (12, [629, 112, 0, 0, 0, 1089, 531, 1, 0, 0, 4, 1, 2, 0, 2]),
 (12, [1326, 67, 1, 0, 1, 1658, 517, 0, 0, 0, 0, 1, 1, 0, 0]),
 (16, [696, 104, 0, 1, 0, 2030, 1234, 0, 0, 1, 3, 1, 2, 1, 2]),
 (12, [629, 112, 0, 0, 0, 1089, 531, 1, 0, 0, 4, 1, 2, 0, 2]),
 (12, [1312, 55, 1, 1, 0, 834, 1912, 0, 1, 2, 1, 0, 0, 2, 1]),
 (12, [629, 112, 0, 0, 0, 1089, 531, 1, 0, 0, 4, 1, 2, 0, 2]),
 (12, [1326, 67, 1, 0, 1, 1658, 517, 0, 0, 0, 0, 1, 1, 0, 0]),
 (16, [778, 38, 1, 0, 0, 951, 1654, 1, 0, 0, 1, 1, 1, 2, 1]),
 (12, [1594, 77, 0, 1, 1, 1429, 1147, 1, 1, 0, 3, 0, 1, 2, 0]),
 (16, [696, 104, 0, 1, 0, 2030, 1234, 0, 0, 1, 3, 1, 2, 1, 2])]
population
[(999, [2021, 106, 1, 1, 1, 1408, 604, 0, 1, 3, 5, 1, 1, 1, 0]),
 (999, [1819, 78, 0, 0, 0, 718, 1329, 1, 0, 2, 5, 0, 1, 2, 0]),
 (999, [1789, 25, 0, 1, 0, 1235, 1265, 0, 1, 0, 5, 0, 1, 2, 0]),
 (999, [1736, 65, 1, 1, 0, 879, 1033, 1, 0, 0, 5, 0, 1, 1, 2]),
 (999, [1456, 86, 1, 0, 1, 1641, 1378, 0, 1, 3, 4, 1, 2, 0, 2]),
 (999, [1213, 36, 0, 1, 1, 1721, 1653, 1, 1, 0, 5, 0, 0, 0, 1]),
 (999, [1137, 20, 1, 0, 0, 1537, 920, 0, 1, 2, 5, 0, 1, 2, 1]),
 (999, [1099, 18, 1, 1, 0, 1773, 1983, 1, 1, 1, 5, 0, 0, 2, 1]),
 (999, [940, 97, 1, 1, 0, 1619, 1263, 1, 0, 2, 5, 1, 0, 0, 1]),
 (999, [673, 66, 0, 0, 1, 1003, 801, 1, 1, 3, 1, 1, 2, 0, 1]),
 (999, [528, 82, 1, 1, 1, 813, 1961, 1, 0, 3, 1, 1, 1, 2, 0]),
 (16, [1793, 93, 1, 1, 1, 1791, 1815, 0, 0, 2, 4, 1, 0, 1, 2]),
 (16, [1781, 45, 1, 0, 0, 1510, 514, 0, 0, 0, 2, 1, 2, 1, 1]),
 (16, [1498, 99, 0, 1, 0, 1932, 1370, 0, 1, 2, 4, 1, 1, 1, 1]),
 (16, [1478, 20, 1, 1, 0, 1808, 1551, 0, 1, 1, 2, 1, 0, 1, 2]),
 (16, [1476, 92, 0, 1, 1, 1888, 1829, 1, 1, 1, 0, 1, 0, 1, 0]),
 (16, [1400, 103, 0, 1, 1, 1981, 2034, 0, 1, 0, 0, 1, 0, 1, 0]),
 (16, [1221, 60, 1, 0, 1, 1758, 1701, 0, 1, 0, 0, 1, 2, 2, 0]),
 (16, [1129, 33, 1, 1, 0, 1186, 1929, 0, 0, 0, 2, 1, 2, 0, 0]),
 (16, [1124, 60, 1, 1, 1, 1856, 885, 1, 1, 0, 2, 0, 1, 2, 0]),
 (16, [1060, 91, 0, 0, 0, 1130, 1518, 1, 0, 1, 0, 0, 2, 1, 0]),
 (16, [778, 38, 1, 0, 0, 951, 1654, 1, 0, 0, 1, 1, 1, 2, 1]),
 (16, [696, 104, 0, 1, 0, 2030, 1234, 0, 0, 1, 3, 1, 2, 1, 2]),
 (12, [2033, 112, 0, 1, 0, 814, 1883, 1, 0, 1, 1, 0, 1, 0, 2]),
 (12, [1944, 83, 1, 0, 1, 1449, 1172, 0, 1, 2, 1, 1, 2, 1, 1]),
 (12, [1594, 77, 0, 1, 1, 1429, 1147, 1, 1, 0, 3, 0, 1, 2, 0]),
 (12, [1503, 19, 0, 0, 1, 630, 1178, 0, 1, 0, 4, 0, 1, 1, 0]),
 (12, [1326, 67, 1, 0, 1, 1658, 517, 0, 0, 0, 0, 1, 1, 0, 0]),
 (12, [1312, 55, 1, 1, 0, 834, 1912, 0, 1, 2, 1, 0, 0, 2, 1]),
 (12, [1039, 50, 1, 1, 1, 887, 1094, 0, 0, 2, 0, 1, 2, 2, 2]),
 (12, [735, 100, 1, 1, 1, 1362, 1386, 0, 0, 2, 4, 0, 0, 1, 0]),
 (12, [629, 112, 0, 0, 0, 1089, 531, 1, 0, 0, 4, 1, 2, 0, 2])]
scored
[(12, [629, 112, 0, 0, 0, 1089, 531, 1, 0, 0, 4, 1, 2, 0, 2]),
 (12, [735, 100, 1, 1, 1, 1362, 1386, 0, 0, 2, 4, 0, 0, 1, 0]),
 (12, [1039, 50, 1, 1, 1, 887, 1094, 0, 0, 2, 0, 1, 2, 2, 2]),
 (12, [1312, 55, 1, 1, 0, 834, 1912, 0, 1, 2, 1, 0, 0, 2, 1]),
 (12, [1326, 67, 1, 0, 1, 1658, 517, 0, 0, 0, 0, 1, 1, 0, 0]),
 (12, [1503, 19, 0, 0, 1, 630, 1178, 0, 1, 0, 4, 0, 1, 1, 0]),
 (12, [1594, 77, 0, 1, 1, 1429, 1147, 1, 1, 0, 3, 0, 1, 2, 0]),
 (12, [1944, 83, 1, 0, 1, 1449, 1172, 0, 1, 2, 1, 1, 2, 1, 1]),
 (12, [2033, 112, 0, 1, 0, 814, 1883, 1, 0, 1, 1, 0, 1, 0, 2]),
 (16, [696, 104, 0, 1, 0, 2030, 1234, 0, 0, 1, 3, 1, 2, 1, 2]),
 (16, [778, 38, 1, 0, 0, 951, 1654, 1, 0, 0, 1, 1, 1, 2, 1]),
 (16, [1060, 91, 0, 0, 0, 1130, 1518, 1, 0, 1, 0, 0, 2, 1, 0]),
 (16, [1124, 60, 1, 1, 1, 1856, 885, 1, 1, 0, 2, 0, 1, 2, 0]),
 (16, [1129, 33, 1, 1, 0, 1186, 1929, 0, 0, 0, 2, 1, 2, 0, 0]),
 (16, [1221, 60, 1, 0, 1, 1758, 1701, 0, 1, 0, 0, 1, 2, 2, 0]),
 (16, [1400, 103, 0, 1, 1, 1981, 2034, 0, 1, 0, 0, 1, 0, 1, 0]),
 (16, [1476, 92, 0, 1, 1, 1888, 1829, 1, 1, 1, 0, 1, 0, 1, 0]),
 (16, [1478, 20, 1, 1, 0, 1808, 1551, 0, 1, 1, 2, 1, 0, 1, 2]),
 (16, [1498, 99, 0, 1, 0, 1932, 1370, 0, 1, 2, 4, 1, 1, 1, 1]),
 (16, [1781, 45, 1, 0, 0, 1510, 514, 0, 0, 0, 2, 1, 2, 1, 1]),
 (16, [1793, 93, 1, 1, 1, 1791, 1815, 0, 0, 2, 4, 1, 0, 1, 2]),
 (999, [528, 82, 1, 1, 1, 813, 1961, 1, 0, 3, 1, 1, 1, 2, 0]),
 (999, [673, 66, 0, 0, 1, 1003, 801, 1, 1, 3, 1, 1, 2, 0, 1]),
 (999, [940, 97, 1, 1, 0, 1619, 1263, 1, 0, 2, 5, 1, 0, 0, 1]),
 (999, [1099, 18, 1, 1, 0, 1773, 1983, 1, 1, 1, 5, 0, 0, 2, 1]),
 (999, [1137, 20, 1, 0, 0, 1537, 920, 0, 1, 2, 5, 0, 1, 2, 1]),
 (999, [1213, 36, 0, 1, 1, 1721, 1653, 1, 1, 0, 5, 0, 0, 0, 1]),
 (999, [1456, 86, 1, 0, 1, 1641, 1378, 0, 1, 3, 4, 1, 2, 0, 2]),
 (999, [1736, 65, 1, 1, 0, 879, 1033, 1, 0, 0, 5, 0, 1, 1, 2]),
 (999, [1789, 25, 0, 1, 0, 1235, 1265, 0, 1, 0, 5, 0, 1, 2, 0]),
 (999, [1819, 78, 0, 0, 0, 718, 1329, 1, 0, 2, 5, 0, 1, 2, 0]),
 (999, [2021, 106, 1, 1, 1, 1408, 604, 0, 1, 3, 5, 1, 1, 1, 0])]
Selected
[(16, [696, 104, 0, 1, 0, 2030, 1234, 0, 0, 1, 3, 1, 2, 1, 2]),
 (12, [629, 112, 0, 0, 0, 1089, 531, 1, 0, 0, 4, 1, 2, 0, 2]),
 (12, [1326, 67, 1, 0, 1, 1658, 517, 0, 0, 0, 0, 1, 1, 0, 0]),
 (12, [1039, 50, 1, 1, 1, 887, 1094, 0, 0, 2, 0, 1, 2, 2, 2]),
 (12, [1326, 67, 1, 0, 1, 1658, 517, 0, 0, 0, 0, 1, 1, 0, 0]),
 (12, [1326, 67, 1, 0, 1, 1658, 517, 0, 0, 0, 0, 1, 1, 0, 0]),
 (12, [1039, 50, 1, 1, 1, 887, 1094, 0, 0, 2, 0, 1, 2, 2, 2]),
 (12, [629, 112, 0, 0, 0, 1089, 531, 1, 0, 0, 4, 1, 2, 0, 2]),
 (16, [1400, 103, 0, 1, 1, 1981, 2034, 0, 1, 0, 0, 1, 0, 1, 0]),
 (12, [1312, 55, 1, 1, 0, 834, 1912, 0, 1, 2, 1, 0, 0, 2, 1]),
 (12, [1312, 55, 1, 1, 0, 834, 1912, 0, 1, 2, 1, 0, 0, 2, 1]),
 (12, [2033, 112, 0, 1, 0, 814, 1883, 1, 0, 1, 1, 0, 1, 0, 2]),
 (12, [1312, 55, 1, 1, 0, 834, 1912, 0, 1, 2, 1, 0, 0, 2, 1]),
 (12, [629, 112, 0, 0, 0, 1089, 531, 1, 0, 0, 4, 1, 2, 0, 2]),
 (16, [1124, 60, 1, 1, 1, 1856, 885, 1, 1, 0, 2, 0, 1, 2, 0]),
 (12, [1944, 83, 1, 0, 1, 1449, 1172, 0, 1, 2, 1, 1, 2, 1, 1]),
 (12, [735, 100, 1, 1, 1, 1362, 1386, 0, 0, 2, 4, 0, 0, 1, 0]),
 (12, [629, 112, 0, 0, 0, 1089, 531, 1, 0, 0, 4, 1, 2, 0, 2]),
 (12, [629, 112, 0, 0, 0, 1089, 531, 1, 0, 0, 4, 1, 2, 0, 2]),
 (12, [1039, 50, 1, 1, 1, 887, 1094, 0, 0, 2, 0, 1, 2, 2, 2]),
 (12, [1312, 55, 1, 1, 0, 834, 1912, 0, 1, 2, 1, 0, 0, 2, 1]),
 (12, [629, 112, 0, 0, 0, 1089, 531, 1, 0, 0, 4, 1, 2, 0, 2]),
 (12, [629, 112, 0, 0, 0, 1089, 531, 1, 0, 0, 4, 1, 2, 0, 2]),
 (12, [1594, 77, 0, 1, 1, 1429, 1147, 1, 1, 0, 3, 0, 1, 2, 0]),
 (12, [1039, 50, 1, 1, 1, 887, 1094, 0, 0, 2, 0, 1, 2, 2, 2]),
 (12, [1312, 55, 1, 1, 0, 834, 1912, 0, 1, 2, 1, 0, 0, 2, 1]),
 (12, [1594, 77, 0, 1, 1, 1429, 1147, 1, 1, 0, 3, 0, 1, 2, 0])]
population
[(999, [2021, 106, 1, 1, 1, 1408, 604, 0, 1, 3, 5, 1, 1, 1, 0]),
 (999, [1819, 78, 0, 0, 0, 718, 1329, 1, 0, 2, 5, 0, 1, 2, 0]),
 (999, [1789, 25, 0, 1, 0, 1235, 1265, 0, 1, 0, 5, 0, 1, 2, 0]),
 (999, [1736, 65, 1, 1, 0, 879, 1033, 1, 0, 0, 5, 0, 1, 1, 2]),
 (999, [1456, 86, 1, 0, 1, 1641, 1378, 0, 1, 3, 4, 1, 2, 0, 2]),
 (999, [1213, 36, 0, 1, 1, 1721, 1653, 1, 1, 0, 5, 0, 0, 0, 1]),
 (999, [1137, 20, 1, 0, 0, 1537, 920, 0, 1, 2, 5, 0, 1, 2, 1]),
 (999, [1099, 18, 1, 1, 0, 1773, 1983, 1, 1, 1, 5, 0, 0, 2, 1]),
 (999, [940, 97, 1, 1, 0, 1619, 1263, 1, 0, 2, 5, 1, 0, 0, 1]),
 (999, [673, 66, 0, 0, 1, 1003, 801, 1, 1, 3, 1, 1, 2, 0, 1]),
 (999, [528, 82, 1, 1, 1, 813, 1961, 1, 0, 3, 1, 1, 1, 2, 0]),
 (16, [1793, 93, 1, 1, 1, 1791, 1815, 0, 0, 2, 4, 1, 0, 1, 2]),
 (16, [1781, 45, 1, 0, 0, 1510, 514, 0, 0, 0, 2, 1, 2, 1, 1]),
 (16, [1498, 99, 0, 1, 0, 1932, 1370, 0, 1, 2, 4, 1, 1, 1, 1]),
 (16, [1478, 20, 1, 1, 0, 1808, 1551, 0, 1, 1, 2, 1, 0, 1, 2]),
 (16, [1476, 92, 0, 1, 1, 1888, 1829, 1, 1, 1, 0, 1, 0, 1, 0]),
 (16, [1400, 103, 0, 1, 1, 1981, 2034, 0, 1, 0, 0, 1, 0, 1, 0]),
 (16, [1221, 60, 1, 0, 1, 1758, 1701, 0, 1, 0, 0, 1, 2, 2, 0]),
 (16, [1129, 33, 1, 1, 0, 1186, 1929, 0, 0, 0, 2, 1, 2, 0, 0]),
 (16, [1124, 60, 1, 1, 1, 1856, 885, 1, 1, 0, 2, 0, 1, 2, 0]),
 (16, [1060, 91, 0, 0, 0, 1130, 1518, 1, 0, 1, 0, 0, 2, 1, 0]),
 (16, [778, 38, 1, 0, 0, 951, 1654, 1, 0, 0, 1, 1, 1, 2, 1]),
 (16, [696, 104, 0, 1, 0, 2030, 1234, 0, 0, 1, 3, 1, 2, 1, 2]),
 (12, [2033, 112, 0, 1, 0, 814, 1883, 1, 0, 1, 1, 0, 1, 0, 2]),
 (12, [1944, 83, 1, 0, 1, 1449, 1172, 0, 1, 2, 1, 1, 2, 1, 1]),
 (12, [1594, 77, 0, 1, 1, 1429, 1147, 1, 1, 0, 3, 0, 1, 2, 0]),
 (12, [1503, 19, 0, 0, 1, 630, 1178, 0, 1, 0, 4, 0, 1, 1, 0]),
 (12, [1326, 67, 1, 0, 1, 1658, 517, 0, 0, 0, 0, 1, 1, 0, 0]),
 (12, [1312, 55, 1, 1, 0, 834, 1912, 0, 1, 2, 1, 0, 0, 2, 1]),
 (12, [1039, 50, 1, 1, 1, 887, 1094, 0, 0, 2, 0, 1, 2, 2, 2]),
 (12, [735, 100, 1, 1, 1, 1362, 1386, 0, 0, 2, 4, 0, 0, 1, 0]),
 (12, [629, 112, 0, 0, 0, 1089, 531, 1, 0, 0, 4, 1, 2, 0, 2])]
scored
[(12, [629, 112, 0, 0, 0, 1089, 531, 1, 0, 0, 4, 1, 2, 0, 2]),
 (12, [735, 100, 1, 1, 1, 1362, 1386, 0, 0, 2, 4, 0, 0, 1, 0]),
 (12, [1039, 50, 1, 1, 1, 887, 1094, 0, 0, 2, 0, 1, 2, 2, 2]),
 (12, [1312, 55, 1, 1, 0, 834, 1912, 0, 1, 2, 1, 0, 0, 2, 1]),
 (12, [1326, 67, 1, 0, 1, 1658, 517, 0, 0, 0, 0, 1, 1, 0, 0]),
 (12, [1503, 19, 0, 0, 1, 630, 1178, 0, 1, 0, 4, 0, 1, 1, 0]),
 (12, [1594, 77, 0, 1, 1, 1429, 1147, 1, 1, 0, 3, 0, 1, 2, 0]),
 (12, [1944, 83, 1, 0, 1, 1449, 1172, 0, 1, 2, 1, 1, 2, 1, 1]),
 (12, [2033, 112, 0, 1, 0, 814, 1883, 1, 0, 1, 1, 0, 1, 0, 2]),
 (16, [696, 104, 0, 1, 0, 2030, 1234, 0, 0, 1, 3, 1, 2, 1, 2]),
 (16, [778, 38, 1, 0, 0, 951, 1654, 1, 0, 0, 1, 1, 1, 2, 1]),
 (16, [1060, 91, 0, 0, 0, 1130, 1518, 1, 0, 1, 0, 0, 2, 1, 0]),
 (16, [1124, 60, 1, 1, 1, 1856, 885, 1, 1, 0, 2, 0, 1, 2, 0]),
 (16, [1129, 33, 1, 1, 0, 1186, 1929, 0, 0, 0, 2, 1, 2, 0, 0]),
 (16, [1221, 60, 1, 0, 1, 1758, 1701, 0, 1, 0, 0, 1, 2, 2, 0]),
 (16, [1400, 103, 0, 1, 1, 1981, 2034, 0, 1, 0, 0, 1, 0, 1, 0]),
 (16, [1476, 92, 0, 1, 1, 1888, 1829, 1, 1, 1, 0, 1, 0, 1, 0]),
 (16, [1478, 20, 1, 1, 0, 1808, 1551, 0, 1, 1, 2, 1, 0, 1, 2]),
 (16, [1498, 99, 0, 1, 0, 1932, 1370, 0, 1, 2, 4, 1, 1, 1, 1]),
 (16, [1781, 45, 1, 0, 0, 1510, 514, 0, 0, 0, 2, 1, 2, 1, 1]),
 (16, [1793, 93, 1, 1, 1, 1791, 1815, 0, 0, 2, 4, 1, 0, 1, 2]),
 (999, [528, 82, 1, 1, 1, 813, 1961, 1, 0, 3, 1, 1, 1, 2, 0]),
 (999, [673, 66, 0, 0, 1, 1003, 801, 1, 1, 3, 1, 1, 2, 0, 1]),
 (999, [940, 97, 1, 1, 0, 1619, 1263, 1, 0, 2, 5, 1, 0, 0, 1]),
 (999, [1099, 18, 1, 1, 0, 1773, 1983, 1, 1, 1, 5, 0, 0, 2, 1]),
 (999, [1137, 20, 1, 0, 0, 1537, 920, 0, 1, 2, 5, 0, 1, 2, 1]),
 (999, [1213, 36, 0, 1, 1, 1721, 1653, 1, 1, 0, 5, 0, 0, 0, 1]),
 (999, [1456, 86, 1, 0, 1, 1641, 1378, 0, 1, 3, 4, 1, 2, 0, 2]),
 (999, [1736, 65, 1, 1, 0, 879, 1033, 1, 0, 0, 5, 0, 1, 1, 2]),
 (999, [1789, 25, 0, 1, 0, 1235, 1265, 0, 1, 0, 5, 0, 1, 2, 0]),
 (999, [1819, 78, 0, 0, 0, 718, 1329, 1, 0, 2, 5, 0, 1, 2, 0]),
 (999, [2021, 106, 1, 1, 1, 1408, 604, 0, 1, 3, 5, 1, 1, 1, 0])]
Selected
[(12, [735, 100, 1, 1, 1, 1362, 1386, 0, 0, 2, 4, 0, 0, 1, 0]),
 (16, [1129, 33, 1, 1, 0, 1186, 1929, 0, 0, 0, 2, 1, 2, 0, 0]),
 (12, [735, 100, 1, 1, 1, 1362, 1386, 0, 0, 2, 4, 0, 0, 1, 0]),
 (12, [1039, 50, 1, 1, 1, 887, 1094, 0, 0, 2, 0, 1, 2, 2, 2]),
 (12, [629, 112, 0, 0, 0, 1089, 531, 1, 0, 0, 4, 1, 2, 0, 2]),
 (12, [1312, 55, 1, 1, 0, 834, 1912, 0, 1, 2, 1, 0, 0, 2, 1]),
 (12, [1039, 50, 1, 1, 1, 887, 1094, 0, 0, 2, 0, 1, 2, 2, 2]),
 (12, [1039, 50, 1, 1, 1, 887, 1094, 0, 0, 2, 0, 1, 2, 2, 2]),
 (16, [1060, 91, 0, 0, 0, 1130, 1518, 1, 0, 1, 0, 0, 2, 1, 0]),
 (12, [1503, 19, 0, 0, 1, 630, 1178, 0, 1, 0, 4, 0, 1, 1, 0]),
 (12, [1326, 67, 1, 0, 1, 1658, 517, 0, 0, 0, 0, 1, 1, 0, 0]),
 (12, [735, 100, 1, 1, 1, 1362, 1386, 0, 0, 2, 4, 0, 0, 1, 0]),
 (12, [1594, 77, 0, 1, 1, 1429, 1147, 1, 1, 0, 3, 0, 1, 2, 0]),
 (12, [1312, 55, 1, 1, 0, 834, 1912, 0, 1, 2, 1, 0, 0, 2, 1]),
 (12, [629, 112, 0, 0, 0, 1089, 531, 1, 0, 0, 4, 1, 2, 0, 2]),
 (12, [735, 100, 1, 1, 1, 1362, 1386, 0, 0, 2, 4, 0, 0, 1, 0]),
 (16, [778, 38, 1, 0, 0, 951, 1654, 1, 0, 0, 1, 1, 1, 2, 1]),
 (12, [629, 112, 0, 0, 0, 1089, 531, 1, 0, 0, 4, 1, 2, 0, 2]),
 (16, [1781, 45, 1, 0, 0, 1510, 514, 0, 0, 0, 2, 1, 2, 1, 1]),
 (12, [629, 112, 0, 0, 0, 1089, 531, 1, 0, 0, 4, 1, 2, 0, 2]),
 (12, [1944, 83, 1, 0, 1, 1449, 1172, 0, 1, 2, 1, 1, 2, 1, 1]),
 (12, [735, 100, 1, 1, 1, 1362, 1386, 0, 0, 2, 4, 0, 0, 1, 0]),
 (12, [735, 100, 1, 1, 1, 1362, 1386, 0, 0, 2, 4, 0, 0, 1, 0]),
 (12, [1039, 50, 1, 1, 1, 887, 1094, 0, 0, 2, 0, 1, 2, 2, 2]),
 (16, [1781, 45, 1, 0, 0, 1510, 514, 0, 0, 0, 2, 1, 2, 1, 1]),
 (16, [696, 104, 0, 1, 0, 2030, 1234, 0, 0, 1, 3, 1, 2, 1, 2]),
 (12, [1503, 19, 0, 0, 1, 630, 1178, 0, 1, 0, 4, 0, 1, 1, 0])]
population
[(999, [2021, 106, 1, 1, 1, 1408, 604, 0, 1, 3, 5, 1, 1, 1, 0]),
 (999, [1819, 78, 0, 0, 0, 718, 1329, 1, 0, 2, 5, 0, 1, 2, 0]),
 (999, [1789, 25, 0, 1, 0, 1235, 1265, 0, 1, 0, 5, 0, 1, 2, 0]),
 (999, [1736, 65, 1, 1, 0, 879, 1033, 1, 0, 0, 5, 0, 1, 1, 2]),
 (999, [1456, 86, 1, 0, 1, 1641, 1378, 0, 1, 3, 4, 1, 2, 0, 2]),
 (999, [1213, 36, 0, 1, 1, 1721, 1653, 1, 1, 0, 5, 0, 0, 0, 1]),
 (999, [1137, 20, 1, 0, 0, 1537, 920, 0, 1, 2, 5, 0, 1, 2, 1]),
 (999, [1099, 18, 1, 1, 0, 1773, 1983, 1, 1, 1, 5, 0, 0, 2, 1]),
 (999, [940, 97, 1, 1, 0, 1619, 1263, 1, 0, 2, 5, 1, 0, 0, 1]),
 (999, [673, 66, 0, 0, 1, 1003, 801, 1, 1, 3, 1, 1, 2, 0, 1]),
 (999, [528, 82, 1, 1, 1, 813, 1961, 1, 0, 3, 1, 1, 1, 2, 0]),
 (16, [1793, 93, 1, 1, 1, 1791, 1815, 0, 0, 2, 4, 1, 0, 1, 2]),
 (16, [1781, 45, 1, 0, 0, 1510, 514, 0, 0, 0, 2, 1, 2, 1, 1]),
 (16, [1498, 99, 0, 1, 0, 1932, 1370, 0, 1, 2, 4, 1, 1, 1, 1]),
 (16, [1478, 20, 1, 1, 0, 1808, 1551, 0, 1, 1, 2, 1, 0, 1, 2]),
 (16, [1476, 92, 0, 1, 1, 1888, 1829, 1, 1, 1, 0, 1, 0, 1, 0]),
 (16, [1400, 103, 0, 1, 1, 1981, 2034, 0, 1, 0, 0, 1, 0, 1, 0]),
 (16, [1221, 60, 1, 0, 1, 1758, 1701, 0, 1, 0, 0, 1, 2, 2, 0]),
 (16, [1129, 33, 1, 1, 0, 1186, 1929, 0, 0, 0, 2, 1, 2, 0, 0]),
 (16, [1124, 60, 1, 1, 1, 1856, 885, 1, 1, 0, 2, 0, 1, 2, 0]),
 (16, [1060, 91, 0, 0, 0, 1130, 1518, 1, 0, 1, 0, 0, 2, 1, 0]),
 (16, [778, 38, 1, 0, 0, 951, 1654, 1, 0, 0, 1, 1, 1, 2, 1]),
 (16, [696, 104, 0, 1, 0, 2030, 1234, 0, 0, 1, 3, 1, 2, 1, 2]),
 (12, [2033, 112, 0, 1, 0, 814, 1883, 1, 0, 1, 1, 0, 1, 0, 2]),
 (12, [1944, 83, 1, 0, 1, 1449, 1172, 0, 1, 2, 1, 1, 2, 1, 1]),
 (12, [1594, 77, 0, 1, 1, 1429, 1147, 1, 1, 0, 3, 0, 1, 2, 0]),
 (12, [1503, 19, 0, 0, 1, 630, 1178, 0, 1, 0, 4, 0, 1, 1, 0]),
 (12, [1326, 67, 1, 0, 1, 1658, 517, 0, 0, 0, 0, 1, 1, 0, 0]),
 (12, [1312, 55, 1, 1, 0, 834, 1912, 0, 1, 2, 1, 0, 0, 2, 1]),
 (12, [1039, 50, 1, 1, 1, 887, 1094, 0, 0, 2, 0, 1, 2, 2, 2]),
 (12, [735, 100, 1, 1, 1, 1362, 1386, 0, 0, 2, 4, 0, 0, 1, 0]),
 (12, [629, 112, 0, 0, 0, 1089, 531, 1, 0, 0, 4, 1, 2, 0, 2])]
scored
[(12, [629, 112, 0, 0, 0, 1089, 531, 1, 0, 0, 4, 1, 2, 0, 2]),
 (12, [735, 100, 1, 1, 1, 1362, 1386, 0, 0, 2, 4, 0, 0, 1, 0]),
 (12, [1039, 50, 1, 1, 1, 887, 1094, 0, 0, 2, 0, 1, 2, 2, 2]),
 (12, [1312, 55, 1, 1, 0, 834, 1912, 0, 1, 2, 1, 0, 0, 2, 1]),
 (12, [1326, 67, 1, 0, 1, 1658, 517, 0, 0, 0, 0, 1, 1, 0, 0]),
 (12, [1503, 19, 0, 0, 1, 630, 1178, 0, 1, 0, 4, 0, 1, 1, 0]),
 (12, [1594, 77, 0, 1, 1, 1429, 1147, 1, 1, 0, 3, 0, 1, 2, 0]),
 (12, [1944, 83, 1, 0, 1, 1449, 1172, 0, 1, 2, 1, 1, 2, 1, 1]),
 (12, [2033, 112, 0, 1, 0, 814, 1883, 1, 0, 1, 1, 0, 1, 0, 2]),
 (16, [696, 104, 0, 1, 0, 2030, 1234, 0, 0, 1, 3, 1, 2, 1, 2]),
 (16, [778, 38, 1, 0, 0, 951, 1654, 1, 0, 0, 1, 1, 1, 2, 1]),
 (16, [1060, 91, 0, 0, 0, 1130, 1518, 1, 0, 1, 0, 0, 2, 1, 0]),
 (16, [1124, 60, 1, 1, 1, 1856, 885, 1, 1, 0, 2, 0, 1, 2, 0]),
 (16, [1129, 33, 1, 1, 0, 1186, 1929, 0, 0, 0, 2, 1, 2, 0, 0]),
 (16, [1221, 60, 1, 0, 1, 1758, 1701, 0, 1, 0, 0, 1, 2, 2, 0]),
 (16, [1400, 103, 0, 1, 1, 1981, 2034, 0, 1, 0, 0, 1, 0, 1, 0]),
 (16, [1476, 92, 0, 1, 1, 1888, 1829, 1, 1, 1, 0, 1, 0, 1, 0]),
 (16, [1478, 20, 1, 1, 0, 1808, 1551, 0, 1, 1, 2, 1, 0, 1, 2]),
 (16, [1498, 99, 0, 1, 0, 1932, 1370, 0, 1, 2, 4, 1, 1, 1, 1]),
 (16, [1781, 45, 1, 0, 0, 1510, 514, 0, 0, 0, 2, 1, 2, 1, 1]),
 (16, [1793, 93, 1, 1, 1, 1791, 1815, 0, 0, 2, 4, 1, 0, 1, 2]),
 (999, [528, 82, 1, 1, 1, 813, 1961, 1, 0, 3, 1, 1, 1, 2, 0]),
 (999, [673, 66, 0, 0, 1, 1003, 801, 1, 1, 3, 1, 1, 2, 0, 1]),
 (999, [940, 97, 1, 1, 0, 1619, 1263, 1, 0, 2, 5, 1, 0, 0, 1]),
 (999, [1099, 18, 1, 1, 0, 1773, 1983, 1, 1, 1, 5, 0, 0, 2, 1]),
 (999, [1137, 20, 1, 0, 0, 1537, 920, 0, 1, 2, 5, 0, 1, 2, 1]),
 (999, [1213, 36, 0, 1, 1, 1721, 1653, 1, 1, 0, 5, 0, 0, 0, 1]),
 (999, [1456, 86, 1, 0, 1, 1641, 1378, 0, 1, 3, 4, 1, 2, 0, 2]),
 (999, [1736, 65, 1, 1, 0, 879, 1033, 1, 0, 0, 5, 0, 1, 1, 2]),
 (999, [1789, 25, 0, 1, 0, 1235, 1265, 0, 1, 0, 5, 0, 1, 2, 0]),
 (999, [1819, 78, 0, 0, 0, 718, 1329, 1, 0, 2, 5, 0, 1, 2, 0]),
 (999, [2021, 106, 1, 1, 1, 1408, 604, 0, 1, 3, 5, 1, 1, 1, 0])]
Selected
[(12, [1944, 83, 1, 0, 1, 1449, 1172, 0, 1, 2, 1, 1, 2, 1, 1]),
 (12, [629, 112, 0, 0, 0, 1089, 531, 1, 0, 0, 4, 1, 2, 0, 2]),
 (12, [1312, 55, 1, 1, 0, 834, 1912, 0, 1, 2, 1, 0, 0, 2, 1]),
 (16, [1124, 60, 1, 1, 1, 1856, 885, 1, 1, 0, 2, 0, 1, 2, 0]),
 (12, [735, 100, 1, 1, 1, 1362, 1386, 0, 0, 2, 4, 0, 0, 1, 0]),
 (12, [1326, 67, 1, 0, 1, 1658, 517, 0, 0, 0, 0, 1, 1, 0, 0]),
 (12, [735, 100, 1, 1, 1, 1362, 1386, 0, 0, 2, 4, 0, 0, 1, 0]),
 (12, [629, 112, 0, 0, 0, 1089, 531, 1, 0, 0, 4, 1, 2, 0, 2]),
 (12, [1944, 83, 1, 0, 1, 1449, 1172, 0, 1, 2, 1, 1, 2, 1, 1]),
 (12, [1039, 50, 1, 1, 1, 887, 1094, 0, 0, 2, 0, 1, 2, 2, 2]),
 (16, [1400, 103, 0, 1, 1, 1981, 2034, 0, 1, 0, 0, 1, 0, 1, 0]),
 (12, [629, 112, 0, 0, 0, 1089, 531, 1, 0, 0, 4, 1, 2, 0, 2]),
 (12, [1326, 67, 1, 0, 1, 1658, 517, 0, 0, 0, 0, 1, 1, 0, 0]),
 (12, [1503, 19, 0, 0, 1, 630, 1178, 0, 1, 0, 4, 0, 1, 1, 0]),
 (12, [2033, 112, 0, 1, 0, 814, 1883, 1, 0, 1, 1, 0, 1, 0, 2]),
 (12, [1326, 67, 1, 0, 1, 1658, 517, 0, 0, 0, 0, 1, 1, 0, 0]),
 (12, [1312, 55, 1, 1, 0, 834, 1912, 0, 1, 2, 1, 0, 0, 2, 1]),
 (12, [1326, 67, 1, 0, 1, 1658, 517, 0, 0, 0, 0, 1, 1, 0, 0]),
 (12, [2033, 112, 0, 1, 0, 814, 1883, 1, 0, 1, 1, 0, 1, 0, 2]),
 (12, [629, 112, 0, 0, 0, 1089, 531, 1, 0, 0, 4, 1, 2, 0, 2]),
 (12, [1326, 67, 1, 0, 1, 1658, 517, 0, 0, 0, 0, 1, 1, 0, 0]),
 (16, [1221, 60, 1, 0, 1, 1758, 1701, 0, 1, 0, 0, 1, 2, 2, 0]),
 (12, [1503, 19, 0, 0, 1, 630, 1178, 0, 1, 0, 4, 0, 1, 1, 0]),
 (12, [629, 112, 0, 0, 0, 1089, 531, 1, 0, 0, 4, 1, 2, 0, 2]),
 (12, [1326, 67, 1, 0, 1, 1658, 517, 0, 0, 0, 0, 1, 1, 0, 0]),
 (12, [629, 112, 0, 0, 0, 1089, 531, 1, 0, 0, 4, 1, 2, 0, 2]),
 (12, [1594, 77, 0, 1, 1, 1429, 1147, 1, 1, 0, 3, 0, 1, 2, 0])]
population
[(999, [2021, 106, 1, 1, 1, 1408, 604, 0, 1, 3, 5, 1, 1, 1, 0]),
 (999, [1819, 78, 0, 0, 0, 718, 1329, 1, 0, 2, 5, 0, 1, 2, 0]),
 (999, [1789, 25, 0, 1, 0, 1235, 1265, 0, 1, 0, 5, 0, 1, 2, 0]),
 (999, [1736, 65, 1, 1, 0, 879, 1033, 1, 0, 0, 5, 0, 1, 1, 2]),
 (999, [1456, 86, 1, 0, 1, 1641, 1378, 0, 1, 3, 4, 1, 2, 0, 2]),
 (999, [1213, 36, 0, 1, 1, 1721, 1653, 1, 1, 0, 5, 0, 0, 0, 1]),
 (999, [1137, 20, 1, 0, 0, 1537, 920, 0, 1, 2, 5, 0, 1, 2, 1]),
 (999, [1099, 18, 1, 1, 0, 1773, 1983, 1, 1, 1, 5, 0, 0, 2, 1]),
 (999, [940, 97, 1, 1, 0, 1619, 1263, 1, 0, 2, 5, 1, 0, 0, 1]),
 (999, [673, 66, 0, 0, 1, 1003, 801, 1, 1, 3, 1, 1, 2, 0, 1]),
 (999, [528, 82, 1, 1, 1, 813, 1961, 1, 0, 3, 1, 1, 1, 2, 0]),
 (16, [1793, 93, 1, 1, 1, 1791, 1815, 0, 0, 2, 4, 1, 0, 1, 2]),
 (16, [1781, 45, 1, 0, 0, 1510, 514, 0, 0, 0, 2, 1, 2, 1, 1]),
 (16, [1498, 99, 0, 1, 0, 1932, 1370, 0, 1, 2, 4, 1, 1, 1, 1]),
 (16, [1478, 20, 1, 1, 0, 1808, 1551, 0, 1, 1, 2, 1, 0, 1, 2]),
 (16, [1476, 92, 0, 1, 1, 1888, 1829, 1, 1, 1, 0, 1, 0, 1, 0]),
 (16, [1400, 103, 0, 1, 1, 1981, 2034, 0, 1, 0, 0, 1, 0, 1, 0]),
 (16, [1221, 60, 1, 0, 1, 1758, 1701, 0, 1, 0, 0, 1, 2, 2, 0]),
 (16, [1129, 33, 1, 1, 0, 1186, 1929, 0, 0, 0, 2, 1, 2, 0, 0]),
 (16, [1124, 60, 1, 1, 1, 1856, 885, 1, 1, 0, 2, 0, 1, 2, 0]),
 (16, [1060, 91, 0, 0, 0, 1130, 1518, 1, 0, 1, 0, 0, 2, 1, 0]),
 (16, [778, 38, 1, 0, 0, 951, 1654, 1, 0, 0, 1, 1, 1, 2, 1]),
 (16, [696, 104, 0, 1, 0, 2030, 1234, 0, 0, 1, 3, 1, 2, 1, 2]),
 (12, [2033, 112, 0, 1, 0, 814, 1883, 1, 0, 1, 1, 0, 1, 0, 2]),
 (12, [1944, 83, 1, 0, 1, 1449, 1172, 0, 1, 2, 1, 1, 2, 1, 1]),
 (12, [1594, 77, 0, 1, 1, 1429, 1147, 1, 1, 0, 3, 0, 1, 2, 0]),
 (12, [1503, 19, 0, 0, 1, 630, 1178, 0, 1, 0, 4, 0, 1, 1, 0]),
 (12, [1326, 67, 1, 0, 1, 1658, 517, 0, 0, 0, 0, 1, 1, 0, 0]),
 (12, [1312, 55, 1, 1, 0, 834, 1912, 0, 1, 2, 1, 0, 0, 2, 1]),
 (12, [1039, 50, 1, 1, 1, 887, 1094, 0, 0, 2, 0, 1, 2, 2, 2]),
 (12, [735, 100, 1, 1, 1, 1362, 1386, 0, 0, 2, 4, 0, 0, 1, 0]),
 (12, [629, 112, 0, 0, 0, 1089, 531, 1, 0, 0, 4, 1, 2, 0, 2])]
scored
[(12, [629, 112, 0, 0, 0, 1089, 531, 1, 0, 0, 4, 1, 2, 0, 2]),
 (12, [735, 100, 1, 1, 1, 1362, 1386, 0, 0, 2, 4, 0, 0, 1, 0]),
 (12, [1039, 50, 1, 1, 1, 887, 1094, 0, 0, 2, 0, 1, 2, 2, 2]),
 (12, [1312, 55, 1, 1, 0, 834, 1912, 0, 1, 2, 1, 0, 0, 2, 1]),
 (12, [1326, 67, 1, 0, 1, 1658, 517, 0, 0, 0, 0, 1, 1, 0, 0]),
 (12, [1503, 19, 0, 0, 1, 630, 1178, 0, 1, 0, 4, 0, 1, 1, 0]),
 (12, [1594, 77, 0, 1, 1, 1429, 1147, 1, 1, 0, 3, 0, 1, 2, 0]),
 (12, [1944, 83, 1, 0, 1, 1449, 1172, 0, 1, 2, 1, 1, 2, 1, 1]),
 (12, [2033, 112, 0, 1, 0, 814, 1883, 1, 0, 1, 1, 0, 1, 0, 2]),
 (16, [696, 104, 0, 1, 0, 2030, 1234, 0, 0, 1, 3, 1, 2, 1, 2]),
 (16, [778, 38, 1, 0, 0, 951, 1654, 1, 0, 0, 1, 1, 1, 2, 1]),
 (16, [1060, 91, 0, 0, 0, 1130, 1518, 1, 0, 1, 0, 0, 2, 1, 0]),
 (16, [1124, 60, 1, 1, 1, 1856, 885, 1, 1, 0, 2, 0, 1, 2, 0]),
 (16, [1129, 33, 1, 1, 0, 1186, 1929, 0, 0, 0, 2, 1, 2, 0, 0]),
 (16, [1221, 60, 1, 0, 1, 1758, 1701, 0, 1, 0, 0, 1, 2, 2, 0]),
 (16, [1400, 103, 0, 1, 1, 1981, 2034, 0, 1, 0, 0, 1, 0, 1, 0]),
 (16, [1476, 92, 0, 1, 1, 1888, 1829, 1, 1, 1, 0, 1, 0, 1, 0]),
 (16, [1478, 20, 1, 1, 0, 1808, 1551, 0, 1, 1, 2, 1, 0, 1, 2]),
 (16, [1498, 99, 0, 1, 0, 1932, 1370, 0, 1, 2, 4, 1, 1, 1, 1]),
 (16, [1781, 45, 1, 0, 0, 1510, 514, 0, 0, 0, 2, 1, 2, 1, 1]),
 (16, [1793, 93, 1, 1, 1, 1791, 1815, 0, 0, 2, 4, 1, 0, 1, 2]),
 (999, [528, 82, 1, 1, 1, 813, 1961, 1, 0, 3, 1, 1, 1, 2, 0]),
 (999, [673, 66, 0, 0, 1, 1003, 801, 1, 1, 3, 1, 1, 2, 0, 1]),
 (999, [940, 97, 1, 1, 0, 1619, 1263, 1, 0, 2, 5, 1, 0, 0, 1]),
 (999, [1099, 18, 1, 1, 0, 1773, 1983, 1, 1, 1, 5, 0, 0, 2, 1]),
 (999, [1137, 20, 1, 0, 0, 1537, 920, 0, 1, 2, 5, 0, 1, 2, 1]),
 (999, [1213, 36, 0, 1, 1, 1721, 1653, 1, 1, 0, 5, 0, 0, 0, 1]),
 (999, [1456, 86, 1, 0, 1, 1641, 1378, 0, 1, 3, 4, 1, 2, 0, 2]),
 (999, [1736, 65, 1, 1, 0, 879, 1033, 1, 0, 0, 5, 0, 1, 1, 2]),
 (999, [1789, 25, 0, 1, 0, 1235, 1265, 0, 1, 0, 5, 0, 1, 2, 0]),
 (999, [1819, 78, 0, 0, 0, 718, 1329, 1, 0, 2, 5, 0, 1, 2, 0]),
 (999, [2021, 106, 1, 1, 1, 1408, 604, 0, 1, 3, 5, 1, 1, 1, 0])]
Selected
[(12, [735, 100, 1, 1, 1, 1362, 1386, 0, 0, 2, 4, 0, 0, 1, 0]),
 (12, [735, 100, 1, 1, 1, 1362, 1386, 0, 0, 2, 4, 0, 0, 1, 0]),
 (12, [1326, 67, 1, 0, 1, 1658, 517, 0, 0, 0, 0, 1, 1, 0, 0]),
 (12, [1503, 19, 0, 0, 1, 630, 1178, 0, 1, 0, 4, 0, 1, 1, 0]),
 (12, [629, 112, 0, 0, 0, 1089, 531, 1, 0, 0, 4, 1, 2, 0, 2]),
 (16, [1129, 33, 1, 1, 0, 1186, 1929, 0, 0, 0, 2, 1, 2, 0, 0]),
 (12, [629, 112, 0, 0, 0, 1089, 531, 1, 0, 0, 4, 1, 2, 0, 2]),
 (16, [1129, 33, 1, 1, 0, 1186, 1929, 0, 0, 0, 2, 1, 2, 0, 0]),
 (12, [629, 112, 0, 0, 0, 1089, 531, 1, 0, 0, 4, 1, 2, 0, 2]),
 (12, [2033, 112, 0, 1, 0, 814, 1883, 1, 0, 1, 1, 0, 1, 0, 2]),
 (12, [1503, 19, 0, 0, 1, 630, 1178, 0, 1, 0, 4, 0, 1, 1, 0]),
 (12, [2033, 112, 0, 1, 0, 814, 1883, 1, 0, 1, 1, 0, 1, 0, 2]),
 (12, [1944, 83, 1, 0, 1, 1449, 1172, 0, 1, 2, 1, 1, 2, 1, 1]),
 (12, [1944, 83, 1, 0, 1, 1449, 1172, 0, 1, 2, 1, 1, 2, 1, 1]),
 (12, [1039, 50, 1, 1, 1, 887, 1094, 0, 0, 2, 0, 1, 2, 2, 2]),
 (16, [1129, 33, 1, 1, 0, 1186, 1929, 0, 0, 0, 2, 1, 2, 0, 0]),
 (16, [778, 38, 1, 0, 0, 951, 1654, 1, 0, 0, 1, 1, 1, 2, 1]),
 (12, [1944, 83, 1, 0, 1, 1449, 1172, 0, 1, 2, 1, 1, 2, 1, 1]),
 (12, [1312, 55, 1, 1, 0, 834, 1912, 0, 1, 2, 1, 0, 0, 2, 1]),
 (12, [629, 112, 0, 0, 0, 1089, 531, 1, 0, 0, 4, 1, 2, 0, 2]),
 (12, [1594, 77, 0, 1, 1, 1429, 1147, 1, 1, 0, 3, 0, 1, 2, 0]),
 (12, [1503, 19, 0, 0, 1, 630, 1178, 0, 1, 0, 4, 0, 1, 1, 0]),
 (12, [1039, 50, 1, 1, 1, 887, 1094, 0, 0, 2, 0, 1, 2, 2, 2]),
 (12, [629, 112, 0, 0, 0, 1089, 531, 1, 0, 0, 4, 1, 2, 0, 2]),
 (12, [2033, 112, 0, 1, 0, 814, 1883, 1, 0, 1, 1, 0, 1, 0, 2]),
 (12, [1944, 83, 1, 0, 1, 1449, 1172, 0, 1, 2, 1, 1, 2, 1, 1]),
 (12, [1039, 50, 1, 1, 1, 887, 1094, 0, 0, 2, 0, 1, 2, 2, 2])]
population
[(999, [2021, 106, 1, 1, 1, 1408, 604, 0, 1, 3, 5, 1, 1, 1, 0]),
 (999, [1819, 78, 0, 0, 0, 718, 1329, 1, 0, 2, 5, 0, 1, 2, 0]),
 (999, [1789, 25, 0, 1, 0, 1235, 1265, 0, 1, 0, 5, 0, 1, 2, 0]),
 (999, [1736, 65, 1, 1, 0, 879, 1033, 1, 0, 0, 5, 0, 1, 1, 2]),
 (999, [1456, 86, 1, 0, 1, 1641, 1378, 0, 1, 3, 4, 1, 2, 0, 2]),
 (999, [1213, 36, 0, 1, 1, 1721, 1653, 1, 1, 0, 5, 0, 0, 0, 1]),
 (999, [1137, 20, 1, 0, 0, 1537, 920, 0, 1, 2, 5, 0, 1, 2, 1]),
 (999, [1099, 18, 1, 1, 0, 1773, 1983, 1, 1, 1, 5, 0, 0, 2, 1]),
 (999, [940, 97, 1, 1, 0, 1619, 1263, 1, 0, 2, 5, 1, 0, 0, 1]),
 (999, [673, 66, 0, 0, 1, 1003, 801, 1, 1, 3, 1, 1, 2, 0, 1]),
 (999, [528, 82, 1, 1, 1, 813, 1961, 1, 0, 3, 1, 1, 1, 2, 0]),
 (16, [1793, 93, 1, 1, 1, 1791, 1815, 0, 0, 2, 4, 1, 0, 1, 2]),
 (16, [1781, 45, 1, 0, 0, 1510, 514, 0, 0, 0, 2, 1, 2, 1, 1]),
 (16, [1498, 99, 0, 1, 0, 1932, 1370, 0, 1, 2, 4, 1, 1, 1, 1]),
 (16, [1478, 20, 1, 1, 0, 1808, 1551, 0, 1, 1, 2, 1, 0, 1, 2]),
 (16, [1476, 92, 0, 1, 1, 1888, 1829, 1, 1, 1, 0, 1, 0, 1, 0]),
 (16, [1400, 103, 0, 1, 1, 1981, 2034, 0, 1, 0, 0, 1, 0, 1, 0]),
 (16, [1221, 60, 1, 0, 1, 1758, 1701, 0, 1, 0, 0, 1, 2, 2, 0]),
 (16, [1129, 33, 1, 1, 0, 1186, 1929, 0, 0, 0, 2, 1, 2, 0, 0]),
 (16, [1124, 60, 1, 1, 1, 1856, 885, 1, 1, 0, 2, 0, 1, 2, 0]),
 (16, [1060, 91, 0, 0, 0, 1130, 1518, 1, 0, 1, 0, 0, 2, 1, 0]),
 (16, [778, 38, 1, 0, 0, 951, 1654, 1, 0, 0, 1, 1, 1, 2, 1]),
 (16, [696, 104, 0, 1, 0, 2030, 1234, 0, 0, 1, 3, 1, 2, 1, 2]),
 (12, [2033, 112, 0, 1, 0, 814, 1883, 1, 0, 1, 1, 0, 1, 0, 2]),
 (12, [1944, 83, 1, 0, 1, 1449, 1172, 0, 1, 2, 1, 1, 2, 1, 1]),
 (12, [1594, 77, 0, 1, 1, 1429, 1147, 1, 1, 0, 3, 0, 1, 2, 0]),
 (12, [1503, 19, 0, 0, 1, 630, 1178, 0, 1, 0, 4, 0, 1, 1, 0]),
 (12, [1326, 67, 1, 0, 1, 1658, 517, 0, 0, 0, 0, 1, 1, 0, 0]),
 (12, [1312, 55, 1, 1, 0, 834, 1912, 0, 1, 2, 1, 0, 0, 2, 1]),
 (12, [1039, 50, 1, 1, 1, 887, 1094, 0, 0, 2, 0, 1, 2, 2, 2]),
 (12, [735, 100, 1, 1, 1, 1362, 1386, 0, 0, 2, 4, 0, 0, 1, 0]),
 (12, [629, 112, 0, 0, 0, 1089, 531, 1, 0, 0, 4, 1, 2, 0, 2])]
scored
[(12, [629, 112, 0, 0, 0, 1089, 531, 1, 0, 0, 4, 1, 2, 0, 2]),
 (12, [735, 100, 1, 1, 1, 1362, 1386, 0, 0, 2, 4, 0, 0, 1, 0]),
 (12, [1039, 50, 1, 1, 1, 887, 1094, 0, 0, 2, 0, 1, 2, 2, 2]),
 (12, [1312, 55, 1, 1, 0, 834, 1912, 0, 1, 2, 1, 0, 0, 2, 1]),
 (12, [1326, 67, 1, 0, 1, 1658, 517, 0, 0, 0, 0, 1, 1, 0, 0]),
 (12, [1503, 19, 0, 0, 1, 630, 1178, 0, 1, 0, 4, 0, 1, 1, 0]),
 (12, [1594, 77, 0, 1, 1, 1429, 1147, 1, 1, 0, 3, 0, 1, 2, 0]),
 (12, [1944, 83, 1, 0, 1, 1449, 1172, 0, 1, 2, 1, 1, 2, 1, 1]),
 (12, [2033, 112, 0, 1, 0, 814, 1883, 1, 0, 1, 1, 0, 1, 0, 2]),
 (16, [696, 104, 0, 1, 0, 2030, 1234, 0, 0, 1, 3, 1, 2, 1, 2]),
 (16, [778, 38, 1, 0, 0, 951, 1654, 1, 0, 0, 1, 1, 1, 2, 1]),
 (16, [1060, 91, 0, 0, 0, 1130, 1518, 1, 0, 1, 0, 0, 2, 1, 0]),
 (16, [1124, 60, 1, 1, 1, 1856, 885, 1, 1, 0, 2, 0, 1, 2, 0]),
 (16, [1129, 33, 1, 1, 0, 1186, 1929, 0, 0, 0, 2, 1, 2, 0, 0]),
 (16, [1221, 60, 1, 0, 1, 1758, 1701, 0, 1, 0, 0, 1, 2, 2, 0]),
 (16, [1400, 103, 0, 1, 1, 1981, 2034, 0, 1, 0, 0, 1, 0, 1, 0]),
 (16, [1476, 92, 0, 1, 1, 1888, 1829, 1, 1, 1, 0, 1, 0, 1, 0]),
 (16, [1478, 20, 1, 1, 0, 1808, 1551, 0, 1, 1, 2, 1, 0, 1, 2]),
 (16, [1498, 99, 0, 1, 0, 1932, 1370, 0, 1, 2, 4, 1, 1, 1, 1]),
 (16, [1781, 45, 1, 0, 0, 1510, 514, 0, 0, 0, 2, 1, 2, 1, 1]),
 (16, [1793, 93, 1, 1, 1, 1791, 1815, 0, 0, 2, 4, 1, 0, 1, 2]),
 (999, [528, 82, 1, 1, 1, 813, 1961, 1, 0, 3, 1, 1, 1, 2, 0]),
 (999, [673, 66, 0, 0, 1, 1003, 801, 1, 1, 3, 1, 1, 2, 0, 1]),
 (999, [940, 97, 1, 1, 0, 1619, 1263, 1, 0, 2, 5, 1, 0, 0, 1]),
 (999, [1099, 18, 1, 1, 0, 1773, 1983, 1, 1, 1, 5, 0, 0, 2, 1]),
 (999, [1137, 20, 1, 0, 0, 1537, 920, 0, 1, 2, 5, 0, 1, 2, 1]),
 (999, [1213, 36, 0, 1, 1, 1721, 1653, 1, 1, 0, 5, 0, 0, 0, 1]),
 (999, [1456, 86, 1, 0, 1, 1641, 1378, 0, 1, 3, 4, 1, 2, 0, 2]),
 (999, [1736, 65, 1, 1, 0, 879, 1033, 1, 0, 0, 5, 0, 1, 1, 2]),
 (999, [1789, 25, 0, 1, 0, 1235, 1265, 0, 1, 0, 5, 0, 1, 2, 0]),
 (999, [1819, 78, 0, 0, 0, 718, 1329, 1, 0, 2, 5, 0, 1, 2, 0]),
 (999, [2021, 106, 1, 1, 1, 1408, 604, 0, 1, 3, 5, 1, 1, 1, 0])]
Selected
[(12, [1039, 50, 1, 1, 1, 887, 1094, 0, 0, 2, 0, 1, 2, 2, 2]),
 (12, [629, 112, 0, 0, 0, 1089, 531, 1, 0, 0, 4, 1, 2, 0, 2]),
 (12, [1326, 67, 1, 0, 1, 1658, 517, 0, 0, 0, 0, 1, 1, 0, 0]),
 (12, [629, 112, 0, 0, 0, 1089, 531, 1, 0, 0, 4, 1, 2, 0, 2]),
 (12, [629, 112, 0, 0, 0, 1089, 531, 1, 0, 0, 4, 1, 2, 0, 2]),
 (12, [1039, 50, 1, 1, 1, 887, 1094, 0, 0, 2, 0, 1, 2, 2, 2]),
 (12, [1039, 50, 1, 1, 1, 887, 1094, 0, 0, 2, 0, 1, 2, 2, 2]),
 (12, [2033, 112, 0, 1, 0, 814, 1883, 1, 0, 1, 1, 0, 1, 0, 2]),
 (12, [1503, 19, 0, 0, 1, 630, 1178, 0, 1, 0, 4, 0, 1, 1, 0]),
 (12, [629, 112, 0, 0, 0, 1089, 531, 1, 0, 0, 4, 1, 2, 0, 2]),
 (12, [2033, 112, 0, 1, 0, 814, 1883, 1, 0, 1, 1, 0, 1, 0, 2]),
 (12, [1326, 67, 1, 0, 1, 1658, 517, 0, 0, 0, 0, 1, 1, 0, 0]),
 (12, [735, 100, 1, 1, 1, 1362, 1386, 0, 0, 2, 4, 0, 0, 1, 0]),
 (12, [1039, 50, 1, 1, 1, 887, 1094, 0, 0, 2, 0, 1, 2, 2, 2]),
 (12, [629, 112, 0, 0, 0, 1089, 531, 1, 0, 0, 4, 1, 2, 0, 2]),
 (12, [1944, 83, 1, 0, 1, 1449, 1172, 0, 1, 2, 1, 1, 2, 1, 1]),
 (12, [1312, 55, 1, 1, 0, 834, 1912, 0, 1, 2, 1, 0, 0, 2, 1]),
 (16, [1124, 60, 1, 1, 1, 1856, 885, 1, 1, 0, 2, 0, 1, 2, 0]),
 (12, [735, 100, 1, 1, 1, 1362, 1386, 0, 0, 2, 4, 0, 0, 1, 0]),
 (12, [1312, 55, 1, 1, 0, 834, 1912, 0, 1, 2, 1, 0, 0, 2, 1]),
 (16, [778, 38, 1, 0, 0, 951, 1654, 1, 0, 0, 1, 1, 1, 2, 1]),
 (12, [1312, 55, 1, 1, 0, 834, 1912, 0, 1, 2, 1, 0, 0, 2, 1]),
 (12, [629, 112, 0, 0, 0, 1089, 531, 1, 0, 0, 4, 1, 2, 0, 2]),
 (12, [1039, 50, 1, 1, 1, 887, 1094, 0, 0, 2, 0, 1, 2, 2, 2]),
 (16, [696, 104, 0, 1, 0, 2030, 1234, 0, 0, 1, 3, 1, 2, 1, 2]),
 (12, [1503, 19, 0, 0, 1, 630, 1178, 0, 1, 0, 4, 0, 1, 1, 0]),
 (16, [696, 104, 0, 1, 0, 2030, 1234, 0, 0, 1, 3, 1, 2, 1, 2])]

Poblacin de 32 individuos durante 15 generaciones
Poblacin inicial:
[(999, [2021, 106, 1, 1, 1, 1408, 604, 0, 1, 3, 5, 1, 1, 1, 0]),
 (999, [1819, 78, 0, 0, 0, 718, 1329, 1, 0, 2, 5, 0, 1, 2, 0]),
 (999, [1789, 25, 0, 1, 0, 1235, 1265, 0, 1, 0, 5, 0, 1, 2, 0]),
 (999, [1736, 65, 1, 1, 0, 879, 1033, 1, 0, 0, 5, 0, 1, 1, 2]),
 (999, [1456, 86, 1, 0, 1, 1641, 1378, 0, 1, 3, 4, 1, 2, 0, 2]),
 (999, [1213, 36, 0, 1, 1, 1721, 1653, 1, 1, 0, 5, 0, 0, 0, 1]),
 (999, [1137, 20, 1, 0, 0, 1537, 920, 0, 1, 2, 5, 0, 1, 2, 1]),
 (999, [1099, 18, 1, 1, 0, 1773, 1983, 1, 1, 1, 5, 0, 0, 2, 1]),
 (999, [940, 97, 1, 1, 0, 1619, 1263, 1, 0, 2, 5, 1, 0, 0, 1]),
 (999, [673, 66, 0, 0, 1, 1003, 801, 1, 1, 3, 1, 1, 2, 0, 1]),
 (999, [528, 82, 1, 1, 1, 813, 1961, 1, 0, 3, 1, 1, 1, 2, 0]),
 (16, [1793, 93, 1, 1, 1, 1791, 1815, 0, 0, 2, 4, 1, 0, 1, 2]),
 (16, [1781, 45, 1, 0, 0, 1510, 514, 0, 0, 0, 2, 1, 2, 1, 1]),
 (16, [1498, 99, 0, 1, 0, 1932, 1370, 0, 1, 2, 4, 1, 1, 1, 1]),
 (16, [1478, 20, 1, 1, 0, 1808, 1551, 0, 1, 1, 2, 1, 0, 1, 2]),
 (16, [1476, 92, 0, 1, 1, 1888, 1829, 1, 1, 1, 0, 1, 0, 1, 0]),
 (16, [1400, 103, 0, 1, 1, 1981, 2034, 0, 1, 0, 0, 1, 0, 1, 0]),
 (16, [1221, 60, 1, 0, 1, 1758, 1701, 0, 1, 0, 0, 1, 2, 2, 0]),
 (16, [1129, 33, 1, 1, 0, 1186, 1929, 0, 0, 0, 2, 1, 2, 0, 0]),
 (16, [1124, 60, 1, 1, 1, 1856, 885, 1, 1, 0, 2, 0, 1, 2, 0]),
 (16, [1060, 91, 0, 0, 0, 1130, 1518, 1, 0, 1, 0, 0, 2, 1, 0]),
 (16, [778, 38, 1, 0, 0, 951, 1654, 1, 0, 0, 1, 1, 1, 2, 1]),
 (16, [696, 104, 0, 1, 0, 2030, 1234, 0, 0, 1, 3, 1, 2, 1, 2]),
 (12, [2033, 112, 0, 1, 0, 814, 1883, 1, 0, 1, 1, 0, 1, 0, 2]),
 (12, [1944, 83, 1, 0, 1, 1449, 1172, 0, 1, 2, 1, 1, 2, 1, 1]),
 (12, [1594, 77, 0, 1, 1, 1429, 1147, 1, 1, 0, 3, 0, 1, 2, 0]),
 (12, [1503, 19, 0, 0, 1, 630, 1178, 0, 1, 0, 4, 0, 1, 1, 0]),
 (12, [1326, 67, 1, 0, 1, 1658, 517, 0, 0, 0, 0, 1, 1, 0, 0]),
 (12, [1312, 55, 1, 1, 0, 834, 1912, 0, 1, 2, 1, 0, 0, 2, 1]),
 (12, [1039, 50, 1, 1, 1, 887, 1094, 0, 0, 2, 0, 1, 2, 2, 2]),
 (12, [735, 100, 1, 1, 1, 1362, 1386, 0, 0, 2, 4, 0, 0, 1, 0]),
 (12, [629, 112, 0, 0, 0, 1089, 531, 1, 0, 0, 4, 1, 2, 0, 2])]
Poblacin final:
[(999, [2021, 106, 1, 1, 1, 1408, 604, 0, 1, 3, 5, 1, 1, 1, 0]),
 (999, [1819, 78, 0, 0, 0, 718, 1329, 1, 0, 2, 5, 0, 1, 2, 0]),
 (999, [1789, 25, 0, 1, 0, 1235, 1265, 0, 1, 0, 5, 0, 1, 2, 0]),
 (999, [1736, 65, 1, 1, 0, 879, 1033, 1, 0, 0, 5, 0, 1, 1, 2]),
 (999, [1456, 86, 1, 0, 1, 1641, 1378, 0, 1, 3, 4, 1, 2, 0, 2]),
 (999, [1213, 36, 0, 1, 1, 1721, 1653, 1, 1, 0, 5, 0, 0, 0, 1]),
 (999, [1137, 20, 1, 0, 0, 1537, 920, 0, 1, 2, 5, 0, 1, 2, 1]),
 (999, [1099, 18, 1, 1, 0, 1773, 1983, 1, 1, 1, 5, 0, 0, 2, 1]),
 (999, [940, 97, 1, 1, 0, 1619, 1263, 1, 0, 2, 5, 1, 0, 0, 1]),
 (999, [673, 66, 0, 0, 1, 1003, 801, 1, 1, 3, 1, 1, 2, 0, 1]),
 (999, [528, 82, 1, 1, 1, 813, 1961, 1, 0, 3, 1, 1, 1, 2, 0]),
 (16, [1793, 93, 1, 1, 1, 1791, 1815, 0, 0, 2, 4, 1, 0, 1, 2]),
 (16, [1781, 45, 1, 0, 0, 1510, 514, 0, 0, 0, 2, 1, 2, 1, 1]),
 (16, [1498, 99, 0, 1, 0, 1932, 1370, 0, 1, 2, 4, 1, 1, 1, 1]),
 (16, [1478, 20, 1, 1, 0, 1808, 1551, 0, 1, 1, 2, 1, 0, 1, 2]),
 (16, [1476, 92, 0, 1, 1, 1888, 1829, 1, 1, 1, 0, 1, 0, 1, 0]),
 (16, [1400, 103, 0, 1, 1, 1981, 2034, 0, 1, 0, 0, 1, 0, 1, 0]),
 (16, [1221, 60, 1, 0, 1, 1758, 1701, 0, 1, 0, 0, 1, 2, 2, 0]),
 (16, [1129, 33, 1, 1, 0, 1186, 1929, 0, 0, 0, 2, 1, 2, 0, 0]),
 (16, [1124, 60, 1, 1, 1, 1856, 885, 1, 1, 0, 2, 0, 1, 2, 0]),
 (16, [1060, 91, 0, 0, 0, 1130, 1518, 1, 0, 1, 0, 0, 2, 1, 0]),
 (16, [778, 38, 1, 0, 0, 951, 1654, 1, 0, 0, 1, 1, 1, 2, 1]),
 (16, [696, 104, 0, 1, 0, 2030, 1234, 0, 0, 1, 3, 1, 2, 1, 2]),
 (12, [2033, 112, 0, 1, 0, 814, 1883, 1, 0, 1, 1, 0, 1, 0, 2]),
 (12, [1944, 83, 1, 0, 1, 1449, 1172, 0, 1, 2, 1, 1, 2, 1, 1]),
 (12, [1594, 77, 0, 1, 1, 1429, 1147, 1, 1, 0, 3, 0, 1, 2, 0]),
 (12, [1503, 19, 0, 0, 1, 630, 1178, 0, 1, 0, 4, 0, 1, 1, 0]),
 (12, [1326, 67, 1, 0, 1, 1658, 517, 0, 0, 0, 0, 1, 1, 0, 0]),
 (12, [1312, 55, 1, 1, 0, 834, 1912, 0, 1, 2, 1, 0, 0, 2, 1]),
 (12, [1039, 50, 1, 1, 1, 887, 1094, 0, 0, 2, 0, 1, 2, 2, 2]),
 (12, [735, 100, 1, 1, 1, 1362, 1386, 0, 0, 2, 4, 0, 0, 1, 0]),
 (12, [629, 112, 0, 0, 0, 1089, 531, 1, 0, 0, 4, 1, 2, 0, 2])]
Elapsed time is 823.610630 seconds.
