 * Manually resetting nginx to stopped state
 * Manually resetting nginx to stopped state
 * Manually resetting nginx to stopped state
 * Manually resetting nginx to stopped state
 * Manually resetting nginx to stopped state
 * Manually resetting nginx to stopped state
 * Manually resetting nginx to stopped state
 * Manually resetting nginx to stopped state
 * Manually resetting nginx to stopped state
 * Manually resetting nginx to stopped state
 * Manually resetting nginx to stopped state
 * Manually resetting nginx to stopped state
 * Manually resetting nginx to stopped state
 * Manually resetting nginx to stopped state
 * Manually resetting nginx to stopped state
 * Manually resetting nginx to stopped state
 * Manually resetting nginx to stopped state
 * Manually resetting nginx to stopped state
 * Manually resetting nginx to stopped state
 * Manually resetting nginx to stopped state
 * Manually resetting nginx to stopped state
 * Manually resetting nginx to stopped state
genes: 15
individuals : 32
pressure: 5
mutation_chance: 0
generations: 15
crossover_type: 2
mutation_type_random: 1
Alerts:
16
Alerts:
12
Alerts:
16
Alerts:
16
Alerts:
12
Alerts:
16
Alerts:
16
Alerts:
16
Alerts:
16
Alerts:
16
Alerts:
16
Alerts:
12
Alerts:
16
Alerts:
16
Alerts:
16
Alerts:
16
Alerts:
12
Alerts:
12
Alerts:
16
Alerts:
16
Alerts:
16
Alerts:
16
population
[(999, [1664, 52, 0, 1, 0, 1071, 1134, 1, 1, 0, 5, 0, 2, 0, 0]),
 (16, [1596, 94, 1, 0, 1, 706, 1085, 1, 0, 1, 0, 1, 1, 0, 1]),
 (12, [1994, 105, 0, 1, 0, 1602, 1185, 1, 0, 1, 3, 1, 2, 1, 1]),
 (16, [724, 45, 0, 1, 1, 584, 1558, 1, 1, 2, 1, 0, 2, 1, 2]),
 (999, [1019, 19, 0, 1, 0, 1173, 1521, 0, 1, 3, 2, 1, 1, 0, 0]),
 (16, [638, 105, 0, 0, 0, 1769, 1044, 1, 1, 1, 0, 1, 1, 0, 2]),
 (12, [1434, 104, 1, 0, 1, 1136, 1824, 1, 0, 2, 2, 1, 0, 2, 0]),
 (16, [1939, 29, 1, 1, 0, 1499, 1390, 1, 0, 2, 2, 0, 1, 0, 2]),
 (16, [1571, 118, 1, 0, 1, 820, 1072, 0, 1, 2, 4, 1, 1, 1, 0]),
 (999, [1685, 64, 0, 1, 1, 692, 1021, 0, 1, 2, 5, 0, 2, 2, 2]),
 (999, [649, 92, 0, 0, 1, 1840, 1628, 0, 0, 1, 5, 0, 2, 1, 0]),
 (16, [1526, 113, 0, 1, 0, 849, 1631, 1, 0, 2, 0, 0, 2, 0, 2]),
 (16, [1010, 67, 1, 0, 0, 890, 1945, 0, 0, 1, 1, 0, 1, 1, 1]),
 (999, [1769, 62, 1, 1, 0, 747, 661, 0, 0, 3, 1, 0, 0, 0, 0]),
 (16, [1630, 86, 1, 1, 1, 1454, 687, 1, 1, 2, 2, 0, 2, 2, 2]),
 (16, [1474, 40, 1, 1, 0, 1235, 1096, 0, 1, 1, 3, 1, 2, 1, 2]),
 (999, [629, 113, 0, 1, 0, 1294, 1436, 1, 1, 3, 1, 0, 0, 2, 1]),
 (12, [1568, 118, 1, 1, 0, 1758, 1633, 0, 1, 2, 0, 1, 2, 2, 0]),
 (16, [1373, 46, 1, 1, 0, 836, 1175, 1, 1, 2, 0, 1, 0, 1, 0]),
 (999, [910, 110, 1, 0, 1, 647, 1547, 1, 0, 3, 3, 0, 2, 0, 1]),
 (16, [1240, 89, 0, 0, 1, 1848, 687, 0, 0, 0, 0, 0, 2, 1, 2]),
 (16, [1198, 93, 0, 0, 1, 894, 1493, 1, 1, 2, 2, 1, 0, 0, 0]),
 (16, [1495, 52, 1, 0, 0, 1944, 707, 1, 1, 2, 2, 0, 2, 2, 2]),
 (12, [984, 91, 0, 0, 1, 937, 1973, 1, 1, 2, 1, 0, 0, 2, 0]),
 (999, [1363, 48, 0, 0, 1, 1380, 1891, 0, 1, 3, 5, 1, 0, 2, 1]),
 (12, [1618, 79, 0, 1, 0, 1329, 1743, 1, 1, 1, 3, 1, 0, 0, 0]),
 (16, [1917, 95, 1, 0, 1, 1287, 1971, 1, 0, 1, 2, 0, 0, 0, 1]),
 (16, [1383, 10, 1, 0, 1, 573, 1852, 0, 1, 2, 0, 0, 2, 2, 1]),
 (16, [830, 84, 1, 0, 0, 1975, 1430, 1, 0, 0, 0, 0, 0, 0, 0]),
 (999, [1402, 108, 1, 1, 1, 1823, 1118, 1, 1, 3, 1, 0, 1, 1, 1]),
 (999, [973, 29, 0, 1, 0, 1631, 1670, 1, 1, 1, 5, 0, 2, 0, 1]),
 (16, [935, 108, 0, 1, 1, 722, 1983, 0, 1, 0, 0, 1, 0, 1, 0])]
scored
[(12, [984, 91, 0, 0, 1, 937, 1973, 1, 1, 2, 1, 0, 0, 2, 0]),
 (12, [1434, 104, 1, 0, 1, 1136, 1824, 1, 0, 2, 2, 1, 0, 2, 0]),
 (12, [1568, 118, 1, 1, 0, 1758, 1633, 0, 1, 2, 0, 1, 2, 2, 0]),
 (12, [1618, 79, 0, 1, 0, 1329, 1743, 1, 1, 1, 3, 1, 0, 0, 0]),
 (12, [1994, 105, 0, 1, 0, 1602, 1185, 1, 0, 1, 3, 1, 2, 1, 1]),
 (16, [638, 105, 0, 0, 0, 1769, 1044, 1, 1, 1, 0, 1, 1, 0, 2]),
 (16, [724, 45, 0, 1, 1, 584, 1558, 1, 1, 2, 1, 0, 2, 1, 2]),
 (16, [830, 84, 1, 0, 0, 1975, 1430, 1, 0, 0, 0, 0, 0, 0, 0]),
 (16, [935, 108, 0, 1, 1, 722, 1983, 0, 1, 0, 0, 1, 0, 1, 0]),
 (16, [1010, 67, 1, 0, 0, 890, 1945, 0, 0, 1, 1, 0, 1, 1, 1]),
 (16, [1198, 93, 0, 0, 1, 894, 1493, 1, 1, 2, 2, 1, 0, 0, 0]),
 (16, [1240, 89, 0, 0, 1, 1848, 687, 0, 0, 0, 0, 0, 2, 1, 2]),
 (16, [1373, 46, 1, 1, 0, 836, 1175, 1, 1, 2, 0, 1, 0, 1, 0]),
 (16, [1383, 10, 1, 0, 1, 573, 1852, 0, 1, 2, 0, 0, 2, 2, 1]),
 (16, [1474, 40, 1, 1, 0, 1235, 1096, 0, 1, 1, 3, 1, 2, 1, 2]),
 (16, [1495, 52, 1, 0, 0, 1944, 707, 1, 1, 2, 2, 0, 2, 2, 2]),
 (16, [1526, 113, 0, 1, 0, 849, 1631, 1, 0, 2, 0, 0, 2, 0, 2]),
 (16, [1571, 118, 1, 0, 1, 820, 1072, 0, 1, 2, 4, 1, 1, 1, 0]),
 (16, [1596, 94, 1, 0, 1, 706, 1085, 1, 0, 1, 0, 1, 1, 0, 1]),
 (16, [1630, 86, 1, 1, 1, 1454, 687, 1, 1, 2, 2, 0, 2, 2, 2]),
 (16, [1917, 95, 1, 0, 1, 1287, 1971, 1, 0, 1, 2, 0, 0, 0, 1]),
 (16, [1939, 29, 1, 1, 0, 1499, 1390, 1, 0, 2, 2, 0, 1, 0, 2]),
 (999, [629, 113, 0, 1, 0, 1294, 1436, 1, 1, 3, 1, 0, 0, 2, 1]),
 (999, [649, 92, 0, 0, 1, 1840, 1628, 0, 0, 1, 5, 0, 2, 1, 0]),
 (999, [910, 110, 1, 0, 1, 647, 1547, 1, 0, 3, 3, 0, 2, 0, 1]),
 (999, [973, 29, 0, 1, 0, 1631, 1670, 1, 1, 1, 5, 0, 2, 0, 1]),
 (999, [1019, 19, 0, 1, 0, 1173, 1521, 0, 1, 3, 2, 1, 1, 0, 0]),
 (999, [1363, 48, 0, 0, 1, 1380, 1891, 0, 1, 3, 5, 1, 0, 2, 1]),
 (999, [1402, 108, 1, 1, 1, 1823, 1118, 1, 1, 3, 1, 0, 1, 1, 1]),
 (999, [1664, 52, 0, 1, 0, 1071, 1134, 1, 1, 0, 5, 0, 2, 0, 0]),
 (999, [1685, 64, 0, 1, 1, 692, 1021, 0, 1, 2, 5, 0, 2, 2, 2]),
 (999, [1769, 62, 1, 1, 0, 747, 661, 0, 0, 3, 1, 0, 0, 0, 0])]
Selected
[(16, [1240, 89, 0, 0, 1, 1848, 687, 0, 0, 0, 0, 0, 2, 1, 2]),
 (16, [830, 84, 1, 0, 0, 1975, 1430, 1, 0, 0, 0, 0, 0, 0, 0]),
 (12, [1434, 104, 1, 0, 1, 1136, 1824, 1, 0, 2, 2, 1, 0, 2, 0]),
 (12, [1994, 105, 0, 1, 0, 1602, 1185, 1, 0, 1, 3, 1, 2, 1, 1]),
 (16, [638, 105, 0, 0, 0, 1769, 1044, 1, 1, 1, 0, 1, 1, 0, 2]),
 (16, [1383, 10, 1, 0, 1, 573, 1852, 0, 1, 2, 0, 0, 2, 2, 1]),
 (12, [1994, 105, 0, 1, 0, 1602, 1185, 1, 0, 1, 3, 1, 2, 1, 1]),
 (16, [724, 45, 0, 1, 1, 584, 1558, 1, 1, 2, 1, 0, 2, 1, 2]),
 (12, [984, 91, 0, 0, 1, 937, 1973, 1, 1, 2, 1, 0, 0, 2, 0]),
 (12, [984, 91, 0, 0, 1, 937, 1973, 1, 1, 2, 1, 0, 0, 2, 0]),
 (12, [984, 91, 0, 0, 1, 937, 1973, 1, 1, 2, 1, 0, 0, 2, 0]),
 (12, [1994, 105, 0, 1, 0, 1602, 1185, 1, 0, 1, 3, 1, 2, 1, 1]),
 (12, [1994, 105, 0, 1, 0, 1602, 1185, 1, 0, 1, 3, 1, 2, 1, 1]),
 (16, [1240, 89, 0, 0, 1, 1848, 687, 0, 0, 0, 0, 0, 2, 1, 2]),
 (12, [1994, 105, 0, 1, 0, 1602, 1185, 1, 0, 1, 3, 1, 2, 1, 1]),
 (12, [1434, 104, 1, 0, 1, 1136, 1824, 1, 0, 2, 2, 1, 0, 2, 0]),
 (12, [1618, 79, 0, 1, 0, 1329, 1743, 1, 1, 1, 3, 1, 0, 0, 0]),
 (16, [724, 45, 0, 1, 1, 584, 1558, 1, 1, 2, 1, 0, 2, 1, 2]),
 (12, [1618, 79, 0, 1, 0, 1329, 1743, 1, 1, 1, 3, 1, 0, 0, 0]),
 (12, [1434, 104, 1, 0, 1, 1136, 1824, 1, 0, 2, 2, 1, 0, 2, 0]),
 (16, [1526, 113, 0, 1, 0, 849, 1631, 1, 0, 2, 0, 0, 2, 0, 2]),
 (16, [935, 108, 0, 1, 1, 722, 1983, 0, 1, 0, 0, 1, 0, 1, 0]),
 (16, [1373, 46, 1, 1, 0, 836, 1175, 1, 1, 2, 0, 1, 0, 1, 0]),
 (16, [638, 105, 0, 0, 0, 1769, 1044, 1, 1, 1, 0, 1, 1, 0, 2]),
 (16, [724, 45, 0, 1, 1, 584, 1558, 1, 1, 2, 1, 0, 2, 1, 2]),
 (16, [935, 108, 0, 1, 1, 722, 1983, 0, 1, 0, 0, 1, 0, 1, 0]),
 (16, [1373, 46, 1, 1, 0, 836, 1175, 1, 1, 2, 0, 1, 0, 1, 0])]
population
[(999, [1769, 62, 1, 1, 0, 747, 661, 0, 0, 3, 1, 0, 0, 0, 0]),
 (999, [1685, 64, 0, 1, 1, 692, 1021, 0, 1, 2, 5, 0, 2, 2, 2]),
 (999, [1664, 52, 0, 1, 0, 1071, 1134, 1, 1, 0, 5, 0, 2, 0, 0]),
 (999, [1402, 108, 1, 1, 1, 1823, 1118, 1, 1, 3, 1, 0, 1, 1, 1]),
 (999, [1363, 48, 0, 0, 1, 1380, 1891, 0, 1, 3, 5, 1, 0, 2, 1]),
 (999, [1019, 19, 0, 1, 0, 1173, 1521, 0, 1, 3, 2, 1, 1, 0, 0]),
 (999, [973, 29, 0, 1, 0, 1631, 1670, 1, 1, 1, 5, 0, 2, 0, 1]),
 (999, [910, 110, 1, 0, 1, 647, 1547, 1, 0, 3, 3, 0, 2, 0, 1]),
 (999, [649, 92, 0, 0, 1, 1840, 1628, 0, 0, 1, 5, 0, 2, 1, 0]),
 (999, [629, 113, 0, 1, 0, 1294, 1436, 1, 1, 3, 1, 0, 0, 2, 1]),
 (16, [1939, 29, 1, 1, 0, 1499, 1390, 1, 0, 2, 2, 0, 1, 0, 2]),
 (16, [1917, 95, 1, 0, 1, 1287, 1971, 1, 0, 1, 2, 0, 0, 0, 1]),
 (16, [1630, 86, 1, 1, 1, 1454, 687, 1, 1, 2, 2, 0, 2, 2, 2]),
 (16, [1596, 94, 1, 0, 1, 706, 1085, 1, 0, 1, 0, 1, 1, 0, 1]),
 (16, [1571, 118, 1, 0, 1, 820, 1072, 0, 1, 2, 4, 1, 1, 1, 0]),
 (16, [1526, 113, 0, 1, 0, 849, 1631, 1, 0, 2, 0, 0, 2, 0, 2]),
 (16, [1495, 52, 1, 0, 0, 1944, 707, 1, 1, 2, 2, 0, 2, 2, 2]),
 (16, [1474, 40, 1, 1, 0, 1235, 1096, 0, 1, 1, 3, 1, 2, 1, 2]),
 (16, [1383, 10, 1, 0, 1, 573, 1852, 0, 1, 2, 0, 0, 2, 2, 1]),
 (16, [1373, 46, 1, 1, 0, 836, 1175, 1, 1, 2, 0, 1, 0, 1, 0]),
 (16, [1240, 89, 0, 0, 1, 1848, 687, 0, 0, 0, 0, 0, 2, 1, 2]),
 (16, [1198, 93, 0, 0, 1, 894, 1493, 1, 1, 2, 2, 1, 0, 0, 0]),
 (16, [1010, 67, 1, 0, 0, 890, 1945, 0, 0, 1, 1, 0, 1, 1, 1]),
 (16, [935, 108, 0, 1, 1, 722, 1983, 0, 1, 0, 0, 1, 0, 1, 0]),
 (16, [830, 84, 1, 0, 0, 1975, 1430, 1, 0, 0, 0, 0, 0, 0, 0]),
 (16, [724, 45, 0, 1, 1, 584, 1558, 1, 1, 2, 1, 0, 2, 1, 2]),
 (16, [638, 105, 0, 0, 0, 1769, 1044, 1, 1, 1, 0, 1, 1, 0, 2]),
 (12, [1994, 105, 0, 1, 0, 1602, 1185, 1, 0, 1, 3, 1, 2, 1, 1]),
 (12, [1618, 79, 0, 1, 0, 1329, 1743, 1, 1, 1, 3, 1, 0, 0, 0]),
 (12, [1568, 118, 1, 1, 0, 1758, 1633, 0, 1, 2, 0, 1, 2, 2, 0]),
 (12, [1434, 104, 1, 0, 1, 1136, 1824, 1, 0, 2, 2, 1, 0, 2, 0]),
 (12, [984, 91, 0, 0, 1, 937, 1973, 1, 1, 2, 1, 0, 0, 2, 0])]
scored
[(12, [984, 91, 0, 0, 1, 937, 1973, 1, 1, 2, 1, 0, 0, 2, 0]),
 (12, [1434, 104, 1, 0, 1, 1136, 1824, 1, 0, 2, 2, 1, 0, 2, 0]),
 (12, [1568, 118, 1, 1, 0, 1758, 1633, 0, 1, 2, 0, 1, 2, 2, 0]),
 (12, [1618, 79, 0, 1, 0, 1329, 1743, 1, 1, 1, 3, 1, 0, 0, 0]),
 (12, [1994, 105, 0, 1, 0, 1602, 1185, 1, 0, 1, 3, 1, 2, 1, 1]),
 (16, [638, 105, 0, 0, 0, 1769, 1044, 1, 1, 1, 0, 1, 1, 0, 2]),
 (16, [724, 45, 0, 1, 1, 584, 1558, 1, 1, 2, 1, 0, 2, 1, 2]),
 (16, [830, 84, 1, 0, 0, 1975, 1430, 1, 0, 0, 0, 0, 0, 0, 0]),
 (16, [935, 108, 0, 1, 1, 722, 1983, 0, 1, 0, 0, 1, 0, 1, 0]),
 (16, [1010, 67, 1, 0, 0, 890, 1945, 0, 0, 1, 1, 0, 1, 1, 1]),
 (16, [1198, 93, 0, 0, 1, 894, 1493, 1, 1, 2, 2, 1, 0, 0, 0]),
 (16, [1240, 89, 0, 0, 1, 1848, 687, 0, 0, 0, 0, 0, 2, 1, 2]),
 (16, [1373, 46, 1, 1, 0, 836, 1175, 1, 1, 2, 0, 1, 0, 1, 0]),
 (16, [1383, 10, 1, 0, 1, 573, 1852, 0, 1, 2, 0, 0, 2, 2, 1]),
 (16, [1474, 40, 1, 1, 0, 1235, 1096, 0, 1, 1, 3, 1, 2, 1, 2]),
 (16, [1495, 52, 1, 0, 0, 1944, 707, 1, 1, 2, 2, 0, 2, 2, 2]),
 (16, [1526, 113, 0, 1, 0, 849, 1631, 1, 0, 2, 0, 0, 2, 0, 2]),
 (16, [1571, 118, 1, 0, 1, 820, 1072, 0, 1, 2, 4, 1, 1, 1, 0]),
 (16, [1596, 94, 1, 0, 1, 706, 1085, 1, 0, 1, 0, 1, 1, 0, 1]),
 (16, [1630, 86, 1, 1, 1, 1454, 687, 1, 1, 2, 2, 0, 2, 2, 2]),
 (16, [1917, 95, 1, 0, 1, 1287, 1971, 1, 0, 1, 2, 0, 0, 0, 1]),
 (16, [1939, 29, 1, 1, 0, 1499, 1390, 1, 0, 2, 2, 0, 1, 0, 2]),
 (999, [629, 113, 0, 1, 0, 1294, 1436, 1, 1, 3, 1, 0, 0, 2, 1]),
 (999, [649, 92, 0, 0, 1, 1840, 1628, 0, 0, 1, 5, 0, 2, 1, 0]),
 (999, [910, 110, 1, 0, 1, 647, 1547, 1, 0, 3, 3, 0, 2, 0, 1]),
 (999, [973, 29, 0, 1, 0, 1631, 1670, 1, 1, 1, 5, 0, 2, 0, 1]),
 (999, [1019, 19, 0, 1, 0, 1173, 1521, 0, 1, 3, 2, 1, 1, 0, 0]),
 (999, [1363, 48, 0, 0, 1, 1380, 1891, 0, 1, 3, 5, 1, 0, 2, 1]),
 (999, [1402, 108, 1, 1, 1, 1823, 1118, 1, 1, 3, 1, 0, 1, 1, 1]),
 (999, [1664, 52, 0, 1, 0, 1071, 1134, 1, 1, 0, 5, 0, 2, 0, 0]),
 (999, [1685, 64, 0, 1, 1, 692, 1021, 0, 1, 2, 5, 0, 2, 2, 2]),
 (999, [1769, 62, 1, 1, 0, 747, 661, 0, 0, 3, 1, 0, 0, 0, 0])]
Selected
[(16, [830, 84, 1, 0, 0, 1975, 1430, 1, 0, 0, 0, 0, 0, 0, 0]),
 (16, [1010, 67, 1, 0, 0, 890, 1945, 0, 0, 1, 1, 0, 1, 1, 1]),
 (12, [1568, 118, 1, 1, 0, 1758, 1633, 0, 1, 2, 0, 1, 2, 2, 0]),
 (16, [724, 45, 0, 1, 1, 584, 1558, 1, 1, 2, 1, 0, 2, 1, 2]),
 (16, [935, 108, 0, 1, 1, 722, 1983, 0, 1, 0, 0, 1, 0, 1, 0]),
 (12, [984, 91, 0, 0, 1, 937, 1973, 1, 1, 2, 1, 0, 0, 2, 0]),
 (16, [935, 108, 0, 1, 1, 722, 1983, 0, 1, 0, 0, 1, 0, 1, 0]),
 (16, [935, 108, 0, 1, 1, 722, 1983, 0, 1, 0, 0, 1, 0, 1, 0]),
 (12, [1618, 79, 0, 1, 0, 1329, 1743, 1, 1, 1, 3, 1, 0, 0, 0]),
 (16, [830, 84, 1, 0, 0, 1975, 1430, 1, 0, 0, 0, 0, 0, 0, 0]),
 (12, [1568, 118, 1, 1, 0, 1758, 1633, 0, 1, 2, 0, 1, 2, 2, 0]),
 (16, [1198, 93, 0, 0, 1, 894, 1493, 1, 1, 2, 2, 1, 0, 0, 0]),
 (12, [1434, 104, 1, 0, 1, 1136, 1824, 1, 0, 2, 2, 1, 0, 2, 0]),
 (12, [984, 91, 0, 0, 1, 937, 1973, 1, 1, 2, 1, 0, 0, 2, 0]),
 (12, [984, 91, 0, 0, 1, 937, 1973, 1, 1, 2, 1, 0, 0, 2, 0]),
 (12, [1568, 118, 1, 1, 0, 1758, 1633, 0, 1, 2, 0, 1, 2, 2, 0]),
 (16, [638, 105, 0, 0, 0, 1769, 1044, 1, 1, 1, 0, 1, 1, 0, 2]),
 (12, [1618, 79, 0, 1, 0, 1329, 1743, 1, 1, 1, 3, 1, 0, 0, 0]),
 (12, [1618, 79, 0, 1, 0, 1329, 1743, 1, 1, 1, 3, 1, 0, 0, 0]),
 (16, [935, 108, 0, 1, 1, 722, 1983, 0, 1, 0, 0, 1, 0, 1, 0]),
 (16, [935, 108, 0, 1, 1, 722, 1983, 0, 1, 0, 0, 1, 0, 1, 0]),
 (16, [724, 45, 0, 1, 1, 584, 1558, 1, 1, 2, 1, 0, 2, 1, 2]),
 (12, [1618, 79, 0, 1, 0, 1329, 1743, 1, 1, 1, 3, 1, 0, 0, 0]),
 (16, [724, 45, 0, 1, 1, 584, 1558, 1, 1, 2, 1, 0, 2, 1, 2]),
 (12, [1994, 105, 0, 1, 0, 1602, 1185, 1, 0, 1, 3, 1, 2, 1, 1]),
 (16, [935, 108, 0, 1, 1, 722, 1983, 0, 1, 0, 0, 1, 0, 1, 0]),
 (16, [638, 105, 0, 0, 0, 1769, 1044, 1, 1, 1, 0, 1, 1, 0, 2])]
population
[(999, [1769, 62, 1, 1, 0, 747, 661, 0, 0, 3, 1, 0, 0, 0, 0]),
 (999, [1685, 64, 0, 1, 1, 692, 1021, 0, 1, 2, 5, 0, 2, 2, 2]),
 (999, [1664, 52, 0, 1, 0, 1071, 1134, 1, 1, 0, 5, 0, 2, 0, 0]),
 (999, [1402, 108, 1, 1, 1, 1823, 1118, 1, 1, 3, 1, 0, 1, 1, 1]),
 (999, [1363, 48, 0, 0, 1, 1380, 1891, 0, 1, 3, 5, 1, 0, 2, 1]),
 (999, [1019, 19, 0, 1, 0, 1173, 1521, 0, 1, 3, 2, 1, 1, 0, 0]),
 (999, [973, 29, 0, 1, 0, 1631, 1670, 1, 1, 1, 5, 0, 2, 0, 1]),
 (999, [910, 110, 1, 0, 1, 647, 1547, 1, 0, 3, 3, 0, 2, 0, 1]),
 (999, [649, 92, 0, 0, 1, 1840, 1628, 0, 0, 1, 5, 0, 2, 1, 0]),
 (999, [629, 113, 0, 1, 0, 1294, 1436, 1, 1, 3, 1, 0, 0, 2, 1]),
 (16, [1939, 29, 1, 1, 0, 1499, 1390, 1, 0, 2, 2, 0, 1, 0, 2]),
 (16, [1917, 95, 1, 0, 1, 1287, 1971, 1, 0, 1, 2, 0, 0, 0, 1]),
 (16, [1630, 86, 1, 1, 1, 1454, 687, 1, 1, 2, 2, 0, 2, 2, 2]),
 (16, [1596, 94, 1, 0, 1, 706, 1085, 1, 0, 1, 0, 1, 1, 0, 1]),
 (16, [1571, 118, 1, 0, 1, 820, 1072, 0, 1, 2, 4, 1, 1, 1, 0]),
 (16, [1526, 113, 0, 1, 0, 849, 1631, 1, 0, 2, 0, 0, 2, 0, 2]),
 (16, [1495, 52, 1, 0, 0, 1944, 707, 1, 1, 2, 2, 0, 2, 2, 2]),
 (16, [1474, 40, 1, 1, 0, 1235, 1096, 0, 1, 1, 3, 1, 2, 1, 2]),
 (16, [1383, 10, 1, 0, 1, 573, 1852, 0, 1, 2, 0, 0, 2, 2, 1]),
 (16, [1373, 46, 1, 1, 0, 836, 1175, 1, 1, 2, 0, 1, 0, 1, 0]),
 (16, [1240, 89, 0, 0, 1, 1848, 687, 0, 0, 0, 0, 0, 2, 1, 2]),
 (16, [1198, 93, 0, 0, 1, 894, 1493, 1, 1, 2, 2, 1, 0, 0, 0]),
 (16, [1010, 67, 1, 0, 0, 890, 1945, 0, 0, 1, 1, 0, 1, 1, 1]),
 (16, [935, 108, 0, 1, 1, 722, 1983, 0, 1, 0, 0, 1, 0, 1, 0]),
 (16, [830, 84, 1, 0, 0, 1975, 1430, 1, 0, 0, 0, 0, 0, 0, 0]),
 (16, [724, 45, 0, 1, 1, 584, 1558, 1, 1, 2, 1, 0, 2, 1, 2]),
 (16, [638, 105, 0, 0, 0, 1769, 1044, 1, 1, 1, 0, 1, 1, 0, 2]),
 (12, [1994, 105, 0, 1, 0, 1602, 1185, 1, 0, 1, 3, 1, 2, 1, 1]),
 (12, [1618, 79, 0, 1, 0, 1329, 1743, 1, 1, 1, 3, 1, 0, 0, 0]),
 (12, [1568, 118, 1, 1, 0, 1758, 1633, 0, 1, 2, 0, 1, 2, 2, 0]),
 (12, [1434, 104, 1, 0, 1, 1136, 1824, 1, 0, 2, 2, 1, 0, 2, 0]),
 (12, [984, 91, 0, 0, 1, 937, 1973, 1, 1, 2, 1, 0, 0, 2, 0])]
scored
[(12, [984, 91, 0, 0, 1, 937, 1973, 1, 1, 2, 1, 0, 0, 2, 0]),
 (12, [1434, 104, 1, 0, 1, 1136, 1824, 1, 0, 2, 2, 1, 0, 2, 0]),
 (12, [1568, 118, 1, 1, 0, 1758, 1633, 0, 1, 2, 0, 1, 2, 2, 0]),
 (12, [1618, 79, 0, 1, 0, 1329, 1743, 1, 1, 1, 3, 1, 0, 0, 0]),
 (12, [1994, 105, 0, 1, 0, 1602, 1185, 1, 0, 1, 3, 1, 2, 1, 1]),
 (16, [638, 105, 0, 0, 0, 1769, 1044, 1, 1, 1, 0, 1, 1, 0, 2]),
 (16, [724, 45, 0, 1, 1, 584, 1558, 1, 1, 2, 1, 0, 2, 1, 2]),
 (16, [830, 84, 1, 0, 0, 1975, 1430, 1, 0, 0, 0, 0, 0, 0, 0]),
 (16, [935, 108, 0, 1, 1, 722, 1983, 0, 1, 0, 0, 1, 0, 1, 0]),
 (16, [1010, 67, 1, 0, 0, 890, 1945, 0, 0, 1, 1, 0, 1, 1, 1]),
 (16, [1198, 93, 0, 0, 1, 894, 1493, 1, 1, 2, 2, 1, 0, 0, 0]),
 (16, [1240, 89, 0, 0, 1, 1848, 687, 0, 0, 0, 0, 0, 2, 1, 2]),
 (16, [1373, 46, 1, 1, 0, 836, 1175, 1, 1, 2, 0, 1, 0, 1, 0]),
 (16, [1383, 10, 1, 0, 1, 573, 1852, 0, 1, 2, 0, 0, 2, 2, 1]),
 (16, [1474, 40, 1, 1, 0, 1235, 1096, 0, 1, 1, 3, 1, 2, 1, 2]),
 (16, [1495, 52, 1, 0, 0, 1944, 707, 1, 1, 2, 2, 0, 2, 2, 2]),
 (16, [1526, 113, 0, 1, 0, 849, 1631, 1, 0, 2, 0, 0, 2, 0, 2]),
 (16, [1571, 118, 1, 0, 1, 820, 1072, 0, 1, 2, 4, 1, 1, 1, 0]),
 (16, [1596, 94, 1, 0, 1, 706, 1085, 1, 0, 1, 0, 1, 1, 0, 1]),
 (16, [1630, 86, 1, 1, 1, 1454, 687, 1, 1, 2, 2, 0, 2, 2, 2]),
 (16, [1917, 95, 1, 0, 1, 1287, 1971, 1, 0, 1, 2, 0, 0, 0, 1]),
 (16, [1939, 29, 1, 1, 0, 1499, 1390, 1, 0, 2, 2, 0, 1, 0, 2]),
 (999, [629, 113, 0, 1, 0, 1294, 1436, 1, 1, 3, 1, 0, 0, 2, 1]),
 (999, [649, 92, 0, 0, 1, 1840, 1628, 0, 0, 1, 5, 0, 2, 1, 0]),
 (999, [910, 110, 1, 0, 1, 647, 1547, 1, 0, 3, 3, 0, 2, 0, 1]),
 (999, [973, 29, 0, 1, 0, 1631, 1670, 1, 1, 1, 5, 0, 2, 0, 1]),
 (999, [1019, 19, 0, 1, 0, 1173, 1521, 0, 1, 3, 2, 1, 1, 0, 0]),
 (999, [1363, 48, 0, 0, 1, 1380, 1891, 0, 1, 3, 5, 1, 0, 2, 1]),
 (999, [1402, 108, 1, 1, 1, 1823, 1118, 1, 1, 3, 1, 0, 1, 1, 1]),
 (999, [1664, 52, 0, 1, 0, 1071, 1134, 1, 1, 0, 5, 0, 2, 0, 0]),
 (999, [1685, 64, 0, 1, 1, 692, 1021, 0, 1, 2, 5, 0, 2, 2, 2]),
 (999, [1769, 62, 1, 1, 0, 747, 661, 0, 0, 3, 1, 0, 0, 0, 0])]
Selected
[(12, [1434, 104, 1, 0, 1, 1136, 1824, 1, 0, 2, 2, 1, 0, 2, 0]),
 (12, [1994, 105, 0, 1, 0, 1602, 1185, 1, 0, 1, 3, 1, 2, 1, 1]),
 (12, [1434, 104, 1, 0, 1, 1136, 1824, 1, 0, 2, 2, 1, 0, 2, 0]),
 (16, [830, 84, 1, 0, 0, 1975, 1430, 1, 0, 0, 0, 0, 0, 0, 0]),
 (16, [638, 105, 0, 0, 0, 1769, 1044, 1, 1, 1, 0, 1, 1, 0, 2]),
 (12, [1568, 118, 1, 1, 0, 1758, 1633, 0, 1, 2, 0, 1, 2, 2, 0]),
 (12, [984, 91, 0, 0, 1, 937, 1973, 1, 1, 2, 1, 0, 0, 2, 0]),
 (12, [1568, 118, 1, 1, 0, 1758, 1633, 0, 1, 2, 0, 1, 2, 2, 0]),
 (16, [1198, 93, 0, 0, 1, 894, 1493, 1, 1, 2, 2, 1, 0, 0, 0]),
 (12, [1618, 79, 0, 1, 0, 1329, 1743, 1, 1, 1, 3, 1, 0, 0, 0]),
 (12, [1568, 118, 1, 1, 0, 1758, 1633, 0, 1, 2, 0, 1, 2, 2, 0]),
 (12, [1568, 118, 1, 1, 0, 1758, 1633, 0, 1, 2, 0, 1, 2, 2, 0]),
 (16, [935, 108, 0, 1, 1, 722, 1983, 0, 1, 0, 0, 1, 0, 1, 0]),
 (12, [1568, 118, 1, 1, 0, 1758, 1633, 0, 1, 2, 0, 1, 2, 2, 0]),
 (16, [1474, 40, 1, 1, 0, 1235, 1096, 0, 1, 1, 3, 1, 2, 1, 2]),
 (16, [638, 105, 0, 0, 0, 1769, 1044, 1, 1, 1, 0, 1, 1, 0, 2]),
 (16, [638, 105, 0, 0, 0, 1769, 1044, 1, 1, 1, 0, 1, 1, 0, 2]),
 (16, [638, 105, 0, 0, 0, 1769, 1044, 1, 1, 1, 0, 1, 1, 0, 2]),
 (12, [1434, 104, 1, 0, 1, 1136, 1824, 1, 0, 2, 2, 1, 0, 2, 0]),
 (16, [638, 105, 0, 0, 0, 1769, 1044, 1, 1, 1, 0, 1, 1, 0, 2]),
 (12, [984, 91, 0, 0, 1, 937, 1973, 1, 1, 2, 1, 0, 0, 2, 0]),
 (12, [984, 91, 0, 0, 1, 937, 1973, 1, 1, 2, 1, 0, 0, 2, 0]),
 (12, [1568, 118, 1, 1, 0, 1758, 1633, 0, 1, 2, 0, 1, 2, 2, 0]),
 (16, [1526, 113, 0, 1, 0, 849, 1631, 1, 0, 2, 0, 0, 2, 0, 2]),
 (16, [830, 84, 1, 0, 0, 1975, 1430, 1, 0, 0, 0, 0, 0, 0, 0]),
 (16, [830, 84, 1, 0, 0, 1975, 1430, 1, 0, 0, 0, 0, 0, 0, 0]),
 (12, [1434, 104, 1, 0, 1, 1136, 1824, 1, 0, 2, 2, 1, 0, 2, 0])]
population
[(999, [1769, 62, 1, 1, 0, 747, 661, 0, 0, 3, 1, 0, 0, 0, 0]),
 (999, [1685, 64, 0, 1, 1, 692, 1021, 0, 1, 2, 5, 0, 2, 2, 2]),
 (999, [1664, 52, 0, 1, 0, 1071, 1134, 1, 1, 0, 5, 0, 2, 0, 0]),
 (999, [1402, 108, 1, 1, 1, 1823, 1118, 1, 1, 3, 1, 0, 1, 1, 1]),
 (999, [1363, 48, 0, 0, 1, 1380, 1891, 0, 1, 3, 5, 1, 0, 2, 1]),
 (999, [1019, 19, 0, 1, 0, 1173, 1521, 0, 1, 3, 2, 1, 1, 0, 0]),
 (999, [973, 29, 0, 1, 0, 1631, 1670, 1, 1, 1, 5, 0, 2, 0, 1]),
 (999, [910, 110, 1, 0, 1, 647, 1547, 1, 0, 3, 3, 0, 2, 0, 1]),
 (999, [649, 92, 0, 0, 1, 1840, 1628, 0, 0, 1, 5, 0, 2, 1, 0]),
 (999, [629, 113, 0, 1, 0, 1294, 1436, 1, 1, 3, 1, 0, 0, 2, 1]),
 (16, [1939, 29, 1, 1, 0, 1499, 1390, 1, 0, 2, 2, 0, 1, 0, 2]),
 (16, [1917, 95, 1, 0, 1, 1287, 1971, 1, 0, 1, 2, 0, 0, 0, 1]),
 (16, [1630, 86, 1, 1, 1, 1454, 687, 1, 1, 2, 2, 0, 2, 2, 2]),
 (16, [1596, 94, 1, 0, 1, 706, 1085, 1, 0, 1, 0, 1, 1, 0, 1]),
 (16, [1571, 118, 1, 0, 1, 820, 1072, 0, 1, 2, 4, 1, 1, 1, 0]),
 (16, [1526, 113, 0, 1, 0, 849, 1631, 1, 0, 2, 0, 0, 2, 0, 2]),
 (16, [1495, 52, 1, 0, 0, 1944, 707, 1, 1, 2, 2, 0, 2, 2, 2]),
 (16, [1474, 40, 1, 1, 0, 1235, 1096, 0, 1, 1, 3, 1, 2, 1, 2]),
 (16, [1383, 10, 1, 0, 1, 573, 1852, 0, 1, 2, 0, 0, 2, 2, 1]),
 (16, [1373, 46, 1, 1, 0, 836, 1175, 1, 1, 2, 0, 1, 0, 1, 0]),
 (16, [1240, 89, 0, 0, 1, 1848, 687, 0, 0, 0, 0, 0, 2, 1, 2]),
 (16, [1198, 93, 0, 0, 1, 894, 1493, 1, 1, 2, 2, 1, 0, 0, 0]),
 (16, [1010, 67, 1, 0, 0, 890, 1945, 0, 0, 1, 1, 0, 1, 1, 1]),
 (16, [935, 108, 0, 1, 1, 722, 1983, 0, 1, 0, 0, 1, 0, 1, 0]),
 (16, [830, 84, 1, 0, 0, 1975, 1430, 1, 0, 0, 0, 0, 0, 0, 0]),
 (16, [724, 45, 0, 1, 1, 584, 1558, 1, 1, 2, 1, 0, 2, 1, 2]),
 (16, [638, 105, 0, 0, 0, 1769, 1044, 1, 1, 1, 0, 1, 1, 0, 2]),
 (12, [1994, 105, 0, 1, 0, 1602, 1185, 1, 0, 1, 3, 1, 2, 1, 1]),
 (12, [1618, 79, 0, 1, 0, 1329, 1743, 1, 1, 1, 3, 1, 0, 0, 0]),
 (12, [1568, 118, 1, 1, 0, 1758, 1633, 0, 1, 2, 0, 1, 2, 2, 0]),
 (12, [1434, 104, 1, 0, 1, 1136, 1824, 1, 0, 2, 2, 1, 0, 2, 0]),
 (12, [984, 91, 0, 0, 1, 937, 1973, 1, 1, 2, 1, 0, 0, 2, 0])]
scored
[(12, [984, 91, 0, 0, 1, 937, 1973, 1, 1, 2, 1, 0, 0, 2, 0]),
 (12, [1434, 104, 1, 0, 1, 1136, 1824, 1, 0, 2, 2, 1, 0, 2, 0]),
 (12, [1568, 118, 1, 1, 0, 1758, 1633, 0, 1, 2, 0, 1, 2, 2, 0]),
 (12, [1618, 79, 0, 1, 0, 1329, 1743, 1, 1, 1, 3, 1, 0, 0, 0]),
 (12, [1994, 105, 0, 1, 0, 1602, 1185, 1, 0, 1, 3, 1, 2, 1, 1]),
 (16, [638, 105, 0, 0, 0, 1769, 1044, 1, 1, 1, 0, 1, 1, 0, 2]),
 (16, [724, 45, 0, 1, 1, 584, 1558, 1, 1, 2, 1, 0, 2, 1, 2]),
 (16, [830, 84, 1, 0, 0, 1975, 1430, 1, 0, 0, 0, 0, 0, 0, 0]),
 (16, [935, 108, 0, 1, 1, 722, 1983, 0, 1, 0, 0, 1, 0, 1, 0]),
 (16, [1010, 67, 1, 0, 0, 890, 1945, 0, 0, 1, 1, 0, 1, 1, 1]),
 (16, [1198, 93, 0, 0, 1, 894, 1493, 1, 1, 2, 2, 1, 0, 0, 0]),
 (16, [1240, 89, 0, 0, 1, 1848, 687, 0, 0, 0, 0, 0, 2, 1, 2]),
 (16, [1373, 46, 1, 1, 0, 836, 1175, 1, 1, 2, 0, 1, 0, 1, 0]),
 (16, [1383, 10, 1, 0, 1, 573, 1852, 0, 1, 2, 0, 0, 2, 2, 1]),
 (16, [1474, 40, 1, 1, 0, 1235, 1096, 0, 1, 1, 3, 1, 2, 1, 2]),
 (16, [1495, 52, 1, 0, 0, 1944, 707, 1, 1, 2, 2, 0, 2, 2, 2]),
 (16, [1526, 113, 0, 1, 0, 849, 1631, 1, 0, 2, 0, 0, 2, 0, 2]),
 (16, [1571, 118, 1, 0, 1, 820, 1072, 0, 1, 2, 4, 1, 1, 1, 0]),
 (16, [1596, 94, 1, 0, 1, 706, 1085, 1, 0, 1, 0, 1, 1, 0, 1]),
 (16, [1630, 86, 1, 1, 1, 1454, 687, 1, 1, 2, 2, 0, 2, 2, 2]),
 (16, [1917, 95, 1, 0, 1, 1287, 1971, 1, 0, 1, 2, 0, 0, 0, 1]),
 (16, [1939, 29, 1, 1, 0, 1499, 1390, 1, 0, 2, 2, 0, 1, 0, 2]),
 (999, [629, 113, 0, 1, 0, 1294, 1436, 1, 1, 3, 1, 0, 0, 2, 1]),
 (999, [649, 92, 0, 0, 1, 1840, 1628, 0, 0, 1, 5, 0, 2, 1, 0]),
 (999, [910, 110, 1, 0, 1, 647, 1547, 1, 0, 3, 3, 0, 2, 0, 1]),
 (999, [973, 29, 0, 1, 0, 1631, 1670, 1, 1, 1, 5, 0, 2, 0, 1]),
 (999, [1019, 19, 0, 1, 0, 1173, 1521, 0, 1, 3, 2, 1, 1, 0, 0]),
 (999, [1363, 48, 0, 0, 1, 1380, 1891, 0, 1, 3, 5, 1, 0, 2, 1]),
 (999, [1402, 108, 1, 1, 1, 1823, 1118, 1, 1, 3, 1, 0, 1, 1, 1]),
 (999, [1664, 52, 0, 1, 0, 1071, 1134, 1, 1, 0, 5, 0, 2, 0, 0]),
 (999, [1685, 64, 0, 1, 1, 692, 1021, 0, 1, 2, 5, 0, 2, 2, 2]),
 (999, [1769, 62, 1, 1, 0, 747, 661, 0, 0, 3, 1, 0, 0, 0, 0])]
Selected
[(16, [830, 84, 1, 0, 0, 1975, 1430, 1, 0, 0, 0, 0, 0, 0, 0]),
 (12, [1434, 104, 1, 0, 1, 1136, 1824, 1, 0, 2, 2, 1, 0, 2, 0]),
 (12, [1568, 118, 1, 1, 0, 1758, 1633, 0, 1, 2, 0, 1, 2, 2, 0]),
 (12, [1618, 79, 0, 1, 0, 1329, 1743, 1, 1, 1, 3, 1, 0, 0, 0]),
 (12, [1434, 104, 1, 0, 1, 1136, 1824, 1, 0, 2, 2, 1, 0, 2, 0]),
 (12, [1434, 104, 1, 0, 1, 1136, 1824, 1, 0, 2, 2, 1, 0, 2, 0]),
 (12, [1568, 118, 1, 1, 0, 1758, 1633, 0, 1, 2, 0, 1, 2, 2, 0]),
 (12, [1994, 105, 0, 1, 0, 1602, 1185, 1, 0, 1, 3, 1, 2, 1, 1]),
 (12, [984, 91, 0, 0, 1, 937, 1973, 1, 1, 2, 1, 0, 0, 2, 0]),
 (16, [1198, 93, 0, 0, 1, 894, 1493, 1, 1, 2, 2, 1, 0, 0, 0]),
 (12, [1434, 104, 1, 0, 1, 1136, 1824, 1, 0, 2, 2, 1, 0, 2, 0]),
 (16, [1474, 40, 1, 1, 0, 1235, 1096, 0, 1, 1, 3, 1, 2, 1, 2]),
 (12, [1568, 118, 1, 1, 0, 1758, 1633, 0, 1, 2, 0, 1, 2, 2, 0]),
 (16, [638, 105, 0, 0, 0, 1769, 1044, 1, 1, 1, 0, 1, 1, 0, 2]),
 (16, [638, 105, 0, 0, 0, 1769, 1044, 1, 1, 1, 0, 1, 1, 0, 2]),
 (16, [1198, 93, 0, 0, 1, 894, 1493, 1, 1, 2, 2, 1, 0, 0, 0]),
 (12, [984, 91, 0, 0, 1, 937, 1973, 1, 1, 2, 1, 0, 0, 2, 0]),
 (12, [984, 91, 0, 0, 1, 937, 1973, 1, 1, 2, 1, 0, 0, 2, 0]),
 (16, [1198, 93, 0, 0, 1, 894, 1493, 1, 1, 2, 2, 1, 0, 0, 0]),
 (12, [1994, 105, 0, 1, 0, 1602, 1185, 1, 0, 1, 3, 1, 2, 1, 1]),
 (12, [1434, 104, 1, 0, 1, 1136, 1824, 1, 0, 2, 2, 1, 0, 2, 0]),
 (12, [984, 91, 0, 0, 1, 937, 1973, 1, 1, 2, 1, 0, 0, 2, 0]),
 (16, [1373, 46, 1, 1, 0, 836, 1175, 1, 1, 2, 0, 1, 0, 1, 0]),
 (16, [830, 84, 1, 0, 0, 1975, 1430, 1, 0, 0, 0, 0, 0, 0, 0]),
 (16, [935, 108, 0, 1, 1, 722, 1983, 0, 1, 0, 0, 1, 0, 1, 0]),
 (16, [1198, 93, 0, 0, 1, 894, 1493, 1, 1, 2, 2, 1, 0, 0, 0]),
 (16, [1198, 93, 0, 0, 1, 894, 1493, 1, 1, 2, 2, 1, 0, 0, 0])]
population
[(999, [1769, 62, 1, 1, 0, 747, 661, 0, 0, 3, 1, 0, 0, 0, 0]),
 (999, [1685, 64, 0, 1, 1, 692, 1021, 0, 1, 2, 5, 0, 2, 2, 2]),
 (999, [1664, 52, 0, 1, 0, 1071, 1134, 1, 1, 0, 5, 0, 2, 0, 0]),
 (999, [1402, 108, 1, 1, 1, 1823, 1118, 1, 1, 3, 1, 0, 1, 1, 1]),
 (999, [1363, 48, 0, 0, 1, 1380, 1891, 0, 1, 3, 5, 1, 0, 2, 1]),
 (999, [1019, 19, 0, 1, 0, 1173, 1521, 0, 1, 3, 2, 1, 1, 0, 0]),
 (999, [973, 29, 0, 1, 0, 1631, 1670, 1, 1, 1, 5, 0, 2, 0, 1]),
 (999, [910, 110, 1, 0, 1, 647, 1547, 1, 0, 3, 3, 0, 2, 0, 1]),
 (999, [649, 92, 0, 0, 1, 1840, 1628, 0, 0, 1, 5, 0, 2, 1, 0]),
 (999, [629, 113, 0, 1, 0, 1294, 1436, 1, 1, 3, 1, 0, 0, 2, 1]),
 (16, [1939, 29, 1, 1, 0, 1499, 1390, 1, 0, 2, 2, 0, 1, 0, 2]),
 (16, [1917, 95, 1, 0, 1, 1287, 1971, 1, 0, 1, 2, 0, 0, 0, 1]),
 (16, [1630, 86, 1, 1, 1, 1454, 687, 1, 1, 2, 2, 0, 2, 2, 2]),
 (16, [1596, 94, 1, 0, 1, 706, 1085, 1, 0, 1, 0, 1, 1, 0, 1]),
 (16, [1571, 118, 1, 0, 1, 820, 1072, 0, 1, 2, 4, 1, 1, 1, 0]),
 (16, [1526, 113, 0, 1, 0, 849, 1631, 1, 0, 2, 0, 0, 2, 0, 2]),
 (16, [1495, 52, 1, 0, 0, 1944, 707, 1, 1, 2, 2, 0, 2, 2, 2]),
 (16, [1474, 40, 1, 1, 0, 1235, 1096, 0, 1, 1, 3, 1, 2, 1, 2]),
 (16, [1383, 10, 1, 0, 1, 573, 1852, 0, 1, 2, 0, 0, 2, 2, 1]),
 (16, [1373, 46, 1, 1, 0, 836, 1175, 1, 1, 2, 0, 1, 0, 1, 0]),
 (16, [1240, 89, 0, 0, 1, 1848, 687, 0, 0, 0, 0, 0, 2, 1, 2]),
 (16, [1198, 93, 0, 0, 1, 894, 1493, 1, 1, 2, 2, 1, 0, 0, 0]),
 (16, [1010, 67, 1, 0, 0, 890, 1945, 0, 0, 1, 1, 0, 1, 1, 1]),
 (16, [935, 108, 0, 1, 1, 722, 1983, 0, 1, 0, 0, 1, 0, 1, 0]),
 (16, [830, 84, 1, 0, 0, 1975, 1430, 1, 0, 0, 0, 0, 0, 0, 0]),
 (16, [724, 45, 0, 1, 1, 584, 1558, 1, 1, 2, 1, 0, 2, 1, 2]),
 (16, [638, 105, 0, 0, 0, 1769, 1044, 1, 1, 1, 0, 1, 1, 0, 2]),
 (12, [1994, 105, 0, 1, 0, 1602, 1185, 1, 0, 1, 3, 1, 2, 1, 1]),
 (12, [1618, 79, 0, 1, 0, 1329, 1743, 1, 1, 1, 3, 1, 0, 0, 0]),
 (12, [1568, 118, 1, 1, 0, 1758, 1633, 0, 1, 2, 0, 1, 2, 2, 0]),
 (12, [1434, 104, 1, 0, 1, 1136, 1824, 1, 0, 2, 2, 1, 0, 2, 0]),
 (12, [984, 91, 0, 0, 1, 937, 1973, 1, 1, 2, 1, 0, 0, 2, 0])]
scored
[(12, [984, 91, 0, 0, 1, 937, 1973, 1, 1, 2, 1, 0, 0, 2, 0]),
 (12, [1434, 104, 1, 0, 1, 1136, 1824, 1, 0, 2, 2, 1, 0, 2, 0]),
 (12, [1568, 118, 1, 1, 0, 1758, 1633, 0, 1, 2, 0, 1, 2, 2, 0]),
 (12, [1618, 79, 0, 1, 0, 1329, 1743, 1, 1, 1, 3, 1, 0, 0, 0]),
 (12, [1994, 105, 0, 1, 0, 1602, 1185, 1, 0, 1, 3, 1, 2, 1, 1]),
 (16, [638, 105, 0, 0, 0, 1769, 1044, 1, 1, 1, 0, 1, 1, 0, 2]),
 (16, [724, 45, 0, 1, 1, 584, 1558, 1, 1, 2, 1, 0, 2, 1, 2]),
 (16, [830, 84, 1, 0, 0, 1975, 1430, 1, 0, 0, 0, 0, 0, 0, 0]),
 (16, [935, 108, 0, 1, 1, 722, 1983, 0, 1, 0, 0, 1, 0, 1, 0]),
 (16, [1010, 67, 1, 0, 0, 890, 1945, 0, 0, 1, 1, 0, 1, 1, 1]),
 (16, [1198, 93, 0, 0, 1, 894, 1493, 1, 1, 2, 2, 1, 0, 0, 0]),
 (16, [1240, 89, 0, 0, 1, 1848, 687, 0, 0, 0, 0, 0, 2, 1, 2]),
 (16, [1373, 46, 1, 1, 0, 836, 1175, 1, 1, 2, 0, 1, 0, 1, 0]),
 (16, [1383, 10, 1, 0, 1, 573, 1852, 0, 1, 2, 0, 0, 2, 2, 1]),
 (16, [1474, 40, 1, 1, 0, 1235, 1096, 0, 1, 1, 3, 1, 2, 1, 2]),
 (16, [1495, 52, 1, 0, 0, 1944, 707, 1, 1, 2, 2, 0, 2, 2, 2]),
 (16, [1526, 113, 0, 1, 0, 849, 1631, 1, 0, 2, 0, 0, 2, 0, 2]),
 (16, [1571, 118, 1, 0, 1, 820, 1072, 0, 1, 2, 4, 1, 1, 1, 0]),
 (16, [1596, 94, 1, 0, 1, 706, 1085, 1, 0, 1, 0, 1, 1, 0, 1]),
 (16, [1630, 86, 1, 1, 1, 1454, 687, 1, 1, 2, 2, 0, 2, 2, 2]),
 (16, [1917, 95, 1, 0, 1, 1287, 1971, 1, 0, 1, 2, 0, 0, 0, 1]),
 (16, [1939, 29, 1, 1, 0, 1499, 1390, 1, 0, 2, 2, 0, 1, 0, 2]),
 (999, [629, 113, 0, 1, 0, 1294, 1436, 1, 1, 3, 1, 0, 0, 2, 1]),
 (999, [649, 92, 0, 0, 1, 1840, 1628, 0, 0, 1, 5, 0, 2, 1, 0]),
 (999, [910, 110, 1, 0, 1, 647, 1547, 1, 0, 3, 3, 0, 2, 0, 1]),
 (999, [973, 29, 0, 1, 0, 1631, 1670, 1, 1, 1, 5, 0, 2, 0, 1]),
 (999, [1019, 19, 0, 1, 0, 1173, 1521, 0, 1, 3, 2, 1, 1, 0, 0]),
 (999, [1363, 48, 0, 0, 1, 1380, 1891, 0, 1, 3, 5, 1, 0, 2, 1]),
 (999, [1402, 108, 1, 1, 1, 1823, 1118, 1, 1, 3, 1, 0, 1, 1, 1]),
 (999, [1664, 52, 0, 1, 0, 1071, 1134, 1, 1, 0, 5, 0, 2, 0, 0]),
 (999, [1685, 64, 0, 1, 1, 692, 1021, 0, 1, 2, 5, 0, 2, 2, 2]),
 (999, [1769, 62, 1, 1, 0, 747, 661, 0, 0, 3, 1, 0, 0, 0, 0])]
Selected
[(16, [724, 45, 0, 1, 1, 584, 1558, 1, 1, 2, 1, 0, 2, 1, 2]),
 (16, [638, 105, 0, 0, 0, 1769, 1044, 1, 1, 1, 0, 1, 1, 0, 2]),
 (12, [984, 91, 0, 0, 1, 937, 1973, 1, 1, 2, 1, 0, 0, 2, 0]),
 (16, [830, 84, 1, 0, 0, 1975, 1430, 1, 0, 0, 0, 0, 0, 0, 0]),
 (16, [1240, 89, 0, 0, 1, 1848, 687, 0, 0, 0, 0, 0, 2, 1, 2]),
 (12, [1434, 104, 1, 0, 1, 1136, 1824, 1, 0, 2, 2, 1, 0, 2, 0]),
 (16, [830, 84, 1, 0, 0, 1975, 1430, 1, 0, 0, 0, 0, 0, 0, 0]),
 (16, [830, 84, 1, 0, 0, 1975, 1430, 1, 0, 0, 0, 0, 0, 0, 0]),
 (12, [1434, 104, 1, 0, 1, 1136, 1824, 1, 0, 2, 2, 1, 0, 2, 0]),
 (12, [1994, 105, 0, 1, 0, 1602, 1185, 1, 0, 1, 3, 1, 2, 1, 1]),
 (16, [1373, 46, 1, 1, 0, 836, 1175, 1, 1, 2, 0, 1, 0, 1, 0]),
 (12, [984, 91, 0, 0, 1, 937, 1973, 1, 1, 2, 1, 0, 0, 2, 0]),
 (12, [1994, 105, 0, 1, 0, 1602, 1185, 1, 0, 1, 3, 1, 2, 1, 1]),
 (12, [1618, 79, 0, 1, 0, 1329, 1743, 1, 1, 1, 3, 1, 0, 0, 0]),
 (12, [1994, 105, 0, 1, 0, 1602, 1185, 1, 0, 1, 3, 1, 2, 1, 1]),
 (12, [1568, 118, 1, 1, 0, 1758, 1633, 0, 1, 2, 0, 1, 2, 2, 0]),
 (12, [984, 91, 0, 0, 1, 937, 1973, 1, 1, 2, 1, 0, 0, 2, 0]),
 (16, [724, 45, 0, 1, 1, 584, 1558, 1, 1, 2, 1, 0, 2, 1, 2]),
 (12, [1618, 79, 0, 1, 0, 1329, 1743, 1, 1, 1, 3, 1, 0, 0, 0]),
 (16, [724, 45, 0, 1, 1, 584, 1558, 1, 1, 2, 1, 0, 2, 1, 2]),
 (12, [1434, 104, 1, 0, 1, 1136, 1824, 1, 0, 2, 2, 1, 0, 2, 0]),
 (12, [1568, 118, 1, 1, 0, 1758, 1633, 0, 1, 2, 0, 1, 2, 2, 0]),
 (16, [638, 105, 0, 0, 0, 1769, 1044, 1, 1, 1, 0, 1, 1, 0, 2]),
 (12, [984, 91, 0, 0, 1, 937, 1973, 1, 1, 2, 1, 0, 0, 2, 0]),
 (16, [830, 84, 1, 0, 0, 1975, 1430, 1, 0, 0, 0, 0, 0, 0, 0]),
 (12, [984, 91, 0, 0, 1, 937, 1973, 1, 1, 2, 1, 0, 0, 2, 0]),
 (12, [1618, 79, 0, 1, 0, 1329, 1743, 1, 1, 1, 3, 1, 0, 0, 0])]
population
[(999, [1769, 62, 1, 1, 0, 747, 661, 0, 0, 3, 1, 0, 0, 0, 0]),
 (999, [1685, 64, 0, 1, 1, 692, 1021, 0, 1, 2, 5, 0, 2, 2, 2]),
 (999, [1664, 52, 0, 1, 0, 1071, 1134, 1, 1, 0, 5, 0, 2, 0, 0]),
 (999, [1402, 108, 1, 1, 1, 1823, 1118, 1, 1, 3, 1, 0, 1, 1, 1]),
 (999, [1363, 48, 0, 0, 1, 1380, 1891, 0, 1, 3, 5, 1, 0, 2, 1]),
 (999, [1019, 19, 0, 1, 0, 1173, 1521, 0, 1, 3, 2, 1, 1, 0, 0]),
 (999, [973, 29, 0, 1, 0, 1631, 1670, 1, 1, 1, 5, 0, 2, 0, 1]),
 (999, [910, 110, 1, 0, 1, 647, 1547, 1, 0, 3, 3, 0, 2, 0, 1]),
 (999, [649, 92, 0, 0, 1, 1840, 1628, 0, 0, 1, 5, 0, 2, 1, 0]),
 (999, [629, 113, 0, 1, 0, 1294, 1436, 1, 1, 3, 1, 0, 0, 2, 1]),
 (16, [1939, 29, 1, 1, 0, 1499, 1390, 1, 0, 2, 2, 0, 1, 0, 2]),
 (16, [1917, 95, 1, 0, 1, 1287, 1971, 1, 0, 1, 2, 0, 0, 0, 1]),
 (16, [1630, 86, 1, 1, 1, 1454, 687, 1, 1, 2, 2, 0, 2, 2, 2]),
 (16, [1596, 94, 1, 0, 1, 706, 1085, 1, 0, 1, 0, 1, 1, 0, 1]),
 (16, [1571, 118, 1, 0, 1, 820, 1072, 0, 1, 2, 4, 1, 1, 1, 0]),
 (16, [1526, 113, 0, 1, 0, 849, 1631, 1, 0, 2, 0, 0, 2, 0, 2]),
 (16, [1495, 52, 1, 0, 0, 1944, 707, 1, 1, 2, 2, 0, 2, 2, 2]),
 (16, [1474, 40, 1, 1, 0, 1235, 1096, 0, 1, 1, 3, 1, 2, 1, 2]),
 (16, [1383, 10, 1, 0, 1, 573, 1852, 0, 1, 2, 0, 0, 2, 2, 1]),
 (16, [1373, 46, 1, 1, 0, 836, 1175, 1, 1, 2, 0, 1, 0, 1, 0]),
 (16, [1240, 89, 0, 0, 1, 1848, 687, 0, 0, 0, 0, 0, 2, 1, 2]),
 (16, [1198, 93, 0, 0, 1, 894, 1493, 1, 1, 2, 2, 1, 0, 0, 0]),
 (16, [1010, 67, 1, 0, 0, 890, 1945, 0, 0, 1, 1, 0, 1, 1, 1]),
 (16, [935, 108, 0, 1, 1, 722, 1983, 0, 1, 0, 0, 1, 0, 1, 0]),
 (16, [830, 84, 1, 0, 0, 1975, 1430, 1, 0, 0, 0, 0, 0, 0, 0]),
 (16, [724, 45, 0, 1, 1, 584, 1558, 1, 1, 2, 1, 0, 2, 1, 2]),
 (16, [638, 105, 0, 0, 0, 1769, 1044, 1, 1, 1, 0, 1, 1, 0, 2]),
 (12, [1994, 105, 0, 1, 0, 1602, 1185, 1, 0, 1, 3, 1, 2, 1, 1]),
 (12, [1618, 79, 0, 1, 0, 1329, 1743, 1, 1, 1, 3, 1, 0, 0, 0]),
 (12, [1568, 118, 1, 1, 0, 1758, 1633, 0, 1, 2, 0, 1, 2, 2, 0]),
 (12, [1434, 104, 1, 0, 1, 1136, 1824, 1, 0, 2, 2, 1, 0, 2, 0]),
 (12, [984, 91, 0, 0, 1, 937, 1973, 1, 1, 2, 1, 0, 0, 2, 0])]
scored
[(12, [984, 91, 0, 0, 1, 937, 1973, 1, 1, 2, 1, 0, 0, 2, 0]),
 (12, [1434, 104, 1, 0, 1, 1136, 1824, 1, 0, 2, 2, 1, 0, 2, 0]),
 (12, [1568, 118, 1, 1, 0, 1758, 1633, 0, 1, 2, 0, 1, 2, 2, 0]),
 (12, [1618, 79, 0, 1, 0, 1329, 1743, 1, 1, 1, 3, 1, 0, 0, 0]),
 (12, [1994, 105, 0, 1, 0, 1602, 1185, 1, 0, 1, 3, 1, 2, 1, 1]),
 (16, [638, 105, 0, 0, 0, 1769, 1044, 1, 1, 1, 0, 1, 1, 0, 2]),
 (16, [724, 45, 0, 1, 1, 584, 1558, 1, 1, 2, 1, 0, 2, 1, 2]),
 (16, [830, 84, 1, 0, 0, 1975, 1430, 1, 0, 0, 0, 0, 0, 0, 0]),
 (16, [935, 108, 0, 1, 1, 722, 1983, 0, 1, 0, 0, 1, 0, 1, 0]),
 (16, [1010, 67, 1, 0, 0, 890, 1945, 0, 0, 1, 1, 0, 1, 1, 1]),
 (16, [1198, 93, 0, 0, 1, 894, 1493, 1, 1, 2, 2, 1, 0, 0, 0]),
 (16, [1240, 89, 0, 0, 1, 1848, 687, 0, 0, 0, 0, 0, 2, 1, 2]),
 (16, [1373, 46, 1, 1, 0, 836, 1175, 1, 1, 2, 0, 1, 0, 1, 0]),
 (16, [1383, 10, 1, 0, 1, 573, 1852, 0, 1, 2, 0, 0, 2, 2, 1]),
 (16, [1474, 40, 1, 1, 0, 1235, 1096, 0, 1, 1, 3, 1, 2, 1, 2]),
 (16, [1495, 52, 1, 0, 0, 1944, 707, 1, 1, 2, 2, 0, 2, 2, 2]),
 (16, [1526, 113, 0, 1, 0, 849, 1631, 1, 0, 2, 0, 0, 2, 0, 2]),
 (16, [1571, 118, 1, 0, 1, 820, 1072, 0, 1, 2, 4, 1, 1, 1, 0]),
 (16, [1596, 94, 1, 0, 1, 706, 1085, 1, 0, 1, 0, 1, 1, 0, 1]),
 (16, [1630, 86, 1, 1, 1, 1454, 687, 1, 1, 2, 2, 0, 2, 2, 2]),
 (16, [1917, 95, 1, 0, 1, 1287, 1971, 1, 0, 1, 2, 0, 0, 0, 1]),
 (16, [1939, 29, 1, 1, 0, 1499, 1390, 1, 0, 2, 2, 0, 1, 0, 2]),
 (999, [629, 113, 0, 1, 0, 1294, 1436, 1, 1, 3, 1, 0, 0, 2, 1]),
 (999, [649, 92, 0, 0, 1, 1840, 1628, 0, 0, 1, 5, 0, 2, 1, 0]),
 (999, [910, 110, 1, 0, 1, 647, 1547, 1, 0, 3, 3, 0, 2, 0, 1]),
 (999, [973, 29, 0, 1, 0, 1631, 1670, 1, 1, 1, 5, 0, 2, 0, 1]),
 (999, [1019, 19, 0, 1, 0, 1173, 1521, 0, 1, 3, 2, 1, 1, 0, 0]),
 (999, [1363, 48, 0, 0, 1, 1380, 1891, 0, 1, 3, 5, 1, 0, 2, 1]),
 (999, [1402, 108, 1, 1, 1, 1823, 1118, 1, 1, 3, 1, 0, 1, 1, 1]),
 (999, [1664, 52, 0, 1, 0, 1071, 1134, 1, 1, 0, 5, 0, 2, 0, 0]),
 (999, [1685, 64, 0, 1, 1, 692, 1021, 0, 1, 2, 5, 0, 2, 2, 2]),
 (999, [1769, 62, 1, 1, 0, 747, 661, 0, 0, 3, 1, 0, 0, 0, 0])]
Selected
[(12, [1568, 118, 1, 1, 0, 1758, 1633, 0, 1, 2, 0, 1, 2, 2, 0]),
 (12, [1618, 79, 0, 1, 0, 1329, 1743, 1, 1, 1, 3, 1, 0, 0, 0]),
 (12, [1568, 118, 1, 1, 0, 1758, 1633, 0, 1, 2, 0, 1, 2, 2, 0]),
 (12, [984, 91, 0, 0, 1, 937, 1973, 1, 1, 2, 1, 0, 0, 2, 0]),
 (16, [1010, 67, 1, 0, 0, 890, 1945, 0, 0, 1, 1, 0, 1, 1, 1]),
 (12, [1568, 118, 1, 1, 0, 1758, 1633, 0, 1, 2, 0, 1, 2, 2, 0]),
 (12, [1568, 118, 1, 1, 0, 1758, 1633, 0, 1, 2, 0, 1, 2, 2, 0]),
 (16, [1383, 10, 1, 0, 1, 573, 1852, 0, 1, 2, 0, 0, 2, 2, 1]),
 (12, [1568, 118, 1, 1, 0, 1758, 1633, 0, 1, 2, 0, 1, 2, 2, 0]),
 (12, [984, 91, 0, 0, 1, 937, 1973, 1, 1, 2, 1, 0, 0, 2, 0]),
 (12, [1568, 118, 1, 1, 0, 1758, 1633, 0, 1, 2, 0, 1, 2, 2, 0]),
 (12, [1568, 118, 1, 1, 0, 1758, 1633, 0, 1, 2, 0, 1, 2, 2, 0]),
 (16, [1198, 93, 0, 0, 1, 894, 1493, 1, 1, 2, 2, 1, 0, 0, 0]),
 (12, [1434, 104, 1, 0, 1, 1136, 1824, 1, 0, 2, 2, 1, 0, 2, 0]),
 (12, [1568, 118, 1, 1, 0, 1758, 1633, 0, 1, 2, 0, 1, 2, 2, 0]),
 (12, [1994, 105, 0, 1, 0, 1602, 1185, 1, 0, 1, 3, 1, 2, 1, 1]),
 (16, [1373, 46, 1, 1, 0, 836, 1175, 1, 1, 2, 0, 1, 0, 1, 0]),
 (12, [1994, 105, 0, 1, 0, 1602, 1185, 1, 0, 1, 3, 1, 2, 1, 1]),
 (12, [1434, 104, 1, 0, 1, 1136, 1824, 1, 0, 2, 2, 1, 0, 2, 0]),
 (12, [1568, 118, 1, 1, 0, 1758, 1633, 0, 1, 2, 0, 1, 2, 2, 0]),
 (12, [1994, 105, 0, 1, 0, 1602, 1185, 1, 0, 1, 3, 1, 2, 1, 1]),
 (12, [1994, 105, 0, 1, 0, 1602, 1185, 1, 0, 1, 3, 1, 2, 1, 1]),
 (16, [1383, 10, 1, 0, 1, 573, 1852, 0, 1, 2, 0, 0, 2, 2, 1]),
 (12, [1618, 79, 0, 1, 0, 1329, 1743, 1, 1, 1, 3, 1, 0, 0, 0]),
 (12, [1618, 79, 0, 1, 0, 1329, 1743, 1, 1, 1, 3, 1, 0, 0, 0]),
 (12, [984, 91, 0, 0, 1, 937, 1973, 1, 1, 2, 1, 0, 0, 2, 0]),
 (12, [1434, 104, 1, 0, 1, 1136, 1824, 1, 0, 2, 2, 1, 0, 2, 0])]
population
[(999, [1769, 62, 1, 1, 0, 747, 661, 0, 0, 3, 1, 0, 0, 0, 0]),
 (999, [1685, 64, 0, 1, 1, 692, 1021, 0, 1, 2, 5, 0, 2, 2, 2]),
 (999, [1664, 52, 0, 1, 0, 1071, 1134, 1, 1, 0, 5, 0, 2, 0, 0]),
 (999, [1402, 108, 1, 1, 1, 1823, 1118, 1, 1, 3, 1, 0, 1, 1, 1]),
 (999, [1363, 48, 0, 0, 1, 1380, 1891, 0, 1, 3, 5, 1, 0, 2, 1]),
 (999, [1019, 19, 0, 1, 0, 1173, 1521, 0, 1, 3, 2, 1, 1, 0, 0]),
 (999, [973, 29, 0, 1, 0, 1631, 1670, 1, 1, 1, 5, 0, 2, 0, 1]),
 (999, [910, 110, 1, 0, 1, 647, 1547, 1, 0, 3, 3, 0, 2, 0, 1]),
 (999, [649, 92, 0, 0, 1, 1840, 1628, 0, 0, 1, 5, 0, 2, 1, 0]),
 (999, [629, 113, 0, 1, 0, 1294, 1436, 1, 1, 3, 1, 0, 0, 2, 1]),
 (16, [1939, 29, 1, 1, 0, 1499, 1390, 1, 0, 2, 2, 0, 1, 0, 2]),
 (16, [1917, 95, 1, 0, 1, 1287, 1971, 1, 0, 1, 2, 0, 0, 0, 1]),
 (16, [1630, 86, 1, 1, 1, 1454, 687, 1, 1, 2, 2, 0, 2, 2, 2]),
 (16, [1596, 94, 1, 0, 1, 706, 1085, 1, 0, 1, 0, 1, 1, 0, 1]),
 (16, [1571, 118, 1, 0, 1, 820, 1072, 0, 1, 2, 4, 1, 1, 1, 0]),
 (16, [1526, 113, 0, 1, 0, 849, 1631, 1, 0, 2, 0, 0, 2, 0, 2]),
 (16, [1495, 52, 1, 0, 0, 1944, 707, 1, 1, 2, 2, 0, 2, 2, 2]),
 (16, [1474, 40, 1, 1, 0, 1235, 1096, 0, 1, 1, 3, 1, 2, 1, 2]),
 (16, [1383, 10, 1, 0, 1, 573, 1852, 0, 1, 2, 0, 0, 2, 2, 1]),
 (16, [1373, 46, 1, 1, 0, 836, 1175, 1, 1, 2, 0, 1, 0, 1, 0]),
 (16, [1240, 89, 0, 0, 1, 1848, 687, 0, 0, 0, 0, 0, 2, 1, 2]),
 (16, [1198, 93, 0, 0, 1, 894, 1493, 1, 1, 2, 2, 1, 0, 0, 0]),
 (16, [1010, 67, 1, 0, 0, 890, 1945, 0, 0, 1, 1, 0, 1, 1, 1]),
 (16, [935, 108, 0, 1, 1, 722, 1983, 0, 1, 0, 0, 1, 0, 1, 0]),
 (16, [830, 84, 1, 0, 0, 1975, 1430, 1, 0, 0, 0, 0, 0, 0, 0]),
 (16, [724, 45, 0, 1, 1, 584, 1558, 1, 1, 2, 1, 0, 2, 1, 2]),
 (16, [638, 105, 0, 0, 0, 1769, 1044, 1, 1, 1, 0, 1, 1, 0, 2]),
 (12, [1994, 105, 0, 1, 0, 1602, 1185, 1, 0, 1, 3, 1, 2, 1, 1]),
 (12, [1618, 79, 0, 1, 0, 1329, 1743, 1, 1, 1, 3, 1, 0, 0, 0]),
 (12, [1568, 118, 1, 1, 0, 1758, 1633, 0, 1, 2, 0, 1, 2, 2, 0]),
 (12, [1434, 104, 1, 0, 1, 1136, 1824, 1, 0, 2, 2, 1, 0, 2, 0]),
 (12, [984, 91, 0, 0, 1, 937, 1973, 1, 1, 2, 1, 0, 0, 2, 0])]
scored
[(12, [984, 91, 0, 0, 1, 937, 1973, 1, 1, 2, 1, 0, 0, 2, 0]),
 (12, [1434, 104, 1, 0, 1, 1136, 1824, 1, 0, 2, 2, 1, 0, 2, 0]),
 (12, [1568, 118, 1, 1, 0, 1758, 1633, 0, 1, 2, 0, 1, 2, 2, 0]),
 (12, [1618, 79, 0, 1, 0, 1329, 1743, 1, 1, 1, 3, 1, 0, 0, 0]),
 (12, [1994, 105, 0, 1, 0, 1602, 1185, 1, 0, 1, 3, 1, 2, 1, 1]),
 (16, [638, 105, 0, 0, 0, 1769, 1044, 1, 1, 1, 0, 1, 1, 0, 2]),
 (16, [724, 45, 0, 1, 1, 584, 1558, 1, 1, 2, 1, 0, 2, 1, 2]),
 (16, [830, 84, 1, 0, 0, 1975, 1430, 1, 0, 0, 0, 0, 0, 0, 0]),
 (16, [935, 108, 0, 1, 1, 722, 1983, 0, 1, 0, 0, 1, 0, 1, 0]),
 (16, [1010, 67, 1, 0, 0, 890, 1945, 0, 0, 1, 1, 0, 1, 1, 1]),
 (16, [1198, 93, 0, 0, 1, 894, 1493, 1, 1, 2, 2, 1, 0, 0, 0]),
 (16, [1240, 89, 0, 0, 1, 1848, 687, 0, 0, 0, 0, 0, 2, 1, 2]),
 (16, [1373, 46, 1, 1, 0, 836, 1175, 1, 1, 2, 0, 1, 0, 1, 0]),
 (16, [1383, 10, 1, 0, 1, 573, 1852, 0, 1, 2, 0, 0, 2, 2, 1]),
 (16, [1474, 40, 1, 1, 0, 1235, 1096, 0, 1, 1, 3, 1, 2, 1, 2]),
 (16, [1495, 52, 1, 0, 0, 1944, 707, 1, 1, 2, 2, 0, 2, 2, 2]),
 (16, [1526, 113, 0, 1, 0, 849, 1631, 1, 0, 2, 0, 0, 2, 0, 2]),
 (16, [1571, 118, 1, 0, 1, 820, 1072, 0, 1, 2, 4, 1, 1, 1, 0]),
 (16, [1596, 94, 1, 0, 1, 706, 1085, 1, 0, 1, 0, 1, 1, 0, 1]),
 (16, [1630, 86, 1, 1, 1, 1454, 687, 1, 1, 2, 2, 0, 2, 2, 2]),
 (16, [1917, 95, 1, 0, 1, 1287, 1971, 1, 0, 1, 2, 0, 0, 0, 1]),
 (16, [1939, 29, 1, 1, 0, 1499, 1390, 1, 0, 2, 2, 0, 1, 0, 2]),
 (999, [629, 113, 0, 1, 0, 1294, 1436, 1, 1, 3, 1, 0, 0, 2, 1]),
 (999, [649, 92, 0, 0, 1, 1840, 1628, 0, 0, 1, 5, 0, 2, 1, 0]),
 (999, [910, 110, 1, 0, 1, 647, 1547, 1, 0, 3, 3, 0, 2, 0, 1]),
 (999, [973, 29, 0, 1, 0, 1631, 1670, 1, 1, 1, 5, 0, 2, 0, 1]),
 (999, [1019, 19, 0, 1, 0, 1173, 1521, 0, 1, 3, 2, 1, 1, 0, 0]),
 (999, [1363, 48, 0, 0, 1, 1380, 1891, 0, 1, 3, 5, 1, 0, 2, 1]),
 (999, [1402, 108, 1, 1, 1, 1823, 1118, 1, 1, 3, 1, 0, 1, 1, 1]),
 (999, [1664, 52, 0, 1, 0, 1071, 1134, 1, 1, 0, 5, 0, 2, 0, 0]),
 (999, [1685, 64, 0, 1, 1, 692, 1021, 0, 1, 2, 5, 0, 2, 2, 2]),
 (999, [1769, 62, 1, 1, 0, 747, 661, 0, 0, 3, 1, 0, 0, 0, 0])]
Selected
[(12, [1568, 118, 1, 1, 0, 1758, 1633, 0, 1, 2, 0, 1, 2, 2, 0]),
 (12, [984, 91, 0, 0, 1, 937, 1973, 1, 1, 2, 1, 0, 0, 2, 0]),
 (12, [1568, 118, 1, 1, 0, 1758, 1633, 0, 1, 2, 0, 1, 2, 2, 0]),
 (12, [1434, 104, 1, 0, 1, 1136, 1824, 1, 0, 2, 2, 1, 0, 2, 0]),
 (12, [984, 91, 0, 0, 1, 937, 1973, 1, 1, 2, 1, 0, 0, 2, 0]),
 (16, [1495, 52, 1, 0, 0, 1944, 707, 1, 1, 2, 2, 0, 2, 2, 2]),
 (16, [935, 108, 0, 1, 1, 722, 1983, 0, 1, 0, 0, 1, 0, 1, 0]),
 (12, [1568, 118, 1, 1, 0, 1758, 1633, 0, 1, 2, 0, 1, 2, 2, 0]),
 (12, [984, 91, 0, 0, 1, 937, 1973, 1, 1, 2, 1, 0, 0, 2, 0]),
 (12, [1434, 104, 1, 0, 1, 1136, 1824, 1, 0, 2, 2, 1, 0, 2, 0]),
 (12, [984, 91, 0, 0, 1, 937, 1973, 1, 1, 2, 1, 0, 0, 2, 0]),
 (16, [638, 105, 0, 0, 0, 1769, 1044, 1, 1, 1, 0, 1, 1, 0, 2]),
 (16, [638, 105, 0, 0, 0, 1769, 1044, 1, 1, 1, 0, 1, 1, 0, 2]),
 (16, [724, 45, 0, 1, 1, 584, 1558, 1, 1, 2, 1, 0, 2, 1, 2]),
 (16, [1240, 89, 0, 0, 1, 1848, 687, 0, 0, 0, 0, 0, 2, 1, 2]),
 (12, [1434, 104, 1, 0, 1, 1136, 1824, 1, 0, 2, 2, 1, 0, 2, 0]),
 (16, [1495, 52, 1, 0, 0, 1944, 707, 1, 1, 2, 2, 0, 2, 2, 2]),
 (12, [1434, 104, 1, 0, 1, 1136, 1824, 1, 0, 2, 2, 1, 0, 2, 0]),
 (16, [724, 45, 0, 1, 1, 584, 1558, 1, 1, 2, 1, 0, 2, 1, 2]),
 (12, [984, 91, 0, 0, 1, 937, 1973, 1, 1, 2, 1, 0, 0, 2, 0]),
 (12, [984, 91, 0, 0, 1, 937, 1973, 1, 1, 2, 1, 0, 0, 2, 0]),
 (12, [1568, 118, 1, 1, 0, 1758, 1633, 0, 1, 2, 0, 1, 2, 2, 0]),
 (12, [1568, 118, 1, 1, 0, 1758, 1633, 0, 1, 2, 0, 1, 2, 2, 0]),
 (16, [830, 84, 1, 0, 0, 1975, 1430, 1, 0, 0, 0, 0, 0, 0, 0]),
 (16, [1240, 89, 0, 0, 1, 1848, 687, 0, 0, 0, 0, 0, 2, 1, 2]),
 (12, [1568, 118, 1, 1, 0, 1758, 1633, 0, 1, 2, 0, 1, 2, 2, 0]),
 (16, [638, 105, 0, 0, 0, 1769, 1044, 1, 1, 1, 0, 1, 1, 0, 2])]
population
[(999, [1769, 62, 1, 1, 0, 747, 661, 0, 0, 3, 1, 0, 0, 0, 0]),
 (999, [1685, 64, 0, 1, 1, 692, 1021, 0, 1, 2, 5, 0, 2, 2, 2]),
 (999, [1664, 52, 0, 1, 0, 1071, 1134, 1, 1, 0, 5, 0, 2, 0, 0]),
 (999, [1402, 108, 1, 1, 1, 1823, 1118, 1, 1, 3, 1, 0, 1, 1, 1]),
 (999, [1363, 48, 0, 0, 1, 1380, 1891, 0, 1, 3, 5, 1, 0, 2, 1]),
 (999, [1019, 19, 0, 1, 0, 1173, 1521, 0, 1, 3, 2, 1, 1, 0, 0]),
 (999, [973, 29, 0, 1, 0, 1631, 1670, 1, 1, 1, 5, 0, 2, 0, 1]),
 (999, [910, 110, 1, 0, 1, 647, 1547, 1, 0, 3, 3, 0, 2, 0, 1]),
 (999, [649, 92, 0, 0, 1, 1840, 1628, 0, 0, 1, 5, 0, 2, 1, 0]),
 (999, [629, 113, 0, 1, 0, 1294, 1436, 1, 1, 3, 1, 0, 0, 2, 1]),
 (16, [1939, 29, 1, 1, 0, 1499, 1390, 1, 0, 2, 2, 0, 1, 0, 2]),
 (16, [1917, 95, 1, 0, 1, 1287, 1971, 1, 0, 1, 2, 0, 0, 0, 1]),
 (16, [1630, 86, 1, 1, 1, 1454, 687, 1, 1, 2, 2, 0, 2, 2, 2]),
 (16, [1596, 94, 1, 0, 1, 706, 1085, 1, 0, 1, 0, 1, 1, 0, 1]),
 (16, [1571, 118, 1, 0, 1, 820, 1072, 0, 1, 2, 4, 1, 1, 1, 0]),
 (16, [1526, 113, 0, 1, 0, 849, 1631, 1, 0, 2, 0, 0, 2, 0, 2]),
 (16, [1495, 52, 1, 0, 0, 1944, 707, 1, 1, 2, 2, 0, 2, 2, 2]),
 (16, [1474, 40, 1, 1, 0, 1235, 1096, 0, 1, 1, 3, 1, 2, 1, 2]),
 (16, [1383, 10, 1, 0, 1, 573, 1852, 0, 1, 2, 0, 0, 2, 2, 1]),
 (16, [1373, 46, 1, 1, 0, 836, 1175, 1, 1, 2, 0, 1, 0, 1, 0]),
 (16, [1240, 89, 0, 0, 1, 1848, 687, 0, 0, 0, 0, 0, 2, 1, 2]),
 (16, [1198, 93, 0, 0, 1, 894, 1493, 1, 1, 2, 2, 1, 0, 0, 0]),
 (16, [1010, 67, 1, 0, 0, 890, 1945, 0, 0, 1, 1, 0, 1, 1, 1]),
 (16, [935, 108, 0, 1, 1, 722, 1983, 0, 1, 0, 0, 1, 0, 1, 0]),
 (16, [830, 84, 1, 0, 0, 1975, 1430, 1, 0, 0, 0, 0, 0, 0, 0]),
 (16, [724, 45, 0, 1, 1, 584, 1558, 1, 1, 2, 1, 0, 2, 1, 2]),
 (16, [638, 105, 0, 0, 0, 1769, 1044, 1, 1, 1, 0, 1, 1, 0, 2]),
 (12, [1994, 105, 0, 1, 0, 1602, 1185, 1, 0, 1, 3, 1, 2, 1, 1]),
 (12, [1618, 79, 0, 1, 0, 1329, 1743, 1, 1, 1, 3, 1, 0, 0, 0]),
 (12, [1568, 118, 1, 1, 0, 1758, 1633, 0, 1, 2, 0, 1, 2, 2, 0]),
 (12, [1434, 104, 1, 0, 1, 1136, 1824, 1, 0, 2, 2, 1, 0, 2, 0]),
 (12, [984, 91, 0, 0, 1, 937, 1973, 1, 1, 2, 1, 0, 0, 2, 0])]
scored
[(12, [984, 91, 0, 0, 1, 937, 1973, 1, 1, 2, 1, 0, 0, 2, 0]),
 (12, [1434, 104, 1, 0, 1, 1136, 1824, 1, 0, 2, 2, 1, 0, 2, 0]),
 (12, [1568, 118, 1, 1, 0, 1758, 1633, 0, 1, 2, 0, 1, 2, 2, 0]),
 (12, [1618, 79, 0, 1, 0, 1329, 1743, 1, 1, 1, 3, 1, 0, 0, 0]),
 (12, [1994, 105, 0, 1, 0, 1602, 1185, 1, 0, 1, 3, 1, 2, 1, 1]),
 (16, [638, 105, 0, 0, 0, 1769, 1044, 1, 1, 1, 0, 1, 1, 0, 2]),
 (16, [724, 45, 0, 1, 1, 584, 1558, 1, 1, 2, 1, 0, 2, 1, 2]),
 (16, [830, 84, 1, 0, 0, 1975, 1430, 1, 0, 0, 0, 0, 0, 0, 0]),
 (16, [935, 108, 0, 1, 1, 722, 1983, 0, 1, 0, 0, 1, 0, 1, 0]),
 (16, [1010, 67, 1, 0, 0, 890, 1945, 0, 0, 1, 1, 0, 1, 1, 1]),
 (16, [1198, 93, 0, 0, 1, 894, 1493, 1, 1, 2, 2, 1, 0, 0, 0]),
 (16, [1240, 89, 0, 0, 1, 1848, 687, 0, 0, 0, 0, 0, 2, 1, 2]),
 (16, [1373, 46, 1, 1, 0, 836, 1175, 1, 1, 2, 0, 1, 0, 1, 0]),
 (16, [1383, 10, 1, 0, 1, 573, 1852, 0, 1, 2, 0, 0, 2, 2, 1]),
 (16, [1474, 40, 1, 1, 0, 1235, 1096, 0, 1, 1, 3, 1, 2, 1, 2]),
 (16, [1495, 52, 1, 0, 0, 1944, 707, 1, 1, 2, 2, 0, 2, 2, 2]),
 (16, [1526, 113, 0, 1, 0, 849, 1631, 1, 0, 2, 0, 0, 2, 0, 2]),
 (16, [1571, 118, 1, 0, 1, 820, 1072, 0, 1, 2, 4, 1, 1, 1, 0]),
 (16, [1596, 94, 1, 0, 1, 706, 1085, 1, 0, 1, 0, 1, 1, 0, 1]),
 (16, [1630, 86, 1, 1, 1, 1454, 687, 1, 1, 2, 2, 0, 2, 2, 2]),
 (16, [1917, 95, 1, 0, 1, 1287, 1971, 1, 0, 1, 2, 0, 0, 0, 1]),
 (16, [1939, 29, 1, 1, 0, 1499, 1390, 1, 0, 2, 2, 0, 1, 0, 2]),
 (999, [629, 113, 0, 1, 0, 1294, 1436, 1, 1, 3, 1, 0, 0, 2, 1]),
 (999, [649, 92, 0, 0, 1, 1840, 1628, 0, 0, 1, 5, 0, 2, 1, 0]),
 (999, [910, 110, 1, 0, 1, 647, 1547, 1, 0, 3, 3, 0, 2, 0, 1]),
 (999, [973, 29, 0, 1, 0, 1631, 1670, 1, 1, 1, 5, 0, 2, 0, 1]),
 (999, [1019, 19, 0, 1, 0, 1173, 1521, 0, 1, 3, 2, 1, 1, 0, 0]),
 (999, [1363, 48, 0, 0, 1, 1380, 1891, 0, 1, 3, 5, 1, 0, 2, 1]),
 (999, [1402, 108, 1, 1, 1, 1823, 1118, 1, 1, 3, 1, 0, 1, 1, 1]),
 (999, [1664, 52, 0, 1, 0, 1071, 1134, 1, 1, 0, 5, 0, 2, 0, 0]),
 (999, [1685, 64, 0, 1, 1, 692, 1021, 0, 1, 2, 5, 0, 2, 2, 2]),
 (999, [1769, 62, 1, 1, 0, 747, 661, 0, 0, 3, 1, 0, 0, 0, 0])]
Selected
[(12, [984, 91, 0, 0, 1, 937, 1973, 1, 1, 2, 1, 0, 0, 2, 0]),
 (12, [984, 91, 0, 0, 1, 937, 1973, 1, 1, 2, 1, 0, 0, 2, 0]),
 (12, [1434, 104, 1, 0, 1, 1136, 1824, 1, 0, 2, 2, 1, 0, 2, 0]),
 (16, [1495, 52, 1, 0, 0, 1944, 707, 1, 1, 2, 2, 0, 2, 2, 2]),
 (16, [1526, 113, 0, 1, 0, 849, 1631, 1, 0, 2, 0, 0, 2, 0, 2]),
 (12, [1434, 104, 1, 0, 1, 1136, 1824, 1, 0, 2, 2, 1, 0, 2, 0]),
 (12, [1434, 104, 1, 0, 1, 1136, 1824, 1, 0, 2, 2, 1, 0, 2, 0]),
 (12, [984, 91, 0, 0, 1, 937, 1973, 1, 1, 2, 1, 0, 0, 2, 0]),
 (12, [1434, 104, 1, 0, 1, 1136, 1824, 1, 0, 2, 2, 1, 0, 2, 0]),
 (16, [1474, 40, 1, 1, 0, 1235, 1096, 0, 1, 1, 3, 1, 2, 1, 2]),
 (12, [1618, 79, 0, 1, 0, 1329, 1743, 1, 1, 1, 3, 1, 0, 0, 0]),
 (12, [1434, 104, 1, 0, 1, 1136, 1824, 1, 0, 2, 2, 1, 0, 2, 0]),
 (16, [1630, 86, 1, 1, 1, 1454, 687, 1, 1, 2, 2, 0, 2, 2, 2]),
 (12, [1618, 79, 0, 1, 0, 1329, 1743, 1, 1, 1, 3, 1, 0, 0, 0]),
 (12, [1618, 79, 0, 1, 0, 1329, 1743, 1, 1, 1, 3, 1, 0, 0, 0]),
 (12, [1618, 79, 0, 1, 0, 1329, 1743, 1, 1, 1, 3, 1, 0, 0, 0]),
 (12, [1618, 79, 0, 1, 0, 1329, 1743, 1, 1, 1, 3, 1, 0, 0, 0]),
 (16, [1010, 67, 1, 0, 0, 890, 1945, 0, 0, 1, 1, 0, 1, 1, 1]),
 (12, [1434, 104, 1, 0, 1, 1136, 1824, 1, 0, 2, 2, 1, 0, 2, 0]),
 (16, [724, 45, 0, 1, 1, 584, 1558, 1, 1, 2, 1, 0, 2, 1, 2]),
 (16, [1198, 93, 0, 0, 1, 894, 1493, 1, 1, 2, 2, 1, 0, 0, 0]),
 (12, [1434, 104, 1, 0, 1, 1136, 1824, 1, 0, 2, 2, 1, 0, 2, 0]),
 (12, [1618, 79, 0, 1, 0, 1329, 1743, 1, 1, 1, 3, 1, 0, 0, 0]),
 (12, [1618, 79, 0, 1, 0, 1329, 1743, 1, 1, 1, 3, 1, 0, 0, 0]),
 (12, [1568, 118, 1, 1, 0, 1758, 1633, 0, 1, 2, 0, 1, 2, 2, 0]),
 (16, [638, 105, 0, 0, 0, 1769, 1044, 1, 1, 1, 0, 1, 1, 0, 2]),
 (16, [1240, 89, 0, 0, 1, 1848, 687, 0, 0, 0, 0, 0, 2, 1, 2])]
population
[(999, [1769, 62, 1, 1, 0, 747, 661, 0, 0, 3, 1, 0, 0, 0, 0]),
 (999, [1685, 64, 0, 1, 1, 692, 1021, 0, 1, 2, 5, 0, 2, 2, 2]),
 (999, [1664, 52, 0, 1, 0, 1071, 1134, 1, 1, 0, 5, 0, 2, 0, 0]),
 (999, [1402, 108, 1, 1, 1, 1823, 1118, 1, 1, 3, 1, 0, 1, 1, 1]),
 (999, [1363, 48, 0, 0, 1, 1380, 1891, 0, 1, 3, 5, 1, 0, 2, 1]),
 (999, [1019, 19, 0, 1, 0, 1173, 1521, 0, 1, 3, 2, 1, 1, 0, 0]),
 (999, [973, 29, 0, 1, 0, 1631, 1670, 1, 1, 1, 5, 0, 2, 0, 1]),
 (999, [910, 110, 1, 0, 1, 647, 1547, 1, 0, 3, 3, 0, 2, 0, 1]),
 (999, [649, 92, 0, 0, 1, 1840, 1628, 0, 0, 1, 5, 0, 2, 1, 0]),
 (999, [629, 113, 0, 1, 0, 1294, 1436, 1, 1, 3, 1, 0, 0, 2, 1]),
 (16, [1939, 29, 1, 1, 0, 1499, 1390, 1, 0, 2, 2, 0, 1, 0, 2]),
 (16, [1917, 95, 1, 0, 1, 1287, 1971, 1, 0, 1, 2, 0, 0, 0, 1]),
 (16, [1630, 86, 1, 1, 1, 1454, 687, 1, 1, 2, 2, 0, 2, 2, 2]),
 (16, [1596, 94, 1, 0, 1, 706, 1085, 1, 0, 1, 0, 1, 1, 0, 1]),
 (16, [1571, 118, 1, 0, 1, 820, 1072, 0, 1, 2, 4, 1, 1, 1, 0]),
 (16, [1526, 113, 0, 1, 0, 849, 1631, 1, 0, 2, 0, 0, 2, 0, 2]),
 (16, [1495, 52, 1, 0, 0, 1944, 707, 1, 1, 2, 2, 0, 2, 2, 2]),
 (16, [1474, 40, 1, 1, 0, 1235, 1096, 0, 1, 1, 3, 1, 2, 1, 2]),
 (16, [1383, 10, 1, 0, 1, 573, 1852, 0, 1, 2, 0, 0, 2, 2, 1]),
 (16, [1373, 46, 1, 1, 0, 836, 1175, 1, 1, 2, 0, 1, 0, 1, 0]),
 (16, [1240, 89, 0, 0, 1, 1848, 687, 0, 0, 0, 0, 0, 2, 1, 2]),
 (16, [1198, 93, 0, 0, 1, 894, 1493, 1, 1, 2, 2, 1, 0, 0, 0]),
 (16, [1010, 67, 1, 0, 0, 890, 1945, 0, 0, 1, 1, 0, 1, 1, 1]),
 (16, [935, 108, 0, 1, 1, 722, 1983, 0, 1, 0, 0, 1, 0, 1, 0]),
 (16, [830, 84, 1, 0, 0, 1975, 1430, 1, 0, 0, 0, 0, 0, 0, 0]),
 (16, [724, 45, 0, 1, 1, 584, 1558, 1, 1, 2, 1, 0, 2, 1, 2]),
 (16, [638, 105, 0, 0, 0, 1769, 1044, 1, 1, 1, 0, 1, 1, 0, 2]),
 (12, [1994, 105, 0, 1, 0, 1602, 1185, 1, 0, 1, 3, 1, 2, 1, 1]),
 (12, [1618, 79, 0, 1, 0, 1329, 1743, 1, 1, 1, 3, 1, 0, 0, 0]),
 (12, [1568, 118, 1, 1, 0, 1758, 1633, 0, 1, 2, 0, 1, 2, 2, 0]),
 (12, [1434, 104, 1, 0, 1, 1136, 1824, 1, 0, 2, 2, 1, 0, 2, 0]),
 (12, [984, 91, 0, 0, 1, 937, 1973, 1, 1, 2, 1, 0, 0, 2, 0])]
scored
[(12, [984, 91, 0, 0, 1, 937, 1973, 1, 1, 2, 1, 0, 0, 2, 0]),
 (12, [1434, 104, 1, 0, 1, 1136, 1824, 1, 0, 2, 2, 1, 0, 2, 0]),
 (12, [1568, 118, 1, 1, 0, 1758, 1633, 0, 1, 2, 0, 1, 2, 2, 0]),
 (12, [1618, 79, 0, 1, 0, 1329, 1743, 1, 1, 1, 3, 1, 0, 0, 0]),
 (12, [1994, 105, 0, 1, 0, 1602, 1185, 1, 0, 1, 3, 1, 2, 1, 1]),
 (16, [638, 105, 0, 0, 0, 1769, 1044, 1, 1, 1, 0, 1, 1, 0, 2]),
 (16, [724, 45, 0, 1, 1, 584, 1558, 1, 1, 2, 1, 0, 2, 1, 2]),
 (16, [830, 84, 1, 0, 0, 1975, 1430, 1, 0, 0, 0, 0, 0, 0, 0]),
 (16, [935, 108, 0, 1, 1, 722, 1983, 0, 1, 0, 0, 1, 0, 1, 0]),
 (16, [1010, 67, 1, 0, 0, 890, 1945, 0, 0, 1, 1, 0, 1, 1, 1]),
 (16, [1198, 93, 0, 0, 1, 894, 1493, 1, 1, 2, 2, 1, 0, 0, 0]),
 (16, [1240, 89, 0, 0, 1, 1848, 687, 0, 0, 0, 0, 0, 2, 1, 2]),
 (16, [1373, 46, 1, 1, 0, 836, 1175, 1, 1, 2, 0, 1, 0, 1, 0]),
 (16, [1383, 10, 1, 0, 1, 573, 1852, 0, 1, 2, 0, 0, 2, 2, 1]),
 (16, [1474, 40, 1, 1, 0, 1235, 1096, 0, 1, 1, 3, 1, 2, 1, 2]),
 (16, [1495, 52, 1, 0, 0, 1944, 707, 1, 1, 2, 2, 0, 2, 2, 2]),
 (16, [1526, 113, 0, 1, 0, 849, 1631, 1, 0, 2, 0, 0, 2, 0, 2]),
 (16, [1571, 118, 1, 0, 1, 820, 1072, 0, 1, 2, 4, 1, 1, 1, 0]),
 (16, [1596, 94, 1, 0, 1, 706, 1085, 1, 0, 1, 0, 1, 1, 0, 1]),
 (16, [1630, 86, 1, 1, 1, 1454, 687, 1, 1, 2, 2, 0, 2, 2, 2]),
 (16, [1917, 95, 1, 0, 1, 1287, 1971, 1, 0, 1, 2, 0, 0, 0, 1]),
 (16, [1939, 29, 1, 1, 0, 1499, 1390, 1, 0, 2, 2, 0, 1, 0, 2]),
 (999, [629, 113, 0, 1, 0, 1294, 1436, 1, 1, 3, 1, 0, 0, 2, 1]),
 (999, [649, 92, 0, 0, 1, 1840, 1628, 0, 0, 1, 5, 0, 2, 1, 0]),
 (999, [910, 110, 1, 0, 1, 647, 1547, 1, 0, 3, 3, 0, 2, 0, 1]),
 (999, [973, 29, 0, 1, 0, 1631, 1670, 1, 1, 1, 5, 0, 2, 0, 1]),
 (999, [1019, 19, 0, 1, 0, 1173, 1521, 0, 1, 3, 2, 1, 1, 0, 0]),
 (999, [1363, 48, 0, 0, 1, 1380, 1891, 0, 1, 3, 5, 1, 0, 2, 1]),
 (999, [1402, 108, 1, 1, 1, 1823, 1118, 1, 1, 3, 1, 0, 1, 1, 1]),
 (999, [1664, 52, 0, 1, 0, 1071, 1134, 1, 1, 0, 5, 0, 2, 0, 0]),
 (999, [1685, 64, 0, 1, 1, 692, 1021, 0, 1, 2, 5, 0, 2, 2, 2]),
 (999, [1769, 62, 1, 1, 0, 747, 661, 0, 0, 3, 1, 0, 0, 0, 0])]
Selected
[(16, [1198, 93, 0, 0, 1, 894, 1493, 1, 1, 2, 2, 1, 0, 0, 0]),
 (16, [935, 108, 0, 1, 1, 722, 1983, 0, 1, 0, 0, 1, 0, 1, 0]),
 (16, [724, 45, 0, 1, 1, 584, 1558, 1, 1, 2, 1, 0, 2, 1, 2]),
 (16, [935, 108, 0, 1, 1, 722, 1983, 0, 1, 0, 0, 1, 0, 1, 0]),
 (12, [1434, 104, 1, 0, 1, 1136, 1824, 1, 0, 2, 2, 1, 0, 2, 0]),
 (16, [638, 105, 0, 0, 0, 1769, 1044, 1, 1, 1, 0, 1, 1, 0, 2]),
 (12, [1618, 79, 0, 1, 0, 1329, 1743, 1, 1, 1, 3, 1, 0, 0, 0]),
 (12, [1618, 79, 0, 1, 0, 1329, 1743, 1, 1, 1, 3, 1, 0, 0, 0]),
 (12, [1994, 105, 0, 1, 0, 1602, 1185, 1, 0, 1, 3, 1, 2, 1, 1]),
 (16, [830, 84, 1, 0, 0, 1975, 1430, 1, 0, 0, 0, 0, 0, 0, 0]),
 (12, [1618, 79, 0, 1, 0, 1329, 1743, 1, 1, 1, 3, 1, 0, 0, 0]),
 (12, [1434, 104, 1, 0, 1, 1136, 1824, 1, 0, 2, 2, 1, 0, 2, 0]),
 (12, [1618, 79, 0, 1, 0, 1329, 1743, 1, 1, 1, 3, 1, 0, 0, 0]),
 (16, [1240, 89, 0, 0, 1, 1848, 687, 0, 0, 0, 0, 0, 2, 1, 2]),
 (12, [1994, 105, 0, 1, 0, 1602, 1185, 1, 0, 1, 3, 1, 2, 1, 1]),
 (16, [1198, 93, 0, 0, 1, 894, 1493, 1, 1, 2, 2, 1, 0, 0, 0]),
 (12, [1618, 79, 0, 1, 0, 1329, 1743, 1, 1, 1, 3, 1, 0, 0, 0]),
 (16, [935, 108, 0, 1, 1, 722, 1983, 0, 1, 0, 0, 1, 0, 1, 0]),
 (16, [1240, 89, 0, 0, 1, 1848, 687, 0, 0, 0, 0, 0, 2, 1, 2]),
 (12, [1568, 118, 1, 1, 0, 1758, 1633, 0, 1, 2, 0, 1, 2, 2, 0]),
 (12, [1434, 104, 1, 0, 1, 1136, 1824, 1, 0, 2, 2, 1, 0, 2, 0]),
 (16, [830, 84, 1, 0, 0, 1975, 1430, 1, 0, 0, 0, 0, 0, 0, 0]),
 (16, [638, 105, 0, 0, 0, 1769, 1044, 1, 1, 1, 0, 1, 1, 0, 2]),
 (16, [935, 108, 0, 1, 1, 722, 1983, 0, 1, 0, 0, 1, 0, 1, 0]),
 (12, [1434, 104, 1, 0, 1, 1136, 1824, 1, 0, 2, 2, 1, 0, 2, 0]),
 (16, [935, 108, 0, 1, 1, 722, 1983, 0, 1, 0, 0, 1, 0, 1, 0]),
 (16, [724, 45, 0, 1, 1, 584, 1558, 1, 1, 2, 1, 0, 2, 1, 2])]
population
[(999, [1769, 62, 1, 1, 0, 747, 661, 0, 0, 3, 1, 0, 0, 0, 0]),
 (999, [1685, 64, 0, 1, 1, 692, 1021, 0, 1, 2, 5, 0, 2, 2, 2]),
 (999, [1664, 52, 0, 1, 0, 1071, 1134, 1, 1, 0, 5, 0, 2, 0, 0]),
 (999, [1402, 108, 1, 1, 1, 1823, 1118, 1, 1, 3, 1, 0, 1, 1, 1]),
 (999, [1363, 48, 0, 0, 1, 1380, 1891, 0, 1, 3, 5, 1, 0, 2, 1]),
 (999, [1019, 19, 0, 1, 0, 1173, 1521, 0, 1, 3, 2, 1, 1, 0, 0]),
 (999, [973, 29, 0, 1, 0, 1631, 1670, 1, 1, 1, 5, 0, 2, 0, 1]),
 (999, [910, 110, 1, 0, 1, 647, 1547, 1, 0, 3, 3, 0, 2, 0, 1]),
 (999, [649, 92, 0, 0, 1, 1840, 1628, 0, 0, 1, 5, 0, 2, 1, 0]),
 (999, [629, 113, 0, 1, 0, 1294, 1436, 1, 1, 3, 1, 0, 0, 2, 1]),
 (16, [1939, 29, 1, 1, 0, 1499, 1390, 1, 0, 2, 2, 0, 1, 0, 2]),
 (16, [1917, 95, 1, 0, 1, 1287, 1971, 1, 0, 1, 2, 0, 0, 0, 1]),
 (16, [1630, 86, 1, 1, 1, 1454, 687, 1, 1, 2, 2, 0, 2, 2, 2]),
 (16, [1596, 94, 1, 0, 1, 706, 1085, 1, 0, 1, 0, 1, 1, 0, 1]),
 (16, [1571, 118, 1, 0, 1, 820, 1072, 0, 1, 2, 4, 1, 1, 1, 0]),
 (16, [1526, 113, 0, 1, 0, 849, 1631, 1, 0, 2, 0, 0, 2, 0, 2]),
 (16, [1495, 52, 1, 0, 0, 1944, 707, 1, 1, 2, 2, 0, 2, 2, 2]),
 (16, [1474, 40, 1, 1, 0, 1235, 1096, 0, 1, 1, 3, 1, 2, 1, 2]),
 (16, [1383, 10, 1, 0, 1, 573, 1852, 0, 1, 2, 0, 0, 2, 2, 1]),
 (16, [1373, 46, 1, 1, 0, 836, 1175, 1, 1, 2, 0, 1, 0, 1, 0]),
 (16, [1240, 89, 0, 0, 1, 1848, 687, 0, 0, 0, 0, 0, 2, 1, 2]),
 (16, [1198, 93, 0, 0, 1, 894, 1493, 1, 1, 2, 2, 1, 0, 0, 0]),
 (16, [1010, 67, 1, 0, 0, 890, 1945, 0, 0, 1, 1, 0, 1, 1, 1]),
 (16, [935, 108, 0, 1, 1, 722, 1983, 0, 1, 0, 0, 1, 0, 1, 0]),
 (16, [830, 84, 1, 0, 0, 1975, 1430, 1, 0, 0, 0, 0, 0, 0, 0]),
 (16, [724, 45, 0, 1, 1, 584, 1558, 1, 1, 2, 1, 0, 2, 1, 2]),
 (16, [638, 105, 0, 0, 0, 1769, 1044, 1, 1, 1, 0, 1, 1, 0, 2]),
 (12, [1994, 105, 0, 1, 0, 1602, 1185, 1, 0, 1, 3, 1, 2, 1, 1]),
 (12, [1618, 79, 0, 1, 0, 1329, 1743, 1, 1, 1, 3, 1, 0, 0, 0]),
 (12, [1568, 118, 1, 1, 0, 1758, 1633, 0, 1, 2, 0, 1, 2, 2, 0]),
 (12, [1434, 104, 1, 0, 1, 1136, 1824, 1, 0, 2, 2, 1, 0, 2, 0]),
 (12, [984, 91, 0, 0, 1, 937, 1973, 1, 1, 2, 1, 0, 0, 2, 0])]
scored
[(12, [984, 91, 0, 0, 1, 937, 1973, 1, 1, 2, 1, 0, 0, 2, 0]),
 (12, [1434, 104, 1, 0, 1, 1136, 1824, 1, 0, 2, 2, 1, 0, 2, 0]),
 (12, [1568, 118, 1, 1, 0, 1758, 1633, 0, 1, 2, 0, 1, 2, 2, 0]),
 (12, [1618, 79, 0, 1, 0, 1329, 1743, 1, 1, 1, 3, 1, 0, 0, 0]),
 (12, [1994, 105, 0, 1, 0, 1602, 1185, 1, 0, 1, 3, 1, 2, 1, 1]),
 (16, [638, 105, 0, 0, 0, 1769, 1044, 1, 1, 1, 0, 1, 1, 0, 2]),
 (16, [724, 45, 0, 1, 1, 584, 1558, 1, 1, 2, 1, 0, 2, 1, 2]),
 (16, [830, 84, 1, 0, 0, 1975, 1430, 1, 0, 0, 0, 0, 0, 0, 0]),
 (16, [935, 108, 0, 1, 1, 722, 1983, 0, 1, 0, 0, 1, 0, 1, 0]),
 (16, [1010, 67, 1, 0, 0, 890, 1945, 0, 0, 1, 1, 0, 1, 1, 1]),
 (16, [1198, 93, 0, 0, 1, 894, 1493, 1, 1, 2, 2, 1, 0, 0, 0]),
 (16, [1240, 89, 0, 0, 1, 1848, 687, 0, 0, 0, 0, 0, 2, 1, 2]),
 (16, [1373, 46, 1, 1, 0, 836, 1175, 1, 1, 2, 0, 1, 0, 1, 0]),
 (16, [1383, 10, 1, 0, 1, 573, 1852, 0, 1, 2, 0, 0, 2, 2, 1]),
 (16, [1474, 40, 1, 1, 0, 1235, 1096, 0, 1, 1, 3, 1, 2, 1, 2]),
 (16, [1495, 52, 1, 0, 0, 1944, 707, 1, 1, 2, 2, 0, 2, 2, 2]),
 (16, [1526, 113, 0, 1, 0, 849, 1631, 1, 0, 2, 0, 0, 2, 0, 2]),
 (16, [1571, 118, 1, 0, 1, 820, 1072, 0, 1, 2, 4, 1, 1, 1, 0]),
 (16, [1596, 94, 1, 0, 1, 706, 1085, 1, 0, 1, 0, 1, 1, 0, 1]),
 (16, [1630, 86, 1, 1, 1, 1454, 687, 1, 1, 2, 2, 0, 2, 2, 2]),
 (16, [1917, 95, 1, 0, 1, 1287, 1971, 1, 0, 1, 2, 0, 0, 0, 1]),
 (16, [1939, 29, 1, 1, 0, 1499, 1390, 1, 0, 2, 2, 0, 1, 0, 2]),
 (999, [629, 113, 0, 1, 0, 1294, 1436, 1, 1, 3, 1, 0, 0, 2, 1]),
 (999, [649, 92, 0, 0, 1, 1840, 1628, 0, 0, 1, 5, 0, 2, 1, 0]),
 (999, [910, 110, 1, 0, 1, 647, 1547, 1, 0, 3, 3, 0, 2, 0, 1]),
 (999, [973, 29, 0, 1, 0, 1631, 1670, 1, 1, 1, 5, 0, 2, 0, 1]),
 (999, [1019, 19, 0, 1, 0, 1173, 1521, 0, 1, 3, 2, 1, 1, 0, 0]),
 (999, [1363, 48, 0, 0, 1, 1380, 1891, 0, 1, 3, 5, 1, 0, 2, 1]),
 (999, [1402, 108, 1, 1, 1, 1823, 1118, 1, 1, 3, 1, 0, 1, 1, 1]),
 (999, [1664, 52, 0, 1, 0, 1071, 1134, 1, 1, 0, 5, 0, 2, 0, 0]),
 (999, [1685, 64, 0, 1, 1, 692, 1021, 0, 1, 2, 5, 0, 2, 2, 2]),
 (999, [1769, 62, 1, 1, 0, 747, 661, 0, 0, 3, 1, 0, 0, 0, 0])]
Selected
[(16, [935, 108, 0, 1, 1, 722, 1983, 0, 1, 0, 0, 1, 0, 1, 0]),
 (12, [1618, 79, 0, 1, 0, 1329, 1743, 1, 1, 1, 3, 1, 0, 0, 0]),
 (16, [1010, 67, 1, 0, 0, 890, 1945, 0, 0, 1, 1, 0, 1, 1, 1]),
 (12, [1434, 104, 1, 0, 1, 1136, 1824, 1, 0, 2, 2, 1, 0, 2, 0]),
 (12, [984, 91, 0, 0, 1, 937, 1973, 1, 1, 2, 1, 0, 0, 2, 0]),
 (12, [984, 91, 0, 0, 1, 937, 1973, 1, 1, 2, 1, 0, 0, 2, 0]),
 (16, [724, 45, 0, 1, 1, 584, 1558, 1, 1, 2, 1, 0, 2, 1, 2]),
 (12, [1568, 118, 1, 1, 0, 1758, 1633, 0, 1, 2, 0, 1, 2, 2, 0]),
 (16, [830, 84, 1, 0, 0, 1975, 1430, 1, 0, 0, 0, 0, 0, 0, 0]),
 (12, [984, 91, 0, 0, 1, 937, 1973, 1, 1, 2, 1, 0, 0, 2, 0]),
 (16, [935, 108, 0, 1, 1, 722, 1983, 0, 1, 0, 0, 1, 0, 1, 0]),
 (16, [830, 84, 1, 0, 0, 1975, 1430, 1, 0, 0, 0, 0, 0, 0, 0]),
 (12, [1434, 104, 1, 0, 1, 1136, 1824, 1, 0, 2, 2, 1, 0, 2, 0]),
 (16, [935, 108, 0, 1, 1, 722, 1983, 0, 1, 0, 0, 1, 0, 1, 0]),
 (12, [984, 91, 0, 0, 1, 937, 1973, 1, 1, 2, 1, 0, 0, 2, 0]),
 (12, [984, 91, 0, 0, 1, 937, 1973, 1, 1, 2, 1, 0, 0, 2, 0]),
 (12, [984, 91, 0, 0, 1, 937, 1973, 1, 1, 2, 1, 0, 0, 2, 0]),
 (12, [1434, 104, 1, 0, 1, 1136, 1824, 1, 0, 2, 2, 1, 0, 2, 0]),
 (16, [1240, 89, 0, 0, 1, 1848, 687, 0, 0, 0, 0, 0, 2, 1, 2]),
 (12, [1568, 118, 1, 1, 0, 1758, 1633, 0, 1, 2, 0, 1, 2, 2, 0]),
 (12, [1618, 79, 0, 1, 0, 1329, 1743, 1, 1, 1, 3, 1, 0, 0, 0]),
 (16, [830, 84, 1, 0, 0, 1975, 1430, 1, 0, 0, 0, 0, 0, 0, 0]),
 (12, [1618, 79, 0, 1, 0, 1329, 1743, 1, 1, 1, 3, 1, 0, 0, 0]),
 (16, [1010, 67, 1, 0, 0, 890, 1945, 0, 0, 1, 1, 0, 1, 1, 1]),
 (16, [935, 108, 0, 1, 1, 722, 1983, 0, 1, 0, 0, 1, 0, 1, 0]),
 (16, [1240, 89, 0, 0, 1, 1848, 687, 0, 0, 0, 0, 0, 2, 1, 2]),
 (12, [1568, 118, 1, 1, 0, 1758, 1633, 0, 1, 2, 0, 1, 2, 2, 0])]
population
[(999, [1769, 62, 1, 1, 0, 747, 661, 0, 0, 3, 1, 0, 0, 0, 0]),
 (999, [1685, 64, 0, 1, 1, 692, 1021, 0, 1, 2, 5, 0, 2, 2, 2]),
 (999, [1664, 52, 0, 1, 0, 1071, 1134, 1, 1, 0, 5, 0, 2, 0, 0]),
 (999, [1402, 108, 1, 1, 1, 1823, 1118, 1, 1, 3, 1, 0, 1, 1, 1]),
 (999, [1363, 48, 0, 0, 1, 1380, 1891, 0, 1, 3, 5, 1, 0, 2, 1]),
 (999, [1019, 19, 0, 1, 0, 1173, 1521, 0, 1, 3, 2, 1, 1, 0, 0]),
 (999, [973, 29, 0, 1, 0, 1631, 1670, 1, 1, 1, 5, 0, 2, 0, 1]),
 (999, [910, 110, 1, 0, 1, 647, 1547, 1, 0, 3, 3, 0, 2, 0, 1]),
 (999, [649, 92, 0, 0, 1, 1840, 1628, 0, 0, 1, 5, 0, 2, 1, 0]),
 (999, [629, 113, 0, 1, 0, 1294, 1436, 1, 1, 3, 1, 0, 0, 2, 1]),
 (16, [1939, 29, 1, 1, 0, 1499, 1390, 1, 0, 2, 2, 0, 1, 0, 2]),
 (16, [1917, 95, 1, 0, 1, 1287, 1971, 1, 0, 1, 2, 0, 0, 0, 1]),
 (16, [1630, 86, 1, 1, 1, 1454, 687, 1, 1, 2, 2, 0, 2, 2, 2]),
 (16, [1596, 94, 1, 0, 1, 706, 1085, 1, 0, 1, 0, 1, 1, 0, 1]),
 (16, [1571, 118, 1, 0, 1, 820, 1072, 0, 1, 2, 4, 1, 1, 1, 0]),
 (16, [1526, 113, 0, 1, 0, 849, 1631, 1, 0, 2, 0, 0, 2, 0, 2]),
 (16, [1495, 52, 1, 0, 0, 1944, 707, 1, 1, 2, 2, 0, 2, 2, 2]),
 (16, [1474, 40, 1, 1, 0, 1235, 1096, 0, 1, 1, 3, 1, 2, 1, 2]),
 (16, [1383, 10, 1, 0, 1, 573, 1852, 0, 1, 2, 0, 0, 2, 2, 1]),
 (16, [1373, 46, 1, 1, 0, 836, 1175, 1, 1, 2, 0, 1, 0, 1, 0]),
 (16, [1240, 89, 0, 0, 1, 1848, 687, 0, 0, 0, 0, 0, 2, 1, 2]),
 (16, [1198, 93, 0, 0, 1, 894, 1493, 1, 1, 2, 2, 1, 0, 0, 0]),
 (16, [1010, 67, 1, 0, 0, 890, 1945, 0, 0, 1, 1, 0, 1, 1, 1]),
 (16, [935, 108, 0, 1, 1, 722, 1983, 0, 1, 0, 0, 1, 0, 1, 0]),
 (16, [830, 84, 1, 0, 0, 1975, 1430, 1, 0, 0, 0, 0, 0, 0, 0]),
 (16, [724, 45, 0, 1, 1, 584, 1558, 1, 1, 2, 1, 0, 2, 1, 2]),
 (16, [638, 105, 0, 0, 0, 1769, 1044, 1, 1, 1, 0, 1, 1, 0, 2]),
 (12, [1994, 105, 0, 1, 0, 1602, 1185, 1, 0, 1, 3, 1, 2, 1, 1]),
 (12, [1618, 79, 0, 1, 0, 1329, 1743, 1, 1, 1, 3, 1, 0, 0, 0]),
 (12, [1568, 118, 1, 1, 0, 1758, 1633, 0, 1, 2, 0, 1, 2, 2, 0]),
 (12, [1434, 104, 1, 0, 1, 1136, 1824, 1, 0, 2, 2, 1, 0, 2, 0]),
 (12, [984, 91, 0, 0, 1, 937, 1973, 1, 1, 2, 1, 0, 0, 2, 0])]
scored
[(12, [984, 91, 0, 0, 1, 937, 1973, 1, 1, 2, 1, 0, 0, 2, 0]),
 (12, [1434, 104, 1, 0, 1, 1136, 1824, 1, 0, 2, 2, 1, 0, 2, 0]),
 (12, [1568, 118, 1, 1, 0, 1758, 1633, 0, 1, 2, 0, 1, 2, 2, 0]),
 (12, [1618, 79, 0, 1, 0, 1329, 1743, 1, 1, 1, 3, 1, 0, 0, 0]),
 (12, [1994, 105, 0, 1, 0, 1602, 1185, 1, 0, 1, 3, 1, 2, 1, 1]),
 (16, [638, 105, 0, 0, 0, 1769, 1044, 1, 1, 1, 0, 1, 1, 0, 2]),
 (16, [724, 45, 0, 1, 1, 584, 1558, 1, 1, 2, 1, 0, 2, 1, 2]),
 (16, [830, 84, 1, 0, 0, 1975, 1430, 1, 0, 0, 0, 0, 0, 0, 0]),
 (16, [935, 108, 0, 1, 1, 722, 1983, 0, 1, 0, 0, 1, 0, 1, 0]),
 (16, [1010, 67, 1, 0, 0, 890, 1945, 0, 0, 1, 1, 0, 1, 1, 1]),
 (16, [1198, 93, 0, 0, 1, 894, 1493, 1, 1, 2, 2, 1, 0, 0, 0]),
 (16, [1240, 89, 0, 0, 1, 1848, 687, 0, 0, 0, 0, 0, 2, 1, 2]),
 (16, [1373, 46, 1, 1, 0, 836, 1175, 1, 1, 2, 0, 1, 0, 1, 0]),
 (16, [1383, 10, 1, 0, 1, 573, 1852, 0, 1, 2, 0, 0, 2, 2, 1]),
 (16, [1474, 40, 1, 1, 0, 1235, 1096, 0, 1, 1, 3, 1, 2, 1, 2]),
 (16, [1495, 52, 1, 0, 0, 1944, 707, 1, 1, 2, 2, 0, 2, 2, 2]),
 (16, [1526, 113, 0, 1, 0, 849, 1631, 1, 0, 2, 0, 0, 2, 0, 2]),
 (16, [1571, 118, 1, 0, 1, 820, 1072, 0, 1, 2, 4, 1, 1, 1, 0]),
 (16, [1596, 94, 1, 0, 1, 706, 1085, 1, 0, 1, 0, 1, 1, 0, 1]),
 (16, [1630, 86, 1, 1, 1, 1454, 687, 1, 1, 2, 2, 0, 2, 2, 2]),
 (16, [1917, 95, 1, 0, 1, 1287, 1971, 1, 0, 1, 2, 0, 0, 0, 1]),
 (16, [1939, 29, 1, 1, 0, 1499, 1390, 1, 0, 2, 2, 0, 1, 0, 2]),
 (999, [629, 113, 0, 1, 0, 1294, 1436, 1, 1, 3, 1, 0, 0, 2, 1]),
 (999, [649, 92, 0, 0, 1, 1840, 1628, 0, 0, 1, 5, 0, 2, 1, 0]),
 (999, [910, 110, 1, 0, 1, 647, 1547, 1, 0, 3, 3, 0, 2, 0, 1]),
 (999, [973, 29, 0, 1, 0, 1631, 1670, 1, 1, 1, 5, 0, 2, 0, 1]),
 (999, [1019, 19, 0, 1, 0, 1173, 1521, 0, 1, 3, 2, 1, 1, 0, 0]),
 (999, [1363, 48, 0, 0, 1, 1380, 1891, 0, 1, 3, 5, 1, 0, 2, 1]),
 (999, [1402, 108, 1, 1, 1, 1823, 1118, 1, 1, 3, 1, 0, 1, 1, 1]),
 (999, [1664, 52, 0, 1, 0, 1071, 1134, 1, 1, 0, 5, 0, 2, 0, 0]),
 (999, [1685, 64, 0, 1, 1, 692, 1021, 0, 1, 2, 5, 0, 2, 2, 2]),
 (999, [1769, 62, 1, 1, 0, 747, 661, 0, 0, 3, 1, 0, 0, 0, 0])]
Selected
[(12, [1568, 118, 1, 1, 0, 1758, 1633, 0, 1, 2, 0, 1, 2, 2, 0]),
 (12, [1434, 104, 1, 0, 1, 1136, 1824, 1, 0, 2, 2, 1, 0, 2, 0]),
 (12, [1434, 104, 1, 0, 1, 1136, 1824, 1, 0, 2, 2, 1, 0, 2, 0]),
 (12, [1568, 118, 1, 1, 0, 1758, 1633, 0, 1, 2, 0, 1, 2, 2, 0]),
 (12, [1434, 104, 1, 0, 1, 1136, 1824, 1, 0, 2, 2, 1, 0, 2, 0]),
 (12, [984, 91, 0, 0, 1, 937, 1973, 1, 1, 2, 1, 0, 0, 2, 0]),
 (16, [724, 45, 0, 1, 1, 584, 1558, 1, 1, 2, 1, 0, 2, 1, 2]),
 (16, [935, 108, 0, 1, 1, 722, 1983, 0, 1, 0, 0, 1, 0, 1, 0]),
 (16, [638, 105, 0, 0, 0, 1769, 1044, 1, 1, 1, 0, 1, 1, 0, 2]),
 (12, [1434, 104, 1, 0, 1, 1136, 1824, 1, 0, 2, 2, 1, 0, 2, 0]),
 (16, [1474, 40, 1, 1, 0, 1235, 1096, 0, 1, 1, 3, 1, 2, 1, 2]),
 (16, [638, 105, 0, 0, 0, 1769, 1044, 1, 1, 1, 0, 1, 1, 0, 2]),
 (12, [1568, 118, 1, 1, 0, 1758, 1633, 0, 1, 2, 0, 1, 2, 2, 0]),
 (12, [984, 91, 0, 0, 1, 937, 1973, 1, 1, 2, 1, 0, 0, 2, 0]),
 (16, [638, 105, 0, 0, 0, 1769, 1044, 1, 1, 1, 0, 1, 1, 0, 2]),
 (12, [1994, 105, 0, 1, 0, 1602, 1185, 1, 0, 1, 3, 1, 2, 1, 1]),
 (12, [984, 91, 0, 0, 1, 937, 1973, 1, 1, 2, 1, 0, 0, 2, 0]),
 (16, [638, 105, 0, 0, 0, 1769, 1044, 1, 1, 1, 0, 1, 1, 0, 2]),
 (16, [935, 108, 0, 1, 1, 722, 1983, 0, 1, 0, 0, 1, 0, 1, 0]),
 (16, [935, 108, 0, 1, 1, 722, 1983, 0, 1, 0, 0, 1, 0, 1, 0]),
 (12, [1618, 79, 0, 1, 0, 1329, 1743, 1, 1, 1, 3, 1, 0, 0, 0]),
 (16, [935, 108, 0, 1, 1, 722, 1983, 0, 1, 0, 0, 1, 0, 1, 0]),
 (16, [1240, 89, 0, 0, 1, 1848, 687, 0, 0, 0, 0, 0, 2, 1, 2]),
 (12, [1568, 118, 1, 1, 0, 1758, 1633, 0, 1, 2, 0, 1, 2, 2, 0]),
 (12, [1618, 79, 0, 1, 0, 1329, 1743, 1, 1, 1, 3, 1, 0, 0, 0]),
 (12, [1994, 105, 0, 1, 0, 1602, 1185, 1, 0, 1, 3, 1, 2, 1, 1]),
 (12, [1434, 104, 1, 0, 1, 1136, 1824, 1, 0, 2, 2, 1, 0, 2, 0])]
population
[(999, [1769, 62, 1, 1, 0, 747, 661, 0, 0, 3, 1, 0, 0, 0, 0]),
 (999, [1685, 64, 0, 1, 1, 692, 1021, 0, 1, 2, 5, 0, 2, 2, 2]),
 (999, [1664, 52, 0, 1, 0, 1071, 1134, 1, 1, 0, 5, 0, 2, 0, 0]),
 (999, [1402, 108, 1, 1, 1, 1823, 1118, 1, 1, 3, 1, 0, 1, 1, 1]),
 (999, [1363, 48, 0, 0, 1, 1380, 1891, 0, 1, 3, 5, 1, 0, 2, 1]),
 (999, [1019, 19, 0, 1, 0, 1173, 1521, 0, 1, 3, 2, 1, 1, 0, 0]),
 (999, [973, 29, 0, 1, 0, 1631, 1670, 1, 1, 1, 5, 0, 2, 0, 1]),
 (999, [910, 110, 1, 0, 1, 647, 1547, 1, 0, 3, 3, 0, 2, 0, 1]),
 (999, [649, 92, 0, 0, 1, 1840, 1628, 0, 0, 1, 5, 0, 2, 1, 0]),
 (999, [629, 113, 0, 1, 0, 1294, 1436, 1, 1, 3, 1, 0, 0, 2, 1]),
 (16, [1939, 29, 1, 1, 0, 1499, 1390, 1, 0, 2, 2, 0, 1, 0, 2]),
 (16, [1917, 95, 1, 0, 1, 1287, 1971, 1, 0, 1, 2, 0, 0, 0, 1]),
 (16, [1630, 86, 1, 1, 1, 1454, 687, 1, 1, 2, 2, 0, 2, 2, 2]),
 (16, [1596, 94, 1, 0, 1, 706, 1085, 1, 0, 1, 0, 1, 1, 0, 1]),
 (16, [1571, 118, 1, 0, 1, 820, 1072, 0, 1, 2, 4, 1, 1, 1, 0]),
 (16, [1526, 113, 0, 1, 0, 849, 1631, 1, 0, 2, 0, 0, 2, 0, 2]),
 (16, [1495, 52, 1, 0, 0, 1944, 707, 1, 1, 2, 2, 0, 2, 2, 2]),
 (16, [1474, 40, 1, 1, 0, 1235, 1096, 0, 1, 1, 3, 1, 2, 1, 2]),
 (16, [1383, 10, 1, 0, 1, 573, 1852, 0, 1, 2, 0, 0, 2, 2, 1]),
 (16, [1373, 46, 1, 1, 0, 836, 1175, 1, 1, 2, 0, 1, 0, 1, 0]),
 (16, [1240, 89, 0, 0, 1, 1848, 687, 0, 0, 0, 0, 0, 2, 1, 2]),
 (16, [1198, 93, 0, 0, 1, 894, 1493, 1, 1, 2, 2, 1, 0, 0, 0]),
 (16, [1010, 67, 1, 0, 0, 890, 1945, 0, 0, 1, 1, 0, 1, 1, 1]),
 (16, [935, 108, 0, 1, 1, 722, 1983, 0, 1, 0, 0, 1, 0, 1, 0]),
 (16, [830, 84, 1, 0, 0, 1975, 1430, 1, 0, 0, 0, 0, 0, 0, 0]),
 (16, [724, 45, 0, 1, 1, 584, 1558, 1, 1, 2, 1, 0, 2, 1, 2]),
 (16, [638, 105, 0, 0, 0, 1769, 1044, 1, 1, 1, 0, 1, 1, 0, 2]),
 (12, [1994, 105, 0, 1, 0, 1602, 1185, 1, 0, 1, 3, 1, 2, 1, 1]),
 (12, [1618, 79, 0, 1, 0, 1329, 1743, 1, 1, 1, 3, 1, 0, 0, 0]),
 (12, [1568, 118, 1, 1, 0, 1758, 1633, 0, 1, 2, 0, 1, 2, 2, 0]),
 (12, [1434, 104, 1, 0, 1, 1136, 1824, 1, 0, 2, 2, 1, 0, 2, 0]),
 (12, [984, 91, 0, 0, 1, 937, 1973, 1, 1, 2, 1, 0, 0, 2, 0])]
scored
[(12, [984, 91, 0, 0, 1, 937, 1973, 1, 1, 2, 1, 0, 0, 2, 0]),
 (12, [1434, 104, 1, 0, 1, 1136, 1824, 1, 0, 2, 2, 1, 0, 2, 0]),
 (12, [1568, 118, 1, 1, 0, 1758, 1633, 0, 1, 2, 0, 1, 2, 2, 0]),
 (12, [1618, 79, 0, 1, 0, 1329, 1743, 1, 1, 1, 3, 1, 0, 0, 0]),
 (12, [1994, 105, 0, 1, 0, 1602, 1185, 1, 0, 1, 3, 1, 2, 1, 1]),
 (16, [638, 105, 0, 0, 0, 1769, 1044, 1, 1, 1, 0, 1, 1, 0, 2]),
 (16, [724, 45, 0, 1, 1, 584, 1558, 1, 1, 2, 1, 0, 2, 1, 2]),
 (16, [830, 84, 1, 0, 0, 1975, 1430, 1, 0, 0, 0, 0, 0, 0, 0]),
 (16, [935, 108, 0, 1, 1, 722, 1983, 0, 1, 0, 0, 1, 0, 1, 0]),
 (16, [1010, 67, 1, 0, 0, 890, 1945, 0, 0, 1, 1, 0, 1, 1, 1]),
 (16, [1198, 93, 0, 0, 1, 894, 1493, 1, 1, 2, 2, 1, 0, 0, 0]),
 (16, [1240, 89, 0, 0, 1, 1848, 687, 0, 0, 0, 0, 0, 2, 1, 2]),
 (16, [1373, 46, 1, 1, 0, 836, 1175, 1, 1, 2, 0, 1, 0, 1, 0]),
 (16, [1383, 10, 1, 0, 1, 573, 1852, 0, 1, 2, 0, 0, 2, 2, 1]),
 (16, [1474, 40, 1, 1, 0, 1235, 1096, 0, 1, 1, 3, 1, 2, 1, 2]),
 (16, [1495, 52, 1, 0, 0, 1944, 707, 1, 1, 2, 2, 0, 2, 2, 2]),
 (16, [1526, 113, 0, 1, 0, 849, 1631, 1, 0, 2, 0, 0, 2, 0, 2]),
 (16, [1571, 118, 1, 0, 1, 820, 1072, 0, 1, 2, 4, 1, 1, 1, 0]),
 (16, [1596, 94, 1, 0, 1, 706, 1085, 1, 0, 1, 0, 1, 1, 0, 1]),
 (16, [1630, 86, 1, 1, 1, 1454, 687, 1, 1, 2, 2, 0, 2, 2, 2]),
 (16, [1917, 95, 1, 0, 1, 1287, 1971, 1, 0, 1, 2, 0, 0, 0, 1]),
 (16, [1939, 29, 1, 1, 0, 1499, 1390, 1, 0, 2, 2, 0, 1, 0, 2]),
 (999, [629, 113, 0, 1, 0, 1294, 1436, 1, 1, 3, 1, 0, 0, 2, 1]),
 (999, [649, 92, 0, 0, 1, 1840, 1628, 0, 0, 1, 5, 0, 2, 1, 0]),
 (999, [910, 110, 1, 0, 1, 647, 1547, 1, 0, 3, 3, 0, 2, 0, 1]),
 (999, [973, 29, 0, 1, 0, 1631, 1670, 1, 1, 1, 5, 0, 2, 0, 1]),
 (999, [1019, 19, 0, 1, 0, 1173, 1521, 0, 1, 3, 2, 1, 1, 0, 0]),
 (999, [1363, 48, 0, 0, 1, 1380, 1891, 0, 1, 3, 5, 1, 0, 2, 1]),
 (999, [1402, 108, 1, 1, 1, 1823, 1118, 1, 1, 3, 1, 0, 1, 1, 1]),
 (999, [1664, 52, 0, 1, 0, 1071, 1134, 1, 1, 0, 5, 0, 2, 0, 0]),
 (999, [1685, 64, 0, 1, 1, 692, 1021, 0, 1, 2, 5, 0, 2, 2, 2]),
 (999, [1769, 62, 1, 1, 0, 747, 661, 0, 0, 3, 1, 0, 0, 0, 0])]
Selected
[(12, [1434, 104, 1, 0, 1, 1136, 1824, 1, 0, 2, 2, 1, 0, 2, 0]),
 (16, [1495, 52, 1, 0, 0, 1944, 707, 1, 1, 2, 2, 0, 2, 2, 2]),
 (12, [1434, 104, 1, 0, 1, 1136, 1824, 1, 0, 2, 2, 1, 0, 2, 0]),
 (12, [984, 91, 0, 0, 1, 937, 1973, 1, 1, 2, 1, 0, 0, 2, 0]),
 (16, [724, 45, 0, 1, 1, 584, 1558, 1, 1, 2, 1, 0, 2, 1, 2]),
 (16, [1198, 93, 0, 0, 1, 894, 1493, 1, 1, 2, 2, 1, 0, 0, 0]),
 (16, [638, 105, 0, 0, 0, 1769, 1044, 1, 1, 1, 0, 1, 1, 0, 2]),
 (16, [724, 45, 0, 1, 1, 584, 1558, 1, 1, 2, 1, 0, 2, 1, 2]),
 (12, [1618, 79, 0, 1, 0, 1329, 1743, 1, 1, 1, 3, 1, 0, 0, 0]),
 (16, [638, 105, 0, 0, 0, 1769, 1044, 1, 1, 1, 0, 1, 1, 0, 2]),
 (12, [1994, 105, 0, 1, 0, 1602, 1185, 1, 0, 1, 3, 1, 2, 1, 1]),
 (12, [1568, 118, 1, 1, 0, 1758, 1633, 0, 1, 2, 0, 1, 2, 2, 0]),
 (16, [1240, 89, 0, 0, 1, 1848, 687, 0, 0, 0, 0, 0, 2, 1, 2]),
 (12, [1434, 104, 1, 0, 1, 1136, 1824, 1, 0, 2, 2, 1, 0, 2, 0]),
 (16, [638, 105, 0, 0, 0, 1769, 1044, 1, 1, 1, 0, 1, 1, 0, 2]),
 (12, [1994, 105, 0, 1, 0, 1602, 1185, 1, 0, 1, 3, 1, 2, 1, 1]),
 (16, [1240, 89, 0, 0, 1, 1848, 687, 0, 0, 0, 0, 0, 2, 1, 2]),
 (16, [830, 84, 1, 0, 0, 1975, 1430, 1, 0, 0, 0, 0, 0, 0, 0]),
 (12, [984, 91, 0, 0, 1, 937, 1973, 1, 1, 2, 1, 0, 0, 2, 0]),
 (16, [935, 108, 0, 1, 1, 722, 1983, 0, 1, 0, 0, 1, 0, 1, 0]),
 (16, [724, 45, 0, 1, 1, 584, 1558, 1, 1, 2, 1, 0, 2, 1, 2]),
 (12, [984, 91, 0, 0, 1, 937, 1973, 1, 1, 2, 1, 0, 0, 2, 0]),
 (12, [1434, 104, 1, 0, 1, 1136, 1824, 1, 0, 2, 2, 1, 0, 2, 0]),
 (16, [830, 84, 1, 0, 0, 1975, 1430, 1, 0, 0, 0, 0, 0, 0, 0]),
 (12, [984, 91, 0, 0, 1, 937, 1973, 1, 1, 2, 1, 0, 0, 2, 0]),
 (12, [1618, 79, 0, 1, 0, 1329, 1743, 1, 1, 1, 3, 1, 0, 0, 0]),
 (12, [984, 91, 0, 0, 1, 937, 1973, 1, 1, 2, 1, 0, 0, 2, 0])]
population
[(999, [1769, 62, 1, 1, 0, 747, 661, 0, 0, 3, 1, 0, 0, 0, 0]),
 (999, [1685, 64, 0, 1, 1, 692, 1021, 0, 1, 2, 5, 0, 2, 2, 2]),
 (999, [1664, 52, 0, 1, 0, 1071, 1134, 1, 1, 0, 5, 0, 2, 0, 0]),
 (999, [1402, 108, 1, 1, 1, 1823, 1118, 1, 1, 3, 1, 0, 1, 1, 1]),
 (999, [1363, 48, 0, 0, 1, 1380, 1891, 0, 1, 3, 5, 1, 0, 2, 1]),
 (999, [1019, 19, 0, 1, 0, 1173, 1521, 0, 1, 3, 2, 1, 1, 0, 0]),
 (999, [973, 29, 0, 1, 0, 1631, 1670, 1, 1, 1, 5, 0, 2, 0, 1]),
 (999, [910, 110, 1, 0, 1, 647, 1547, 1, 0, 3, 3, 0, 2, 0, 1]),
 (999, [649, 92, 0, 0, 1, 1840, 1628, 0, 0, 1, 5, 0, 2, 1, 0]),
 (999, [629, 113, 0, 1, 0, 1294, 1436, 1, 1, 3, 1, 0, 0, 2, 1]),
 (16, [1939, 29, 1, 1, 0, 1499, 1390, 1, 0, 2, 2, 0, 1, 0, 2]),
 (16, [1917, 95, 1, 0, 1, 1287, 1971, 1, 0, 1, 2, 0, 0, 0, 1]),
 (16, [1630, 86, 1, 1, 1, 1454, 687, 1, 1, 2, 2, 0, 2, 2, 2]),
 (16, [1596, 94, 1, 0, 1, 706, 1085, 1, 0, 1, 0, 1, 1, 0, 1]),
 (16, [1571, 118, 1, 0, 1, 820, 1072, 0, 1, 2, 4, 1, 1, 1, 0]),
 (16, [1526, 113, 0, 1, 0, 849, 1631, 1, 0, 2, 0, 0, 2, 0, 2]),
 (16, [1495, 52, 1, 0, 0, 1944, 707, 1, 1, 2, 2, 0, 2, 2, 2]),
 (16, [1474, 40, 1, 1, 0, 1235, 1096, 0, 1, 1, 3, 1, 2, 1, 2]),
 (16, [1383, 10, 1, 0, 1, 573, 1852, 0, 1, 2, 0, 0, 2, 2, 1]),
 (16, [1373, 46, 1, 1, 0, 836, 1175, 1, 1, 2, 0, 1, 0, 1, 0]),
 (16, [1240, 89, 0, 0, 1, 1848, 687, 0, 0, 0, 0, 0, 2, 1, 2]),
 (16, [1198, 93, 0, 0, 1, 894, 1493, 1, 1, 2, 2, 1, 0, 0, 0]),
 (16, [1010, 67, 1, 0, 0, 890, 1945, 0, 0, 1, 1, 0, 1, 1, 1]),
 (16, [935, 108, 0, 1, 1, 722, 1983, 0, 1, 0, 0, 1, 0, 1, 0]),
 (16, [830, 84, 1, 0, 0, 1975, 1430, 1, 0, 0, 0, 0, 0, 0, 0]),
 (16, [724, 45, 0, 1, 1, 584, 1558, 1, 1, 2, 1, 0, 2, 1, 2]),
 (16, [638, 105, 0, 0, 0, 1769, 1044, 1, 1, 1, 0, 1, 1, 0, 2]),
 (12, [1994, 105, 0, 1, 0, 1602, 1185, 1, 0, 1, 3, 1, 2, 1, 1]),
 (12, [1618, 79, 0, 1, 0, 1329, 1743, 1, 1, 1, 3, 1, 0, 0, 0]),
 (12, [1568, 118, 1, 1, 0, 1758, 1633, 0, 1, 2, 0, 1, 2, 2, 0]),
 (12, [1434, 104, 1, 0, 1, 1136, 1824, 1, 0, 2, 2, 1, 0, 2, 0]),
 (12, [984, 91, 0, 0, 1, 937, 1973, 1, 1, 2, 1, 0, 0, 2, 0])]
scored
[(12, [984, 91, 0, 0, 1, 937, 1973, 1, 1, 2, 1, 0, 0, 2, 0]),
 (12, [1434, 104, 1, 0, 1, 1136, 1824, 1, 0, 2, 2, 1, 0, 2, 0]),
 (12, [1568, 118, 1, 1, 0, 1758, 1633, 0, 1, 2, 0, 1, 2, 2, 0]),
 (12, [1618, 79, 0, 1, 0, 1329, 1743, 1, 1, 1, 3, 1, 0, 0, 0]),
 (12, [1994, 105, 0, 1, 0, 1602, 1185, 1, 0, 1, 3, 1, 2, 1, 1]),
 (16, [638, 105, 0, 0, 0, 1769, 1044, 1, 1, 1, 0, 1, 1, 0, 2]),
 (16, [724, 45, 0, 1, 1, 584, 1558, 1, 1, 2, 1, 0, 2, 1, 2]),
 (16, [830, 84, 1, 0, 0, 1975, 1430, 1, 0, 0, 0, 0, 0, 0, 0]),
 (16, [935, 108, 0, 1, 1, 722, 1983, 0, 1, 0, 0, 1, 0, 1, 0]),
 (16, [1010, 67, 1, 0, 0, 890, 1945, 0, 0, 1, 1, 0, 1, 1, 1]),
 (16, [1198, 93, 0, 0, 1, 894, 1493, 1, 1, 2, 2, 1, 0, 0, 0]),
 (16, [1240, 89, 0, 0, 1, 1848, 687, 0, 0, 0, 0, 0, 2, 1, 2]),
 (16, [1373, 46, 1, 1, 0, 836, 1175, 1, 1, 2, 0, 1, 0, 1, 0]),
 (16, [1383, 10, 1, 0, 1, 573, 1852, 0, 1, 2, 0, 0, 2, 2, 1]),
 (16, [1474, 40, 1, 1, 0, 1235, 1096, 0, 1, 1, 3, 1, 2, 1, 2]),
 (16, [1495, 52, 1, 0, 0, 1944, 707, 1, 1, 2, 2, 0, 2, 2, 2]),
 (16, [1526, 113, 0, 1, 0, 849, 1631, 1, 0, 2, 0, 0, 2, 0, 2]),
 (16, [1571, 118, 1, 0, 1, 820, 1072, 0, 1, 2, 4, 1, 1, 1, 0]),
 (16, [1596, 94, 1, 0, 1, 706, 1085, 1, 0, 1, 0, 1, 1, 0, 1]),
 (16, [1630, 86, 1, 1, 1, 1454, 687, 1, 1, 2, 2, 0, 2, 2, 2]),
 (16, [1917, 95, 1, 0, 1, 1287, 1971, 1, 0, 1, 2, 0, 0, 0, 1]),
 (16, [1939, 29, 1, 1, 0, 1499, 1390, 1, 0, 2, 2, 0, 1, 0, 2]),
 (999, [629, 113, 0, 1, 0, 1294, 1436, 1, 1, 3, 1, 0, 0, 2, 1]),
 (999, [649, 92, 0, 0, 1, 1840, 1628, 0, 0, 1, 5, 0, 2, 1, 0]),
 (999, [910, 110, 1, 0, 1, 647, 1547, 1, 0, 3, 3, 0, 2, 0, 1]),
 (999, [973, 29, 0, 1, 0, 1631, 1670, 1, 1, 1, 5, 0, 2, 0, 1]),
 (999, [1019, 19, 0, 1, 0, 1173, 1521, 0, 1, 3, 2, 1, 1, 0, 0]),
 (999, [1363, 48, 0, 0, 1, 1380, 1891, 0, 1, 3, 5, 1, 0, 2, 1]),
 (999, [1402, 108, 1, 1, 1, 1823, 1118, 1, 1, 3, 1, 0, 1, 1, 1]),
 (999, [1664, 52, 0, 1, 0, 1071, 1134, 1, 1, 0, 5, 0, 2, 0, 0]),
 (999, [1685, 64, 0, 1, 1, 692, 1021, 0, 1, 2, 5, 0, 2, 2, 2]),
 (999, [1769, 62, 1, 1, 0, 747, 661, 0, 0, 3, 1, 0, 0, 0, 0])]
Selected
[(12, [1568, 118, 1, 1, 0, 1758, 1633, 0, 1, 2, 0, 1, 2, 2, 0]),
 (12, [1434, 104, 1, 0, 1, 1136, 1824, 1, 0, 2, 2, 1, 0, 2, 0]),
 (16, [935, 108, 0, 1, 1, 722, 1983, 0, 1, 0, 0, 1, 0, 1, 0]),
 (16, [724, 45, 0, 1, 1, 584, 1558, 1, 1, 2, 1, 0, 2, 1, 2]),
 (16, [935, 108, 0, 1, 1, 722, 1983, 0, 1, 0, 0, 1, 0, 1, 0]),
 (12, [984, 91, 0, 0, 1, 937, 1973, 1, 1, 2, 1, 0, 0, 2, 0]),
 (16, [1240, 89, 0, 0, 1, 1848, 687, 0, 0, 0, 0, 0, 2, 1, 2]),
 (12, [1618, 79, 0, 1, 0, 1329, 1743, 1, 1, 1, 3, 1, 0, 0, 0]),
 (12, [1618, 79, 0, 1, 0, 1329, 1743, 1, 1, 1, 3, 1, 0, 0, 0]),
 (16, [1474, 40, 1, 1, 0, 1235, 1096, 0, 1, 1, 3, 1, 2, 1, 2]),
 (16, [830, 84, 1, 0, 0, 1975, 1430, 1, 0, 0, 0, 0, 0, 0, 0]),
 (12, [1994, 105, 0, 1, 0, 1602, 1185, 1, 0, 1, 3, 1, 2, 1, 1]),
 (16, [830, 84, 1, 0, 0, 1975, 1430, 1, 0, 0, 0, 0, 0, 0, 0]),
 (12, [1618, 79, 0, 1, 0, 1329, 1743, 1, 1, 1, 3, 1, 0, 0, 0]),
 (12, [1434, 104, 1, 0, 1, 1136, 1824, 1, 0, 2, 2, 1, 0, 2, 0]),
 (12, [1434, 104, 1, 0, 1, 1136, 1824, 1, 0, 2, 2, 1, 0, 2, 0]),
 (12, [1434, 104, 1, 0, 1, 1136, 1824, 1, 0, 2, 2, 1, 0, 2, 0]),
 (12, [1618, 79, 0, 1, 0, 1329, 1743, 1, 1, 1, 3, 1, 0, 0, 0]),
 (16, [935, 108, 0, 1, 1, 722, 1983, 0, 1, 0, 0, 1, 0, 1, 0]),
 (12, [1568, 118, 1, 1, 0, 1758, 1633, 0, 1, 2, 0, 1, 2, 2, 0]),
 (16, [724, 45, 0, 1, 1, 584, 1558, 1, 1, 2, 1, 0, 2, 1, 2]),
 (12, [1618, 79, 0, 1, 0, 1329, 1743, 1, 1, 1, 3, 1, 0, 0, 0]),
 (12, [984, 91, 0, 0, 1, 937, 1973, 1, 1, 2, 1, 0, 0, 2, 0]),
 (12, [1618, 79, 0, 1, 0, 1329, 1743, 1, 1, 1, 3, 1, 0, 0, 0]),
 (12, [1994, 105, 0, 1, 0, 1602, 1185, 1, 0, 1, 3, 1, 2, 1, 1]),
 (12, [984, 91, 0, 0, 1, 937, 1973, 1, 1, 2, 1, 0, 0, 2, 0]),
 (16, [1373, 46, 1, 1, 0, 836, 1175, 1, 1, 2, 0, 1, 0, 1, 0])]
population
[(999, [1769, 62, 1, 1, 0, 747, 661, 0, 0, 3, 1, 0, 0, 0, 0]),
 (999, [1685, 64, 0, 1, 1, 692, 1021, 0, 1, 2, 5, 0, 2, 2, 2]),
 (999, [1664, 52, 0, 1, 0, 1071, 1134, 1, 1, 0, 5, 0, 2, 0, 0]),
 (999, [1402, 108, 1, 1, 1, 1823, 1118, 1, 1, 3, 1, 0, 1, 1, 1]),
 (999, [1363, 48, 0, 0, 1, 1380, 1891, 0, 1, 3, 5, 1, 0, 2, 1]),
 (999, [1019, 19, 0, 1, 0, 1173, 1521, 0, 1, 3, 2, 1, 1, 0, 0]),
 (999, [973, 29, 0, 1, 0, 1631, 1670, 1, 1, 1, 5, 0, 2, 0, 1]),
 (999, [910, 110, 1, 0, 1, 647, 1547, 1, 0, 3, 3, 0, 2, 0, 1]),
 (999, [649, 92, 0, 0, 1, 1840, 1628, 0, 0, 1, 5, 0, 2, 1, 0]),
 (999, [629, 113, 0, 1, 0, 1294, 1436, 1, 1, 3, 1, 0, 0, 2, 1]),
 (16, [1939, 29, 1, 1, 0, 1499, 1390, 1, 0, 2, 2, 0, 1, 0, 2]),
 (16, [1917, 95, 1, 0, 1, 1287, 1971, 1, 0, 1, 2, 0, 0, 0, 1]),
 (16, [1630, 86, 1, 1, 1, 1454, 687, 1, 1, 2, 2, 0, 2, 2, 2]),
 (16, [1596, 94, 1, 0, 1, 706, 1085, 1, 0, 1, 0, 1, 1, 0, 1]),
 (16, [1571, 118, 1, 0, 1, 820, 1072, 0, 1, 2, 4, 1, 1, 1, 0]),
 (16, [1526, 113, 0, 1, 0, 849, 1631, 1, 0, 2, 0, 0, 2, 0, 2]),
 (16, [1495, 52, 1, 0, 0, 1944, 707, 1, 1, 2, 2, 0, 2, 2, 2]),
 (16, [1474, 40, 1, 1, 0, 1235, 1096, 0, 1, 1, 3, 1, 2, 1, 2]),
 (16, [1383, 10, 1, 0, 1, 573, 1852, 0, 1, 2, 0, 0, 2, 2, 1]),
 (16, [1373, 46, 1, 1, 0, 836, 1175, 1, 1, 2, 0, 1, 0, 1, 0]),
 (16, [1240, 89, 0, 0, 1, 1848, 687, 0, 0, 0, 0, 0, 2, 1, 2]),
 (16, [1198, 93, 0, 0, 1, 894, 1493, 1, 1, 2, 2, 1, 0, 0, 0]),
 (16, [1010, 67, 1, 0, 0, 890, 1945, 0, 0, 1, 1, 0, 1, 1, 1]),
 (16, [935, 108, 0, 1, 1, 722, 1983, 0, 1, 0, 0, 1, 0, 1, 0]),
 (16, [830, 84, 1, 0, 0, 1975, 1430, 1, 0, 0, 0, 0, 0, 0, 0]),
 (16, [724, 45, 0, 1, 1, 584, 1558, 1, 1, 2, 1, 0, 2, 1, 2]),
 (16, [638, 105, 0, 0, 0, 1769, 1044, 1, 1, 1, 0, 1, 1, 0, 2]),
 (12, [1994, 105, 0, 1, 0, 1602, 1185, 1, 0, 1, 3, 1, 2, 1, 1]),
 (12, [1618, 79, 0, 1, 0, 1329, 1743, 1, 1, 1, 3, 1, 0, 0, 0]),
 (12, [1568, 118, 1, 1, 0, 1758, 1633, 0, 1, 2, 0, 1, 2, 2, 0]),
 (12, [1434, 104, 1, 0, 1, 1136, 1824, 1, 0, 2, 2, 1, 0, 2, 0]),
 (12, [984, 91, 0, 0, 1, 937, 1973, 1, 1, 2, 1, 0, 0, 2, 0])]
scored
[(12, [984, 91, 0, 0, 1, 937, 1973, 1, 1, 2, 1, 0, 0, 2, 0]),
 (12, [1434, 104, 1, 0, 1, 1136, 1824, 1, 0, 2, 2, 1, 0, 2, 0]),
 (12, [1568, 118, 1, 1, 0, 1758, 1633, 0, 1, 2, 0, 1, 2, 2, 0]),
 (12, [1618, 79, 0, 1, 0, 1329, 1743, 1, 1, 1, 3, 1, 0, 0, 0]),
 (12, [1994, 105, 0, 1, 0, 1602, 1185, 1, 0, 1, 3, 1, 2, 1, 1]),
 (16, [638, 105, 0, 0, 0, 1769, 1044, 1, 1, 1, 0, 1, 1, 0, 2]),
 (16, [724, 45, 0, 1, 1, 584, 1558, 1, 1, 2, 1, 0, 2, 1, 2]),
 (16, [830, 84, 1, 0, 0, 1975, 1430, 1, 0, 0, 0, 0, 0, 0, 0]),
 (16, [935, 108, 0, 1, 1, 722, 1983, 0, 1, 0, 0, 1, 0, 1, 0]),
 (16, [1010, 67, 1, 0, 0, 890, 1945, 0, 0, 1, 1, 0, 1, 1, 1]),
 (16, [1198, 93, 0, 0, 1, 894, 1493, 1, 1, 2, 2, 1, 0, 0, 0]),
 (16, [1240, 89, 0, 0, 1, 1848, 687, 0, 0, 0, 0, 0, 2, 1, 2]),
 (16, [1373, 46, 1, 1, 0, 836, 1175, 1, 1, 2, 0, 1, 0, 1, 0]),
 (16, [1383, 10, 1, 0, 1, 573, 1852, 0, 1, 2, 0, 0, 2, 2, 1]),
 (16, [1474, 40, 1, 1, 0, 1235, 1096, 0, 1, 1, 3, 1, 2, 1, 2]),
 (16, [1495, 52, 1, 0, 0, 1944, 707, 1, 1, 2, 2, 0, 2, 2, 2]),
 (16, [1526, 113, 0, 1, 0, 849, 1631, 1, 0, 2, 0, 0, 2, 0, 2]),
 (16, [1571, 118, 1, 0, 1, 820, 1072, 0, 1, 2, 4, 1, 1, 1, 0]),
 (16, [1596, 94, 1, 0, 1, 706, 1085, 1, 0, 1, 0, 1, 1, 0, 1]),
 (16, [1630, 86, 1, 1, 1, 1454, 687, 1, 1, 2, 2, 0, 2, 2, 2]),
 (16, [1917, 95, 1, 0, 1, 1287, 1971, 1, 0, 1, 2, 0, 0, 0, 1]),
 (16, [1939, 29, 1, 1, 0, 1499, 1390, 1, 0, 2, 2, 0, 1, 0, 2]),
 (999, [629, 113, 0, 1, 0, 1294, 1436, 1, 1, 3, 1, 0, 0, 2, 1]),
 (999, [649, 92, 0, 0, 1, 1840, 1628, 0, 0, 1, 5, 0, 2, 1, 0]),
 (999, [910, 110, 1, 0, 1, 647, 1547, 1, 0, 3, 3, 0, 2, 0, 1]),
 (999, [973, 29, 0, 1, 0, 1631, 1670, 1, 1, 1, 5, 0, 2, 0, 1]),
 (999, [1019, 19, 0, 1, 0, 1173, 1521, 0, 1, 3, 2, 1, 1, 0, 0]),
 (999, [1363, 48, 0, 0, 1, 1380, 1891, 0, 1, 3, 5, 1, 0, 2, 1]),
 (999, [1402, 108, 1, 1, 1, 1823, 1118, 1, 1, 3, 1, 0, 1, 1, 1]),
 (999, [1664, 52, 0, 1, 0, 1071, 1134, 1, 1, 0, 5, 0, 2, 0, 0]),
 (999, [1685, 64, 0, 1, 1, 692, 1021, 0, 1, 2, 5, 0, 2, 2, 2]),
 (999, [1769, 62, 1, 1, 0, 747, 661, 0, 0, 3, 1, 0, 0, 0, 0])]
Selected
[(12, [1994, 105, 0, 1, 0, 1602, 1185, 1, 0, 1, 3, 1, 2, 1, 1]),
 (12, [1994, 105, 0, 1, 0, 1602, 1185, 1, 0, 1, 3, 1, 2, 1, 1]),
 (12, [1994, 105, 0, 1, 0, 1602, 1185, 1, 0, 1, 3, 1, 2, 1, 1]),
 (16, [935, 108, 0, 1, 1, 722, 1983, 0, 1, 0, 0, 1, 0, 1, 0]),
 (16, [1240, 89, 0, 0, 1, 1848, 687, 0, 0, 0, 0, 0, 2, 1, 2]),
 (12, [984, 91, 0, 0, 1, 937, 1973, 1, 1, 2, 1, 0, 0, 2, 0]),
 (12, [984, 91, 0, 0, 1, 937, 1973, 1, 1, 2, 1, 0, 0, 2, 0]),
 (12, [984, 91, 0, 0, 1, 937, 1973, 1, 1, 2, 1, 0, 0, 2, 0]),
 (16, [1240, 89, 0, 0, 1, 1848, 687, 0, 0, 0, 0, 0, 2, 1, 2]),
 (16, [1010, 67, 1, 0, 0, 890, 1945, 0, 0, 1, 1, 0, 1, 1, 1]),
 (12, [984, 91, 0, 0, 1, 937, 1973, 1, 1, 2, 1, 0, 0, 2, 0]),
 (12, [1434, 104, 1, 0, 1, 1136, 1824, 1, 0, 2, 2, 1, 0, 2, 0]),
 (12, [1434, 104, 1, 0, 1, 1136, 1824, 1, 0, 2, 2, 1, 0, 2, 0]),
 (16, [1010, 67, 1, 0, 0, 890, 1945, 0, 0, 1, 1, 0, 1, 1, 1]),
 (12, [984, 91, 0, 0, 1, 937, 1973, 1, 1, 2, 1, 0, 0, 2, 0]),
 (12, [984, 91, 0, 0, 1, 937, 1973, 1, 1, 2, 1, 0, 0, 2, 0]),
 (16, [1010, 67, 1, 0, 0, 890, 1945, 0, 0, 1, 1, 0, 1, 1, 1]),
 (16, [1571, 118, 1, 0, 1, 820, 1072, 0, 1, 2, 4, 1, 1, 1, 0]),
 (12, [1618, 79, 0, 1, 0, 1329, 1743, 1, 1, 1, 3, 1, 0, 0, 0]),
 (16, [1198, 93, 0, 0, 1, 894, 1493, 1, 1, 2, 2, 1, 0, 0, 0]),
 (12, [984, 91, 0, 0, 1, 937, 1973, 1, 1, 2, 1, 0, 0, 2, 0]),
 (12, [1434, 104, 1, 0, 1, 1136, 1824, 1, 0, 2, 2, 1, 0, 2, 0]),
 (16, [724, 45, 0, 1, 1, 584, 1558, 1, 1, 2, 1, 0, 2, 1, 2]),
 (12, [984, 91, 0, 0, 1, 937, 1973, 1, 1, 2, 1, 0, 0, 2, 0]),
 (16, [638, 105, 0, 0, 0, 1769, 1044, 1, 1, 1, 0, 1, 1, 0, 2]),
 (12, [1568, 118, 1, 1, 0, 1758, 1633, 0, 1, 2, 0, 1, 2, 2, 0]),
 (12, [984, 91, 0, 0, 1, 937, 1973, 1, 1, 2, 1, 0, 0, 2, 0])]
population
[(999, [1769, 62, 1, 1, 0, 747, 661, 0, 0, 3, 1, 0, 0, 0, 0]),
 (999, [1685, 64, 0, 1, 1, 692, 1021, 0, 1, 2, 5, 0, 2, 2, 2]),
 (999, [1664, 52, 0, 1, 0, 1071, 1134, 1, 1, 0, 5, 0, 2, 0, 0]),
 (999, [1402, 108, 1, 1, 1, 1823, 1118, 1, 1, 3, 1, 0, 1, 1, 1]),
 (999, [1363, 48, 0, 0, 1, 1380, 1891, 0, 1, 3, 5, 1, 0, 2, 1]),
 (999, [1019, 19, 0, 1, 0, 1173, 1521, 0, 1, 3, 2, 1, 1, 0, 0]),
 (999, [973, 29, 0, 1, 0, 1631, 1670, 1, 1, 1, 5, 0, 2, 0, 1]),
 (999, [910, 110, 1, 0, 1, 647, 1547, 1, 0, 3, 3, 0, 2, 0, 1]),
 (999, [649, 92, 0, 0, 1, 1840, 1628, 0, 0, 1, 5, 0, 2, 1, 0]),
 (999, [629, 113, 0, 1, 0, 1294, 1436, 1, 1, 3, 1, 0, 0, 2, 1]),
 (16, [1939, 29, 1, 1, 0, 1499, 1390, 1, 0, 2, 2, 0, 1, 0, 2]),
 (16, [1917, 95, 1, 0, 1, 1287, 1971, 1, 0, 1, 2, 0, 0, 0, 1]),
 (16, [1630, 86, 1, 1, 1, 1454, 687, 1, 1, 2, 2, 0, 2, 2, 2]),
 (16, [1596, 94, 1, 0, 1, 706, 1085, 1, 0, 1, 0, 1, 1, 0, 1]),
 (16, [1571, 118, 1, 0, 1, 820, 1072, 0, 1, 2, 4, 1, 1, 1, 0]),
 (16, [1526, 113, 0, 1, 0, 849, 1631, 1, 0, 2, 0, 0, 2, 0, 2]),
 (16, [1495, 52, 1, 0, 0, 1944, 707, 1, 1, 2, 2, 0, 2, 2, 2]),
 (16, [1474, 40, 1, 1, 0, 1235, 1096, 0, 1, 1, 3, 1, 2, 1, 2]),
 (16, [1383, 10, 1, 0, 1, 573, 1852, 0, 1, 2, 0, 0, 2, 2, 1]),
 (16, [1373, 46, 1, 1, 0, 836, 1175, 1, 1, 2, 0, 1, 0, 1, 0]),
 (16, [1240, 89, 0, 0, 1, 1848, 687, 0, 0, 0, 0, 0, 2, 1, 2]),
 (16, [1198, 93, 0, 0, 1, 894, 1493, 1, 1, 2, 2, 1, 0, 0, 0]),
 (16, [1010, 67, 1, 0, 0, 890, 1945, 0, 0, 1, 1, 0, 1, 1, 1]),
 (16, [935, 108, 0, 1, 1, 722, 1983, 0, 1, 0, 0, 1, 0, 1, 0]),
 (16, [830, 84, 1, 0, 0, 1975, 1430, 1, 0, 0, 0, 0, 0, 0, 0]),
 (16, [724, 45, 0, 1, 1, 584, 1558, 1, 1, 2, 1, 0, 2, 1, 2]),
 (16, [638, 105, 0, 0, 0, 1769, 1044, 1, 1, 1, 0, 1, 1, 0, 2]),
 (12, [1994, 105, 0, 1, 0, 1602, 1185, 1, 0, 1, 3, 1, 2, 1, 1]),
 (12, [1618, 79, 0, 1, 0, 1329, 1743, 1, 1, 1, 3, 1, 0, 0, 0]),
 (12, [1568, 118, 1, 1, 0, 1758, 1633, 0, 1, 2, 0, 1, 2, 2, 0]),
 (12, [1434, 104, 1, 0, 1, 1136, 1824, 1, 0, 2, 2, 1, 0, 2, 0]),
 (12, [984, 91, 0, 0, 1, 937, 1973, 1, 1, 2, 1, 0, 0, 2, 0])]
scored
[(12, [984, 91, 0, 0, 1, 937, 1973, 1, 1, 2, 1, 0, 0, 2, 0]),
 (12, [1434, 104, 1, 0, 1, 1136, 1824, 1, 0, 2, 2, 1, 0, 2, 0]),
 (12, [1568, 118, 1, 1, 0, 1758, 1633, 0, 1, 2, 0, 1, 2, 2, 0]),
 (12, [1618, 79, 0, 1, 0, 1329, 1743, 1, 1, 1, 3, 1, 0, 0, 0]),
 (12, [1994, 105, 0, 1, 0, 1602, 1185, 1, 0, 1, 3, 1, 2, 1, 1]),
 (16, [638, 105, 0, 0, 0, 1769, 1044, 1, 1, 1, 0, 1, 1, 0, 2]),
 (16, [724, 45, 0, 1, 1, 584, 1558, 1, 1, 2, 1, 0, 2, 1, 2]),
 (16, [830, 84, 1, 0, 0, 1975, 1430, 1, 0, 0, 0, 0, 0, 0, 0]),
 (16, [935, 108, 0, 1, 1, 722, 1983, 0, 1, 0, 0, 1, 0, 1, 0]),
 (16, [1010, 67, 1, 0, 0, 890, 1945, 0, 0, 1, 1, 0, 1, 1, 1]),
 (16, [1198, 93, 0, 0, 1, 894, 1493, 1, 1, 2, 2, 1, 0, 0, 0]),
 (16, [1240, 89, 0, 0, 1, 1848, 687, 0, 0, 0, 0, 0, 2, 1, 2]),
 (16, [1373, 46, 1, 1, 0, 836, 1175, 1, 1, 2, 0, 1, 0, 1, 0]),
 (16, [1383, 10, 1, 0, 1, 573, 1852, 0, 1, 2, 0, 0, 2, 2, 1]),
 (16, [1474, 40, 1, 1, 0, 1235, 1096, 0, 1, 1, 3, 1, 2, 1, 2]),
 (16, [1495, 52, 1, 0, 0, 1944, 707, 1, 1, 2, 2, 0, 2, 2, 2]),
 (16, [1526, 113, 0, 1, 0, 849, 1631, 1, 0, 2, 0, 0, 2, 0, 2]),
 (16, [1571, 118, 1, 0, 1, 820, 1072, 0, 1, 2, 4, 1, 1, 1, 0]),
 (16, [1596, 94, 1, 0, 1, 706, 1085, 1, 0, 1, 0, 1, 1, 0, 1]),
 (16, [1630, 86, 1, 1, 1, 1454, 687, 1, 1, 2, 2, 0, 2, 2, 2]),
 (16, [1917, 95, 1, 0, 1, 1287, 1971, 1, 0, 1, 2, 0, 0, 0, 1]),
 (16, [1939, 29, 1, 1, 0, 1499, 1390, 1, 0, 2, 2, 0, 1, 0, 2]),
 (999, [629, 113, 0, 1, 0, 1294, 1436, 1, 1, 3, 1, 0, 0, 2, 1]),
 (999, [649, 92, 0, 0, 1, 1840, 1628, 0, 0, 1, 5, 0, 2, 1, 0]),
 (999, [910, 110, 1, 0, 1, 647, 1547, 1, 0, 3, 3, 0, 2, 0, 1]),
 (999, [973, 29, 0, 1, 0, 1631, 1670, 1, 1, 1, 5, 0, 2, 0, 1]),
 (999, [1019, 19, 0, 1, 0, 1173, 1521, 0, 1, 3, 2, 1, 1, 0, 0]),
 (999, [1363, 48, 0, 0, 1, 1380, 1891, 0, 1, 3, 5, 1, 0, 2, 1]),
 (999, [1402, 108, 1, 1, 1, 1823, 1118, 1, 1, 3, 1, 0, 1, 1, 1]),
 (999, [1664, 52, 0, 1, 0, 1071, 1134, 1, 1, 0, 5, 0, 2, 0, 0]),
 (999, [1685, 64, 0, 1, 1, 692, 1021, 0, 1, 2, 5, 0, 2, 2, 2]),
 (999, [1769, 62, 1, 1, 0, 747, 661, 0, 0, 3, 1, 0, 0, 0, 0])]
Selected
[(16, [1383, 10, 1, 0, 1, 573, 1852, 0, 1, 2, 0, 0, 2, 2, 1]),
 (12, [1618, 79, 0, 1, 0, 1329, 1743, 1, 1, 1, 3, 1, 0, 0, 0]),
 (16, [638, 105, 0, 0, 0, 1769, 1044, 1, 1, 1, 0, 1, 1, 0, 2]),
 (12, [984, 91, 0, 0, 1, 937, 1973, 1, 1, 2, 1, 0, 0, 2, 0]),
 (12, [1994, 105, 0, 1, 0, 1602, 1185, 1, 0, 1, 3, 1, 2, 1, 1]),
 (12, [1994, 105, 0, 1, 0, 1602, 1185, 1, 0, 1, 3, 1, 2, 1, 1]),
 (16, [935, 108, 0, 1, 1, 722, 1983, 0, 1, 0, 0, 1, 0, 1, 0]),
 (12, [1618, 79, 0, 1, 0, 1329, 1743, 1, 1, 1, 3, 1, 0, 0, 0]),
 (12, [984, 91, 0, 0, 1, 937, 1973, 1, 1, 2, 1, 0, 0, 2, 0]),
 (12, [1568, 118, 1, 1, 0, 1758, 1633, 0, 1, 2, 0, 1, 2, 2, 0]),
 (12, [1434, 104, 1, 0, 1, 1136, 1824, 1, 0, 2, 2, 1, 0, 2, 0]),
 (12, [1618, 79, 0, 1, 0, 1329, 1743, 1, 1, 1, 3, 1, 0, 0, 0]),
 (12, [984, 91, 0, 0, 1, 937, 1973, 1, 1, 2, 1, 0, 0, 2, 0]),
 (12, [1434, 104, 1, 0, 1, 1136, 1824, 1, 0, 2, 2, 1, 0, 2, 0]),
 (16, [830, 84, 1, 0, 0, 1975, 1430, 1, 0, 0, 0, 0, 0, 0, 0]),
 (16, [638, 105, 0, 0, 0, 1769, 1044, 1, 1, 1, 0, 1, 1, 0, 2]),
 (12, [1994, 105, 0, 1, 0, 1602, 1185, 1, 0, 1, 3, 1, 2, 1, 1]),
 (16, [935, 108, 0, 1, 1, 722, 1983, 0, 1, 0, 0, 1, 0, 1, 0]),
 (16, [1495, 52, 1, 0, 0, 1944, 707, 1, 1, 2, 2, 0, 2, 2, 2]),
 (16, [830, 84, 1, 0, 0, 1975, 1430, 1, 0, 0, 0, 0, 0, 0, 0]),
 (12, [1434, 104, 1, 0, 1, 1136, 1824, 1, 0, 2, 2, 1, 0, 2, 0]),
 (16, [724, 45, 0, 1, 1, 584, 1558, 1, 1, 2, 1, 0, 2, 1, 2]),
 (16, [724, 45, 0, 1, 1, 584, 1558, 1, 1, 2, 1, 0, 2, 1, 2]),
 (16, [1198, 93, 0, 0, 1, 894, 1493, 1, 1, 2, 2, 1, 0, 0, 0]),
 (12, [1568, 118, 1, 1, 0, 1758, 1633, 0, 1, 2, 0, 1, 2, 2, 0]),
 (16, [638, 105, 0, 0, 0, 1769, 1044, 1, 1, 1, 0, 1, 1, 0, 2]),
 (12, [1618, 79, 0, 1, 0, 1329, 1743, 1, 1, 1, 3, 1, 0, 0, 0])]

Poblacin de 32 individuos durante 15 generaciones
Poblacin inicial:
[(999, [1769, 62, 1, 1, 0, 747, 661, 0, 0, 3, 1, 0, 0, 0, 0]),
 (999, [1685, 64, 0, 1, 1, 692, 1021, 0, 1, 2, 5, 0, 2, 2, 2]),
 (999, [1664, 52, 0, 1, 0, 1071, 1134, 1, 1, 0, 5, 0, 2, 0, 0]),
 (999, [1402, 108, 1, 1, 1, 1823, 1118, 1, 1, 3, 1, 0, 1, 1, 1]),
 (999, [1363, 48, 0, 0, 1, 1380, 1891, 0, 1, 3, 5, 1, 0, 2, 1]),
 (999, [1019, 19, 0, 1, 0, 1173, 1521, 0, 1, 3, 2, 1, 1, 0, 0]),
 (999, [973, 29, 0, 1, 0, 1631, 1670, 1, 1, 1, 5, 0, 2, 0, 1]),
 (999, [910, 110, 1, 0, 1, 647, 1547, 1, 0, 3, 3, 0, 2, 0, 1]),
 (999, [649, 92, 0, 0, 1, 1840, 1628, 0, 0, 1, 5, 0, 2, 1, 0]),
 (999, [629, 113, 0, 1, 0, 1294, 1436, 1, 1, 3, 1, 0, 0, 2, 1]),
 (16, [1939, 29, 1, 1, 0, 1499, 1390, 1, 0, 2, 2, 0, 1, 0, 2]),
 (16, [1917, 95, 1, 0, 1, 1287, 1971, 1, 0, 1, 2, 0, 0, 0, 1]),
 (16, [1630, 86, 1, 1, 1, 1454, 687, 1, 1, 2, 2, 0, 2, 2, 2]),
 (16, [1596, 94, 1, 0, 1, 706, 1085, 1, 0, 1, 0, 1, 1, 0, 1]),
 (16, [1571, 118, 1, 0, 1, 820, 1072, 0, 1, 2, 4, 1, 1, 1, 0]),
 (16, [1526, 113, 0, 1, 0, 849, 1631, 1, 0, 2, 0, 0, 2, 0, 2]),
 (16, [1495, 52, 1, 0, 0, 1944, 707, 1, 1, 2, 2, 0, 2, 2, 2]),
 (16, [1474, 40, 1, 1, 0, 1235, 1096, 0, 1, 1, 3, 1, 2, 1, 2]),
 (16, [1383, 10, 1, 0, 1, 573, 1852, 0, 1, 2, 0, 0, 2, 2, 1]),
 (16, [1373, 46, 1, 1, 0, 836, 1175, 1, 1, 2, 0, 1, 0, 1, 0]),
 (16, [1240, 89, 0, 0, 1, 1848, 687, 0, 0, 0, 0, 0, 2, 1, 2]),
 (16, [1198, 93, 0, 0, 1, 894, 1493, 1, 1, 2, 2, 1, 0, 0, 0]),
 (16, [1010, 67, 1, 0, 0, 890, 1945, 0, 0, 1, 1, 0, 1, 1, 1]),
 (16, [935, 108, 0, 1, 1, 722, 1983, 0, 1, 0, 0, 1, 0, 1, 0]),
 (16, [830, 84, 1, 0, 0, 1975, 1430, 1, 0, 0, 0, 0, 0, 0, 0]),
 (16, [724, 45, 0, 1, 1, 584, 1558, 1, 1, 2, 1, 0, 2, 1, 2]),
 (16, [638, 105, 0, 0, 0, 1769, 1044, 1, 1, 1, 0, 1, 1, 0, 2]),
 (12, [1994, 105, 0, 1, 0, 1602, 1185, 1, 0, 1, 3, 1, 2, 1, 1]),
 (12, [1618, 79, 0, 1, 0, 1329, 1743, 1, 1, 1, 3, 1, 0, 0, 0]),
 (12, [1568, 118, 1, 1, 0, 1758, 1633, 0, 1, 2, 0, 1, 2, 2, 0]),
 (12, [1434, 104, 1, 0, 1, 1136, 1824, 1, 0, 2, 2, 1, 0, 2, 0]),
 (12, [984, 91, 0, 0, 1, 937, 1973, 1, 1, 2, 1, 0, 0, 2, 0])]
Poblacin final:
[(999, [1769, 62, 1, 1, 0, 747, 661, 0, 0, 3, 1, 0, 0, 0, 0]),
 (999, [1685, 64, 0, 1, 1, 692, 1021, 0, 1, 2, 5, 0, 2, 2, 2]),
 (999, [1664, 52, 0, 1, 0, 1071, 1134, 1, 1, 0, 5, 0, 2, 0, 0]),
 (999, [1402, 108, 1, 1, 1, 1823, 1118, 1, 1, 3, 1, 0, 1, 1, 1]),
 (999, [1363, 48, 0, 0, 1, 1380, 1891, 0, 1, 3, 5, 1, 0, 2, 1]),
 (999, [1019, 19, 0, 1, 0, 1173, 1521, 0, 1, 3, 2, 1, 1, 0, 0]),
 (999, [973, 29, 0, 1, 0, 1631, 1670, 1, 1, 1, 5, 0, 2, 0, 1]),
 (999, [910, 110, 1, 0, 1, 647, 1547, 1, 0, 3, 3, 0, 2, 0, 1]),
 (999, [649, 92, 0, 0, 1, 1840, 1628, 0, 0, 1, 5, 0, 2, 1, 0]),
 (999, [629, 113, 0, 1, 0, 1294, 1436, 1, 1, 3, 1, 0, 0, 2, 1]),
 (16, [1939, 29, 1, 1, 0, 1499, 1390, 1, 0, 2, 2, 0, 1, 0, 2]),
 (16, [1917, 95, 1, 0, 1, 1287, 1971, 1, 0, 1, 2, 0, 0, 0, 1]),
 (16, [1630, 86, 1, 1, 1, 1454, 687, 1, 1, 2, 2, 0, 2, 2, 2]),
 (16, [1596, 94, 1, 0, 1, 706, 1085, 1, 0, 1, 0, 1, 1, 0, 1]),
 (16, [1571, 118, 1, 0, 1, 820, 1072, 0, 1, 2, 4, 1, 1, 1, 0]),
 (16, [1526, 113, 0, 1, 0, 849, 1631, 1, 0, 2, 0, 0, 2, 0, 2]),
 (16, [1495, 52, 1, 0, 0, 1944, 707, 1, 1, 2, 2, 0, 2, 2, 2]),
 (16, [1474, 40, 1, 1, 0, 1235, 1096, 0, 1, 1, 3, 1, 2, 1, 2]),
 (16, [1383, 10, 1, 0, 1, 573, 1852, 0, 1, 2, 0, 0, 2, 2, 1]),
 (16, [1373, 46, 1, 1, 0, 836, 1175, 1, 1, 2, 0, 1, 0, 1, 0]),
 (16, [1240, 89, 0, 0, 1, 1848, 687, 0, 0, 0, 0, 0, 2, 1, 2]),
 (16, [1198, 93, 0, 0, 1, 894, 1493, 1, 1, 2, 2, 1, 0, 0, 0]),
 (16, [1010, 67, 1, 0, 0, 890, 1945, 0, 0, 1, 1, 0, 1, 1, 1]),
 (16, [935, 108, 0, 1, 1, 722, 1983, 0, 1, 0, 0, 1, 0, 1, 0]),
 (16, [830, 84, 1, 0, 0, 1975, 1430, 1, 0, 0, 0, 0, 0, 0, 0]),
 (16, [724, 45, 0, 1, 1, 584, 1558, 1, 1, 2, 1, 0, 2, 1, 2]),
 (16, [638, 105, 0, 0, 0, 1769, 1044, 1, 1, 1, 0, 1, 1, 0, 2]),
 (12, [1994, 105, 0, 1, 0, 1602, 1185, 1, 0, 1, 3, 1, 2, 1, 1]),
 (12, [1618, 79, 0, 1, 0, 1329, 1743, 1, 1, 1, 3, 1, 0, 0, 0]),
 (12, [1568, 118, 1, 1, 0, 1758, 1633, 0, 1, 2, 0, 1, 2, 2, 0]),
 (12, [1434, 104, 1, 0, 1, 1136, 1824, 1, 0, 2, 2, 1, 0, 2, 0]),
 (12, [984, 91, 0, 0, 1, 937, 1973, 1, 1, 2, 1, 0, 0, 2, 0])]
Elapsed time is 877.393397 seconds.
