 * Manually resetting nginx to stopped state
 * Manually resetting nginx to stopped state
 * Manually resetting nginx to stopped state
 * Manually resetting nginx to stopped state
 * Manually resetting nginx to stopped state
 * Manually resetting nginx to stopped state
 * Manually resetting nginx to stopped state
 * Manually resetting nginx to stopped state
 * Manually resetting nginx to stopped state
 * Manually resetting nginx to stopped state
 * Manually resetting nginx to stopped state
 * Manually resetting nginx to stopped state
 * Manually resetting nginx to stopped state
 * Manually resetting nginx to stopped state
 * Manually resetting nginx to stopped state
 * Manually resetting nginx to stopped state
 * Manually resetting nginx to stopped state
 * Manually resetting nginx to stopped state
 * Manually resetting nginx to stopped state
 * Manually resetting nginx to stopped state
 * Manually resetting nginx to stopped state
 * Manually resetting nginx to stopped state
 * Manually resetting nginx to stopped state
 * Manually resetting nginx to stopped state
genes: 15
individuals : 32
pressure: 5
mutation_chance: 0
generations: 15
crossover_type: 1
mutation_type_random: 1
Alerts:
16
Alerts:
17
Alerts:
12
Alerts:
16
Alerts:
16
Alerts:
12
Alerts:
17
Alerts:
16
Alerts:
12
Alerts:
16
Alerts:
16
Alerts:
16
Alerts:
12
Alerts:
13
Alerts:
16
Alerts:
17
Alerts:
16
Alerts:
12
Alerts:
16
Alerts:
16
Alerts:
33
Alerts:
16
Alerts:
12
Alerts:
34
population
[(16, [1324, 65, 1, 1, 1, 1261, 1337, 1, 1, 0, 1, 1, 2, 0, 0]),
 (17, [1401, 13, 0, 1, 0, 1016, 1405, 1, 0, 2, 4, 1, 0, 0, 0]),
 (999, [841, 55, 0, 0, 1, 1879, 1883, 0, 0, 3, 1, 0, 1, 2, 0]),
 (12, [1206, 83, 1, 1, 0, 878, 592, 0, 0, 0, 2, 1, 2, 2, 1]),
 (16, [1402, 10, 0, 0, 0, 1441, 1507, 0, 1, 1, 0, 0, 0, 0, 2]),
 (16, [1097, 35, 0, 0, 1, 1021, 916, 1, 1, 0, 0, 1, 1, 2, 0]),
 (999, [1441, 66, 0, 0, 0, 1890, 617, 0, 1, 3, 3, 0, 2, 0, 0]),
 (12, [1401, 15, 0, 0, 1, 1089, 935, 0, 1, 1, 4, 0, 1, 1, 2]),
 (17, [1166, 73, 1, 0, 0, 698, 960, 0, 1, 2, 0, 1, 0, 1, 2]),
 (16, [658, 11, 1, 1, 0, 1996, 1550, 0, 0, 1, 4, 1, 0, 2, 2]),
 (12, [1007, 45, 0, 1, 0, 1563, 593, 1, 0, 0, 1, 1, 2, 0, 1]),
 (16, [1843, 119, 1, 1, 1, 592, 598, 1, 0, 1, 4, 1, 0, 1, 2]),
 (999, [1130, 108, 0, 1, 1, 611, 1638, 0, 0, 3, 3, 1, 0, 0, 2]),
 (999, [1853, 70, 1, 1, 0, 1247, 1038, 1, 0, 3, 2, 1, 1, 1, 2]),
 (16, [1591, 19, 1, 0, 1, 1941, 1377, 0, 0, 2, 2, 0, 1, 0, 1]),
 (16, [858, 87, 1, 1, 0, 639, 1213, 0, 1, 2, 3, 1, 1, 2, 0]),
 (12, [953, 24, 1, 0, 1, 1504, 1091, 0, 0, 1, 0, 1, 0, 0, 2]),
 (13, [1142, 11, 1, 0, 0, 1181, 664, 1, 0, 2, 2, 1, 1, 2, 2]),
 (16, [917, 88, 0, 0, 0, 794, 865, 0, 1, 0, 3, 0, 0, 0, 0]),
 (17, [903, 40, 0, 0, 0, 671, 1366, 1, 1, 1, 3, 0, 1, 0, 1]),
 (16, [744, 106, 0, 1, 0, 858, 903, 1, 1, 1, 2, 1, 1, 2, 2]),
 (999, [631, 75, 0, 0, 0, 1855, 1962, 0, 1, 2, 5, 0, 0, 1, 0]),
 (12, [1911, 47, 1, 0, 1, 1561, 714, 1, 0, 2, 0, 1, 0, 0, 0]),
 (16, [1399, 78, 0, 1, 0, 860, 868, 1, 0, 2, 4, 1, 2, 1, 1]),
 (999, [1131, 53, 0, 0, 0, 1472, 1337, 1, 0, 2, 5, 0, 2, 1, 2]),
 (999, [752, 56, 0, 1, 0, 925, 927, 1, 0, 1, 5, 0, 2, 1, 2]),
 (999, [1695, 33, 0, 1, 1, 2025, 1817, 1, 0, 3, 2, 0, 1, 2, 1]),
 (16, [1404, 48, 1, 0, 1, 1967, 1700, 1, 0, 2, 1, 1, 2, 2, 2]),
 (33, [1317, 16, 1, 1, 0, 1815, 571, 1, 0, 2, 0, 0, 1, 2, 1]),
 (16, [1006, 74, 1, 0, 0, 1675, 796, 0, 1, 1, 3, 1, 2, 1, 2]),
 (12, [569, 110, 1, 0, 0, 1848, 1759, 1, 1, 2, 4, 1, 2, 2, 2]),
 (34, [974, 111, 0, 1, 0, 668, 551, 0, 0, 1, 4, 0, 2, 0, 2])]
scored
[(12, [569, 110, 1, 0, 0, 1848, 1759, 1, 1, 2, 4, 1, 2, 2, 2]),
 (12, [953, 24, 1, 0, 1, 1504, 1091, 0, 0, 1, 0, 1, 0, 0, 2]),
 (12, [1007, 45, 0, 1, 0, 1563, 593, 1, 0, 0, 1, 1, 2, 0, 1]),
 (12, [1206, 83, 1, 1, 0, 878, 592, 0, 0, 0, 2, 1, 2, 2, 1]),
 (12, [1401, 15, 0, 0, 1, 1089, 935, 0, 1, 1, 4, 0, 1, 1, 2]),
 (12, [1911, 47, 1, 0, 1, 1561, 714, 1, 0, 2, 0, 1, 0, 0, 0]),
 (13, [1142, 11, 1, 0, 0, 1181, 664, 1, 0, 2, 2, 1, 1, 2, 2]),
 (16, [658, 11, 1, 1, 0, 1996, 1550, 0, 0, 1, 4, 1, 0, 2, 2]),
 (16, [744, 106, 0, 1, 0, 858, 903, 1, 1, 1, 2, 1, 1, 2, 2]),
 (16, [858, 87, 1, 1, 0, 639, 1213, 0, 1, 2, 3, 1, 1, 2, 0]),
 (16, [917, 88, 0, 0, 0, 794, 865, 0, 1, 0, 3, 0, 0, 0, 0]),
 (16, [1006, 74, 1, 0, 0, 1675, 796, 0, 1, 1, 3, 1, 2, 1, 2]),
 (16, [1097, 35, 0, 0, 1, 1021, 916, 1, 1, 0, 0, 1, 1, 2, 0]),
 (16, [1324, 65, 1, 1, 1, 1261, 1337, 1, 1, 0, 1, 1, 2, 0, 0]),
 (16, [1399, 78, 0, 1, 0, 860, 868, 1, 0, 2, 4, 1, 2, 1, 1]),
 (16, [1402, 10, 0, 0, 0, 1441, 1507, 0, 1, 1, 0, 0, 0, 0, 2]),
 (16, [1404, 48, 1, 0, 1, 1967, 1700, 1, 0, 2, 1, 1, 2, 2, 2]),
 (16, [1591, 19, 1, 0, 1, 1941, 1377, 0, 0, 2, 2, 0, 1, 0, 1]),
 (16, [1843, 119, 1, 1, 1, 592, 598, 1, 0, 1, 4, 1, 0, 1, 2]),
 (17, [903, 40, 0, 0, 0, 671, 1366, 1, 1, 1, 3, 0, 1, 0, 1]),
 (17, [1166, 73, 1, 0, 0, 698, 960, 0, 1, 2, 0, 1, 0, 1, 2]),
 (17, [1401, 13, 0, 1, 0, 1016, 1405, 1, 0, 2, 4, 1, 0, 0, 0]),
 (33, [1317, 16, 1, 1, 0, 1815, 571, 1, 0, 2, 0, 0, 1, 2, 1]),
 (34, [974, 111, 0, 1, 0, 668, 551, 0, 0, 1, 4, 0, 2, 0, 2]),
 (999, [631, 75, 0, 0, 0, 1855, 1962, 0, 1, 2, 5, 0, 0, 1, 0]),
 (999, [752, 56, 0, 1, 0, 925, 927, 1, 0, 1, 5, 0, 2, 1, 2]),
 (999, [841, 55, 0, 0, 1, 1879, 1883, 0, 0, 3, 1, 0, 1, 2, 0]),
 (999, [1130, 108, 0, 1, 1, 611, 1638, 0, 0, 3, 3, 1, 0, 0, 2]),
 (999, [1131, 53, 0, 0, 0, 1472, 1337, 1, 0, 2, 5, 0, 2, 1, 2]),
 (999, [1441, 66, 0, 0, 0, 1890, 617, 0, 1, 3, 3, 0, 2, 0, 0]),
 (999, [1695, 33, 0, 1, 1, 2025, 1817, 1, 0, 3, 2, 0, 1, 2, 1]),
 (999, [1853, 70, 1, 1, 0, 1247, 1038, 1, 0, 3, 2, 1, 1, 1, 2])]
Selected
[(17, [903, 40, 0, 0, 0, 671, 1366, 1, 1, 1, 3, 0, 1, 0, 1]),
 (12, [1401, 15, 0, 0, 1, 1089, 935, 0, 1, 1, 4, 0, 1, 1, 2]),
 (12, [569, 110, 1, 0, 0, 1848, 1759, 1, 1, 2, 4, 1, 2, 2, 2]),
 (12, [953, 24, 1, 0, 1, 1504, 1091, 0, 0, 1, 0, 1, 0, 0, 2]),
 (13, [1142, 11, 1, 0, 0, 1181, 664, 1, 0, 2, 2, 1, 1, 2, 2]),
 (12, [569, 110, 1, 0, 0, 1848, 1759, 1, 1, 2, 4, 1, 2, 2, 2]),
 (13, [1142, 11, 1, 0, 0, 1181, 664, 1, 0, 2, 2, 1, 1, 2, 2]),
 (16, [1006, 74, 1, 0, 0, 1675, 796, 0, 1, 1, 3, 1, 2, 1, 2]),
 (12, [953, 24, 1, 0, 1, 1504, 1091, 0, 0, 1, 0, 1, 0, 0, 2]),
 (12, [1007, 45, 0, 1, 0, 1563, 593, 1, 0, 0, 1, 1, 2, 0, 1]),
 (12, [1911, 47, 1, 0, 1, 1561, 714, 1, 0, 2, 0, 1, 0, 0, 0]),
 (12, [953, 24, 1, 0, 1, 1504, 1091, 0, 0, 1, 0, 1, 0, 0, 2]),
 (12, [1007, 45, 0, 1, 0, 1563, 593, 1, 0, 0, 1, 1, 2, 0, 1]),
 (12, [569, 110, 1, 0, 0, 1848, 1759, 1, 1, 2, 4, 1, 2, 2, 2]),
 (12, [1401, 15, 0, 0, 1, 1089, 935, 0, 1, 1, 4, 0, 1, 1, 2]),
 (16, [658, 11, 1, 1, 0, 1996, 1550, 0, 0, 1, 4, 1, 0, 2, 2]),
 (12, [569, 110, 1, 0, 0, 1848, 1759, 1, 1, 2, 4, 1, 2, 2, 2]),
 (16, [917, 88, 0, 0, 0, 794, 865, 0, 1, 0, 3, 0, 0, 0, 0]),
 (12, [953, 24, 1, 0, 1, 1504, 1091, 0, 0, 1, 0, 1, 0, 0, 2]),
 (12, [1911, 47, 1, 0, 1, 1561, 714, 1, 0, 2, 0, 1, 0, 0, 0]),
 (12, [1206, 83, 1, 1, 0, 878, 592, 0, 0, 0, 2, 1, 2, 2, 1]),
 (12, [953, 24, 1, 0, 1, 1504, 1091, 0, 0, 1, 0, 1, 0, 0, 2]),
 (16, [917, 88, 0, 0, 0, 794, 865, 0, 1, 0, 3, 0, 0, 0, 0]),
 (12, [569, 110, 1, 0, 0, 1848, 1759, 1, 1, 2, 4, 1, 2, 2, 2]),
 (16, [744, 106, 0, 1, 0, 858, 903, 1, 1, 1, 2, 1, 1, 2, 2]),
 (12, [953, 24, 1, 0, 1, 1504, 1091, 0, 0, 1, 0, 1, 0, 0, 2]),
 (12, [569, 110, 1, 0, 0, 1848, 1759, 1, 1, 2, 4, 1, 2, 2, 2])]
population
[(999, [1853, 70, 1, 1, 0, 1247, 1038, 1, 0, 3, 2, 1, 1, 1, 2]),
 (999, [1695, 33, 0, 1, 1, 2025, 1817, 1, 0, 3, 2, 0, 1, 2, 1]),
 (999, [1441, 66, 0, 0, 0, 1890, 617, 0, 1, 3, 3, 0, 2, 0, 0]),
 (999, [1131, 53, 0, 0, 0, 1472, 1337, 1, 0, 2, 5, 0, 2, 1, 2]),
 (999, [1130, 108, 0, 1, 1, 611, 1638, 0, 0, 3, 3, 1, 0, 0, 2]),
 (999, [841, 55, 0, 0, 1, 1879, 1883, 0, 0, 3, 1, 0, 1, 2, 0]),
 (999, [752, 56, 0, 1, 0, 925, 927, 1, 0, 1, 5, 0, 2, 1, 2]),
 (999, [631, 75, 0, 0, 0, 1855, 1962, 0, 1, 2, 5, 0, 0, 1, 0]),
 (34, [974, 111, 0, 1, 0, 668, 551, 0, 0, 1, 4, 0, 2, 0, 2]),
 (33, [1317, 16, 1, 1, 0, 1815, 571, 1, 0, 2, 0, 0, 1, 2, 1]),
 (17, [1401, 13, 0, 1, 0, 1016, 1405, 1, 0, 2, 4, 1, 0, 0, 0]),
 (17, [1166, 73, 1, 0, 0, 698, 960, 0, 1, 2, 0, 1, 0, 1, 2]),
 (17, [903, 40, 0, 0, 0, 671, 1366, 1, 1, 1, 3, 0, 1, 0, 1]),
 (16, [1843, 119, 1, 1, 1, 592, 598, 1, 0, 1, 4, 1, 0, 1, 2]),
 (16, [1591, 19, 1, 0, 1, 1941, 1377, 0, 0, 2, 2, 0, 1, 0, 1]),
 (16, [1404, 48, 1, 0, 1, 1967, 1700, 1, 0, 2, 1, 1, 2, 2, 2]),
 (16, [1402, 10, 0, 0, 0, 1441, 1507, 0, 1, 1, 0, 0, 0, 0, 2]),
 (16, [1399, 78, 0, 1, 0, 860, 868, 1, 0, 2, 4, 1, 2, 1, 1]),
 (16, [1324, 65, 1, 1, 1, 1261, 1337, 1, 1, 0, 1, 1, 2, 0, 0]),
 (16, [1097, 35, 0, 0, 1, 1021, 916, 1, 1, 0, 0, 1, 1, 2, 0]),
 (16, [1006, 74, 1, 0, 0, 1675, 796, 0, 1, 1, 3, 1, 2, 1, 2]),
 (16, [917, 88, 0, 0, 0, 794, 865, 0, 1, 0, 3, 0, 0, 0, 0]),
 (16, [858, 87, 1, 1, 0, 639, 1213, 0, 1, 2, 3, 1, 1, 2, 0]),
 (16, [744, 106, 0, 1, 0, 858, 903, 1, 1, 1, 2, 1, 1, 2, 2]),
 (16, [658, 11, 1, 1, 0, 1996, 1550, 0, 0, 1, 4, 1, 0, 2, 2]),
 (13, [1142, 11, 1, 0, 0, 1181, 664, 1, 0, 2, 2, 1, 1, 2, 2]),
 (12, [1911, 47, 1, 0, 1, 1561, 714, 1, 0, 2, 0, 1, 0, 0, 0]),
 (12, [1401, 15, 0, 0, 1, 1089, 935, 0, 1, 1, 4, 0, 1, 1, 2]),
 (12, [1206, 83, 1, 1, 0, 878, 592, 0, 0, 0, 2, 1, 2, 2, 1]),
 (12, [1007, 45, 0, 1, 0, 1563, 593, 1, 0, 0, 1, 1, 2, 0, 1]),
 (12, [953, 24, 1, 0, 1, 1504, 1091, 0, 0, 1, 0, 1, 0, 0, 2]),
 (12, [569, 110, 1, 0, 0, 1848, 1759, 1, 1, 2, 4, 1, 2, 2, 2])]
scored
[(12, [569, 110, 1, 0, 0, 1848, 1759, 1, 1, 2, 4, 1, 2, 2, 2]),
 (12, [953, 24, 1, 0, 1, 1504, 1091, 0, 0, 1, 0, 1, 0, 0, 2]),
 (12, [1007, 45, 0, 1, 0, 1563, 593, 1, 0, 0, 1, 1, 2, 0, 1]),
 (12, [1206, 83, 1, 1, 0, 878, 592, 0, 0, 0, 2, 1, 2, 2, 1]),
 (12, [1401, 15, 0, 0, 1, 1089, 935, 0, 1, 1, 4, 0, 1, 1, 2]),
 (12, [1911, 47, 1, 0, 1, 1561, 714, 1, 0, 2, 0, 1, 0, 0, 0]),
 (13, [1142, 11, 1, 0, 0, 1181, 664, 1, 0, 2, 2, 1, 1, 2, 2]),
 (16, [658, 11, 1, 1, 0, 1996, 1550, 0, 0, 1, 4, 1, 0, 2, 2]),
 (16, [744, 106, 0, 1, 0, 858, 903, 1, 1, 1, 2, 1, 1, 2, 2]),
 (16, [858, 87, 1, 1, 0, 639, 1213, 0, 1, 2, 3, 1, 1, 2, 0]),
 (16, [917, 88, 0, 0, 0, 794, 865, 0, 1, 0, 3, 0, 0, 0, 0]),
 (16, [1006, 74, 1, 0, 0, 1675, 796, 0, 1, 1, 3, 1, 2, 1, 2]),
 (16, [1097, 35, 0, 0, 1, 1021, 916, 1, 1, 0, 0, 1, 1, 2, 0]),
 (16, [1324, 65, 1, 1, 1, 1261, 1337, 1, 1, 0, 1, 1, 2, 0, 0]),
 (16, [1399, 78, 0, 1, 0, 860, 868, 1, 0, 2, 4, 1, 2, 1, 1]),
 (16, [1402, 10, 0, 0, 0, 1441, 1507, 0, 1, 1, 0, 0, 0, 0, 2]),
 (16, [1404, 48, 1, 0, 1, 1967, 1700, 1, 0, 2, 1, 1, 2, 2, 2]),
 (16, [1591, 19, 1, 0, 1, 1941, 1377, 0, 0, 2, 2, 0, 1, 0, 1]),
 (16, [1843, 119, 1, 1, 1, 592, 598, 1, 0, 1, 4, 1, 0, 1, 2]),
 (17, [903, 40, 0, 0, 0, 671, 1366, 1, 1, 1, 3, 0, 1, 0, 1]),
 (17, [1166, 73, 1, 0, 0, 698, 960, 0, 1, 2, 0, 1, 0, 1, 2]),
 (17, [1401, 13, 0, 1, 0, 1016, 1405, 1, 0, 2, 4, 1, 0, 0, 0]),
 (33, [1317, 16, 1, 1, 0, 1815, 571, 1, 0, 2, 0, 0, 1, 2, 1]),
 (34, [974, 111, 0, 1, 0, 668, 551, 0, 0, 1, 4, 0, 2, 0, 2]),
 (999, [631, 75, 0, 0, 0, 1855, 1962, 0, 1, 2, 5, 0, 0, 1, 0]),
 (999, [752, 56, 0, 1, 0, 925, 927, 1, 0, 1, 5, 0, 2, 1, 2]),
 (999, [841, 55, 0, 0, 1, 1879, 1883, 0, 0, 3, 1, 0, 1, 2, 0]),
 (999, [1130, 108, 0, 1, 1, 611, 1638, 0, 0, 3, 3, 1, 0, 0, 2]),
 (999, [1131, 53, 0, 0, 0, 1472, 1337, 1, 0, 2, 5, 0, 2, 1, 2]),
 (999, [1441, 66, 0, 0, 0, 1890, 617, 0, 1, 3, 3, 0, 2, 0, 0]),
 (999, [1695, 33, 0, 1, 1, 2025, 1817, 1, 0, 3, 2, 0, 1, 2, 1]),
 (999, [1853, 70, 1, 1, 0, 1247, 1038, 1, 0, 3, 2, 1, 1, 1, 2])]
Selected
[(16, [858, 87, 1, 1, 0, 639, 1213, 0, 1, 2, 3, 1, 1, 2, 0]),
 (16, [858, 87, 1, 1, 0, 639, 1213, 0, 1, 2, 3, 1, 1, 2, 0]),
 (16, [858, 87, 1, 1, 0, 639, 1213, 0, 1, 2, 3, 1, 1, 2, 0]),
 (12, [569, 110, 1, 0, 0, 1848, 1759, 1, 1, 2, 4, 1, 2, 2, 2]),
 (12, [1007, 45, 0, 1, 0, 1563, 593, 1, 0, 0, 1, 1, 2, 0, 1]),
 (12, [1007, 45, 0, 1, 0, 1563, 593, 1, 0, 0, 1, 1, 2, 0, 1]),
 (16, [1097, 35, 0, 0, 1, 1021, 916, 1, 1, 0, 0, 1, 1, 2, 0]),
 (16, [658, 11, 1, 1, 0, 1996, 1550, 0, 0, 1, 4, 1, 0, 2, 2]),
 (12, [569, 110, 1, 0, 0, 1848, 1759, 1, 1, 2, 4, 1, 2, 2, 2]),
 (12, [953, 24, 1, 0, 1, 1504, 1091, 0, 0, 1, 0, 1, 0, 0, 2]),
 (16, [1006, 74, 1, 0, 0, 1675, 796, 0, 1, 1, 3, 1, 2, 1, 2]),
 (12, [1007, 45, 0, 1, 0, 1563, 593, 1, 0, 0, 1, 1, 2, 0, 1]),
 (12, [1206, 83, 1, 1, 0, 878, 592, 0, 0, 0, 2, 1, 2, 2, 1]),
 (12, [1401, 15, 0, 0, 1, 1089, 935, 0, 1, 1, 4, 0, 1, 1, 2]),
 (12, [569, 110, 1, 0, 0, 1848, 1759, 1, 1, 2, 4, 1, 2, 2, 2]),
 (12, [569, 110, 1, 0, 0, 1848, 1759, 1, 1, 2, 4, 1, 2, 2, 2]),
 (12, [1206, 83, 1, 1, 0, 878, 592, 0, 0, 0, 2, 1, 2, 2, 1]),
 (12, [1007, 45, 0, 1, 0, 1563, 593, 1, 0, 0, 1, 1, 2, 0, 1]),
 (16, [858, 87, 1, 1, 0, 639, 1213, 0, 1, 2, 3, 1, 1, 2, 0]),
 (12, [569, 110, 1, 0, 0, 1848, 1759, 1, 1, 2, 4, 1, 2, 2, 2]),
 (16, [658, 11, 1, 1, 0, 1996, 1550, 0, 0, 1, 4, 1, 0, 2, 2]),
 (16, [744, 106, 0, 1, 0, 858, 903, 1, 1, 1, 2, 1, 1, 2, 2]),
 (12, [1206, 83, 1, 1, 0, 878, 592, 0, 0, 0, 2, 1, 2, 2, 1]),
 (12, [953, 24, 1, 0, 1, 1504, 1091, 0, 0, 1, 0, 1, 0, 0, 2]),
 (12, [569, 110, 1, 0, 0, 1848, 1759, 1, 1, 2, 4, 1, 2, 2, 2]),
 (12, [1007, 45, 0, 1, 0, 1563, 593, 1, 0, 0, 1, 1, 2, 0, 1]),
 (16, [1097, 35, 0, 0, 1, 1021, 916, 1, 1, 0, 0, 1, 1, 2, 0])]
population
[(999, [1853, 70, 1, 1, 0, 1247, 1038, 1, 0, 3, 2, 1, 1, 1, 2]),
 (999, [1695, 33, 0, 1, 1, 2025, 1817, 1, 0, 3, 2, 0, 1, 2, 1]),
 (999, [1441, 66, 0, 0, 0, 1890, 617, 0, 1, 3, 3, 0, 2, 0, 0]),
 (999, [1131, 53, 0, 0, 0, 1472, 1337, 1, 0, 2, 5, 0, 2, 1, 2]),
 (999, [1130, 108, 0, 1, 1, 611, 1638, 0, 0, 3, 3, 1, 0, 0, 2]),
 (999, [841, 55, 0, 0, 1, 1879, 1883, 0, 0, 3, 1, 0, 1, 2, 0]),
 (999, [752, 56, 0, 1, 0, 925, 927, 1, 0, 1, 5, 0, 2, 1, 2]),
 (999, [631, 75, 0, 0, 0, 1855, 1962, 0, 1, 2, 5, 0, 0, 1, 0]),
 (34, [974, 111, 0, 1, 0, 668, 551, 0, 0, 1, 4, 0, 2, 0, 2]),
 (33, [1317, 16, 1, 1, 0, 1815, 571, 1, 0, 2, 0, 0, 1, 2, 1]),
 (17, [1401, 13, 0, 1, 0, 1016, 1405, 1, 0, 2, 4, 1, 0, 0, 0]),
 (17, [1166, 73, 1, 0, 0, 698, 960, 0, 1, 2, 0, 1, 0, 1, 2]),
 (17, [903, 40, 0, 0, 0, 671, 1366, 1, 1, 1, 3, 0, 1, 0, 1]),
 (16, [1843, 119, 1, 1, 1, 592, 598, 1, 0, 1, 4, 1, 0, 1, 2]),
 (16, [1591, 19, 1, 0, 1, 1941, 1377, 0, 0, 2, 2, 0, 1, 0, 1]),
 (16, [1404, 48, 1, 0, 1, 1967, 1700, 1, 0, 2, 1, 1, 2, 2, 2]),
 (16, [1402, 10, 0, 0, 0, 1441, 1507, 0, 1, 1, 0, 0, 0, 0, 2]),
 (16, [1399, 78, 0, 1, 0, 860, 868, 1, 0, 2, 4, 1, 2, 1, 1]),
 (16, [1324, 65, 1, 1, 1, 1261, 1337, 1, 1, 0, 1, 1, 2, 0, 0]),
 (16, [1097, 35, 0, 0, 1, 1021, 916, 1, 1, 0, 0, 1, 1, 2, 0]),
 (16, [1006, 74, 1, 0, 0, 1675, 796, 0, 1, 1, 3, 1, 2, 1, 2]),
 (16, [917, 88, 0, 0, 0, 794, 865, 0, 1, 0, 3, 0, 0, 0, 0]),
 (16, [858, 87, 1, 1, 0, 639, 1213, 0, 1, 2, 3, 1, 1, 2, 0]),
 (16, [744, 106, 0, 1, 0, 858, 903, 1, 1, 1, 2, 1, 1, 2, 2]),
 (16, [658, 11, 1, 1, 0, 1996, 1550, 0, 0, 1, 4, 1, 0, 2, 2]),
 (13, [1142, 11, 1, 0, 0, 1181, 664, 1, 0, 2, 2, 1, 1, 2, 2]),
 (12, [1911, 47, 1, 0, 1, 1561, 714, 1, 0, 2, 0, 1, 0, 0, 0]),
 (12, [1401, 15, 0, 0, 1, 1089, 935, 0, 1, 1, 4, 0, 1, 1, 2]),
 (12, [1206, 83, 1, 1, 0, 878, 592, 0, 0, 0, 2, 1, 2, 2, 1]),
 (12, [1007, 45, 0, 1, 0, 1563, 593, 1, 0, 0, 1, 1, 2, 0, 1]),
 (12, [953, 24, 1, 0, 1, 1504, 1091, 0, 0, 1, 0, 1, 0, 0, 2]),
 (12, [569, 110, 1, 0, 0, 1848, 1759, 1, 1, 2, 4, 1, 2, 2, 2])]
scored
[(12, [569, 110, 1, 0, 0, 1848, 1759, 1, 1, 2, 4, 1, 2, 2, 2]),
 (12, [953, 24, 1, 0, 1, 1504, 1091, 0, 0, 1, 0, 1, 0, 0, 2]),
 (12, [1007, 45, 0, 1, 0, 1563, 593, 1, 0, 0, 1, 1, 2, 0, 1]),
 (12, [1206, 83, 1, 1, 0, 878, 592, 0, 0, 0, 2, 1, 2, 2, 1]),
 (12, [1401, 15, 0, 0, 1, 1089, 935, 0, 1, 1, 4, 0, 1, 1, 2]),
 (12, [1911, 47, 1, 0, 1, 1561, 714, 1, 0, 2, 0, 1, 0, 0, 0]),
 (13, [1142, 11, 1, 0, 0, 1181, 664, 1, 0, 2, 2, 1, 1, 2, 2]),
 (16, [658, 11, 1, 1, 0, 1996, 1550, 0, 0, 1, 4, 1, 0, 2, 2]),
 (16, [744, 106, 0, 1, 0, 858, 903, 1, 1, 1, 2, 1, 1, 2, 2]),
 (16, [858, 87, 1, 1, 0, 639, 1213, 0, 1, 2, 3, 1, 1, 2, 0]),
 (16, [917, 88, 0, 0, 0, 794, 865, 0, 1, 0, 3, 0, 0, 0, 0]),
 (16, [1006, 74, 1, 0, 0, 1675, 796, 0, 1, 1, 3, 1, 2, 1, 2]),
 (16, [1097, 35, 0, 0, 1, 1021, 916, 1, 1, 0, 0, 1, 1, 2, 0]),
 (16, [1324, 65, 1, 1, 1, 1261, 1337, 1, 1, 0, 1, 1, 2, 0, 0]),
 (16, [1399, 78, 0, 1, 0, 860, 868, 1, 0, 2, 4, 1, 2, 1, 1]),
 (16, [1402, 10, 0, 0, 0, 1441, 1507, 0, 1, 1, 0, 0, 0, 0, 2]),
 (16, [1404, 48, 1, 0, 1, 1967, 1700, 1, 0, 2, 1, 1, 2, 2, 2]),
 (16, [1591, 19, 1, 0, 1, 1941, 1377, 0, 0, 2, 2, 0, 1, 0, 1]),
 (16, [1843, 119, 1, 1, 1, 592, 598, 1, 0, 1, 4, 1, 0, 1, 2]),
 (17, [903, 40, 0, 0, 0, 671, 1366, 1, 1, 1, 3, 0, 1, 0, 1]),
 (17, [1166, 73, 1, 0, 0, 698, 960, 0, 1, 2, 0, 1, 0, 1, 2]),
 (17, [1401, 13, 0, 1, 0, 1016, 1405, 1, 0, 2, 4, 1, 0, 0, 0]),
 (33, [1317, 16, 1, 1, 0, 1815, 571, 1, 0, 2, 0, 0, 1, 2, 1]),
 (34, [974, 111, 0, 1, 0, 668, 551, 0, 0, 1, 4, 0, 2, 0, 2]),
 (999, [631, 75, 0, 0, 0, 1855, 1962, 0, 1, 2, 5, 0, 0, 1, 0]),
 (999, [752, 56, 0, 1, 0, 925, 927, 1, 0, 1, 5, 0, 2, 1, 2]),
 (999, [841, 55, 0, 0, 1, 1879, 1883, 0, 0, 3, 1, 0, 1, 2, 0]),
 (999, [1130, 108, 0, 1, 1, 611, 1638, 0, 0, 3, 3, 1, 0, 0, 2]),
 (999, [1131, 53, 0, 0, 0, 1472, 1337, 1, 0, 2, 5, 0, 2, 1, 2]),
 (999, [1441, 66, 0, 0, 0, 1890, 617, 0, 1, 3, 3, 0, 2, 0, 0]),
 (999, [1695, 33, 0, 1, 1, 2025, 1817, 1, 0, 3, 2, 0, 1, 2, 1]),
 (999, [1853, 70, 1, 1, 0, 1247, 1038, 1, 0, 3, 2, 1, 1, 1, 2])]
Selected
[(16, [744, 106, 0, 1, 0, 858, 903, 1, 1, 1, 2, 1, 1, 2, 2]),
 (16, [1843, 119, 1, 1, 1, 592, 598, 1, 0, 1, 4, 1, 0, 1, 2]),
 (16, [858, 87, 1, 1, 0, 639, 1213, 0, 1, 2, 3, 1, 1, 2, 0]),
 (12, [953, 24, 1, 0, 1, 1504, 1091, 0, 0, 1, 0, 1, 0, 0, 2]),
 (12, [1401, 15, 0, 0, 1, 1089, 935, 0, 1, 1, 4, 0, 1, 1, 2]),
 (12, [569, 110, 1, 0, 0, 1848, 1759, 1, 1, 2, 4, 1, 2, 2, 2]),
 (12, [1206, 83, 1, 1, 0, 878, 592, 0, 0, 0, 2, 1, 2, 2, 1]),
 (12, [1007, 45, 0, 1, 0, 1563, 593, 1, 0, 0, 1, 1, 2, 0, 1]),
 (12, [1206, 83, 1, 1, 0, 878, 592, 0, 0, 0, 2, 1, 2, 2, 1]),
 (16, [1006, 74, 1, 0, 0, 1675, 796, 0, 1, 1, 3, 1, 2, 1, 2]),
 (16, [1097, 35, 0, 0, 1, 1021, 916, 1, 1, 0, 0, 1, 1, 2, 0]),
 (12, [1401, 15, 0, 0, 1, 1089, 935, 0, 1, 1, 4, 0, 1, 1, 2]),
 (12, [569, 110, 1, 0, 0, 1848, 1759, 1, 1, 2, 4, 1, 2, 2, 2]),
 (12, [1007, 45, 0, 1, 0, 1563, 593, 1, 0, 0, 1, 1, 2, 0, 1]),
 (16, [658, 11, 1, 1, 0, 1996, 1550, 0, 0, 1, 4, 1, 0, 2, 2]),
 (12, [953, 24, 1, 0, 1, 1504, 1091, 0, 0, 1, 0, 1, 0, 0, 2]),
 (12, [1007, 45, 0, 1, 0, 1563, 593, 1, 0, 0, 1, 1, 2, 0, 1]),
 (12, [1401, 15, 0, 0, 1, 1089, 935, 0, 1, 1, 4, 0, 1, 1, 2]),
 (12, [1401, 15, 0, 0, 1, 1089, 935, 0, 1, 1, 4, 0, 1, 1, 2]),
 (12, [953, 24, 1, 0, 1, 1504, 1091, 0, 0, 1, 0, 1, 0, 0, 2]),
 (16, [917, 88, 0, 0, 0, 794, 865, 0, 1, 0, 3, 0, 0, 0, 0]),
 (12, [953, 24, 1, 0, 1, 1504, 1091, 0, 0, 1, 0, 1, 0, 0, 2]),
 (12, [953, 24, 1, 0, 1, 1504, 1091, 0, 0, 1, 0, 1, 0, 0, 2]),
 (16, [858, 87, 1, 1, 0, 639, 1213, 0, 1, 2, 3, 1, 1, 2, 0]),
 (13, [1142, 11, 1, 0, 0, 1181, 664, 1, 0, 2, 2, 1, 1, 2, 2]),
 (12, [953, 24, 1, 0, 1, 1504, 1091, 0, 0, 1, 0, 1, 0, 0, 2]),
 (12, [569, 110, 1, 0, 0, 1848, 1759, 1, 1, 2, 4, 1, 2, 2, 2])]
population
[(999, [1853, 70, 1, 1, 0, 1247, 1038, 1, 0, 3, 2, 1, 1, 1, 2]),
 (999, [1695, 33, 0, 1, 1, 2025, 1817, 1, 0, 3, 2, 0, 1, 2, 1]),
 (999, [1441, 66, 0, 0, 0, 1890, 617, 0, 1, 3, 3, 0, 2, 0, 0]),
 (999, [1131, 53, 0, 0, 0, 1472, 1337, 1, 0, 2, 5, 0, 2, 1, 2]),
 (999, [1130, 108, 0, 1, 1, 611, 1638, 0, 0, 3, 3, 1, 0, 0, 2]),
 (999, [841, 55, 0, 0, 1, 1879, 1883, 0, 0, 3, 1, 0, 1, 2, 0]),
 (999, [752, 56, 0, 1, 0, 925, 927, 1, 0, 1, 5, 0, 2, 1, 2]),
 (999, [631, 75, 0, 0, 0, 1855, 1962, 0, 1, 2, 5, 0, 0, 1, 0]),
 (34, [974, 111, 0, 1, 0, 668, 551, 0, 0, 1, 4, 0, 2, 0, 2]),
 (33, [1317, 16, 1, 1, 0, 1815, 571, 1, 0, 2, 0, 0, 1, 2, 1]),
 (17, [1401, 13, 0, 1, 0, 1016, 1405, 1, 0, 2, 4, 1, 0, 0, 0]),
 (17, [1166, 73, 1, 0, 0, 698, 960, 0, 1, 2, 0, 1, 0, 1, 2]),
 (17, [903, 40, 0, 0, 0, 671, 1366, 1, 1, 1, 3, 0, 1, 0, 1]),
 (16, [1843, 119, 1, 1, 1, 592, 598, 1, 0, 1, 4, 1, 0, 1, 2]),
 (16, [1591, 19, 1, 0, 1, 1941, 1377, 0, 0, 2, 2, 0, 1, 0, 1]),
 (16, [1404, 48, 1, 0, 1, 1967, 1700, 1, 0, 2, 1, 1, 2, 2, 2]),
 (16, [1402, 10, 0, 0, 0, 1441, 1507, 0, 1, 1, 0, 0, 0, 0, 2]),
 (16, [1399, 78, 0, 1, 0, 860, 868, 1, 0, 2, 4, 1, 2, 1, 1]),
 (16, [1324, 65, 1, 1, 1, 1261, 1337, 1, 1, 0, 1, 1, 2, 0, 0]),
 (16, [1097, 35, 0, 0, 1, 1021, 916, 1, 1, 0, 0, 1, 1, 2, 0]),
 (16, [1006, 74, 1, 0, 0, 1675, 796, 0, 1, 1, 3, 1, 2, 1, 2]),
 (16, [917, 88, 0, 0, 0, 794, 865, 0, 1, 0, 3, 0, 0, 0, 0]),
 (16, [858, 87, 1, 1, 0, 639, 1213, 0, 1, 2, 3, 1, 1, 2, 0]),
 (16, [744, 106, 0, 1, 0, 858, 903, 1, 1, 1, 2, 1, 1, 2, 2]),
 (16, [658, 11, 1, 1, 0, 1996, 1550, 0, 0, 1, 4, 1, 0, 2, 2]),
 (13, [1142, 11, 1, 0, 0, 1181, 664, 1, 0, 2, 2, 1, 1, 2, 2]),
 (12, [1911, 47, 1, 0, 1, 1561, 714, 1, 0, 2, 0, 1, 0, 0, 0]),
 (12, [1401, 15, 0, 0, 1, 1089, 935, 0, 1, 1, 4, 0, 1, 1, 2]),
 (12, [1206, 83, 1, 1, 0, 878, 592, 0, 0, 0, 2, 1, 2, 2, 1]),
 (12, [1007, 45, 0, 1, 0, 1563, 593, 1, 0, 0, 1, 1, 2, 0, 1]),
 (12, [953, 24, 1, 0, 1, 1504, 1091, 0, 0, 1, 0, 1, 0, 0, 2]),
 (12, [569, 110, 1, 0, 0, 1848, 1759, 1, 1, 2, 4, 1, 2, 2, 2])]
scored
[(12, [569, 110, 1, 0, 0, 1848, 1759, 1, 1, 2, 4, 1, 2, 2, 2]),
 (12, [953, 24, 1, 0, 1, 1504, 1091, 0, 0, 1, 0, 1, 0, 0, 2]),
 (12, [1007, 45, 0, 1, 0, 1563, 593, 1, 0, 0, 1, 1, 2, 0, 1]),
 (12, [1206, 83, 1, 1, 0, 878, 592, 0, 0, 0, 2, 1, 2, 2, 1]),
 (12, [1401, 15, 0, 0, 1, 1089, 935, 0, 1, 1, 4, 0, 1, 1, 2]),
 (12, [1911, 47, 1, 0, 1, 1561, 714, 1, 0, 2, 0, 1, 0, 0, 0]),
 (13, [1142, 11, 1, 0, 0, 1181, 664, 1, 0, 2, 2, 1, 1, 2, 2]),
 (16, [658, 11, 1, 1, 0, 1996, 1550, 0, 0, 1, 4, 1, 0, 2, 2]),
 (16, [744, 106, 0, 1, 0, 858, 903, 1, 1, 1, 2, 1, 1, 2, 2]),
 (16, [858, 87, 1, 1, 0, 639, 1213, 0, 1, 2, 3, 1, 1, 2, 0]),
 (16, [917, 88, 0, 0, 0, 794, 865, 0, 1, 0, 3, 0, 0, 0, 0]),
 (16, [1006, 74, 1, 0, 0, 1675, 796, 0, 1, 1, 3, 1, 2, 1, 2]),
 (16, [1097, 35, 0, 0, 1, 1021, 916, 1, 1, 0, 0, 1, 1, 2, 0]),
 (16, [1324, 65, 1, 1, 1, 1261, 1337, 1, 1, 0, 1, 1, 2, 0, 0]),
 (16, [1399, 78, 0, 1, 0, 860, 868, 1, 0, 2, 4, 1, 2, 1, 1]),
 (16, [1402, 10, 0, 0, 0, 1441, 1507, 0, 1, 1, 0, 0, 0, 0, 2]),
 (16, [1404, 48, 1, 0, 1, 1967, 1700, 1, 0, 2, 1, 1, 2, 2, 2]),
 (16, [1591, 19, 1, 0, 1, 1941, 1377, 0, 0, 2, 2, 0, 1, 0, 1]),
 (16, [1843, 119, 1, 1, 1, 592, 598, 1, 0, 1, 4, 1, 0, 1, 2]),
 (17, [903, 40, 0, 0, 0, 671, 1366, 1, 1, 1, 3, 0, 1, 0, 1]),
 (17, [1166, 73, 1, 0, 0, 698, 960, 0, 1, 2, 0, 1, 0, 1, 2]),
 (17, [1401, 13, 0, 1, 0, 1016, 1405, 1, 0, 2, 4, 1, 0, 0, 0]),
 (33, [1317, 16, 1, 1, 0, 1815, 571, 1, 0, 2, 0, 0, 1, 2, 1]),
 (34, [974, 111, 0, 1, 0, 668, 551, 0, 0, 1, 4, 0, 2, 0, 2]),
 (999, [631, 75, 0, 0, 0, 1855, 1962, 0, 1, 2, 5, 0, 0, 1, 0]),
 (999, [752, 56, 0, 1, 0, 925, 927, 1, 0, 1, 5, 0, 2, 1, 2]),
 (999, [841, 55, 0, 0, 1, 1879, 1883, 0, 0, 3, 1, 0, 1, 2, 0]),
 (999, [1130, 108, 0, 1, 1, 611, 1638, 0, 0, 3, 3, 1, 0, 0, 2]),
 (999, [1131, 53, 0, 0, 0, 1472, 1337, 1, 0, 2, 5, 0, 2, 1, 2]),
 (999, [1441, 66, 0, 0, 0, 1890, 617, 0, 1, 3, 3, 0, 2, 0, 0]),
 (999, [1695, 33, 0, 1, 1, 2025, 1817, 1, 0, 3, 2, 0, 1, 2, 1]),
 (999, [1853, 70, 1, 1, 0, 1247, 1038, 1, 0, 3, 2, 1, 1, 1, 2])]
Selected
[(16, [658, 11, 1, 1, 0, 1996, 1550, 0, 0, 1, 4, 1, 0, 2, 2]),
 (13, [1142, 11, 1, 0, 0, 1181, 664, 1, 0, 2, 2, 1, 1, 2, 2]),
 (12, [1206, 83, 1, 1, 0, 878, 592, 0, 0, 0, 2, 1, 2, 2, 1]),
 (12, [1206, 83, 1, 1, 0, 878, 592, 0, 0, 0, 2, 1, 2, 2, 1]),
 (12, [1007, 45, 0, 1, 0, 1563, 593, 1, 0, 0, 1, 1, 2, 0, 1]),
 (12, [569, 110, 1, 0, 0, 1848, 1759, 1, 1, 2, 4, 1, 2, 2, 2]),
 (12, [1007, 45, 0, 1, 0, 1563, 593, 1, 0, 0, 1, 1, 2, 0, 1]),
 (16, [744, 106, 0, 1, 0, 858, 903, 1, 1, 1, 2, 1, 1, 2, 2]),
 (12, [1206, 83, 1, 1, 0, 878, 592, 0, 0, 0, 2, 1, 2, 2, 1]),
 (12, [953, 24, 1, 0, 1, 1504, 1091, 0, 0, 1, 0, 1, 0, 0, 2]),
 (12, [1007, 45, 0, 1, 0, 1563, 593, 1, 0, 0, 1, 1, 2, 0, 1]),
 (16, [658, 11, 1, 1, 0, 1996, 1550, 0, 0, 1, 4, 1, 0, 2, 2]),
 (12, [1401, 15, 0, 0, 1, 1089, 935, 0, 1, 1, 4, 0, 1, 1, 2]),
 (12, [953, 24, 1, 0, 1, 1504, 1091, 0, 0, 1, 0, 1, 0, 0, 2]),
 (12, [1007, 45, 0, 1, 0, 1563, 593, 1, 0, 0, 1, 1, 2, 0, 1]),
 (12, [953, 24, 1, 0, 1, 1504, 1091, 0, 0, 1, 0, 1, 0, 0, 2]),
 (16, [917, 88, 0, 0, 0, 794, 865, 0, 1, 0, 3, 0, 0, 0, 0]),
 (12, [569, 110, 1, 0, 0, 1848, 1759, 1, 1, 2, 4, 1, 2, 2, 2]),
 (12, [1206, 83, 1, 1, 0, 878, 592, 0, 0, 0, 2, 1, 2, 2, 1]),
 (12, [1206, 83, 1, 1, 0, 878, 592, 0, 0, 0, 2, 1, 2, 2, 1]),
 (12, [953, 24, 1, 0, 1, 1504, 1091, 0, 0, 1, 0, 1, 0, 0, 2]),
 (12, [1206, 83, 1, 1, 0, 878, 592, 0, 0, 0, 2, 1, 2, 2, 1]),
 (16, [1591, 19, 1, 0, 1, 1941, 1377, 0, 0, 2, 2, 0, 1, 0, 1]),
 (12, [1007, 45, 0, 1, 0, 1563, 593, 1, 0, 0, 1, 1, 2, 0, 1]),
 (16, [917, 88, 0, 0, 0, 794, 865, 0, 1, 0, 3, 0, 0, 0, 0]),
 (12, [953, 24, 1, 0, 1, 1504, 1091, 0, 0, 1, 0, 1, 0, 0, 2]),
 (16, [917, 88, 0, 0, 0, 794, 865, 0, 1, 0, 3, 0, 0, 0, 0])]
population
[(999, [1853, 70, 1, 1, 0, 1247, 1038, 1, 0, 3, 2, 1, 1, 1, 2]),
 (999, [1695, 33, 0, 1, 1, 2025, 1817, 1, 0, 3, 2, 0, 1, 2, 1]),
 (999, [1441, 66, 0, 0, 0, 1890, 617, 0, 1, 3, 3, 0, 2, 0, 0]),
 (999, [1131, 53, 0, 0, 0, 1472, 1337, 1, 0, 2, 5, 0, 2, 1, 2]),
 (999, [1130, 108, 0, 1, 1, 611, 1638, 0, 0, 3, 3, 1, 0, 0, 2]),
 (999, [841, 55, 0, 0, 1, 1879, 1883, 0, 0, 3, 1, 0, 1, 2, 0]),
 (999, [752, 56, 0, 1, 0, 925, 927, 1, 0, 1, 5, 0, 2, 1, 2]),
 (999, [631, 75, 0, 0, 0, 1855, 1962, 0, 1, 2, 5, 0, 0, 1, 0]),
 (34, [974, 111, 0, 1, 0, 668, 551, 0, 0, 1, 4, 0, 2, 0, 2]),
 (33, [1317, 16, 1, 1, 0, 1815, 571, 1, 0, 2, 0, 0, 1, 2, 1]),
 (17, [1401, 13, 0, 1, 0, 1016, 1405, 1, 0, 2, 4, 1, 0, 0, 0]),
 (17, [1166, 73, 1, 0, 0, 698, 960, 0, 1, 2, 0, 1, 0, 1, 2]),
 (17, [903, 40, 0, 0, 0, 671, 1366, 1, 1, 1, 3, 0, 1, 0, 1]),
 (16, [1843, 119, 1, 1, 1, 592, 598, 1, 0, 1, 4, 1, 0, 1, 2]),
 (16, [1591, 19, 1, 0, 1, 1941, 1377, 0, 0, 2, 2, 0, 1, 0, 1]),
 (16, [1404, 48, 1, 0, 1, 1967, 1700, 1, 0, 2, 1, 1, 2, 2, 2]),
 (16, [1402, 10, 0, 0, 0, 1441, 1507, 0, 1, 1, 0, 0, 0, 0, 2]),
 (16, [1399, 78, 0, 1, 0, 860, 868, 1, 0, 2, 4, 1, 2, 1, 1]),
 (16, [1324, 65, 1, 1, 1, 1261, 1337, 1, 1, 0, 1, 1, 2, 0, 0]),
 (16, [1097, 35, 0, 0, 1, 1021, 916, 1, 1, 0, 0, 1, 1, 2, 0]),
 (16, [1006, 74, 1, 0, 0, 1675, 796, 0, 1, 1, 3, 1, 2, 1, 2]),
 (16, [917, 88, 0, 0, 0, 794, 865, 0, 1, 0, 3, 0, 0, 0, 0]),
 (16, [858, 87, 1, 1, 0, 639, 1213, 0, 1, 2, 3, 1, 1, 2, 0]),
 (16, [744, 106, 0, 1, 0, 858, 903, 1, 1, 1, 2, 1, 1, 2, 2]),
 (16, [658, 11, 1, 1, 0, 1996, 1550, 0, 0, 1, 4, 1, 0, 2, 2]),
 (13, [1142, 11, 1, 0, 0, 1181, 664, 1, 0, 2, 2, 1, 1, 2, 2]),
 (12, [1911, 47, 1, 0, 1, 1561, 714, 1, 0, 2, 0, 1, 0, 0, 0]),
 (12, [1401, 15, 0, 0, 1, 1089, 935, 0, 1, 1, 4, 0, 1, 1, 2]),
 (12, [1206, 83, 1, 1, 0, 878, 592, 0, 0, 0, 2, 1, 2, 2, 1]),
 (12, [1007, 45, 0, 1, 0, 1563, 593, 1, 0, 0, 1, 1, 2, 0, 1]),
 (12, [953, 24, 1, 0, 1, 1504, 1091, 0, 0, 1, 0, 1, 0, 0, 2]),
 (12, [569, 110, 1, 0, 0, 1848, 1759, 1, 1, 2, 4, 1, 2, 2, 2])]
scored
[(12, [569, 110, 1, 0, 0, 1848, 1759, 1, 1, 2, 4, 1, 2, 2, 2]),
 (12, [953, 24, 1, 0, 1, 1504, 1091, 0, 0, 1, 0, 1, 0, 0, 2]),
 (12, [1007, 45, 0, 1, 0, 1563, 593, 1, 0, 0, 1, 1, 2, 0, 1]),
 (12, [1206, 83, 1, 1, 0, 878, 592, 0, 0, 0, 2, 1, 2, 2, 1]),
 (12, [1401, 15, 0, 0, 1, 1089, 935, 0, 1, 1, 4, 0, 1, 1, 2]),
 (12, [1911, 47, 1, 0, 1, 1561, 714, 1, 0, 2, 0, 1, 0, 0, 0]),
 (13, [1142, 11, 1, 0, 0, 1181, 664, 1, 0, 2, 2, 1, 1, 2, 2]),
 (16, [658, 11, 1, 1, 0, 1996, 1550, 0, 0, 1, 4, 1, 0, 2, 2]),
 (16, [744, 106, 0, 1, 0, 858, 903, 1, 1, 1, 2, 1, 1, 2, 2]),
 (16, [858, 87, 1, 1, 0, 639, 1213, 0, 1, 2, 3, 1, 1, 2, 0]),
 (16, [917, 88, 0, 0, 0, 794, 865, 0, 1, 0, 3, 0, 0, 0, 0]),
 (16, [1006, 74, 1, 0, 0, 1675, 796, 0, 1, 1, 3, 1, 2, 1, 2]),
 (16, [1097, 35, 0, 0, 1, 1021, 916, 1, 1, 0, 0, 1, 1, 2, 0]),
 (16, [1324, 65, 1, 1, 1, 1261, 1337, 1, 1, 0, 1, 1, 2, 0, 0]),
 (16, [1399, 78, 0, 1, 0, 860, 868, 1, 0, 2, 4, 1, 2, 1, 1]),
 (16, [1402, 10, 0, 0, 0, 1441, 1507, 0, 1, 1, 0, 0, 0, 0, 2]),
 (16, [1404, 48, 1, 0, 1, 1967, 1700, 1, 0, 2, 1, 1, 2, 2, 2]),
 (16, [1591, 19, 1, 0, 1, 1941, 1377, 0, 0, 2, 2, 0, 1, 0, 1]),
 (16, [1843, 119, 1, 1, 1, 592, 598, 1, 0, 1, 4, 1, 0, 1, 2]),
 (17, [903, 40, 0, 0, 0, 671, 1366, 1, 1, 1, 3, 0, 1, 0, 1]),
 (17, [1166, 73, 1, 0, 0, 698, 960, 0, 1, 2, 0, 1, 0, 1, 2]),
 (17, [1401, 13, 0, 1, 0, 1016, 1405, 1, 0, 2, 4, 1, 0, 0, 0]),
 (33, [1317, 16, 1, 1, 0, 1815, 571, 1, 0, 2, 0, 0, 1, 2, 1]),
 (34, [974, 111, 0, 1, 0, 668, 551, 0, 0, 1, 4, 0, 2, 0, 2]),
 (999, [631, 75, 0, 0, 0, 1855, 1962, 0, 1, 2, 5, 0, 0, 1, 0]),
 (999, [752, 56, 0, 1, 0, 925, 927, 1, 0, 1, 5, 0, 2, 1, 2]),
 (999, [841, 55, 0, 0, 1, 1879, 1883, 0, 0, 3, 1, 0, 1, 2, 0]),
 (999, [1130, 108, 0, 1, 1, 611, 1638, 0, 0, 3, 3, 1, 0, 0, 2]),
 (999, [1131, 53, 0, 0, 0, 1472, 1337, 1, 0, 2, 5, 0, 2, 1, 2]),
 (999, [1441, 66, 0, 0, 0, 1890, 617, 0, 1, 3, 3, 0, 2, 0, 0]),
 (999, [1695, 33, 0, 1, 1, 2025, 1817, 1, 0, 3, 2, 0, 1, 2, 1]),
 (999, [1853, 70, 1, 1, 0, 1247, 1038, 1, 0, 3, 2, 1, 1, 1, 2])]
Selected
[(12, [1007, 45, 0, 1, 0, 1563, 593, 1, 0, 0, 1, 1, 2, 0, 1]),
 (12, [569, 110, 1, 0, 0, 1848, 1759, 1, 1, 2, 4, 1, 2, 2, 2]),
 (12, [1401, 15, 0, 0, 1, 1089, 935, 0, 1, 1, 4, 0, 1, 1, 2]),
 (12, [1206, 83, 1, 1, 0, 878, 592, 0, 0, 0, 2, 1, 2, 2, 1]),
 (12, [1401, 15, 0, 0, 1, 1089, 935, 0, 1, 1, 4, 0, 1, 1, 2]),
 (12, [1401, 15, 0, 0, 1, 1089, 935, 0, 1, 1, 4, 0, 1, 1, 2]),
 (12, [569, 110, 1, 0, 0, 1848, 1759, 1, 1, 2, 4, 1, 2, 2, 2]),
 (12, [953, 24, 1, 0, 1, 1504, 1091, 0, 0, 1, 0, 1, 0, 0, 2]),
 (12, [953, 24, 1, 0, 1, 1504, 1091, 0, 0, 1, 0, 1, 0, 0, 2]),
 (12, [1206, 83, 1, 1, 0, 878, 592, 0, 0, 0, 2, 1, 2, 2, 1]),
 (12, [569, 110, 1, 0, 0, 1848, 1759, 1, 1, 2, 4, 1, 2, 2, 2]),
 (13, [1142, 11, 1, 0, 0, 1181, 664, 1, 0, 2, 2, 1, 1, 2, 2]),
 (12, [1911, 47, 1, 0, 1, 1561, 714, 1, 0, 2, 0, 1, 0, 0, 0]),
 (12, [1206, 83, 1, 1, 0, 878, 592, 0, 0, 0, 2, 1, 2, 2, 1]),
 (16, [858, 87, 1, 1, 0, 639, 1213, 0, 1, 2, 3, 1, 1, 2, 0]),
 (13, [1142, 11, 1, 0, 0, 1181, 664, 1, 0, 2, 2, 1, 1, 2, 2]),
 (12, [569, 110, 1, 0, 0, 1848, 1759, 1, 1, 2, 4, 1, 2, 2, 2]),
 (16, [1006, 74, 1, 0, 0, 1675, 796, 0, 1, 1, 3, 1, 2, 1, 2]),
 (12, [1911, 47, 1, 0, 1, 1561, 714, 1, 0, 2, 0, 1, 0, 0, 0]),
 (12, [1401, 15, 0, 0, 1, 1089, 935, 0, 1, 1, 4, 0, 1, 1, 2]),
 (16, [658, 11, 1, 1, 0, 1996, 1550, 0, 0, 1, 4, 1, 0, 2, 2]),
 (12, [953, 24, 1, 0, 1, 1504, 1091, 0, 0, 1, 0, 1, 0, 0, 2]),
 (12, [1007, 45, 0, 1, 0, 1563, 593, 1, 0, 0, 1, 1, 2, 0, 1]),
 (13, [1142, 11, 1, 0, 0, 1181, 664, 1, 0, 2, 2, 1, 1, 2, 2]),
 (12, [953, 24, 1, 0, 1, 1504, 1091, 0, 0, 1, 0, 1, 0, 0, 2]),
 (16, [1097, 35, 0, 0, 1, 1021, 916, 1, 1, 0, 0, 1, 1, 2, 0]),
 (16, [1006, 74, 1, 0, 0, 1675, 796, 0, 1, 1, 3, 1, 2, 1, 2])]
population
[(999, [1853, 70, 1, 1, 0, 1247, 1038, 1, 0, 3, 2, 1, 1, 1, 2]),
 (999, [1695, 33, 0, 1, 1, 2025, 1817, 1, 0, 3, 2, 0, 1, 2, 1]),
 (999, [1441, 66, 0, 0, 0, 1890, 617, 0, 1, 3, 3, 0, 2, 0, 0]),
 (999, [1131, 53, 0, 0, 0, 1472, 1337, 1, 0, 2, 5, 0, 2, 1, 2]),
 (999, [1130, 108, 0, 1, 1, 611, 1638, 0, 0, 3, 3, 1, 0, 0, 2]),
 (999, [841, 55, 0, 0, 1, 1879, 1883, 0, 0, 3, 1, 0, 1, 2, 0]),
 (999, [752, 56, 0, 1, 0, 925, 927, 1, 0, 1, 5, 0, 2, 1, 2]),
 (999, [631, 75, 0, 0, 0, 1855, 1962, 0, 1, 2, 5, 0, 0, 1, 0]),
 (34, [974, 111, 0, 1, 0, 668, 551, 0, 0, 1, 4, 0, 2, 0, 2]),
 (33, [1317, 16, 1, 1, 0, 1815, 571, 1, 0, 2, 0, 0, 1, 2, 1]),
 (17, [1401, 13, 0, 1, 0, 1016, 1405, 1, 0, 2, 4, 1, 0, 0, 0]),
 (17, [1166, 73, 1, 0, 0, 698, 960, 0, 1, 2, 0, 1, 0, 1, 2]),
 (17, [903, 40, 0, 0, 0, 671, 1366, 1, 1, 1, 3, 0, 1, 0, 1]),
 (16, [1843, 119, 1, 1, 1, 592, 598, 1, 0, 1, 4, 1, 0, 1, 2]),
 (16, [1591, 19, 1, 0, 1, 1941, 1377, 0, 0, 2, 2, 0, 1, 0, 1]),
 (16, [1404, 48, 1, 0, 1, 1967, 1700, 1, 0, 2, 1, 1, 2, 2, 2]),
 (16, [1402, 10, 0, 0, 0, 1441, 1507, 0, 1, 1, 0, 0, 0, 0, 2]),
 (16, [1399, 78, 0, 1, 0, 860, 868, 1, 0, 2, 4, 1, 2, 1, 1]),
 (16, [1324, 65, 1, 1, 1, 1261, 1337, 1, 1, 0, 1, 1, 2, 0, 0]),
 (16, [1097, 35, 0, 0, 1, 1021, 916, 1, 1, 0, 0, 1, 1, 2, 0]),
 (16, [1006, 74, 1, 0, 0, 1675, 796, 0, 1, 1, 3, 1, 2, 1, 2]),
 (16, [917, 88, 0, 0, 0, 794, 865, 0, 1, 0, 3, 0, 0, 0, 0]),
 (16, [858, 87, 1, 1, 0, 639, 1213, 0, 1, 2, 3, 1, 1, 2, 0]),
 (16, [744, 106, 0, 1, 0, 858, 903, 1, 1, 1, 2, 1, 1, 2, 2]),
 (16, [658, 11, 1, 1, 0, 1996, 1550, 0, 0, 1, 4, 1, 0, 2, 2]),
 (13, [1142, 11, 1, 0, 0, 1181, 664, 1, 0, 2, 2, 1, 1, 2, 2]),
 (12, [1911, 47, 1, 0, 1, 1561, 714, 1, 0, 2, 0, 1, 0, 0, 0]),
 (12, [1401, 15, 0, 0, 1, 1089, 935, 0, 1, 1, 4, 0, 1, 1, 2]),
 (12, [1206, 83, 1, 1, 0, 878, 592, 0, 0, 0, 2, 1, 2, 2, 1]),
 (12, [1007, 45, 0, 1, 0, 1563, 593, 1, 0, 0, 1, 1, 2, 0, 1]),
 (12, [953, 24, 1, 0, 1, 1504, 1091, 0, 0, 1, 0, 1, 0, 0, 2]),
 (12, [569, 110, 1, 0, 0, 1848, 1759, 1, 1, 2, 4, 1, 2, 2, 2])]
scored
[(12, [569, 110, 1, 0, 0, 1848, 1759, 1, 1, 2, 4, 1, 2, 2, 2]),
 (12, [953, 24, 1, 0, 1, 1504, 1091, 0, 0, 1, 0, 1, 0, 0, 2]),
 (12, [1007, 45, 0, 1, 0, 1563, 593, 1, 0, 0, 1, 1, 2, 0, 1]),
 (12, [1206, 83, 1, 1, 0, 878, 592, 0, 0, 0, 2, 1, 2, 2, 1]),
 (12, [1401, 15, 0, 0, 1, 1089, 935, 0, 1, 1, 4, 0, 1, 1, 2]),
 (12, [1911, 47, 1, 0, 1, 1561, 714, 1, 0, 2, 0, 1, 0, 0, 0]),
 (13, [1142, 11, 1, 0, 0, 1181, 664, 1, 0, 2, 2, 1, 1, 2, 2]),
 (16, [658, 11, 1, 1, 0, 1996, 1550, 0, 0, 1, 4, 1, 0, 2, 2]),
 (16, [744, 106, 0, 1, 0, 858, 903, 1, 1, 1, 2, 1, 1, 2, 2]),
 (16, [858, 87, 1, 1, 0, 639, 1213, 0, 1, 2, 3, 1, 1, 2, 0]),
 (16, [917, 88, 0, 0, 0, 794, 865, 0, 1, 0, 3, 0, 0, 0, 0]),
 (16, [1006, 74, 1, 0, 0, 1675, 796, 0, 1, 1, 3, 1, 2, 1, 2]),
 (16, [1097, 35, 0, 0, 1, 1021, 916, 1, 1, 0, 0, 1, 1, 2, 0]),
 (16, [1324, 65, 1, 1, 1, 1261, 1337, 1, 1, 0, 1, 1, 2, 0, 0]),
 (16, [1399, 78, 0, 1, 0, 860, 868, 1, 0, 2, 4, 1, 2, 1, 1]),
 (16, [1402, 10, 0, 0, 0, 1441, 1507, 0, 1, 1, 0, 0, 0, 0, 2]),
 (16, [1404, 48, 1, 0, 1, 1967, 1700, 1, 0, 2, 1, 1, 2, 2, 2]),
 (16, [1591, 19, 1, 0, 1, 1941, 1377, 0, 0, 2, 2, 0, 1, 0, 1]),
 (16, [1843, 119, 1, 1, 1, 592, 598, 1, 0, 1, 4, 1, 0, 1, 2]),
 (17, [903, 40, 0, 0, 0, 671, 1366, 1, 1, 1, 3, 0, 1, 0, 1]),
 (17, [1166, 73, 1, 0, 0, 698, 960, 0, 1, 2, 0, 1, 0, 1, 2]),
 (17, [1401, 13, 0, 1, 0, 1016, 1405, 1, 0, 2, 4, 1, 0, 0, 0]),
 (33, [1317, 16, 1, 1, 0, 1815, 571, 1, 0, 2, 0, 0, 1, 2, 1]),
 (34, [974, 111, 0, 1, 0, 668, 551, 0, 0, 1, 4, 0, 2, 0, 2]),
 (999, [631, 75, 0, 0, 0, 1855, 1962, 0, 1, 2, 5, 0, 0, 1, 0]),
 (999, [752, 56, 0, 1, 0, 925, 927, 1, 0, 1, 5, 0, 2, 1, 2]),
 (999, [841, 55, 0, 0, 1, 1879, 1883, 0, 0, 3, 1, 0, 1, 2, 0]),
 (999, [1130, 108, 0, 1, 1, 611, 1638, 0, 0, 3, 3, 1, 0, 0, 2]),
 (999, [1131, 53, 0, 0, 0, 1472, 1337, 1, 0, 2, 5, 0, 2, 1, 2]),
 (999, [1441, 66, 0, 0, 0, 1890, 617, 0, 1, 3, 3, 0, 2, 0, 0]),
 (999, [1695, 33, 0, 1, 1, 2025, 1817, 1, 0, 3, 2, 0, 1, 2, 1]),
 (999, [1853, 70, 1, 1, 0, 1247, 1038, 1, 0, 3, 2, 1, 1, 1, 2])]
Selected
[(12, [1007, 45, 0, 1, 0, 1563, 593, 1, 0, 0, 1, 1, 2, 0, 1]),
 (12, [953, 24, 1, 0, 1, 1504, 1091, 0, 0, 1, 0, 1, 0, 0, 2]),
 (12, [1206, 83, 1, 1, 0, 878, 592, 0, 0, 0, 2, 1, 2, 2, 1]),
 (16, [1591, 19, 1, 0, 1, 1941, 1377, 0, 0, 2, 2, 0, 1, 0, 1]),
 (12, [1206, 83, 1, 1, 0, 878, 592, 0, 0, 0, 2, 1, 2, 2, 1]),
 (16, [858, 87, 1, 1, 0, 639, 1213, 0, 1, 2, 3, 1, 1, 2, 0]),
 (16, [917, 88, 0, 0, 0, 794, 865, 0, 1, 0, 3, 0, 0, 0, 0]),
 (12, [569, 110, 1, 0, 0, 1848, 1759, 1, 1, 2, 4, 1, 2, 2, 2]),
 (12, [1206, 83, 1, 1, 0, 878, 592, 0, 0, 0, 2, 1, 2, 2, 1]),
 (12, [1007, 45, 0, 1, 0, 1563, 593, 1, 0, 0, 1, 1, 2, 0, 1]),
 (12, [1911, 47, 1, 0, 1, 1561, 714, 1, 0, 2, 0, 1, 0, 0, 0]),
 (12, [1206, 83, 1, 1, 0, 878, 592, 0, 0, 0, 2, 1, 2, 2, 1]),
 (12, [1911, 47, 1, 0, 1, 1561, 714, 1, 0, 2, 0, 1, 0, 0, 0]),
 (13, [1142, 11, 1, 0, 0, 1181, 664, 1, 0, 2, 2, 1, 1, 2, 2]),
 (16, [858, 87, 1, 1, 0, 639, 1213, 0, 1, 2, 3, 1, 1, 2, 0]),
 (12, [953, 24, 1, 0, 1, 1504, 1091, 0, 0, 1, 0, 1, 0, 0, 2]),
 (12, [1401, 15, 0, 0, 1, 1089, 935, 0, 1, 1, 4, 0, 1, 1, 2]),
 (12, [1007, 45, 0, 1, 0, 1563, 593, 1, 0, 0, 1, 1, 2, 0, 1]),
 (12, [1911, 47, 1, 0, 1, 1561, 714, 1, 0, 2, 0, 1, 0, 0, 0]),
 (12, [1401, 15, 0, 0, 1, 1089, 935, 0, 1, 1, 4, 0, 1, 1, 2]),
 (12, [1007, 45, 0, 1, 0, 1563, 593, 1, 0, 0, 1, 1, 2, 0, 1]),
 (12, [1007, 45, 0, 1, 0, 1563, 593, 1, 0, 0, 1, 1, 2, 0, 1]),
 (12, [1401, 15, 0, 0, 1, 1089, 935, 0, 1, 1, 4, 0, 1, 1, 2]),
 (12, [569, 110, 1, 0, 0, 1848, 1759, 1, 1, 2, 4, 1, 2, 2, 2]),
 (16, [1324, 65, 1, 1, 1, 1261, 1337, 1, 1, 0, 1, 1, 2, 0, 0]),
 (16, [744, 106, 0, 1, 0, 858, 903, 1, 1, 1, 2, 1, 1, 2, 2]),
 (16, [1399, 78, 0, 1, 0, 860, 868, 1, 0, 2, 4, 1, 2, 1, 1])]
population
[(999, [1853, 70, 1, 1, 0, 1247, 1038, 1, 0, 3, 2, 1, 1, 1, 2]),
 (999, [1695, 33, 0, 1, 1, 2025, 1817, 1, 0, 3, 2, 0, 1, 2, 1]),
 (999, [1441, 66, 0, 0, 0, 1890, 617, 0, 1, 3, 3, 0, 2, 0, 0]),
 (999, [1131, 53, 0, 0, 0, 1472, 1337, 1, 0, 2, 5, 0, 2, 1, 2]),
 (999, [1130, 108, 0, 1, 1, 611, 1638, 0, 0, 3, 3, 1, 0, 0, 2]),
 (999, [841, 55, 0, 0, 1, 1879, 1883, 0, 0, 3, 1, 0, 1, 2, 0]),
 (999, [752, 56, 0, 1, 0, 925, 927, 1, 0, 1, 5, 0, 2, 1, 2]),
 (999, [631, 75, 0, 0, 0, 1855, 1962, 0, 1, 2, 5, 0, 0, 1, 0]),
 (34, [974, 111, 0, 1, 0, 668, 551, 0, 0, 1, 4, 0, 2, 0, 2]),
 (33, [1317, 16, 1, 1, 0, 1815, 571, 1, 0, 2, 0, 0, 1, 2, 1]),
 (17, [1401, 13, 0, 1, 0, 1016, 1405, 1, 0, 2, 4, 1, 0, 0, 0]),
 (17, [1166, 73, 1, 0, 0, 698, 960, 0, 1, 2, 0, 1, 0, 1, 2]),
 (17, [903, 40, 0, 0, 0, 671, 1366, 1, 1, 1, 3, 0, 1, 0, 1]),
 (16, [1843, 119, 1, 1, 1, 592, 598, 1, 0, 1, 4, 1, 0, 1, 2]),
 (16, [1591, 19, 1, 0, 1, 1941, 1377, 0, 0, 2, 2, 0, 1, 0, 1]),
 (16, [1404, 48, 1, 0, 1, 1967, 1700, 1, 0, 2, 1, 1, 2, 2, 2]),
 (16, [1402, 10, 0, 0, 0, 1441, 1507, 0, 1, 1, 0, 0, 0, 0, 2]),
 (16, [1399, 78, 0, 1, 0, 860, 868, 1, 0, 2, 4, 1, 2, 1, 1]),
 (16, [1324, 65, 1, 1, 1, 1261, 1337, 1, 1, 0, 1, 1, 2, 0, 0]),
 (16, [1097, 35, 0, 0, 1, 1021, 916, 1, 1, 0, 0, 1, 1, 2, 0]),
 (16, [1006, 74, 1, 0, 0, 1675, 796, 0, 1, 1, 3, 1, 2, 1, 2]),
 (16, [917, 88, 0, 0, 0, 794, 865, 0, 1, 0, 3, 0, 0, 0, 0]),
 (16, [858, 87, 1, 1, 0, 639, 1213, 0, 1, 2, 3, 1, 1, 2, 0]),
 (16, [744, 106, 0, 1, 0, 858, 903, 1, 1, 1, 2, 1, 1, 2, 2]),
 (16, [658, 11, 1, 1, 0, 1996, 1550, 0, 0, 1, 4, 1, 0, 2, 2]),
 (13, [1142, 11, 1, 0, 0, 1181, 664, 1, 0, 2, 2, 1, 1, 2, 2]),
 (12, [1911, 47, 1, 0, 1, 1561, 714, 1, 0, 2, 0, 1, 0, 0, 0]),
 (12, [1401, 15, 0, 0, 1, 1089, 935, 0, 1, 1, 4, 0, 1, 1, 2]),
 (12, [1206, 83, 1, 1, 0, 878, 592, 0, 0, 0, 2, 1, 2, 2, 1]),
 (12, [1007, 45, 0, 1, 0, 1563, 593, 1, 0, 0, 1, 1, 2, 0, 1]),
 (12, [953, 24, 1, 0, 1, 1504, 1091, 0, 0, 1, 0, 1, 0, 0, 2]),
 (12, [569, 110, 1, 0, 0, 1848, 1759, 1, 1, 2, 4, 1, 2, 2, 2])]
scored
[(12, [569, 110, 1, 0, 0, 1848, 1759, 1, 1, 2, 4, 1, 2, 2, 2]),
 (12, [953, 24, 1, 0, 1, 1504, 1091, 0, 0, 1, 0, 1, 0, 0, 2]),
 (12, [1007, 45, 0, 1, 0, 1563, 593, 1, 0, 0, 1, 1, 2, 0, 1]),
 (12, [1206, 83, 1, 1, 0, 878, 592, 0, 0, 0, 2, 1, 2, 2, 1]),
 (12, [1401, 15, 0, 0, 1, 1089, 935, 0, 1, 1, 4, 0, 1, 1, 2]),
 (12, [1911, 47, 1, 0, 1, 1561, 714, 1, 0, 2, 0, 1, 0, 0, 0]),
 (13, [1142, 11, 1, 0, 0, 1181, 664, 1, 0, 2, 2, 1, 1, 2, 2]),
 (16, [658, 11, 1, 1, 0, 1996, 1550, 0, 0, 1, 4, 1, 0, 2, 2]),
 (16, [744, 106, 0, 1, 0, 858, 903, 1, 1, 1, 2, 1, 1, 2, 2]),
 (16, [858, 87, 1, 1, 0, 639, 1213, 0, 1, 2, 3, 1, 1, 2, 0]),
 (16, [917, 88, 0, 0, 0, 794, 865, 0, 1, 0, 3, 0, 0, 0, 0]),
 (16, [1006, 74, 1, 0, 0, 1675, 796, 0, 1, 1, 3, 1, 2, 1, 2]),
 (16, [1097, 35, 0, 0, 1, 1021, 916, 1, 1, 0, 0, 1, 1, 2, 0]),
 (16, [1324, 65, 1, 1, 1, 1261, 1337, 1, 1, 0, 1, 1, 2, 0, 0]),
 (16, [1399, 78, 0, 1, 0, 860, 868, 1, 0, 2, 4, 1, 2, 1, 1]),
 (16, [1402, 10, 0, 0, 0, 1441, 1507, 0, 1, 1, 0, 0, 0, 0, 2]),
 (16, [1404, 48, 1, 0, 1, 1967, 1700, 1, 0, 2, 1, 1, 2, 2, 2]),
 (16, [1591, 19, 1, 0, 1, 1941, 1377, 0, 0, 2, 2, 0, 1, 0, 1]),
 (16, [1843, 119, 1, 1, 1, 592, 598, 1, 0, 1, 4, 1, 0, 1, 2]),
 (17, [903, 40, 0, 0, 0, 671, 1366, 1, 1, 1, 3, 0, 1, 0, 1]),
 (17, [1166, 73, 1, 0, 0, 698, 960, 0, 1, 2, 0, 1, 0, 1, 2]),
 (17, [1401, 13, 0, 1, 0, 1016, 1405, 1, 0, 2, 4, 1, 0, 0, 0]),
 (33, [1317, 16, 1, 1, 0, 1815, 571, 1, 0, 2, 0, 0, 1, 2, 1]),
 (34, [974, 111, 0, 1, 0, 668, 551, 0, 0, 1, 4, 0, 2, 0, 2]),
 (999, [631, 75, 0, 0, 0, 1855, 1962, 0, 1, 2, 5, 0, 0, 1, 0]),
 (999, [752, 56, 0, 1, 0, 925, 927, 1, 0, 1, 5, 0, 2, 1, 2]),
 (999, [841, 55, 0, 0, 1, 1879, 1883, 0, 0, 3, 1, 0, 1, 2, 0]),
 (999, [1130, 108, 0, 1, 1, 611, 1638, 0, 0, 3, 3, 1, 0, 0, 2]),
 (999, [1131, 53, 0, 0, 0, 1472, 1337, 1, 0, 2, 5, 0, 2, 1, 2]),
 (999, [1441, 66, 0, 0, 0, 1890, 617, 0, 1, 3, 3, 0, 2, 0, 0]),
 (999, [1695, 33, 0, 1, 1, 2025, 1817, 1, 0, 3, 2, 0, 1, 2, 1]),
 (999, [1853, 70, 1, 1, 0, 1247, 1038, 1, 0, 3, 2, 1, 1, 1, 2])]
Selected
[(12, [1206, 83, 1, 1, 0, 878, 592, 0, 0, 0, 2, 1, 2, 2, 1]),
 (16, [1399, 78, 0, 1, 0, 860, 868, 1, 0, 2, 4, 1, 2, 1, 1]),
 (12, [1206, 83, 1, 1, 0, 878, 592, 0, 0, 0, 2, 1, 2, 2, 1]),
 (12, [1911, 47, 1, 0, 1, 1561, 714, 1, 0, 2, 0, 1, 0, 0, 0]),
 (12, [1206, 83, 1, 1, 0, 878, 592, 0, 0, 0, 2, 1, 2, 2, 1]),
 (12, [569, 110, 1, 0, 0, 1848, 1759, 1, 1, 2, 4, 1, 2, 2, 2]),
 (12, [1007, 45, 0, 1, 0, 1563, 593, 1, 0, 0, 1, 1, 2, 0, 1]),
 (12, [1007, 45, 0, 1, 0, 1563, 593, 1, 0, 0, 1, 1, 2, 0, 1]),
 (12, [1206, 83, 1, 1, 0, 878, 592, 0, 0, 0, 2, 1, 2, 2, 1]),
 (12, [1007, 45, 0, 1, 0, 1563, 593, 1, 0, 0, 1, 1, 2, 0, 1]),
 (12, [1206, 83, 1, 1, 0, 878, 592, 0, 0, 0, 2, 1, 2, 2, 1]),
 (13, [1142, 11, 1, 0, 0, 1181, 664, 1, 0, 2, 2, 1, 1, 2, 2]),
 (12, [569, 110, 1, 0, 0, 1848, 1759, 1, 1, 2, 4, 1, 2, 2, 2]),
 (12, [569, 110, 1, 0, 0, 1848, 1759, 1, 1, 2, 4, 1, 2, 2, 2]),
 (13, [1142, 11, 1, 0, 0, 1181, 664, 1, 0, 2, 2, 1, 1, 2, 2]),
 (12, [1206, 83, 1, 1, 0, 878, 592, 0, 0, 0, 2, 1, 2, 2, 1]),
 (12, [1007, 45, 0, 1, 0, 1563, 593, 1, 0, 0, 1, 1, 2, 0, 1]),
 (12, [569, 110, 1, 0, 0, 1848, 1759, 1, 1, 2, 4, 1, 2, 2, 2]),
 (12, [569, 110, 1, 0, 0, 1848, 1759, 1, 1, 2, 4, 1, 2, 2, 2]),
 (12, [1206, 83, 1, 1, 0, 878, 592, 0, 0, 0, 2, 1, 2, 2, 1]),
 (12, [1206, 83, 1, 1, 0, 878, 592, 0, 0, 0, 2, 1, 2, 2, 1]),
 (12, [1401, 15, 0, 0, 1, 1089, 935, 0, 1, 1, 4, 0, 1, 1, 2]),
 (12, [1007, 45, 0, 1, 0, 1563, 593, 1, 0, 0, 1, 1, 2, 0, 1]),
 (17, [1166, 73, 1, 0, 0, 698, 960, 0, 1, 2, 0, 1, 0, 1, 2]),
 (12, [569, 110, 1, 0, 0, 1848, 1759, 1, 1, 2, 4, 1, 2, 2, 2]),
 (12, [569, 110, 1, 0, 0, 1848, 1759, 1, 1, 2, 4, 1, 2, 2, 2]),
 (17, [1401, 13, 0, 1, 0, 1016, 1405, 1, 0, 2, 4, 1, 0, 0, 0])]
population
[(999, [1853, 70, 1, 1, 0, 1247, 1038, 1, 0, 3, 2, 1, 1, 1, 2]),
 (999, [1695, 33, 0, 1, 1, 2025, 1817, 1, 0, 3, 2, 0, 1, 2, 1]),
 (999, [1441, 66, 0, 0, 0, 1890, 617, 0, 1, 3, 3, 0, 2, 0, 0]),
 (999, [1131, 53, 0, 0, 0, 1472, 1337, 1, 0, 2, 5, 0, 2, 1, 2]),
 (999, [1130, 108, 0, 1, 1, 611, 1638, 0, 0, 3, 3, 1, 0, 0, 2]),
 (999, [841, 55, 0, 0, 1, 1879, 1883, 0, 0, 3, 1, 0, 1, 2, 0]),
 (999, [752, 56, 0, 1, 0, 925, 927, 1, 0, 1, 5, 0, 2, 1, 2]),
 (999, [631, 75, 0, 0, 0, 1855, 1962, 0, 1, 2, 5, 0, 0, 1, 0]),
 (34, [974, 111, 0, 1, 0, 668, 551, 0, 0, 1, 4, 0, 2, 0, 2]),
 (33, [1317, 16, 1, 1, 0, 1815, 571, 1, 0, 2, 0, 0, 1, 2, 1]),
 (17, [1401, 13, 0, 1, 0, 1016, 1405, 1, 0, 2, 4, 1, 0, 0, 0]),
 (17, [1166, 73, 1, 0, 0, 698, 960, 0, 1, 2, 0, 1, 0, 1, 2]),
 (17, [903, 40, 0, 0, 0, 671, 1366, 1, 1, 1, 3, 0, 1, 0, 1]),
 (16, [1843, 119, 1, 1, 1, 592, 598, 1, 0, 1, 4, 1, 0, 1, 2]),
 (16, [1591, 19, 1, 0, 1, 1941, 1377, 0, 0, 2, 2, 0, 1, 0, 1]),
 (16, [1404, 48, 1, 0, 1, 1967, 1700, 1, 0, 2, 1, 1, 2, 2, 2]),
 (16, [1402, 10, 0, 0, 0, 1441, 1507, 0, 1, 1, 0, 0, 0, 0, 2]),
 (16, [1399, 78, 0, 1, 0, 860, 868, 1, 0, 2, 4, 1, 2, 1, 1]),
 (16, [1324, 65, 1, 1, 1, 1261, 1337, 1, 1, 0, 1, 1, 2, 0, 0]),
 (16, [1097, 35, 0, 0, 1, 1021, 916, 1, 1, 0, 0, 1, 1, 2, 0]),
 (16, [1006, 74, 1, 0, 0, 1675, 796, 0, 1, 1, 3, 1, 2, 1, 2]),
 (16, [917, 88, 0, 0, 0, 794, 865, 0, 1, 0, 3, 0, 0, 0, 0]),
 (16, [858, 87, 1, 1, 0, 639, 1213, 0, 1, 2, 3, 1, 1, 2, 0]),
 (16, [744, 106, 0, 1, 0, 858, 903, 1, 1, 1, 2, 1, 1, 2, 2]),
 (16, [658, 11, 1, 1, 0, 1996, 1550, 0, 0, 1, 4, 1, 0, 2, 2]),
 (13, [1142, 11, 1, 0, 0, 1181, 664, 1, 0, 2, 2, 1, 1, 2, 2]),
 (12, [1911, 47, 1, 0, 1, 1561, 714, 1, 0, 2, 0, 1, 0, 0, 0]),
 (12, [1401, 15, 0, 0, 1, 1089, 935, 0, 1, 1, 4, 0, 1, 1, 2]),
 (12, [1206, 83, 1, 1, 0, 878, 592, 0, 0, 0, 2, 1, 2, 2, 1]),
 (12, [1007, 45, 0, 1, 0, 1563, 593, 1, 0, 0, 1, 1, 2, 0, 1]),
 (12, [953, 24, 1, 0, 1, 1504, 1091, 0, 0, 1, 0, 1, 0, 0, 2]),
 (12, [569, 110, 1, 0, 0, 1848, 1759, 1, 1, 2, 4, 1, 2, 2, 2])]
scored
[(12, [569, 110, 1, 0, 0, 1848, 1759, 1, 1, 2, 4, 1, 2, 2, 2]),
 (12, [953, 24, 1, 0, 1, 1504, 1091, 0, 0, 1, 0, 1, 0, 0, 2]),
 (12, [1007, 45, 0, 1, 0, 1563, 593, 1, 0, 0, 1, 1, 2, 0, 1]),
 (12, [1206, 83, 1, 1, 0, 878, 592, 0, 0, 0, 2, 1, 2, 2, 1]),
 (12, [1401, 15, 0, 0, 1, 1089, 935, 0, 1, 1, 4, 0, 1, 1, 2]),
 (12, [1911, 47, 1, 0, 1, 1561, 714, 1, 0, 2, 0, 1, 0, 0, 0]),
 (13, [1142, 11, 1, 0, 0, 1181, 664, 1, 0, 2, 2, 1, 1, 2, 2]),
 (16, [658, 11, 1, 1, 0, 1996, 1550, 0, 0, 1, 4, 1, 0, 2, 2]),
 (16, [744, 106, 0, 1, 0, 858, 903, 1, 1, 1, 2, 1, 1, 2, 2]),
 (16, [858, 87, 1, 1, 0, 639, 1213, 0, 1, 2, 3, 1, 1, 2, 0]),
 (16, [917, 88, 0, 0, 0, 794, 865, 0, 1, 0, 3, 0, 0, 0, 0]),
 (16, [1006, 74, 1, 0, 0, 1675, 796, 0, 1, 1, 3, 1, 2, 1, 2]),
 (16, [1097, 35, 0, 0, 1, 1021, 916, 1, 1, 0, 0, 1, 1, 2, 0]),
 (16, [1324, 65, 1, 1, 1, 1261, 1337, 1, 1, 0, 1, 1, 2, 0, 0]),
 (16, [1399, 78, 0, 1, 0, 860, 868, 1, 0, 2, 4, 1, 2, 1, 1]),
 (16, [1402, 10, 0, 0, 0, 1441, 1507, 0, 1, 1, 0, 0, 0, 0, 2]),
 (16, [1404, 48, 1, 0, 1, 1967, 1700, 1, 0, 2, 1, 1, 2, 2, 2]),
 (16, [1591, 19, 1, 0, 1, 1941, 1377, 0, 0, 2, 2, 0, 1, 0, 1]),
 (16, [1843, 119, 1, 1, 1, 592, 598, 1, 0, 1, 4, 1, 0, 1, 2]),
 (17, [903, 40, 0, 0, 0, 671, 1366, 1, 1, 1, 3, 0, 1, 0, 1]),
 (17, [1166, 73, 1, 0, 0, 698, 960, 0, 1, 2, 0, 1, 0, 1, 2]),
 (17, [1401, 13, 0, 1, 0, 1016, 1405, 1, 0, 2, 4, 1, 0, 0, 0]),
 (33, [1317, 16, 1, 1, 0, 1815, 571, 1, 0, 2, 0, 0, 1, 2, 1]),
 (34, [974, 111, 0, 1, 0, 668, 551, 0, 0, 1, 4, 0, 2, 0, 2]),
 (999, [631, 75, 0, 0, 0, 1855, 1962, 0, 1, 2, 5, 0, 0, 1, 0]),
 (999, [752, 56, 0, 1, 0, 925, 927, 1, 0, 1, 5, 0, 2, 1, 2]),
 (999, [841, 55, 0, 0, 1, 1879, 1883, 0, 0, 3, 1, 0, 1, 2, 0]),
 (999, [1130, 108, 0, 1, 1, 611, 1638, 0, 0, 3, 3, 1, 0, 0, 2]),
 (999, [1131, 53, 0, 0, 0, 1472, 1337, 1, 0, 2, 5, 0, 2, 1, 2]),
 (999, [1441, 66, 0, 0, 0, 1890, 617, 0, 1, 3, 3, 0, 2, 0, 0]),
 (999, [1695, 33, 0, 1, 1, 2025, 1817, 1, 0, 3, 2, 0, 1, 2, 1]),
 (999, [1853, 70, 1, 1, 0, 1247, 1038, 1, 0, 3, 2, 1, 1, 1, 2])]
Selected
[(12, [1401, 15, 0, 0, 1, 1089, 935, 0, 1, 1, 4, 0, 1, 1, 2]),
 (12, [569, 110, 1, 0, 0, 1848, 1759, 1, 1, 2, 4, 1, 2, 2, 2]),
 (12, [569, 110, 1, 0, 0, 1848, 1759, 1, 1, 2, 4, 1, 2, 2, 2]),
 (16, [744, 106, 0, 1, 0, 858, 903, 1, 1, 1, 2, 1, 1, 2, 2]),
 (12, [1206, 83, 1, 1, 0, 878, 592, 0, 0, 0, 2, 1, 2, 2, 1]),
 (16, [1402, 10, 0, 0, 0, 1441, 1507, 0, 1, 1, 0, 0, 0, 0, 2]),
 (12, [1401, 15, 0, 0, 1, 1089, 935, 0, 1, 1, 4, 0, 1, 1, 2]),
 (12, [1911, 47, 1, 0, 1, 1561, 714, 1, 0, 2, 0, 1, 0, 0, 0]),
 (12, [953, 24, 1, 0, 1, 1504, 1091, 0, 0, 1, 0, 1, 0, 0, 2]),
 (12, [569, 110, 1, 0, 0, 1848, 1759, 1, 1, 2, 4, 1, 2, 2, 2]),
 (12, [569, 110, 1, 0, 0, 1848, 1759, 1, 1, 2, 4, 1, 2, 2, 2]),
 (16, [858, 87, 1, 1, 0, 639, 1213, 0, 1, 2, 3, 1, 1, 2, 0]),
 (12, [953, 24, 1, 0, 1, 1504, 1091, 0, 0, 1, 0, 1, 0, 0, 2]),
 (12, [1401, 15, 0, 0, 1, 1089, 935, 0, 1, 1, 4, 0, 1, 1, 2]),
 (12, [569, 110, 1, 0, 0, 1848, 1759, 1, 1, 2, 4, 1, 2, 2, 2]),
 (12, [1911, 47, 1, 0, 1, 1561, 714, 1, 0, 2, 0, 1, 0, 0, 0]),
 (12, [1401, 15, 0, 0, 1, 1089, 935, 0, 1, 1, 4, 0, 1, 1, 2]),
 (12, [1911, 47, 1, 0, 1, 1561, 714, 1, 0, 2, 0, 1, 0, 0, 0]),
 (12, [569, 110, 1, 0, 0, 1848, 1759, 1, 1, 2, 4, 1, 2, 2, 2]),
 (12, [1007, 45, 0, 1, 0, 1563, 593, 1, 0, 0, 1, 1, 2, 0, 1]),
 (12, [1911, 47, 1, 0, 1, 1561, 714, 1, 0, 2, 0, 1, 0, 0, 0]),
 (16, [1097, 35, 0, 0, 1, 1021, 916, 1, 1, 0, 0, 1, 1, 2, 0]),
 (12, [1206, 83, 1, 1, 0, 878, 592, 0, 0, 0, 2, 1, 2, 2, 1]),
 (13, [1142, 11, 1, 0, 0, 1181, 664, 1, 0, 2, 2, 1, 1, 2, 2]),
 (12, [1206, 83, 1, 1, 0, 878, 592, 0, 0, 0, 2, 1, 2, 2, 1]),
 (12, [953, 24, 1, 0, 1, 1504, 1091, 0, 0, 1, 0, 1, 0, 0, 2]),
 (12, [1007, 45, 0, 1, 0, 1563, 593, 1, 0, 0, 1, 1, 2, 0, 1])]
population
[(999, [1853, 70, 1, 1, 0, 1247, 1038, 1, 0, 3, 2, 1, 1, 1, 2]),
 (999, [1695, 33, 0, 1, 1, 2025, 1817, 1, 0, 3, 2, 0, 1, 2, 1]),
 (999, [1441, 66, 0, 0, 0, 1890, 617, 0, 1, 3, 3, 0, 2, 0, 0]),
 (999, [1131, 53, 0, 0, 0, 1472, 1337, 1, 0, 2, 5, 0, 2, 1, 2]),
 (999, [1130, 108, 0, 1, 1, 611, 1638, 0, 0, 3, 3, 1, 0, 0, 2]),
 (999, [841, 55, 0, 0, 1, 1879, 1883, 0, 0, 3, 1, 0, 1, 2, 0]),
 (999, [752, 56, 0, 1, 0, 925, 927, 1, 0, 1, 5, 0, 2, 1, 2]),
 (999, [631, 75, 0, 0, 0, 1855, 1962, 0, 1, 2, 5, 0, 0, 1, 0]),
 (34, [974, 111, 0, 1, 0, 668, 551, 0, 0, 1, 4, 0, 2, 0, 2]),
 (33, [1317, 16, 1, 1, 0, 1815, 571, 1, 0, 2, 0, 0, 1, 2, 1]),
 (17, [1401, 13, 0, 1, 0, 1016, 1405, 1, 0, 2, 4, 1, 0, 0, 0]),
 (17, [1166, 73, 1, 0, 0, 698, 960, 0, 1, 2, 0, 1, 0, 1, 2]),
 (17, [903, 40, 0, 0, 0, 671, 1366, 1, 1, 1, 3, 0, 1, 0, 1]),
 (16, [1843, 119, 1, 1, 1, 592, 598, 1, 0, 1, 4, 1, 0, 1, 2]),
 (16, [1591, 19, 1, 0, 1, 1941, 1377, 0, 0, 2, 2, 0, 1, 0, 1]),
 (16, [1404, 48, 1, 0, 1, 1967, 1700, 1, 0, 2, 1, 1, 2, 2, 2]),
 (16, [1402, 10, 0, 0, 0, 1441, 1507, 0, 1, 1, 0, 0, 0, 0, 2]),
 (16, [1399, 78, 0, 1, 0, 860, 868, 1, 0, 2, 4, 1, 2, 1, 1]),
 (16, [1324, 65, 1, 1, 1, 1261, 1337, 1, 1, 0, 1, 1, 2, 0, 0]),
 (16, [1097, 35, 0, 0, 1, 1021, 916, 1, 1, 0, 0, 1, 1, 2, 0]),
 (16, [1006, 74, 1, 0, 0, 1675, 796, 0, 1, 1, 3, 1, 2, 1, 2]),
 (16, [917, 88, 0, 0, 0, 794, 865, 0, 1, 0, 3, 0, 0, 0, 0]),
 (16, [858, 87, 1, 1, 0, 639, 1213, 0, 1, 2, 3, 1, 1, 2, 0]),
 (16, [744, 106, 0, 1, 0, 858, 903, 1, 1, 1, 2, 1, 1, 2, 2]),
 (16, [658, 11, 1, 1, 0, 1996, 1550, 0, 0, 1, 4, 1, 0, 2, 2]),
 (13, [1142, 11, 1, 0, 0, 1181, 664, 1, 0, 2, 2, 1, 1, 2, 2]),
 (12, [1911, 47, 1, 0, 1, 1561, 714, 1, 0, 2, 0, 1, 0, 0, 0]),
 (12, [1401, 15, 0, 0, 1, 1089, 935, 0, 1, 1, 4, 0, 1, 1, 2]),
 (12, [1206, 83, 1, 1, 0, 878, 592, 0, 0, 0, 2, 1, 2, 2, 1]),
 (12, [1007, 45, 0, 1, 0, 1563, 593, 1, 0, 0, 1, 1, 2, 0, 1]),
 (12, [953, 24, 1, 0, 1, 1504, 1091, 0, 0, 1, 0, 1, 0, 0, 2]),
 (12, [569, 110, 1, 0, 0, 1848, 1759, 1, 1, 2, 4, 1, 2, 2, 2])]
scored
[(12, [569, 110, 1, 0, 0, 1848, 1759, 1, 1, 2, 4, 1, 2, 2, 2]),
 (12, [953, 24, 1, 0, 1, 1504, 1091, 0, 0, 1, 0, 1, 0, 0, 2]),
 (12, [1007, 45, 0, 1, 0, 1563, 593, 1, 0, 0, 1, 1, 2, 0, 1]),
 (12, [1206, 83, 1, 1, 0, 878, 592, 0, 0, 0, 2, 1, 2, 2, 1]),
 (12, [1401, 15, 0, 0, 1, 1089, 935, 0, 1, 1, 4, 0, 1, 1, 2]),
 (12, [1911, 47, 1, 0, 1, 1561, 714, 1, 0, 2, 0, 1, 0, 0, 0]),
 (13, [1142, 11, 1, 0, 0, 1181, 664, 1, 0, 2, 2, 1, 1, 2, 2]),
 (16, [658, 11, 1, 1, 0, 1996, 1550, 0, 0, 1, 4, 1, 0, 2, 2]),
 (16, [744, 106, 0, 1, 0, 858, 903, 1, 1, 1, 2, 1, 1, 2, 2]),
 (16, [858, 87, 1, 1, 0, 639, 1213, 0, 1, 2, 3, 1, 1, 2, 0]),
 (16, [917, 88, 0, 0, 0, 794, 865, 0, 1, 0, 3, 0, 0, 0, 0]),
 (16, [1006, 74, 1, 0, 0, 1675, 796, 0, 1, 1, 3, 1, 2, 1, 2]),
 (16, [1097, 35, 0, 0, 1, 1021, 916, 1, 1, 0, 0, 1, 1, 2, 0]),
 (16, [1324, 65, 1, 1, 1, 1261, 1337, 1, 1, 0, 1, 1, 2, 0, 0]),
 (16, [1399, 78, 0, 1, 0, 860, 868, 1, 0, 2, 4, 1, 2, 1, 1]),
 (16, [1402, 10, 0, 0, 0, 1441, 1507, 0, 1, 1, 0, 0, 0, 0, 2]),
 (16, [1404, 48, 1, 0, 1, 1967, 1700, 1, 0, 2, 1, 1, 2, 2, 2]),
 (16, [1591, 19, 1, 0, 1, 1941, 1377, 0, 0, 2, 2, 0, 1, 0, 1]),
 (16, [1843, 119, 1, 1, 1, 592, 598, 1, 0, 1, 4, 1, 0, 1, 2]),
 (17, [903, 40, 0, 0, 0, 671, 1366, 1, 1, 1, 3, 0, 1, 0, 1]),
 (17, [1166, 73, 1, 0, 0, 698, 960, 0, 1, 2, 0, 1, 0, 1, 2]),
 (17, [1401, 13, 0, 1, 0, 1016, 1405, 1, 0, 2, 4, 1, 0, 0, 0]),
 (33, [1317, 16, 1, 1, 0, 1815, 571, 1, 0, 2, 0, 0, 1, 2, 1]),
 (34, [974, 111, 0, 1, 0, 668, 551, 0, 0, 1, 4, 0, 2, 0, 2]),
 (999, [631, 75, 0, 0, 0, 1855, 1962, 0, 1, 2, 5, 0, 0, 1, 0]),
 (999, [752, 56, 0, 1, 0, 925, 927, 1, 0, 1, 5, 0, 2, 1, 2]),
 (999, [841, 55, 0, 0, 1, 1879, 1883, 0, 0, 3, 1, 0, 1, 2, 0]),
 (999, [1130, 108, 0, 1, 1, 611, 1638, 0, 0, 3, 3, 1, 0, 0, 2]),
 (999, [1131, 53, 0, 0, 0, 1472, 1337, 1, 0, 2, 5, 0, 2, 1, 2]),
 (999, [1441, 66, 0, 0, 0, 1890, 617, 0, 1, 3, 3, 0, 2, 0, 0]),
 (999, [1695, 33, 0, 1, 1, 2025, 1817, 1, 0, 3, 2, 0, 1, 2, 1]),
 (999, [1853, 70, 1, 1, 0, 1247, 1038, 1, 0, 3, 2, 1, 1, 1, 2])]
Selected
[(12, [1401, 15, 0, 0, 1, 1089, 935, 0, 1, 1, 4, 0, 1, 1, 2]),
 (12, [1206, 83, 1, 1, 0, 878, 592, 0, 0, 0, 2, 1, 2, 2, 1]),
 (17, [903, 40, 0, 0, 0, 671, 1366, 1, 1, 1, 3, 0, 1, 0, 1]),
 (12, [569, 110, 1, 0, 0, 1848, 1759, 1, 1, 2, 4, 1, 2, 2, 2]),
 (12, [569, 110, 1, 0, 0, 1848, 1759, 1, 1, 2, 4, 1, 2, 2, 2]),
 (12, [1007, 45, 0, 1, 0, 1563, 593, 1, 0, 0, 1, 1, 2, 0, 1]),
 (12, [953, 24, 1, 0, 1, 1504, 1091, 0, 0, 1, 0, 1, 0, 0, 2]),
 (12, [1007, 45, 0, 1, 0, 1563, 593, 1, 0, 0, 1, 1, 2, 0, 1]),
 (12, [1401, 15, 0, 0, 1, 1089, 935, 0, 1, 1, 4, 0, 1, 1, 2]),
 (12, [1206, 83, 1, 1, 0, 878, 592, 0, 0, 0, 2, 1, 2, 2, 1]),
 (12, [1911, 47, 1, 0, 1, 1561, 714, 1, 0, 2, 0, 1, 0, 0, 0]),
 (12, [1401, 15, 0, 0, 1, 1089, 935, 0, 1, 1, 4, 0, 1, 1, 2]),
 (12, [1007, 45, 0, 1, 0, 1563, 593, 1, 0, 0, 1, 1, 2, 0, 1]),
 (12, [569, 110, 1, 0, 0, 1848, 1759, 1, 1, 2, 4, 1, 2, 2, 2]),
 (12, [569, 110, 1, 0, 0, 1848, 1759, 1, 1, 2, 4, 1, 2, 2, 2]),
 (16, [858, 87, 1, 1, 0, 639, 1213, 0, 1, 2, 3, 1, 1, 2, 0]),
 (12, [1007, 45, 0, 1, 0, 1563, 593, 1, 0, 0, 1, 1, 2, 0, 1]),
 (12, [1007, 45, 0, 1, 0, 1563, 593, 1, 0, 0, 1, 1, 2, 0, 1]),
 (34, [974, 111, 0, 1, 0, 668, 551, 0, 0, 1, 4, 0, 2, 0, 2]),
 (12, [1007, 45, 0, 1, 0, 1563, 593, 1, 0, 0, 1, 1, 2, 0, 1]),
 (12, [569, 110, 1, 0, 0, 1848, 1759, 1, 1, 2, 4, 1, 2, 2, 2]),
 (12, [1206, 83, 1, 1, 0, 878, 592, 0, 0, 0, 2, 1, 2, 2, 1]),
 (12, [1401, 15, 0, 0, 1, 1089, 935, 0, 1, 1, 4, 0, 1, 1, 2]),
 (12, [1206, 83, 1, 1, 0, 878, 592, 0, 0, 0, 2, 1, 2, 2, 1]),
 (12, [953, 24, 1, 0, 1, 1504, 1091, 0, 0, 1, 0, 1, 0, 0, 2]),
 (16, [658, 11, 1, 1, 0, 1996, 1550, 0, 0, 1, 4, 1, 0, 2, 2]),
 (12, [1401, 15, 0, 0, 1, 1089, 935, 0, 1, 1, 4, 0, 1, 1, 2])]
population
[(999, [1853, 70, 1, 1, 0, 1247, 1038, 1, 0, 3, 2, 1, 1, 1, 2]),
 (999, [1695, 33, 0, 1, 1, 2025, 1817, 1, 0, 3, 2, 0, 1, 2, 1]),
 (999, [1441, 66, 0, 0, 0, 1890, 617, 0, 1, 3, 3, 0, 2, 0, 0]),
 (999, [1131, 53, 0, 0, 0, 1472, 1337, 1, 0, 2, 5, 0, 2, 1, 2]),
 (999, [1130, 108, 0, 1, 1, 611, 1638, 0, 0, 3, 3, 1, 0, 0, 2]),
 (999, [841, 55, 0, 0, 1, 1879, 1883, 0, 0, 3, 1, 0, 1, 2, 0]),
 (999, [752, 56, 0, 1, 0, 925, 927, 1, 0, 1, 5, 0, 2, 1, 2]),
 (999, [631, 75, 0, 0, 0, 1855, 1962, 0, 1, 2, 5, 0, 0, 1, 0]),
 (34, [974, 111, 0, 1, 0, 668, 551, 0, 0, 1, 4, 0, 2, 0, 2]),
 (33, [1317, 16, 1, 1, 0, 1815, 571, 1, 0, 2, 0, 0, 1, 2, 1]),
 (17, [1401, 13, 0, 1, 0, 1016, 1405, 1, 0, 2, 4, 1, 0, 0, 0]),
 (17, [1166, 73, 1, 0, 0, 698, 960, 0, 1, 2, 0, 1, 0, 1, 2]),
 (17, [903, 40, 0, 0, 0, 671, 1366, 1, 1, 1, 3, 0, 1, 0, 1]),
 (16, [1843, 119, 1, 1, 1, 592, 598, 1, 0, 1, 4, 1, 0, 1, 2]),
 (16, [1591, 19, 1, 0, 1, 1941, 1377, 0, 0, 2, 2, 0, 1, 0, 1]),
 (16, [1404, 48, 1, 0, 1, 1967, 1700, 1, 0, 2, 1, 1, 2, 2, 2]),
 (16, [1402, 10, 0, 0, 0, 1441, 1507, 0, 1, 1, 0, 0, 0, 0, 2]),
 (16, [1399, 78, 0, 1, 0, 860, 868, 1, 0, 2, 4, 1, 2, 1, 1]),
 (16, [1324, 65, 1, 1, 1, 1261, 1337, 1, 1, 0, 1, 1, 2, 0, 0]),
 (16, [1097, 35, 0, 0, 1, 1021, 916, 1, 1, 0, 0, 1, 1, 2, 0]),
 (16, [1006, 74, 1, 0, 0, 1675, 796, 0, 1, 1, 3, 1, 2, 1, 2]),
 (16, [917, 88, 0, 0, 0, 794, 865, 0, 1, 0, 3, 0, 0, 0, 0]),
 (16, [858, 87, 1, 1, 0, 639, 1213, 0, 1, 2, 3, 1, 1, 2, 0]),
 (16, [744, 106, 0, 1, 0, 858, 903, 1, 1, 1, 2, 1, 1, 2, 2]),
 (16, [658, 11, 1, 1, 0, 1996, 1550, 0, 0, 1, 4, 1, 0, 2, 2]),
 (13, [1142, 11, 1, 0, 0, 1181, 664, 1, 0, 2, 2, 1, 1, 2, 2]),
 (12, [1911, 47, 1, 0, 1, 1561, 714, 1, 0, 2, 0, 1, 0, 0, 0]),
 (12, [1401, 15, 0, 0, 1, 1089, 935, 0, 1, 1, 4, 0, 1, 1, 2]),
 (12, [1206, 83, 1, 1, 0, 878, 592, 0, 0, 0, 2, 1, 2, 2, 1]),
 (12, [1007, 45, 0, 1, 0, 1563, 593, 1, 0, 0, 1, 1, 2, 0, 1]),
 (12, [953, 24, 1, 0, 1, 1504, 1091, 0, 0, 1, 0, 1, 0, 0, 2]),
 (12, [569, 110, 1, 0, 0, 1848, 1759, 1, 1, 2, 4, 1, 2, 2, 2])]
scored
[(12, [569, 110, 1, 0, 0, 1848, 1759, 1, 1, 2, 4, 1, 2, 2, 2]),
 (12, [953, 24, 1, 0, 1, 1504, 1091, 0, 0, 1, 0, 1, 0, 0, 2]),
 (12, [1007, 45, 0, 1, 0, 1563, 593, 1, 0, 0, 1, 1, 2, 0, 1]),
 (12, [1206, 83, 1, 1, 0, 878, 592, 0, 0, 0, 2, 1, 2, 2, 1]),
 (12, [1401, 15, 0, 0, 1, 1089, 935, 0, 1, 1, 4, 0, 1, 1, 2]),
 (12, [1911, 47, 1, 0, 1, 1561, 714, 1, 0, 2, 0, 1, 0, 0, 0]),
 (13, [1142, 11, 1, 0, 0, 1181, 664, 1, 0, 2, 2, 1, 1, 2, 2]),
 (16, [658, 11, 1, 1, 0, 1996, 1550, 0, 0, 1, 4, 1, 0, 2, 2]),
 (16, [744, 106, 0, 1, 0, 858, 903, 1, 1, 1, 2, 1, 1, 2, 2]),
 (16, [858, 87, 1, 1, 0, 639, 1213, 0, 1, 2, 3, 1, 1, 2, 0]),
 (16, [917, 88, 0, 0, 0, 794, 865, 0, 1, 0, 3, 0, 0, 0, 0]),
 (16, [1006, 74, 1, 0, 0, 1675, 796, 0, 1, 1, 3, 1, 2, 1, 2]),
 (16, [1097, 35, 0, 0, 1, 1021, 916, 1, 1, 0, 0, 1, 1, 2, 0]),
 (16, [1324, 65, 1, 1, 1, 1261, 1337, 1, 1, 0, 1, 1, 2, 0, 0]),
 (16, [1399, 78, 0, 1, 0, 860, 868, 1, 0, 2, 4, 1, 2, 1, 1]),
 (16, [1402, 10, 0, 0, 0, 1441, 1507, 0, 1, 1, 0, 0, 0, 0, 2]),
 (16, [1404, 48, 1, 0, 1, 1967, 1700, 1, 0, 2, 1, 1, 2, 2, 2]),
 (16, [1591, 19, 1, 0, 1, 1941, 1377, 0, 0, 2, 2, 0, 1, 0, 1]),
 (16, [1843, 119, 1, 1, 1, 592, 598, 1, 0, 1, 4, 1, 0, 1, 2]),
 (17, [903, 40, 0, 0, 0, 671, 1366, 1, 1, 1, 3, 0, 1, 0, 1]),
 (17, [1166, 73, 1, 0, 0, 698, 960, 0, 1, 2, 0, 1, 0, 1, 2]),
 (17, [1401, 13, 0, 1, 0, 1016, 1405, 1, 0, 2, 4, 1, 0, 0, 0]),
 (33, [1317, 16, 1, 1, 0, 1815, 571, 1, 0, 2, 0, 0, 1, 2, 1]),
 (34, [974, 111, 0, 1, 0, 668, 551, 0, 0, 1, 4, 0, 2, 0, 2]),
 (999, [631, 75, 0, 0, 0, 1855, 1962, 0, 1, 2, 5, 0, 0, 1, 0]),
 (999, [752, 56, 0, 1, 0, 925, 927, 1, 0, 1, 5, 0, 2, 1, 2]),
 (999, [841, 55, 0, 0, 1, 1879, 1883, 0, 0, 3, 1, 0, 1, 2, 0]),
 (999, [1130, 108, 0, 1, 1, 611, 1638, 0, 0, 3, 3, 1, 0, 0, 2]),
 (999, [1131, 53, 0, 0, 0, 1472, 1337, 1, 0, 2, 5, 0, 2, 1, 2]),
 (999, [1441, 66, 0, 0, 0, 1890, 617, 0, 1, 3, 3, 0, 2, 0, 0]),
 (999, [1695, 33, 0, 1, 1, 2025, 1817, 1, 0, 3, 2, 0, 1, 2, 1]),
 (999, [1853, 70, 1, 1, 0, 1247, 1038, 1, 0, 3, 2, 1, 1, 1, 2])]
Selected
[(16, [858, 87, 1, 1, 0, 639, 1213, 0, 1, 2, 3, 1, 1, 2, 0]),
 (12, [1007, 45, 0, 1, 0, 1563, 593, 1, 0, 0, 1, 1, 2, 0, 1]),
 (12, [953, 24, 1, 0, 1, 1504, 1091, 0, 0, 1, 0, 1, 0, 0, 2]),
 (16, [1097, 35, 0, 0, 1, 1021, 916, 1, 1, 0, 0, 1, 1, 2, 0]),
 (12, [953, 24, 1, 0, 1, 1504, 1091, 0, 0, 1, 0, 1, 0, 0, 2]),
 (16, [917, 88, 0, 0, 0, 794, 865, 0, 1, 0, 3, 0, 0, 0, 0]),
 (12, [953, 24, 1, 0, 1, 1504, 1091, 0, 0, 1, 0, 1, 0, 0, 2]),
 (12, [953, 24, 1, 0, 1, 1504, 1091, 0, 0, 1, 0, 1, 0, 0, 2]),
 (12, [953, 24, 1, 0, 1, 1504, 1091, 0, 0, 1, 0, 1, 0, 0, 2]),
 (16, [1404, 48, 1, 0, 1, 1967, 1700, 1, 0, 2, 1, 1, 2, 2, 2]),
 (12, [1911, 47, 1, 0, 1, 1561, 714, 1, 0, 2, 0, 1, 0, 0, 0]),
 (13, [1142, 11, 1, 0, 0, 1181, 664, 1, 0, 2, 2, 1, 1, 2, 2]),
 (12, [1007, 45, 0, 1, 0, 1563, 593, 1, 0, 0, 1, 1, 2, 0, 1]),
 (16, [744, 106, 0, 1, 0, 858, 903, 1, 1, 1, 2, 1, 1, 2, 2]),
 (16, [917, 88, 0, 0, 0, 794, 865, 0, 1, 0, 3, 0, 0, 0, 0]),
 (12, [1007, 45, 0, 1, 0, 1563, 593, 1, 0, 0, 1, 1, 2, 0, 1]),
 (12, [1911, 47, 1, 0, 1, 1561, 714, 1, 0, 2, 0, 1, 0, 0, 0]),
 (12, [1911, 47, 1, 0, 1, 1561, 714, 1, 0, 2, 0, 1, 0, 0, 0]),
 (12, [1007, 45, 0, 1, 0, 1563, 593, 1, 0, 0, 1, 1, 2, 0, 1]),
 (12, [569, 110, 1, 0, 0, 1848, 1759, 1, 1, 2, 4, 1, 2, 2, 2]),
 (13, [1142, 11, 1, 0, 0, 1181, 664, 1, 0, 2, 2, 1, 1, 2, 2]),
 (12, [1206, 83, 1, 1, 0, 878, 592, 0, 0, 0, 2, 1, 2, 2, 1]),
 (13, [1142, 11, 1, 0, 0, 1181, 664, 1, 0, 2, 2, 1, 1, 2, 2]),
 (12, [1206, 83, 1, 1, 0, 878, 592, 0, 0, 0, 2, 1, 2, 2, 1]),
 (12, [1007, 45, 0, 1, 0, 1563, 593, 1, 0, 0, 1, 1, 2, 0, 1]),
 (16, [1097, 35, 0, 0, 1, 1021, 916, 1, 1, 0, 0, 1, 1, 2, 0]),
 (12, [1206, 83, 1, 1, 0, 878, 592, 0, 0, 0, 2, 1, 2, 2, 1])]
population
[(999, [1853, 70, 1, 1, 0, 1247, 1038, 1, 0, 3, 2, 1, 1, 1, 2]),
 (999, [1695, 33, 0, 1, 1, 2025, 1817, 1, 0, 3, 2, 0, 1, 2, 1]),
 (999, [1441, 66, 0, 0, 0, 1890, 617, 0, 1, 3, 3, 0, 2, 0, 0]),
 (999, [1131, 53, 0, 0, 0, 1472, 1337, 1, 0, 2, 5, 0, 2, 1, 2]),
 (999, [1130, 108, 0, 1, 1, 611, 1638, 0, 0, 3, 3, 1, 0, 0, 2]),
 (999, [841, 55, 0, 0, 1, 1879, 1883, 0, 0, 3, 1, 0, 1, 2, 0]),
 (999, [752, 56, 0, 1, 0, 925, 927, 1, 0, 1, 5, 0, 2, 1, 2]),
 (999, [631, 75, 0, 0, 0, 1855, 1962, 0, 1, 2, 5, 0, 0, 1, 0]),
 (34, [974, 111, 0, 1, 0, 668, 551, 0, 0, 1, 4, 0, 2, 0, 2]),
 (33, [1317, 16, 1, 1, 0, 1815, 571, 1, 0, 2, 0, 0, 1, 2, 1]),
 (17, [1401, 13, 0, 1, 0, 1016, 1405, 1, 0, 2, 4, 1, 0, 0, 0]),
 (17, [1166, 73, 1, 0, 0, 698, 960, 0, 1, 2, 0, 1, 0, 1, 2]),
 (17, [903, 40, 0, 0, 0, 671, 1366, 1, 1, 1, 3, 0, 1, 0, 1]),
 (16, [1843, 119, 1, 1, 1, 592, 598, 1, 0, 1, 4, 1, 0, 1, 2]),
 (16, [1591, 19, 1, 0, 1, 1941, 1377, 0, 0, 2, 2, 0, 1, 0, 1]),
 (16, [1404, 48, 1, 0, 1, 1967, 1700, 1, 0, 2, 1, 1, 2, 2, 2]),
 (16, [1402, 10, 0, 0, 0, 1441, 1507, 0, 1, 1, 0, 0, 0, 0, 2]),
 (16, [1399, 78, 0, 1, 0, 860, 868, 1, 0, 2, 4, 1, 2, 1, 1]),
 (16, [1324, 65, 1, 1, 1, 1261, 1337, 1, 1, 0, 1, 1, 2, 0, 0]),
 (16, [1097, 35, 0, 0, 1, 1021, 916, 1, 1, 0, 0, 1, 1, 2, 0]),
 (16, [1006, 74, 1, 0, 0, 1675, 796, 0, 1, 1, 3, 1, 2, 1, 2]),
 (16, [917, 88, 0, 0, 0, 794, 865, 0, 1, 0, 3, 0, 0, 0, 0]),
 (16, [858, 87, 1, 1, 0, 639, 1213, 0, 1, 2, 3, 1, 1, 2, 0]),
 (16, [744, 106, 0, 1, 0, 858, 903, 1, 1, 1, 2, 1, 1, 2, 2]),
 (16, [658, 11, 1, 1, 0, 1996, 1550, 0, 0, 1, 4, 1, 0, 2, 2]),
 (13, [1142, 11, 1, 0, 0, 1181, 664, 1, 0, 2, 2, 1, 1, 2, 2]),
 (12, [1911, 47, 1, 0, 1, 1561, 714, 1, 0, 2, 0, 1, 0, 0, 0]),
 (12, [1401, 15, 0, 0, 1, 1089, 935, 0, 1, 1, 4, 0, 1, 1, 2]),
 (12, [1206, 83, 1, 1, 0, 878, 592, 0, 0, 0, 2, 1, 2, 2, 1]),
 (12, [1007, 45, 0, 1, 0, 1563, 593, 1, 0, 0, 1, 1, 2, 0, 1]),
 (12, [953, 24, 1, 0, 1, 1504, 1091, 0, 0, 1, 0, 1, 0, 0, 2]),
 (12, [569, 110, 1, 0, 0, 1848, 1759, 1, 1, 2, 4, 1, 2, 2, 2])]
scored
[(12, [569, 110, 1, 0, 0, 1848, 1759, 1, 1, 2, 4, 1, 2, 2, 2]),
 (12, [953, 24, 1, 0, 1, 1504, 1091, 0, 0, 1, 0, 1, 0, 0, 2]),
 (12, [1007, 45, 0, 1, 0, 1563, 593, 1, 0, 0, 1, 1, 2, 0, 1]),
 (12, [1206, 83, 1, 1, 0, 878, 592, 0, 0, 0, 2, 1, 2, 2, 1]),
 (12, [1401, 15, 0, 0, 1, 1089, 935, 0, 1, 1, 4, 0, 1, 1, 2]),
 (12, [1911, 47, 1, 0, 1, 1561, 714, 1, 0, 2, 0, 1, 0, 0, 0]),
 (13, [1142, 11, 1, 0, 0, 1181, 664, 1, 0, 2, 2, 1, 1, 2, 2]),
 (16, [658, 11, 1, 1, 0, 1996, 1550, 0, 0, 1, 4, 1, 0, 2, 2]),
 (16, [744, 106, 0, 1, 0, 858, 903, 1, 1, 1, 2, 1, 1, 2, 2]),
 (16, [858, 87, 1, 1, 0, 639, 1213, 0, 1, 2, 3, 1, 1, 2, 0]),
 (16, [917, 88, 0, 0, 0, 794, 865, 0, 1, 0, 3, 0, 0, 0, 0]),
 (16, [1006, 74, 1, 0, 0, 1675, 796, 0, 1, 1, 3, 1, 2, 1, 2]),
 (16, [1097, 35, 0, 0, 1, 1021, 916, 1, 1, 0, 0, 1, 1, 2, 0]),
 (16, [1324, 65, 1, 1, 1, 1261, 1337, 1, 1, 0, 1, 1, 2, 0, 0]),
 (16, [1399, 78, 0, 1, 0, 860, 868, 1, 0, 2, 4, 1, 2, 1, 1]),
 (16, [1402, 10, 0, 0, 0, 1441, 1507, 0, 1, 1, 0, 0, 0, 0, 2]),
 (16, [1404, 48, 1, 0, 1, 1967, 1700, 1, 0, 2, 1, 1, 2, 2, 2]),
 (16, [1591, 19, 1, 0, 1, 1941, 1377, 0, 0, 2, 2, 0, 1, 0, 1]),
 (16, [1843, 119, 1, 1, 1, 592, 598, 1, 0, 1, 4, 1, 0, 1, 2]),
 (17, [903, 40, 0, 0, 0, 671, 1366, 1, 1, 1, 3, 0, 1, 0, 1]),
 (17, [1166, 73, 1, 0, 0, 698, 960, 0, 1, 2, 0, 1, 0, 1, 2]),
 (17, [1401, 13, 0, 1, 0, 1016, 1405, 1, 0, 2, 4, 1, 0, 0, 0]),
 (33, [1317, 16, 1, 1, 0, 1815, 571, 1, 0, 2, 0, 0, 1, 2, 1]),
 (34, [974, 111, 0, 1, 0, 668, 551, 0, 0, 1, 4, 0, 2, 0, 2]),
 (999, [631, 75, 0, 0, 0, 1855, 1962, 0, 1, 2, 5, 0, 0, 1, 0]),
 (999, [752, 56, 0, 1, 0, 925, 927, 1, 0, 1, 5, 0, 2, 1, 2]),
 (999, [841, 55, 0, 0, 1, 1879, 1883, 0, 0, 3, 1, 0, 1, 2, 0]),
 (999, [1130, 108, 0, 1, 1, 611, 1638, 0, 0, 3, 3, 1, 0, 0, 2]),
 (999, [1131, 53, 0, 0, 0, 1472, 1337, 1, 0, 2, 5, 0, 2, 1, 2]),
 (999, [1441, 66, 0, 0, 0, 1890, 617, 0, 1, 3, 3, 0, 2, 0, 0]),
 (999, [1695, 33, 0, 1, 1, 2025, 1817, 1, 0, 3, 2, 0, 1, 2, 1]),
 (999, [1853, 70, 1, 1, 0, 1247, 1038, 1, 0, 3, 2, 1, 1, 1, 2])]
Selected
[(12, [1206, 83, 1, 1, 0, 878, 592, 0, 0, 0, 2, 1, 2, 2, 1]),
 (12, [1007, 45, 0, 1, 0, 1563, 593, 1, 0, 0, 1, 1, 2, 0, 1]),
 (12, [953, 24, 1, 0, 1, 1504, 1091, 0, 0, 1, 0, 1, 0, 0, 2]),
 (12, [1007, 45, 0, 1, 0, 1563, 593, 1, 0, 0, 1, 1, 2, 0, 1]),
 (12, [1206, 83, 1, 1, 0, 878, 592, 0, 0, 0, 2, 1, 2, 2, 1]),
 (16, [1097, 35, 0, 0, 1, 1021, 916, 1, 1, 0, 0, 1, 1, 2, 0]),
 (12, [569, 110, 1, 0, 0, 1848, 1759, 1, 1, 2, 4, 1, 2, 2, 2]),
 (16, [1404, 48, 1, 0, 1, 1967, 1700, 1, 0, 2, 1, 1, 2, 2, 2]),
 (16, [744, 106, 0, 1, 0, 858, 903, 1, 1, 1, 2, 1, 1, 2, 2]),
 (16, [917, 88, 0, 0, 0, 794, 865, 0, 1, 0, 3, 0, 0, 0, 0]),
 (12, [1401, 15, 0, 0, 1, 1089, 935, 0, 1, 1, 4, 0, 1, 1, 2]),
 (16, [744, 106, 0, 1, 0, 858, 903, 1, 1, 1, 2, 1, 1, 2, 2]),
 (16, [744, 106, 0, 1, 0, 858, 903, 1, 1, 1, 2, 1, 1, 2, 2]),
 (12, [1007, 45, 0, 1, 0, 1563, 593, 1, 0, 0, 1, 1, 2, 0, 1]),
 (12, [953, 24, 1, 0, 1, 1504, 1091, 0, 0, 1, 0, 1, 0, 0, 2]),
 (12, [1007, 45, 0, 1, 0, 1563, 593, 1, 0, 0, 1, 1, 2, 0, 1]),
 (12, [1206, 83, 1, 1, 0, 878, 592, 0, 0, 0, 2, 1, 2, 2, 1]),
 (12, [1206, 83, 1, 1, 0, 878, 592, 0, 0, 0, 2, 1, 2, 2, 1]),
 (12, [1401, 15, 0, 0, 1, 1089, 935, 0, 1, 1, 4, 0, 1, 1, 2]),
 (12, [1911, 47, 1, 0, 1, 1561, 714, 1, 0, 2, 0, 1, 0, 0, 0]),
 (12, [569, 110, 1, 0, 0, 1848, 1759, 1, 1, 2, 4, 1, 2, 2, 2]),
 (12, [1911, 47, 1, 0, 1, 1561, 714, 1, 0, 2, 0, 1, 0, 0, 0]),
 (12, [953, 24, 1, 0, 1, 1504, 1091, 0, 0, 1, 0, 1, 0, 0, 2]),
 (12, [1911, 47, 1, 0, 1, 1561, 714, 1, 0, 2, 0, 1, 0, 0, 0]),
 (12, [953, 24, 1, 0, 1, 1504, 1091, 0, 0, 1, 0, 1, 0, 0, 2]),
 (12, [569, 110, 1, 0, 0, 1848, 1759, 1, 1, 2, 4, 1, 2, 2, 2]),
 (16, [858, 87, 1, 1, 0, 639, 1213, 0, 1, 2, 3, 1, 1, 2, 0])]
population
[(999, [1853, 70, 1, 1, 0, 1247, 1038, 1, 0, 3, 2, 1, 1, 1, 2]),
 (999, [1695, 33, 0, 1, 1, 2025, 1817, 1, 0, 3, 2, 0, 1, 2, 1]),
 (999, [1441, 66, 0, 0, 0, 1890, 617, 0, 1, 3, 3, 0, 2, 0, 0]),
 (999, [1131, 53, 0, 0, 0, 1472, 1337, 1, 0, 2, 5, 0, 2, 1, 2]),
 (999, [1130, 108, 0, 1, 1, 611, 1638, 0, 0, 3, 3, 1, 0, 0, 2]),
 (999, [841, 55, 0, 0, 1, 1879, 1883, 0, 0, 3, 1, 0, 1, 2, 0]),
 (999, [752, 56, 0, 1, 0, 925, 927, 1, 0, 1, 5, 0, 2, 1, 2]),
 (999, [631, 75, 0, 0, 0, 1855, 1962, 0, 1, 2, 5, 0, 0, 1, 0]),
 (34, [974, 111, 0, 1, 0, 668, 551, 0, 0, 1, 4, 0, 2, 0, 2]),
 (33, [1317, 16, 1, 1, 0, 1815, 571, 1, 0, 2, 0, 0, 1, 2, 1]),
 (17, [1401, 13, 0, 1, 0, 1016, 1405, 1, 0, 2, 4, 1, 0, 0, 0]),
 (17, [1166, 73, 1, 0, 0, 698, 960, 0, 1, 2, 0, 1, 0, 1, 2]),
 (17, [903, 40, 0, 0, 0, 671, 1366, 1, 1, 1, 3, 0, 1, 0, 1]),
 (16, [1843, 119, 1, 1, 1, 592, 598, 1, 0, 1, 4, 1, 0, 1, 2]),
 (16, [1591, 19, 1, 0, 1, 1941, 1377, 0, 0, 2, 2, 0, 1, 0, 1]),
 (16, [1404, 48, 1, 0, 1, 1967, 1700, 1, 0, 2, 1, 1, 2, 2, 2]),
 (16, [1402, 10, 0, 0, 0, 1441, 1507, 0, 1, 1, 0, 0, 0, 0, 2]),
 (16, [1399, 78, 0, 1, 0, 860, 868, 1, 0, 2, 4, 1, 2, 1, 1]),
 (16, [1324, 65, 1, 1, 1, 1261, 1337, 1, 1, 0, 1, 1, 2, 0, 0]),
 (16, [1097, 35, 0, 0, 1, 1021, 916, 1, 1, 0, 0, 1, 1, 2, 0]),
 (16, [1006, 74, 1, 0, 0, 1675, 796, 0, 1, 1, 3, 1, 2, 1, 2]),
 (16, [917, 88, 0, 0, 0, 794, 865, 0, 1, 0, 3, 0, 0, 0, 0]),
 (16, [858, 87, 1, 1, 0, 639, 1213, 0, 1, 2, 3, 1, 1, 2, 0]),
 (16, [744, 106, 0, 1, 0, 858, 903, 1, 1, 1, 2, 1, 1, 2, 2]),
 (16, [658, 11, 1, 1, 0, 1996, 1550, 0, 0, 1, 4, 1, 0, 2, 2]),
 (13, [1142, 11, 1, 0, 0, 1181, 664, 1, 0, 2, 2, 1, 1, 2, 2]),
 (12, [1911, 47, 1, 0, 1, 1561, 714, 1, 0, 2, 0, 1, 0, 0, 0]),
 (12, [1401, 15, 0, 0, 1, 1089, 935, 0, 1, 1, 4, 0, 1, 1, 2]),
 (12, [1206, 83, 1, 1, 0, 878, 592, 0, 0, 0, 2, 1, 2, 2, 1]),
 (12, [1007, 45, 0, 1, 0, 1563, 593, 1, 0, 0, 1, 1, 2, 0, 1]),
 (12, [953, 24, 1, 0, 1, 1504, 1091, 0, 0, 1, 0, 1, 0, 0, 2]),
 (12, [569, 110, 1, 0, 0, 1848, 1759, 1, 1, 2, 4, 1, 2, 2, 2])]
scored
[(12, [569, 110, 1, 0, 0, 1848, 1759, 1, 1, 2, 4, 1, 2, 2, 2]),
 (12, [953, 24, 1, 0, 1, 1504, 1091, 0, 0, 1, 0, 1, 0, 0, 2]),
 (12, [1007, 45, 0, 1, 0, 1563, 593, 1, 0, 0, 1, 1, 2, 0, 1]),
 (12, [1206, 83, 1, 1, 0, 878, 592, 0, 0, 0, 2, 1, 2, 2, 1]),
 (12, [1401, 15, 0, 0, 1, 1089, 935, 0, 1, 1, 4, 0, 1, 1, 2]),
 (12, [1911, 47, 1, 0, 1, 1561, 714, 1, 0, 2, 0, 1, 0, 0, 0]),
 (13, [1142, 11, 1, 0, 0, 1181, 664, 1, 0, 2, 2, 1, 1, 2, 2]),
 (16, [658, 11, 1, 1, 0, 1996, 1550, 0, 0, 1, 4, 1, 0, 2, 2]),
 (16, [744, 106, 0, 1, 0, 858, 903, 1, 1, 1, 2, 1, 1, 2, 2]),
 (16, [858, 87, 1, 1, 0, 639, 1213, 0, 1, 2, 3, 1, 1, 2, 0]),
 (16, [917, 88, 0, 0, 0, 794, 865, 0, 1, 0, 3, 0, 0, 0, 0]),
 (16, [1006, 74, 1, 0, 0, 1675, 796, 0, 1, 1, 3, 1, 2, 1, 2]),
 (16, [1097, 35, 0, 0, 1, 1021, 916, 1, 1, 0, 0, 1, 1, 2, 0]),
 (16, [1324, 65, 1, 1, 1, 1261, 1337, 1, 1, 0, 1, 1, 2, 0, 0]),
 (16, [1399, 78, 0, 1, 0, 860, 868, 1, 0, 2, 4, 1, 2, 1, 1]),
 (16, [1402, 10, 0, 0, 0, 1441, 1507, 0, 1, 1, 0, 0, 0, 0, 2]),
 (16, [1404, 48, 1, 0, 1, 1967, 1700, 1, 0, 2, 1, 1, 2, 2, 2]),
 (16, [1591, 19, 1, 0, 1, 1941, 1377, 0, 0, 2, 2, 0, 1, 0, 1]),
 (16, [1843, 119, 1, 1, 1, 592, 598, 1, 0, 1, 4, 1, 0, 1, 2]),
 (17, [903, 40, 0, 0, 0, 671, 1366, 1, 1, 1, 3, 0, 1, 0, 1]),
 (17, [1166, 73, 1, 0, 0, 698, 960, 0, 1, 2, 0, 1, 0, 1, 2]),
 (17, [1401, 13, 0, 1, 0, 1016, 1405, 1, 0, 2, 4, 1, 0, 0, 0]),
 (33, [1317, 16, 1, 1, 0, 1815, 571, 1, 0, 2, 0, 0, 1, 2, 1]),
 (34, [974, 111, 0, 1, 0, 668, 551, 0, 0, 1, 4, 0, 2, 0, 2]),
 (999, [631, 75, 0, 0, 0, 1855, 1962, 0, 1, 2, 5, 0, 0, 1, 0]),
 (999, [752, 56, 0, 1, 0, 925, 927, 1, 0, 1, 5, 0, 2, 1, 2]),
 (999, [841, 55, 0, 0, 1, 1879, 1883, 0, 0, 3, 1, 0, 1, 2, 0]),
 (999, [1130, 108, 0, 1, 1, 611, 1638, 0, 0, 3, 3, 1, 0, 0, 2]),
 (999, [1131, 53, 0, 0, 0, 1472, 1337, 1, 0, 2, 5, 0, 2, 1, 2]),
 (999, [1441, 66, 0, 0, 0, 1890, 617, 0, 1, 3, 3, 0, 2, 0, 0]),
 (999, [1695, 33, 0, 1, 1, 2025, 1817, 1, 0, 3, 2, 0, 1, 2, 1]),
 (999, [1853, 70, 1, 1, 0, 1247, 1038, 1, 0, 3, 2, 1, 1, 1, 2])]
Selected
[(12, [1911, 47, 1, 0, 1, 1561, 714, 1, 0, 2, 0, 1, 0, 0, 0]),
 (12, [569, 110, 1, 0, 0, 1848, 1759, 1, 1, 2, 4, 1, 2, 2, 2]),
 (12, [953, 24, 1, 0, 1, 1504, 1091, 0, 0, 1, 0, 1, 0, 0, 2]),
 (12, [1911, 47, 1, 0, 1, 1561, 714, 1, 0, 2, 0, 1, 0, 0, 0]),
 (12, [1911, 47, 1, 0, 1, 1561, 714, 1, 0, 2, 0, 1, 0, 0, 0]),
 (13, [1142, 11, 1, 0, 0, 1181, 664, 1, 0, 2, 2, 1, 1, 2, 2]),
 (16, [744, 106, 0, 1, 0, 858, 903, 1, 1, 1, 2, 1, 1, 2, 2]),
 (16, [1404, 48, 1, 0, 1, 1967, 1700, 1, 0, 2, 1, 1, 2, 2, 2]),
 (12, [953, 24, 1, 0, 1, 1504, 1091, 0, 0, 1, 0, 1, 0, 0, 2]),
 (16, [744, 106, 0, 1, 0, 858, 903, 1, 1, 1, 2, 1, 1, 2, 2]),
 (12, [1401, 15, 0, 0, 1, 1089, 935, 0, 1, 1, 4, 0, 1, 1, 2]),
 (12, [953, 24, 1, 0, 1, 1504, 1091, 0, 0, 1, 0, 1, 0, 0, 2]),
 (12, [1007, 45, 0, 1, 0, 1563, 593, 1, 0, 0, 1, 1, 2, 0, 1]),
 (16, [917, 88, 0, 0, 0, 794, 865, 0, 1, 0, 3, 0, 0, 0, 0]),
 (17, [1166, 73, 1, 0, 0, 698, 960, 0, 1, 2, 0, 1, 0, 1, 2]),
 (12, [1007, 45, 0, 1, 0, 1563, 593, 1, 0, 0, 1, 1, 2, 0, 1]),
 (12, [569, 110, 1, 0, 0, 1848, 1759, 1, 1, 2, 4, 1, 2, 2, 2]),
 (12, [953, 24, 1, 0, 1, 1504, 1091, 0, 0, 1, 0, 1, 0, 0, 2]),
 (12, [953, 24, 1, 0, 1, 1504, 1091, 0, 0, 1, 0, 1, 0, 0, 2]),
 (12, [1911, 47, 1, 0, 1, 1561, 714, 1, 0, 2, 0, 1, 0, 0, 0]),
 (12, [569, 110, 1, 0, 0, 1848, 1759, 1, 1, 2, 4, 1, 2, 2, 2]),
 (16, [1097, 35, 0, 0, 1, 1021, 916, 1, 1, 0, 0, 1, 1, 2, 0]),
 (16, [917, 88, 0, 0, 0, 794, 865, 0, 1, 0, 3, 0, 0, 0, 0]),
 (12, [1007, 45, 0, 1, 0, 1563, 593, 1, 0, 0, 1, 1, 2, 0, 1]),
 (12, [1911, 47, 1, 0, 1, 1561, 714, 1, 0, 2, 0, 1, 0, 0, 0]),
 (12, [1206, 83, 1, 1, 0, 878, 592, 0, 0, 0, 2, 1, 2, 2, 1]),
 (12, [953, 24, 1, 0, 1, 1504, 1091, 0, 0, 1, 0, 1, 0, 0, 2])]
population
[(999, [1853, 70, 1, 1, 0, 1247, 1038, 1, 0, 3, 2, 1, 1, 1, 2]),
 (999, [1695, 33, 0, 1, 1, 2025, 1817, 1, 0, 3, 2, 0, 1, 2, 1]),
 (999, [1441, 66, 0, 0, 0, 1890, 617, 0, 1, 3, 3, 0, 2, 0, 0]),
 (999, [1131, 53, 0, 0, 0, 1472, 1337, 1, 0, 2, 5, 0, 2, 1, 2]),
 (999, [1130, 108, 0, 1, 1, 611, 1638, 0, 0, 3, 3, 1, 0, 0, 2]),
 (999, [841, 55, 0, 0, 1, 1879, 1883, 0, 0, 3, 1, 0, 1, 2, 0]),
 (999, [752, 56, 0, 1, 0, 925, 927, 1, 0, 1, 5, 0, 2, 1, 2]),
 (999, [631, 75, 0, 0, 0, 1855, 1962, 0, 1, 2, 5, 0, 0, 1, 0]),
 (34, [974, 111, 0, 1, 0, 668, 551, 0, 0, 1, 4, 0, 2, 0, 2]),
 (33, [1317, 16, 1, 1, 0, 1815, 571, 1, 0, 2, 0, 0, 1, 2, 1]),
 (17, [1401, 13, 0, 1, 0, 1016, 1405, 1, 0, 2, 4, 1, 0, 0, 0]),
 (17, [1166, 73, 1, 0, 0, 698, 960, 0, 1, 2, 0, 1, 0, 1, 2]),
 (17, [903, 40, 0, 0, 0, 671, 1366, 1, 1, 1, 3, 0, 1, 0, 1]),
 (16, [1843, 119, 1, 1, 1, 592, 598, 1, 0, 1, 4, 1, 0, 1, 2]),
 (16, [1591, 19, 1, 0, 1, 1941, 1377, 0, 0, 2, 2, 0, 1, 0, 1]),
 (16, [1404, 48, 1, 0, 1, 1967, 1700, 1, 0, 2, 1, 1, 2, 2, 2]),
 (16, [1402, 10, 0, 0, 0, 1441, 1507, 0, 1, 1, 0, 0, 0, 0, 2]),
 (16, [1399, 78, 0, 1, 0, 860, 868, 1, 0, 2, 4, 1, 2, 1, 1]),
 (16, [1324, 65, 1, 1, 1, 1261, 1337, 1, 1, 0, 1, 1, 2, 0, 0]),
 (16, [1097, 35, 0, 0, 1, 1021, 916, 1, 1, 0, 0, 1, 1, 2, 0]),
 (16, [1006, 74, 1, 0, 0, 1675, 796, 0, 1, 1, 3, 1, 2, 1, 2]),
 (16, [917, 88, 0, 0, 0, 794, 865, 0, 1, 0, 3, 0, 0, 0, 0]),
 (16, [858, 87, 1, 1, 0, 639, 1213, 0, 1, 2, 3, 1, 1, 2, 0]),
 (16, [744, 106, 0, 1, 0, 858, 903, 1, 1, 1, 2, 1, 1, 2, 2]),
 (16, [658, 11, 1, 1, 0, 1996, 1550, 0, 0, 1, 4, 1, 0, 2, 2]),
 (13, [1142, 11, 1, 0, 0, 1181, 664, 1, 0, 2, 2, 1, 1, 2, 2]),
 (12, [1911, 47, 1, 0, 1, 1561, 714, 1, 0, 2, 0, 1, 0, 0, 0]),
 (12, [1401, 15, 0, 0, 1, 1089, 935, 0, 1, 1, 4, 0, 1, 1, 2]),
 (12, [1206, 83, 1, 1, 0, 878, 592, 0, 0, 0, 2, 1, 2, 2, 1]),
 (12, [1007, 45, 0, 1, 0, 1563, 593, 1, 0, 0, 1, 1, 2, 0, 1]),
 (12, [953, 24, 1, 0, 1, 1504, 1091, 0, 0, 1, 0, 1, 0, 0, 2]),
 (12, [569, 110, 1, 0, 0, 1848, 1759, 1, 1, 2, 4, 1, 2, 2, 2])]
scored
[(12, [569, 110, 1, 0, 0, 1848, 1759, 1, 1, 2, 4, 1, 2, 2, 2]),
 (12, [953, 24, 1, 0, 1, 1504, 1091, 0, 0, 1, 0, 1, 0, 0, 2]),
 (12, [1007, 45, 0, 1, 0, 1563, 593, 1, 0, 0, 1, 1, 2, 0, 1]),
 (12, [1206, 83, 1, 1, 0, 878, 592, 0, 0, 0, 2, 1, 2, 2, 1]),
 (12, [1401, 15, 0, 0, 1, 1089, 935, 0, 1, 1, 4, 0, 1, 1, 2]),
 (12, [1911, 47, 1, 0, 1, 1561, 714, 1, 0, 2, 0, 1, 0, 0, 0]),
 (13, [1142, 11, 1, 0, 0, 1181, 664, 1, 0, 2, 2, 1, 1, 2, 2]),
 (16, [658, 11, 1, 1, 0, 1996, 1550, 0, 0, 1, 4, 1, 0, 2, 2]),
 (16, [744, 106, 0, 1, 0, 858, 903, 1, 1, 1, 2, 1, 1, 2, 2]),
 (16, [858, 87, 1, 1, 0, 639, 1213, 0, 1, 2, 3, 1, 1, 2, 0]),
 (16, [917, 88, 0, 0, 0, 794, 865, 0, 1, 0, 3, 0, 0, 0, 0]),
 (16, [1006, 74, 1, 0, 0, 1675, 796, 0, 1, 1, 3, 1, 2, 1, 2]),
 (16, [1097, 35, 0, 0, 1, 1021, 916, 1, 1, 0, 0, 1, 1, 2, 0]),
 (16, [1324, 65, 1, 1, 1, 1261, 1337, 1, 1, 0, 1, 1, 2, 0, 0]),
 (16, [1399, 78, 0, 1, 0, 860, 868, 1, 0, 2, 4, 1, 2, 1, 1]),
 (16, [1402, 10, 0, 0, 0, 1441, 1507, 0, 1, 1, 0, 0, 0, 0, 2]),
 (16, [1404, 48, 1, 0, 1, 1967, 1700, 1, 0, 2, 1, 1, 2, 2, 2]),
 (16, [1591, 19, 1, 0, 1, 1941, 1377, 0, 0, 2, 2, 0, 1, 0, 1]),
 (16, [1843, 119, 1, 1, 1, 592, 598, 1, 0, 1, 4, 1, 0, 1, 2]),
 (17, [903, 40, 0, 0, 0, 671, 1366, 1, 1, 1, 3, 0, 1, 0, 1]),
 (17, [1166, 73, 1, 0, 0, 698, 960, 0, 1, 2, 0, 1, 0, 1, 2]),
 (17, [1401, 13, 0, 1, 0, 1016, 1405, 1, 0, 2, 4, 1, 0, 0, 0]),
 (33, [1317, 16, 1, 1, 0, 1815, 571, 1, 0, 2, 0, 0, 1, 2, 1]),
 (34, [974, 111, 0, 1, 0, 668, 551, 0, 0, 1, 4, 0, 2, 0, 2]),
 (999, [631, 75, 0, 0, 0, 1855, 1962, 0, 1, 2, 5, 0, 0, 1, 0]),
 (999, [752, 56, 0, 1, 0, 925, 927, 1, 0, 1, 5, 0, 2, 1, 2]),
 (999, [841, 55, 0, 0, 1, 1879, 1883, 0, 0, 3, 1, 0, 1, 2, 0]),
 (999, [1130, 108, 0, 1, 1, 611, 1638, 0, 0, 3, 3, 1, 0, 0, 2]),
 (999, [1131, 53, 0, 0, 0, 1472, 1337, 1, 0, 2, 5, 0, 2, 1, 2]),
 (999, [1441, 66, 0, 0, 0, 1890, 617, 0, 1, 3, 3, 0, 2, 0, 0]),
 (999, [1695, 33, 0, 1, 1, 2025, 1817, 1, 0, 3, 2, 0, 1, 2, 1]),
 (999, [1853, 70, 1, 1, 0, 1247, 1038, 1, 0, 3, 2, 1, 1, 1, 2])]
Selected
[(12, [1007, 45, 0, 1, 0, 1563, 593, 1, 0, 0, 1, 1, 2, 0, 1]),
 (12, [1206, 83, 1, 1, 0, 878, 592, 0, 0, 0, 2, 1, 2, 2, 1]),
 (12, [1401, 15, 0, 0, 1, 1089, 935, 0, 1, 1, 4, 0, 1, 1, 2]),
 (12, [1007, 45, 0, 1, 0, 1563, 593, 1, 0, 0, 1, 1, 2, 0, 1]),
 (12, [953, 24, 1, 0, 1, 1504, 1091, 0, 0, 1, 0, 1, 0, 0, 2]),
 (12, [1911, 47, 1, 0, 1, 1561, 714, 1, 0, 2, 0, 1, 0, 0, 0]),
 (13, [1142, 11, 1, 0, 0, 1181, 664, 1, 0, 2, 2, 1, 1, 2, 2]),
 (16, [744, 106, 0, 1, 0, 858, 903, 1, 1, 1, 2, 1, 1, 2, 2]),
 (12, [569, 110, 1, 0, 0, 1848, 1759, 1, 1, 2, 4, 1, 2, 2, 2]),
 (12, [953, 24, 1, 0, 1, 1504, 1091, 0, 0, 1, 0, 1, 0, 0, 2]),
 (12, [569, 110, 1, 0, 0, 1848, 1759, 1, 1, 2, 4, 1, 2, 2, 2]),
 (12, [1401, 15, 0, 0, 1, 1089, 935, 0, 1, 1, 4, 0, 1, 1, 2]),
 (12, [1401, 15, 0, 0, 1, 1089, 935, 0, 1, 1, 4, 0, 1, 1, 2]),
 (12, [953, 24, 1, 0, 1, 1504, 1091, 0, 0, 1, 0, 1, 0, 0, 2]),
 (12, [953, 24, 1, 0, 1, 1504, 1091, 0, 0, 1, 0, 1, 0, 0, 2]),
 (16, [1404, 48, 1, 0, 1, 1967, 1700, 1, 0, 2, 1, 1, 2, 2, 2]),
 (16, [1097, 35, 0, 0, 1, 1021, 916, 1, 1, 0, 0, 1, 1, 2, 0]),
 (16, [917, 88, 0, 0, 0, 794, 865, 0, 1, 0, 3, 0, 0, 0, 0]),
 (12, [1206, 83, 1, 1, 0, 878, 592, 0, 0, 0, 2, 1, 2, 2, 1]),
 (16, [917, 88, 0, 0, 0, 794, 865, 0, 1, 0, 3, 0, 0, 0, 0]),
 (12, [953, 24, 1, 0, 1, 1504, 1091, 0, 0, 1, 0, 1, 0, 0, 2]),
 (12, [953, 24, 1, 0, 1, 1504, 1091, 0, 0, 1, 0, 1, 0, 0, 2]),
 (12, [1007, 45, 0, 1, 0, 1563, 593, 1, 0, 0, 1, 1, 2, 0, 1]),
 (12, [1007, 45, 0, 1, 0, 1563, 593, 1, 0, 0, 1, 1, 2, 0, 1]),
 (12, [569, 110, 1, 0, 0, 1848, 1759, 1, 1, 2, 4, 1, 2, 2, 2]),
 (13, [1142, 11, 1, 0, 0, 1181, 664, 1, 0, 2, 2, 1, 1, 2, 2]),
 (17, [1166, 73, 1, 0, 0, 698, 960, 0, 1, 2, 0, 1, 0, 1, 2])]
population
[(999, [1853, 70, 1, 1, 0, 1247, 1038, 1, 0, 3, 2, 1, 1, 1, 2]),
 (999, [1695, 33, 0, 1, 1, 2025, 1817, 1, 0, 3, 2, 0, 1, 2, 1]),
 (999, [1441, 66, 0, 0, 0, 1890, 617, 0, 1, 3, 3, 0, 2, 0, 0]),
 (999, [1131, 53, 0, 0, 0, 1472, 1337, 1, 0, 2, 5, 0, 2, 1, 2]),
 (999, [1130, 108, 0, 1, 1, 611, 1638, 0, 0, 3, 3, 1, 0, 0, 2]),
 (999, [841, 55, 0, 0, 1, 1879, 1883, 0, 0, 3, 1, 0, 1, 2, 0]),
 (999, [752, 56, 0, 1, 0, 925, 927, 1, 0, 1, 5, 0, 2, 1, 2]),
 (999, [631, 75, 0, 0, 0, 1855, 1962, 0, 1, 2, 5, 0, 0, 1, 0]),
 (34, [974, 111, 0, 1, 0, 668, 551, 0, 0, 1, 4, 0, 2, 0, 2]),
 (33, [1317, 16, 1, 1, 0, 1815, 571, 1, 0, 2, 0, 0, 1, 2, 1]),
 (17, [1401, 13, 0, 1, 0, 1016, 1405, 1, 0, 2, 4, 1, 0, 0, 0]),
 (17, [1166, 73, 1, 0, 0, 698, 960, 0, 1, 2, 0, 1, 0, 1, 2]),
 (17, [903, 40, 0, 0, 0, 671, 1366, 1, 1, 1, 3, 0, 1, 0, 1]),
 (16, [1843, 119, 1, 1, 1, 592, 598, 1, 0, 1, 4, 1, 0, 1, 2]),
 (16, [1591, 19, 1, 0, 1, 1941, 1377, 0, 0, 2, 2, 0, 1, 0, 1]),
 (16, [1404, 48, 1, 0, 1, 1967, 1700, 1, 0, 2, 1, 1, 2, 2, 2]),
 (16, [1402, 10, 0, 0, 0, 1441, 1507, 0, 1, 1, 0, 0, 0, 0, 2]),
 (16, [1399, 78, 0, 1, 0, 860, 868, 1, 0, 2, 4, 1, 2, 1, 1]),
 (16, [1324, 65, 1, 1, 1, 1261, 1337, 1, 1, 0, 1, 1, 2, 0, 0]),
 (16, [1097, 35, 0, 0, 1, 1021, 916, 1, 1, 0, 0, 1, 1, 2, 0]),
 (16, [1006, 74, 1, 0, 0, 1675, 796, 0, 1, 1, 3, 1, 2, 1, 2]),
 (16, [917, 88, 0, 0, 0, 794, 865, 0, 1, 0, 3, 0, 0, 0, 0]),
 (16, [858, 87, 1, 1, 0, 639, 1213, 0, 1, 2, 3, 1, 1, 2, 0]),
 (16, [744, 106, 0, 1, 0, 858, 903, 1, 1, 1, 2, 1, 1, 2, 2]),
 (16, [658, 11, 1, 1, 0, 1996, 1550, 0, 0, 1, 4, 1, 0, 2, 2]),
 (13, [1142, 11, 1, 0, 0, 1181, 664, 1, 0, 2, 2, 1, 1, 2, 2]),
 (12, [1911, 47, 1, 0, 1, 1561, 714, 1, 0, 2, 0, 1, 0, 0, 0]),
 (12, [1401, 15, 0, 0, 1, 1089, 935, 0, 1, 1, 4, 0, 1, 1, 2]),
 (12, [1206, 83, 1, 1, 0, 878, 592, 0, 0, 0, 2, 1, 2, 2, 1]),
 (12, [1007, 45, 0, 1, 0, 1563, 593, 1, 0, 0, 1, 1, 2, 0, 1]),
 (12, [953, 24, 1, 0, 1, 1504, 1091, 0, 0, 1, 0, 1, 0, 0, 2]),
 (12, [569, 110, 1, 0, 0, 1848, 1759, 1, 1, 2, 4, 1, 2, 2, 2])]
scored
[(12, [569, 110, 1, 0, 0, 1848, 1759, 1, 1, 2, 4, 1, 2, 2, 2]),
 (12, [953, 24, 1, 0, 1, 1504, 1091, 0, 0, 1, 0, 1, 0, 0, 2]),
 (12, [1007, 45, 0, 1, 0, 1563, 593, 1, 0, 0, 1, 1, 2, 0, 1]),
 (12, [1206, 83, 1, 1, 0, 878, 592, 0, 0, 0, 2, 1, 2, 2, 1]),
 (12, [1401, 15, 0, 0, 1, 1089, 935, 0, 1, 1, 4, 0, 1, 1, 2]),
 (12, [1911, 47, 1, 0, 1, 1561, 714, 1, 0, 2, 0, 1, 0, 0, 0]),
 (13, [1142, 11, 1, 0, 0, 1181, 664, 1, 0, 2, 2, 1, 1, 2, 2]),
 (16, [658, 11, 1, 1, 0, 1996, 1550, 0, 0, 1, 4, 1, 0, 2, 2]),
 (16, [744, 106, 0, 1, 0, 858, 903, 1, 1, 1, 2, 1, 1, 2, 2]),
 (16, [858, 87, 1, 1, 0, 639, 1213, 0, 1, 2, 3, 1, 1, 2, 0]),
 (16, [917, 88, 0, 0, 0, 794, 865, 0, 1, 0, 3, 0, 0, 0, 0]),
 (16, [1006, 74, 1, 0, 0, 1675, 796, 0, 1, 1, 3, 1, 2, 1, 2]),
 (16, [1097, 35, 0, 0, 1, 1021, 916, 1, 1, 0, 0, 1, 1, 2, 0]),
 (16, [1324, 65, 1, 1, 1, 1261, 1337, 1, 1, 0, 1, 1, 2, 0, 0]),
 (16, [1399, 78, 0, 1, 0, 860, 868, 1, 0, 2, 4, 1, 2, 1, 1]),
 (16, [1402, 10, 0, 0, 0, 1441, 1507, 0, 1, 1, 0, 0, 0, 0, 2]),
 (16, [1404, 48, 1, 0, 1, 1967, 1700, 1, 0, 2, 1, 1, 2, 2, 2]),
 (16, [1591, 19, 1, 0, 1, 1941, 1377, 0, 0, 2, 2, 0, 1, 0, 1]),
 (16, [1843, 119, 1, 1, 1, 592, 598, 1, 0, 1, 4, 1, 0, 1, 2]),
 (17, [903, 40, 0, 0, 0, 671, 1366, 1, 1, 1, 3, 0, 1, 0, 1]),
 (17, [1166, 73, 1, 0, 0, 698, 960, 0, 1, 2, 0, 1, 0, 1, 2]),
 (17, [1401, 13, 0, 1, 0, 1016, 1405, 1, 0, 2, 4, 1, 0, 0, 0]),
 (33, [1317, 16, 1, 1, 0, 1815, 571, 1, 0, 2, 0, 0, 1, 2, 1]),
 (34, [974, 111, 0, 1, 0, 668, 551, 0, 0, 1, 4, 0, 2, 0, 2]),
 (999, [631, 75, 0, 0, 0, 1855, 1962, 0, 1, 2, 5, 0, 0, 1, 0]),
 (999, [752, 56, 0, 1, 0, 925, 927, 1, 0, 1, 5, 0, 2, 1, 2]),
 (999, [841, 55, 0, 0, 1, 1879, 1883, 0, 0, 3, 1, 0, 1, 2, 0]),
 (999, [1130, 108, 0, 1, 1, 611, 1638, 0, 0, 3, 3, 1, 0, 0, 2]),
 (999, [1131, 53, 0, 0, 0, 1472, 1337, 1, 0, 2, 5, 0, 2, 1, 2]),
 (999, [1441, 66, 0, 0, 0, 1890, 617, 0, 1, 3, 3, 0, 2, 0, 0]),
 (999, [1695, 33, 0, 1, 1, 2025, 1817, 1, 0, 3, 2, 0, 1, 2, 1]),
 (999, [1853, 70, 1, 1, 0, 1247, 1038, 1, 0, 3, 2, 1, 1, 1, 2])]
Selected
[(12, [1911, 47, 1, 0, 1, 1561, 714, 1, 0, 2, 0, 1, 0, 0, 0]),
 (12, [953, 24, 1, 0, 1, 1504, 1091, 0, 0, 1, 0, 1, 0, 0, 2]),
 (12, [1401, 15, 0, 0, 1, 1089, 935, 0, 1, 1, 4, 0, 1, 1, 2]),
 (12, [1206, 83, 1, 1, 0, 878, 592, 0, 0, 0, 2, 1, 2, 2, 1]),
 (12, [1007, 45, 0, 1, 0, 1563, 593, 1, 0, 0, 1, 1, 2, 0, 1]),
 (16, [858, 87, 1, 1, 0, 639, 1213, 0, 1, 2, 3, 1, 1, 2, 0]),
 (16, [744, 106, 0, 1, 0, 858, 903, 1, 1, 1, 2, 1, 1, 2, 2]),
 (16, [1006, 74, 1, 0, 0, 1675, 796, 0, 1, 1, 3, 1, 2, 1, 2]),
 (16, [917, 88, 0, 0, 0, 794, 865, 0, 1, 0, 3, 0, 0, 0, 0]),
 (16, [1402, 10, 0, 0, 0, 1441, 1507, 0, 1, 1, 0, 0, 0, 0, 2]),
 (12, [1007, 45, 0, 1, 0, 1563, 593, 1, 0, 0, 1, 1, 2, 0, 1]),
 (12, [1401, 15, 0, 0, 1, 1089, 935, 0, 1, 1, 4, 0, 1, 1, 2]),
 (16, [744, 106, 0, 1, 0, 858, 903, 1, 1, 1, 2, 1, 1, 2, 2]),
 (12, [569, 110, 1, 0, 0, 1848, 1759, 1, 1, 2, 4, 1, 2, 2, 2]),
 (12, [1007, 45, 0, 1, 0, 1563, 593, 1, 0, 0, 1, 1, 2, 0, 1]),
 (12, [1007, 45, 0, 1, 0, 1563, 593, 1, 0, 0, 1, 1, 2, 0, 1]),
 (12, [1911, 47, 1, 0, 1, 1561, 714, 1, 0, 2, 0, 1, 0, 0, 0]),
 (16, [1006, 74, 1, 0, 0, 1675, 796, 0, 1, 1, 3, 1, 2, 1, 2]),
 (12, [569, 110, 1, 0, 0, 1848, 1759, 1, 1, 2, 4, 1, 2, 2, 2]),
 (12, [1206, 83, 1, 1, 0, 878, 592, 0, 0, 0, 2, 1, 2, 2, 1]),
 (12, [1401, 15, 0, 0, 1, 1089, 935, 0, 1, 1, 4, 0, 1, 1, 2]),
 (12, [953, 24, 1, 0, 1, 1504, 1091, 0, 0, 1, 0, 1, 0, 0, 2]),
 (17, [903, 40, 0, 0, 0, 671, 1366, 1, 1, 1, 3, 0, 1, 0, 1]),
 (12, [953, 24, 1, 0, 1, 1504, 1091, 0, 0, 1, 0, 1, 0, 0, 2]),
 (16, [917, 88, 0, 0, 0, 794, 865, 0, 1, 0, 3, 0, 0, 0, 0]),
 (12, [953, 24, 1, 0, 1, 1504, 1091, 0, 0, 1, 0, 1, 0, 0, 2]),
 (12, [1401, 15, 0, 0, 1, 1089, 935, 0, 1, 1, 4, 0, 1, 1, 2])]
population
[(999, [1853, 70, 1, 1, 0, 1247, 1038, 1, 0, 3, 2, 1, 1, 1, 2]),
 (999, [1695, 33, 0, 1, 1, 2025, 1817, 1, 0, 3, 2, 0, 1, 2, 1]),
 (999, [1441, 66, 0, 0, 0, 1890, 617, 0, 1, 3, 3, 0, 2, 0, 0]),
 (999, [1131, 53, 0, 0, 0, 1472, 1337, 1, 0, 2, 5, 0, 2, 1, 2]),
 (999, [1130, 108, 0, 1, 1, 611, 1638, 0, 0, 3, 3, 1, 0, 0, 2]),
 (999, [841, 55, 0, 0, 1, 1879, 1883, 0, 0, 3, 1, 0, 1, 2, 0]),
 (999, [752, 56, 0, 1, 0, 925, 927, 1, 0, 1, 5, 0, 2, 1, 2]),
 (999, [631, 75, 0, 0, 0, 1855, 1962, 0, 1, 2, 5, 0, 0, 1, 0]),
 (34, [974, 111, 0, 1, 0, 668, 551, 0, 0, 1, 4, 0, 2, 0, 2]),
 (33, [1317, 16, 1, 1, 0, 1815, 571, 1, 0, 2, 0, 0, 1, 2, 1]),
 (17, [1401, 13, 0, 1, 0, 1016, 1405, 1, 0, 2, 4, 1, 0, 0, 0]),
 (17, [1166, 73, 1, 0, 0, 698, 960, 0, 1, 2, 0, 1, 0, 1, 2]),
 (17, [903, 40, 0, 0, 0, 671, 1366, 1, 1, 1, 3, 0, 1, 0, 1]),
 (16, [1843, 119, 1, 1, 1, 592, 598, 1, 0, 1, 4, 1, 0, 1, 2]),
 (16, [1591, 19, 1, 0, 1, 1941, 1377, 0, 0, 2, 2, 0, 1, 0, 1]),
 (16, [1404, 48, 1, 0, 1, 1967, 1700, 1, 0, 2, 1, 1, 2, 2, 2]),
 (16, [1402, 10, 0, 0, 0, 1441, 1507, 0, 1, 1, 0, 0, 0, 0, 2]),
 (16, [1399, 78, 0, 1, 0, 860, 868, 1, 0, 2, 4, 1, 2, 1, 1]),
 (16, [1324, 65, 1, 1, 1, 1261, 1337, 1, 1, 0, 1, 1, 2, 0, 0]),
 (16, [1097, 35, 0, 0, 1, 1021, 916, 1, 1, 0, 0, 1, 1, 2, 0]),
 (16, [1006, 74, 1, 0, 0, 1675, 796, 0, 1, 1, 3, 1, 2, 1, 2]),
 (16, [917, 88, 0, 0, 0, 794, 865, 0, 1, 0, 3, 0, 0, 0, 0]),
 (16, [858, 87, 1, 1, 0, 639, 1213, 0, 1, 2, 3, 1, 1, 2, 0]),
 (16, [744, 106, 0, 1, 0, 858, 903, 1, 1, 1, 2, 1, 1, 2, 2]),
 (16, [658, 11, 1, 1, 0, 1996, 1550, 0, 0, 1, 4, 1, 0, 2, 2]),
 (13, [1142, 11, 1, 0, 0, 1181, 664, 1, 0, 2, 2, 1, 1, 2, 2]),
 (12, [1911, 47, 1, 0, 1, 1561, 714, 1, 0, 2, 0, 1, 0, 0, 0]),
 (12, [1401, 15, 0, 0, 1, 1089, 935, 0, 1, 1, 4, 0, 1, 1, 2]),
 (12, [1206, 83, 1, 1, 0, 878, 592, 0, 0, 0, 2, 1, 2, 2, 1]),
 (12, [1007, 45, 0, 1, 0, 1563, 593, 1, 0, 0, 1, 1, 2, 0, 1]),
 (12, [953, 24, 1, 0, 1, 1504, 1091, 0, 0, 1, 0, 1, 0, 0, 2]),
 (12, [569, 110, 1, 0, 0, 1848, 1759, 1, 1, 2, 4, 1, 2, 2, 2])]
scored
[(12, [569, 110, 1, 0, 0, 1848, 1759, 1, 1, 2, 4, 1, 2, 2, 2]),
 (12, [953, 24, 1, 0, 1, 1504, 1091, 0, 0, 1, 0, 1, 0, 0, 2]),
 (12, [1007, 45, 0, 1, 0, 1563, 593, 1, 0, 0, 1, 1, 2, 0, 1]),
 (12, [1206, 83, 1, 1, 0, 878, 592, 0, 0, 0, 2, 1, 2, 2, 1]),
 (12, [1401, 15, 0, 0, 1, 1089, 935, 0, 1, 1, 4, 0, 1, 1, 2]),
 (12, [1911, 47, 1, 0, 1, 1561, 714, 1, 0, 2, 0, 1, 0, 0, 0]),
 (13, [1142, 11, 1, 0, 0, 1181, 664, 1, 0, 2, 2, 1, 1, 2, 2]),
 (16, [658, 11, 1, 1, 0, 1996, 1550, 0, 0, 1, 4, 1, 0, 2, 2]),
 (16, [744, 106, 0, 1, 0, 858, 903, 1, 1, 1, 2, 1, 1, 2, 2]),
 (16, [858, 87, 1, 1, 0, 639, 1213, 0, 1, 2, 3, 1, 1, 2, 0]),
 (16, [917, 88, 0, 0, 0, 794, 865, 0, 1, 0, 3, 0, 0, 0, 0]),
 (16, [1006, 74, 1, 0, 0, 1675, 796, 0, 1, 1, 3, 1, 2, 1, 2]),
 (16, [1097, 35, 0, 0, 1, 1021, 916, 1, 1, 0, 0, 1, 1, 2, 0]),
 (16, [1324, 65, 1, 1, 1, 1261, 1337, 1, 1, 0, 1, 1, 2, 0, 0]),
 (16, [1399, 78, 0, 1, 0, 860, 868, 1, 0, 2, 4, 1, 2, 1, 1]),
 (16, [1402, 10, 0, 0, 0, 1441, 1507, 0, 1, 1, 0, 0, 0, 0, 2]),
 (16, [1404, 48, 1, 0, 1, 1967, 1700, 1, 0, 2, 1, 1, 2, 2, 2]),
 (16, [1591, 19, 1, 0, 1, 1941, 1377, 0, 0, 2, 2, 0, 1, 0, 1]),
 (16, [1843, 119, 1, 1, 1, 592, 598, 1, 0, 1, 4, 1, 0, 1, 2]),
 (17, [903, 40, 0, 0, 0, 671, 1366, 1, 1, 1, 3, 0, 1, 0, 1]),
 (17, [1166, 73, 1, 0, 0, 698, 960, 0, 1, 2, 0, 1, 0, 1, 2]),
 (17, [1401, 13, 0, 1, 0, 1016, 1405, 1, 0, 2, 4, 1, 0, 0, 0]),
 (33, [1317, 16, 1, 1, 0, 1815, 571, 1, 0, 2, 0, 0, 1, 2, 1]),
 (34, [974, 111, 0, 1, 0, 668, 551, 0, 0, 1, 4, 0, 2, 0, 2]),
 (999, [631, 75, 0, 0, 0, 1855, 1962, 0, 1, 2, 5, 0, 0, 1, 0]),
 (999, [752, 56, 0, 1, 0, 925, 927, 1, 0, 1, 5, 0, 2, 1, 2]),
 (999, [841, 55, 0, 0, 1, 1879, 1883, 0, 0, 3, 1, 0, 1, 2, 0]),
 (999, [1130, 108, 0, 1, 1, 611, 1638, 0, 0, 3, 3, 1, 0, 0, 2]),
 (999, [1131, 53, 0, 0, 0, 1472, 1337, 1, 0, 2, 5, 0, 2, 1, 2]),
 (999, [1441, 66, 0, 0, 0, 1890, 617, 0, 1, 3, 3, 0, 2, 0, 0]),
 (999, [1695, 33, 0, 1, 1, 2025, 1817, 1, 0, 3, 2, 0, 1, 2, 1]),
 (999, [1853, 70, 1, 1, 0, 1247, 1038, 1, 0, 3, 2, 1, 1, 1, 2])]
Selected
[(12, [953, 24, 1, 0, 1, 1504, 1091, 0, 0, 1, 0, 1, 0, 0, 2]),
 (12, [1007, 45, 0, 1, 0, 1563, 593, 1, 0, 0, 1, 1, 2, 0, 1]),
 (12, [1007, 45, 0, 1, 0, 1563, 593, 1, 0, 0, 1, 1, 2, 0, 1]),
 (12, [569, 110, 1, 0, 0, 1848, 1759, 1, 1, 2, 4, 1, 2, 2, 2]),
 (12, [1911, 47, 1, 0, 1, 1561, 714, 1, 0, 2, 0, 1, 0, 0, 0]),
 (16, [1843, 119, 1, 1, 1, 592, 598, 1, 0, 1, 4, 1, 0, 1, 2]),
 (16, [858, 87, 1, 1, 0, 639, 1213, 0, 1, 2, 3, 1, 1, 2, 0]),
 (12, [1401, 15, 0, 0, 1, 1089, 935, 0, 1, 1, 4, 0, 1, 1, 2]),
 (16, [658, 11, 1, 1, 0, 1996, 1550, 0, 0, 1, 4, 1, 0, 2, 2]),
 (12, [1911, 47, 1, 0, 1, 1561, 714, 1, 0, 2, 0, 1, 0, 0, 0]),
 (12, [569, 110, 1, 0, 0, 1848, 1759, 1, 1, 2, 4, 1, 2, 2, 2]),
 (12, [1007, 45, 0, 1, 0, 1563, 593, 1, 0, 0, 1, 1, 2, 0, 1]),
 (12, [1401, 15, 0, 0, 1, 1089, 935, 0, 1, 1, 4, 0, 1, 1, 2]),
 (16, [1399, 78, 0, 1, 0, 860, 868, 1, 0, 2, 4, 1, 2, 1, 1]),
 (16, [1402, 10, 0, 0, 0, 1441, 1507, 0, 1, 1, 0, 0, 0, 0, 2]),
 (12, [569, 110, 1, 0, 0, 1848, 1759, 1, 1, 2, 4, 1, 2, 2, 2]),
 (12, [953, 24, 1, 0, 1, 1504, 1091, 0, 0, 1, 0, 1, 0, 0, 2]),
 (16, [1402, 10, 0, 0, 0, 1441, 1507, 0, 1, 1, 0, 0, 0, 0, 2]),
 (12, [1401, 15, 0, 0, 1, 1089, 935, 0, 1, 1, 4, 0, 1, 1, 2]),
 (17, [903, 40, 0, 0, 0, 671, 1366, 1, 1, 1, 3, 0, 1, 0, 1]),
 (16, [744, 106, 0, 1, 0, 858, 903, 1, 1, 1, 2, 1, 1, 2, 2]),
 (12, [1007, 45, 0, 1, 0, 1563, 593, 1, 0, 0, 1, 1, 2, 0, 1]),
 (16, [658, 11, 1, 1, 0, 1996, 1550, 0, 0, 1, 4, 1, 0, 2, 2]),
 (13, [1142, 11, 1, 0, 0, 1181, 664, 1, 0, 2, 2, 1, 1, 2, 2]),
 (16, [744, 106, 0, 1, 0, 858, 903, 1, 1, 1, 2, 1, 1, 2, 2]),
 (12, [1401, 15, 0, 0, 1, 1089, 935, 0, 1, 1, 4, 0, 1, 1, 2]),
 (12, [1401, 15, 0, 0, 1, 1089, 935, 0, 1, 1, 4, 0, 1, 1, 2])]

Poblacin de 32 individuos durante 15 generaciones
Poblacin inicial:
[(999, [1853, 70, 1, 1, 0, 1247, 1038, 1, 0, 3, 2, 1, 1, 1, 2]),
 (999, [1695, 33, 0, 1, 1, 2025, 1817, 1, 0, 3, 2, 0, 1, 2, 1]),
 (999, [1441, 66, 0, 0, 0, 1890, 617, 0, 1, 3, 3, 0, 2, 0, 0]),
 (999, [1131, 53, 0, 0, 0, 1472, 1337, 1, 0, 2, 5, 0, 2, 1, 2]),
 (999, [1130, 108, 0, 1, 1, 611, 1638, 0, 0, 3, 3, 1, 0, 0, 2]),
 (999, [841, 55, 0, 0, 1, 1879, 1883, 0, 0, 3, 1, 0, 1, 2, 0]),
 (999, [752, 56, 0, 1, 0, 925, 927, 1, 0, 1, 5, 0, 2, 1, 2]),
 (999, [631, 75, 0, 0, 0, 1855, 1962, 0, 1, 2, 5, 0, 0, 1, 0]),
 (34, [974, 111, 0, 1, 0, 668, 551, 0, 0, 1, 4, 0, 2, 0, 2]),
 (33, [1317, 16, 1, 1, 0, 1815, 571, 1, 0, 2, 0, 0, 1, 2, 1]),
 (17, [1401, 13, 0, 1, 0, 1016, 1405, 1, 0, 2, 4, 1, 0, 0, 0]),
 (17, [1166, 73, 1, 0, 0, 698, 960, 0, 1, 2, 0, 1, 0, 1, 2]),
 (17, [903, 40, 0, 0, 0, 671, 1366, 1, 1, 1, 3, 0, 1, 0, 1]),
 (16, [1843, 119, 1, 1, 1, 592, 598, 1, 0, 1, 4, 1, 0, 1, 2]),
 (16, [1591, 19, 1, 0, 1, 1941, 1377, 0, 0, 2, 2, 0, 1, 0, 1]),
 (16, [1404, 48, 1, 0, 1, 1967, 1700, 1, 0, 2, 1, 1, 2, 2, 2]),
 (16, [1402, 10, 0, 0, 0, 1441, 1507, 0, 1, 1, 0, 0, 0, 0, 2]),
 (16, [1399, 78, 0, 1, 0, 860, 868, 1, 0, 2, 4, 1, 2, 1, 1]),
 (16, [1324, 65, 1, 1, 1, 1261, 1337, 1, 1, 0, 1, 1, 2, 0, 0]),
 (16, [1097, 35, 0, 0, 1, 1021, 916, 1, 1, 0, 0, 1, 1, 2, 0]),
 (16, [1006, 74, 1, 0, 0, 1675, 796, 0, 1, 1, 3, 1, 2, 1, 2]),
 (16, [917, 88, 0, 0, 0, 794, 865, 0, 1, 0, 3, 0, 0, 0, 0]),
 (16, [858, 87, 1, 1, 0, 639, 1213, 0, 1, 2, 3, 1, 1, 2, 0]),
 (16, [744, 106, 0, 1, 0, 858, 903, 1, 1, 1, 2, 1, 1, 2, 2]),
 (16, [658, 11, 1, 1, 0, 1996, 1550, 0, 0, 1, 4, 1, 0, 2, 2]),
 (13, [1142, 11, 1, 0, 0, 1181, 664, 1, 0, 2, 2, 1, 1, 2, 2]),
 (12, [1911, 47, 1, 0, 1, 1561, 714, 1, 0, 2, 0, 1, 0, 0, 0]),
 (12, [1401, 15, 0, 0, 1, 1089, 935, 0, 1, 1, 4, 0, 1, 1, 2]),
 (12, [1206, 83, 1, 1, 0, 878, 592, 0, 0, 0, 2, 1, 2, 2, 1]),
 (12, [1007, 45, 0, 1, 0, 1563, 593, 1, 0, 0, 1, 1, 2, 0, 1]),
 (12, [953, 24, 1, 0, 1, 1504, 1091, 0, 0, 1, 0, 1, 0, 0, 2]),
 (12, [569, 110, 1, 0, 0, 1848, 1759, 1, 1, 2, 4, 1, 2, 2, 2])]
Poblacin final:
[(999, [1853, 70, 1, 1, 0, 1247, 1038, 1, 0, 3, 2, 1, 1, 1, 2]),
 (999, [1695, 33, 0, 1, 1, 2025, 1817, 1, 0, 3, 2, 0, 1, 2, 1]),
 (999, [1441, 66, 0, 0, 0, 1890, 617, 0, 1, 3, 3, 0, 2, 0, 0]),
 (999, [1131, 53, 0, 0, 0, 1472, 1337, 1, 0, 2, 5, 0, 2, 1, 2]),
 (999, [1130, 108, 0, 1, 1, 611, 1638, 0, 0, 3, 3, 1, 0, 0, 2]),
 (999, [841, 55, 0, 0, 1, 1879, 1883, 0, 0, 3, 1, 0, 1, 2, 0]),
 (999, [752, 56, 0, 1, 0, 925, 927, 1, 0, 1, 5, 0, 2, 1, 2]),
 (999, [631, 75, 0, 0, 0, 1855, 1962, 0, 1, 2, 5, 0, 0, 1, 0]),
 (34, [974, 111, 0, 1, 0, 668, 551, 0, 0, 1, 4, 0, 2, 0, 2]),
 (33, [1317, 16, 1, 1, 0, 1815, 571, 1, 0, 2, 0, 0, 1, 2, 1]),
 (17, [1401, 13, 0, 1, 0, 1016, 1405, 1, 0, 2, 4, 1, 0, 0, 0]),
 (17, [1166, 73, 1, 0, 0, 698, 960, 0, 1, 2, 0, 1, 0, 1, 2]),
 (17, [903, 40, 0, 0, 0, 671, 1366, 1, 1, 1, 3, 0, 1, 0, 1]),
 (16, [1843, 119, 1, 1, 1, 592, 598, 1, 0, 1, 4, 1, 0, 1, 2]),
 (16, [1591, 19, 1, 0, 1, 1941, 1377, 0, 0, 2, 2, 0, 1, 0, 1]),
 (16, [1404, 48, 1, 0, 1, 1967, 1700, 1, 0, 2, 1, 1, 2, 2, 2]),
 (16, [1402, 10, 0, 0, 0, 1441, 1507, 0, 1, 1, 0, 0, 0, 0, 2]),
 (16, [1399, 78, 0, 1, 0, 860, 868, 1, 0, 2, 4, 1, 2, 1, 1]),
 (16, [1324, 65, 1, 1, 1, 1261, 1337, 1, 1, 0, 1, 1, 2, 0, 0]),
 (16, [1097, 35, 0, 0, 1, 1021, 916, 1, 1, 0, 0, 1, 1, 2, 0]),
 (16, [1006, 74, 1, 0, 0, 1675, 796, 0, 1, 1, 3, 1, 2, 1, 2]),
 (16, [917, 88, 0, 0, 0, 794, 865, 0, 1, 0, 3, 0, 0, 0, 0]),
 (16, [858, 87, 1, 1, 0, 639, 1213, 0, 1, 2, 3, 1, 1, 2, 0]),
 (16, [744, 106, 0, 1, 0, 858, 903, 1, 1, 1, 2, 1, 1, 2, 2]),
 (16, [658, 11, 1, 1, 0, 1996, 1550, 0, 0, 1, 4, 1, 0, 2, 2]),
 (13, [1142, 11, 1, 0, 0, 1181, 664, 1, 0, 2, 2, 1, 1, 2, 2]),
 (12, [1911, 47, 1, 0, 1, 1561, 714, 1, 0, 2, 0, 1, 0, 0, 0]),
 (12, [1401, 15, 0, 0, 1, 1089, 935, 0, 1, 1, 4, 0, 1, 1, 2]),
 (12, [1206, 83, 1, 1, 0, 878, 592, 0, 0, 0, 2, 1, 2, 2, 1]),
 (12, [1007, 45, 0, 1, 0, 1563, 593, 1, 0, 0, 1, 1, 2, 0, 1]),
 (12, [953, 24, 1, 0, 1, 1504, 1091, 0, 0, 1, 0, 1, 0, 0, 2]),
 (12, [569, 110, 1, 0, 0, 1848, 1759, 1, 1, 2, 4, 1, 2, 2, 2])]
Elapsed time is 880.950496 seconds.
