 * Manually resetting nginx to stopped state
 * Manually resetting nginx to stopped state
 * Manually resetting nginx to stopped state
 * Manually resetting nginx to stopped state
 * Manually resetting nginx to stopped state
 * Manually resetting nginx to stopped state
 * Manually resetting nginx to stopped state
 * Manually resetting nginx to stopped state
 * Manually resetting nginx to stopped state
 * Manually resetting nginx to stopped state
 * Manually resetting nginx to stopped state
 * Manually resetting nginx to stopped state
 * Manually resetting nginx to stopped state
 * Manually resetting nginx to stopped state
 * Manually resetting nginx to stopped state
 * Manually resetting nginx to stopped state
 * Manually resetting nginx to stopped state
 * Manually resetting nginx to stopped state
 * Manually resetting nginx to stopped state
 * Manually resetting nginx to stopped state
 * Manually resetting nginx to stopped state
 * Manually resetting nginx to stopped state
genes: 15
individuals : 32
pressure: 5
mutation_chance: 0
generations: 15
crossover_type: 1
mutation_type_random: 0
Alerts:
16
Alerts:
16
Alerts:
16
Alerts:
12
Alerts:
16
Alerts:
16
Alerts:
16
Alerts:
16
Alerts:
16
Alerts:
12
Alerts:
12
Alerts:
16
Alerts:
16
Alerts:
16
Alerts:
16
Alerts:
12
Alerts:
16
Alerts:
12
Alerts:
16
Alerts:
16
Alerts:
12
Alerts:
12
population
[(16, [941, 33, 1, 0, 0, 545, 1334, 1, 0, 0, 3, 1, 0, 2, 0]),
 (16, [1127, 50, 1, 1, 1, 732, 1260, 1, 0, 2, 1, 0, 0, 2, 1]),
 (999, [794, 71, 0, 1, 1, 1064, 1441, 1, 0, 3, 4, 1, 0, 2, 0]),
 (16, [1406, 82, 1, 1, 1, 1822, 1792, 1, 0, 1, 3, 0, 0, 2, 2]),
 (12, [1393, 66, 0, 1, 1, 912, 1355, 1, 1, 1, 1, 1, 1, 0, 2]),
 (16, [1802, 76, 1, 1, 0, 1970, 650, 1, 1, 1, 0, 1, 0, 0, 0]),
 (16, [1553, 86, 1, 0, 0, 1293, 797, 1, 0, 0, 2, 1, 2, 0, 2]),
 (16, [643, 28, 1, 1, 0, 861, 906, 0, 0, 0, 0, 0, 1, 0, 2]),
 (16, [734, 105, 0, 1, 1, 1886, 1384, 1, 1, 2, 0, 0, 2, 2, 1]),
 (999, [1331, 72, 0, 1, 1, 1919, 1163, 0, 0, 3, 3, 0, 1, 1, 0]),
 (999, [663, 78, 0, 1, 1, 1114, 711, 0, 0, 2, 5, 0, 0, 2, 1]),
 (16, [1666, 72, 0, 1, 0, 1931, 1216, 0, 1, 0, 1, 0, 1, 1, 2]),
 (999, [1861, 54, 1, 1, 1, 1658, 1284, 0, 0, 3, 0, 0, 0, 2, 2]),
 (999, [1373, 62, 0, 0, 1, 896, 1428, 1, 0, 2, 5, 1, 2, 0, 0]),
 (12, [1562, 52, 1, 1, 0, 1001, 1526, 0, 1, 1, 2, 0, 2, 1, 0]),
 (12, [1106, 58, 0, 1, 1, 1853, 762, 0, 0, 2, 1, 1, 2, 2, 0]),
 (999, [1922, 29, 1, 0, 0, 1862, 1538, 1, 1, 1, 5, 1, 1, 2, 2]),
 (16, [1233, 12, 1, 1, 0, 634, 1648, 1, 0, 1, 1, 1, 2, 0, 0]),
 (16, [1188, 24, 0, 1, 0, 581, 939, 0, 1, 0, 2, 0, 0, 0, 2]),
 (16, [650, 115, 1, 0, 1, 1527, 956, 1, 1, 1, 1, 1, 1, 2, 0]),
 (16, [780, 86, 0, 1, 0, 979, 1934, 0, 0, 2, 0, 1, 2, 0, 1]),
 (12, [1286, 104, 1, 0, 0, 1674, 1845, 1, 0, 0, 1, 0, 1, 0, 1]),
 (999, [1166, 56, 1, 0, 1, 1332, 920, 1, 1, 3, 5, 1, 0, 2, 1]),
 (16, [1774, 96, 1, 1, 1, 1512, 709, 0, 0, 1, 3, 1, 0, 1, 1]),
 (12, [1535, 115, 1, 1, 0, 1276, 1536, 1, 0, 0, 0, 1, 2, 0, 1]),
 (999, [1428, 88, 1, 1, 0, 1877, 1482, 0, 0, 3, 5, 0, 0, 1, 0]),
 (16, [1668, 54, 1, 1, 1, 567, 639, 1, 0, 1, 4, 1, 0, 2, 0]),
 (16, [2010, 98, 1, 0, 0, 856, 1848, 0, 0, 2, 1, 1, 2, 2, 0]),
 (12, [1086, 89, 1, 1, 0, 1692, 1841, 1, 0, 0, 0, 0, 0, 2, 0]),
 (12, [1607, 11, 1, 1, 1, 1706, 1620, 0, 0, 1, 2, 1, 2, 0, 0]),
 (999, [949, 45, 1, 1, 1, 687, 1748, 1, 1, 1, 5, 1, 0, 2, 1]),
 (999, [1168, 57, 1, 1, 1, 1944, 2042, 1, 1, 3, 0, 1, 2, 0, 1])]
scored
[(12, [1086, 89, 1, 1, 0, 1692, 1841, 1, 0, 0, 0, 0, 0, 2, 0]),
 (12, [1106, 58, 0, 1, 1, 1853, 762, 0, 0, 2, 1, 1, 2, 2, 0]),
 (12, [1286, 104, 1, 0, 0, 1674, 1845, 1, 0, 0, 1, 0, 1, 0, 1]),
 (12, [1393, 66, 0, 1, 1, 912, 1355, 1, 1, 1, 1, 1, 1, 0, 2]),
 (12, [1535, 115, 1, 1, 0, 1276, 1536, 1, 0, 0, 0, 1, 2, 0, 1]),
 (12, [1562, 52, 1, 1, 0, 1001, 1526, 0, 1, 1, 2, 0, 2, 1, 0]),
 (12, [1607, 11, 1, 1, 1, 1706, 1620, 0, 0, 1, 2, 1, 2, 0, 0]),
 (16, [643, 28, 1, 1, 0, 861, 906, 0, 0, 0, 0, 0, 1, 0, 2]),
 (16, [650, 115, 1, 0, 1, 1527, 956, 1, 1, 1, 1, 1, 1, 2, 0]),
 (16, [734, 105, 0, 1, 1, 1886, 1384, 1, 1, 2, 0, 0, 2, 2, 1]),
 (16, [780, 86, 0, 1, 0, 979, 1934, 0, 0, 2, 0, 1, 2, 0, 1]),
 (16, [941, 33, 1, 0, 0, 545, 1334, 1, 0, 0, 3, 1, 0, 2, 0]),
 (16, [1127, 50, 1, 1, 1, 732, 1260, 1, 0, 2, 1, 0, 0, 2, 1]),
 (16, [1188, 24, 0, 1, 0, 581, 939, 0, 1, 0, 2, 0, 0, 0, 2]),
 (16, [1233, 12, 1, 1, 0, 634, 1648, 1, 0, 1, 1, 1, 2, 0, 0]),
 (16, [1406, 82, 1, 1, 1, 1822, 1792, 1, 0, 1, 3, 0, 0, 2, 2]),
 (16, [1553, 86, 1, 0, 0, 1293, 797, 1, 0, 0, 2, 1, 2, 0, 2]),
 (16, [1666, 72, 0, 1, 0, 1931, 1216, 0, 1, 0, 1, 0, 1, 1, 2]),
 (16, [1668, 54, 1, 1, 1, 567, 639, 1, 0, 1, 4, 1, 0, 2, 0]),
 (16, [1774, 96, 1, 1, 1, 1512, 709, 0, 0, 1, 3, 1, 0, 1, 1]),
 (16, [1802, 76, 1, 1, 0, 1970, 650, 1, 1, 1, 0, 1, 0, 0, 0]),
 (16, [2010, 98, 1, 0, 0, 856, 1848, 0, 0, 2, 1, 1, 2, 2, 0]),
 (999, [663, 78, 0, 1, 1, 1114, 711, 0, 0, 2, 5, 0, 0, 2, 1]),
 (999, [794, 71, 0, 1, 1, 1064, 1441, 1, 0, 3, 4, 1, 0, 2, 0]),
 (999, [949, 45, 1, 1, 1, 687, 1748, 1, 1, 1, 5, 1, 0, 2, 1]),
 (999, [1166, 56, 1, 0, 1, 1332, 920, 1, 1, 3, 5, 1, 0, 2, 1]),
 (999, [1168, 57, 1, 1, 1, 1944, 2042, 1, 1, 3, 0, 1, 2, 0, 1]),
 (999, [1331, 72, 0, 1, 1, 1919, 1163, 0, 0, 3, 3, 0, 1, 1, 0]),
 (999, [1373, 62, 0, 0, 1, 896, 1428, 1, 0, 2, 5, 1, 2, 0, 0]),
 (999, [1428, 88, 1, 1, 0, 1877, 1482, 0, 0, 3, 5, 0, 0, 1, 0]),
 (999, [1861, 54, 1, 1, 1, 1658, 1284, 0, 0, 3, 0, 0, 0, 2, 2]),
 (999, [1922, 29, 1, 0, 0, 1862, 1538, 1, 1, 1, 5, 1, 1, 2, 2])]
Selected
[(12, [1286, 104, 1, 0, 0, 1674, 1845, 1, 0, 0, 1, 0, 1, 0, 1]),
 (12, [1286, 104, 1, 0, 0, 1674, 1845, 1, 0, 0, 1, 0, 1, 0, 1]),
 (12, [1286, 104, 1, 0, 0, 1674, 1845, 1, 0, 0, 1, 0, 1, 0, 1]),
 (12, [1086, 89, 1, 1, 0, 1692, 1841, 1, 0, 0, 0, 0, 0, 2, 0]),
 (12, [1286, 104, 1, 0, 0, 1674, 1845, 1, 0, 0, 1, 0, 1, 0, 1]),
 (12, [1286, 104, 1, 0, 0, 1674, 1845, 1, 0, 0, 1, 0, 1, 0, 1]),
 (16, [734, 105, 0, 1, 1, 1886, 1384, 1, 1, 2, 0, 0, 2, 2, 1]),
 (16, [780, 86, 0, 1, 0, 979, 1934, 0, 0, 2, 0, 1, 2, 0, 1]),
 (12, [1106, 58, 0, 1, 1, 1853, 762, 0, 0, 2, 1, 1, 2, 2, 0]),
 (12, [1393, 66, 0, 1, 1, 912, 1355, 1, 1, 1, 1, 1, 1, 0, 2]),
 (16, [1188, 24, 0, 1, 0, 581, 939, 0, 1, 0, 2, 0, 0, 0, 2]),
 (16, [1127, 50, 1, 1, 1, 732, 1260, 1, 0, 2, 1, 0, 0, 2, 1]),
 (12, [1086, 89, 1, 1, 0, 1692, 1841, 1, 0, 0, 0, 0, 0, 2, 0]),
 (12, [1086, 89, 1, 1, 0, 1692, 1841, 1, 0, 0, 0, 0, 0, 2, 0]),
 (12, [1535, 115, 1, 1, 0, 1276, 1536, 1, 0, 0, 0, 1, 2, 0, 1]),
 (12, [1086, 89, 1, 1, 0, 1692, 1841, 1, 0, 0, 0, 0, 0, 2, 0]),
 (12, [1106, 58, 0, 1, 1, 1853, 762, 0, 0, 2, 1, 1, 2, 2, 0]),
 (12, [1393, 66, 0, 1, 1, 912, 1355, 1, 1, 1, 1, 1, 1, 0, 2]),
 (16, [643, 28, 1, 1, 0, 861, 906, 0, 0, 0, 0, 0, 1, 0, 2]),
 (12, [1607, 11, 1, 1, 1, 1706, 1620, 0, 0, 1, 2, 1, 2, 0, 0]),
 (12, [1607, 11, 1, 1, 1, 1706, 1620, 0, 0, 1, 2, 1, 2, 0, 0]),
 (16, [643, 28, 1, 1, 0, 861, 906, 0, 0, 0, 0, 0, 1, 0, 2]),
 (12, [1086, 89, 1, 1, 0, 1692, 1841, 1, 0, 0, 0, 0, 0, 2, 0]),
 (12, [1286, 104, 1, 0, 0, 1674, 1845, 1, 0, 0, 1, 0, 1, 0, 1]),
 (16, [734, 105, 0, 1, 1, 1886, 1384, 1, 1, 2, 0, 0, 2, 2, 1]),
 (12, [1607, 11, 1, 1, 1, 1706, 1620, 0, 0, 1, 2, 1, 2, 0, 0]),
 (16, [1127, 50, 1, 1, 1, 732, 1260, 1, 0, 2, 1, 0, 0, 2, 1])]
population
[(999, [1922, 29, 1, 0, 0, 1862, 1538, 1, 1, 1, 5, 1, 1, 2, 2]),
 (999, [1861, 54, 1, 1, 1, 1658, 1284, 0, 0, 3, 0, 0, 0, 2, 2]),
 (999, [1428, 88, 1, 1, 0, 1877, 1482, 0, 0, 3, 5, 0, 0, 1, 0]),
 (999, [1373, 62, 0, 0, 1, 896, 1428, 1, 0, 2, 5, 1, 2, 0, 0]),
 (999, [1331, 72, 0, 1, 1, 1919, 1163, 0, 0, 3, 3, 0, 1, 1, 0]),
 (999, [1168, 57, 1, 1, 1, 1944, 2042, 1, 1, 3, 0, 1, 2, 0, 1]),
 (999, [1166, 56, 1, 0, 1, 1332, 920, 1, 1, 3, 5, 1, 0, 2, 1]),
 (999, [949, 45, 1, 1, 1, 687, 1748, 1, 1, 1, 5, 1, 0, 2, 1]),
 (999, [794, 71, 0, 1, 1, 1064, 1441, 1, 0, 3, 4, 1, 0, 2, 0]),
 (999, [663, 78, 0, 1, 1, 1114, 711, 0, 0, 2, 5, 0, 0, 2, 1]),
 (16, [2010, 98, 1, 0, 0, 856, 1848, 0, 0, 2, 1, 1, 2, 2, 0]),
 (16, [1802, 76, 1, 1, 0, 1970, 650, 1, 1, 1, 0, 1, 0, 0, 0]),
 (16, [1774, 96, 1, 1, 1, 1512, 709, 0, 0, 1, 3, 1, 0, 1, 1]),
 (16, [1668, 54, 1, 1, 1, 567, 639, 1, 0, 1, 4, 1, 0, 2, 0]),
 (16, [1666, 72, 0, 1, 0, 1931, 1216, 0, 1, 0, 1, 0, 1, 1, 2]),
 (16, [1553, 86, 1, 0, 0, 1293, 797, 1, 0, 0, 2, 1, 2, 0, 2]),
 (16, [1406, 82, 1, 1, 1, 1822, 1792, 1, 0, 1, 3, 0, 0, 2, 2]),
 (16, [1233, 12, 1, 1, 0, 634, 1648, 1, 0, 1, 1, 1, 2, 0, 0]),
 (16, [1188, 24, 0, 1, 0, 581, 939, 0, 1, 0, 2, 0, 0, 0, 2]),
 (16, [1127, 50, 1, 1, 1, 732, 1260, 1, 0, 2, 1, 0, 0, 2, 1]),
 (16, [941, 33, 1, 0, 0, 545, 1334, 1, 0, 0, 3, 1, 0, 2, 0]),
 (16, [780, 86, 0, 1, 0, 979, 1934, 0, 0, 2, 0, 1, 2, 0, 1]),
 (16, [734, 105, 0, 1, 1, 1886, 1384, 1, 1, 2, 0, 0, 2, 2, 1]),
 (16, [650, 115, 1, 0, 1, 1527, 956, 1, 1, 1, 1, 1, 1, 2, 0]),
 (16, [643, 28, 1, 1, 0, 861, 906, 0, 0, 0, 0, 0, 1, 0, 2]),
 (12, [1607, 11, 1, 1, 1, 1706, 1620, 0, 0, 1, 2, 1, 2, 0, 0]),
 (12, [1562, 52, 1, 1, 0, 1001, 1526, 0, 1, 1, 2, 0, 2, 1, 0]),
 (12, [1535, 115, 1, 1, 0, 1276, 1536, 1, 0, 0, 0, 1, 2, 0, 1]),
 (12, [1393, 66, 0, 1, 1, 912, 1355, 1, 1, 1, 1, 1, 1, 0, 2]),
 (12, [1286, 104, 1, 0, 0, 1674, 1845, 1, 0, 0, 1, 0, 1, 0, 1]),
 (12, [1106, 58, 0, 1, 1, 1853, 762, 0, 0, 2, 1, 1, 2, 2, 0]),
 (12, [1086, 89, 1, 1, 0, 1692, 1841, 1, 0, 0, 0, 0, 0, 2, 0])]
scored
[(12, [1086, 89, 1, 1, 0, 1692, 1841, 1, 0, 0, 0, 0, 0, 2, 0]),
 (12, [1106, 58, 0, 1, 1, 1853, 762, 0, 0, 2, 1, 1, 2, 2, 0]),
 (12, [1286, 104, 1, 0, 0, 1674, 1845, 1, 0, 0, 1, 0, 1, 0, 1]),
 (12, [1393, 66, 0, 1, 1, 912, 1355, 1, 1, 1, 1, 1, 1, 0, 2]),
 (12, [1535, 115, 1, 1, 0, 1276, 1536, 1, 0, 0, 0, 1, 2, 0, 1]),
 (12, [1562, 52, 1, 1, 0, 1001, 1526, 0, 1, 1, 2, 0, 2, 1, 0]),
 (12, [1607, 11, 1, 1, 1, 1706, 1620, 0, 0, 1, 2, 1, 2, 0, 0]),
 (16, [643, 28, 1, 1, 0, 861, 906, 0, 0, 0, 0, 0, 1, 0, 2]),
 (16, [650, 115, 1, 0, 1, 1527, 956, 1, 1, 1, 1, 1, 1, 2, 0]),
 (16, [734, 105, 0, 1, 1, 1886, 1384, 1, 1, 2, 0, 0, 2, 2, 1]),
 (16, [780, 86, 0, 1, 0, 979, 1934, 0, 0, 2, 0, 1, 2, 0, 1]),
 (16, [941, 33, 1, 0, 0, 545, 1334, 1, 0, 0, 3, 1, 0, 2, 0]),
 (16, [1127, 50, 1, 1, 1, 732, 1260, 1, 0, 2, 1, 0, 0, 2, 1]),
 (16, [1188, 24, 0, 1, 0, 581, 939, 0, 1, 0, 2, 0, 0, 0, 2]),
 (16, [1233, 12, 1, 1, 0, 634, 1648, 1, 0, 1, 1, 1, 2, 0, 0]),
 (16, [1406, 82, 1, 1, 1, 1822, 1792, 1, 0, 1, 3, 0, 0, 2, 2]),
 (16, [1553, 86, 1, 0, 0, 1293, 797, 1, 0, 0, 2, 1, 2, 0, 2]),
 (16, [1666, 72, 0, 1, 0, 1931, 1216, 0, 1, 0, 1, 0, 1, 1, 2]),
 (16, [1668, 54, 1, 1, 1, 567, 639, 1, 0, 1, 4, 1, 0, 2, 0]),
 (16, [1774, 96, 1, 1, 1, 1512, 709, 0, 0, 1, 3, 1, 0, 1, 1]),
 (16, [1802, 76, 1, 1, 0, 1970, 650, 1, 1, 1, 0, 1, 0, 0, 0]),
 (16, [2010, 98, 1, 0, 0, 856, 1848, 0, 0, 2, 1, 1, 2, 2, 0]),
 (999, [663, 78, 0, 1, 1, 1114, 711, 0, 0, 2, 5, 0, 0, 2, 1]),
 (999, [794, 71, 0, 1, 1, 1064, 1441, 1, 0, 3, 4, 1, 0, 2, 0]),
 (999, [949, 45, 1, 1, 1, 687, 1748, 1, 1, 1, 5, 1, 0, 2, 1]),
 (999, [1166, 56, 1, 0, 1, 1332, 920, 1, 1, 3, 5, 1, 0, 2, 1]),
 (999, [1168, 57, 1, 1, 1, 1944, 2042, 1, 1, 3, 0, 1, 2, 0, 1]),
 (999, [1331, 72, 0, 1, 1, 1919, 1163, 0, 0, 3, 3, 0, 1, 1, 0]),
 (999, [1373, 62, 0, 0, 1, 896, 1428, 1, 0, 2, 5, 1, 2, 0, 0]),
 (999, [1428, 88, 1, 1, 0, 1877, 1482, 0, 0, 3, 5, 0, 0, 1, 0]),
 (999, [1861, 54, 1, 1, 1, 1658, 1284, 0, 0, 3, 0, 0, 0, 2, 2]),
 (999, [1922, 29, 1, 0, 0, 1862, 1538, 1, 1, 1, 5, 1, 1, 2, 2])]
Selected
[(12, [1086, 89, 1, 1, 0, 1692, 1841, 1, 0, 0, 0, 0, 0, 2, 0]),
 (16, [941, 33, 1, 0, 0, 545, 1334, 1, 0, 0, 3, 1, 0, 2, 0]),
 (12, [1393, 66, 0, 1, 1, 912, 1355, 1, 1, 1, 1, 1, 1, 0, 2]),
 (16, [650, 115, 1, 0, 1, 1527, 956, 1, 1, 1, 1, 1, 1, 2, 0]),
 (12, [1535, 115, 1, 1, 0, 1276, 1536, 1, 0, 0, 0, 1, 2, 0, 1]),
 (16, [643, 28, 1, 1, 0, 861, 906, 0, 0, 0, 0, 0, 1, 0, 2]),
 (12, [1535, 115, 1, 1, 0, 1276, 1536, 1, 0, 0, 0, 1, 2, 0, 1]),
 (12, [1535, 115, 1, 1, 0, 1276, 1536, 1, 0, 0, 0, 1, 2, 0, 1]),
 (12, [1106, 58, 0, 1, 1, 1853, 762, 0, 0, 2, 1, 1, 2, 2, 0]),
 (12, [1106, 58, 0, 1, 1, 1853, 762, 0, 0, 2, 1, 1, 2, 2, 0]),
 (12, [1535, 115, 1, 1, 0, 1276, 1536, 1, 0, 0, 0, 1, 2, 0, 1]),
 (12, [1393, 66, 0, 1, 1, 912, 1355, 1, 1, 1, 1, 1, 1, 0, 2]),
 (12, [1393, 66, 0, 1, 1, 912, 1355, 1, 1, 1, 1, 1, 1, 0, 2]),
 (12, [1106, 58, 0, 1, 1, 1853, 762, 0, 0, 2, 1, 1, 2, 2, 0]),
 (16, [643, 28, 1, 1, 0, 861, 906, 0, 0, 0, 0, 0, 1, 0, 2]),
 (12, [1562, 52, 1, 1, 0, 1001, 1526, 0, 1, 1, 2, 0, 2, 1, 0]),
 (16, [650, 115, 1, 0, 1, 1527, 956, 1, 1, 1, 1, 1, 1, 2, 0]),
 (12, [1535, 115, 1, 1, 0, 1276, 1536, 1, 0, 0, 0, 1, 2, 0, 1]),
 (12, [1086, 89, 1, 1, 0, 1692, 1841, 1, 0, 0, 0, 0, 0, 2, 0]),
 (12, [1393, 66, 0, 1, 1, 912, 1355, 1, 1, 1, 1, 1, 1, 0, 2]),
 (12, [1286, 104, 1, 0, 0, 1674, 1845, 1, 0, 0, 1, 0, 1, 0, 1]),
 (12, [1286, 104, 1, 0, 0, 1674, 1845, 1, 0, 0, 1, 0, 1, 0, 1]),
 (16, [643, 28, 1, 1, 0, 861, 906, 0, 0, 0, 0, 0, 1, 0, 2]),
 (16, [734, 105, 0, 1, 1, 1886, 1384, 1, 1, 2, 0, 0, 2, 2, 1]),
 (12, [1286, 104, 1, 0, 0, 1674, 1845, 1, 0, 0, 1, 0, 1, 0, 1]),
 (12, [1393, 66, 0, 1, 1, 912, 1355, 1, 1, 1, 1, 1, 1, 0, 2]),
 (16, [780, 86, 0, 1, 0, 979, 1934, 0, 0, 2, 0, 1, 2, 0, 1])]
population
[(999, [1922, 29, 1, 0, 0, 1862, 1538, 1, 1, 1, 5, 1, 1, 2, 2]),
 (999, [1861, 54, 1, 1, 1, 1658, 1284, 0, 0, 3, 0, 0, 0, 2, 2]),
 (999, [1428, 88, 1, 1, 0, 1877, 1482, 0, 0, 3, 5, 0, 0, 1, 0]),
 (999, [1373, 62, 0, 0, 1, 896, 1428, 1, 0, 2, 5, 1, 2, 0, 0]),
 (999, [1331, 72, 0, 1, 1, 1919, 1163, 0, 0, 3, 3, 0, 1, 1, 0]),
 (999, [1168, 57, 1, 1, 1, 1944, 2042, 1, 1, 3, 0, 1, 2, 0, 1]),
 (999, [1166, 56, 1, 0, 1, 1332, 920, 1, 1, 3, 5, 1, 0, 2, 1]),
 (999, [949, 45, 1, 1, 1, 687, 1748, 1, 1, 1, 5, 1, 0, 2, 1]),
 (999, [794, 71, 0, 1, 1, 1064, 1441, 1, 0, 3, 4, 1, 0, 2, 0]),
 (999, [663, 78, 0, 1, 1, 1114, 711, 0, 0, 2, 5, 0, 0, 2, 1]),
 (16, [2010, 98, 1, 0, 0, 856, 1848, 0, 0, 2, 1, 1, 2, 2, 0]),
 (16, [1802, 76, 1, 1, 0, 1970, 650, 1, 1, 1, 0, 1, 0, 0, 0]),
 (16, [1774, 96, 1, 1, 1, 1512, 709, 0, 0, 1, 3, 1, 0, 1, 1]),
 (16, [1668, 54, 1, 1, 1, 567, 639, 1, 0, 1, 4, 1, 0, 2, 0]),
 (16, [1666, 72, 0, 1, 0, 1931, 1216, 0, 1, 0, 1, 0, 1, 1, 2]),
 (16, [1553, 86, 1, 0, 0, 1293, 797, 1, 0, 0, 2, 1, 2, 0, 2]),
 (16, [1406, 82, 1, 1, 1, 1822, 1792, 1, 0, 1, 3, 0, 0, 2, 2]),
 (16, [1233, 12, 1, 1, 0, 634, 1648, 1, 0, 1, 1, 1, 2, 0, 0]),
 (16, [1188, 24, 0, 1, 0, 581, 939, 0, 1, 0, 2, 0, 0, 0, 2]),
 (16, [1127, 50, 1, 1, 1, 732, 1260, 1, 0, 2, 1, 0, 0, 2, 1]),
 (16, [941, 33, 1, 0, 0, 545, 1334, 1, 0, 0, 3, 1, 0, 2, 0]),
 (16, [780, 86, 0, 1, 0, 979, 1934, 0, 0, 2, 0, 1, 2, 0, 1]),
 (16, [734, 105, 0, 1, 1, 1886, 1384, 1, 1, 2, 0, 0, 2, 2, 1]),
 (16, [650, 115, 1, 0, 1, 1527, 956, 1, 1, 1, 1, 1, 1, 2, 0]),
 (16, [643, 28, 1, 1, 0, 861, 906, 0, 0, 0, 0, 0, 1, 0, 2]),
 (12, [1607, 11, 1, 1, 1, 1706, 1620, 0, 0, 1, 2, 1, 2, 0, 0]),
 (12, [1562, 52, 1, 1, 0, 1001, 1526, 0, 1, 1, 2, 0, 2, 1, 0]),
 (12, [1535, 115, 1, 1, 0, 1276, 1536, 1, 0, 0, 0, 1, 2, 0, 1]),
 (12, [1393, 66, 0, 1, 1, 912, 1355, 1, 1, 1, 1, 1, 1, 0, 2]),
 (12, [1286, 104, 1, 0, 0, 1674, 1845, 1, 0, 0, 1, 0, 1, 0, 1]),
 (12, [1106, 58, 0, 1, 1, 1853, 762, 0, 0, 2, 1, 1, 2, 2, 0]),
 (12, [1086, 89, 1, 1, 0, 1692, 1841, 1, 0, 0, 0, 0, 0, 2, 0])]
scored
[(12, [1086, 89, 1, 1, 0, 1692, 1841, 1, 0, 0, 0, 0, 0, 2, 0]),
 (12, [1106, 58, 0, 1, 1, 1853, 762, 0, 0, 2, 1, 1, 2, 2, 0]),
 (12, [1286, 104, 1, 0, 0, 1674, 1845, 1, 0, 0, 1, 0, 1, 0, 1]),
 (12, [1393, 66, 0, 1, 1, 912, 1355, 1, 1, 1, 1, 1, 1, 0, 2]),
 (12, [1535, 115, 1, 1, 0, 1276, 1536, 1, 0, 0, 0, 1, 2, 0, 1]),
 (12, [1562, 52, 1, 1, 0, 1001, 1526, 0, 1, 1, 2, 0, 2, 1, 0]),
 (12, [1607, 11, 1, 1, 1, 1706, 1620, 0, 0, 1, 2, 1, 2, 0, 0]),
 (16, [643, 28, 1, 1, 0, 861, 906, 0, 0, 0, 0, 0, 1, 0, 2]),
 (16, [650, 115, 1, 0, 1, 1527, 956, 1, 1, 1, 1, 1, 1, 2, 0]),
 (16, [734, 105, 0, 1, 1, 1886, 1384, 1, 1, 2, 0, 0, 2, 2, 1]),
 (16, [780, 86, 0, 1, 0, 979, 1934, 0, 0, 2, 0, 1, 2, 0, 1]),
 (16, [941, 33, 1, 0, 0, 545, 1334, 1, 0, 0, 3, 1, 0, 2, 0]),
 (16, [1127, 50, 1, 1, 1, 732, 1260, 1, 0, 2, 1, 0, 0, 2, 1]),
 (16, [1188, 24, 0, 1, 0, 581, 939, 0, 1, 0, 2, 0, 0, 0, 2]),
 (16, [1233, 12, 1, 1, 0, 634, 1648, 1, 0, 1, 1, 1, 2, 0, 0]),
 (16, [1406, 82, 1, 1, 1, 1822, 1792, 1, 0, 1, 3, 0, 0, 2, 2]),
 (16, [1553, 86, 1, 0, 0, 1293, 797, 1, 0, 0, 2, 1, 2, 0, 2]),
 (16, [1666, 72, 0, 1, 0, 1931, 1216, 0, 1, 0, 1, 0, 1, 1, 2]),
 (16, [1668, 54, 1, 1, 1, 567, 639, 1, 0, 1, 4, 1, 0, 2, 0]),
 (16, [1774, 96, 1, 1, 1, 1512, 709, 0, 0, 1, 3, 1, 0, 1, 1]),
 (16, [1802, 76, 1, 1, 0, 1970, 650, 1, 1, 1, 0, 1, 0, 0, 0]),
 (16, [2010, 98, 1, 0, 0, 856, 1848, 0, 0, 2, 1, 1, 2, 2, 0]),
 (999, [663, 78, 0, 1, 1, 1114, 711, 0, 0, 2, 5, 0, 0, 2, 1]),
 (999, [794, 71, 0, 1, 1, 1064, 1441, 1, 0, 3, 4, 1, 0, 2, 0]),
 (999, [949, 45, 1, 1, 1, 687, 1748, 1, 1, 1, 5, 1, 0, 2, 1]),
 (999, [1166, 56, 1, 0, 1, 1332, 920, 1, 1, 3, 5, 1, 0, 2, 1]),
 (999, [1168, 57, 1, 1, 1, 1944, 2042, 1, 1, 3, 0, 1, 2, 0, 1]),
 (999, [1331, 72, 0, 1, 1, 1919, 1163, 0, 0, 3, 3, 0, 1, 1, 0]),
 (999, [1373, 62, 0, 0, 1, 896, 1428, 1, 0, 2, 5, 1, 2, 0, 0]),
 (999, [1428, 88, 1, 1, 0, 1877, 1482, 0, 0, 3, 5, 0, 0, 1, 0]),
 (999, [1861, 54, 1, 1, 1, 1658, 1284, 0, 0, 3, 0, 0, 0, 2, 2]),
 (999, [1922, 29, 1, 0, 0, 1862, 1538, 1, 1, 1, 5, 1, 1, 2, 2])]
Selected
[(16, [643, 28, 1, 1, 0, 861, 906, 0, 0, 0, 0, 0, 1, 0, 2]),
 (12, [1562, 52, 1, 1, 0, 1001, 1526, 0, 1, 1, 2, 0, 2, 1, 0]),
 (12, [1106, 58, 0, 1, 1, 1853, 762, 0, 0, 2, 1, 1, 2, 2, 0]),
 (12, [1607, 11, 1, 1, 1, 1706, 1620, 0, 0, 1, 2, 1, 2, 0, 0]),
 (16, [734, 105, 0, 1, 1, 1886, 1384, 1, 1, 2, 0, 0, 2, 2, 1]),
 (12, [1286, 104, 1, 0, 0, 1674, 1845, 1, 0, 0, 1, 0, 1, 0, 1]),
 (12, [1106, 58, 0, 1, 1, 1853, 762, 0, 0, 2, 1, 1, 2, 2, 0]),
 (12, [1086, 89, 1, 1, 0, 1692, 1841, 1, 0, 0, 0, 0, 0, 2, 0]),
 (12, [1562, 52, 1, 1, 0, 1001, 1526, 0, 1, 1, 2, 0, 2, 1, 0]),
 (12, [1086, 89, 1, 1, 0, 1692, 1841, 1, 0, 0, 0, 0, 0, 2, 0]),
 (12, [1106, 58, 0, 1, 1, 1853, 762, 0, 0, 2, 1, 1, 2, 2, 0]),
 (12, [1086, 89, 1, 1, 0, 1692, 1841, 1, 0, 0, 0, 0, 0, 2, 0]),
 (16, [941, 33, 1, 0, 0, 545, 1334, 1, 0, 0, 3, 1, 0, 2, 0]),
 (12, [1393, 66, 0, 1, 1, 912, 1355, 1, 1, 1, 1, 1, 1, 0, 2]),
 (12, [1086, 89, 1, 1, 0, 1692, 1841, 1, 0, 0, 0, 0, 0, 2, 0]),
 (12, [1086, 89, 1, 1, 0, 1692, 1841, 1, 0, 0, 0, 0, 0, 2, 0]),
 (12, [1607, 11, 1, 1, 1, 1706, 1620, 0, 0, 1, 2, 1, 2, 0, 0]),
 (16, [780, 86, 0, 1, 0, 979, 1934, 0, 0, 2, 0, 1, 2, 0, 1]),
 (12, [1607, 11, 1, 1, 1, 1706, 1620, 0, 0, 1, 2, 1, 2, 0, 0]),
 (16, [1666, 72, 0, 1, 0, 1931, 1216, 0, 1, 0, 1, 0, 1, 1, 2]),
 (12, [1106, 58, 0, 1, 1, 1853, 762, 0, 0, 2, 1, 1, 2, 2, 0]),
 (12, [1607, 11, 1, 1, 1, 1706, 1620, 0, 0, 1, 2, 1, 2, 0, 0]),
 (12, [1562, 52, 1, 1, 0, 1001, 1526, 0, 1, 1, 2, 0, 2, 1, 0]),
 (16, [780, 86, 0, 1, 0, 979, 1934, 0, 0, 2, 0, 1, 2, 0, 1]),
 (16, [1127, 50, 1, 1, 1, 732, 1260, 1, 0, 2, 1, 0, 0, 2, 1]),
 (16, [2010, 98, 1, 0, 0, 856, 1848, 0, 0, 2, 1, 1, 2, 2, 0]),
 (16, [650, 115, 1, 0, 1, 1527, 956, 1, 1, 1, 1, 1, 1, 2, 0])]
population
[(999, [1922, 29, 1, 0, 0, 1862, 1538, 1, 1, 1, 5, 1, 1, 2, 2]),
 (999, [1861, 54, 1, 1, 1, 1658, 1284, 0, 0, 3, 0, 0, 0, 2, 2]),
 (999, [1428, 88, 1, 1, 0, 1877, 1482, 0, 0, 3, 5, 0, 0, 1, 0]),
 (999, [1373, 62, 0, 0, 1, 896, 1428, 1, 0, 2, 5, 1, 2, 0, 0]),
 (999, [1331, 72, 0, 1, 1, 1919, 1163, 0, 0, 3, 3, 0, 1, 1, 0]),
 (999, [1168, 57, 1, 1, 1, 1944, 2042, 1, 1, 3, 0, 1, 2, 0, 1]),
 (999, [1166, 56, 1, 0, 1, 1332, 920, 1, 1, 3, 5, 1, 0, 2, 1]),
 (999, [949, 45, 1, 1, 1, 687, 1748, 1, 1, 1, 5, 1, 0, 2, 1]),
 (999, [794, 71, 0, 1, 1, 1064, 1441, 1, 0, 3, 4, 1, 0, 2, 0]),
 (999, [663, 78, 0, 1, 1, 1114, 711, 0, 0, 2, 5, 0, 0, 2, 1]),
 (16, [2010, 98, 1, 0, 0, 856, 1848, 0, 0, 2, 1, 1, 2, 2, 0]),
 (16, [1802, 76, 1, 1, 0, 1970, 650, 1, 1, 1, 0, 1, 0, 0, 0]),
 (16, [1774, 96, 1, 1, 1, 1512, 709, 0, 0, 1, 3, 1, 0, 1, 1]),
 (16, [1668, 54, 1, 1, 1, 567, 639, 1, 0, 1, 4, 1, 0, 2, 0]),
 (16, [1666, 72, 0, 1, 0, 1931, 1216, 0, 1, 0, 1, 0, 1, 1, 2]),
 (16, [1553, 86, 1, 0, 0, 1293, 797, 1, 0, 0, 2, 1, 2, 0, 2]),
 (16, [1406, 82, 1, 1, 1, 1822, 1792, 1, 0, 1, 3, 0, 0, 2, 2]),
 (16, [1233, 12, 1, 1, 0, 634, 1648, 1, 0, 1, 1, 1, 2, 0, 0]),
 (16, [1188, 24, 0, 1, 0, 581, 939, 0, 1, 0, 2, 0, 0, 0, 2]),
 (16, [1127, 50, 1, 1, 1, 732, 1260, 1, 0, 2, 1, 0, 0, 2, 1]),
 (16, [941, 33, 1, 0, 0, 545, 1334, 1, 0, 0, 3, 1, 0, 2, 0]),
 (16, [780, 86, 0, 1, 0, 979, 1934, 0, 0, 2, 0, 1, 2, 0, 1]),
 (16, [734, 105, 0, 1, 1, 1886, 1384, 1, 1, 2, 0, 0, 2, 2, 1]),
 (16, [650, 115, 1, 0, 1, 1527, 956, 1, 1, 1, 1, 1, 1, 2, 0]),
 (16, [643, 28, 1, 1, 0, 861, 906, 0, 0, 0, 0, 0, 1, 0, 2]),
 (12, [1607, 11, 1, 1, 1, 1706, 1620, 0, 0, 1, 2, 1, 2, 0, 0]),
 (12, [1562, 52, 1, 1, 0, 1001, 1526, 0, 1, 1, 2, 0, 2, 1, 0]),
 (12, [1535, 115, 1, 1, 0, 1276, 1536, 1, 0, 0, 0, 1, 2, 0, 1]),
 (12, [1393, 66, 0, 1, 1, 912, 1355, 1, 1, 1, 1, 1, 1, 0, 2]),
 (12, [1286, 104, 1, 0, 0, 1674, 1845, 1, 0, 0, 1, 0, 1, 0, 1]),
 (12, [1106, 58, 0, 1, 1, 1853, 762, 0, 0, 2, 1, 1, 2, 2, 0]),
 (12, [1086, 89, 1, 1, 0, 1692, 1841, 1, 0, 0, 0, 0, 0, 2, 0])]
scored
[(12, [1086, 89, 1, 1, 0, 1692, 1841, 1, 0, 0, 0, 0, 0, 2, 0]),
 (12, [1106, 58, 0, 1, 1, 1853, 762, 0, 0, 2, 1, 1, 2, 2, 0]),
 (12, [1286, 104, 1, 0, 0, 1674, 1845, 1, 0, 0, 1, 0, 1, 0, 1]),
 (12, [1393, 66, 0, 1, 1, 912, 1355, 1, 1, 1, 1, 1, 1, 0, 2]),
 (12, [1535, 115, 1, 1, 0, 1276, 1536, 1, 0, 0, 0, 1, 2, 0, 1]),
 (12, [1562, 52, 1, 1, 0, 1001, 1526, 0, 1, 1, 2, 0, 2, 1, 0]),
 (12, [1607, 11, 1, 1, 1, 1706, 1620, 0, 0, 1, 2, 1, 2, 0, 0]),
 (16, [643, 28, 1, 1, 0, 861, 906, 0, 0, 0, 0, 0, 1, 0, 2]),
 (16, [650, 115, 1, 0, 1, 1527, 956, 1, 1, 1, 1, 1, 1, 2, 0]),
 (16, [734, 105, 0, 1, 1, 1886, 1384, 1, 1, 2, 0, 0, 2, 2, 1]),
 (16, [780, 86, 0, 1, 0, 979, 1934, 0, 0, 2, 0, 1, 2, 0, 1]),
 (16, [941, 33, 1, 0, 0, 545, 1334, 1, 0, 0, 3, 1, 0, 2, 0]),
 (16, [1127, 50, 1, 1, 1, 732, 1260, 1, 0, 2, 1, 0, 0, 2, 1]),
 (16, [1188, 24, 0, 1, 0, 581, 939, 0, 1, 0, 2, 0, 0, 0, 2]),
 (16, [1233, 12, 1, 1, 0, 634, 1648, 1, 0, 1, 1, 1, 2, 0, 0]),
 (16, [1406, 82, 1, 1, 1, 1822, 1792, 1, 0, 1, 3, 0, 0, 2, 2]),
 (16, [1553, 86, 1, 0, 0, 1293, 797, 1, 0, 0, 2, 1, 2, 0, 2]),
 (16, [1666, 72, 0, 1, 0, 1931, 1216, 0, 1, 0, 1, 0, 1, 1, 2]),
 (16, [1668, 54, 1, 1, 1, 567, 639, 1, 0, 1, 4, 1, 0, 2, 0]),
 (16, [1774, 96, 1, 1, 1, 1512, 709, 0, 0, 1, 3, 1, 0, 1, 1]),
 (16, [1802, 76, 1, 1, 0, 1970, 650, 1, 1, 1, 0, 1, 0, 0, 0]),
 (16, [2010, 98, 1, 0, 0, 856, 1848, 0, 0, 2, 1, 1, 2, 2, 0]),
 (999, [663, 78, 0, 1, 1, 1114, 711, 0, 0, 2, 5, 0, 0, 2, 1]),
 (999, [794, 71, 0, 1, 1, 1064, 1441, 1, 0, 3, 4, 1, 0, 2, 0]),
 (999, [949, 45, 1, 1, 1, 687, 1748, 1, 1, 1, 5, 1, 0, 2, 1]),
 (999, [1166, 56, 1, 0, 1, 1332, 920, 1, 1, 3, 5, 1, 0, 2, 1]),
 (999, [1168, 57, 1, 1, 1, 1944, 2042, 1, 1, 3, 0, 1, 2, 0, 1]),
 (999, [1331, 72, 0, 1, 1, 1919, 1163, 0, 0, 3, 3, 0, 1, 1, 0]),
 (999, [1373, 62, 0, 0, 1, 896, 1428, 1, 0, 2, 5, 1, 2, 0, 0]),
 (999, [1428, 88, 1, 1, 0, 1877, 1482, 0, 0, 3, 5, 0, 0, 1, 0]),
 (999, [1861, 54, 1, 1, 1, 1658, 1284, 0, 0, 3, 0, 0, 0, 2, 2]),
 (999, [1922, 29, 1, 0, 0, 1862, 1538, 1, 1, 1, 5, 1, 1, 2, 2])]
Selected
[(12, [1607, 11, 1, 1, 1, 1706, 1620, 0, 0, 1, 2, 1, 2, 0, 0]),
 (12, [1086, 89, 1, 1, 0, 1692, 1841, 1, 0, 0, 0, 0, 0, 2, 0]),
 (12, [1535, 115, 1, 1, 0, 1276, 1536, 1, 0, 0, 0, 1, 2, 0, 1]),
 (16, [734, 105, 0, 1, 1, 1886, 1384, 1, 1, 2, 0, 0, 2, 2, 1]),
 (12, [1607, 11, 1, 1, 1, 1706, 1620, 0, 0, 1, 2, 1, 2, 0, 0]),
 (12, [1106, 58, 0, 1, 1, 1853, 762, 0, 0, 2, 1, 1, 2, 2, 0]),
 (12, [1286, 104, 1, 0, 0, 1674, 1845, 1, 0, 0, 1, 0, 1, 0, 1]),
 (12, [1393, 66, 0, 1, 1, 912, 1355, 1, 1, 1, 1, 1, 1, 0, 2]),
 (12, [1086, 89, 1, 1, 0, 1692, 1841, 1, 0, 0, 0, 0, 0, 2, 0]),
 (12, [1086, 89, 1, 1, 0, 1692, 1841, 1, 0, 0, 0, 0, 0, 2, 0]),
 (12, [1286, 104, 1, 0, 0, 1674, 1845, 1, 0, 0, 1, 0, 1, 0, 1]),
 (12, [1607, 11, 1, 1, 1, 1706, 1620, 0, 0, 1, 2, 1, 2, 0, 0]),
 (12, [1106, 58, 0, 1, 1, 1853, 762, 0, 0, 2, 1, 1, 2, 2, 0]),
 (12, [1393, 66, 0, 1, 1, 912, 1355, 1, 1, 1, 1, 1, 1, 0, 2]),
 (12, [1286, 104, 1, 0, 0, 1674, 1845, 1, 0, 0, 1, 0, 1, 0, 1]),
 (12, [1393, 66, 0, 1, 1, 912, 1355, 1, 1, 1, 1, 1, 1, 0, 2]),
 (12, [1535, 115, 1, 1, 0, 1276, 1536, 1, 0, 0, 0, 1, 2, 0, 1]),
 (12, [1393, 66, 0, 1, 1, 912, 1355, 1, 1, 1, 1, 1, 1, 0, 2]),
 (12, [1106, 58, 0, 1, 1, 1853, 762, 0, 0, 2, 1, 1, 2, 2, 0]),
 (16, [643, 28, 1, 1, 0, 861, 906, 0, 0, 0, 0, 0, 1, 0, 2]),
 (12, [1535, 115, 1, 1, 0, 1276, 1536, 1, 0, 0, 0, 1, 2, 0, 1]),
 (12, [1286, 104, 1, 0, 0, 1674, 1845, 1, 0, 0, 1, 0, 1, 0, 1]),
 (16, [1553, 86, 1, 0, 0, 1293, 797, 1, 0, 0, 2, 1, 2, 0, 2]),
 (12, [1086, 89, 1, 1, 0, 1692, 1841, 1, 0, 0, 0, 0, 0, 2, 0]),
 (12, [1286, 104, 1, 0, 0, 1674, 1845, 1, 0, 0, 1, 0, 1, 0, 1]),
 (16, [643, 28, 1, 1, 0, 861, 906, 0, 0, 0, 0, 0, 1, 0, 2]),
 (12, [1393, 66, 0, 1, 1, 912, 1355, 1, 1, 1, 1, 1, 1, 0, 2])]
population
[(999, [1922, 29, 1, 0, 0, 1862, 1538, 1, 1, 1, 5, 1, 1, 2, 2]),
 (999, [1861, 54, 1, 1, 1, 1658, 1284, 0, 0, 3, 0, 0, 0, 2, 2]),
 (999, [1428, 88, 1, 1, 0, 1877, 1482, 0, 0, 3, 5, 0, 0, 1, 0]),
 (999, [1373, 62, 0, 0, 1, 896, 1428, 1, 0, 2, 5, 1, 2, 0, 0]),
 (999, [1331, 72, 0, 1, 1, 1919, 1163, 0, 0, 3, 3, 0, 1, 1, 0]),
 (999, [1168, 57, 1, 1, 1, 1944, 2042, 1, 1, 3, 0, 1, 2, 0, 1]),
 (999, [1166, 56, 1, 0, 1, 1332, 920, 1, 1, 3, 5, 1, 0, 2, 1]),
 (999, [949, 45, 1, 1, 1, 687, 1748, 1, 1, 1, 5, 1, 0, 2, 1]),
 (999, [794, 71, 0, 1, 1, 1064, 1441, 1, 0, 3, 4, 1, 0, 2, 0]),
 (999, [663, 78, 0, 1, 1, 1114, 711, 0, 0, 2, 5, 0, 0, 2, 1]),
 (16, [2010, 98, 1, 0, 0, 856, 1848, 0, 0, 2, 1, 1, 2, 2, 0]),
 (16, [1802, 76, 1, 1, 0, 1970, 650, 1, 1, 1, 0, 1, 0, 0, 0]),
 (16, [1774, 96, 1, 1, 1, 1512, 709, 0, 0, 1, 3, 1, 0, 1, 1]),
 (16, [1668, 54, 1, 1, 1, 567, 639, 1, 0, 1, 4, 1, 0, 2, 0]),
 (16, [1666, 72, 0, 1, 0, 1931, 1216, 0, 1, 0, 1, 0, 1, 1, 2]),
 (16, [1553, 86, 1, 0, 0, 1293, 797, 1, 0, 0, 2, 1, 2, 0, 2]),
 (16, [1406, 82, 1, 1, 1, 1822, 1792, 1, 0, 1, 3, 0, 0, 2, 2]),
 (16, [1233, 12, 1, 1, 0, 634, 1648, 1, 0, 1, 1, 1, 2, 0, 0]),
 (16, [1188, 24, 0, 1, 0, 581, 939, 0, 1, 0, 2, 0, 0, 0, 2]),
 (16, [1127, 50, 1, 1, 1, 732, 1260, 1, 0, 2, 1, 0, 0, 2, 1]),
 (16, [941, 33, 1, 0, 0, 545, 1334, 1, 0, 0, 3, 1, 0, 2, 0]),
 (16, [780, 86, 0, 1, 0, 979, 1934, 0, 0, 2, 0, 1, 2, 0, 1]),
 (16, [734, 105, 0, 1, 1, 1886, 1384, 1, 1, 2, 0, 0, 2, 2, 1]),
 (16, [650, 115, 1, 0, 1, 1527, 956, 1, 1, 1, 1, 1, 1, 2, 0]),
 (16, [643, 28, 1, 1, 0, 861, 906, 0, 0, 0, 0, 0, 1, 0, 2]),
 (12, [1607, 11, 1, 1, 1, 1706, 1620, 0, 0, 1, 2, 1, 2, 0, 0]),
 (12, [1562, 52, 1, 1, 0, 1001, 1526, 0, 1, 1, 2, 0, 2, 1, 0]),
 (12, [1535, 115, 1, 1, 0, 1276, 1536, 1, 0, 0, 0, 1, 2, 0, 1]),
 (12, [1393, 66, 0, 1, 1, 912, 1355, 1, 1, 1, 1, 1, 1, 0, 2]),
 (12, [1286, 104, 1, 0, 0, 1674, 1845, 1, 0, 0, 1, 0, 1, 0, 1]),
 (12, [1106, 58, 0, 1, 1, 1853, 762, 0, 0, 2, 1, 1, 2, 2, 0]),
 (12, [1086, 89, 1, 1, 0, 1692, 1841, 1, 0, 0, 0, 0, 0, 2, 0])]
scored
[(12, [1086, 89, 1, 1, 0, 1692, 1841, 1, 0, 0, 0, 0, 0, 2, 0]),
 (12, [1106, 58, 0, 1, 1, 1853, 762, 0, 0, 2, 1, 1, 2, 2, 0]),
 (12, [1286, 104, 1, 0, 0, 1674, 1845, 1, 0, 0, 1, 0, 1, 0, 1]),
 (12, [1393, 66, 0, 1, 1, 912, 1355, 1, 1, 1, 1, 1, 1, 0, 2]),
 (12, [1535, 115, 1, 1, 0, 1276, 1536, 1, 0, 0, 0, 1, 2, 0, 1]),
 (12, [1562, 52, 1, 1, 0, 1001, 1526, 0, 1, 1, 2, 0, 2, 1, 0]),
 (12, [1607, 11, 1, 1, 1, 1706, 1620, 0, 0, 1, 2, 1, 2, 0, 0]),
 (16, [643, 28, 1, 1, 0, 861, 906, 0, 0, 0, 0, 0, 1, 0, 2]),
 (16, [650, 115, 1, 0, 1, 1527, 956, 1, 1, 1, 1, 1, 1, 2, 0]),
 (16, [734, 105, 0, 1, 1, 1886, 1384, 1, 1, 2, 0, 0, 2, 2, 1]),
 (16, [780, 86, 0, 1, 0, 979, 1934, 0, 0, 2, 0, 1, 2, 0, 1]),
 (16, [941, 33, 1, 0, 0, 545, 1334, 1, 0, 0, 3, 1, 0, 2, 0]),
 (16, [1127, 50, 1, 1, 1, 732, 1260, 1, 0, 2, 1, 0, 0, 2, 1]),
 (16, [1188, 24, 0, 1, 0, 581, 939, 0, 1, 0, 2, 0, 0, 0, 2]),
 (16, [1233, 12, 1, 1, 0, 634, 1648, 1, 0, 1, 1, 1, 2, 0, 0]),
 (16, [1406, 82, 1, 1, 1, 1822, 1792, 1, 0, 1, 3, 0, 0, 2, 2]),
 (16, [1553, 86, 1, 0, 0, 1293, 797, 1, 0, 0, 2, 1, 2, 0, 2]),
 (16, [1666, 72, 0, 1, 0, 1931, 1216, 0, 1, 0, 1, 0, 1, 1, 2]),
 (16, [1668, 54, 1, 1, 1, 567, 639, 1, 0, 1, 4, 1, 0, 2, 0]),
 (16, [1774, 96, 1, 1, 1, 1512, 709, 0, 0, 1, 3, 1, 0, 1, 1]),
 (16, [1802, 76, 1, 1, 0, 1970, 650, 1, 1, 1, 0, 1, 0, 0, 0]),
 (16, [2010, 98, 1, 0, 0, 856, 1848, 0, 0, 2, 1, 1, 2, 2, 0]),
 (999, [663, 78, 0, 1, 1, 1114, 711, 0, 0, 2, 5, 0, 0, 2, 1]),
 (999, [794, 71, 0, 1, 1, 1064, 1441, 1, 0, 3, 4, 1, 0, 2, 0]),
 (999, [949, 45, 1, 1, 1, 687, 1748, 1, 1, 1, 5, 1, 0, 2, 1]),
 (999, [1166, 56, 1, 0, 1, 1332, 920, 1, 1, 3, 5, 1, 0, 2, 1]),
 (999, [1168, 57, 1, 1, 1, 1944, 2042, 1, 1, 3, 0, 1, 2, 0, 1]),
 (999, [1331, 72, 0, 1, 1, 1919, 1163, 0, 0, 3, 3, 0, 1, 1, 0]),
 (999, [1373, 62, 0, 0, 1, 896, 1428, 1, 0, 2, 5, 1, 2, 0, 0]),
 (999, [1428, 88, 1, 1, 0, 1877, 1482, 0, 0, 3, 5, 0, 0, 1, 0]),
 (999, [1861, 54, 1, 1, 1, 1658, 1284, 0, 0, 3, 0, 0, 0, 2, 2]),
 (999, [1922, 29, 1, 0, 0, 1862, 1538, 1, 1, 1, 5, 1, 1, 2, 2])]
Selected
[(12, [1607, 11, 1, 1, 1, 1706, 1620, 0, 0, 1, 2, 1, 2, 0, 0]),
 (12, [1086, 89, 1, 1, 0, 1692, 1841, 1, 0, 0, 0, 0, 0, 2, 0]),
 (16, [941, 33, 1, 0, 0, 545, 1334, 1, 0, 0, 3, 1, 0, 2, 0]),
 (12, [1562, 52, 1, 1, 0, 1001, 1526, 0, 1, 1, 2, 0, 2, 1, 0]),
 (12, [1106, 58, 0, 1, 1, 1853, 762, 0, 0, 2, 1, 1, 2, 2, 0]),
 (12, [1562, 52, 1, 1, 0, 1001, 1526, 0, 1, 1, 2, 0, 2, 1, 0]),
 (16, [780, 86, 0, 1, 0, 979, 1934, 0, 0, 2, 0, 1, 2, 0, 1]),
 (12, [1535, 115, 1, 1, 0, 1276, 1536, 1, 0, 0, 0, 1, 2, 0, 1]),
 (12, [1086, 89, 1, 1, 0, 1692, 1841, 1, 0, 0, 0, 0, 0, 2, 0]),
 (12, [1086, 89, 1, 1, 0, 1692, 1841, 1, 0, 0, 0, 0, 0, 2, 0]),
 (16, [1233, 12, 1, 1, 0, 634, 1648, 1, 0, 1, 1, 1, 2, 0, 0]),
 (12, [1086, 89, 1, 1, 0, 1692, 1841, 1, 0, 0, 0, 0, 0, 2, 0]),
 (12, [1106, 58, 0, 1, 1, 1853, 762, 0, 0, 2, 1, 1, 2, 2, 0]),
 (12, [1286, 104, 1, 0, 0, 1674, 1845, 1, 0, 0, 1, 0, 1, 0, 1]),
 (12, [1286, 104, 1, 0, 0, 1674, 1845, 1, 0, 0, 1, 0, 1, 0, 1]),
 (12, [1286, 104, 1, 0, 0, 1674, 1845, 1, 0, 0, 1, 0, 1, 0, 1]),
 (12, [1086, 89, 1, 1, 0, 1692, 1841, 1, 0, 0, 0, 0, 0, 2, 0]),
 (12, [1286, 104, 1, 0, 0, 1674, 1845, 1, 0, 0, 1, 0, 1, 0, 1]),
 (12, [1286, 104, 1, 0, 0, 1674, 1845, 1, 0, 0, 1, 0, 1, 0, 1]),
 (12, [1393, 66, 0, 1, 1, 912, 1355, 1, 1, 1, 1, 1, 1, 0, 2]),
 (12, [1106, 58, 0, 1, 1, 1853, 762, 0, 0, 2, 1, 1, 2, 2, 0]),
 (12, [1286, 104, 1, 0, 0, 1674, 1845, 1, 0, 0, 1, 0, 1, 0, 1]),
 (16, [1406, 82, 1, 1, 1, 1822, 1792, 1, 0, 1, 3, 0, 0, 2, 2]),
 (12, [1535, 115, 1, 1, 0, 1276, 1536, 1, 0, 0, 0, 1, 2, 0, 1]),
 (12, [1286, 104, 1, 0, 0, 1674, 1845, 1, 0, 0, 1, 0, 1, 0, 1]),
 (16, [643, 28, 1, 1, 0, 861, 906, 0, 0, 0, 0, 0, 1, 0, 2]),
 (12, [1607, 11, 1, 1, 1, 1706, 1620, 0, 0, 1, 2, 1, 2, 0, 0])]
population
[(999, [1922, 29, 1, 0, 0, 1862, 1538, 1, 1, 1, 5, 1, 1, 2, 2]),
 (999, [1861, 54, 1, 1, 1, 1658, 1284, 0, 0, 3, 0, 0, 0, 2, 2]),
 (999, [1428, 88, 1, 1, 0, 1877, 1482, 0, 0, 3, 5, 0, 0, 1, 0]),
 (999, [1373, 62, 0, 0, 1, 896, 1428, 1, 0, 2, 5, 1, 2, 0, 0]),
 (999, [1331, 72, 0, 1, 1, 1919, 1163, 0, 0, 3, 3, 0, 1, 1, 0]),
 (999, [1168, 57, 1, 1, 1, 1944, 2042, 1, 1, 3, 0, 1, 2, 0, 1]),
 (999, [1166, 56, 1, 0, 1, 1332, 920, 1, 1, 3, 5, 1, 0, 2, 1]),
 (999, [949, 45, 1, 1, 1, 687, 1748, 1, 1, 1, 5, 1, 0, 2, 1]),
 (999, [794, 71, 0, 1, 1, 1064, 1441, 1, 0, 3, 4, 1, 0, 2, 0]),
 (999, [663, 78, 0, 1, 1, 1114, 711, 0, 0, 2, 5, 0, 0, 2, 1]),
 (16, [2010, 98, 1, 0, 0, 856, 1848, 0, 0, 2, 1, 1, 2, 2, 0]),
 (16, [1802, 76, 1, 1, 0, 1970, 650, 1, 1, 1, 0, 1, 0, 0, 0]),
 (16, [1774, 96, 1, 1, 1, 1512, 709, 0, 0, 1, 3, 1, 0, 1, 1]),
 (16, [1668, 54, 1, 1, 1, 567, 639, 1, 0, 1, 4, 1, 0, 2, 0]),
 (16, [1666, 72, 0, 1, 0, 1931, 1216, 0, 1, 0, 1, 0, 1, 1, 2]),
 (16, [1553, 86, 1, 0, 0, 1293, 797, 1, 0, 0, 2, 1, 2, 0, 2]),
 (16, [1406, 82, 1, 1, 1, 1822, 1792, 1, 0, 1, 3, 0, 0, 2, 2]),
 (16, [1233, 12, 1, 1, 0, 634, 1648, 1, 0, 1, 1, 1, 2, 0, 0]),
 (16, [1188, 24, 0, 1, 0, 581, 939, 0, 1, 0, 2, 0, 0, 0, 2]),
 (16, [1127, 50, 1, 1, 1, 732, 1260, 1, 0, 2, 1, 0, 0, 2, 1]),
 (16, [941, 33, 1, 0, 0, 545, 1334, 1, 0, 0, 3, 1, 0, 2, 0]),
 (16, [780, 86, 0, 1, 0, 979, 1934, 0, 0, 2, 0, 1, 2, 0, 1]),
 (16, [734, 105, 0, 1, 1, 1886, 1384, 1, 1, 2, 0, 0, 2, 2, 1]),
 (16, [650, 115, 1, 0, 1, 1527, 956, 1, 1, 1, 1, 1, 1, 2, 0]),
 (16, [643, 28, 1, 1, 0, 861, 906, 0, 0, 0, 0, 0, 1, 0, 2]),
 (12, [1607, 11, 1, 1, 1, 1706, 1620, 0, 0, 1, 2, 1, 2, 0, 0]),
 (12, [1562, 52, 1, 1, 0, 1001, 1526, 0, 1, 1, 2, 0, 2, 1, 0]),
 (12, [1535, 115, 1, 1, 0, 1276, 1536, 1, 0, 0, 0, 1, 2, 0, 1]),
 (12, [1393, 66, 0, 1, 1, 912, 1355, 1, 1, 1, 1, 1, 1, 0, 2]),
 (12, [1286, 104, 1, 0, 0, 1674, 1845, 1, 0, 0, 1, 0, 1, 0, 1]),
 (12, [1106, 58, 0, 1, 1, 1853, 762, 0, 0, 2, 1, 1, 2, 2, 0]),
 (12, [1086, 89, 1, 1, 0, 1692, 1841, 1, 0, 0, 0, 0, 0, 2, 0])]
scored
[(12, [1086, 89, 1, 1, 0, 1692, 1841, 1, 0, 0, 0, 0, 0, 2, 0]),
 (12, [1106, 58, 0, 1, 1, 1853, 762, 0, 0, 2, 1, 1, 2, 2, 0]),
 (12, [1286, 104, 1, 0, 0, 1674, 1845, 1, 0, 0, 1, 0, 1, 0, 1]),
 (12, [1393, 66, 0, 1, 1, 912, 1355, 1, 1, 1, 1, 1, 1, 0, 2]),
 (12, [1535, 115, 1, 1, 0, 1276, 1536, 1, 0, 0, 0, 1, 2, 0, 1]),
 (12, [1562, 52, 1, 1, 0, 1001, 1526, 0, 1, 1, 2, 0, 2, 1, 0]),
 (12, [1607, 11, 1, 1, 1, 1706, 1620, 0, 0, 1, 2, 1, 2, 0, 0]),
 (16, [643, 28, 1, 1, 0, 861, 906, 0, 0, 0, 0, 0, 1, 0, 2]),
 (16, [650, 115, 1, 0, 1, 1527, 956, 1, 1, 1, 1, 1, 1, 2, 0]),
 (16, [734, 105, 0, 1, 1, 1886, 1384, 1, 1, 2, 0, 0, 2, 2, 1]),
 (16, [780, 86, 0, 1, 0, 979, 1934, 0, 0, 2, 0, 1, 2, 0, 1]),
 (16, [941, 33, 1, 0, 0, 545, 1334, 1, 0, 0, 3, 1, 0, 2, 0]),
 (16, [1127, 50, 1, 1, 1, 732, 1260, 1, 0, 2, 1, 0, 0, 2, 1]),
 (16, [1188, 24, 0, 1, 0, 581, 939, 0, 1, 0, 2, 0, 0, 0, 2]),
 (16, [1233, 12, 1, 1, 0, 634, 1648, 1, 0, 1, 1, 1, 2, 0, 0]),
 (16, [1406, 82, 1, 1, 1, 1822, 1792, 1, 0, 1, 3, 0, 0, 2, 2]),
 (16, [1553, 86, 1, 0, 0, 1293, 797, 1, 0, 0, 2, 1, 2, 0, 2]),
 (16, [1666, 72, 0, 1, 0, 1931, 1216, 0, 1, 0, 1, 0, 1, 1, 2]),
 (16, [1668, 54, 1, 1, 1, 567, 639, 1, 0, 1, 4, 1, 0, 2, 0]),
 (16, [1774, 96, 1, 1, 1, 1512, 709, 0, 0, 1, 3, 1, 0, 1, 1]),
 (16, [1802, 76, 1, 1, 0, 1970, 650, 1, 1, 1, 0, 1, 0, 0, 0]),
 (16, [2010, 98, 1, 0, 0, 856, 1848, 0, 0, 2, 1, 1, 2, 2, 0]),
 (999, [663, 78, 0, 1, 1, 1114, 711, 0, 0, 2, 5, 0, 0, 2, 1]),
 (999, [794, 71, 0, 1, 1, 1064, 1441, 1, 0, 3, 4, 1, 0, 2, 0]),
 (999, [949, 45, 1, 1, 1, 687, 1748, 1, 1, 1, 5, 1, 0, 2, 1]),
 (999, [1166, 56, 1, 0, 1, 1332, 920, 1, 1, 3, 5, 1, 0, 2, 1]),
 (999, [1168, 57, 1, 1, 1, 1944, 2042, 1, 1, 3, 0, 1, 2, 0, 1]),
 (999, [1331, 72, 0, 1, 1, 1919, 1163, 0, 0, 3, 3, 0, 1, 1, 0]),
 (999, [1373, 62, 0, 0, 1, 896, 1428, 1, 0, 2, 5, 1, 2, 0, 0]),
 (999, [1428, 88, 1, 1, 0, 1877, 1482, 0, 0, 3, 5, 0, 0, 1, 0]),
 (999, [1861, 54, 1, 1, 1, 1658, 1284, 0, 0, 3, 0, 0, 0, 2, 2]),
 (999, [1922, 29, 1, 0, 0, 1862, 1538, 1, 1, 1, 5, 1, 1, 2, 2])]
Selected
[(12, [1607, 11, 1, 1, 1, 1706, 1620, 0, 0, 1, 2, 1, 2, 0, 0]),
 (12, [1286, 104, 1, 0, 0, 1674, 1845, 1, 0, 0, 1, 0, 1, 0, 1]),
 (12, [1086, 89, 1, 1, 0, 1692, 1841, 1, 0, 0, 0, 0, 0, 2, 0]),
 (12, [1535, 115, 1, 1, 0, 1276, 1536, 1, 0, 0, 0, 1, 2, 0, 1]),
 (12, [1562, 52, 1, 1, 0, 1001, 1526, 0, 1, 1, 2, 0, 2, 1, 0]),
 (12, [1607, 11, 1, 1, 1, 1706, 1620, 0, 0, 1, 2, 1, 2, 0, 0]),
 (16, [734, 105, 0, 1, 1, 1886, 1384, 1, 1, 2, 0, 0, 2, 2, 1]),
 (16, [650, 115, 1, 0, 1, 1527, 956, 1, 1, 1, 1, 1, 1, 2, 0]),
 (12, [1535, 115, 1, 1, 0, 1276, 1536, 1, 0, 0, 0, 1, 2, 0, 1]),
 (16, [650, 115, 1, 0, 1, 1527, 956, 1, 1, 1, 1, 1, 1, 2, 0]),
 (12, [1562, 52, 1, 1, 0, 1001, 1526, 0, 1, 1, 2, 0, 2, 1, 0]),
 (12, [1562, 52, 1, 1, 0, 1001, 1526, 0, 1, 1, 2, 0, 2, 1, 0]),
 (12, [1106, 58, 0, 1, 1, 1853, 762, 0, 0, 2, 1, 1, 2, 2, 0]),
 (16, [734, 105, 0, 1, 1, 1886, 1384, 1, 1, 2, 0, 0, 2, 2, 1]),
 (12, [1086, 89, 1, 1, 0, 1692, 1841, 1, 0, 0, 0, 0, 0, 2, 0]),
 (12, [1393, 66, 0, 1, 1, 912, 1355, 1, 1, 1, 1, 1, 1, 0, 2]),
 (12, [1086, 89, 1, 1, 0, 1692, 1841, 1, 0, 0, 0, 0, 0, 2, 0]),
 (12, [1286, 104, 1, 0, 0, 1674, 1845, 1, 0, 0, 1, 0, 1, 0, 1]),
 (12, [1086, 89, 1, 1, 0, 1692, 1841, 1, 0, 0, 0, 0, 0, 2, 0]),
 (16, [734, 105, 0, 1, 1, 1886, 1384, 1, 1, 2, 0, 0, 2, 2, 1]),
 (12, [1535, 115, 1, 1, 0, 1276, 1536, 1, 0, 0, 0, 1, 2, 0, 1]),
 (16, [1666, 72, 0, 1, 0, 1931, 1216, 0, 1, 0, 1, 0, 1, 1, 2]),
 (12, [1562, 52, 1, 1, 0, 1001, 1526, 0, 1, 1, 2, 0, 2, 1, 0]),
 (12, [1106, 58, 0, 1, 1, 1853, 762, 0, 0, 2, 1, 1, 2, 2, 0]),
 (12, [1286, 104, 1, 0, 0, 1674, 1845, 1, 0, 0, 1, 0, 1, 0, 1]),
 (12, [1535, 115, 1, 1, 0, 1276, 1536, 1, 0, 0, 0, 1, 2, 0, 1]),
 (16, [1406, 82, 1, 1, 1, 1822, 1792, 1, 0, 1, 3, 0, 0, 2, 2])]
population
[(999, [1922, 29, 1, 0, 0, 1862, 1538, 1, 1, 1, 5, 1, 1, 2, 2]),
 (999, [1861, 54, 1, 1, 1, 1658, 1284, 0, 0, 3, 0, 0, 0, 2, 2]),
 (999, [1428, 88, 1, 1, 0, 1877, 1482, 0, 0, 3, 5, 0, 0, 1, 0]),
 (999, [1373, 62, 0, 0, 1, 896, 1428, 1, 0, 2, 5, 1, 2, 0, 0]),
 (999, [1331, 72, 0, 1, 1, 1919, 1163, 0, 0, 3, 3, 0, 1, 1, 0]),
 (999, [1168, 57, 1, 1, 1, 1944, 2042, 1, 1, 3, 0, 1, 2, 0, 1]),
 (999, [1166, 56, 1, 0, 1, 1332, 920, 1, 1, 3, 5, 1, 0, 2, 1]),
 (999, [949, 45, 1, 1, 1, 687, 1748, 1, 1, 1, 5, 1, 0, 2, 1]),
 (999, [794, 71, 0, 1, 1, 1064, 1441, 1, 0, 3, 4, 1, 0, 2, 0]),
 (999, [663, 78, 0, 1, 1, 1114, 711, 0, 0, 2, 5, 0, 0, 2, 1]),
 (16, [2010, 98, 1, 0, 0, 856, 1848, 0, 0, 2, 1, 1, 2, 2, 0]),
 (16, [1802, 76, 1, 1, 0, 1970, 650, 1, 1, 1, 0, 1, 0, 0, 0]),
 (16, [1774, 96, 1, 1, 1, 1512, 709, 0, 0, 1, 3, 1, 0, 1, 1]),
 (16, [1668, 54, 1, 1, 1, 567, 639, 1, 0, 1, 4, 1, 0, 2, 0]),
 (16, [1666, 72, 0, 1, 0, 1931, 1216, 0, 1, 0, 1, 0, 1, 1, 2]),
 (16, [1553, 86, 1, 0, 0, 1293, 797, 1, 0, 0, 2, 1, 2, 0, 2]),
 (16, [1406, 82, 1, 1, 1, 1822, 1792, 1, 0, 1, 3, 0, 0, 2, 2]),
 (16, [1233, 12, 1, 1, 0, 634, 1648, 1, 0, 1, 1, 1, 2, 0, 0]),
 (16, [1188, 24, 0, 1, 0, 581, 939, 0, 1, 0, 2, 0, 0, 0, 2]),
 (16, [1127, 50, 1, 1, 1, 732, 1260, 1, 0, 2, 1, 0, 0, 2, 1]),
 (16, [941, 33, 1, 0, 0, 545, 1334, 1, 0, 0, 3, 1, 0, 2, 0]),
 (16, [780, 86, 0, 1, 0, 979, 1934, 0, 0, 2, 0, 1, 2, 0, 1]),
 (16, [734, 105, 0, 1, 1, 1886, 1384, 1, 1, 2, 0, 0, 2, 2, 1]),
 (16, [650, 115, 1, 0, 1, 1527, 956, 1, 1, 1, 1, 1, 1, 2, 0]),
 (16, [643, 28, 1, 1, 0, 861, 906, 0, 0, 0, 0, 0, 1, 0, 2]),
 (12, [1607, 11, 1, 1, 1, 1706, 1620, 0, 0, 1, 2, 1, 2, 0, 0]),
 (12, [1562, 52, 1, 1, 0, 1001, 1526, 0, 1, 1, 2, 0, 2, 1, 0]),
 (12, [1535, 115, 1, 1, 0, 1276, 1536, 1, 0, 0, 0, 1, 2, 0, 1]),
 (12, [1393, 66, 0, 1, 1, 912, 1355, 1, 1, 1, 1, 1, 1, 0, 2]),
 (12, [1286, 104, 1, 0, 0, 1674, 1845, 1, 0, 0, 1, 0, 1, 0, 1]),
 (12, [1106, 58, 0, 1, 1, 1853, 762, 0, 0, 2, 1, 1, 2, 2, 0]),
 (12, [1086, 89, 1, 1, 0, 1692, 1841, 1, 0, 0, 0, 0, 0, 2, 0])]
scored
[(12, [1086, 89, 1, 1, 0, 1692, 1841, 1, 0, 0, 0, 0, 0, 2, 0]),
 (12, [1106, 58, 0, 1, 1, 1853, 762, 0, 0, 2, 1, 1, 2, 2, 0]),
 (12, [1286, 104, 1, 0, 0, 1674, 1845, 1, 0, 0, 1, 0, 1, 0, 1]),
 (12, [1393, 66, 0, 1, 1, 912, 1355, 1, 1, 1, 1, 1, 1, 0, 2]),
 (12, [1535, 115, 1, 1, 0, 1276, 1536, 1, 0, 0, 0, 1, 2, 0, 1]),
 (12, [1562, 52, 1, 1, 0, 1001, 1526, 0, 1, 1, 2, 0, 2, 1, 0]),
 (12, [1607, 11, 1, 1, 1, 1706, 1620, 0, 0, 1, 2, 1, 2, 0, 0]),
 (16, [643, 28, 1, 1, 0, 861, 906, 0, 0, 0, 0, 0, 1, 0, 2]),
 (16, [650, 115, 1, 0, 1, 1527, 956, 1, 1, 1, 1, 1, 1, 2, 0]),
 (16, [734, 105, 0, 1, 1, 1886, 1384, 1, 1, 2, 0, 0, 2, 2, 1]),
 (16, [780, 86, 0, 1, 0, 979, 1934, 0, 0, 2, 0, 1, 2, 0, 1]),
 (16, [941, 33, 1, 0, 0, 545, 1334, 1, 0, 0, 3, 1, 0, 2, 0]),
 (16, [1127, 50, 1, 1, 1, 732, 1260, 1, 0, 2, 1, 0, 0, 2, 1]),
 (16, [1188, 24, 0, 1, 0, 581, 939, 0, 1, 0, 2, 0, 0, 0, 2]),
 (16, [1233, 12, 1, 1, 0, 634, 1648, 1, 0, 1, 1, 1, 2, 0, 0]),
 (16, [1406, 82, 1, 1, 1, 1822, 1792, 1, 0, 1, 3, 0, 0, 2, 2]),
 (16, [1553, 86, 1, 0, 0, 1293, 797, 1, 0, 0, 2, 1, 2, 0, 2]),
 (16, [1666, 72, 0, 1, 0, 1931, 1216, 0, 1, 0, 1, 0, 1, 1, 2]),
 (16, [1668, 54, 1, 1, 1, 567, 639, 1, 0, 1, 4, 1, 0, 2, 0]),
 (16, [1774, 96, 1, 1, 1, 1512, 709, 0, 0, 1, 3, 1, 0, 1, 1]),
 (16, [1802, 76, 1, 1, 0, 1970, 650, 1, 1, 1, 0, 1, 0, 0, 0]),
 (16, [2010, 98, 1, 0, 0, 856, 1848, 0, 0, 2, 1, 1, 2, 2, 0]),
 (999, [663, 78, 0, 1, 1, 1114, 711, 0, 0, 2, 5, 0, 0, 2, 1]),
 (999, [794, 71, 0, 1, 1, 1064, 1441, 1, 0, 3, 4, 1, 0, 2, 0]),
 (999, [949, 45, 1, 1, 1, 687, 1748, 1, 1, 1, 5, 1, 0, 2, 1]),
 (999, [1166, 56, 1, 0, 1, 1332, 920, 1, 1, 3, 5, 1, 0, 2, 1]),
 (999, [1168, 57, 1, 1, 1, 1944, 2042, 1, 1, 3, 0, 1, 2, 0, 1]),
 (999, [1331, 72, 0, 1, 1, 1919, 1163, 0, 0, 3, 3, 0, 1, 1, 0]),
 (999, [1373, 62, 0, 0, 1, 896, 1428, 1, 0, 2, 5, 1, 2, 0, 0]),
 (999, [1428, 88, 1, 1, 0, 1877, 1482, 0, 0, 3, 5, 0, 0, 1, 0]),
 (999, [1861, 54, 1, 1, 1, 1658, 1284, 0, 0, 3, 0, 0, 0, 2, 2]),
 (999, [1922, 29, 1, 0, 0, 1862, 1538, 1, 1, 1, 5, 1, 1, 2, 2])]
Selected
[(12, [1286, 104, 1, 0, 0, 1674, 1845, 1, 0, 0, 1, 0, 1, 0, 1]),
 (16, [1553, 86, 1, 0, 0, 1293, 797, 1, 0, 0, 2, 1, 2, 0, 2]),
 (12, [1607, 11, 1, 1, 1, 1706, 1620, 0, 0, 1, 2, 1, 2, 0, 0]),
 (12, [1562, 52, 1, 1, 0, 1001, 1526, 0, 1, 1, 2, 0, 2, 1, 0]),
 (12, [1286, 104, 1, 0, 0, 1674, 1845, 1, 0, 0, 1, 0, 1, 0, 1]),
 (12, [1562, 52, 1, 1, 0, 1001, 1526, 0, 1, 1, 2, 0, 2, 1, 0]),
 (12, [1393, 66, 0, 1, 1, 912, 1355, 1, 1, 1, 1, 1, 1, 0, 2]),
 (12, [1607, 11, 1, 1, 1, 1706, 1620, 0, 0, 1, 2, 1, 2, 0, 0]),
 (16, [643, 28, 1, 1, 0, 861, 906, 0, 0, 0, 0, 0, 1, 0, 2]),
 (12, [1562, 52, 1, 1, 0, 1001, 1526, 0, 1, 1, 2, 0, 2, 1, 0]),
 (16, [1553, 86, 1, 0, 0, 1293, 797, 1, 0, 0, 2, 1, 2, 0, 2]),
 (12, [1535, 115, 1, 1, 0, 1276, 1536, 1, 0, 0, 0, 1, 2, 0, 1]),
 (12, [1535, 115, 1, 1, 0, 1276, 1536, 1, 0, 0, 0, 1, 2, 0, 1]),
 (12, [1286, 104, 1, 0, 0, 1674, 1845, 1, 0, 0, 1, 0, 1, 0, 1]),
 (12, [1393, 66, 0, 1, 1, 912, 1355, 1, 1, 1, 1, 1, 1, 0, 2]),
 (16, [650, 115, 1, 0, 1, 1527, 956, 1, 1, 1, 1, 1, 1, 2, 0]),
 (12, [1535, 115, 1, 1, 0, 1276, 1536, 1, 0, 0, 0, 1, 2, 0, 1]),
 (12, [1106, 58, 0, 1, 1, 1853, 762, 0, 0, 2, 1, 1, 2, 2, 0]),
 (12, [1535, 115, 1, 1, 0, 1276, 1536, 1, 0, 0, 0, 1, 2, 0, 1]),
 (16, [1188, 24, 0, 1, 0, 581, 939, 0, 1, 0, 2, 0, 0, 0, 2]),
 (12, [1562, 52, 1, 1, 0, 1001, 1526, 0, 1, 1, 2, 0, 2, 1, 0]),
 (12, [1286, 104, 1, 0, 0, 1674, 1845, 1, 0, 0, 1, 0, 1, 0, 1]),
 (12, [1086, 89, 1, 1, 0, 1692, 1841, 1, 0, 0, 0, 0, 0, 2, 0]),
 (12, [1535, 115, 1, 1, 0, 1276, 1536, 1, 0, 0, 0, 1, 2, 0, 1]),
 (12, [1535, 115, 1, 1, 0, 1276, 1536, 1, 0, 0, 0, 1, 2, 0, 1]),
 (12, [1086, 89, 1, 1, 0, 1692, 1841, 1, 0, 0, 0, 0, 0, 2, 0]),
 (16, [643, 28, 1, 1, 0, 861, 906, 0, 0, 0, 0, 0, 1, 0, 2])]
population
[(999, [1922, 29, 1, 0, 0, 1862, 1538, 1, 1, 1, 5, 1, 1, 2, 2]),
 (999, [1861, 54, 1, 1, 1, 1658, 1284, 0, 0, 3, 0, 0, 0, 2, 2]),
 (999, [1428, 88, 1, 1, 0, 1877, 1482, 0, 0, 3, 5, 0, 0, 1, 0]),
 (999, [1373, 62, 0, 0, 1, 896, 1428, 1, 0, 2, 5, 1, 2, 0, 0]),
 (999, [1331, 72, 0, 1, 1, 1919, 1163, 0, 0, 3, 3, 0, 1, 1, 0]),
 (999, [1168, 57, 1, 1, 1, 1944, 2042, 1, 1, 3, 0, 1, 2, 0, 1]),
 (999, [1166, 56, 1, 0, 1, 1332, 920, 1, 1, 3, 5, 1, 0, 2, 1]),
 (999, [949, 45, 1, 1, 1, 687, 1748, 1, 1, 1, 5, 1, 0, 2, 1]),
 (999, [794, 71, 0, 1, 1, 1064, 1441, 1, 0, 3, 4, 1, 0, 2, 0]),
 (999, [663, 78, 0, 1, 1, 1114, 711, 0, 0, 2, 5, 0, 0, 2, 1]),
 (16, [2010, 98, 1, 0, 0, 856, 1848, 0, 0, 2, 1, 1, 2, 2, 0]),
 (16, [1802, 76, 1, 1, 0, 1970, 650, 1, 1, 1, 0, 1, 0, 0, 0]),
 (16, [1774, 96, 1, 1, 1, 1512, 709, 0, 0, 1, 3, 1, 0, 1, 1]),
 (16, [1668, 54, 1, 1, 1, 567, 639, 1, 0, 1, 4, 1, 0, 2, 0]),
 (16, [1666, 72, 0, 1, 0, 1931, 1216, 0, 1, 0, 1, 0, 1, 1, 2]),
 (16, [1553, 86, 1, 0, 0, 1293, 797, 1, 0, 0, 2, 1, 2, 0, 2]),
 (16, [1406, 82, 1, 1, 1, 1822, 1792, 1, 0, 1, 3, 0, 0, 2, 2]),
 (16, [1233, 12, 1, 1, 0, 634, 1648, 1, 0, 1, 1, 1, 2, 0, 0]),
 (16, [1188, 24, 0, 1, 0, 581, 939, 0, 1, 0, 2, 0, 0, 0, 2]),
 (16, [1127, 50, 1, 1, 1, 732, 1260, 1, 0, 2, 1, 0, 0, 2, 1]),
 (16, [941, 33, 1, 0, 0, 545, 1334, 1, 0, 0, 3, 1, 0, 2, 0]),
 (16, [780, 86, 0, 1, 0, 979, 1934, 0, 0, 2, 0, 1, 2, 0, 1]),
 (16, [734, 105, 0, 1, 1, 1886, 1384, 1, 1, 2, 0, 0, 2, 2, 1]),
 (16, [650, 115, 1, 0, 1, 1527, 956, 1, 1, 1, 1, 1, 1, 2, 0]),
 (16, [643, 28, 1, 1, 0, 861, 906, 0, 0, 0, 0, 0, 1, 0, 2]),
 (12, [1607, 11, 1, 1, 1, 1706, 1620, 0, 0, 1, 2, 1, 2, 0, 0]),
 (12, [1562, 52, 1, 1, 0, 1001, 1526, 0, 1, 1, 2, 0, 2, 1, 0]),
 (12, [1535, 115, 1, 1, 0, 1276, 1536, 1, 0, 0, 0, 1, 2, 0, 1]),
 (12, [1393, 66, 0, 1, 1, 912, 1355, 1, 1, 1, 1, 1, 1, 0, 2]),
 (12, [1286, 104, 1, 0, 0, 1674, 1845, 1, 0, 0, 1, 0, 1, 0, 1]),
 (12, [1106, 58, 0, 1, 1, 1853, 762, 0, 0, 2, 1, 1, 2, 2, 0]),
 (12, [1086, 89, 1, 1, 0, 1692, 1841, 1, 0, 0, 0, 0, 0, 2, 0])]
scored
[(12, [1086, 89, 1, 1, 0, 1692, 1841, 1, 0, 0, 0, 0, 0, 2, 0]),
 (12, [1106, 58, 0, 1, 1, 1853, 762, 0, 0, 2, 1, 1, 2, 2, 0]),
 (12, [1286, 104, 1, 0, 0, 1674, 1845, 1, 0, 0, 1, 0, 1, 0, 1]),
 (12, [1393, 66, 0, 1, 1, 912, 1355, 1, 1, 1, 1, 1, 1, 0, 2]),
 (12, [1535, 115, 1, 1, 0, 1276, 1536, 1, 0, 0, 0, 1, 2, 0, 1]),
 (12, [1562, 52, 1, 1, 0, 1001, 1526, 0, 1, 1, 2, 0, 2, 1, 0]),
 (12, [1607, 11, 1, 1, 1, 1706, 1620, 0, 0, 1, 2, 1, 2, 0, 0]),
 (16, [643, 28, 1, 1, 0, 861, 906, 0, 0, 0, 0, 0, 1, 0, 2]),
 (16, [650, 115, 1, 0, 1, 1527, 956, 1, 1, 1, 1, 1, 1, 2, 0]),
 (16, [734, 105, 0, 1, 1, 1886, 1384, 1, 1, 2, 0, 0, 2, 2, 1]),
 (16, [780, 86, 0, 1, 0, 979, 1934, 0, 0, 2, 0, 1, 2, 0, 1]),
 (16, [941, 33, 1, 0, 0, 545, 1334, 1, 0, 0, 3, 1, 0, 2, 0]),
 (16, [1127, 50, 1, 1, 1, 732, 1260, 1, 0, 2, 1, 0, 0, 2, 1]),
 (16, [1188, 24, 0, 1, 0, 581, 939, 0, 1, 0, 2, 0, 0, 0, 2]),
 (16, [1233, 12, 1, 1, 0, 634, 1648, 1, 0, 1, 1, 1, 2, 0, 0]),
 (16, [1406, 82, 1, 1, 1, 1822, 1792, 1, 0, 1, 3, 0, 0, 2, 2]),
 (16, [1553, 86, 1, 0, 0, 1293, 797, 1, 0, 0, 2, 1, 2, 0, 2]),
 (16, [1666, 72, 0, 1, 0, 1931, 1216, 0, 1, 0, 1, 0, 1, 1, 2]),
 (16, [1668, 54, 1, 1, 1, 567, 639, 1, 0, 1, 4, 1, 0, 2, 0]),
 (16, [1774, 96, 1, 1, 1, 1512, 709, 0, 0, 1, 3, 1, 0, 1, 1]),
 (16, [1802, 76, 1, 1, 0, 1970, 650, 1, 1, 1, 0, 1, 0, 0, 0]),
 (16, [2010, 98, 1, 0, 0, 856, 1848, 0, 0, 2, 1, 1, 2, 2, 0]),
 (999, [663, 78, 0, 1, 1, 1114, 711, 0, 0, 2, 5, 0, 0, 2, 1]),
 (999, [794, 71, 0, 1, 1, 1064, 1441, 1, 0, 3, 4, 1, 0, 2, 0]),
 (999, [949, 45, 1, 1, 1, 687, 1748, 1, 1, 1, 5, 1, 0, 2, 1]),
 (999, [1166, 56, 1, 0, 1, 1332, 920, 1, 1, 3, 5, 1, 0, 2, 1]),
 (999, [1168, 57, 1, 1, 1, 1944, 2042, 1, 1, 3, 0, 1, 2, 0, 1]),
 (999, [1331, 72, 0, 1, 1, 1919, 1163, 0, 0, 3, 3, 0, 1, 1, 0]),
 (999, [1373, 62, 0, 0, 1, 896, 1428, 1, 0, 2, 5, 1, 2, 0, 0]),
 (999, [1428, 88, 1, 1, 0, 1877, 1482, 0, 0, 3, 5, 0, 0, 1, 0]),
 (999, [1861, 54, 1, 1, 1, 1658, 1284, 0, 0, 3, 0, 0, 0, 2, 2]),
 (999, [1922, 29, 1, 0, 0, 1862, 1538, 1, 1, 1, 5, 1, 1, 2, 2])]
Selected
[(12, [1393, 66, 0, 1, 1, 912, 1355, 1, 1, 1, 1, 1, 1, 0, 2]),
 (16, [643, 28, 1, 1, 0, 861, 906, 0, 0, 0, 0, 0, 1, 0, 2]),
 (16, [734, 105, 0, 1, 1, 1886, 1384, 1, 1, 2, 0, 0, 2, 2, 1]),
 (12, [1086, 89, 1, 1, 0, 1692, 1841, 1, 0, 0, 0, 0, 0, 2, 0]),
 (12, [1562, 52, 1, 1, 0, 1001, 1526, 0, 1, 1, 2, 0, 2, 1, 0]),
 (16, [780, 86, 0, 1, 0, 979, 1934, 0, 0, 2, 0, 1, 2, 0, 1]),
 (12, [1086, 89, 1, 1, 0, 1692, 1841, 1, 0, 0, 0, 0, 0, 2, 0]),
 (16, [643, 28, 1, 1, 0, 861, 906, 0, 0, 0, 0, 0, 1, 0, 2]),
 (12, [1086, 89, 1, 1, 0, 1692, 1841, 1, 0, 0, 0, 0, 0, 2, 0]),
 (16, [780, 86, 0, 1, 0, 979, 1934, 0, 0, 2, 0, 1, 2, 0, 1]),
 (12, [1535, 115, 1, 1, 0, 1276, 1536, 1, 0, 0, 0, 1, 2, 0, 1]),
 (12, [1086, 89, 1, 1, 0, 1692, 1841, 1, 0, 0, 0, 0, 0, 2, 0]),
 (12, [1607, 11, 1, 1, 1, 1706, 1620, 0, 0, 1, 2, 1, 2, 0, 0]),
 (12, [1106, 58, 0, 1, 1, 1853, 762, 0, 0, 2, 1, 1, 2, 2, 0]),
 (12, [1106, 58, 0, 1, 1, 1853, 762, 0, 0, 2, 1, 1, 2, 2, 0]),
 (16, [650, 115, 1, 0, 1, 1527, 956, 1, 1, 1, 1, 1, 1, 2, 0]),
 (12, [1562, 52, 1, 1, 0, 1001, 1526, 0, 1, 1, 2, 0, 2, 1, 0]),
 (12, [1086, 89, 1, 1, 0, 1692, 1841, 1, 0, 0, 0, 0, 0, 2, 0]),
 (12, [1286, 104, 1, 0, 0, 1674, 1845, 1, 0, 0, 1, 0, 1, 0, 1]),
 (12, [1393, 66, 0, 1, 1, 912, 1355, 1, 1, 1, 1, 1, 1, 0, 2]),
 (12, [1286, 104, 1, 0, 0, 1674, 1845, 1, 0, 0, 1, 0, 1, 0, 1]),
 (12, [1086, 89, 1, 1, 0, 1692, 1841, 1, 0, 0, 0, 0, 0, 2, 0]),
 (12, [1106, 58, 0, 1, 1, 1853, 762, 0, 0, 2, 1, 1, 2, 2, 0]),
 (16, [643, 28, 1, 1, 0, 861, 906, 0, 0, 0, 0, 0, 1, 0, 2]),
 (16, [1553, 86, 1, 0, 0, 1293, 797, 1, 0, 0, 2, 1, 2, 0, 2]),
 (16, [780, 86, 0, 1, 0, 979, 1934, 0, 0, 2, 0, 1, 2, 0, 1]),
 (12, [1106, 58, 0, 1, 1, 1853, 762, 0, 0, 2, 1, 1, 2, 2, 0])]
population
[(999, [1922, 29, 1, 0, 0, 1862, 1538, 1, 1, 1, 5, 1, 1, 2, 2]),
 (999, [1861, 54, 1, 1, 1, 1658, 1284, 0, 0, 3, 0, 0, 0, 2, 2]),
 (999, [1428, 88, 1, 1, 0, 1877, 1482, 0, 0, 3, 5, 0, 0, 1, 0]),
 (999, [1373, 62, 0, 0, 1, 896, 1428, 1, 0, 2, 5, 1, 2, 0, 0]),
 (999, [1331, 72, 0, 1, 1, 1919, 1163, 0, 0, 3, 3, 0, 1, 1, 0]),
 (999, [1168, 57, 1, 1, 1, 1944, 2042, 1, 1, 3, 0, 1, 2, 0, 1]),
 (999, [1166, 56, 1, 0, 1, 1332, 920, 1, 1, 3, 5, 1, 0, 2, 1]),
 (999, [949, 45, 1, 1, 1, 687, 1748, 1, 1, 1, 5, 1, 0, 2, 1]),
 (999, [794, 71, 0, 1, 1, 1064, 1441, 1, 0, 3, 4, 1, 0, 2, 0]),
 (999, [663, 78, 0, 1, 1, 1114, 711, 0, 0, 2, 5, 0, 0, 2, 1]),
 (16, [2010, 98, 1, 0, 0, 856, 1848, 0, 0, 2, 1, 1, 2, 2, 0]),
 (16, [1802, 76, 1, 1, 0, 1970, 650, 1, 1, 1, 0, 1, 0, 0, 0]),
 (16, [1774, 96, 1, 1, 1, 1512, 709, 0, 0, 1, 3, 1, 0, 1, 1]),
 (16, [1668, 54, 1, 1, 1, 567, 639, 1, 0, 1, 4, 1, 0, 2, 0]),
 (16, [1666, 72, 0, 1, 0, 1931, 1216, 0, 1, 0, 1, 0, 1, 1, 2]),
 (16, [1553, 86, 1, 0, 0, 1293, 797, 1, 0, 0, 2, 1, 2, 0, 2]),
 (16, [1406, 82, 1, 1, 1, 1822, 1792, 1, 0, 1, 3, 0, 0, 2, 2]),
 (16, [1233, 12, 1, 1, 0, 634, 1648, 1, 0, 1, 1, 1, 2, 0, 0]),
 (16, [1188, 24, 0, 1, 0, 581, 939, 0, 1, 0, 2, 0, 0, 0, 2]),
 (16, [1127, 50, 1, 1, 1, 732, 1260, 1, 0, 2, 1, 0, 0, 2, 1]),
 (16, [941, 33, 1, 0, 0, 545, 1334, 1, 0, 0, 3, 1, 0, 2, 0]),
 (16, [780, 86, 0, 1, 0, 979, 1934, 0, 0, 2, 0, 1, 2, 0, 1]),
 (16, [734, 105, 0, 1, 1, 1886, 1384, 1, 1, 2, 0, 0, 2, 2, 1]),
 (16, [650, 115, 1, 0, 1, 1527, 956, 1, 1, 1, 1, 1, 1, 2, 0]),
 (16, [643, 28, 1, 1, 0, 861, 906, 0, 0, 0, 0, 0, 1, 0, 2]),
 (12, [1607, 11, 1, 1, 1, 1706, 1620, 0, 0, 1, 2, 1, 2, 0, 0]),
 (12, [1562, 52, 1, 1, 0, 1001, 1526, 0, 1, 1, 2, 0, 2, 1, 0]),
 (12, [1535, 115, 1, 1, 0, 1276, 1536, 1, 0, 0, 0, 1, 2, 0, 1]),
 (12, [1393, 66, 0, 1, 1, 912, 1355, 1, 1, 1, 1, 1, 1, 0, 2]),
 (12, [1286, 104, 1, 0, 0, 1674, 1845, 1, 0, 0, 1, 0, 1, 0, 1]),
 (12, [1106, 58, 0, 1, 1, 1853, 762, 0, 0, 2, 1, 1, 2, 2, 0]),
 (12, [1086, 89, 1, 1, 0, 1692, 1841, 1, 0, 0, 0, 0, 0, 2, 0])]
scored
[(12, [1086, 89, 1, 1, 0, 1692, 1841, 1, 0, 0, 0, 0, 0, 2, 0]),
 (12, [1106, 58, 0, 1, 1, 1853, 762, 0, 0, 2, 1, 1, 2, 2, 0]),
 (12, [1286, 104, 1, 0, 0, 1674, 1845, 1, 0, 0, 1, 0, 1, 0, 1]),
 (12, [1393, 66, 0, 1, 1, 912, 1355, 1, 1, 1, 1, 1, 1, 0, 2]),
 (12, [1535, 115, 1, 1, 0, 1276, 1536, 1, 0, 0, 0, 1, 2, 0, 1]),
 (12, [1562, 52, 1, 1, 0, 1001, 1526, 0, 1, 1, 2, 0, 2, 1, 0]),
 (12, [1607, 11, 1, 1, 1, 1706, 1620, 0, 0, 1, 2, 1, 2, 0, 0]),
 (16, [643, 28, 1, 1, 0, 861, 906, 0, 0, 0, 0, 0, 1, 0, 2]),
 (16, [650, 115, 1, 0, 1, 1527, 956, 1, 1, 1, 1, 1, 1, 2, 0]),
 (16, [734, 105, 0, 1, 1, 1886, 1384, 1, 1, 2, 0, 0, 2, 2, 1]),
 (16, [780, 86, 0, 1, 0, 979, 1934, 0, 0, 2, 0, 1, 2, 0, 1]),
 (16, [941, 33, 1, 0, 0, 545, 1334, 1, 0, 0, 3, 1, 0, 2, 0]),
 (16, [1127, 50, 1, 1, 1, 732, 1260, 1, 0, 2, 1, 0, 0, 2, 1]),
 (16, [1188, 24, 0, 1, 0, 581, 939, 0, 1, 0, 2, 0, 0, 0, 2]),
 (16, [1233, 12, 1, 1, 0, 634, 1648, 1, 0, 1, 1, 1, 2, 0, 0]),
 (16, [1406, 82, 1, 1, 1, 1822, 1792, 1, 0, 1, 3, 0, 0, 2, 2]),
 (16, [1553, 86, 1, 0, 0, 1293, 797, 1, 0, 0, 2, 1, 2, 0, 2]),
 (16, [1666, 72, 0, 1, 0, 1931, 1216, 0, 1, 0, 1, 0, 1, 1, 2]),
 (16, [1668, 54, 1, 1, 1, 567, 639, 1, 0, 1, 4, 1, 0, 2, 0]),
 (16, [1774, 96, 1, 1, 1, 1512, 709, 0, 0, 1, 3, 1, 0, 1, 1]),
 (16, [1802, 76, 1, 1, 0, 1970, 650, 1, 1, 1, 0, 1, 0, 0, 0]),
 (16, [2010, 98, 1, 0, 0, 856, 1848, 0, 0, 2, 1, 1, 2, 2, 0]),
 (999, [663, 78, 0, 1, 1, 1114, 711, 0, 0, 2, 5, 0, 0, 2, 1]),
 (999, [794, 71, 0, 1, 1, 1064, 1441, 1, 0, 3, 4, 1, 0, 2, 0]),
 (999, [949, 45, 1, 1, 1, 687, 1748, 1, 1, 1, 5, 1, 0, 2, 1]),
 (999, [1166, 56, 1, 0, 1, 1332, 920, 1, 1, 3, 5, 1, 0, 2, 1]),
 (999, [1168, 57, 1, 1, 1, 1944, 2042, 1, 1, 3, 0, 1, 2, 0, 1]),
 (999, [1331, 72, 0, 1, 1, 1919, 1163, 0, 0, 3, 3, 0, 1, 1, 0]),
 (999, [1373, 62, 0, 0, 1, 896, 1428, 1, 0, 2, 5, 1, 2, 0, 0]),
 (999, [1428, 88, 1, 1, 0, 1877, 1482, 0, 0, 3, 5, 0, 0, 1, 0]),
 (999, [1861, 54, 1, 1, 1, 1658, 1284, 0, 0, 3, 0, 0, 0, 2, 2]),
 (999, [1922, 29, 1, 0, 0, 1862, 1538, 1, 1, 1, 5, 1, 1, 2, 2])]
Selected
[(16, [734, 105, 0, 1, 1, 1886, 1384, 1, 1, 2, 0, 0, 2, 2, 1]),
 (16, [1127, 50, 1, 1, 1, 732, 1260, 1, 0, 2, 1, 0, 0, 2, 1]),
 (12, [1286, 104, 1, 0, 0, 1674, 1845, 1, 0, 0, 1, 0, 1, 0, 1]),
 (16, [734, 105, 0, 1, 1, 1886, 1384, 1, 1, 2, 0, 0, 2, 2, 1]),
 (16, [1233, 12, 1, 1, 0, 634, 1648, 1, 0, 1, 1, 1, 2, 0, 0]),
 (16, [650, 115, 1, 0, 1, 1527, 956, 1, 1, 1, 1, 1, 1, 2, 0]),
 (12, [1286, 104, 1, 0, 0, 1674, 1845, 1, 0, 0, 1, 0, 1, 0, 1]),
 (999, [663, 78, 0, 1, 1, 1114, 711, 0, 0, 2, 5, 0, 0, 2, 1]),
 (12, [1607, 11, 1, 1, 1, 1706, 1620, 0, 0, 1, 2, 1, 2, 0, 0]),
 (12, [1607, 11, 1, 1, 1, 1706, 1620, 0, 0, 1, 2, 1, 2, 0, 0]),
 (12, [1562, 52, 1, 1, 0, 1001, 1526, 0, 1, 1, 2, 0, 2, 1, 0]),
 (12, [1562, 52, 1, 1, 0, 1001, 1526, 0, 1, 1, 2, 0, 2, 1, 0]),
 (12, [1086, 89, 1, 1, 0, 1692, 1841, 1, 0, 0, 0, 0, 0, 2, 0]),
 (16, [650, 115, 1, 0, 1, 1527, 956, 1, 1, 1, 1, 1, 1, 2, 0]),
 (16, [643, 28, 1, 1, 0, 861, 906, 0, 0, 0, 0, 0, 1, 0, 2]),
 (12, [1393, 66, 0, 1, 1, 912, 1355, 1, 1, 1, 1, 1, 1, 0, 2]),
 (12, [1106, 58, 0, 1, 1, 1853, 762, 0, 0, 2, 1, 1, 2, 2, 0]),
 (12, [1535, 115, 1, 1, 0, 1276, 1536, 1, 0, 0, 0, 1, 2, 0, 1]),
 (12, [1286, 104, 1, 0, 0, 1674, 1845, 1, 0, 0, 1, 0, 1, 0, 1]),
 (16, [1802, 76, 1, 1, 0, 1970, 650, 1, 1, 1, 0, 1, 0, 0, 0]),
 (16, [734, 105, 0, 1, 1, 1886, 1384, 1, 1, 2, 0, 0, 2, 2, 1]),
 (12, [1562, 52, 1, 1, 0, 1001, 1526, 0, 1, 1, 2, 0, 2, 1, 0]),
 (16, [780, 86, 0, 1, 0, 979, 1934, 0, 0, 2, 0, 1, 2, 0, 1]),
 (12, [1286, 104, 1, 0, 0, 1674, 1845, 1, 0, 0, 1, 0, 1, 0, 1]),
 (12, [1286, 104, 1, 0, 0, 1674, 1845, 1, 0, 0, 1, 0, 1, 0, 1]),
 (12, [1286, 104, 1, 0, 0, 1674, 1845, 1, 0, 0, 1, 0, 1, 0, 1]),
 (12, [1286, 104, 1, 0, 0, 1674, 1845, 1, 0, 0, 1, 0, 1, 0, 1])]
population
[(999, [1922, 29, 1, 0, 0, 1862, 1538, 1, 1, 1, 5, 1, 1, 2, 2]),
 (999, [1861, 54, 1, 1, 1, 1658, 1284, 0, 0, 3, 0, 0, 0, 2, 2]),
 (999, [1428, 88, 1, 1, 0, 1877, 1482, 0, 0, 3, 5, 0, 0, 1, 0]),
 (999, [1373, 62, 0, 0, 1, 896, 1428, 1, 0, 2, 5, 1, 2, 0, 0]),
 (999, [1331, 72, 0, 1, 1, 1919, 1163, 0, 0, 3, 3, 0, 1, 1, 0]),
 (999, [1168, 57, 1, 1, 1, 1944, 2042, 1, 1, 3, 0, 1, 2, 0, 1]),
 (999, [1166, 56, 1, 0, 1, 1332, 920, 1, 1, 3, 5, 1, 0, 2, 1]),
 (999, [949, 45, 1, 1, 1, 687, 1748, 1, 1, 1, 5, 1, 0, 2, 1]),
 (999, [794, 71, 0, 1, 1, 1064, 1441, 1, 0, 3, 4, 1, 0, 2, 0]),
 (999, [663, 78, 0, 1, 1, 1114, 711, 0, 0, 2, 5, 0, 0, 2, 1]),
 (16, [2010, 98, 1, 0, 0, 856, 1848, 0, 0, 2, 1, 1, 2, 2, 0]),
 (16, [1802, 76, 1, 1, 0, 1970, 650, 1, 1, 1, 0, 1, 0, 0, 0]),
 (16, [1774, 96, 1, 1, 1, 1512, 709, 0, 0, 1, 3, 1, 0, 1, 1]),
 (16, [1668, 54, 1, 1, 1, 567, 639, 1, 0, 1, 4, 1, 0, 2, 0]),
 (16, [1666, 72, 0, 1, 0, 1931, 1216, 0, 1, 0, 1, 0, 1, 1, 2]),
 (16, [1553, 86, 1, 0, 0, 1293, 797, 1, 0, 0, 2, 1, 2, 0, 2]),
 (16, [1406, 82, 1, 1, 1, 1822, 1792, 1, 0, 1, 3, 0, 0, 2, 2]),
 (16, [1233, 12, 1, 1, 0, 634, 1648, 1, 0, 1, 1, 1, 2, 0, 0]),
 (16, [1188, 24, 0, 1, 0, 581, 939, 0, 1, 0, 2, 0, 0, 0, 2]),
 (16, [1127, 50, 1, 1, 1, 732, 1260, 1, 0, 2, 1, 0, 0, 2, 1]),
 (16, [941, 33, 1, 0, 0, 545, 1334, 1, 0, 0, 3, 1, 0, 2, 0]),
 (16, [780, 86, 0, 1, 0, 979, 1934, 0, 0, 2, 0, 1, 2, 0, 1]),
 (16, [734, 105, 0, 1, 1, 1886, 1384, 1, 1, 2, 0, 0, 2, 2, 1]),
 (16, [650, 115, 1, 0, 1, 1527, 956, 1, 1, 1, 1, 1, 1, 2, 0]),
 (16, [643, 28, 1, 1, 0, 861, 906, 0, 0, 0, 0, 0, 1, 0, 2]),
 (12, [1607, 11, 1, 1, 1, 1706, 1620, 0, 0, 1, 2, 1, 2, 0, 0]),
 (12, [1562, 52, 1, 1, 0, 1001, 1526, 0, 1, 1, 2, 0, 2, 1, 0]),
 (12, [1535, 115, 1, 1, 0, 1276, 1536, 1, 0, 0, 0, 1, 2, 0, 1]),
 (12, [1393, 66, 0, 1, 1, 912, 1355, 1, 1, 1, 1, 1, 1, 0, 2]),
 (12, [1286, 104, 1, 0, 0, 1674, 1845, 1, 0, 0, 1, 0, 1, 0, 1]),
 (12, [1106, 58, 0, 1, 1, 1853, 762, 0, 0, 2, 1, 1, 2, 2, 0]),
 (12, [1086, 89, 1, 1, 0, 1692, 1841, 1, 0, 0, 0, 0, 0, 2, 0])]
scored
[(12, [1086, 89, 1, 1, 0, 1692, 1841, 1, 0, 0, 0, 0, 0, 2, 0]),
 (12, [1106, 58, 0, 1, 1, 1853, 762, 0, 0, 2, 1, 1, 2, 2, 0]),
 (12, [1286, 104, 1, 0, 0, 1674, 1845, 1, 0, 0, 1, 0, 1, 0, 1]),
 (12, [1393, 66, 0, 1, 1, 912, 1355, 1, 1, 1, 1, 1, 1, 0, 2]),
 (12, [1535, 115, 1, 1, 0, 1276, 1536, 1, 0, 0, 0, 1, 2, 0, 1]),
 (12, [1562, 52, 1, 1, 0, 1001, 1526, 0, 1, 1, 2, 0, 2, 1, 0]),
 (12, [1607, 11, 1, 1, 1, 1706, 1620, 0, 0, 1, 2, 1, 2, 0, 0]),
 (16, [643, 28, 1, 1, 0, 861, 906, 0, 0, 0, 0, 0, 1, 0, 2]),
 (16, [650, 115, 1, 0, 1, 1527, 956, 1, 1, 1, 1, 1, 1, 2, 0]),
 (16, [734, 105, 0, 1, 1, 1886, 1384, 1, 1, 2, 0, 0, 2, 2, 1]),
 (16, [780, 86, 0, 1, 0, 979, 1934, 0, 0, 2, 0, 1, 2, 0, 1]),
 (16, [941, 33, 1, 0, 0, 545, 1334, 1, 0, 0, 3, 1, 0, 2, 0]),
 (16, [1127, 50, 1, 1, 1, 732, 1260, 1, 0, 2, 1, 0, 0, 2, 1]),
 (16, [1188, 24, 0, 1, 0, 581, 939, 0, 1, 0, 2, 0, 0, 0, 2]),
 (16, [1233, 12, 1, 1, 0, 634, 1648, 1, 0, 1, 1, 1, 2, 0, 0]),
 (16, [1406, 82, 1, 1, 1, 1822, 1792, 1, 0, 1, 3, 0, 0, 2, 2]),
 (16, [1553, 86, 1, 0, 0, 1293, 797, 1, 0, 0, 2, 1, 2, 0, 2]),
 (16, [1666, 72, 0, 1, 0, 1931, 1216, 0, 1, 0, 1, 0, 1, 1, 2]),
 (16, [1668, 54, 1, 1, 1, 567, 639, 1, 0, 1, 4, 1, 0, 2, 0]),
 (16, [1774, 96, 1, 1, 1, 1512, 709, 0, 0, 1, 3, 1, 0, 1, 1]),
 (16, [1802, 76, 1, 1, 0, 1970, 650, 1, 1, 1, 0, 1, 0, 0, 0]),
 (16, [2010, 98, 1, 0, 0, 856, 1848, 0, 0, 2, 1, 1, 2, 2, 0]),
 (999, [663, 78, 0, 1, 1, 1114, 711, 0, 0, 2, 5, 0, 0, 2, 1]),
 (999, [794, 71, 0, 1, 1, 1064, 1441, 1, 0, 3, 4, 1, 0, 2, 0]),
 (999, [949, 45, 1, 1, 1, 687, 1748, 1, 1, 1, 5, 1, 0, 2, 1]),
 (999, [1166, 56, 1, 0, 1, 1332, 920, 1, 1, 3, 5, 1, 0, 2, 1]),
 (999, [1168, 57, 1, 1, 1, 1944, 2042, 1, 1, 3, 0, 1, 2, 0, 1]),
 (999, [1331, 72, 0, 1, 1, 1919, 1163, 0, 0, 3, 3, 0, 1, 1, 0]),
 (999, [1373, 62, 0, 0, 1, 896, 1428, 1, 0, 2, 5, 1, 2, 0, 0]),
 (999, [1428, 88, 1, 1, 0, 1877, 1482, 0, 0, 3, 5, 0, 0, 1, 0]),
 (999, [1861, 54, 1, 1, 1, 1658, 1284, 0, 0, 3, 0, 0, 0, 2, 2]),
 (999, [1922, 29, 1, 0, 0, 1862, 1538, 1, 1, 1, 5, 1, 1, 2, 2])]
Selected
[(12, [1393, 66, 0, 1, 1, 912, 1355, 1, 1, 1, 1, 1, 1, 0, 2]),
 (12, [1106, 58, 0, 1, 1, 1853, 762, 0, 0, 2, 1, 1, 2, 2, 0]),
 (12, [1535, 115, 1, 1, 0, 1276, 1536, 1, 0, 0, 0, 1, 2, 0, 1]),
 (12, [1607, 11, 1, 1, 1, 1706, 1620, 0, 0, 1, 2, 1, 2, 0, 0]),
 (12, [1562, 52, 1, 1, 0, 1001, 1526, 0, 1, 1, 2, 0, 2, 1, 0]),
 (12, [1106, 58, 0, 1, 1, 1853, 762, 0, 0, 2, 1, 1, 2, 2, 0]),
 (12, [1393, 66, 0, 1, 1, 912, 1355, 1, 1, 1, 1, 1, 1, 0, 2]),
 (12, [1562, 52, 1, 1, 0, 1001, 1526, 0, 1, 1, 2, 0, 2, 1, 0]),
 (12, [1607, 11, 1, 1, 1, 1706, 1620, 0, 0, 1, 2, 1, 2, 0, 0]),
 (12, [1393, 66, 0, 1, 1, 912, 1355, 1, 1, 1, 1, 1, 1, 0, 2]),
 (12, [1106, 58, 0, 1, 1, 1853, 762, 0, 0, 2, 1, 1, 2, 2, 0]),
 (16, [650, 115, 1, 0, 1, 1527, 956, 1, 1, 1, 1, 1, 1, 2, 0]),
 (12, [1286, 104, 1, 0, 0, 1674, 1845, 1, 0, 0, 1, 0, 1, 0, 1]),
 (12, [1393, 66, 0, 1, 1, 912, 1355, 1, 1, 1, 1, 1, 1, 0, 2]),
 (12, [1086, 89, 1, 1, 0, 1692, 1841, 1, 0, 0, 0, 0, 0, 2, 0]),
 (12, [1393, 66, 0, 1, 1, 912, 1355, 1, 1, 1, 1, 1, 1, 0, 2]),
 (12, [1086, 89, 1, 1, 0, 1692, 1841, 1, 0, 0, 0, 0, 0, 2, 0]),
 (12, [1106, 58, 0, 1, 1, 1853, 762, 0, 0, 2, 1, 1, 2, 2, 0]),
 (12, [1562, 52, 1, 1, 0, 1001, 1526, 0, 1, 1, 2, 0, 2, 1, 0]),
 (16, [1127, 50, 1, 1, 1, 732, 1260, 1, 0, 2, 1, 0, 0, 2, 1]),
 (16, [1188, 24, 0, 1, 0, 581, 939, 0, 1, 0, 2, 0, 0, 0, 2]),
 (12, [1106, 58, 0, 1, 1, 1853, 762, 0, 0, 2, 1, 1, 2, 2, 0]),
 (12, [1393, 66, 0, 1, 1, 912, 1355, 1, 1, 1, 1, 1, 1, 0, 2]),
 (12, [1286, 104, 1, 0, 0, 1674, 1845, 1, 0, 0, 1, 0, 1, 0, 1]),
 (12, [1535, 115, 1, 1, 0, 1276, 1536, 1, 0, 0, 0, 1, 2, 0, 1]),
 (12, [1535, 115, 1, 1, 0, 1276, 1536, 1, 0, 0, 0, 1, 2, 0, 1]),
 (12, [1535, 115, 1, 1, 0, 1276, 1536, 1, 0, 0, 0, 1, 2, 0, 1])]
population
[(999, [1922, 29, 1, 0, 0, 1862, 1538, 1, 1, 1, 5, 1, 1, 2, 2]),
 (999, [1861, 54, 1, 1, 1, 1658, 1284, 0, 0, 3, 0, 0, 0, 2, 2]),
 (999, [1428, 88, 1, 1, 0, 1877, 1482, 0, 0, 3, 5, 0, 0, 1, 0]),
 (999, [1373, 62, 0, 0, 1, 896, 1428, 1, 0, 2, 5, 1, 2, 0, 0]),
 (999, [1331, 72, 0, 1, 1, 1919, 1163, 0, 0, 3, 3, 0, 1, 1, 0]),
 (999, [1168, 57, 1, 1, 1, 1944, 2042, 1, 1, 3, 0, 1, 2, 0, 1]),
 (999, [1166, 56, 1, 0, 1, 1332, 920, 1, 1, 3, 5, 1, 0, 2, 1]),
 (999, [949, 45, 1, 1, 1, 687, 1748, 1, 1, 1, 5, 1, 0, 2, 1]),
 (999, [794, 71, 0, 1, 1, 1064, 1441, 1, 0, 3, 4, 1, 0, 2, 0]),
 (999, [663, 78, 0, 1, 1, 1114, 711, 0, 0, 2, 5, 0, 0, 2, 1]),
 (16, [2010, 98, 1, 0, 0, 856, 1848, 0, 0, 2, 1, 1, 2, 2, 0]),
 (16, [1802, 76, 1, 1, 0, 1970, 650, 1, 1, 1, 0, 1, 0, 0, 0]),
 (16, [1774, 96, 1, 1, 1, 1512, 709, 0, 0, 1, 3, 1, 0, 1, 1]),
 (16, [1668, 54, 1, 1, 1, 567, 639, 1, 0, 1, 4, 1, 0, 2, 0]),
 (16, [1666, 72, 0, 1, 0, 1931, 1216, 0, 1, 0, 1, 0, 1, 1, 2]),
 (16, [1553, 86, 1, 0, 0, 1293, 797, 1, 0, 0, 2, 1, 2, 0, 2]),
 (16, [1406, 82, 1, 1, 1, 1822, 1792, 1, 0, 1, 3, 0, 0, 2, 2]),
 (16, [1233, 12, 1, 1, 0, 634, 1648, 1, 0, 1, 1, 1, 2, 0, 0]),
 (16, [1188, 24, 0, 1, 0, 581, 939, 0, 1, 0, 2, 0, 0, 0, 2]),
 (16, [1127, 50, 1, 1, 1, 732, 1260, 1, 0, 2, 1, 0, 0, 2, 1]),
 (16, [941, 33, 1, 0, 0, 545, 1334, 1, 0, 0, 3, 1, 0, 2, 0]),
 (16, [780, 86, 0, 1, 0, 979, 1934, 0, 0, 2, 0, 1, 2, 0, 1]),
 (16, [734, 105, 0, 1, 1, 1886, 1384, 1, 1, 2, 0, 0, 2, 2, 1]),
 (16, [650, 115, 1, 0, 1, 1527, 956, 1, 1, 1, 1, 1, 1, 2, 0]),
 (16, [643, 28, 1, 1, 0, 861, 906, 0, 0, 0, 0, 0, 1, 0, 2]),
 (12, [1607, 11, 1, 1, 1, 1706, 1620, 0, 0, 1, 2, 1, 2, 0, 0]),
 (12, [1562, 52, 1, 1, 0, 1001, 1526, 0, 1, 1, 2, 0, 2, 1, 0]),
 (12, [1535, 115, 1, 1, 0, 1276, 1536, 1, 0, 0, 0, 1, 2, 0, 1]),
 (12, [1393, 66, 0, 1, 1, 912, 1355, 1, 1, 1, 1, 1, 1, 0, 2]),
 (12, [1286, 104, 1, 0, 0, 1674, 1845, 1, 0, 0, 1, 0, 1, 0, 1]),
 (12, [1106, 58, 0, 1, 1, 1853, 762, 0, 0, 2, 1, 1, 2, 2, 0]),
 (12, [1086, 89, 1, 1, 0, 1692, 1841, 1, 0, 0, 0, 0, 0, 2, 0])]
scored
[(12, [1086, 89, 1, 1, 0, 1692, 1841, 1, 0, 0, 0, 0, 0, 2, 0]),
 (12, [1106, 58, 0, 1, 1, 1853, 762, 0, 0, 2, 1, 1, 2, 2, 0]),
 (12, [1286, 104, 1, 0, 0, 1674, 1845, 1, 0, 0, 1, 0, 1, 0, 1]),
 (12, [1393, 66, 0, 1, 1, 912, 1355, 1, 1, 1, 1, 1, 1, 0, 2]),
 (12, [1535, 115, 1, 1, 0, 1276, 1536, 1, 0, 0, 0, 1, 2, 0, 1]),
 (12, [1562, 52, 1, 1, 0, 1001, 1526, 0, 1, 1, 2, 0, 2, 1, 0]),
 (12, [1607, 11, 1, 1, 1, 1706, 1620, 0, 0, 1, 2, 1, 2, 0, 0]),
 (16, [643, 28, 1, 1, 0, 861, 906, 0, 0, 0, 0, 0, 1, 0, 2]),
 (16, [650, 115, 1, 0, 1, 1527, 956, 1, 1, 1, 1, 1, 1, 2, 0]),
 (16, [734, 105, 0, 1, 1, 1886, 1384, 1, 1, 2, 0, 0, 2, 2, 1]),
 (16, [780, 86, 0, 1, 0, 979, 1934, 0, 0, 2, 0, 1, 2, 0, 1]),
 (16, [941, 33, 1, 0, 0, 545, 1334, 1, 0, 0, 3, 1, 0, 2, 0]),
 (16, [1127, 50, 1, 1, 1, 732, 1260, 1, 0, 2, 1, 0, 0, 2, 1]),
 (16, [1188, 24, 0, 1, 0, 581, 939, 0, 1, 0, 2, 0, 0, 0, 2]),
 (16, [1233, 12, 1, 1, 0, 634, 1648, 1, 0, 1, 1, 1, 2, 0, 0]),
 (16, [1406, 82, 1, 1, 1, 1822, 1792, 1, 0, 1, 3, 0, 0, 2, 2]),
 (16, [1553, 86, 1, 0, 0, 1293, 797, 1, 0, 0, 2, 1, 2, 0, 2]),
 (16, [1666, 72, 0, 1, 0, 1931, 1216, 0, 1, 0, 1, 0, 1, 1, 2]),
 (16, [1668, 54, 1, 1, 1, 567, 639, 1, 0, 1, 4, 1, 0, 2, 0]),
 (16, [1774, 96, 1, 1, 1, 1512, 709, 0, 0, 1, 3, 1, 0, 1, 1]),
 (16, [1802, 76, 1, 1, 0, 1970, 650, 1, 1, 1, 0, 1, 0, 0, 0]),
 (16, [2010, 98, 1, 0, 0, 856, 1848, 0, 0, 2, 1, 1, 2, 2, 0]),
 (999, [663, 78, 0, 1, 1, 1114, 711, 0, 0, 2, 5, 0, 0, 2, 1]),
 (999, [794, 71, 0, 1, 1, 1064, 1441, 1, 0, 3, 4, 1, 0, 2, 0]),
 (999, [949, 45, 1, 1, 1, 687, 1748, 1, 1, 1, 5, 1, 0, 2, 1]),
 (999, [1166, 56, 1, 0, 1, 1332, 920, 1, 1, 3, 5, 1, 0, 2, 1]),
 (999, [1168, 57, 1, 1, 1, 1944, 2042, 1, 1, 3, 0, 1, 2, 0, 1]),
 (999, [1331, 72, 0, 1, 1, 1919, 1163, 0, 0, 3, 3, 0, 1, 1, 0]),
 (999, [1373, 62, 0, 0, 1, 896, 1428, 1, 0, 2, 5, 1, 2, 0, 0]),
 (999, [1428, 88, 1, 1, 0, 1877, 1482, 0, 0, 3, 5, 0, 0, 1, 0]),
 (999, [1861, 54, 1, 1, 1, 1658, 1284, 0, 0, 3, 0, 0, 0, 2, 2]),
 (999, [1922, 29, 1, 0, 0, 1862, 1538, 1, 1, 1, 5, 1, 1, 2, 2])]
Selected
[(16, [643, 28, 1, 1, 0, 861, 906, 0, 0, 0, 0, 0, 1, 0, 2]),
 (12, [1286, 104, 1, 0, 0, 1674, 1845, 1, 0, 0, 1, 0, 1, 0, 1]),
 (12, [1086, 89, 1, 1, 0, 1692, 1841, 1, 0, 0, 0, 0, 0, 2, 0]),
 (16, [734, 105, 0, 1, 1, 1886, 1384, 1, 1, 2, 0, 0, 2, 2, 1]),
 (12, [1393, 66, 0, 1, 1, 912, 1355, 1, 1, 1, 1, 1, 1, 0, 2]),
 (12, [1562, 52, 1, 1, 0, 1001, 1526, 0, 1, 1, 2, 0, 2, 1, 0]),
 (12, [1562, 52, 1, 1, 0, 1001, 1526, 0, 1, 1, 2, 0, 2, 1, 0]),
 (12, [1562, 52, 1, 1, 0, 1001, 1526, 0, 1, 1, 2, 0, 2, 1, 0]),
 (12, [1286, 104, 1, 0, 0, 1674, 1845, 1, 0, 0, 1, 0, 1, 0, 1]),
 (16, [643, 28, 1, 1, 0, 861, 906, 0, 0, 0, 0, 0, 1, 0, 2]),
 (16, [643, 28, 1, 1, 0, 861, 906, 0, 0, 0, 0, 0, 1, 0, 2]),
 (16, [941, 33, 1, 0, 0, 545, 1334, 1, 0, 0, 3, 1, 0, 2, 0]),
 (12, [1286, 104, 1, 0, 0, 1674, 1845, 1, 0, 0, 1, 0, 1, 0, 1]),
 (16, [1406, 82, 1, 1, 1, 1822, 1792, 1, 0, 1, 3, 0, 0, 2, 2]),
 (12, [1286, 104, 1, 0, 0, 1674, 1845, 1, 0, 0, 1, 0, 1, 0, 1]),
 (12, [1393, 66, 0, 1, 1, 912, 1355, 1, 1, 1, 1, 1, 1, 0, 2]),
 (12, [1106, 58, 0, 1, 1, 1853, 762, 0, 0, 2, 1, 1, 2, 2, 0]),
 (16, [734, 105, 0, 1, 1, 1886, 1384, 1, 1, 2, 0, 0, 2, 2, 1]),
 (16, [780, 86, 0, 1, 0, 979, 1934, 0, 0, 2, 0, 1, 2, 0, 1]),
 (16, [734, 105, 0, 1, 1, 1886, 1384, 1, 1, 2, 0, 0, 2, 2, 1]),
 (12, [1562, 52, 1, 1, 0, 1001, 1526, 0, 1, 1, 2, 0, 2, 1, 0]),
 (12, [1086, 89, 1, 1, 0, 1692, 1841, 1, 0, 0, 0, 0, 0, 2, 0]),
 (16, [734, 105, 0, 1, 1, 1886, 1384, 1, 1, 2, 0, 0, 2, 2, 1]),
 (12, [1106, 58, 0, 1, 1, 1853, 762, 0, 0, 2, 1, 1, 2, 2, 0]),
 (12, [1607, 11, 1, 1, 1, 1706, 1620, 0, 0, 1, 2, 1, 2, 0, 0]),
 (12, [1106, 58, 0, 1, 1, 1853, 762, 0, 0, 2, 1, 1, 2, 2, 0]),
 (12, [1393, 66, 0, 1, 1, 912, 1355, 1, 1, 1, 1, 1, 1, 0, 2])]
population
[(999, [1922, 29, 1, 0, 0, 1862, 1538, 1, 1, 1, 5, 1, 1, 2, 2]),
 (999, [1861, 54, 1, 1, 1, 1658, 1284, 0, 0, 3, 0, 0, 0, 2, 2]),
 (999, [1428, 88, 1, 1, 0, 1877, 1482, 0, 0, 3, 5, 0, 0, 1, 0]),
 (999, [1373, 62, 0, 0, 1, 896, 1428, 1, 0, 2, 5, 1, 2, 0, 0]),
 (999, [1331, 72, 0, 1, 1, 1919, 1163, 0, 0, 3, 3, 0, 1, 1, 0]),
 (999, [1168, 57, 1, 1, 1, 1944, 2042, 1, 1, 3, 0, 1, 2, 0, 1]),
 (999, [1166, 56, 1, 0, 1, 1332, 920, 1, 1, 3, 5, 1, 0, 2, 1]),
 (999, [949, 45, 1, 1, 1, 687, 1748, 1, 1, 1, 5, 1, 0, 2, 1]),
 (999, [794, 71, 0, 1, 1, 1064, 1441, 1, 0, 3, 4, 1, 0, 2, 0]),
 (999, [663, 78, 0, 1, 1, 1114, 711, 0, 0, 2, 5, 0, 0, 2, 1]),
 (16, [2010, 98, 1, 0, 0, 856, 1848, 0, 0, 2, 1, 1, 2, 2, 0]),
 (16, [1802, 76, 1, 1, 0, 1970, 650, 1, 1, 1, 0, 1, 0, 0, 0]),
 (16, [1774, 96, 1, 1, 1, 1512, 709, 0, 0, 1, 3, 1, 0, 1, 1]),
 (16, [1668, 54, 1, 1, 1, 567, 639, 1, 0, 1, 4, 1, 0, 2, 0]),
 (16, [1666, 72, 0, 1, 0, 1931, 1216, 0, 1, 0, 1, 0, 1, 1, 2]),
 (16, [1553, 86, 1, 0, 0, 1293, 797, 1, 0, 0, 2, 1, 2, 0, 2]),
 (16, [1406, 82, 1, 1, 1, 1822, 1792, 1, 0, 1, 3, 0, 0, 2, 2]),
 (16, [1233, 12, 1, 1, 0, 634, 1648, 1, 0, 1, 1, 1, 2, 0, 0]),
 (16, [1188, 24, 0, 1, 0, 581, 939, 0, 1, 0, 2, 0, 0, 0, 2]),
 (16, [1127, 50, 1, 1, 1, 732, 1260, 1, 0, 2, 1, 0, 0, 2, 1]),
 (16, [941, 33, 1, 0, 0, 545, 1334, 1, 0, 0, 3, 1, 0, 2, 0]),
 (16, [780, 86, 0, 1, 0, 979, 1934, 0, 0, 2, 0, 1, 2, 0, 1]),
 (16, [734, 105, 0, 1, 1, 1886, 1384, 1, 1, 2, 0, 0, 2, 2, 1]),
 (16, [650, 115, 1, 0, 1, 1527, 956, 1, 1, 1, 1, 1, 1, 2, 0]),
 (16, [643, 28, 1, 1, 0, 861, 906, 0, 0, 0, 0, 0, 1, 0, 2]),
 (12, [1607, 11, 1, 1, 1, 1706, 1620, 0, 0, 1, 2, 1, 2, 0, 0]),
 (12, [1562, 52, 1, 1, 0, 1001, 1526, 0, 1, 1, 2, 0, 2, 1, 0]),
 (12, [1535, 115, 1, 1, 0, 1276, 1536, 1, 0, 0, 0, 1, 2, 0, 1]),
 (12, [1393, 66, 0, 1, 1, 912, 1355, 1, 1, 1, 1, 1, 1, 0, 2]),
 (12, [1286, 104, 1, 0, 0, 1674, 1845, 1, 0, 0, 1, 0, 1, 0, 1]),
 (12, [1106, 58, 0, 1, 1, 1853, 762, 0, 0, 2, 1, 1, 2, 2, 0]),
 (12, [1086, 89, 1, 1, 0, 1692, 1841, 1, 0, 0, 0, 0, 0, 2, 0])]
scored
[(12, [1086, 89, 1, 1, 0, 1692, 1841, 1, 0, 0, 0, 0, 0, 2, 0]),
 (12, [1106, 58, 0, 1, 1, 1853, 762, 0, 0, 2, 1, 1, 2, 2, 0]),
 (12, [1286, 104, 1, 0, 0, 1674, 1845, 1, 0, 0, 1, 0, 1, 0, 1]),
 (12, [1393, 66, 0, 1, 1, 912, 1355, 1, 1, 1, 1, 1, 1, 0, 2]),
 (12, [1535, 115, 1, 1, 0, 1276, 1536, 1, 0, 0, 0, 1, 2, 0, 1]),
 (12, [1562, 52, 1, 1, 0, 1001, 1526, 0, 1, 1, 2, 0, 2, 1, 0]),
 (12, [1607, 11, 1, 1, 1, 1706, 1620, 0, 0, 1, 2, 1, 2, 0, 0]),
 (16, [643, 28, 1, 1, 0, 861, 906, 0, 0, 0, 0, 0, 1, 0, 2]),
 (16, [650, 115, 1, 0, 1, 1527, 956, 1, 1, 1, 1, 1, 1, 2, 0]),
 (16, [734, 105, 0, 1, 1, 1886, 1384, 1, 1, 2, 0, 0, 2, 2, 1]),
 (16, [780, 86, 0, 1, 0, 979, 1934, 0, 0, 2, 0, 1, 2, 0, 1]),
 (16, [941, 33, 1, 0, 0, 545, 1334, 1, 0, 0, 3, 1, 0, 2, 0]),
 (16, [1127, 50, 1, 1, 1, 732, 1260, 1, 0, 2, 1, 0, 0, 2, 1]),
 (16, [1188, 24, 0, 1, 0, 581, 939, 0, 1, 0, 2, 0, 0, 0, 2]),
 (16, [1233, 12, 1, 1, 0, 634, 1648, 1, 0, 1, 1, 1, 2, 0, 0]),
 (16, [1406, 82, 1, 1, 1, 1822, 1792, 1, 0, 1, 3, 0, 0, 2, 2]),
 (16, [1553, 86, 1, 0, 0, 1293, 797, 1, 0, 0, 2, 1, 2, 0, 2]),
 (16, [1666, 72, 0, 1, 0, 1931, 1216, 0, 1, 0, 1, 0, 1, 1, 2]),
 (16, [1668, 54, 1, 1, 1, 567, 639, 1, 0, 1, 4, 1, 0, 2, 0]),
 (16, [1774, 96, 1, 1, 1, 1512, 709, 0, 0, 1, 3, 1, 0, 1, 1]),
 (16, [1802, 76, 1, 1, 0, 1970, 650, 1, 1, 1, 0, 1, 0, 0, 0]),
 (16, [2010, 98, 1, 0, 0, 856, 1848, 0, 0, 2, 1, 1, 2, 2, 0]),
 (999, [663, 78, 0, 1, 1, 1114, 711, 0, 0, 2, 5, 0, 0, 2, 1]),
 (999, [794, 71, 0, 1, 1, 1064, 1441, 1, 0, 3, 4, 1, 0, 2, 0]),
 (999, [949, 45, 1, 1, 1, 687, 1748, 1, 1, 1, 5, 1, 0, 2, 1]),
 (999, [1166, 56, 1, 0, 1, 1332, 920, 1, 1, 3, 5, 1, 0, 2, 1]),
 (999, [1168, 57, 1, 1, 1, 1944, 2042, 1, 1, 3, 0, 1, 2, 0, 1]),
 (999, [1331, 72, 0, 1, 1, 1919, 1163, 0, 0, 3, 3, 0, 1, 1, 0]),
 (999, [1373, 62, 0, 0, 1, 896, 1428, 1, 0, 2, 5, 1, 2, 0, 0]),
 (999, [1428, 88, 1, 1, 0, 1877, 1482, 0, 0, 3, 5, 0, 0, 1, 0]),
 (999, [1861, 54, 1, 1, 1, 1658, 1284, 0, 0, 3, 0, 0, 0, 2, 2]),
 (999, [1922, 29, 1, 0, 0, 1862, 1538, 1, 1, 1, 5, 1, 1, 2, 2])]
Selected
[(16, [650, 115, 1, 0, 1, 1527, 956, 1, 1, 1, 1, 1, 1, 2, 0]),
 (16, [650, 115, 1, 0, 1, 1527, 956, 1, 1, 1, 1, 1, 1, 2, 0]),
 (12, [1086, 89, 1, 1, 0, 1692, 1841, 1, 0, 0, 0, 0, 0, 2, 0]),
 (16, [734, 105, 0, 1, 1, 1886, 1384, 1, 1, 2, 0, 0, 2, 2, 1]),
 (16, [643, 28, 1, 1, 0, 861, 906, 0, 0, 0, 0, 0, 1, 0, 2]),
 (12, [1535, 115, 1, 1, 0, 1276, 1536, 1, 0, 0, 0, 1, 2, 0, 1]),
 (16, [1233, 12, 1, 1, 0, 634, 1648, 1, 0, 1, 1, 1, 2, 0, 0]),
 (12, [1106, 58, 0, 1, 1, 1853, 762, 0, 0, 2, 1, 1, 2, 2, 0]),
 (12, [1106, 58, 0, 1, 1, 1853, 762, 0, 0, 2, 1, 1, 2, 2, 0]),
 (12, [1106, 58, 0, 1, 1, 1853, 762, 0, 0, 2, 1, 1, 2, 2, 0]),
 (12, [1286, 104, 1, 0, 0, 1674, 1845, 1, 0, 0, 1, 0, 1, 0, 1]),
 (12, [1562, 52, 1, 1, 0, 1001, 1526, 0, 1, 1, 2, 0, 2, 1, 0]),
 (12, [1086, 89, 1, 1, 0, 1692, 1841, 1, 0, 0, 0, 0, 0, 2, 0]),
 (12, [1086, 89, 1, 1, 0, 1692, 1841, 1, 0, 0, 0, 0, 0, 2, 0]),
 (12, [1393, 66, 0, 1, 1, 912, 1355, 1, 1, 1, 1, 1, 1, 0, 2]),
 (16, [734, 105, 0, 1, 1, 1886, 1384, 1, 1, 2, 0, 0, 2, 2, 1]),
 (12, [1393, 66, 0, 1, 1, 912, 1355, 1, 1, 1, 1, 1, 1, 0, 2]),
 (12, [1607, 11, 1, 1, 1, 1706, 1620, 0, 0, 1, 2, 1, 2, 0, 0]),
 (12, [1562, 52, 1, 1, 0, 1001, 1526, 0, 1, 1, 2, 0, 2, 1, 0]),
 (16, [734, 105, 0, 1, 1, 1886, 1384, 1, 1, 2, 0, 0, 2, 2, 1]),
 (12, [1607, 11, 1, 1, 1, 1706, 1620, 0, 0, 1, 2, 1, 2, 0, 0]),
 (16, [734, 105, 0, 1, 1, 1886, 1384, 1, 1, 2, 0, 0, 2, 2, 1]),
 (12, [1106, 58, 0, 1, 1, 1853, 762, 0, 0, 2, 1, 1, 2, 2, 0]),
 (12, [1106, 58, 0, 1, 1, 1853, 762, 0, 0, 2, 1, 1, 2, 2, 0]),
 (12, [1286, 104, 1, 0, 0, 1674, 1845, 1, 0, 0, 1, 0, 1, 0, 1]),
 (16, [643, 28, 1, 1, 0, 861, 906, 0, 0, 0, 0, 0, 1, 0, 2]),
 (12, [1562, 52, 1, 1, 0, 1001, 1526, 0, 1, 1, 2, 0, 2, 1, 0])]
population
[(999, [1922, 29, 1, 0, 0, 1862, 1538, 1, 1, 1, 5, 1, 1, 2, 2]),
 (999, [1861, 54, 1, 1, 1, 1658, 1284, 0, 0, 3, 0, 0, 0, 2, 2]),
 (999, [1428, 88, 1, 1, 0, 1877, 1482, 0, 0, 3, 5, 0, 0, 1, 0]),
 (999, [1373, 62, 0, 0, 1, 896, 1428, 1, 0, 2, 5, 1, 2, 0, 0]),
 (999, [1331, 72, 0, 1, 1, 1919, 1163, 0, 0, 3, 3, 0, 1, 1, 0]),
 (999, [1168, 57, 1, 1, 1, 1944, 2042, 1, 1, 3, 0, 1, 2, 0, 1]),
 (999, [1166, 56, 1, 0, 1, 1332, 920, 1, 1, 3, 5, 1, 0, 2, 1]),
 (999, [949, 45, 1, 1, 1, 687, 1748, 1, 1, 1, 5, 1, 0, 2, 1]),
 (999, [794, 71, 0, 1, 1, 1064, 1441, 1, 0, 3, 4, 1, 0, 2, 0]),
 (999, [663, 78, 0, 1, 1, 1114, 711, 0, 0, 2, 5, 0, 0, 2, 1]),
 (16, [2010, 98, 1, 0, 0, 856, 1848, 0, 0, 2, 1, 1, 2, 2, 0]),
 (16, [1802, 76, 1, 1, 0, 1970, 650, 1, 1, 1, 0, 1, 0, 0, 0]),
 (16, [1774, 96, 1, 1, 1, 1512, 709, 0, 0, 1, 3, 1, 0, 1, 1]),
 (16, [1668, 54, 1, 1, 1, 567, 639, 1, 0, 1, 4, 1, 0, 2, 0]),
 (16, [1666, 72, 0, 1, 0, 1931, 1216, 0, 1, 0, 1, 0, 1, 1, 2]),
 (16, [1553, 86, 1, 0, 0, 1293, 797, 1, 0, 0, 2, 1, 2, 0, 2]),
 (16, [1406, 82, 1, 1, 1, 1822, 1792, 1, 0, 1, 3, 0, 0, 2, 2]),
 (16, [1233, 12, 1, 1, 0, 634, 1648, 1, 0, 1, 1, 1, 2, 0, 0]),
 (16, [1188, 24, 0, 1, 0, 581, 939, 0, 1, 0, 2, 0, 0, 0, 2]),
 (16, [1127, 50, 1, 1, 1, 732, 1260, 1, 0, 2, 1, 0, 0, 2, 1]),
 (16, [941, 33, 1, 0, 0, 545, 1334, 1, 0, 0, 3, 1, 0, 2, 0]),
 (16, [780, 86, 0, 1, 0, 979, 1934, 0, 0, 2, 0, 1, 2, 0, 1]),
 (16, [734, 105, 0, 1, 1, 1886, 1384, 1, 1, 2, 0, 0, 2, 2, 1]),
 (16, [650, 115, 1, 0, 1, 1527, 956, 1, 1, 1, 1, 1, 1, 2, 0]),
 (16, [643, 28, 1, 1, 0, 861, 906, 0, 0, 0, 0, 0, 1, 0, 2]),
 (12, [1607, 11, 1, 1, 1, 1706, 1620, 0, 0, 1, 2, 1, 2, 0, 0]),
 (12, [1562, 52, 1, 1, 0, 1001, 1526, 0, 1, 1, 2, 0, 2, 1, 0]),
 (12, [1535, 115, 1, 1, 0, 1276, 1536, 1, 0, 0, 0, 1, 2, 0, 1]),
 (12, [1393, 66, 0, 1, 1, 912, 1355, 1, 1, 1, 1, 1, 1, 0, 2]),
 (12, [1286, 104, 1, 0, 0, 1674, 1845, 1, 0, 0, 1, 0, 1, 0, 1]),
 (12, [1106, 58, 0, 1, 1, 1853, 762, 0, 0, 2, 1, 1, 2, 2, 0]),
 (12, [1086, 89, 1, 1, 0, 1692, 1841, 1, 0, 0, 0, 0, 0, 2, 0])]
scored
[(12, [1086, 89, 1, 1, 0, 1692, 1841, 1, 0, 0, 0, 0, 0, 2, 0]),
 (12, [1106, 58, 0, 1, 1, 1853, 762, 0, 0, 2, 1, 1, 2, 2, 0]),
 (12, [1286, 104, 1, 0, 0, 1674, 1845, 1, 0, 0, 1, 0, 1, 0, 1]),
 (12, [1393, 66, 0, 1, 1, 912, 1355, 1, 1, 1, 1, 1, 1, 0, 2]),
 (12, [1535, 115, 1, 1, 0, 1276, 1536, 1, 0, 0, 0, 1, 2, 0, 1]),
 (12, [1562, 52, 1, 1, 0, 1001, 1526, 0, 1, 1, 2, 0, 2, 1, 0]),
 (12, [1607, 11, 1, 1, 1, 1706, 1620, 0, 0, 1, 2, 1, 2, 0, 0]),
 (16, [643, 28, 1, 1, 0, 861, 906, 0, 0, 0, 0, 0, 1, 0, 2]),
 (16, [650, 115, 1, 0, 1, 1527, 956, 1, 1, 1, 1, 1, 1, 2, 0]),
 (16, [734, 105, 0, 1, 1, 1886, 1384, 1, 1, 2, 0, 0, 2, 2, 1]),
 (16, [780, 86, 0, 1, 0, 979, 1934, 0, 0, 2, 0, 1, 2, 0, 1]),
 (16, [941, 33, 1, 0, 0, 545, 1334, 1, 0, 0, 3, 1, 0, 2, 0]),
 (16, [1127, 50, 1, 1, 1, 732, 1260, 1, 0, 2, 1, 0, 0, 2, 1]),
 (16, [1188, 24, 0, 1, 0, 581, 939, 0, 1, 0, 2, 0, 0, 0, 2]),
 (16, [1233, 12, 1, 1, 0, 634, 1648, 1, 0, 1, 1, 1, 2, 0, 0]),
 (16, [1406, 82, 1, 1, 1, 1822, 1792, 1, 0, 1, 3, 0, 0, 2, 2]),
 (16, [1553, 86, 1, 0, 0, 1293, 797, 1, 0, 0, 2, 1, 2, 0, 2]),
 (16, [1666, 72, 0, 1, 0, 1931, 1216, 0, 1, 0, 1, 0, 1, 1, 2]),
 (16, [1668, 54, 1, 1, 1, 567, 639, 1, 0, 1, 4, 1, 0, 2, 0]),
 (16, [1774, 96, 1, 1, 1, 1512, 709, 0, 0, 1, 3, 1, 0, 1, 1]),
 (16, [1802, 76, 1, 1, 0, 1970, 650, 1, 1, 1, 0, 1, 0, 0, 0]),
 (16, [2010, 98, 1, 0, 0, 856, 1848, 0, 0, 2, 1, 1, 2, 2, 0]),
 (999, [663, 78, 0, 1, 1, 1114, 711, 0, 0, 2, 5, 0, 0, 2, 1]),
 (999, [794, 71, 0, 1, 1, 1064, 1441, 1, 0, 3, 4, 1, 0, 2, 0]),
 (999, [949, 45, 1, 1, 1, 687, 1748, 1, 1, 1, 5, 1, 0, 2, 1]),
 (999, [1166, 56, 1, 0, 1, 1332, 920, 1, 1, 3, 5, 1, 0, 2, 1]),
 (999, [1168, 57, 1, 1, 1, 1944, 2042, 1, 1, 3, 0, 1, 2, 0, 1]),
 (999, [1331, 72, 0, 1, 1, 1919, 1163, 0, 0, 3, 3, 0, 1, 1, 0]),
 (999, [1373, 62, 0, 0, 1, 896, 1428, 1, 0, 2, 5, 1, 2, 0, 0]),
 (999, [1428, 88, 1, 1, 0, 1877, 1482, 0, 0, 3, 5, 0, 0, 1, 0]),
 (999, [1861, 54, 1, 1, 1, 1658, 1284, 0, 0, 3, 0, 0, 0, 2, 2]),
 (999, [1922, 29, 1, 0, 0, 1862, 1538, 1, 1, 1, 5, 1, 1, 2, 2])]
Selected
[(12, [1535, 115, 1, 1, 0, 1276, 1536, 1, 0, 0, 0, 1, 2, 0, 1]),
 (16, [643, 28, 1, 1, 0, 861, 906, 0, 0, 0, 0, 0, 1, 0, 2]),
 (12, [1535, 115, 1, 1, 0, 1276, 1536, 1, 0, 0, 0, 1, 2, 0, 1]),
 (16, [643, 28, 1, 1, 0, 861, 906, 0, 0, 0, 0, 0, 1, 0, 2]),
 (16, [643, 28, 1, 1, 0, 861, 906, 0, 0, 0, 0, 0, 1, 0, 2]),
 (12, [1086, 89, 1, 1, 0, 1692, 1841, 1, 0, 0, 0, 0, 0, 2, 0]),
 (16, [643, 28, 1, 1, 0, 861, 906, 0, 0, 0, 0, 0, 1, 0, 2]),
 (12, [1086, 89, 1, 1, 0, 1692, 1841, 1, 0, 0, 0, 0, 0, 2, 0]),
 (16, [650, 115, 1, 0, 1, 1527, 956, 1, 1, 1, 1, 1, 1, 2, 0]),
 (12, [1286, 104, 1, 0, 0, 1674, 1845, 1, 0, 0, 1, 0, 1, 0, 1]),
 (12, [1535, 115, 1, 1, 0, 1276, 1536, 1, 0, 0, 0, 1, 2, 0, 1]),
 (12, [1535, 115, 1, 1, 0, 1276, 1536, 1, 0, 0, 0, 1, 2, 0, 1]),
 (12, [1086, 89, 1, 1, 0, 1692, 1841, 1, 0, 0, 0, 0, 0, 2, 0]),
 (16, [1406, 82, 1, 1, 1, 1822, 1792, 1, 0, 1, 3, 0, 0, 2, 2]),
 (12, [1086, 89, 1, 1, 0, 1692, 1841, 1, 0, 0, 0, 0, 0, 2, 0]),
 (12, [1086, 89, 1, 1, 0, 1692, 1841, 1, 0, 0, 0, 0, 0, 2, 0]),
 (12, [1106, 58, 0, 1, 1, 1853, 762, 0, 0, 2, 1, 1, 2, 2, 0]),
 (12, [1562, 52, 1, 1, 0, 1001, 1526, 0, 1, 1, 2, 0, 2, 1, 0]),
 (12, [1106, 58, 0, 1, 1, 1853, 762, 0, 0, 2, 1, 1, 2, 2, 0]),
 (12, [1393, 66, 0, 1, 1, 912, 1355, 1, 1, 1, 1, 1, 1, 0, 2]),
 (12, [1286, 104, 1, 0, 0, 1674, 1845, 1, 0, 0, 1, 0, 1, 0, 1]),
 (12, [1535, 115, 1, 1, 0, 1276, 1536, 1, 0, 0, 0, 1, 2, 0, 1]),
 (12, [1562, 52, 1, 1, 0, 1001, 1526, 0, 1, 1, 2, 0, 2, 1, 0]),
 (12, [1535, 115, 1, 1, 0, 1276, 1536, 1, 0, 0, 0, 1, 2, 0, 1]),
 (16, [941, 33, 1, 0, 0, 545, 1334, 1, 0, 0, 3, 1, 0, 2, 0]),
 (12, [1286, 104, 1, 0, 0, 1674, 1845, 1, 0, 0, 1, 0, 1, 0, 1]),
 (12, [1562, 52, 1, 1, 0, 1001, 1526, 0, 1, 1, 2, 0, 2, 1, 0])]
population
[(999, [1922, 29, 1, 0, 0, 1862, 1538, 1, 1, 1, 5, 1, 1, 2, 2]),
 (999, [1861, 54, 1, 1, 1, 1658, 1284, 0, 0, 3, 0, 0, 0, 2, 2]),
 (999, [1428, 88, 1, 1, 0, 1877, 1482, 0, 0, 3, 5, 0, 0, 1, 0]),
 (999, [1373, 62, 0, 0, 1, 896, 1428, 1, 0, 2, 5, 1, 2, 0, 0]),
 (999, [1331, 72, 0, 1, 1, 1919, 1163, 0, 0, 3, 3, 0, 1, 1, 0]),
 (999, [1168, 57, 1, 1, 1, 1944, 2042, 1, 1, 3, 0, 1, 2, 0, 1]),
 (999, [1166, 56, 1, 0, 1, 1332, 920, 1, 1, 3, 5, 1, 0, 2, 1]),
 (999, [949, 45, 1, 1, 1, 687, 1748, 1, 1, 1, 5, 1, 0, 2, 1]),
 (999, [794, 71, 0, 1, 1, 1064, 1441, 1, 0, 3, 4, 1, 0, 2, 0]),
 (999, [663, 78, 0, 1, 1, 1114, 711, 0, 0, 2, 5, 0, 0, 2, 1]),
 (16, [2010, 98, 1, 0, 0, 856, 1848, 0, 0, 2, 1, 1, 2, 2, 0]),
 (16, [1802, 76, 1, 1, 0, 1970, 650, 1, 1, 1, 0, 1, 0, 0, 0]),
 (16, [1774, 96, 1, 1, 1, 1512, 709, 0, 0, 1, 3, 1, 0, 1, 1]),
 (16, [1668, 54, 1, 1, 1, 567, 639, 1, 0, 1, 4, 1, 0, 2, 0]),
 (16, [1666, 72, 0, 1, 0, 1931, 1216, 0, 1, 0, 1, 0, 1, 1, 2]),
 (16, [1553, 86, 1, 0, 0, 1293, 797, 1, 0, 0, 2, 1, 2, 0, 2]),
 (16, [1406, 82, 1, 1, 1, 1822, 1792, 1, 0, 1, 3, 0, 0, 2, 2]),
 (16, [1233, 12, 1, 1, 0, 634, 1648, 1, 0, 1, 1, 1, 2, 0, 0]),
 (16, [1188, 24, 0, 1, 0, 581, 939, 0, 1, 0, 2, 0, 0, 0, 2]),
 (16, [1127, 50, 1, 1, 1, 732, 1260, 1, 0, 2, 1, 0, 0, 2, 1]),
 (16, [941, 33, 1, 0, 0, 545, 1334, 1, 0, 0, 3, 1, 0, 2, 0]),
 (16, [780, 86, 0, 1, 0, 979, 1934, 0, 0, 2, 0, 1, 2, 0, 1]),
 (16, [734, 105, 0, 1, 1, 1886, 1384, 1, 1, 2, 0, 0, 2, 2, 1]),
 (16, [650, 115, 1, 0, 1, 1527, 956, 1, 1, 1, 1, 1, 1, 2, 0]),
 (16, [643, 28, 1, 1, 0, 861, 906, 0, 0, 0, 0, 0, 1, 0, 2]),
 (12, [1607, 11, 1, 1, 1, 1706, 1620, 0, 0, 1, 2, 1, 2, 0, 0]),
 (12, [1562, 52, 1, 1, 0, 1001, 1526, 0, 1, 1, 2, 0, 2, 1, 0]),
 (12, [1535, 115, 1, 1, 0, 1276, 1536, 1, 0, 0, 0, 1, 2, 0, 1]),
 (12, [1393, 66, 0, 1, 1, 912, 1355, 1, 1, 1, 1, 1, 1, 0, 2]),
 (12, [1286, 104, 1, 0, 0, 1674, 1845, 1, 0, 0, 1, 0, 1, 0, 1]),
 (12, [1106, 58, 0, 1, 1, 1853, 762, 0, 0, 2, 1, 1, 2, 2, 0]),
 (12, [1086, 89, 1, 1, 0, 1692, 1841, 1, 0, 0, 0, 0, 0, 2, 0])]
scored
[(12, [1086, 89, 1, 1, 0, 1692, 1841, 1, 0, 0, 0, 0, 0, 2, 0]),
 (12, [1106, 58, 0, 1, 1, 1853, 762, 0, 0, 2, 1, 1, 2, 2, 0]),
 (12, [1286, 104, 1, 0, 0, 1674, 1845, 1, 0, 0, 1, 0, 1, 0, 1]),
 (12, [1393, 66, 0, 1, 1, 912, 1355, 1, 1, 1, 1, 1, 1, 0, 2]),
 (12, [1535, 115, 1, 1, 0, 1276, 1536, 1, 0, 0, 0, 1, 2, 0, 1]),
 (12, [1562, 52, 1, 1, 0, 1001, 1526, 0, 1, 1, 2, 0, 2, 1, 0]),
 (12, [1607, 11, 1, 1, 1, 1706, 1620, 0, 0, 1, 2, 1, 2, 0, 0]),
 (16, [643, 28, 1, 1, 0, 861, 906, 0, 0, 0, 0, 0, 1, 0, 2]),
 (16, [650, 115, 1, 0, 1, 1527, 956, 1, 1, 1, 1, 1, 1, 2, 0]),
 (16, [734, 105, 0, 1, 1, 1886, 1384, 1, 1, 2, 0, 0, 2, 2, 1]),
 (16, [780, 86, 0, 1, 0, 979, 1934, 0, 0, 2, 0, 1, 2, 0, 1]),
 (16, [941, 33, 1, 0, 0, 545, 1334, 1, 0, 0, 3, 1, 0, 2, 0]),
 (16, [1127, 50, 1, 1, 1, 732, 1260, 1, 0, 2, 1, 0, 0, 2, 1]),
 (16, [1188, 24, 0, 1, 0, 581, 939, 0, 1, 0, 2, 0, 0, 0, 2]),
 (16, [1233, 12, 1, 1, 0, 634, 1648, 1, 0, 1, 1, 1, 2, 0, 0]),
 (16, [1406, 82, 1, 1, 1, 1822, 1792, 1, 0, 1, 3, 0, 0, 2, 2]),
 (16, [1553, 86, 1, 0, 0, 1293, 797, 1, 0, 0, 2, 1, 2, 0, 2]),
 (16, [1666, 72, 0, 1, 0, 1931, 1216, 0, 1, 0, 1, 0, 1, 1, 2]),
 (16, [1668, 54, 1, 1, 1, 567, 639, 1, 0, 1, 4, 1, 0, 2, 0]),
 (16, [1774, 96, 1, 1, 1, 1512, 709, 0, 0, 1, 3, 1, 0, 1, 1]),
 (16, [1802, 76, 1, 1, 0, 1970, 650, 1, 1, 1, 0, 1, 0, 0, 0]),
 (16, [2010, 98, 1, 0, 0, 856, 1848, 0, 0, 2, 1, 1, 2, 2, 0]),
 (999, [663, 78, 0, 1, 1, 1114, 711, 0, 0, 2, 5, 0, 0, 2, 1]),
 (999, [794, 71, 0, 1, 1, 1064, 1441, 1, 0, 3, 4, 1, 0, 2, 0]),
 (999, [949, 45, 1, 1, 1, 687, 1748, 1, 1, 1, 5, 1, 0, 2, 1]),
 (999, [1166, 56, 1, 0, 1, 1332, 920, 1, 1, 3, 5, 1, 0, 2, 1]),
 (999, [1168, 57, 1, 1, 1, 1944, 2042, 1, 1, 3, 0, 1, 2, 0, 1]),
 (999, [1331, 72, 0, 1, 1, 1919, 1163, 0, 0, 3, 3, 0, 1, 1, 0]),
 (999, [1373, 62, 0, 0, 1, 896, 1428, 1, 0, 2, 5, 1, 2, 0, 0]),
 (999, [1428, 88, 1, 1, 0, 1877, 1482, 0, 0, 3, 5, 0, 0, 1, 0]),
 (999, [1861, 54, 1, 1, 1, 1658, 1284, 0, 0, 3, 0, 0, 0, 2, 2]),
 (999, [1922, 29, 1, 0, 0, 1862, 1538, 1, 1, 1, 5, 1, 1, 2, 2])]
Selected
[(16, [1802, 76, 1, 1, 0, 1970, 650, 1, 1, 1, 0, 1, 0, 0, 0]),
 (12, [1106, 58, 0, 1, 1, 1853, 762, 0, 0, 2, 1, 1, 2, 2, 0]),
 (12, [1086, 89, 1, 1, 0, 1692, 1841, 1, 0, 0, 0, 0, 0, 2, 0]),
 (12, [1393, 66, 0, 1, 1, 912, 1355, 1, 1, 1, 1, 1, 1, 0, 2]),
 (16, [650, 115, 1, 0, 1, 1527, 956, 1, 1, 1, 1, 1, 1, 2, 0]),
 (12, [1086, 89, 1, 1, 0, 1692, 1841, 1, 0, 0, 0, 0, 0, 2, 0]),
 (12, [1286, 104, 1, 0, 0, 1674, 1845, 1, 0, 0, 1, 0, 1, 0, 1]),
 (16, [734, 105, 0, 1, 1, 1886, 1384, 1, 1, 2, 0, 0, 2, 2, 1]),
 (12, [1286, 104, 1, 0, 0, 1674, 1845, 1, 0, 0, 1, 0, 1, 0, 1]),
 (12, [1393, 66, 0, 1, 1, 912, 1355, 1, 1, 1, 1, 1, 1, 0, 2]),
 (12, [1106, 58, 0, 1, 1, 1853, 762, 0, 0, 2, 1, 1, 2, 2, 0]),
 (12, [1086, 89, 1, 1, 0, 1692, 1841, 1, 0, 0, 0, 0, 0, 2, 0]),
 (12, [1286, 104, 1, 0, 0, 1674, 1845, 1, 0, 0, 1, 0, 1, 0, 1]),
 (12, [1393, 66, 0, 1, 1, 912, 1355, 1, 1, 1, 1, 1, 1, 0, 2]),
 (12, [1393, 66, 0, 1, 1, 912, 1355, 1, 1, 1, 1, 1, 1, 0, 2]),
 (12, [1393, 66, 0, 1, 1, 912, 1355, 1, 1, 1, 1, 1, 1, 0, 2]),
 (16, [780, 86, 0, 1, 0, 979, 1934, 0, 0, 2, 0, 1, 2, 0, 1]),
 (12, [1562, 52, 1, 1, 0, 1001, 1526, 0, 1, 1, 2, 0, 2, 1, 0]),
 (12, [1393, 66, 0, 1, 1, 912, 1355, 1, 1, 1, 1, 1, 1, 0, 2]),
 (12, [1393, 66, 0, 1, 1, 912, 1355, 1, 1, 1, 1, 1, 1, 0, 2]),
 (12, [1607, 11, 1, 1, 1, 1706, 1620, 0, 0, 1, 2, 1, 2, 0, 0]),
 (12, [1106, 58, 0, 1, 1, 1853, 762, 0, 0, 2, 1, 1, 2, 2, 0]),
 (12, [1106, 58, 0, 1, 1, 1853, 762, 0, 0, 2, 1, 1, 2, 2, 0]),
 (12, [1607, 11, 1, 1, 1, 1706, 1620, 0, 0, 1, 2, 1, 2, 0, 0]),
 (12, [1535, 115, 1, 1, 0, 1276, 1536, 1, 0, 0, 0, 1, 2, 0, 1]),
 (16, [780, 86, 0, 1, 0, 979, 1934, 0, 0, 2, 0, 1, 2, 0, 1]),
 (16, [643, 28, 1, 1, 0, 861, 906, 0, 0, 0, 0, 0, 1, 0, 2])]
population
[(999, [1922, 29, 1, 0, 0, 1862, 1538, 1, 1, 1, 5, 1, 1, 2, 2]),
 (999, [1861, 54, 1, 1, 1, 1658, 1284, 0, 0, 3, 0, 0, 0, 2, 2]),
 (999, [1428, 88, 1, 1, 0, 1877, 1482, 0, 0, 3, 5, 0, 0, 1, 0]),
 (999, [1373, 62, 0, 0, 1, 896, 1428, 1, 0, 2, 5, 1, 2, 0, 0]),
 (999, [1331, 72, 0, 1, 1, 1919, 1163, 0, 0, 3, 3, 0, 1, 1, 0]),
 (999, [1168, 57, 1, 1, 1, 1944, 2042, 1, 1, 3, 0, 1, 2, 0, 1]),
 (999, [1166, 56, 1, 0, 1, 1332, 920, 1, 1, 3, 5, 1, 0, 2, 1]),
 (999, [949, 45, 1, 1, 1, 687, 1748, 1, 1, 1, 5, 1, 0, 2, 1]),
 (999, [794, 71, 0, 1, 1, 1064, 1441, 1, 0, 3, 4, 1, 0, 2, 0]),
 (999, [663, 78, 0, 1, 1, 1114, 711, 0, 0, 2, 5, 0, 0, 2, 1]),
 (16, [2010, 98, 1, 0, 0, 856, 1848, 0, 0, 2, 1, 1, 2, 2, 0]),
 (16, [1802, 76, 1, 1, 0, 1970, 650, 1, 1, 1, 0, 1, 0, 0, 0]),
 (16, [1774, 96, 1, 1, 1, 1512, 709, 0, 0, 1, 3, 1, 0, 1, 1]),
 (16, [1668, 54, 1, 1, 1, 567, 639, 1, 0, 1, 4, 1, 0, 2, 0]),
 (16, [1666, 72, 0, 1, 0, 1931, 1216, 0, 1, 0, 1, 0, 1, 1, 2]),
 (16, [1553, 86, 1, 0, 0, 1293, 797, 1, 0, 0, 2, 1, 2, 0, 2]),
 (16, [1406, 82, 1, 1, 1, 1822, 1792, 1, 0, 1, 3, 0, 0, 2, 2]),
 (16, [1233, 12, 1, 1, 0, 634, 1648, 1, 0, 1, 1, 1, 2, 0, 0]),
 (16, [1188, 24, 0, 1, 0, 581, 939, 0, 1, 0, 2, 0, 0, 0, 2]),
 (16, [1127, 50, 1, 1, 1, 732, 1260, 1, 0, 2, 1, 0, 0, 2, 1]),
 (16, [941, 33, 1, 0, 0, 545, 1334, 1, 0, 0, 3, 1, 0, 2, 0]),
 (16, [780, 86, 0, 1, 0, 979, 1934, 0, 0, 2, 0, 1, 2, 0, 1]),
 (16, [734, 105, 0, 1, 1, 1886, 1384, 1, 1, 2, 0, 0, 2, 2, 1]),
 (16, [650, 115, 1, 0, 1, 1527, 956, 1, 1, 1, 1, 1, 1, 2, 0]),
 (16, [643, 28, 1, 1, 0, 861, 906, 0, 0, 0, 0, 0, 1, 0, 2]),
 (12, [1607, 11, 1, 1, 1, 1706, 1620, 0, 0, 1, 2, 1, 2, 0, 0]),
 (12, [1562, 52, 1, 1, 0, 1001, 1526, 0, 1, 1, 2, 0, 2, 1, 0]),
 (12, [1535, 115, 1, 1, 0, 1276, 1536, 1, 0, 0, 0, 1, 2, 0, 1]),
 (12, [1393, 66, 0, 1, 1, 912, 1355, 1, 1, 1, 1, 1, 1, 0, 2]),
 (12, [1286, 104, 1, 0, 0, 1674, 1845, 1, 0, 0, 1, 0, 1, 0, 1]),
 (12, [1106, 58, 0, 1, 1, 1853, 762, 0, 0, 2, 1, 1, 2, 2, 0]),
 (12, [1086, 89, 1, 1, 0, 1692, 1841, 1, 0, 0, 0, 0, 0, 2, 0])]
scored
[(12, [1086, 89, 1, 1, 0, 1692, 1841, 1, 0, 0, 0, 0, 0, 2, 0]),
 (12, [1106, 58, 0, 1, 1, 1853, 762, 0, 0, 2, 1, 1, 2, 2, 0]),
 (12, [1286, 104, 1, 0, 0, 1674, 1845, 1, 0, 0, 1, 0, 1, 0, 1]),
 (12, [1393, 66, 0, 1, 1, 912, 1355, 1, 1, 1, 1, 1, 1, 0, 2]),
 (12, [1535, 115, 1, 1, 0, 1276, 1536, 1, 0, 0, 0, 1, 2, 0, 1]),
 (12, [1562, 52, 1, 1, 0, 1001, 1526, 0, 1, 1, 2, 0, 2, 1, 0]),
 (12, [1607, 11, 1, 1, 1, 1706, 1620, 0, 0, 1, 2, 1, 2, 0, 0]),
 (16, [643, 28, 1, 1, 0, 861, 906, 0, 0, 0, 0, 0, 1, 0, 2]),
 (16, [650, 115, 1, 0, 1, 1527, 956, 1, 1, 1, 1, 1, 1, 2, 0]),
 (16, [734, 105, 0, 1, 1, 1886, 1384, 1, 1, 2, 0, 0, 2, 2, 1]),
 (16, [780, 86, 0, 1, 0, 979, 1934, 0, 0, 2, 0, 1, 2, 0, 1]),
 (16, [941, 33, 1, 0, 0, 545, 1334, 1, 0, 0, 3, 1, 0, 2, 0]),
 (16, [1127, 50, 1, 1, 1, 732, 1260, 1, 0, 2, 1, 0, 0, 2, 1]),
 (16, [1188, 24, 0, 1, 0, 581, 939, 0, 1, 0, 2, 0, 0, 0, 2]),
 (16, [1233, 12, 1, 1, 0, 634, 1648, 1, 0, 1, 1, 1, 2, 0, 0]),
 (16, [1406, 82, 1, 1, 1, 1822, 1792, 1, 0, 1, 3, 0, 0, 2, 2]),
 (16, [1553, 86, 1, 0, 0, 1293, 797, 1, 0, 0, 2, 1, 2, 0, 2]),
 (16, [1666, 72, 0, 1, 0, 1931, 1216, 0, 1, 0, 1, 0, 1, 1, 2]),
 (16, [1668, 54, 1, 1, 1, 567, 639, 1, 0, 1, 4, 1, 0, 2, 0]),
 (16, [1774, 96, 1, 1, 1, 1512, 709, 0, 0, 1, 3, 1, 0, 1, 1]),
 (16, [1802, 76, 1, 1, 0, 1970, 650, 1, 1, 1, 0, 1, 0, 0, 0]),
 (16, [2010, 98, 1, 0, 0, 856, 1848, 0, 0, 2, 1, 1, 2, 2, 0]),
 (999, [663, 78, 0, 1, 1, 1114, 711, 0, 0, 2, 5, 0, 0, 2, 1]),
 (999, [794, 71, 0, 1, 1, 1064, 1441, 1, 0, 3, 4, 1, 0, 2, 0]),
 (999, [949, 45, 1, 1, 1, 687, 1748, 1, 1, 1, 5, 1, 0, 2, 1]),
 (999, [1166, 56, 1, 0, 1, 1332, 920, 1, 1, 3, 5, 1, 0, 2, 1]),
 (999, [1168, 57, 1, 1, 1, 1944, 2042, 1, 1, 3, 0, 1, 2, 0, 1]),
 (999, [1331, 72, 0, 1, 1, 1919, 1163, 0, 0, 3, 3, 0, 1, 1, 0]),
 (999, [1373, 62, 0, 0, 1, 896, 1428, 1, 0, 2, 5, 1, 2, 0, 0]),
 (999, [1428, 88, 1, 1, 0, 1877, 1482, 0, 0, 3, 5, 0, 0, 1, 0]),
 (999, [1861, 54, 1, 1, 1, 1658, 1284, 0, 0, 3, 0, 0, 0, 2, 2]),
 (999, [1922, 29, 1, 0, 0, 1862, 1538, 1, 1, 1, 5, 1, 1, 2, 2])]
Selected
[(16, [643, 28, 1, 1, 0, 861, 906, 0, 0, 0, 0, 0, 1, 0, 2]),
 (12, [1607, 11, 1, 1, 1, 1706, 1620, 0, 0, 1, 2, 1, 2, 0, 0]),
 (12, [1106, 58, 0, 1, 1, 1853, 762, 0, 0, 2, 1, 1, 2, 2, 0]),
 (12, [1286, 104, 1, 0, 0, 1674, 1845, 1, 0, 0, 1, 0, 1, 0, 1]),
 (16, [780, 86, 0, 1, 0, 979, 1934, 0, 0, 2, 0, 1, 2, 0, 1]),
 (12, [1106, 58, 0, 1, 1, 1853, 762, 0, 0, 2, 1, 1, 2, 2, 0]),
 (12, [1535, 115, 1, 1, 0, 1276, 1536, 1, 0, 0, 0, 1, 2, 0, 1]),
 (16, [2010, 98, 1, 0, 0, 856, 1848, 0, 0, 2, 1, 1, 2, 2, 0]),
 (12, [1393, 66, 0, 1, 1, 912, 1355, 1, 1, 1, 1, 1, 1, 0, 2]),
 (12, [1106, 58, 0, 1, 1, 1853, 762, 0, 0, 2, 1, 1, 2, 2, 0]),
 (12, [1286, 104, 1, 0, 0, 1674, 1845, 1, 0, 0, 1, 0, 1, 0, 1]),
 (12, [1086, 89, 1, 1, 0, 1692, 1841, 1, 0, 0, 0, 0, 0, 2, 0]),
 (16, [780, 86, 0, 1, 0, 979, 1934, 0, 0, 2, 0, 1, 2, 0, 1]),
 (12, [1535, 115, 1, 1, 0, 1276, 1536, 1, 0, 0, 0, 1, 2, 0, 1]),
 (16, [1188, 24, 0, 1, 0, 581, 939, 0, 1, 0, 2, 0, 0, 0, 2]),
 (16, [643, 28, 1, 1, 0, 861, 906, 0, 0, 0, 0, 0, 1, 0, 2]),
 (12, [1086, 89, 1, 1, 0, 1692, 1841, 1, 0, 0, 0, 0, 0, 2, 0]),
 (16, [650, 115, 1, 0, 1, 1527, 956, 1, 1, 1, 1, 1, 1, 2, 0]),
 (12, [1286, 104, 1, 0, 0, 1674, 1845, 1, 0, 0, 1, 0, 1, 0, 1]),
 (12, [1562, 52, 1, 1, 0, 1001, 1526, 0, 1, 1, 2, 0, 2, 1, 0]),
 (12, [1607, 11, 1, 1, 1, 1706, 1620, 0, 0, 1, 2, 1, 2, 0, 0]),
 (12, [1535, 115, 1, 1, 0, 1276, 1536, 1, 0, 0, 0, 1, 2, 0, 1]),
 (12, [1086, 89, 1, 1, 0, 1692, 1841, 1, 0, 0, 0, 0, 0, 2, 0]),
 (12, [1562, 52, 1, 1, 0, 1001, 1526, 0, 1, 1, 2, 0, 2, 1, 0]),
 (12, [1106, 58, 0, 1, 1, 1853, 762, 0, 0, 2, 1, 1, 2, 2, 0]),
 (12, [1393, 66, 0, 1, 1, 912, 1355, 1, 1, 1, 1, 1, 1, 0, 2]),
 (16, [1233, 12, 1, 1, 0, 634, 1648, 1, 0, 1, 1, 1, 2, 0, 0])]

Poblacin de 32 individuos durante 15 generaciones
Poblacin inicial:
[(999, [1922, 29, 1, 0, 0, 1862, 1538, 1, 1, 1, 5, 1, 1, 2, 2]),
 (999, [1861, 54, 1, 1, 1, 1658, 1284, 0, 0, 3, 0, 0, 0, 2, 2]),
 (999, [1428, 88, 1, 1, 0, 1877, 1482, 0, 0, 3, 5, 0, 0, 1, 0]),
 (999, [1373, 62, 0, 0, 1, 896, 1428, 1, 0, 2, 5, 1, 2, 0, 0]),
 (999, [1331, 72, 0, 1, 1, 1919, 1163, 0, 0, 3, 3, 0, 1, 1, 0]),
 (999, [1168, 57, 1, 1, 1, 1944, 2042, 1, 1, 3, 0, 1, 2, 0, 1]),
 (999, [1166, 56, 1, 0, 1, 1332, 920, 1, 1, 3, 5, 1, 0, 2, 1]),
 (999, [949, 45, 1, 1, 1, 687, 1748, 1, 1, 1, 5, 1, 0, 2, 1]),
 (999, [794, 71, 0, 1, 1, 1064, 1441, 1, 0, 3, 4, 1, 0, 2, 0]),
 (999, [663, 78, 0, 1, 1, 1114, 711, 0, 0, 2, 5, 0, 0, 2, 1]),
 (16, [2010, 98, 1, 0, 0, 856, 1848, 0, 0, 2, 1, 1, 2, 2, 0]),
 (16, [1802, 76, 1, 1, 0, 1970, 650, 1, 1, 1, 0, 1, 0, 0, 0]),
 (16, [1774, 96, 1, 1, 1, 1512, 709, 0, 0, 1, 3, 1, 0, 1, 1]),
 (16, [1668, 54, 1, 1, 1, 567, 639, 1, 0, 1, 4, 1, 0, 2, 0]),
 (16, [1666, 72, 0, 1, 0, 1931, 1216, 0, 1, 0, 1, 0, 1, 1, 2]),
 (16, [1553, 86, 1, 0, 0, 1293, 797, 1, 0, 0, 2, 1, 2, 0, 2]),
 (16, [1406, 82, 1, 1, 1, 1822, 1792, 1, 0, 1, 3, 0, 0, 2, 2]),
 (16, [1233, 12, 1, 1, 0, 634, 1648, 1, 0, 1, 1, 1, 2, 0, 0]),
 (16, [1188, 24, 0, 1, 0, 581, 939, 0, 1, 0, 2, 0, 0, 0, 2]),
 (16, [1127, 50, 1, 1, 1, 732, 1260, 1, 0, 2, 1, 0, 0, 2, 1]),
 (16, [941, 33, 1, 0, 0, 545, 1334, 1, 0, 0, 3, 1, 0, 2, 0]),
 (16, [780, 86, 0, 1, 0, 979, 1934, 0, 0, 2, 0, 1, 2, 0, 1]),
 (16, [734, 105, 0, 1, 1, 1886, 1384, 1, 1, 2, 0, 0, 2, 2, 1]),
 (16, [650, 115, 1, 0, 1, 1527, 956, 1, 1, 1, 1, 1, 1, 2, 0]),
 (16, [643, 28, 1, 1, 0, 861, 906, 0, 0, 0, 0, 0, 1, 0, 2]),
 (12, [1607, 11, 1, 1, 1, 1706, 1620, 0, 0, 1, 2, 1, 2, 0, 0]),
 (12, [1562, 52, 1, 1, 0, 1001, 1526, 0, 1, 1, 2, 0, 2, 1, 0]),
 (12, [1535, 115, 1, 1, 0, 1276, 1536, 1, 0, 0, 0, 1, 2, 0, 1]),
 (12, [1393, 66, 0, 1, 1, 912, 1355, 1, 1, 1, 1, 1, 1, 0, 2]),
 (12, [1286, 104, 1, 0, 0, 1674, 1845, 1, 0, 0, 1, 0, 1, 0, 1]),
 (12, [1106, 58, 0, 1, 1, 1853, 762, 0, 0, 2, 1, 1, 2, 2, 0]),
 (12, [1086, 89, 1, 1, 0, 1692, 1841, 1, 0, 0, 0, 0, 0, 2, 0])]
Poblacin final:
[(999, [1922, 29, 1, 0, 0, 1862, 1538, 1, 1, 1, 5, 1, 1, 2, 2]),
 (999, [1861, 54, 1, 1, 1, 1658, 1284, 0, 0, 3, 0, 0, 0, 2, 2]),
 (999, [1428, 88, 1, 1, 0, 1877, 1482, 0, 0, 3, 5, 0, 0, 1, 0]),
 (999, [1373, 62, 0, 0, 1, 896, 1428, 1, 0, 2, 5, 1, 2, 0, 0]),
 (999, [1331, 72, 0, 1, 1, 1919, 1163, 0, 0, 3, 3, 0, 1, 1, 0]),
 (999, [1168, 57, 1, 1, 1, 1944, 2042, 1, 1, 3, 0, 1, 2, 0, 1]),
 (999, [1166, 56, 1, 0, 1, 1332, 920, 1, 1, 3, 5, 1, 0, 2, 1]),
 (999, [949, 45, 1, 1, 1, 687, 1748, 1, 1, 1, 5, 1, 0, 2, 1]),
 (999, [794, 71, 0, 1, 1, 1064, 1441, 1, 0, 3, 4, 1, 0, 2, 0]),
 (999, [663, 78, 0, 1, 1, 1114, 711, 0, 0, 2, 5, 0, 0, 2, 1]),
 (16, [2010, 98, 1, 0, 0, 856, 1848, 0, 0, 2, 1, 1, 2, 2, 0]),
 (16, [1802, 76, 1, 1, 0, 1970, 650, 1, 1, 1, 0, 1, 0, 0, 0]),
 (16, [1774, 96, 1, 1, 1, 1512, 709, 0, 0, 1, 3, 1, 0, 1, 1]),
 (16, [1668, 54, 1, 1, 1, 567, 639, 1, 0, 1, 4, 1, 0, 2, 0]),
 (16, [1666, 72, 0, 1, 0, 1931, 1216, 0, 1, 0, 1, 0, 1, 1, 2]),
 (16, [1553, 86, 1, 0, 0, 1293, 797, 1, 0, 0, 2, 1, 2, 0, 2]),
 (16, [1406, 82, 1, 1, 1, 1822, 1792, 1, 0, 1, 3, 0, 0, 2, 2]),
 (16, [1233, 12, 1, 1, 0, 634, 1648, 1, 0, 1, 1, 1, 2, 0, 0]),
 (16, [1188, 24, 0, 1, 0, 581, 939, 0, 1, 0, 2, 0, 0, 0, 2]),
 (16, [1127, 50, 1, 1, 1, 732, 1260, 1, 0, 2, 1, 0, 0, 2, 1]),
 (16, [941, 33, 1, 0, 0, 545, 1334, 1, 0, 0, 3, 1, 0, 2, 0]),
 (16, [780, 86, 0, 1, 0, 979, 1934, 0, 0, 2, 0, 1, 2, 0, 1]),
 (16, [734, 105, 0, 1, 1, 1886, 1384, 1, 1, 2, 0, 0, 2, 2, 1]),
 (16, [650, 115, 1, 0, 1, 1527, 956, 1, 1, 1, 1, 1, 1, 2, 0]),
 (16, [643, 28, 1, 1, 0, 861, 906, 0, 0, 0, 0, 0, 1, 0, 2]),
 (12, [1607, 11, 1, 1, 1, 1706, 1620, 0, 0, 1, 2, 1, 2, 0, 0]),
 (12, [1562, 52, 1, 1, 0, 1001, 1526, 0, 1, 1, 2, 0, 2, 1, 0]),
 (12, [1535, 115, 1, 1, 0, 1276, 1536, 1, 0, 0, 0, 1, 2, 0, 1]),
 (12, [1393, 66, 0, 1, 1, 912, 1355, 1, 1, 1, 1, 1, 1, 0, 2]),
 (12, [1286, 104, 1, 0, 0, 1674, 1845, 1, 0, 0, 1, 0, 1, 0, 1]),
 (12, [1106, 58, 0, 1, 1, 1853, 762, 0, 0, 2, 1, 1, 2, 2, 0]),
 (12, [1086, 89, 1, 1, 0, 1692, 1841, 1, 0, 0, 0, 0, 0, 2, 0])]
Elapsed time is 866.742751 seconds.
