 * Manually resetting nginx to stopped state
 * Manually resetting nginx to stopped state
 * Manually resetting nginx to stopped state
 * Manually resetting nginx to stopped state
 * Manually resetting nginx to stopped state
 * Manually resetting nginx to stopped state
 * Manually resetting nginx to stopped state
 * Manually resetting nginx to stopped state
 * Manually resetting nginx to stopped state
 * Manually resetting nginx to stopped state
 * Manually resetting nginx to stopped state
 * Manually resetting nginx to stopped state
 * Manually resetting nginx to stopped state
 * Manually resetting nginx to stopped state
 * Manually resetting nginx to stopped state
 * Manually resetting nginx to stopped state
 * Manually resetting nginx to stopped state
 * Manually resetting nginx to stopped state
 * Manually resetting nginx to stopped state
 * Manually resetting nginx to stopped state
 * Manually resetting nginx to stopped state
 * Manually resetting nginx to stopped state
genes: 15
individuals : 32
pressure: 5
mutation_chance: 0
generations: 15
crossover_type: 1
mutation_type_random: 0
Alerts:
16
Alerts:
16
Alerts:
16
Alerts:
16
Alerts:
16
Alerts:
16
Alerts:
12
Alerts:
12
Alerts:
16
Alerts:
16
Alerts:
16
Alerts:
12
Alerts:
16
Alerts:
16
Alerts:
16
Alerts:
12
Alerts:
12
Alerts:
17
Alerts:
16
Alerts:
16
Alerts:
12
Alerts:
12
population
[(999, [928, 81, 1, 1, 0, 624, 1360, 1, 1, 0, 5, 0, 1, 1, 0]),
 (16, [546, 34, 1, 0, 0, 1493, 1716, 1, 0, 1, 1, 1, 2, 1, 2]),
 (999, [759, 78, 1, 1, 0, 1611, 884, 1, 1, 3, 1, 0, 1, 0, 2]),
 (16, [1641, 12, 1, 0, 1, 1557, 1555, 0, 0, 2, 1, 1, 2, 2, 2]),
 (999, [1379, 91, 1, 0, 1, 2015, 583, 0, 1, 3, 1, 1, 1, 2, 0]),
 (16, [514, 70, 0, 1, 0, 577, 1066, 1, 1, 0, 1, 0, 2, 1, 1]),
 (16, [1463, 83, 1, 0, 0, 1479, 601, 1, 1, 1, 0, 1, 1, 0, 2]),
 (16, [1882, 79, 0, 1, 0, 530, 1696, 0, 1, 0, 4, 1, 1, 1, 1]),
 (16, [1478, 29, 1, 0, 0, 952, 1837, 1, 1, 1, 4, 1, 2, 1, 0]),
 (12, [1216, 108, 0, 0, 1, 1645, 627, 0, 1, 1, 4, 1, 1, 2, 0]),
 (12, [1908, 105, 0, 1, 0, 1855, 1052, 0, 1, 2, 2, 1, 2, 2, 0]),
 (16, [1077, 12, 1, 0, 1, 840, 539, 1, 1, 0, 1, 0, 0, 1, 2]),
 (16, [2016, 84, 1, 1, 1, 664, 524, 1, 1, 0, 4, 1, 1, 2, 2]),
 (16, [1152, 34, 0, 0, 0, 1034, 738, 1, 1, 2, 1, 1, 2, 1, 0]),
 (999, [1052, 113, 1, 0, 0, 1145, 1152, 0, 1, 3, 5, 1, 2, 0, 0]),
 (999, [1720, 117, 0, 0, 1, 1918, 1013, 1, 0, 3, 1, 0, 2, 0, 0]),
 (12, [662, 103, 1, 0, 0, 1358, 666, 0, 1, 2, 1, 1, 2, 2, 0]),
 (16, [1259, 30, 0, 0, 0, 600, 1282, 0, 1, 0, 2, 1, 0, 1, 1]),
 (999, [1499, 109, 1, 1, 1, 1235, 1390, 1, 1, 3, 4, 1, 2, 0, 1]),
 (999, [1085, 51, 0, 0, 0, 1127, 602, 1, 0, 1, 5, 1, 1, 2, 1]),
 (16, [1001, 66, 0, 1, 1, 590, 1276, 0, 0, 0, 2, 0, 1, 0, 0]),
 (16, [1209, 101, 0, 1, 1, 1499, 946, 1, 1, 2, 3, 0, 0, 0, 0]),
 (12, [1437, 100, 0, 1, 1, 642, 931, 0, 0, 0, 4, 1, 1, 0, 2]),
 (12, [1553, 45, 0, 1, 0, 657, 578, 1, 1, 1, 3, 0, 0, 1, 2]),
 (999, [1868, 61, 0, 1, 0, 1780, 1976, 0, 1, 3, 1, 1, 1, 2, 2]),
 (17, [2024, 17, 1, 0, 0, 1585, 1237, 0, 0, 0, 1, 1, 2, 1, 0]),
 (16, [1130, 38, 1, 1, 1, 1253, 1024, 0, 0, 1, 4, 1, 0, 1, 2]),
 (16, [590, 65, 1, 0, 0, 838, 1816, 1, 1, 0, 2, 1, 2, 2, 1]),
 (12, [1882, 91, 1, 1, 1, 1106, 1549, 1, 0, 0, 3, 1, 1, 0, 1]),
 (12, [1330, 87, 0, 1, 1, 578, 850, 0, 0, 1, 4, 0, 2, 1, 1]),
 (999, [802, 71, 1, 1, 0, 1617, 603, 1, 0, 1, 5, 0, 2, 1, 0]),
 (999, [1547, 16, 1, 0, 0, 597, 1147, 1, 1, 0, 5, 0, 1, 2, 0])]
scored
[(12, [662, 103, 1, 0, 0, 1358, 666, 0, 1, 2, 1, 1, 2, 2, 0]),
 (12, [1216, 108, 0, 0, 1, 1645, 627, 0, 1, 1, 4, 1, 1, 2, 0]),
 (12, [1330, 87, 0, 1, 1, 578, 850, 0, 0, 1, 4, 0, 2, 1, 1]),
 (12, [1437, 100, 0, 1, 1, 642, 931, 0, 0, 0, 4, 1, 1, 0, 2]),
 (12, [1553, 45, 0, 1, 0, 657, 578, 1, 1, 1, 3, 0, 0, 1, 2]),
 (12, [1882, 91, 1, 1, 1, 1106, 1549, 1, 0, 0, 3, 1, 1, 0, 1]),
 (12, [1908, 105, 0, 1, 0, 1855, 1052, 0, 1, 2, 2, 1, 2, 2, 0]),
 (16, [514, 70, 0, 1, 0, 577, 1066, 1, 1, 0, 1, 0, 2, 1, 1]),
 (16, [546, 34, 1, 0, 0, 1493, 1716, 1, 0, 1, 1, 1, 2, 1, 2]),
 (16, [590, 65, 1, 0, 0, 838, 1816, 1, 1, 0, 2, 1, 2, 2, 1]),
 (16, [1001, 66, 0, 1, 1, 590, 1276, 0, 0, 0, 2, 0, 1, 0, 0]),
 (16, [1077, 12, 1, 0, 1, 840, 539, 1, 1, 0, 1, 0, 0, 1, 2]),
 (16, [1130, 38, 1, 1, 1, 1253, 1024, 0, 0, 1, 4, 1, 0, 1, 2]),
 (16, [1152, 34, 0, 0, 0, 1034, 738, 1, 1, 2, 1, 1, 2, 1, 0]),
 (16, [1209, 101, 0, 1, 1, 1499, 946, 1, 1, 2, 3, 0, 0, 0, 0]),
 (16, [1259, 30, 0, 0, 0, 600, 1282, 0, 1, 0, 2, 1, 0, 1, 1]),
 (16, [1463, 83, 1, 0, 0, 1479, 601, 1, 1, 1, 0, 1, 1, 0, 2]),
 (16, [1478, 29, 1, 0, 0, 952, 1837, 1, 1, 1, 4, 1, 2, 1, 0]),
 (16, [1641, 12, 1, 0, 1, 1557, 1555, 0, 0, 2, 1, 1, 2, 2, 2]),
 (16, [1882, 79, 0, 1, 0, 530, 1696, 0, 1, 0, 4, 1, 1, 1, 1]),
 (16, [2016, 84, 1, 1, 1, 664, 524, 1, 1, 0, 4, 1, 1, 2, 2]),
 (17, [2024, 17, 1, 0, 0, 1585, 1237, 0, 0, 0, 1, 1, 2, 1, 0]),
 (999, [759, 78, 1, 1, 0, 1611, 884, 1, 1, 3, 1, 0, 1, 0, 2]),
 (999, [802, 71, 1, 1, 0, 1617, 603, 1, 0, 1, 5, 0, 2, 1, 0]),
 (999, [928, 81, 1, 1, 0, 624, 1360, 1, 1, 0, 5, 0, 1, 1, 0]),
 (999, [1052, 113, 1, 0, 0, 1145, 1152, 0, 1, 3, 5, 1, 2, 0, 0]),
 (999, [1085, 51, 0, 0, 0, 1127, 602, 1, 0, 1, 5, 1, 1, 2, 1]),
 (999, [1379, 91, 1, 0, 1, 2015, 583, 0, 1, 3, 1, 1, 1, 2, 0]),
 (999, [1499, 109, 1, 1, 1, 1235, 1390, 1, 1, 3, 4, 1, 2, 0, 1]),
 (999, [1547, 16, 1, 0, 0, 597, 1147, 1, 1, 0, 5, 0, 1, 2, 0]),
 (999, [1720, 117, 0, 0, 1, 1918, 1013, 1, 0, 3, 1, 0, 2, 0, 0]),
 (999, [1868, 61, 0, 1, 0, 1780, 1976, 0, 1, 3, 1, 1, 1, 2, 2])]
Selected
[(12, [662, 103, 1, 0, 0, 1358, 666, 0, 1, 2, 1, 1, 2, 2, 0]),
 (12, [1882, 91, 1, 1, 1, 1106, 1549, 1, 0, 0, 3, 1, 1, 0, 1]),
 (12, [1216, 108, 0, 0, 1, 1645, 627, 0, 1, 1, 4, 1, 1, 2, 0]),
 (16, [590, 65, 1, 0, 0, 838, 1816, 1, 1, 0, 2, 1, 2, 2, 1]),
 (12, [1437, 100, 0, 1, 1, 642, 931, 0, 0, 0, 4, 1, 1, 0, 2]),
 (12, [1553, 45, 0, 1, 0, 657, 578, 1, 1, 1, 3, 0, 0, 1, 2]),
 (12, [1216, 108, 0, 0, 1, 1645, 627, 0, 1, 1, 4, 1, 1, 2, 0]),
 (16, [1077, 12, 1, 0, 1, 840, 539, 1, 1, 0, 1, 0, 0, 1, 2]),
 (16, [1152, 34, 0, 0, 0, 1034, 738, 1, 1, 2, 1, 1, 2, 1, 0]),
 (12, [662, 103, 1, 0, 0, 1358, 666, 0, 1, 2, 1, 1, 2, 2, 0]),
 (12, [1330, 87, 0, 1, 1, 578, 850, 0, 0, 1, 4, 0, 2, 1, 1]),
 (12, [1882, 91, 1, 1, 1, 1106, 1549, 1, 0, 0, 3, 1, 1, 0, 1]),
 (12, [1437, 100, 0, 1, 1, 642, 931, 0, 0, 0, 4, 1, 1, 0, 2]),
 (12, [1882, 91, 1, 1, 1, 1106, 1549, 1, 0, 0, 3, 1, 1, 0, 1]),
 (12, [662, 103, 1, 0, 0, 1358, 666, 0, 1, 2, 1, 1, 2, 2, 0]),
 (16, [1209, 101, 0, 1, 1, 1499, 946, 1, 1, 2, 3, 0, 0, 0, 0]),
 (12, [1330, 87, 0, 1, 1, 578, 850, 0, 0, 1, 4, 0, 2, 1, 1]),
 (16, [1001, 66, 0, 1, 1, 590, 1276, 0, 0, 0, 2, 0, 1, 0, 0]),
 (12, [662, 103, 1, 0, 0, 1358, 666, 0, 1, 2, 1, 1, 2, 2, 0]),
 (16, [1152, 34, 0, 0, 0, 1034, 738, 1, 1, 2, 1, 1, 2, 1, 0]),
 (12, [1330, 87, 0, 1, 1, 578, 850, 0, 0, 1, 4, 0, 2, 1, 1]),
 (12, [1330, 87, 0, 1, 1, 578, 850, 0, 0, 1, 4, 0, 2, 1, 1]),
 (12, [1553, 45, 0, 1, 0, 657, 578, 1, 1, 1, 3, 0, 0, 1, 2]),
 (16, [590, 65, 1, 0, 0, 838, 1816, 1, 1, 0, 2, 1, 2, 2, 1]),
 (12, [1882, 91, 1, 1, 1, 1106, 1549, 1, 0, 0, 3, 1, 1, 0, 1]),
 (16, [1152, 34, 0, 0, 0, 1034, 738, 1, 1, 2, 1, 1, 2, 1, 0]),
 (12, [1216, 108, 0, 0, 1, 1645, 627, 0, 1, 1, 4, 1, 1, 2, 0])]
population
[(999, [1868, 61, 0, 1, 0, 1780, 1976, 0, 1, 3, 1, 1, 1, 2, 2]),
 (999, [1720, 117, 0, 0, 1, 1918, 1013, 1, 0, 3, 1, 0, 2, 0, 0]),
 (999, [1547, 16, 1, 0, 0, 597, 1147, 1, 1, 0, 5, 0, 1, 2, 0]),
 (999, [1499, 109, 1, 1, 1, 1235, 1390, 1, 1, 3, 4, 1, 2, 0, 1]),
 (999, [1379, 91, 1, 0, 1, 2015, 583, 0, 1, 3, 1, 1, 1, 2, 0]),
 (999, [1085, 51, 0, 0, 0, 1127, 602, 1, 0, 1, 5, 1, 1, 2, 1]),
 (999, [1052, 113, 1, 0, 0, 1145, 1152, 0, 1, 3, 5, 1, 2, 0, 0]),
 (999, [928, 81, 1, 1, 0, 624, 1360, 1, 1, 0, 5, 0, 1, 1, 0]),
 (999, [802, 71, 1, 1, 0, 1617, 603, 1, 0, 1, 5, 0, 2, 1, 0]),
 (999, [759, 78, 1, 1, 0, 1611, 884, 1, 1, 3, 1, 0, 1, 0, 2]),
 (17, [2024, 17, 1, 0, 0, 1585, 1237, 0, 0, 0, 1, 1, 2, 1, 0]),
 (16, [2016, 84, 1, 1, 1, 664, 524, 1, 1, 0, 4, 1, 1, 2, 2]),
 (16, [1882, 79, 0, 1, 0, 530, 1696, 0, 1, 0, 4, 1, 1, 1, 1]),
 (16, [1641, 12, 1, 0, 1, 1557, 1555, 0, 0, 2, 1, 1, 2, 2, 2]),
 (16, [1478, 29, 1, 0, 0, 952, 1837, 1, 1, 1, 4, 1, 2, 1, 0]),
 (16, [1463, 83, 1, 0, 0, 1479, 601, 1, 1, 1, 0, 1, 1, 0, 2]),
 (16, [1259, 30, 0, 0, 0, 600, 1282, 0, 1, 0, 2, 1, 0, 1, 1]),
 (16, [1209, 101, 0, 1, 1, 1499, 946, 1, 1, 2, 3, 0, 0, 0, 0]),
 (16, [1152, 34, 0, 0, 0, 1034, 738, 1, 1, 2, 1, 1, 2, 1, 0]),
 (16, [1130, 38, 1, 1, 1, 1253, 1024, 0, 0, 1, 4, 1, 0, 1, 2]),
 (16, [1077, 12, 1, 0, 1, 840, 539, 1, 1, 0, 1, 0, 0, 1, 2]),
 (16, [1001, 66, 0, 1, 1, 590, 1276, 0, 0, 0, 2, 0, 1, 0, 0]),
 (16, [590, 65, 1, 0, 0, 838, 1816, 1, 1, 0, 2, 1, 2, 2, 1]),
 (16, [546, 34, 1, 0, 0, 1493, 1716, 1, 0, 1, 1, 1, 2, 1, 2]),
 (16, [514, 70, 0, 1, 0, 577, 1066, 1, 1, 0, 1, 0, 2, 1, 1]),
 (12, [1908, 105, 0, 1, 0, 1855, 1052, 0, 1, 2, 2, 1, 2, 2, 0]),
 (12, [1882, 91, 1, 1, 1, 1106, 1549, 1, 0, 0, 3, 1, 1, 0, 1]),
 (12, [1553, 45, 0, 1, 0, 657, 578, 1, 1, 1, 3, 0, 0, 1, 2]),
 (12, [1437, 100, 0, 1, 1, 642, 931, 0, 0, 0, 4, 1, 1, 0, 2]),
 (12, [1330, 87, 0, 1, 1, 578, 850, 0, 0, 1, 4, 0, 2, 1, 1]),
 (12, [1216, 108, 0, 0, 1, 1645, 627, 0, 1, 1, 4, 1, 1, 2, 0]),
 (12, [662, 103, 1, 0, 0, 1358, 666, 0, 1, 2, 1, 1, 2, 2, 0])]
scored
[(12, [662, 103, 1, 0, 0, 1358, 666, 0, 1, 2, 1, 1, 2, 2, 0]),
 (12, [1216, 108, 0, 0, 1, 1645, 627, 0, 1, 1, 4, 1, 1, 2, 0]),
 (12, [1330, 87, 0, 1, 1, 578, 850, 0, 0, 1, 4, 0, 2, 1, 1]),
 (12, [1437, 100, 0, 1, 1, 642, 931, 0, 0, 0, 4, 1, 1, 0, 2]),
 (12, [1553, 45, 0, 1, 0, 657, 578, 1, 1, 1, 3, 0, 0, 1, 2]),
 (12, [1882, 91, 1, 1, 1, 1106, 1549, 1, 0, 0, 3, 1, 1, 0, 1]),
 (12, [1908, 105, 0, 1, 0, 1855, 1052, 0, 1, 2, 2, 1, 2, 2, 0]),
 (16, [514, 70, 0, 1, 0, 577, 1066, 1, 1, 0, 1, 0, 2, 1, 1]),
 (16, [546, 34, 1, 0, 0, 1493, 1716, 1, 0, 1, 1, 1, 2, 1, 2]),
 (16, [590, 65, 1, 0, 0, 838, 1816, 1, 1, 0, 2, 1, 2, 2, 1]),
 (16, [1001, 66, 0, 1, 1, 590, 1276, 0, 0, 0, 2, 0, 1, 0, 0]),
 (16, [1077, 12, 1, 0, 1, 840, 539, 1, 1, 0, 1, 0, 0, 1, 2]),
 (16, [1130, 38, 1, 1, 1, 1253, 1024, 0, 0, 1, 4, 1, 0, 1, 2]),
 (16, [1152, 34, 0, 0, 0, 1034, 738, 1, 1, 2, 1, 1, 2, 1, 0]),
 (16, [1209, 101, 0, 1, 1, 1499, 946, 1, 1, 2, 3, 0, 0, 0, 0]),
 (16, [1259, 30, 0, 0, 0, 600, 1282, 0, 1, 0, 2, 1, 0, 1, 1]),
 (16, [1463, 83, 1, 0, 0, 1479, 601, 1, 1, 1, 0, 1, 1, 0, 2]),
 (16, [1478, 29, 1, 0, 0, 952, 1837, 1, 1, 1, 4, 1, 2, 1, 0]),
 (16, [1641, 12, 1, 0, 1, 1557, 1555, 0, 0, 2, 1, 1, 2, 2, 2]),
 (16, [1882, 79, 0, 1, 0, 530, 1696, 0, 1, 0, 4, 1, 1, 1, 1]),
 (16, [2016, 84, 1, 1, 1, 664, 524, 1, 1, 0, 4, 1, 1, 2, 2]),
 (17, [2024, 17, 1, 0, 0, 1585, 1237, 0, 0, 0, 1, 1, 2, 1, 0]),
 (999, [759, 78, 1, 1, 0, 1611, 884, 1, 1, 3, 1, 0, 1, 0, 2]),
 (999, [802, 71, 1, 1, 0, 1617, 603, 1, 0, 1, 5, 0, 2, 1, 0]),
 (999, [928, 81, 1, 1, 0, 624, 1360, 1, 1, 0, 5, 0, 1, 1, 0]),
 (999, [1052, 113, 1, 0, 0, 1145, 1152, 0, 1, 3, 5, 1, 2, 0, 0]),
 (999, [1085, 51, 0, 0, 0, 1127, 602, 1, 0, 1, 5, 1, 1, 2, 1]),
 (999, [1379, 91, 1, 0, 1, 2015, 583, 0, 1, 3, 1, 1, 1, 2, 0]),
 (999, [1499, 109, 1, 1, 1, 1235, 1390, 1, 1, 3, 4, 1, 2, 0, 1]),
 (999, [1547, 16, 1, 0, 0, 597, 1147, 1, 1, 0, 5, 0, 1, 2, 0]),
 (999, [1720, 117, 0, 0, 1, 1918, 1013, 1, 0, 3, 1, 0, 2, 0, 0]),
 (999, [1868, 61, 0, 1, 0, 1780, 1976, 0, 1, 3, 1, 1, 1, 2, 2])]
Selected
[(12, [1216, 108, 0, 0, 1, 1645, 627, 0, 1, 1, 4, 1, 1, 2, 0]),
 (12, [1330, 87, 0, 1, 1, 578, 850, 0, 0, 1, 4, 0, 2, 1, 1]),
 (12, [1882, 91, 1, 1, 1, 1106, 1549, 1, 0, 0, 3, 1, 1, 0, 1]),
 (12, [1330, 87, 0, 1, 1, 578, 850, 0, 0, 1, 4, 0, 2, 1, 1]),
 (12, [662, 103, 1, 0, 0, 1358, 666, 0, 1, 2, 1, 1, 2, 2, 0]),
 (12, [662, 103, 1, 0, 0, 1358, 666, 0, 1, 2, 1, 1, 2, 2, 0]),
 (12, [1216, 108, 0, 0, 1, 1645, 627, 0, 1, 1, 4, 1, 1, 2, 0]),
 (12, [662, 103, 1, 0, 0, 1358, 666, 0, 1, 2, 1, 1, 2, 2, 0]),
 (12, [662, 103, 1, 0, 0, 1358, 666, 0, 1, 2, 1, 1, 2, 2, 0]),
 (12, [1216, 108, 0, 0, 1, 1645, 627, 0, 1, 1, 4, 1, 1, 2, 0]),
 (12, [1216, 108, 0, 0, 1, 1645, 627, 0, 1, 1, 4, 1, 1, 2, 0]),
 (12, [1882, 91, 1, 1, 1, 1106, 1549, 1, 0, 0, 3, 1, 1, 0, 1]),
 (12, [1437, 100, 0, 1, 1, 642, 931, 0, 0, 0, 4, 1, 1, 0, 2]),
 (12, [1216, 108, 0, 0, 1, 1645, 627, 0, 1, 1, 4, 1, 1, 2, 0]),
 (16, [514, 70, 0, 1, 0, 577, 1066, 1, 1, 0, 1, 0, 2, 1, 1]),
 (12, [1882, 91, 1, 1, 1, 1106, 1549, 1, 0, 0, 3, 1, 1, 0, 1]),
 (12, [1437, 100, 0, 1, 1, 642, 931, 0, 0, 0, 4, 1, 1, 0, 2]),
 (12, [1330, 87, 0, 1, 1, 578, 850, 0, 0, 1, 4, 0, 2, 1, 1]),
 (12, [1216, 108, 0, 0, 1, 1645, 627, 0, 1, 1, 4, 1, 1, 2, 0]),
 (12, [1882, 91, 1, 1, 1, 1106, 1549, 1, 0, 0, 3, 1, 1, 0, 1]),
 (12, [1216, 108, 0, 0, 1, 1645, 627, 0, 1, 1, 4, 1, 1, 2, 0]),
 (16, [1077, 12, 1, 0, 1, 840, 539, 1, 1, 0, 1, 0, 0, 1, 2]),
 (16, [590, 65, 1, 0, 0, 838, 1816, 1, 1, 0, 2, 1, 2, 2, 1]),
 (12, [662, 103, 1, 0, 0, 1358, 666, 0, 1, 2, 1, 1, 2, 2, 0]),
 (12, [662, 103, 1, 0, 0, 1358, 666, 0, 1, 2, 1, 1, 2, 2, 0]),
 (12, [662, 103, 1, 0, 0, 1358, 666, 0, 1, 2, 1, 1, 2, 2, 0]),
 (12, [1882, 91, 1, 1, 1, 1106, 1549, 1, 0, 0, 3, 1, 1, 0, 1])]
population
[(999, [1868, 61, 0, 1, 0, 1780, 1976, 0, 1, 3, 1, 1, 1, 2, 2]),
 (999, [1720, 117, 0, 0, 1, 1918, 1013, 1, 0, 3, 1, 0, 2, 0, 0]),
 (999, [1547, 16, 1, 0, 0, 597, 1147, 1, 1, 0, 5, 0, 1, 2, 0]),
 (999, [1499, 109, 1, 1, 1, 1235, 1390, 1, 1, 3, 4, 1, 2, 0, 1]),
 (999, [1379, 91, 1, 0, 1, 2015, 583, 0, 1, 3, 1, 1, 1, 2, 0]),
 (999, [1085, 51, 0, 0, 0, 1127, 602, 1, 0, 1, 5, 1, 1, 2, 1]),
 (999, [1052, 113, 1, 0, 0, 1145, 1152, 0, 1, 3, 5, 1, 2, 0, 0]),
 (999, [928, 81, 1, 1, 0, 624, 1360, 1, 1, 0, 5, 0, 1, 1, 0]),
 (999, [802, 71, 1, 1, 0, 1617, 603, 1, 0, 1, 5, 0, 2, 1, 0]),
 (999, [759, 78, 1, 1, 0, 1611, 884, 1, 1, 3, 1, 0, 1, 0, 2]),
 (17, [2024, 17, 1, 0, 0, 1585, 1237, 0, 0, 0, 1, 1, 2, 1, 0]),
 (16, [2016, 84, 1, 1, 1, 664, 524, 1, 1, 0, 4, 1, 1, 2, 2]),
 (16, [1882, 79, 0, 1, 0, 530, 1696, 0, 1, 0, 4, 1, 1, 1, 1]),
 (16, [1641, 12, 1, 0, 1, 1557, 1555, 0, 0, 2, 1, 1, 2, 2, 2]),
 (16, [1478, 29, 1, 0, 0, 952, 1837, 1, 1, 1, 4, 1, 2, 1, 0]),
 (16, [1463, 83, 1, 0, 0, 1479, 601, 1, 1, 1, 0, 1, 1, 0, 2]),
 (16, [1259, 30, 0, 0, 0, 600, 1282, 0, 1, 0, 2, 1, 0, 1, 1]),
 (16, [1209, 101, 0, 1, 1, 1499, 946, 1, 1, 2, 3, 0, 0, 0, 0]),
 (16, [1152, 34, 0, 0, 0, 1034, 738, 1, 1, 2, 1, 1, 2, 1, 0]),
 (16, [1130, 38, 1, 1, 1, 1253, 1024, 0, 0, 1, 4, 1, 0, 1, 2]),
 (16, [1077, 12, 1, 0, 1, 840, 539, 1, 1, 0, 1, 0, 0, 1, 2]),
 (16, [1001, 66, 0, 1, 1, 590, 1276, 0, 0, 0, 2, 0, 1, 0, 0]),
 (16, [590, 65, 1, 0, 0, 838, 1816, 1, 1, 0, 2, 1, 2, 2, 1]),
 (16, [546, 34, 1, 0, 0, 1493, 1716, 1, 0, 1, 1, 1, 2, 1, 2]),
 (16, [514, 70, 0, 1, 0, 577, 1066, 1, 1, 0, 1, 0, 2, 1, 1]),
 (12, [1908, 105, 0, 1, 0, 1855, 1052, 0, 1, 2, 2, 1, 2, 2, 0]),
 (12, [1882, 91, 1, 1, 1, 1106, 1549, 1, 0, 0, 3, 1, 1, 0, 1]),
 (12, [1553, 45, 0, 1, 0, 657, 578, 1, 1, 1, 3, 0, 0, 1, 2]),
 (12, [1437, 100, 0, 1, 1, 642, 931, 0, 0, 0, 4, 1, 1, 0, 2]),
 (12, [1330, 87, 0, 1, 1, 578, 850, 0, 0, 1, 4, 0, 2, 1, 1]),
 (12, [1216, 108, 0, 0, 1, 1645, 627, 0, 1, 1, 4, 1, 1, 2, 0]),
 (12, [662, 103, 1, 0, 0, 1358, 666, 0, 1, 2, 1, 1, 2, 2, 0])]
scored
[(12, [662, 103, 1, 0, 0, 1358, 666, 0, 1, 2, 1, 1, 2, 2, 0]),
 (12, [1216, 108, 0, 0, 1, 1645, 627, 0, 1, 1, 4, 1, 1, 2, 0]),
 (12, [1330, 87, 0, 1, 1, 578, 850, 0, 0, 1, 4, 0, 2, 1, 1]),
 (12, [1437, 100, 0, 1, 1, 642, 931, 0, 0, 0, 4, 1, 1, 0, 2]),
 (12, [1553, 45, 0, 1, 0, 657, 578, 1, 1, 1, 3, 0, 0, 1, 2]),
 (12, [1882, 91, 1, 1, 1, 1106, 1549, 1, 0, 0, 3, 1, 1, 0, 1]),
 (12, [1908, 105, 0, 1, 0, 1855, 1052, 0, 1, 2, 2, 1, 2, 2, 0]),
 (16, [514, 70, 0, 1, 0, 577, 1066, 1, 1, 0, 1, 0, 2, 1, 1]),
 (16, [546, 34, 1, 0, 0, 1493, 1716, 1, 0, 1, 1, 1, 2, 1, 2]),
 (16, [590, 65, 1, 0, 0, 838, 1816, 1, 1, 0, 2, 1, 2, 2, 1]),
 (16, [1001, 66, 0, 1, 1, 590, 1276, 0, 0, 0, 2, 0, 1, 0, 0]),
 (16, [1077, 12, 1, 0, 1, 840, 539, 1, 1, 0, 1, 0, 0, 1, 2]),
 (16, [1130, 38, 1, 1, 1, 1253, 1024, 0, 0, 1, 4, 1, 0, 1, 2]),
 (16, [1152, 34, 0, 0, 0, 1034, 738, 1, 1, 2, 1, 1, 2, 1, 0]),
 (16, [1209, 101, 0, 1, 1, 1499, 946, 1, 1, 2, 3, 0, 0, 0, 0]),
 (16, [1259, 30, 0, 0, 0, 600, 1282, 0, 1, 0, 2, 1, 0, 1, 1]),
 (16, [1463, 83, 1, 0, 0, 1479, 601, 1, 1, 1, 0, 1, 1, 0, 2]),
 (16, [1478, 29, 1, 0, 0, 952, 1837, 1, 1, 1, 4, 1, 2, 1, 0]),
 (16, [1641, 12, 1, 0, 1, 1557, 1555, 0, 0, 2, 1, 1, 2, 2, 2]),
 (16, [1882, 79, 0, 1, 0, 530, 1696, 0, 1, 0, 4, 1, 1, 1, 1]),
 (16, [2016, 84, 1, 1, 1, 664, 524, 1, 1, 0, 4, 1, 1, 2, 2]),
 (17, [2024, 17, 1, 0, 0, 1585, 1237, 0, 0, 0, 1, 1, 2, 1, 0]),
 (999, [759, 78, 1, 1, 0, 1611, 884, 1, 1, 3, 1, 0, 1, 0, 2]),
 (999, [802, 71, 1, 1, 0, 1617, 603, 1, 0, 1, 5, 0, 2, 1, 0]),
 (999, [928, 81, 1, 1, 0, 624, 1360, 1, 1, 0, 5, 0, 1, 1, 0]),
 (999, [1052, 113, 1, 0, 0, 1145, 1152, 0, 1, 3, 5, 1, 2, 0, 0]),
 (999, [1085, 51, 0, 0, 0, 1127, 602, 1, 0, 1, 5, 1, 1, 2, 1]),
 (999, [1379, 91, 1, 0, 1, 2015, 583, 0, 1, 3, 1, 1, 1, 2, 0]),
 (999, [1499, 109, 1, 1, 1, 1235, 1390, 1, 1, 3, 4, 1, 2, 0, 1]),
 (999, [1547, 16, 1, 0, 0, 597, 1147, 1, 1, 0, 5, 0, 1, 2, 0]),
 (999, [1720, 117, 0, 0, 1, 1918, 1013, 1, 0, 3, 1, 0, 2, 0, 0]),
 (999, [1868, 61, 0, 1, 0, 1780, 1976, 0, 1, 3, 1, 1, 1, 2, 2])]
Selected
[(16, [546, 34, 1, 0, 0, 1493, 1716, 1, 0, 1, 1, 1, 2, 1, 2]),
 (12, [662, 103, 1, 0, 0, 1358, 666, 0, 1, 2, 1, 1, 2, 2, 0]),
 (16, [514, 70, 0, 1, 0, 577, 1066, 1, 1, 0, 1, 0, 2, 1, 1]),
 (12, [662, 103, 1, 0, 0, 1358, 666, 0, 1, 2, 1, 1, 2, 2, 0]),
 (12, [1553, 45, 0, 1, 0, 657, 578, 1, 1, 1, 3, 0, 0, 1, 2]),
 (12, [1437, 100, 0, 1, 1, 642, 931, 0, 0, 0, 4, 1, 1, 0, 2]),
 (12, [662, 103, 1, 0, 0, 1358, 666, 0, 1, 2, 1, 1, 2, 2, 0]),
 (12, [1553, 45, 0, 1, 0, 657, 578, 1, 1, 1, 3, 0, 0, 1, 2]),
 (12, [662, 103, 1, 0, 0, 1358, 666, 0, 1, 2, 1, 1, 2, 2, 0]),
 (16, [1209, 101, 0, 1, 1, 1499, 946, 1, 1, 2, 3, 0, 0, 0, 0]),
 (16, [1209, 101, 0, 1, 1, 1499, 946, 1, 1, 2, 3, 0, 0, 0, 0]),
 (12, [1437, 100, 0, 1, 1, 642, 931, 0, 0, 0, 4, 1, 1, 0, 2]),
 (16, [590, 65, 1, 0, 0, 838, 1816, 1, 1, 0, 2, 1, 2, 2, 1]),
 (12, [1216, 108, 0, 0, 1, 1645, 627, 0, 1, 1, 4, 1, 1, 2, 0]),
 (12, [1908, 105, 0, 1, 0, 1855, 1052, 0, 1, 2, 2, 1, 2, 2, 0]),
 (12, [1882, 91, 1, 1, 1, 1106, 1549, 1, 0, 0, 3, 1, 1, 0, 1]),
 (16, [1641, 12, 1, 0, 1, 1557, 1555, 0, 0, 2, 1, 1, 2, 2, 2]),
 (16, [514, 70, 0, 1, 0, 577, 1066, 1, 1, 0, 1, 0, 2, 1, 1]),
 (16, [590, 65, 1, 0, 0, 838, 1816, 1, 1, 0, 2, 1, 2, 2, 1]),
 (12, [662, 103, 1, 0, 0, 1358, 666, 0, 1, 2, 1, 1, 2, 2, 0]),
 (12, [1437, 100, 0, 1, 1, 642, 931, 0, 0, 0, 4, 1, 1, 0, 2]),
 (12, [1437, 100, 0, 1, 1, 642, 931, 0, 0, 0, 4, 1, 1, 0, 2]),
 (12, [1330, 87, 0, 1, 1, 578, 850, 0, 0, 1, 4, 0, 2, 1, 1]),
 (12, [1908, 105, 0, 1, 0, 1855, 1052, 0, 1, 2, 2, 1, 2, 2, 0]),
 (12, [662, 103, 1, 0, 0, 1358, 666, 0, 1, 2, 1, 1, 2, 2, 0]),
 (12, [662, 103, 1, 0, 0, 1358, 666, 0, 1, 2, 1, 1, 2, 2, 0]),
 (12, [1330, 87, 0, 1, 1, 578, 850, 0, 0, 1, 4, 0, 2, 1, 1])]
population
[(999, [1868, 61, 0, 1, 0, 1780, 1976, 0, 1, 3, 1, 1, 1, 2, 2]),
 (999, [1720, 117, 0, 0, 1, 1918, 1013, 1, 0, 3, 1, 0, 2, 0, 0]),
 (999, [1547, 16, 1, 0, 0, 597, 1147, 1, 1, 0, 5, 0, 1, 2, 0]),
 (999, [1499, 109, 1, 1, 1, 1235, 1390, 1, 1, 3, 4, 1, 2, 0, 1]),
 (999, [1379, 91, 1, 0, 1, 2015, 583, 0, 1, 3, 1, 1, 1, 2, 0]),
 (999, [1085, 51, 0, 0, 0, 1127, 602, 1, 0, 1, 5, 1, 1, 2, 1]),
 (999, [1052, 113, 1, 0, 0, 1145, 1152, 0, 1, 3, 5, 1, 2, 0, 0]),
 (999, [928, 81, 1, 1, 0, 624, 1360, 1, 1, 0, 5, 0, 1, 1, 0]),
 (999, [802, 71, 1, 1, 0, 1617, 603, 1, 0, 1, 5, 0, 2, 1, 0]),
 (999, [759, 78, 1, 1, 0, 1611, 884, 1, 1, 3, 1, 0, 1, 0, 2]),
 (17, [2024, 17, 1, 0, 0, 1585, 1237, 0, 0, 0, 1, 1, 2, 1, 0]),
 (16, [2016, 84, 1, 1, 1, 664, 524, 1, 1, 0, 4, 1, 1, 2, 2]),
 (16, [1882, 79, 0, 1, 0, 530, 1696, 0, 1, 0, 4, 1, 1, 1, 1]),
 (16, [1641, 12, 1, 0, 1, 1557, 1555, 0, 0, 2, 1, 1, 2, 2, 2]),
 (16, [1478, 29, 1, 0, 0, 952, 1837, 1, 1, 1, 4, 1, 2, 1, 0]),
 (16, [1463, 83, 1, 0, 0, 1479, 601, 1, 1, 1, 0, 1, 1, 0, 2]),
 (16, [1259, 30, 0, 0, 0, 600, 1282, 0, 1, 0, 2, 1, 0, 1, 1]),
 (16, [1209, 101, 0, 1, 1, 1499, 946, 1, 1, 2, 3, 0, 0, 0, 0]),
 (16, [1152, 34, 0, 0, 0, 1034, 738, 1, 1, 2, 1, 1, 2, 1, 0]),
 (16, [1130, 38, 1, 1, 1, 1253, 1024, 0, 0, 1, 4, 1, 0, 1, 2]),
 (16, [1077, 12, 1, 0, 1, 840, 539, 1, 1, 0, 1, 0, 0, 1, 2]),
 (16, [1001, 66, 0, 1, 1, 590, 1276, 0, 0, 0, 2, 0, 1, 0, 0]),
 (16, [590, 65, 1, 0, 0, 838, 1816, 1, 1, 0, 2, 1, 2, 2, 1]),
 (16, [546, 34, 1, 0, 0, 1493, 1716, 1, 0, 1, 1, 1, 2, 1, 2]),
 (16, [514, 70, 0, 1, 0, 577, 1066, 1, 1, 0, 1, 0, 2, 1, 1]),
 (12, [1908, 105, 0, 1, 0, 1855, 1052, 0, 1, 2, 2, 1, 2, 2, 0]),
 (12, [1882, 91, 1, 1, 1, 1106, 1549, 1, 0, 0, 3, 1, 1, 0, 1]),
 (12, [1553, 45, 0, 1, 0, 657, 578, 1, 1, 1, 3, 0, 0, 1, 2]),
 (12, [1437, 100, 0, 1, 1, 642, 931, 0, 0, 0, 4, 1, 1, 0, 2]),
 (12, [1330, 87, 0, 1, 1, 578, 850, 0, 0, 1, 4, 0, 2, 1, 1]),
 (12, [1216, 108, 0, 0, 1, 1645, 627, 0, 1, 1, 4, 1, 1, 2, 0]),
 (12, [662, 103, 1, 0, 0, 1358, 666, 0, 1, 2, 1, 1, 2, 2, 0])]
scored
[(12, [662, 103, 1, 0, 0, 1358, 666, 0, 1, 2, 1, 1, 2, 2, 0]),
 (12, [1216, 108, 0, 0, 1, 1645, 627, 0, 1, 1, 4, 1, 1, 2, 0]),
 (12, [1330, 87, 0, 1, 1, 578, 850, 0, 0, 1, 4, 0, 2, 1, 1]),
 (12, [1437, 100, 0, 1, 1, 642, 931, 0, 0, 0, 4, 1, 1, 0, 2]),
 (12, [1553, 45, 0, 1, 0, 657, 578, 1, 1, 1, 3, 0, 0, 1, 2]),
 (12, [1882, 91, 1, 1, 1, 1106, 1549, 1, 0, 0, 3, 1, 1, 0, 1]),
 (12, [1908, 105, 0, 1, 0, 1855, 1052, 0, 1, 2, 2, 1, 2, 2, 0]),
 (16, [514, 70, 0, 1, 0, 577, 1066, 1, 1, 0, 1, 0, 2, 1, 1]),
 (16, [546, 34, 1, 0, 0, 1493, 1716, 1, 0, 1, 1, 1, 2, 1, 2]),
 (16, [590, 65, 1, 0, 0, 838, 1816, 1, 1, 0, 2, 1, 2, 2, 1]),
 (16, [1001, 66, 0, 1, 1, 590, 1276, 0, 0, 0, 2, 0, 1, 0, 0]),
 (16, [1077, 12, 1, 0, 1, 840, 539, 1, 1, 0, 1, 0, 0, 1, 2]),
 (16, [1130, 38, 1, 1, 1, 1253, 1024, 0, 0, 1, 4, 1, 0, 1, 2]),
 (16, [1152, 34, 0, 0, 0, 1034, 738, 1, 1, 2, 1, 1, 2, 1, 0]),
 (16, [1209, 101, 0, 1, 1, 1499, 946, 1, 1, 2, 3, 0, 0, 0, 0]),
 (16, [1259, 30, 0, 0, 0, 600, 1282, 0, 1, 0, 2, 1, 0, 1, 1]),
 (16, [1463, 83, 1, 0, 0, 1479, 601, 1, 1, 1, 0, 1, 1, 0, 2]),
 (16, [1478, 29, 1, 0, 0, 952, 1837, 1, 1, 1, 4, 1, 2, 1, 0]),
 (16, [1641, 12, 1, 0, 1, 1557, 1555, 0, 0, 2, 1, 1, 2, 2, 2]),
 (16, [1882, 79, 0, 1, 0, 530, 1696, 0, 1, 0, 4, 1, 1, 1, 1]),
 (16, [2016, 84, 1, 1, 1, 664, 524, 1, 1, 0, 4, 1, 1, 2, 2]),
 (17, [2024, 17, 1, 0, 0, 1585, 1237, 0, 0, 0, 1, 1, 2, 1, 0]),
 (999, [759, 78, 1, 1, 0, 1611, 884, 1, 1, 3, 1, 0, 1, 0, 2]),
 (999, [802, 71, 1, 1, 0, 1617, 603, 1, 0, 1, 5, 0, 2, 1, 0]),
 (999, [928, 81, 1, 1, 0, 624, 1360, 1, 1, 0, 5, 0, 1, 1, 0]),
 (999, [1052, 113, 1, 0, 0, 1145, 1152, 0, 1, 3, 5, 1, 2, 0, 0]),
 (999, [1085, 51, 0, 0, 0, 1127, 602, 1, 0, 1, 5, 1, 1, 2, 1]),
 (999, [1379, 91, 1, 0, 1, 2015, 583, 0, 1, 3, 1, 1, 1, 2, 0]),
 (999, [1499, 109, 1, 1, 1, 1235, 1390, 1, 1, 3, 4, 1, 2, 0, 1]),
 (999, [1547, 16, 1, 0, 0, 597, 1147, 1, 1, 0, 5, 0, 1, 2, 0]),
 (999, [1720, 117, 0, 0, 1, 1918, 1013, 1, 0, 3, 1, 0, 2, 0, 0]),
 (999, [1868, 61, 0, 1, 0, 1780, 1976, 0, 1, 3, 1, 1, 1, 2, 2])]
Selected
[(12, [662, 103, 1, 0, 0, 1358, 666, 0, 1, 2, 1, 1, 2, 2, 0]),
 (12, [1437, 100, 0, 1, 1, 642, 931, 0, 0, 0, 4, 1, 1, 0, 2]),
 (16, [1001, 66, 0, 1, 1, 590, 1276, 0, 0, 0, 2, 0, 1, 0, 0]),
 (12, [1330, 87, 0, 1, 1, 578, 850, 0, 0, 1, 4, 0, 2, 1, 1]),
 (16, [1259, 30, 0, 0, 0, 600, 1282, 0, 1, 0, 2, 1, 0, 1, 1]),
 (12, [1908, 105, 0, 1, 0, 1855, 1052, 0, 1, 2, 2, 1, 2, 2, 0]),
 (12, [1330, 87, 0, 1, 1, 578, 850, 0, 0, 1, 4, 0, 2, 1, 1]),
 (12, [1437, 100, 0, 1, 1, 642, 931, 0, 0, 0, 4, 1, 1, 0, 2]),
 (12, [1553, 45, 0, 1, 0, 657, 578, 1, 1, 1, 3, 0, 0, 1, 2]),
 (16, [590, 65, 1, 0, 0, 838, 1816, 1, 1, 0, 2, 1, 2, 2, 1]),
 (12, [1216, 108, 0, 0, 1, 1645, 627, 0, 1, 1, 4, 1, 1, 2, 0]),
 (16, [1001, 66, 0, 1, 1, 590, 1276, 0, 0, 0, 2, 0, 1, 0, 0]),
 (12, [1553, 45, 0, 1, 0, 657, 578, 1, 1, 1, 3, 0, 0, 1, 2]),
 (12, [1553, 45, 0, 1, 0, 657, 578, 1, 1, 1, 3, 0, 0, 1, 2]),
 (16, [514, 70, 0, 1, 0, 577, 1066, 1, 1, 0, 1, 0, 2, 1, 1]),
 (12, [1330, 87, 0, 1, 1, 578, 850, 0, 0, 1, 4, 0, 2, 1, 1]),
 (12, [662, 103, 1, 0, 0, 1358, 666, 0, 1, 2, 1, 1, 2, 2, 0]),
 (12, [1908, 105, 0, 1, 0, 1855, 1052, 0, 1, 2, 2, 1, 2, 2, 0]),
 (16, [1152, 34, 0, 0, 0, 1034, 738, 1, 1, 2, 1, 1, 2, 1, 0]),
 (12, [1216, 108, 0, 0, 1, 1645, 627, 0, 1, 1, 4, 1, 1, 2, 0]),
 (12, [1553, 45, 0, 1, 0, 657, 578, 1, 1, 1, 3, 0, 0, 1, 2]),
 (16, [590, 65, 1, 0, 0, 838, 1816, 1, 1, 0, 2, 1, 2, 2, 1]),
 (12, [1330, 87, 0, 1, 1, 578, 850, 0, 0, 1, 4, 0, 2, 1, 1]),
 (16, [546, 34, 1, 0, 0, 1493, 1716, 1, 0, 1, 1, 1, 2, 1, 2]),
 (12, [1216, 108, 0, 0, 1, 1645, 627, 0, 1, 1, 4, 1, 1, 2, 0]),
 (12, [1882, 91, 1, 1, 1, 1106, 1549, 1, 0, 0, 3, 1, 1, 0, 1]),
 (12, [1882, 91, 1, 1, 1, 1106, 1549, 1, 0, 0, 3, 1, 1, 0, 1])]
population
[(999, [1868, 61, 0, 1, 0, 1780, 1976, 0, 1, 3, 1, 1, 1, 2, 2]),
 (999, [1720, 117, 0, 0, 1, 1918, 1013, 1, 0, 3, 1, 0, 2, 0, 0]),
 (999, [1547, 16, 1, 0, 0, 597, 1147, 1, 1, 0, 5, 0, 1, 2, 0]),
 (999, [1499, 109, 1, 1, 1, 1235, 1390, 1, 1, 3, 4, 1, 2, 0, 1]),
 (999, [1379, 91, 1, 0, 1, 2015, 583, 0, 1, 3, 1, 1, 1, 2, 0]),
 (999, [1085, 51, 0, 0, 0, 1127, 602, 1, 0, 1, 5, 1, 1, 2, 1]),
 (999, [1052, 113, 1, 0, 0, 1145, 1152, 0, 1, 3, 5, 1, 2, 0, 0]),
 (999, [928, 81, 1, 1, 0, 624, 1360, 1, 1, 0, 5, 0, 1, 1, 0]),
 (999, [802, 71, 1, 1, 0, 1617, 603, 1, 0, 1, 5, 0, 2, 1, 0]),
 (999, [759, 78, 1, 1, 0, 1611, 884, 1, 1, 3, 1, 0, 1, 0, 2]),
 (17, [2024, 17, 1, 0, 0, 1585, 1237, 0, 0, 0, 1, 1, 2, 1, 0]),
 (16, [2016, 84, 1, 1, 1, 664, 524, 1, 1, 0, 4, 1, 1, 2, 2]),
 (16, [1882, 79, 0, 1, 0, 530, 1696, 0, 1, 0, 4, 1, 1, 1, 1]),
 (16, [1641, 12, 1, 0, 1, 1557, 1555, 0, 0, 2, 1, 1, 2, 2, 2]),
 (16, [1478, 29, 1, 0, 0, 952, 1837, 1, 1, 1, 4, 1, 2, 1, 0]),
 (16, [1463, 83, 1, 0, 0, 1479, 601, 1, 1, 1, 0, 1, 1, 0, 2]),
 (16, [1259, 30, 0, 0, 0, 600, 1282, 0, 1, 0, 2, 1, 0, 1, 1]),
 (16, [1209, 101, 0, 1, 1, 1499, 946, 1, 1, 2, 3, 0, 0, 0, 0]),
 (16, [1152, 34, 0, 0, 0, 1034, 738, 1, 1, 2, 1, 1, 2, 1, 0]),
 (16, [1130, 38, 1, 1, 1, 1253, 1024, 0, 0, 1, 4, 1, 0, 1, 2]),
 (16, [1077, 12, 1, 0, 1, 840, 539, 1, 1, 0, 1, 0, 0, 1, 2]),
 (16, [1001, 66, 0, 1, 1, 590, 1276, 0, 0, 0, 2, 0, 1, 0, 0]),
 (16, [590, 65, 1, 0, 0, 838, 1816, 1, 1, 0, 2, 1, 2, 2, 1]),
 (16, [546, 34, 1, 0, 0, 1493, 1716, 1, 0, 1, 1, 1, 2, 1, 2]),
 (16, [514, 70, 0, 1, 0, 577, 1066, 1, 1, 0, 1, 0, 2, 1, 1]),
 (12, [1908, 105, 0, 1, 0, 1855, 1052, 0, 1, 2, 2, 1, 2, 2, 0]),
 (12, [1882, 91, 1, 1, 1, 1106, 1549, 1, 0, 0, 3, 1, 1, 0, 1]),
 (12, [1553, 45, 0, 1, 0, 657, 578, 1, 1, 1, 3, 0, 0, 1, 2]),
 (12, [1437, 100, 0, 1, 1, 642, 931, 0, 0, 0, 4, 1, 1, 0, 2]),
 (12, [1330, 87, 0, 1, 1, 578, 850, 0, 0, 1, 4, 0, 2, 1, 1]),
 (12, [1216, 108, 0, 0, 1, 1645, 627, 0, 1, 1, 4, 1, 1, 2, 0]),
 (12, [662, 103, 1, 0, 0, 1358, 666, 0, 1, 2, 1, 1, 2, 2, 0])]
scored
[(12, [662, 103, 1, 0, 0, 1358, 666, 0, 1, 2, 1, 1, 2, 2, 0]),
 (12, [1216, 108, 0, 0, 1, 1645, 627, 0, 1, 1, 4, 1, 1, 2, 0]),
 (12, [1330, 87, 0, 1, 1, 578, 850, 0, 0, 1, 4, 0, 2, 1, 1]),
 (12, [1437, 100, 0, 1, 1, 642, 931, 0, 0, 0, 4, 1, 1, 0, 2]),
 (12, [1553, 45, 0, 1, 0, 657, 578, 1, 1, 1, 3, 0, 0, 1, 2]),
 (12, [1882, 91, 1, 1, 1, 1106, 1549, 1, 0, 0, 3, 1, 1, 0, 1]),
 (12, [1908, 105, 0, 1, 0, 1855, 1052, 0, 1, 2, 2, 1, 2, 2, 0]),
 (16, [514, 70, 0, 1, 0, 577, 1066, 1, 1, 0, 1, 0, 2, 1, 1]),
 (16, [546, 34, 1, 0, 0, 1493, 1716, 1, 0, 1, 1, 1, 2, 1, 2]),
 (16, [590, 65, 1, 0, 0, 838, 1816, 1, 1, 0, 2, 1, 2, 2, 1]),
 (16, [1001, 66, 0, 1, 1, 590, 1276, 0, 0, 0, 2, 0, 1, 0, 0]),
 (16, [1077, 12, 1, 0, 1, 840, 539, 1, 1, 0, 1, 0, 0, 1, 2]),
 (16, [1130, 38, 1, 1, 1, 1253, 1024, 0, 0, 1, 4, 1, 0, 1, 2]),
 (16, [1152, 34, 0, 0, 0, 1034, 738, 1, 1, 2, 1, 1, 2, 1, 0]),
 (16, [1209, 101, 0, 1, 1, 1499, 946, 1, 1, 2, 3, 0, 0, 0, 0]),
 (16, [1259, 30, 0, 0, 0, 600, 1282, 0, 1, 0, 2, 1, 0, 1, 1]),
 (16, [1463, 83, 1, 0, 0, 1479, 601, 1, 1, 1, 0, 1, 1, 0, 2]),
 (16, [1478, 29, 1, 0, 0, 952, 1837, 1, 1, 1, 4, 1, 2, 1, 0]),
 (16, [1641, 12, 1, 0, 1, 1557, 1555, 0, 0, 2, 1, 1, 2, 2, 2]),
 (16, [1882, 79, 0, 1, 0, 530, 1696, 0, 1, 0, 4, 1, 1, 1, 1]),
 (16, [2016, 84, 1, 1, 1, 664, 524, 1, 1, 0, 4, 1, 1, 2, 2]),
 (17, [2024, 17, 1, 0, 0, 1585, 1237, 0, 0, 0, 1, 1, 2, 1, 0]),
 (999, [759, 78, 1, 1, 0, 1611, 884, 1, 1, 3, 1, 0, 1, 0, 2]),
 (999, [802, 71, 1, 1, 0, 1617, 603, 1, 0, 1, 5, 0, 2, 1, 0]),
 (999, [928, 81, 1, 1, 0, 624, 1360, 1, 1, 0, 5, 0, 1, 1, 0]),
 (999, [1052, 113, 1, 0, 0, 1145, 1152, 0, 1, 3, 5, 1, 2, 0, 0]),
 (999, [1085, 51, 0, 0, 0, 1127, 602, 1, 0, 1, 5, 1, 1, 2, 1]),
 (999, [1379, 91, 1, 0, 1, 2015, 583, 0, 1, 3, 1, 1, 1, 2, 0]),
 (999, [1499, 109, 1, 1, 1, 1235, 1390, 1, 1, 3, 4, 1, 2, 0, 1]),
 (999, [1547, 16, 1, 0, 0, 597, 1147, 1, 1, 0, 5, 0, 1, 2, 0]),
 (999, [1720, 117, 0, 0, 1, 1918, 1013, 1, 0, 3, 1, 0, 2, 0, 0]),
 (999, [1868, 61, 0, 1, 0, 1780, 1976, 0, 1, 3, 1, 1, 1, 2, 2])]
Selected
[(16, [514, 70, 0, 1, 0, 577, 1066, 1, 1, 0, 1, 0, 2, 1, 1]),
 (12, [1437, 100, 0, 1, 1, 642, 931, 0, 0, 0, 4, 1, 1, 0, 2]),
 (12, [1908, 105, 0, 1, 0, 1855, 1052, 0, 1, 2, 2, 1, 2, 2, 0]),
 (16, [1152, 34, 0, 0, 0, 1034, 738, 1, 1, 2, 1, 1, 2, 1, 0]),
 (12, [1437, 100, 0, 1, 1, 642, 931, 0, 0, 0, 4, 1, 1, 0, 2]),
 (12, [1553, 45, 0, 1, 0, 657, 578, 1, 1, 1, 3, 0, 0, 1, 2]),
 (12, [1908, 105, 0, 1, 0, 1855, 1052, 0, 1, 2, 2, 1, 2, 2, 0]),
 (12, [1216, 108, 0, 0, 1, 1645, 627, 0, 1, 1, 4, 1, 1, 2, 0]),
 (12, [1216, 108, 0, 0, 1, 1645, 627, 0, 1, 1, 4, 1, 1, 2, 0]),
 (12, [662, 103, 1, 0, 0, 1358, 666, 0, 1, 2, 1, 1, 2, 2, 0]),
 (12, [1553, 45, 0, 1, 0, 657, 578, 1, 1, 1, 3, 0, 0, 1, 2]),
 (12, [1330, 87, 0, 1, 1, 578, 850, 0, 0, 1, 4, 0, 2, 1, 1]),
 (12, [1437, 100, 0, 1, 1, 642, 931, 0, 0, 0, 4, 1, 1, 0, 2]),
 (12, [662, 103, 1, 0, 0, 1358, 666, 0, 1, 2, 1, 1, 2, 2, 0]),
 (16, [546, 34, 1, 0, 0, 1493, 1716, 1, 0, 1, 1, 1, 2, 1, 2]),
 (12, [1908, 105, 0, 1, 0, 1855, 1052, 0, 1, 2, 2, 1, 2, 2, 0]),
 (16, [546, 34, 1, 0, 0, 1493, 1716, 1, 0, 1, 1, 1, 2, 1, 2]),
 (16, [1152, 34, 0, 0, 0, 1034, 738, 1, 1, 2, 1, 1, 2, 1, 0]),
 (12, [1216, 108, 0, 0, 1, 1645, 627, 0, 1, 1, 4, 1, 1, 2, 0]),
 (12, [1553, 45, 0, 1, 0, 657, 578, 1, 1, 1, 3, 0, 0, 1, 2]),
 (12, [662, 103, 1, 0, 0, 1358, 666, 0, 1, 2, 1, 1, 2, 2, 0]),
 (12, [1216, 108, 0, 0, 1, 1645, 627, 0, 1, 1, 4, 1, 1, 2, 0]),
 (12, [1908, 105, 0, 1, 0, 1855, 1052, 0, 1, 2, 2, 1, 2, 2, 0]),
 (16, [546, 34, 1, 0, 0, 1493, 1716, 1, 0, 1, 1, 1, 2, 1, 2]),
 (16, [1478, 29, 1, 0, 0, 952, 1837, 1, 1, 1, 4, 1, 2, 1, 0]),
 (16, [1463, 83, 1, 0, 0, 1479, 601, 1, 1, 1, 0, 1, 1, 0, 2]),
 (16, [514, 70, 0, 1, 0, 577, 1066, 1, 1, 0, 1, 0, 2, 1, 1])]
population
[(999, [1868, 61, 0, 1, 0, 1780, 1976, 0, 1, 3, 1, 1, 1, 2, 2]),
 (999, [1720, 117, 0, 0, 1, 1918, 1013, 1, 0, 3, 1, 0, 2, 0, 0]),
 (999, [1547, 16, 1, 0, 0, 597, 1147, 1, 1, 0, 5, 0, 1, 2, 0]),
 (999, [1499, 109, 1, 1, 1, 1235, 1390, 1, 1, 3, 4, 1, 2, 0, 1]),
 (999, [1379, 91, 1, 0, 1, 2015, 583, 0, 1, 3, 1, 1, 1, 2, 0]),
 (999, [1085, 51, 0, 0, 0, 1127, 602, 1, 0, 1, 5, 1, 1, 2, 1]),
 (999, [1052, 113, 1, 0, 0, 1145, 1152, 0, 1, 3, 5, 1, 2, 0, 0]),
 (999, [928, 81, 1, 1, 0, 624, 1360, 1, 1, 0, 5, 0, 1, 1, 0]),
 (999, [802, 71, 1, 1, 0, 1617, 603, 1, 0, 1, 5, 0, 2, 1, 0]),
 (999, [759, 78, 1, 1, 0, 1611, 884, 1, 1, 3, 1, 0, 1, 0, 2]),
 (17, [2024, 17, 1, 0, 0, 1585, 1237, 0, 0, 0, 1, 1, 2, 1, 0]),
 (16, [2016, 84, 1, 1, 1, 664, 524, 1, 1, 0, 4, 1, 1, 2, 2]),
 (16, [1882, 79, 0, 1, 0, 530, 1696, 0, 1, 0, 4, 1, 1, 1, 1]),
 (16, [1641, 12, 1, 0, 1, 1557, 1555, 0, 0, 2, 1, 1, 2, 2, 2]),
 (16, [1478, 29, 1, 0, 0, 952, 1837, 1, 1, 1, 4, 1, 2, 1, 0]),
 (16, [1463, 83, 1, 0, 0, 1479, 601, 1, 1, 1, 0, 1, 1, 0, 2]),
 (16, [1259, 30, 0, 0, 0, 600, 1282, 0, 1, 0, 2, 1, 0, 1, 1]),
 (16, [1209, 101, 0, 1, 1, 1499, 946, 1, 1, 2, 3, 0, 0, 0, 0]),
 (16, [1152, 34, 0, 0, 0, 1034, 738, 1, 1, 2, 1, 1, 2, 1, 0]),
 (16, [1130, 38, 1, 1, 1, 1253, 1024, 0, 0, 1, 4, 1, 0, 1, 2]),
 (16, [1077, 12, 1, 0, 1, 840, 539, 1, 1, 0, 1, 0, 0, 1, 2]),
 (16, [1001, 66, 0, 1, 1, 590, 1276, 0, 0, 0, 2, 0, 1, 0, 0]),
 (16, [590, 65, 1, 0, 0, 838, 1816, 1, 1, 0, 2, 1, 2, 2, 1]),
 (16, [546, 34, 1, 0, 0, 1493, 1716, 1, 0, 1, 1, 1, 2, 1, 2]),
 (16, [514, 70, 0, 1, 0, 577, 1066, 1, 1, 0, 1, 0, 2, 1, 1]),
 (12, [1908, 105, 0, 1, 0, 1855, 1052, 0, 1, 2, 2, 1, 2, 2, 0]),
 (12, [1882, 91, 1, 1, 1, 1106, 1549, 1, 0, 0, 3, 1, 1, 0, 1]),
 (12, [1553, 45, 0, 1, 0, 657, 578, 1, 1, 1, 3, 0, 0, 1, 2]),
 (12, [1437, 100, 0, 1, 1, 642, 931, 0, 0, 0, 4, 1, 1, 0, 2]),
 (12, [1330, 87, 0, 1, 1, 578, 850, 0, 0, 1, 4, 0, 2, 1, 1]),
 (12, [1216, 108, 0, 0, 1, 1645, 627, 0, 1, 1, 4, 1, 1, 2, 0]),
 (12, [662, 103, 1, 0, 0, 1358, 666, 0, 1, 2, 1, 1, 2, 2, 0])]
scored
[(12, [662, 103, 1, 0, 0, 1358, 666, 0, 1, 2, 1, 1, 2, 2, 0]),
 (12, [1216, 108, 0, 0, 1, 1645, 627, 0, 1, 1, 4, 1, 1, 2, 0]),
 (12, [1330, 87, 0, 1, 1, 578, 850, 0, 0, 1, 4, 0, 2, 1, 1]),
 (12, [1437, 100, 0, 1, 1, 642, 931, 0, 0, 0, 4, 1, 1, 0, 2]),
 (12, [1553, 45, 0, 1, 0, 657, 578, 1, 1, 1, 3, 0, 0, 1, 2]),
 (12, [1882, 91, 1, 1, 1, 1106, 1549, 1, 0, 0, 3, 1, 1, 0, 1]),
 (12, [1908, 105, 0, 1, 0, 1855, 1052, 0, 1, 2, 2, 1, 2, 2, 0]),
 (16, [514, 70, 0, 1, 0, 577, 1066, 1, 1, 0, 1, 0, 2, 1, 1]),
 (16, [546, 34, 1, 0, 0, 1493, 1716, 1, 0, 1, 1, 1, 2, 1, 2]),
 (16, [590, 65, 1, 0, 0, 838, 1816, 1, 1, 0, 2, 1, 2, 2, 1]),
 (16, [1001, 66, 0, 1, 1, 590, 1276, 0, 0, 0, 2, 0, 1, 0, 0]),
 (16, [1077, 12, 1, 0, 1, 840, 539, 1, 1, 0, 1, 0, 0, 1, 2]),
 (16, [1130, 38, 1, 1, 1, 1253, 1024, 0, 0, 1, 4, 1, 0, 1, 2]),
 (16, [1152, 34, 0, 0, 0, 1034, 738, 1, 1, 2, 1, 1, 2, 1, 0]),
 (16, [1209, 101, 0, 1, 1, 1499, 946, 1, 1, 2, 3, 0, 0, 0, 0]),
 (16, [1259, 30, 0, 0, 0, 600, 1282, 0, 1, 0, 2, 1, 0, 1, 1]),
 (16, [1463, 83, 1, 0, 0, 1479, 601, 1, 1, 1, 0, 1, 1, 0, 2]),
 (16, [1478, 29, 1, 0, 0, 952, 1837, 1, 1, 1, 4, 1, 2, 1, 0]),
 (16, [1641, 12, 1, 0, 1, 1557, 1555, 0, 0, 2, 1, 1, 2, 2, 2]),
 (16, [1882, 79, 0, 1, 0, 530, 1696, 0, 1, 0, 4, 1, 1, 1, 1]),
 (16, [2016, 84, 1, 1, 1, 664, 524, 1, 1, 0, 4, 1, 1, 2, 2]),
 (17, [2024, 17, 1, 0, 0, 1585, 1237, 0, 0, 0, 1, 1, 2, 1, 0]),
 (999, [759, 78, 1, 1, 0, 1611, 884, 1, 1, 3, 1, 0, 1, 0, 2]),
 (999, [802, 71, 1, 1, 0, 1617, 603, 1, 0, 1, 5, 0, 2, 1, 0]),
 (999, [928, 81, 1, 1, 0, 624, 1360, 1, 1, 0, 5, 0, 1, 1, 0]),
 (999, [1052, 113, 1, 0, 0, 1145, 1152, 0, 1, 3, 5, 1, 2, 0, 0]),
 (999, [1085, 51, 0, 0, 0, 1127, 602, 1, 0, 1, 5, 1, 1, 2, 1]),
 (999, [1379, 91, 1, 0, 1, 2015, 583, 0, 1, 3, 1, 1, 1, 2, 0]),
 (999, [1499, 109, 1, 1, 1, 1235, 1390, 1, 1, 3, 4, 1, 2, 0, 1]),
 (999, [1547, 16, 1, 0, 0, 597, 1147, 1, 1, 0, 5, 0, 1, 2, 0]),
 (999, [1720, 117, 0, 0, 1, 1918, 1013, 1, 0, 3, 1, 0, 2, 0, 0]),
 (999, [1868, 61, 0, 1, 0, 1780, 1976, 0, 1, 3, 1, 1, 1, 2, 2])]
Selected
[(12, [1330, 87, 0, 1, 1, 578, 850, 0, 0, 1, 4, 0, 2, 1, 1]),
 (12, [1553, 45, 0, 1, 0, 657, 578, 1, 1, 1, 3, 0, 0, 1, 2]),
 (12, [1553, 45, 0, 1, 0, 657, 578, 1, 1, 1, 3, 0, 0, 1, 2]),
 (12, [1330, 87, 0, 1, 1, 578, 850, 0, 0, 1, 4, 0, 2, 1, 1]),
 (16, [590, 65, 1, 0, 0, 838, 1816, 1, 1, 0, 2, 1, 2, 2, 1]),
 (12, [1553, 45, 0, 1, 0, 657, 578, 1, 1, 1, 3, 0, 0, 1, 2]),
 (12, [1330, 87, 0, 1, 1, 578, 850, 0, 0, 1, 4, 0, 2, 1, 1]),
 (16, [546, 34, 1, 0, 0, 1493, 1716, 1, 0, 1, 1, 1, 2, 1, 2]),
 (12, [1330, 87, 0, 1, 1, 578, 850, 0, 0, 1, 4, 0, 2, 1, 1]),
 (16, [590, 65, 1, 0, 0, 838, 1816, 1, 1, 0, 2, 1, 2, 2, 1]),
 (12, [1330, 87, 0, 1, 1, 578, 850, 0, 0, 1, 4, 0, 2, 1, 1]),
 (16, [1001, 66, 0, 1, 1, 590, 1276, 0, 0, 0, 2, 0, 1, 0, 0]),
 (12, [1437, 100, 0, 1, 1, 642, 931, 0, 0, 0, 4, 1, 1, 0, 2]),
 (16, [590, 65, 1, 0, 0, 838, 1816, 1, 1, 0, 2, 1, 2, 2, 1]),
 (16, [1001, 66, 0, 1, 1, 590, 1276, 0, 0, 0, 2, 0, 1, 0, 0]),
 (16, [1209, 101, 0, 1, 1, 1499, 946, 1, 1, 2, 3, 0, 0, 0, 0]),
 (12, [662, 103, 1, 0, 0, 1358, 666, 0, 1, 2, 1, 1, 2, 2, 0]),
 (12, [1330, 87, 0, 1, 1, 578, 850, 0, 0, 1, 4, 0, 2, 1, 1]),
 (12, [1330, 87, 0, 1, 1, 578, 850, 0, 0, 1, 4, 0, 2, 1, 1]),
 (12, [1908, 105, 0, 1, 0, 1855, 1052, 0, 1, 2, 2, 1, 2, 2, 0]),
 (12, [1330, 87, 0, 1, 1, 578, 850, 0, 0, 1, 4, 0, 2, 1, 1]),
 (12, [662, 103, 1, 0, 0, 1358, 666, 0, 1, 2, 1, 1, 2, 2, 0]),
 (16, [546, 34, 1, 0, 0, 1493, 1716, 1, 0, 1, 1, 1, 2, 1, 2]),
 (16, [1478, 29, 1, 0, 0, 952, 1837, 1, 1, 1, 4, 1, 2, 1, 0]),
 (16, [590, 65, 1, 0, 0, 838, 1816, 1, 1, 0, 2, 1, 2, 2, 1]),
 (12, [1437, 100, 0, 1, 1, 642, 931, 0, 0, 0, 4, 1, 1, 0, 2]),
 (12, [1216, 108, 0, 0, 1, 1645, 627, 0, 1, 1, 4, 1, 1, 2, 0])]
population
[(999, [1868, 61, 0, 1, 0, 1780, 1976, 0, 1, 3, 1, 1, 1, 2, 2]),
 (999, [1720, 117, 0, 0, 1, 1918, 1013, 1, 0, 3, 1, 0, 2, 0, 0]),
 (999, [1547, 16, 1, 0, 0, 597, 1147, 1, 1, 0, 5, 0, 1, 2, 0]),
 (999, [1499, 109, 1, 1, 1, 1235, 1390, 1, 1, 3, 4, 1, 2, 0, 1]),
 (999, [1379, 91, 1, 0, 1, 2015, 583, 0, 1, 3, 1, 1, 1, 2, 0]),
 (999, [1085, 51, 0, 0, 0, 1127, 602, 1, 0, 1, 5, 1, 1, 2, 1]),
 (999, [1052, 113, 1, 0, 0, 1145, 1152, 0, 1, 3, 5, 1, 2, 0, 0]),
 (999, [928, 81, 1, 1, 0, 624, 1360, 1, 1, 0, 5, 0, 1, 1, 0]),
 (999, [802, 71, 1, 1, 0, 1617, 603, 1, 0, 1, 5, 0, 2, 1, 0]),
 (999, [759, 78, 1, 1, 0, 1611, 884, 1, 1, 3, 1, 0, 1, 0, 2]),
 (17, [2024, 17, 1, 0, 0, 1585, 1237, 0, 0, 0, 1, 1, 2, 1, 0]),
 (16, [2016, 84, 1, 1, 1, 664, 524, 1, 1, 0, 4, 1, 1, 2, 2]),
 (16, [1882, 79, 0, 1, 0, 530, 1696, 0, 1, 0, 4, 1, 1, 1, 1]),
 (16, [1641, 12, 1, 0, 1, 1557, 1555, 0, 0, 2, 1, 1, 2, 2, 2]),
 (16, [1478, 29, 1, 0, 0, 952, 1837, 1, 1, 1, 4, 1, 2, 1, 0]),
 (16, [1463, 83, 1, 0, 0, 1479, 601, 1, 1, 1, 0, 1, 1, 0, 2]),
 (16, [1259, 30, 0, 0, 0, 600, 1282, 0, 1, 0, 2, 1, 0, 1, 1]),
 (16, [1209, 101, 0, 1, 1, 1499, 946, 1, 1, 2, 3, 0, 0, 0, 0]),
 (16, [1152, 34, 0, 0, 0, 1034, 738, 1, 1, 2, 1, 1, 2, 1, 0]),
 (16, [1130, 38, 1, 1, 1, 1253, 1024, 0, 0, 1, 4, 1, 0, 1, 2]),
 (16, [1077, 12, 1, 0, 1, 840, 539, 1, 1, 0, 1, 0, 0, 1, 2]),
 (16, [1001, 66, 0, 1, 1, 590, 1276, 0, 0, 0, 2, 0, 1, 0, 0]),
 (16, [590, 65, 1, 0, 0, 838, 1816, 1, 1, 0, 2, 1, 2, 2, 1]),
 (16, [546, 34, 1, 0, 0, 1493, 1716, 1, 0, 1, 1, 1, 2, 1, 2]),
 (16, [514, 70, 0, 1, 0, 577, 1066, 1, 1, 0, 1, 0, 2, 1, 1]),
 (12, [1908, 105, 0, 1, 0, 1855, 1052, 0, 1, 2, 2, 1, 2, 2, 0]),
 (12, [1882, 91, 1, 1, 1, 1106, 1549, 1, 0, 0, 3, 1, 1, 0, 1]),
 (12, [1553, 45, 0, 1, 0, 657, 578, 1, 1, 1, 3, 0, 0, 1, 2]),
 (12, [1437, 100, 0, 1, 1, 642, 931, 0, 0, 0, 4, 1, 1, 0, 2]),
 (12, [1330, 87, 0, 1, 1, 578, 850, 0, 0, 1, 4, 0, 2, 1, 1]),
 (12, [1216, 108, 0, 0, 1, 1645, 627, 0, 1, 1, 4, 1, 1, 2, 0]),
 (12, [662, 103, 1, 0, 0, 1358, 666, 0, 1, 2, 1, 1, 2, 2, 0])]
scored
[(12, [662, 103, 1, 0, 0, 1358, 666, 0, 1, 2, 1, 1, 2, 2, 0]),
 (12, [1216, 108, 0, 0, 1, 1645, 627, 0, 1, 1, 4, 1, 1, 2, 0]),
 (12, [1330, 87, 0, 1, 1, 578, 850, 0, 0, 1, 4, 0, 2, 1, 1]),
 (12, [1437, 100, 0, 1, 1, 642, 931, 0, 0, 0, 4, 1, 1, 0, 2]),
 (12, [1553, 45, 0, 1, 0, 657, 578, 1, 1, 1, 3, 0, 0, 1, 2]),
 (12, [1882, 91, 1, 1, 1, 1106, 1549, 1, 0, 0, 3, 1, 1, 0, 1]),
 (12, [1908, 105, 0, 1, 0, 1855, 1052, 0, 1, 2, 2, 1, 2, 2, 0]),
 (16, [514, 70, 0, 1, 0, 577, 1066, 1, 1, 0, 1, 0, 2, 1, 1]),
 (16, [546, 34, 1, 0, 0, 1493, 1716, 1, 0, 1, 1, 1, 2, 1, 2]),
 (16, [590, 65, 1, 0, 0, 838, 1816, 1, 1, 0, 2, 1, 2, 2, 1]),
 (16, [1001, 66, 0, 1, 1, 590, 1276, 0, 0, 0, 2, 0, 1, 0, 0]),
 (16, [1077, 12, 1, 0, 1, 840, 539, 1, 1, 0, 1, 0, 0, 1, 2]),
 (16, [1130, 38, 1, 1, 1, 1253, 1024, 0, 0, 1, 4, 1, 0, 1, 2]),
 (16, [1152, 34, 0, 0, 0, 1034, 738, 1, 1, 2, 1, 1, 2, 1, 0]),
 (16, [1209, 101, 0, 1, 1, 1499, 946, 1, 1, 2, 3, 0, 0, 0, 0]),
 (16, [1259, 30, 0, 0, 0, 600, 1282, 0, 1, 0, 2, 1, 0, 1, 1]),
 (16, [1463, 83, 1, 0, 0, 1479, 601, 1, 1, 1, 0, 1, 1, 0, 2]),
 (16, [1478, 29, 1, 0, 0, 952, 1837, 1, 1, 1, 4, 1, 2, 1, 0]),
 (16, [1641, 12, 1, 0, 1, 1557, 1555, 0, 0, 2, 1, 1, 2, 2, 2]),
 (16, [1882, 79, 0, 1, 0, 530, 1696, 0, 1, 0, 4, 1, 1, 1, 1]),
 (16, [2016, 84, 1, 1, 1, 664, 524, 1, 1, 0, 4, 1, 1, 2, 2]),
 (17, [2024, 17, 1, 0, 0, 1585, 1237, 0, 0, 0, 1, 1, 2, 1, 0]),
 (999, [759, 78, 1, 1, 0, 1611, 884, 1, 1, 3, 1, 0, 1, 0, 2]),
 (999, [802, 71, 1, 1, 0, 1617, 603, 1, 0, 1, 5, 0, 2, 1, 0]),
 (999, [928, 81, 1, 1, 0, 624, 1360, 1, 1, 0, 5, 0, 1, 1, 0]),
 (999, [1052, 113, 1, 0, 0, 1145, 1152, 0, 1, 3, 5, 1, 2, 0, 0]),
 (999, [1085, 51, 0, 0, 0, 1127, 602, 1, 0, 1, 5, 1, 1, 2, 1]),
 (999, [1379, 91, 1, 0, 1, 2015, 583, 0, 1, 3, 1, 1, 1, 2, 0]),
 (999, [1499, 109, 1, 1, 1, 1235, 1390, 1, 1, 3, 4, 1, 2, 0, 1]),
 (999, [1547, 16, 1, 0, 0, 597, 1147, 1, 1, 0, 5, 0, 1, 2, 0]),
 (999, [1720, 117, 0, 0, 1, 1918, 1013, 1, 0, 3, 1, 0, 2, 0, 0]),
 (999, [1868, 61, 0, 1, 0, 1780, 1976, 0, 1, 3, 1, 1, 1, 2, 2])]
Selected
[(12, [1908, 105, 0, 1, 0, 1855, 1052, 0, 1, 2, 2, 1, 2, 2, 0]),
 (12, [1216, 108, 0, 0, 1, 1645, 627, 0, 1, 1, 4, 1, 1, 2, 0]),
 (16, [514, 70, 0, 1, 0, 577, 1066, 1, 1, 0, 1, 0, 2, 1, 1]),
 (12, [1216, 108, 0, 0, 1, 1645, 627, 0, 1, 1, 4, 1, 1, 2, 0]),
 (12, [1437, 100, 0, 1, 1, 642, 931, 0, 0, 0, 4, 1, 1, 0, 2]),
 (12, [1908, 105, 0, 1, 0, 1855, 1052, 0, 1, 2, 2, 1, 2, 2, 0]),
 (16, [590, 65, 1, 0, 0, 838, 1816, 1, 1, 0, 2, 1, 2, 2, 1]),
 (12, [1882, 91, 1, 1, 1, 1106, 1549, 1, 0, 0, 3, 1, 1, 0, 1]),
 (12, [1216, 108, 0, 0, 1, 1645, 627, 0, 1, 1, 4, 1, 1, 2, 0]),
 (12, [1437, 100, 0, 1, 1, 642, 931, 0, 0, 0, 4, 1, 1, 0, 2]),
 (12, [1882, 91, 1, 1, 1, 1106, 1549, 1, 0, 0, 3, 1, 1, 0, 1]),
 (16, [590, 65, 1, 0, 0, 838, 1816, 1, 1, 0, 2, 1, 2, 2, 1]),
 (12, [662, 103, 1, 0, 0, 1358, 666, 0, 1, 2, 1, 1, 2, 2, 0]),
 (12, [662, 103, 1, 0, 0, 1358, 666, 0, 1, 2, 1, 1, 2, 2, 0]),
 (12, [1553, 45, 0, 1, 0, 657, 578, 1, 1, 1, 3, 0, 0, 1, 2]),
 (12, [662, 103, 1, 0, 0, 1358, 666, 0, 1, 2, 1, 1, 2, 2, 0]),
 (12, [1437, 100, 0, 1, 1, 642, 931, 0, 0, 0, 4, 1, 1, 0, 2]),
 (16, [590, 65, 1, 0, 0, 838, 1816, 1, 1, 0, 2, 1, 2, 2, 1]),
 (12, [1882, 91, 1, 1, 1, 1106, 1549, 1, 0, 0, 3, 1, 1, 0, 1]),
 (12, [1553, 45, 0, 1, 0, 657, 578, 1, 1, 1, 3, 0, 0, 1, 2]),
 (16, [1259, 30, 0, 0, 0, 600, 1282, 0, 1, 0, 2, 1, 0, 1, 1]),
 (12, [1330, 87, 0, 1, 1, 578, 850, 0, 0, 1, 4, 0, 2, 1, 1]),
 (12, [1908, 105, 0, 1, 0, 1855, 1052, 0, 1, 2, 2, 1, 2, 2, 0]),
 (12, [1216, 108, 0, 0, 1, 1645, 627, 0, 1, 1, 4, 1, 1, 2, 0]),
 (16, [1001, 66, 0, 1, 1, 590, 1276, 0, 0, 0, 2, 0, 1, 0, 0]),
 (12, [1908, 105, 0, 1, 0, 1855, 1052, 0, 1, 2, 2, 1, 2, 2, 0]),
 (12, [1437, 100, 0, 1, 1, 642, 931, 0, 0, 0, 4, 1, 1, 0, 2])]
population
[(999, [1868, 61, 0, 1, 0, 1780, 1976, 0, 1, 3, 1, 1, 1, 2, 2]),
 (999, [1720, 117, 0, 0, 1, 1918, 1013, 1, 0, 3, 1, 0, 2, 0, 0]),
 (999, [1547, 16, 1, 0, 0, 597, 1147, 1, 1, 0, 5, 0, 1, 2, 0]),
 (999, [1499, 109, 1, 1, 1, 1235, 1390, 1, 1, 3, 4, 1, 2, 0, 1]),
 (999, [1379, 91, 1, 0, 1, 2015, 583, 0, 1, 3, 1, 1, 1, 2, 0]),
 (999, [1085, 51, 0, 0, 0, 1127, 602, 1, 0, 1, 5, 1, 1, 2, 1]),
 (999, [1052, 113, 1, 0, 0, 1145, 1152, 0, 1, 3, 5, 1, 2, 0, 0]),
 (999, [928, 81, 1, 1, 0, 624, 1360, 1, 1, 0, 5, 0, 1, 1, 0]),
 (999, [802, 71, 1, 1, 0, 1617, 603, 1, 0, 1, 5, 0, 2, 1, 0]),
 (999, [759, 78, 1, 1, 0, 1611, 884, 1, 1, 3, 1, 0, 1, 0, 2]),
 (17, [2024, 17, 1, 0, 0, 1585, 1237, 0, 0, 0, 1, 1, 2, 1, 0]),
 (16, [2016, 84, 1, 1, 1, 664, 524, 1, 1, 0, 4, 1, 1, 2, 2]),
 (16, [1882, 79, 0, 1, 0, 530, 1696, 0, 1, 0, 4, 1, 1, 1, 1]),
 (16, [1641, 12, 1, 0, 1, 1557, 1555, 0, 0, 2, 1, 1, 2, 2, 2]),
 (16, [1478, 29, 1, 0, 0, 952, 1837, 1, 1, 1, 4, 1, 2, 1, 0]),
 (16, [1463, 83, 1, 0, 0, 1479, 601, 1, 1, 1, 0, 1, 1, 0, 2]),
 (16, [1259, 30, 0, 0, 0, 600, 1282, 0, 1, 0, 2, 1, 0, 1, 1]),
 (16, [1209, 101, 0, 1, 1, 1499, 946, 1, 1, 2, 3, 0, 0, 0, 0]),
 (16, [1152, 34, 0, 0, 0, 1034, 738, 1, 1, 2, 1, 1, 2, 1, 0]),
 (16, [1130, 38, 1, 1, 1, 1253, 1024, 0, 0, 1, 4, 1, 0, 1, 2]),
 (16, [1077, 12, 1, 0, 1, 840, 539, 1, 1, 0, 1, 0, 0, 1, 2]),
 (16, [1001, 66, 0, 1, 1, 590, 1276, 0, 0, 0, 2, 0, 1, 0, 0]),
 (16, [590, 65, 1, 0, 0, 838, 1816, 1, 1, 0, 2, 1, 2, 2, 1]),
 (16, [546, 34, 1, 0, 0, 1493, 1716, 1, 0, 1, 1, 1, 2, 1, 2]),
 (16, [514, 70, 0, 1, 0, 577, 1066, 1, 1, 0, 1, 0, 2, 1, 1]),
 (12, [1908, 105, 0, 1, 0, 1855, 1052, 0, 1, 2, 2, 1, 2, 2, 0]),
 (12, [1882, 91, 1, 1, 1, 1106, 1549, 1, 0, 0, 3, 1, 1, 0, 1]),
 (12, [1553, 45, 0, 1, 0, 657, 578, 1, 1, 1, 3, 0, 0, 1, 2]),
 (12, [1437, 100, 0, 1, 1, 642, 931, 0, 0, 0, 4, 1, 1, 0, 2]),
 (12, [1330, 87, 0, 1, 1, 578, 850, 0, 0, 1, 4, 0, 2, 1, 1]),
 (12, [1216, 108, 0, 0, 1, 1645, 627, 0, 1, 1, 4, 1, 1, 2, 0]),
 (12, [662, 103, 1, 0, 0, 1358, 666, 0, 1, 2, 1, 1, 2, 2, 0])]
scored
[(12, [662, 103, 1, 0, 0, 1358, 666, 0, 1, 2, 1, 1, 2, 2, 0]),
 (12, [1216, 108, 0, 0, 1, 1645, 627, 0, 1, 1, 4, 1, 1, 2, 0]),
 (12, [1330, 87, 0, 1, 1, 578, 850, 0, 0, 1, 4, 0, 2, 1, 1]),
 (12, [1437, 100, 0, 1, 1, 642, 931, 0, 0, 0, 4, 1, 1, 0, 2]),
 (12, [1553, 45, 0, 1, 0, 657, 578, 1, 1, 1, 3, 0, 0, 1, 2]),
 (12, [1882, 91, 1, 1, 1, 1106, 1549, 1, 0, 0, 3, 1, 1, 0, 1]),
 (12, [1908, 105, 0, 1, 0, 1855, 1052, 0, 1, 2, 2, 1, 2, 2, 0]),
 (16, [514, 70, 0, 1, 0, 577, 1066, 1, 1, 0, 1, 0, 2, 1, 1]),
 (16, [546, 34, 1, 0, 0, 1493, 1716, 1, 0, 1, 1, 1, 2, 1, 2]),
 (16, [590, 65, 1, 0, 0, 838, 1816, 1, 1, 0, 2, 1, 2, 2, 1]),
 (16, [1001, 66, 0, 1, 1, 590, 1276, 0, 0, 0, 2, 0, 1, 0, 0]),
 (16, [1077, 12, 1, 0, 1, 840, 539, 1, 1, 0, 1, 0, 0, 1, 2]),
 (16, [1130, 38, 1, 1, 1, 1253, 1024, 0, 0, 1, 4, 1, 0, 1, 2]),
 (16, [1152, 34, 0, 0, 0, 1034, 738, 1, 1, 2, 1, 1, 2, 1, 0]),
 (16, [1209, 101, 0, 1, 1, 1499, 946, 1, 1, 2, 3, 0, 0, 0, 0]),
 (16, [1259, 30, 0, 0, 0, 600, 1282, 0, 1, 0, 2, 1, 0, 1, 1]),
 (16, [1463, 83, 1, 0, 0, 1479, 601, 1, 1, 1, 0, 1, 1, 0, 2]),
 (16, [1478, 29, 1, 0, 0, 952, 1837, 1, 1, 1, 4, 1, 2, 1, 0]),
 (16, [1641, 12, 1, 0, 1, 1557, 1555, 0, 0, 2, 1, 1, 2, 2, 2]),
 (16, [1882, 79, 0, 1, 0, 530, 1696, 0, 1, 0, 4, 1, 1, 1, 1]),
 (16, [2016, 84, 1, 1, 1, 664, 524, 1, 1, 0, 4, 1, 1, 2, 2]),
 (17, [2024, 17, 1, 0, 0, 1585, 1237, 0, 0, 0, 1, 1, 2, 1, 0]),
 (999, [759, 78, 1, 1, 0, 1611, 884, 1, 1, 3, 1, 0, 1, 0, 2]),
 (999, [802, 71, 1, 1, 0, 1617, 603, 1, 0, 1, 5, 0, 2, 1, 0]),
 (999, [928, 81, 1, 1, 0, 624, 1360, 1, 1, 0, 5, 0, 1, 1, 0]),
 (999, [1052, 113, 1, 0, 0, 1145, 1152, 0, 1, 3, 5, 1, 2, 0, 0]),
 (999, [1085, 51, 0, 0, 0, 1127, 602, 1, 0, 1, 5, 1, 1, 2, 1]),
 (999, [1379, 91, 1, 0, 1, 2015, 583, 0, 1, 3, 1, 1, 1, 2, 0]),
 (999, [1499, 109, 1, 1, 1, 1235, 1390, 1, 1, 3, 4, 1, 2, 0, 1]),
 (999, [1547, 16, 1, 0, 0, 597, 1147, 1, 1, 0, 5, 0, 1, 2, 0]),
 (999, [1720, 117, 0, 0, 1, 1918, 1013, 1, 0, 3, 1, 0, 2, 0, 0]),
 (999, [1868, 61, 0, 1, 0, 1780, 1976, 0, 1, 3, 1, 1, 1, 2, 2])]
Selected
[(12, [1216, 108, 0, 0, 1, 1645, 627, 0, 1, 1, 4, 1, 1, 2, 0]),
 (12, [1882, 91, 1, 1, 1, 1106, 1549, 1, 0, 0, 3, 1, 1, 0, 1]),
 (12, [1330, 87, 0, 1, 1, 578, 850, 0, 0, 1, 4, 0, 2, 1, 1]),
 (12, [1437, 100, 0, 1, 1, 642, 931, 0, 0, 0, 4, 1, 1, 0, 2]),
 (16, [590, 65, 1, 0, 0, 838, 1816, 1, 1, 0, 2, 1, 2, 2, 1]),
 (12, [662, 103, 1, 0, 0, 1358, 666, 0, 1, 2, 1, 1, 2, 2, 0]),
 (12, [1216, 108, 0, 0, 1, 1645, 627, 0, 1, 1, 4, 1, 1, 2, 0]),
 (12, [1553, 45, 0, 1, 0, 657, 578, 1, 1, 1, 3, 0, 0, 1, 2]),
 (12, [1882, 91, 1, 1, 1, 1106, 1549, 1, 0, 0, 3, 1, 1, 0, 1]),
 (16, [1641, 12, 1, 0, 1, 1557, 1555, 0, 0, 2, 1, 1, 2, 2, 2]),
 (12, [1882, 91, 1, 1, 1, 1106, 1549, 1, 0, 0, 3, 1, 1, 0, 1]),
 (12, [1437, 100, 0, 1, 1, 642, 931, 0, 0, 0, 4, 1, 1, 0, 2]),
 (12, [662, 103, 1, 0, 0, 1358, 666, 0, 1, 2, 1, 1, 2, 2, 0]),
 (12, [662, 103, 1, 0, 0, 1358, 666, 0, 1, 2, 1, 1, 2, 2, 0]),
 (12, [1908, 105, 0, 1, 0, 1855, 1052, 0, 1, 2, 2, 1, 2, 2, 0]),
 (12, [1330, 87, 0, 1, 1, 578, 850, 0, 0, 1, 4, 0, 2, 1, 1]),
 (12, [662, 103, 1, 0, 0, 1358, 666, 0, 1, 2, 1, 1, 2, 2, 0]),
 (16, [546, 34, 1, 0, 0, 1493, 1716, 1, 0, 1, 1, 1, 2, 1, 2]),
 (16, [590, 65, 1, 0, 0, 838, 1816, 1, 1, 0, 2, 1, 2, 2, 1]),
 (16, [514, 70, 0, 1, 0, 577, 1066, 1, 1, 0, 1, 0, 2, 1, 1]),
 (16, [514, 70, 0, 1, 0, 577, 1066, 1, 1, 0, 1, 0, 2, 1, 1]),
 (16, [546, 34, 1, 0, 0, 1493, 1716, 1, 0, 1, 1, 1, 2, 1, 2]),
 (12, [1437, 100, 0, 1, 1, 642, 931, 0, 0, 0, 4, 1, 1, 0, 2]),
 (12, [1330, 87, 0, 1, 1, 578, 850, 0, 0, 1, 4, 0, 2, 1, 1]),
 (16, [514, 70, 0, 1, 0, 577, 1066, 1, 1, 0, 1, 0, 2, 1, 1]),
 (12, [1330, 87, 0, 1, 1, 578, 850, 0, 0, 1, 4, 0, 2, 1, 1]),
 (12, [1437, 100, 0, 1, 1, 642, 931, 0, 0, 0, 4, 1, 1, 0, 2])]
population
[(999, [1868, 61, 0, 1, 0, 1780, 1976, 0, 1, 3, 1, 1, 1, 2, 2]),
 (999, [1720, 117, 0, 0, 1, 1918, 1013, 1, 0, 3, 1, 0, 2, 0, 0]),
 (999, [1547, 16, 1, 0, 0, 597, 1147, 1, 1, 0, 5, 0, 1, 2, 0]),
 (999, [1499, 109, 1, 1, 1, 1235, 1390, 1, 1, 3, 4, 1, 2, 0, 1]),
 (999, [1379, 91, 1, 0, 1, 2015, 583, 0, 1, 3, 1, 1, 1, 2, 0]),
 (999, [1085, 51, 0, 0, 0, 1127, 602, 1, 0, 1, 5, 1, 1, 2, 1]),
 (999, [1052, 113, 1, 0, 0, 1145, 1152, 0, 1, 3, 5, 1, 2, 0, 0]),
 (999, [928, 81, 1, 1, 0, 624, 1360, 1, 1, 0, 5, 0, 1, 1, 0]),
 (999, [802, 71, 1, 1, 0, 1617, 603, 1, 0, 1, 5, 0, 2, 1, 0]),
 (999, [759, 78, 1, 1, 0, 1611, 884, 1, 1, 3, 1, 0, 1, 0, 2]),
 (17, [2024, 17, 1, 0, 0, 1585, 1237, 0, 0, 0, 1, 1, 2, 1, 0]),
 (16, [2016, 84, 1, 1, 1, 664, 524, 1, 1, 0, 4, 1, 1, 2, 2]),
 (16, [1882, 79, 0, 1, 0, 530, 1696, 0, 1, 0, 4, 1, 1, 1, 1]),
 (16, [1641, 12, 1, 0, 1, 1557, 1555, 0, 0, 2, 1, 1, 2, 2, 2]),
 (16, [1478, 29, 1, 0, 0, 952, 1837, 1, 1, 1, 4, 1, 2, 1, 0]),
 (16, [1463, 83, 1, 0, 0, 1479, 601, 1, 1, 1, 0, 1, 1, 0, 2]),
 (16, [1259, 30, 0, 0, 0, 600, 1282, 0, 1, 0, 2, 1, 0, 1, 1]),
 (16, [1209, 101, 0, 1, 1, 1499, 946, 1, 1, 2, 3, 0, 0, 0, 0]),
 (16, [1152, 34, 0, 0, 0, 1034, 738, 1, 1, 2, 1, 1, 2, 1, 0]),
 (16, [1130, 38, 1, 1, 1, 1253, 1024, 0, 0, 1, 4, 1, 0, 1, 2]),
 (16, [1077, 12, 1, 0, 1, 840, 539, 1, 1, 0, 1, 0, 0, 1, 2]),
 (16, [1001, 66, 0, 1, 1, 590, 1276, 0, 0, 0, 2, 0, 1, 0, 0]),
 (16, [590, 65, 1, 0, 0, 838, 1816, 1, 1, 0, 2, 1, 2, 2, 1]),
 (16, [546, 34, 1, 0, 0, 1493, 1716, 1, 0, 1, 1, 1, 2, 1, 2]),
 (16, [514, 70, 0, 1, 0, 577, 1066, 1, 1, 0, 1, 0, 2, 1, 1]),
 (12, [1908, 105, 0, 1, 0, 1855, 1052, 0, 1, 2, 2, 1, 2, 2, 0]),
 (12, [1882, 91, 1, 1, 1, 1106, 1549, 1, 0, 0, 3, 1, 1, 0, 1]),
 (12, [1553, 45, 0, 1, 0, 657, 578, 1, 1, 1, 3, 0, 0, 1, 2]),
 (12, [1437, 100, 0, 1, 1, 642, 931, 0, 0, 0, 4, 1, 1, 0, 2]),
 (12, [1330, 87, 0, 1, 1, 578, 850, 0, 0, 1, 4, 0, 2, 1, 1]),
 (12, [1216, 108, 0, 0, 1, 1645, 627, 0, 1, 1, 4, 1, 1, 2, 0]),
 (12, [662, 103, 1, 0, 0, 1358, 666, 0, 1, 2, 1, 1, 2, 2, 0])]
scored
[(12, [662, 103, 1, 0, 0, 1358, 666, 0, 1, 2, 1, 1, 2, 2, 0]),
 (12, [1216, 108, 0, 0, 1, 1645, 627, 0, 1, 1, 4, 1, 1, 2, 0]),
 (12, [1330, 87, 0, 1, 1, 578, 850, 0, 0, 1, 4, 0, 2, 1, 1]),
 (12, [1437, 100, 0, 1, 1, 642, 931, 0, 0, 0, 4, 1, 1, 0, 2]),
 (12, [1553, 45, 0, 1, 0, 657, 578, 1, 1, 1, 3, 0, 0, 1, 2]),
 (12, [1882, 91, 1, 1, 1, 1106, 1549, 1, 0, 0, 3, 1, 1, 0, 1]),
 (12, [1908, 105, 0, 1, 0, 1855, 1052, 0, 1, 2, 2, 1, 2, 2, 0]),
 (16, [514, 70, 0, 1, 0, 577, 1066, 1, 1, 0, 1, 0, 2, 1, 1]),
 (16, [546, 34, 1, 0, 0, 1493, 1716, 1, 0, 1, 1, 1, 2, 1, 2]),
 (16, [590, 65, 1, 0, 0, 838, 1816, 1, 1, 0, 2, 1, 2, 2, 1]),
 (16, [1001, 66, 0, 1, 1, 590, 1276, 0, 0, 0, 2, 0, 1, 0, 0]),
 (16, [1077, 12, 1, 0, 1, 840, 539, 1, 1, 0, 1, 0, 0, 1, 2]),
 (16, [1130, 38, 1, 1, 1, 1253, 1024, 0, 0, 1, 4, 1, 0, 1, 2]),
 (16, [1152, 34, 0, 0, 0, 1034, 738, 1, 1, 2, 1, 1, 2, 1, 0]),
 (16, [1209, 101, 0, 1, 1, 1499, 946, 1, 1, 2, 3, 0, 0, 0, 0]),
 (16, [1259, 30, 0, 0, 0, 600, 1282, 0, 1, 0, 2, 1, 0, 1, 1]),
 (16, [1463, 83, 1, 0, 0, 1479, 601, 1, 1, 1, 0, 1, 1, 0, 2]),
 (16, [1478, 29, 1, 0, 0, 952, 1837, 1, 1, 1, 4, 1, 2, 1, 0]),
 (16, [1641, 12, 1, 0, 1, 1557, 1555, 0, 0, 2, 1, 1, 2, 2, 2]),
 (16, [1882, 79, 0, 1, 0, 530, 1696, 0, 1, 0, 4, 1, 1, 1, 1]),
 (16, [2016, 84, 1, 1, 1, 664, 524, 1, 1, 0, 4, 1, 1, 2, 2]),
 (17, [2024, 17, 1, 0, 0, 1585, 1237, 0, 0, 0, 1, 1, 2, 1, 0]),
 (999, [759, 78, 1, 1, 0, 1611, 884, 1, 1, 3, 1, 0, 1, 0, 2]),
 (999, [802, 71, 1, 1, 0, 1617, 603, 1, 0, 1, 5, 0, 2, 1, 0]),
 (999, [928, 81, 1, 1, 0, 624, 1360, 1, 1, 0, 5, 0, 1, 1, 0]),
 (999, [1052, 113, 1, 0, 0, 1145, 1152, 0, 1, 3, 5, 1, 2, 0, 0]),
 (999, [1085, 51, 0, 0, 0, 1127, 602, 1, 0, 1, 5, 1, 1, 2, 1]),
 (999, [1379, 91, 1, 0, 1, 2015, 583, 0, 1, 3, 1, 1, 1, 2, 0]),
 (999, [1499, 109, 1, 1, 1, 1235, 1390, 1, 1, 3, 4, 1, 2, 0, 1]),
 (999, [1547, 16, 1, 0, 0, 597, 1147, 1, 1, 0, 5, 0, 1, 2, 0]),
 (999, [1720, 117, 0, 0, 1, 1918, 1013, 1, 0, 3, 1, 0, 2, 0, 0]),
 (999, [1868, 61, 0, 1, 0, 1780, 1976, 0, 1, 3, 1, 1, 1, 2, 2])]
Selected
[(12, [1216, 108, 0, 0, 1, 1645, 627, 0, 1, 1, 4, 1, 1, 2, 0]),
 (12, [1216, 108, 0, 0, 1, 1645, 627, 0, 1, 1, 4, 1, 1, 2, 0]),
 (12, [1437, 100, 0, 1, 1, 642, 931, 0, 0, 0, 4, 1, 1, 0, 2]),
 (12, [1330, 87, 0, 1, 1, 578, 850, 0, 0, 1, 4, 0, 2, 1, 1]),
 (16, [1077, 12, 1, 0, 1, 840, 539, 1, 1, 0, 1, 0, 0, 1, 2]),
 (12, [662, 103, 1, 0, 0, 1358, 666, 0, 1, 2, 1, 1, 2, 2, 0]),
 (12, [1882, 91, 1, 1, 1, 1106, 1549, 1, 0, 0, 3, 1, 1, 0, 1]),
 (12, [1437, 100, 0, 1, 1, 642, 931, 0, 0, 0, 4, 1, 1, 0, 2]),
 (12, [1437, 100, 0, 1, 1, 642, 931, 0, 0, 0, 4, 1, 1, 0, 2]),
 (16, [590, 65, 1, 0, 0, 838, 1816, 1, 1, 0, 2, 1, 2, 2, 1]),
 (12, [1216, 108, 0, 0, 1, 1645, 627, 0, 1, 1, 4, 1, 1, 2, 0]),
 (12, [1330, 87, 0, 1, 1, 578, 850, 0, 0, 1, 4, 0, 2, 1, 1]),
 (16, [1001, 66, 0, 1, 1, 590, 1276, 0, 0, 0, 2, 0, 1, 0, 0]),
 (12, [662, 103, 1, 0, 0, 1358, 666, 0, 1, 2, 1, 1, 2, 2, 0]),
 (12, [1553, 45, 0, 1, 0, 657, 578, 1, 1, 1, 3, 0, 0, 1, 2]),
 (12, [1330, 87, 0, 1, 1, 578, 850, 0, 0, 1, 4, 0, 2, 1, 1]),
 (16, [546, 34, 1, 0, 0, 1493, 1716, 1, 0, 1, 1, 1, 2, 1, 2]),
 (12, [662, 103, 1, 0, 0, 1358, 666, 0, 1, 2, 1, 1, 2, 2, 0]),
 (12, [1882, 91, 1, 1, 1, 1106, 1549, 1, 0, 0, 3, 1, 1, 0, 1]),
 (12, [1216, 108, 0, 0, 1, 1645, 627, 0, 1, 1, 4, 1, 1, 2, 0]),
 (12, [662, 103, 1, 0, 0, 1358, 666, 0, 1, 2, 1, 1, 2, 2, 0]),
 (12, [662, 103, 1, 0, 0, 1358, 666, 0, 1, 2, 1, 1, 2, 2, 0]),
 (12, [1216, 108, 0, 0, 1, 1645, 627, 0, 1, 1, 4, 1, 1, 2, 0]),
 (12, [1330, 87, 0, 1, 1, 578, 850, 0, 0, 1, 4, 0, 2, 1, 1]),
 (12, [1330, 87, 0, 1, 1, 578, 850, 0, 0, 1, 4, 0, 2, 1, 1]),
 (12, [1882, 91, 1, 1, 1, 1106, 1549, 1, 0, 0, 3, 1, 1, 0, 1]),
 (12, [662, 103, 1, 0, 0, 1358, 666, 0, 1, 2, 1, 1, 2, 2, 0])]
population
[(999, [1868, 61, 0, 1, 0, 1780, 1976, 0, 1, 3, 1, 1, 1, 2, 2]),
 (999, [1720, 117, 0, 0, 1, 1918, 1013, 1, 0, 3, 1, 0, 2, 0, 0]),
 (999, [1547, 16, 1, 0, 0, 597, 1147, 1, 1, 0, 5, 0, 1, 2, 0]),
 (999, [1499, 109, 1, 1, 1, 1235, 1390, 1, 1, 3, 4, 1, 2, 0, 1]),
 (999, [1379, 91, 1, 0, 1, 2015, 583, 0, 1, 3, 1, 1, 1, 2, 0]),
 (999, [1085, 51, 0, 0, 0, 1127, 602, 1, 0, 1, 5, 1, 1, 2, 1]),
 (999, [1052, 113, 1, 0, 0, 1145, 1152, 0, 1, 3, 5, 1, 2, 0, 0]),
 (999, [928, 81, 1, 1, 0, 624, 1360, 1, 1, 0, 5, 0, 1, 1, 0]),
 (999, [802, 71, 1, 1, 0, 1617, 603, 1, 0, 1, 5, 0, 2, 1, 0]),
 (999, [759, 78, 1, 1, 0, 1611, 884, 1, 1, 3, 1, 0, 1, 0, 2]),
 (17, [2024, 17, 1, 0, 0, 1585, 1237, 0, 0, 0, 1, 1, 2, 1, 0]),
 (16, [2016, 84, 1, 1, 1, 664, 524, 1, 1, 0, 4, 1, 1, 2, 2]),
 (16, [1882, 79, 0, 1, 0, 530, 1696, 0, 1, 0, 4, 1, 1, 1, 1]),
 (16, [1641, 12, 1, 0, 1, 1557, 1555, 0, 0, 2, 1, 1, 2, 2, 2]),
 (16, [1478, 29, 1, 0, 0, 952, 1837, 1, 1, 1, 4, 1, 2, 1, 0]),
 (16, [1463, 83, 1, 0, 0, 1479, 601, 1, 1, 1, 0, 1, 1, 0, 2]),
 (16, [1259, 30, 0, 0, 0, 600, 1282, 0, 1, 0, 2, 1, 0, 1, 1]),
 (16, [1209, 101, 0, 1, 1, 1499, 946, 1, 1, 2, 3, 0, 0, 0, 0]),
 (16, [1152, 34, 0, 0, 0, 1034, 738, 1, 1, 2, 1, 1, 2, 1, 0]),
 (16, [1130, 38, 1, 1, 1, 1253, 1024, 0, 0, 1, 4, 1, 0, 1, 2]),
 (16, [1077, 12, 1, 0, 1, 840, 539, 1, 1, 0, 1, 0, 0, 1, 2]),
 (16, [1001, 66, 0, 1, 1, 590, 1276, 0, 0, 0, 2, 0, 1, 0, 0]),
 (16, [590, 65, 1, 0, 0, 838, 1816, 1, 1, 0, 2, 1, 2, 2, 1]),
 (16, [546, 34, 1, 0, 0, 1493, 1716, 1, 0, 1, 1, 1, 2, 1, 2]),
 (16, [514, 70, 0, 1, 0, 577, 1066, 1, 1, 0, 1, 0, 2, 1, 1]),
 (12, [1908, 105, 0, 1, 0, 1855, 1052, 0, 1, 2, 2, 1, 2, 2, 0]),
 (12, [1882, 91, 1, 1, 1, 1106, 1549, 1, 0, 0, 3, 1, 1, 0, 1]),
 (12, [1553, 45, 0, 1, 0, 657, 578, 1, 1, 1, 3, 0, 0, 1, 2]),
 (12, [1437, 100, 0, 1, 1, 642, 931, 0, 0, 0, 4, 1, 1, 0, 2]),
 (12, [1330, 87, 0, 1, 1, 578, 850, 0, 0, 1, 4, 0, 2, 1, 1]),
 (12, [1216, 108, 0, 0, 1, 1645, 627, 0, 1, 1, 4, 1, 1, 2, 0]),
 (12, [662, 103, 1, 0, 0, 1358, 666, 0, 1, 2, 1, 1, 2, 2, 0])]
scored
[(12, [662, 103, 1, 0, 0, 1358, 666, 0, 1, 2, 1, 1, 2, 2, 0]),
 (12, [1216, 108, 0, 0, 1, 1645, 627, 0, 1, 1, 4, 1, 1, 2, 0]),
 (12, [1330, 87, 0, 1, 1, 578, 850, 0, 0, 1, 4, 0, 2, 1, 1]),
 (12, [1437, 100, 0, 1, 1, 642, 931, 0, 0, 0, 4, 1, 1, 0, 2]),
 (12, [1553, 45, 0, 1, 0, 657, 578, 1, 1, 1, 3, 0, 0, 1, 2]),
 (12, [1882, 91, 1, 1, 1, 1106, 1549, 1, 0, 0, 3, 1, 1, 0, 1]),
 (12, [1908, 105, 0, 1, 0, 1855, 1052, 0, 1, 2, 2, 1, 2, 2, 0]),
 (16, [514, 70, 0, 1, 0, 577, 1066, 1, 1, 0, 1, 0, 2, 1, 1]),
 (16, [546, 34, 1, 0, 0, 1493, 1716, 1, 0, 1, 1, 1, 2, 1, 2]),
 (16, [590, 65, 1, 0, 0, 838, 1816, 1, 1, 0, 2, 1, 2, 2, 1]),
 (16, [1001, 66, 0, 1, 1, 590, 1276, 0, 0, 0, 2, 0, 1, 0, 0]),
 (16, [1077, 12, 1, 0, 1, 840, 539, 1, 1, 0, 1, 0, 0, 1, 2]),
 (16, [1130, 38, 1, 1, 1, 1253, 1024, 0, 0, 1, 4, 1, 0, 1, 2]),
 (16, [1152, 34, 0, 0, 0, 1034, 738, 1, 1, 2, 1, 1, 2, 1, 0]),
 (16, [1209, 101, 0, 1, 1, 1499, 946, 1, 1, 2, 3, 0, 0, 0, 0]),
 (16, [1259, 30, 0, 0, 0, 600, 1282, 0, 1, 0, 2, 1, 0, 1, 1]),
 (16, [1463, 83, 1, 0, 0, 1479, 601, 1, 1, 1, 0, 1, 1, 0, 2]),
 (16, [1478, 29, 1, 0, 0, 952, 1837, 1, 1, 1, 4, 1, 2, 1, 0]),
 (16, [1641, 12, 1, 0, 1, 1557, 1555, 0, 0, 2, 1, 1, 2, 2, 2]),
 (16, [1882, 79, 0, 1, 0, 530, 1696, 0, 1, 0, 4, 1, 1, 1, 1]),
 (16, [2016, 84, 1, 1, 1, 664, 524, 1, 1, 0, 4, 1, 1, 2, 2]),
 (17, [2024, 17, 1, 0, 0, 1585, 1237, 0, 0, 0, 1, 1, 2, 1, 0]),
 (999, [759, 78, 1, 1, 0, 1611, 884, 1, 1, 3, 1, 0, 1, 0, 2]),
 (999, [802, 71, 1, 1, 0, 1617, 603, 1, 0, 1, 5, 0, 2, 1, 0]),
 (999, [928, 81, 1, 1, 0, 624, 1360, 1, 1, 0, 5, 0, 1, 1, 0]),
 (999, [1052, 113, 1, 0, 0, 1145, 1152, 0, 1, 3, 5, 1, 2, 0, 0]),
 (999, [1085, 51, 0, 0, 0, 1127, 602, 1, 0, 1, 5, 1, 1, 2, 1]),
 (999, [1379, 91, 1, 0, 1, 2015, 583, 0, 1, 3, 1, 1, 1, 2, 0]),
 (999, [1499, 109, 1, 1, 1, 1235, 1390, 1, 1, 3, 4, 1, 2, 0, 1]),
 (999, [1547, 16, 1, 0, 0, 597, 1147, 1, 1, 0, 5, 0, 1, 2, 0]),
 (999, [1720, 117, 0, 0, 1, 1918, 1013, 1, 0, 3, 1, 0, 2, 0, 0]),
 (999, [1868, 61, 0, 1, 0, 1780, 1976, 0, 1, 3, 1, 1, 1, 2, 2])]
Selected
[(12, [1882, 91, 1, 1, 1, 1106, 1549, 1, 0, 0, 3, 1, 1, 0, 1]),
 (12, [1330, 87, 0, 1, 1, 578, 850, 0, 0, 1, 4, 0, 2, 1, 1]),
 (16, [514, 70, 0, 1, 0, 577, 1066, 1, 1, 0, 1, 0, 2, 1, 1]),
 (12, [1330, 87, 0, 1, 1, 578, 850, 0, 0, 1, 4, 0, 2, 1, 1]),
 (12, [1908, 105, 0, 1, 0, 1855, 1052, 0, 1, 2, 2, 1, 2, 2, 0]),
 (12, [1908, 105, 0, 1, 0, 1855, 1052, 0, 1, 2, 2, 1, 2, 2, 0]),
 (12, [1908, 105, 0, 1, 0, 1855, 1052, 0, 1, 2, 2, 1, 2, 2, 0]),
 (16, [1641, 12, 1, 0, 1, 1557, 1555, 0, 0, 2, 1, 1, 2, 2, 2]),
 (12, [1553, 45, 0, 1, 0, 657, 578, 1, 1, 1, 3, 0, 0, 1, 2]),
 (12, [1216, 108, 0, 0, 1, 1645, 627, 0, 1, 1, 4, 1, 1, 2, 0]),
 (12, [1437, 100, 0, 1, 1, 642, 931, 0, 0, 0, 4, 1, 1, 0, 2]),
 (12, [1437, 100, 0, 1, 1, 642, 931, 0, 0, 0, 4, 1, 1, 0, 2]),
 (12, [662, 103, 1, 0, 0, 1358, 666, 0, 1, 2, 1, 1, 2, 2, 0]),
 (12, [1437, 100, 0, 1, 1, 642, 931, 0, 0, 0, 4, 1, 1, 0, 2]),
 (16, [590, 65, 1, 0, 0, 838, 1816, 1, 1, 0, 2, 1, 2, 2, 1]),
 (12, [662, 103, 1, 0, 0, 1358, 666, 0, 1, 2, 1, 1, 2, 2, 0]),
 (12, [662, 103, 1, 0, 0, 1358, 666, 0, 1, 2, 1, 1, 2, 2, 0]),
 (12, [1908, 105, 0, 1, 0, 1855, 1052, 0, 1, 2, 2, 1, 2, 2, 0]),
 (12, [1330, 87, 0, 1, 1, 578, 850, 0, 0, 1, 4, 0, 2, 1, 1]),
 (12, [662, 103, 1, 0, 0, 1358, 666, 0, 1, 2, 1, 1, 2, 2, 0]),
 (16, [546, 34, 1, 0, 0, 1493, 1716, 1, 0, 1, 1, 1, 2, 1, 2]),
 (16, [1209, 101, 0, 1, 1, 1499, 946, 1, 1, 2, 3, 0, 0, 0, 0]),
 (16, [514, 70, 0, 1, 0, 577, 1066, 1, 1, 0, 1, 0, 2, 1, 1]),
 (12, [1882, 91, 1, 1, 1, 1106, 1549, 1, 0, 0, 3, 1, 1, 0, 1]),
 (12, [1553, 45, 0, 1, 0, 657, 578, 1, 1, 1, 3, 0, 0, 1, 2]),
 (12, [1553, 45, 0, 1, 0, 657, 578, 1, 1, 1, 3, 0, 0, 1, 2]),
 (12, [662, 103, 1, 0, 0, 1358, 666, 0, 1, 2, 1, 1, 2, 2, 0])]
population
[(999, [1868, 61, 0, 1, 0, 1780, 1976, 0, 1, 3, 1, 1, 1, 2, 2]),
 (999, [1720, 117, 0, 0, 1, 1918, 1013, 1, 0, 3, 1, 0, 2, 0, 0]),
 (999, [1547, 16, 1, 0, 0, 597, 1147, 1, 1, 0, 5, 0, 1, 2, 0]),
 (999, [1499, 109, 1, 1, 1, 1235, 1390, 1, 1, 3, 4, 1, 2, 0, 1]),
 (999, [1379, 91, 1, 0, 1, 2015, 583, 0, 1, 3, 1, 1, 1, 2, 0]),
 (999, [1085, 51, 0, 0, 0, 1127, 602, 1, 0, 1, 5, 1, 1, 2, 1]),
 (999, [1052, 113, 1, 0, 0, 1145, 1152, 0, 1, 3, 5, 1, 2, 0, 0]),
 (999, [928, 81, 1, 1, 0, 624, 1360, 1, 1, 0, 5, 0, 1, 1, 0]),
 (999, [802, 71, 1, 1, 0, 1617, 603, 1, 0, 1, 5, 0, 2, 1, 0]),
 (999, [759, 78, 1, 1, 0, 1611, 884, 1, 1, 3, 1, 0, 1, 0, 2]),
 (17, [2024, 17, 1, 0, 0, 1585, 1237, 0, 0, 0, 1, 1, 2, 1, 0]),
 (16, [2016, 84, 1, 1, 1, 664, 524, 1, 1, 0, 4, 1, 1, 2, 2]),
 (16, [1882, 79, 0, 1, 0, 530, 1696, 0, 1, 0, 4, 1, 1, 1, 1]),
 (16, [1641, 12, 1, 0, 1, 1557, 1555, 0, 0, 2, 1, 1, 2, 2, 2]),
 (16, [1478, 29, 1, 0, 0, 952, 1837, 1, 1, 1, 4, 1, 2, 1, 0]),
 (16, [1463, 83, 1, 0, 0, 1479, 601, 1, 1, 1, 0, 1, 1, 0, 2]),
 (16, [1259, 30, 0, 0, 0, 600, 1282, 0, 1, 0, 2, 1, 0, 1, 1]),
 (16, [1209, 101, 0, 1, 1, 1499, 946, 1, 1, 2, 3, 0, 0, 0, 0]),
 (16, [1152, 34, 0, 0, 0, 1034, 738, 1, 1, 2, 1, 1, 2, 1, 0]),
 (16, [1130, 38, 1, 1, 1, 1253, 1024, 0, 0, 1, 4, 1, 0, 1, 2]),
 (16, [1077, 12, 1, 0, 1, 840, 539, 1, 1, 0, 1, 0, 0, 1, 2]),
 (16, [1001, 66, 0, 1, 1, 590, 1276, 0, 0, 0, 2, 0, 1, 0, 0]),
 (16, [590, 65, 1, 0, 0, 838, 1816, 1, 1, 0, 2, 1, 2, 2, 1]),
 (16, [546, 34, 1, 0, 0, 1493, 1716, 1, 0, 1, 1, 1, 2, 1, 2]),
 (16, [514, 70, 0, 1, 0, 577, 1066, 1, 1, 0, 1, 0, 2, 1, 1]),
 (12, [1908, 105, 0, 1, 0, 1855, 1052, 0, 1, 2, 2, 1, 2, 2, 0]),
 (12, [1882, 91, 1, 1, 1, 1106, 1549, 1, 0, 0, 3, 1, 1, 0, 1]),
 (12, [1553, 45, 0, 1, 0, 657, 578, 1, 1, 1, 3, 0, 0, 1, 2]),
 (12, [1437, 100, 0, 1, 1, 642, 931, 0, 0, 0, 4, 1, 1, 0, 2]),
 (12, [1330, 87, 0, 1, 1, 578, 850, 0, 0, 1, 4, 0, 2, 1, 1]),
 (12, [1216, 108, 0, 0, 1, 1645, 627, 0, 1, 1, 4, 1, 1, 2, 0]),
 (12, [662, 103, 1, 0, 0, 1358, 666, 0, 1, 2, 1, 1, 2, 2, 0])]
scored
[(12, [662, 103, 1, 0, 0, 1358, 666, 0, 1, 2, 1, 1, 2, 2, 0]),
 (12, [1216, 108, 0, 0, 1, 1645, 627, 0, 1, 1, 4, 1, 1, 2, 0]),
 (12, [1330, 87, 0, 1, 1, 578, 850, 0, 0, 1, 4, 0, 2, 1, 1]),
 (12, [1437, 100, 0, 1, 1, 642, 931, 0, 0, 0, 4, 1, 1, 0, 2]),
 (12, [1553, 45, 0, 1, 0, 657, 578, 1, 1, 1, 3, 0, 0, 1, 2]),
 (12, [1882, 91, 1, 1, 1, 1106, 1549, 1, 0, 0, 3, 1, 1, 0, 1]),
 (12, [1908, 105, 0, 1, 0, 1855, 1052, 0, 1, 2, 2, 1, 2, 2, 0]),
 (16, [514, 70, 0, 1, 0, 577, 1066, 1, 1, 0, 1, 0, 2, 1, 1]),
 (16, [546, 34, 1, 0, 0, 1493, 1716, 1, 0, 1, 1, 1, 2, 1, 2]),
 (16, [590, 65, 1, 0, 0, 838, 1816, 1, 1, 0, 2, 1, 2, 2, 1]),
 (16, [1001, 66, 0, 1, 1, 590, 1276, 0, 0, 0, 2, 0, 1, 0, 0]),
 (16, [1077, 12, 1, 0, 1, 840, 539, 1, 1, 0, 1, 0, 0, 1, 2]),
 (16, [1130, 38, 1, 1, 1, 1253, 1024, 0, 0, 1, 4, 1, 0, 1, 2]),
 (16, [1152, 34, 0, 0, 0, 1034, 738, 1, 1, 2, 1, 1, 2, 1, 0]),
 (16, [1209, 101, 0, 1, 1, 1499, 946, 1, 1, 2, 3, 0, 0, 0, 0]),
 (16, [1259, 30, 0, 0, 0, 600, 1282, 0, 1, 0, 2, 1, 0, 1, 1]),
 (16, [1463, 83, 1, 0, 0, 1479, 601, 1, 1, 1, 0, 1, 1, 0, 2]),
 (16, [1478, 29, 1, 0, 0, 952, 1837, 1, 1, 1, 4, 1, 2, 1, 0]),
 (16, [1641, 12, 1, 0, 1, 1557, 1555, 0, 0, 2, 1, 1, 2, 2, 2]),
 (16, [1882, 79, 0, 1, 0, 530, 1696, 0, 1, 0, 4, 1, 1, 1, 1]),
 (16, [2016, 84, 1, 1, 1, 664, 524, 1, 1, 0, 4, 1, 1, 2, 2]),
 (17, [2024, 17, 1, 0, 0, 1585, 1237, 0, 0, 0, 1, 1, 2, 1, 0]),
 (999, [759, 78, 1, 1, 0, 1611, 884, 1, 1, 3, 1, 0, 1, 0, 2]),
 (999, [802, 71, 1, 1, 0, 1617, 603, 1, 0, 1, 5, 0, 2, 1, 0]),
 (999, [928, 81, 1, 1, 0, 624, 1360, 1, 1, 0, 5, 0, 1, 1, 0]),
 (999, [1052, 113, 1, 0, 0, 1145, 1152, 0, 1, 3, 5, 1, 2, 0, 0]),
 (999, [1085, 51, 0, 0, 0, 1127, 602, 1, 0, 1, 5, 1, 1, 2, 1]),
 (999, [1379, 91, 1, 0, 1, 2015, 583, 0, 1, 3, 1, 1, 1, 2, 0]),
 (999, [1499, 109, 1, 1, 1, 1235, 1390, 1, 1, 3, 4, 1, 2, 0, 1]),
 (999, [1547, 16, 1, 0, 0, 597, 1147, 1, 1, 0, 5, 0, 1, 2, 0]),
 (999, [1720, 117, 0, 0, 1, 1918, 1013, 1, 0, 3, 1, 0, 2, 0, 0]),
 (999, [1868, 61, 0, 1, 0, 1780, 1976, 0, 1, 3, 1, 1, 1, 2, 2])]
Selected
[(12, [1882, 91, 1, 1, 1, 1106, 1549, 1, 0, 0, 3, 1, 1, 0, 1]),
 (12, [1437, 100, 0, 1, 1, 642, 931, 0, 0, 0, 4, 1, 1, 0, 2]),
 (12, [1216, 108, 0, 0, 1, 1645, 627, 0, 1, 1, 4, 1, 1, 2, 0]),
 (16, [1001, 66, 0, 1, 1, 590, 1276, 0, 0, 0, 2, 0, 1, 0, 0]),
 (16, [514, 70, 0, 1, 0, 577, 1066, 1, 1, 0, 1, 0, 2, 1, 1]),
 (12, [1216, 108, 0, 0, 1, 1645, 627, 0, 1, 1, 4, 1, 1, 2, 0]),
 (12, [662, 103, 1, 0, 0, 1358, 666, 0, 1, 2, 1, 1, 2, 2, 0]),
 (16, [1001, 66, 0, 1, 1, 590, 1276, 0, 0, 0, 2, 0, 1, 0, 0]),
 (12, [1216, 108, 0, 0, 1, 1645, 627, 0, 1, 1, 4, 1, 1, 2, 0]),
 (12, [1330, 87, 0, 1, 1, 578, 850, 0, 0, 1, 4, 0, 2, 1, 1]),
 (12, [1908, 105, 0, 1, 0, 1855, 1052, 0, 1, 2, 2, 1, 2, 2, 0]),
 (12, [1553, 45, 0, 1, 0, 657, 578, 1, 1, 1, 3, 0, 0, 1, 2]),
 (12, [1330, 87, 0, 1, 1, 578, 850, 0, 0, 1, 4, 0, 2, 1, 1]),
 (12, [662, 103, 1, 0, 0, 1358, 666, 0, 1, 2, 1, 1, 2, 2, 0]),
 (12, [662, 103, 1, 0, 0, 1358, 666, 0, 1, 2, 1, 1, 2, 2, 0]),
 (12, [1437, 100, 0, 1, 1, 642, 931, 0, 0, 0, 4, 1, 1, 0, 2]),
 (12, [1908, 105, 0, 1, 0, 1855, 1052, 0, 1, 2, 2, 1, 2, 2, 0]),
 (12, [662, 103, 1, 0, 0, 1358, 666, 0, 1, 2, 1, 1, 2, 2, 0]),
 (12, [1908, 105, 0, 1, 0, 1855, 1052, 0, 1, 2, 2, 1, 2, 2, 0]),
 (12, [662, 103, 1, 0, 0, 1358, 666, 0, 1, 2, 1, 1, 2, 2, 0]),
 (12, [662, 103, 1, 0, 0, 1358, 666, 0, 1, 2, 1, 1, 2, 2, 0]),
 (12, [1216, 108, 0, 0, 1, 1645, 627, 0, 1, 1, 4, 1, 1, 2, 0]),
 (16, [546, 34, 1, 0, 0, 1493, 1716, 1, 0, 1, 1, 1, 2, 1, 2]),
 (16, [1130, 38, 1, 1, 1, 1253, 1024, 0, 0, 1, 4, 1, 0, 1, 2]),
 (12, [1882, 91, 1, 1, 1, 1106, 1549, 1, 0, 0, 3, 1, 1, 0, 1]),
 (16, [514, 70, 0, 1, 0, 577, 1066, 1, 1, 0, 1, 0, 2, 1, 1]),
 (12, [1553, 45, 0, 1, 0, 657, 578, 1, 1, 1, 3, 0, 0, 1, 2])]
population
[(999, [1868, 61, 0, 1, 0, 1780, 1976, 0, 1, 3, 1, 1, 1, 2, 2]),
 (999, [1720, 117, 0, 0, 1, 1918, 1013, 1, 0, 3, 1, 0, 2, 0, 0]),
 (999, [1547, 16, 1, 0, 0, 597, 1147, 1, 1, 0, 5, 0, 1, 2, 0]),
 (999, [1499, 109, 1, 1, 1, 1235, 1390, 1, 1, 3, 4, 1, 2, 0, 1]),
 (999, [1379, 91, 1, 0, 1, 2015, 583, 0, 1, 3, 1, 1, 1, 2, 0]),
 (999, [1085, 51, 0, 0, 0, 1127, 602, 1, 0, 1, 5, 1, 1, 2, 1]),
 (999, [1052, 113, 1, 0, 0, 1145, 1152, 0, 1, 3, 5, 1, 2, 0, 0]),
 (999, [928, 81, 1, 1, 0, 624, 1360, 1, 1, 0, 5, 0, 1, 1, 0]),
 (999, [802, 71, 1, 1, 0, 1617, 603, 1, 0, 1, 5, 0, 2, 1, 0]),
 (999, [759, 78, 1, 1, 0, 1611, 884, 1, 1, 3, 1, 0, 1, 0, 2]),
 (17, [2024, 17, 1, 0, 0, 1585, 1237, 0, 0, 0, 1, 1, 2, 1, 0]),
 (16, [2016, 84, 1, 1, 1, 664, 524, 1, 1, 0, 4, 1, 1, 2, 2]),
 (16, [1882, 79, 0, 1, 0, 530, 1696, 0, 1, 0, 4, 1, 1, 1, 1]),
 (16, [1641, 12, 1, 0, 1, 1557, 1555, 0, 0, 2, 1, 1, 2, 2, 2]),
 (16, [1478, 29, 1, 0, 0, 952, 1837, 1, 1, 1, 4, 1, 2, 1, 0]),
 (16, [1463, 83, 1, 0, 0, 1479, 601, 1, 1, 1, 0, 1, 1, 0, 2]),
 (16, [1259, 30, 0, 0, 0, 600, 1282, 0, 1, 0, 2, 1, 0, 1, 1]),
 (16, [1209, 101, 0, 1, 1, 1499, 946, 1, 1, 2, 3, 0, 0, 0, 0]),
 (16, [1152, 34, 0, 0, 0, 1034, 738, 1, 1, 2, 1, 1, 2, 1, 0]),
 (16, [1130, 38, 1, 1, 1, 1253, 1024, 0, 0, 1, 4, 1, 0, 1, 2]),
 (16, [1077, 12, 1, 0, 1, 840, 539, 1, 1, 0, 1, 0, 0, 1, 2]),
 (16, [1001, 66, 0, 1, 1, 590, 1276, 0, 0, 0, 2, 0, 1, 0, 0]),
 (16, [590, 65, 1, 0, 0, 838, 1816, 1, 1, 0, 2, 1, 2, 2, 1]),
 (16, [546, 34, 1, 0, 0, 1493, 1716, 1, 0, 1, 1, 1, 2, 1, 2]),
 (16, [514, 70, 0, 1, 0, 577, 1066, 1, 1, 0, 1, 0, 2, 1, 1]),
 (12, [1908, 105, 0, 1, 0, 1855, 1052, 0, 1, 2, 2, 1, 2, 2, 0]),
 (12, [1882, 91, 1, 1, 1, 1106, 1549, 1, 0, 0, 3, 1, 1, 0, 1]),
 (12, [1553, 45, 0, 1, 0, 657, 578, 1, 1, 1, 3, 0, 0, 1, 2]),
 (12, [1437, 100, 0, 1, 1, 642, 931, 0, 0, 0, 4, 1, 1, 0, 2]),
 (12, [1330, 87, 0, 1, 1, 578, 850, 0, 0, 1, 4, 0, 2, 1, 1]),
 (12, [1216, 108, 0, 0, 1, 1645, 627, 0, 1, 1, 4, 1, 1, 2, 0]),
 (12, [662, 103, 1, 0, 0, 1358, 666, 0, 1, 2, 1, 1, 2, 2, 0])]
scored
[(12, [662, 103, 1, 0, 0, 1358, 666, 0, 1, 2, 1, 1, 2, 2, 0]),
 (12, [1216, 108, 0, 0, 1, 1645, 627, 0, 1, 1, 4, 1, 1, 2, 0]),
 (12, [1330, 87, 0, 1, 1, 578, 850, 0, 0, 1, 4, 0, 2, 1, 1]),
 (12, [1437, 100, 0, 1, 1, 642, 931, 0, 0, 0, 4, 1, 1, 0, 2]),
 (12, [1553, 45, 0, 1, 0, 657, 578, 1, 1, 1, 3, 0, 0, 1, 2]),
 (12, [1882, 91, 1, 1, 1, 1106, 1549, 1, 0, 0, 3, 1, 1, 0, 1]),
 (12, [1908, 105, 0, 1, 0, 1855, 1052, 0, 1, 2, 2, 1, 2, 2, 0]),
 (16, [514, 70, 0, 1, 0, 577, 1066, 1, 1, 0, 1, 0, 2, 1, 1]),
 (16, [546, 34, 1, 0, 0, 1493, 1716, 1, 0, 1, 1, 1, 2, 1, 2]),
 (16, [590, 65, 1, 0, 0, 838, 1816, 1, 1, 0, 2, 1, 2, 2, 1]),
 (16, [1001, 66, 0, 1, 1, 590, 1276, 0, 0, 0, 2, 0, 1, 0, 0]),
 (16, [1077, 12, 1, 0, 1, 840, 539, 1, 1, 0, 1, 0, 0, 1, 2]),
 (16, [1130, 38, 1, 1, 1, 1253, 1024, 0, 0, 1, 4, 1, 0, 1, 2]),
 (16, [1152, 34, 0, 0, 0, 1034, 738, 1, 1, 2, 1, 1, 2, 1, 0]),
 (16, [1209, 101, 0, 1, 1, 1499, 946, 1, 1, 2, 3, 0, 0, 0, 0]),
 (16, [1259, 30, 0, 0, 0, 600, 1282, 0, 1, 0, 2, 1, 0, 1, 1]),
 (16, [1463, 83, 1, 0, 0, 1479, 601, 1, 1, 1, 0, 1, 1, 0, 2]),
 (16, [1478, 29, 1, 0, 0, 952, 1837, 1, 1, 1, 4, 1, 2, 1, 0]),
 (16, [1641, 12, 1, 0, 1, 1557, 1555, 0, 0, 2, 1, 1, 2, 2, 2]),
 (16, [1882, 79, 0, 1, 0, 530, 1696, 0, 1, 0, 4, 1, 1, 1, 1]),
 (16, [2016, 84, 1, 1, 1, 664, 524, 1, 1, 0, 4, 1, 1, 2, 2]),
 (17, [2024, 17, 1, 0, 0, 1585, 1237, 0, 0, 0, 1, 1, 2, 1, 0]),
 (999, [759, 78, 1, 1, 0, 1611, 884, 1, 1, 3, 1, 0, 1, 0, 2]),
 (999, [802, 71, 1, 1, 0, 1617, 603, 1, 0, 1, 5, 0, 2, 1, 0]),
 (999, [928, 81, 1, 1, 0, 624, 1360, 1, 1, 0, 5, 0, 1, 1, 0]),
 (999, [1052, 113, 1, 0, 0, 1145, 1152, 0, 1, 3, 5, 1, 2, 0, 0]),
 (999, [1085, 51, 0, 0, 0, 1127, 602, 1, 0, 1, 5, 1, 1, 2, 1]),
 (999, [1379, 91, 1, 0, 1, 2015, 583, 0, 1, 3, 1, 1, 1, 2, 0]),
 (999, [1499, 109, 1, 1, 1, 1235, 1390, 1, 1, 3, 4, 1, 2, 0, 1]),
 (999, [1547, 16, 1, 0, 0, 597, 1147, 1, 1, 0, 5, 0, 1, 2, 0]),
 (999, [1720, 117, 0, 0, 1, 1918, 1013, 1, 0, 3, 1, 0, 2, 0, 0]),
 (999, [1868, 61, 0, 1, 0, 1780, 1976, 0, 1, 3, 1, 1, 1, 2, 2])]
Selected
[(12, [1216, 108, 0, 0, 1, 1645, 627, 0, 1, 1, 4, 1, 1, 2, 0]),
 (12, [662, 103, 1, 0, 0, 1358, 666, 0, 1, 2, 1, 1, 2, 2, 0]),
 (12, [1882, 91, 1, 1, 1, 1106, 1549, 1, 0, 0, 3, 1, 1, 0, 1]),
 (16, [590, 65, 1, 0, 0, 838, 1816, 1, 1, 0, 2, 1, 2, 2, 1]),
 (12, [662, 103, 1, 0, 0, 1358, 666, 0, 1, 2, 1, 1, 2, 2, 0]),
 (12, [662, 103, 1, 0, 0, 1358, 666, 0, 1, 2, 1, 1, 2, 2, 0]),
 (12, [1437, 100, 0, 1, 1, 642, 931, 0, 0, 0, 4, 1, 1, 0, 2]),
 (12, [662, 103, 1, 0, 0, 1358, 666, 0, 1, 2, 1, 1, 2, 2, 0]),
 (12, [1553, 45, 0, 1, 0, 657, 578, 1, 1, 1, 3, 0, 0, 1, 2]),
 (16, [590, 65, 1, 0, 0, 838, 1816, 1, 1, 0, 2, 1, 2, 2, 1]),
 (12, [1553, 45, 0, 1, 0, 657, 578, 1, 1, 1, 3, 0, 0, 1, 2]),
 (16, [1259, 30, 0, 0, 0, 600, 1282, 0, 1, 0, 2, 1, 0, 1, 1]),
 (12, [662, 103, 1, 0, 0, 1358, 666, 0, 1, 2, 1, 1, 2, 2, 0]),
 (12, [1330, 87, 0, 1, 1, 578, 850, 0, 0, 1, 4, 0, 2, 1, 1]),
 (12, [1908, 105, 0, 1, 0, 1855, 1052, 0, 1, 2, 2, 1, 2, 2, 0]),
 (16, [1077, 12, 1, 0, 1, 840, 539, 1, 1, 0, 1, 0, 0, 1, 2]),
 (16, [1463, 83, 1, 0, 0, 1479, 601, 1, 1, 1, 0, 1, 1, 0, 2]),
 (12, [1553, 45, 0, 1, 0, 657, 578, 1, 1, 1, 3, 0, 0, 1, 2]),
 (12, [1216, 108, 0, 0, 1, 1645, 627, 0, 1, 1, 4, 1, 1, 2, 0]),
 (12, [662, 103, 1, 0, 0, 1358, 666, 0, 1, 2, 1, 1, 2, 2, 0]),
 (12, [1882, 91, 1, 1, 1, 1106, 1549, 1, 0, 0, 3, 1, 1, 0, 1]),
 (16, [546, 34, 1, 0, 0, 1493, 1716, 1, 0, 1, 1, 1, 2, 1, 2]),
 (16, [514, 70, 0, 1, 0, 577, 1066, 1, 1, 0, 1, 0, 2, 1, 1]),
 (12, [1882, 91, 1, 1, 1, 1106, 1549, 1, 0, 0, 3, 1, 1, 0, 1]),
 (12, [1216, 108, 0, 0, 1, 1645, 627, 0, 1, 1, 4, 1, 1, 2, 0]),
 (16, [1130, 38, 1, 1, 1, 1253, 1024, 0, 0, 1, 4, 1, 0, 1, 2]),
 (12, [1216, 108, 0, 0, 1, 1645, 627, 0, 1, 1, 4, 1, 1, 2, 0])]
population
[(999, [1868, 61, 0, 1, 0, 1780, 1976, 0, 1, 3, 1, 1, 1, 2, 2]),
 (999, [1720, 117, 0, 0, 1, 1918, 1013, 1, 0, 3, 1, 0, 2, 0, 0]),
 (999, [1547, 16, 1, 0, 0, 597, 1147, 1, 1, 0, 5, 0, 1, 2, 0]),
 (999, [1499, 109, 1, 1, 1, 1235, 1390, 1, 1, 3, 4, 1, 2, 0, 1]),
 (999, [1379, 91, 1, 0, 1, 2015, 583, 0, 1, 3, 1, 1, 1, 2, 0]),
 (999, [1085, 51, 0, 0, 0, 1127, 602, 1, 0, 1, 5, 1, 1, 2, 1]),
 (999, [1052, 113, 1, 0, 0, 1145, 1152, 0, 1, 3, 5, 1, 2, 0, 0]),
 (999, [928, 81, 1, 1, 0, 624, 1360, 1, 1, 0, 5, 0, 1, 1, 0]),
 (999, [802, 71, 1, 1, 0, 1617, 603, 1, 0, 1, 5, 0, 2, 1, 0]),
 (999, [759, 78, 1, 1, 0, 1611, 884, 1, 1, 3, 1, 0, 1, 0, 2]),
 (17, [2024, 17, 1, 0, 0, 1585, 1237, 0, 0, 0, 1, 1, 2, 1, 0]),
 (16, [2016, 84, 1, 1, 1, 664, 524, 1, 1, 0, 4, 1, 1, 2, 2]),
 (16, [1882, 79, 0, 1, 0, 530, 1696, 0, 1, 0, 4, 1, 1, 1, 1]),
 (16, [1641, 12, 1, 0, 1, 1557, 1555, 0, 0, 2, 1, 1, 2, 2, 2]),
 (16, [1478, 29, 1, 0, 0, 952, 1837, 1, 1, 1, 4, 1, 2, 1, 0]),
 (16, [1463, 83, 1, 0, 0, 1479, 601, 1, 1, 1, 0, 1, 1, 0, 2]),
 (16, [1259, 30, 0, 0, 0, 600, 1282, 0, 1, 0, 2, 1, 0, 1, 1]),
 (16, [1209, 101, 0, 1, 1, 1499, 946, 1, 1, 2, 3, 0, 0, 0, 0]),
 (16, [1152, 34, 0, 0, 0, 1034, 738, 1, 1, 2, 1, 1, 2, 1, 0]),
 (16, [1130, 38, 1, 1, 1, 1253, 1024, 0, 0, 1, 4, 1, 0, 1, 2]),
 (16, [1077, 12, 1, 0, 1, 840, 539, 1, 1, 0, 1, 0, 0, 1, 2]),
 (16, [1001, 66, 0, 1, 1, 590, 1276, 0, 0, 0, 2, 0, 1, 0, 0]),
 (16, [590, 65, 1, 0, 0, 838, 1816, 1, 1, 0, 2, 1, 2, 2, 1]),
 (16, [546, 34, 1, 0, 0, 1493, 1716, 1, 0, 1, 1, 1, 2, 1, 2]),
 (16, [514, 70, 0, 1, 0, 577, 1066, 1, 1, 0, 1, 0, 2, 1, 1]),
 (12, [1908, 105, 0, 1, 0, 1855, 1052, 0, 1, 2, 2, 1, 2, 2, 0]),
 (12, [1882, 91, 1, 1, 1, 1106, 1549, 1, 0, 0, 3, 1, 1, 0, 1]),
 (12, [1553, 45, 0, 1, 0, 657, 578, 1, 1, 1, 3, 0, 0, 1, 2]),
 (12, [1437, 100, 0, 1, 1, 642, 931, 0, 0, 0, 4, 1, 1, 0, 2]),
 (12, [1330, 87, 0, 1, 1, 578, 850, 0, 0, 1, 4, 0, 2, 1, 1]),
 (12, [1216, 108, 0, 0, 1, 1645, 627, 0, 1, 1, 4, 1, 1, 2, 0]),
 (12, [662, 103, 1, 0, 0, 1358, 666, 0, 1, 2, 1, 1, 2, 2, 0])]
scored
[(12, [662, 103, 1, 0, 0, 1358, 666, 0, 1, 2, 1, 1, 2, 2, 0]),
 (12, [1216, 108, 0, 0, 1, 1645, 627, 0, 1, 1, 4, 1, 1, 2, 0]),
 (12, [1330, 87, 0, 1, 1, 578, 850, 0, 0, 1, 4, 0, 2, 1, 1]),
 (12, [1437, 100, 0, 1, 1, 642, 931, 0, 0, 0, 4, 1, 1, 0, 2]),
 (12, [1553, 45, 0, 1, 0, 657, 578, 1, 1, 1, 3, 0, 0, 1, 2]),
 (12, [1882, 91, 1, 1, 1, 1106, 1549, 1, 0, 0, 3, 1, 1, 0, 1]),
 (12, [1908, 105, 0, 1, 0, 1855, 1052, 0, 1, 2, 2, 1, 2, 2, 0]),
 (16, [514, 70, 0, 1, 0, 577, 1066, 1, 1, 0, 1, 0, 2, 1, 1]),
 (16, [546, 34, 1, 0, 0, 1493, 1716, 1, 0, 1, 1, 1, 2, 1, 2]),
 (16, [590, 65, 1, 0, 0, 838, 1816, 1, 1, 0, 2, 1, 2, 2, 1]),
 (16, [1001, 66, 0, 1, 1, 590, 1276, 0, 0, 0, 2, 0, 1, 0, 0]),
 (16, [1077, 12, 1, 0, 1, 840, 539, 1, 1, 0, 1, 0, 0, 1, 2]),
 (16, [1130, 38, 1, 1, 1, 1253, 1024, 0, 0, 1, 4, 1, 0, 1, 2]),
 (16, [1152, 34, 0, 0, 0, 1034, 738, 1, 1, 2, 1, 1, 2, 1, 0]),
 (16, [1209, 101, 0, 1, 1, 1499, 946, 1, 1, 2, 3, 0, 0, 0, 0]),
 (16, [1259, 30, 0, 0, 0, 600, 1282, 0, 1, 0, 2, 1, 0, 1, 1]),
 (16, [1463, 83, 1, 0, 0, 1479, 601, 1, 1, 1, 0, 1, 1, 0, 2]),
 (16, [1478, 29, 1, 0, 0, 952, 1837, 1, 1, 1, 4, 1, 2, 1, 0]),
 (16, [1641, 12, 1, 0, 1, 1557, 1555, 0, 0, 2, 1, 1, 2, 2, 2]),
 (16, [1882, 79, 0, 1, 0, 530, 1696, 0, 1, 0, 4, 1, 1, 1, 1]),
 (16, [2016, 84, 1, 1, 1, 664, 524, 1, 1, 0, 4, 1, 1, 2, 2]),
 (17, [2024, 17, 1, 0, 0, 1585, 1237, 0, 0, 0, 1, 1, 2, 1, 0]),
 (999, [759, 78, 1, 1, 0, 1611, 884, 1, 1, 3, 1, 0, 1, 0, 2]),
 (999, [802, 71, 1, 1, 0, 1617, 603, 1, 0, 1, 5, 0, 2, 1, 0]),
 (999, [928, 81, 1, 1, 0, 624, 1360, 1, 1, 0, 5, 0, 1, 1, 0]),
 (999, [1052, 113, 1, 0, 0, 1145, 1152, 0, 1, 3, 5, 1, 2, 0, 0]),
 (999, [1085, 51, 0, 0, 0, 1127, 602, 1, 0, 1, 5, 1, 1, 2, 1]),
 (999, [1379, 91, 1, 0, 1, 2015, 583, 0, 1, 3, 1, 1, 1, 2, 0]),
 (999, [1499, 109, 1, 1, 1, 1235, 1390, 1, 1, 3, 4, 1, 2, 0, 1]),
 (999, [1547, 16, 1, 0, 0, 597, 1147, 1, 1, 0, 5, 0, 1, 2, 0]),
 (999, [1720, 117, 0, 0, 1, 1918, 1013, 1, 0, 3, 1, 0, 2, 0, 0]),
 (999, [1868, 61, 0, 1, 0, 1780, 1976, 0, 1, 3, 1, 1, 1, 2, 2])]
Selected
[(12, [1330, 87, 0, 1, 1, 578, 850, 0, 0, 1, 4, 0, 2, 1, 1]),
 (12, [1908, 105, 0, 1, 0, 1855, 1052, 0, 1, 2, 2, 1, 2, 2, 0]),
 (12, [1908, 105, 0, 1, 0, 1855, 1052, 0, 1, 2, 2, 1, 2, 2, 0]),
 (16, [546, 34, 1, 0, 0, 1493, 1716, 1, 0, 1, 1, 1, 2, 1, 2]),
 (12, [662, 103, 1, 0, 0, 1358, 666, 0, 1, 2, 1, 1, 2, 2, 0]),
 (12, [1330, 87, 0, 1, 1, 578, 850, 0, 0, 1, 4, 0, 2, 1, 1]),
 (16, [1209, 101, 0, 1, 1, 1499, 946, 1, 1, 2, 3, 0, 0, 0, 0]),
 (12, [1330, 87, 0, 1, 1, 578, 850, 0, 0, 1, 4, 0, 2, 1, 1]),
 (12, [1216, 108, 0, 0, 1, 1645, 627, 0, 1, 1, 4, 1, 1, 2, 0]),
 (12, [1553, 45, 0, 1, 0, 657, 578, 1, 1, 1, 3, 0, 0, 1, 2]),
 (16, [1259, 30, 0, 0, 0, 600, 1282, 0, 1, 0, 2, 1, 0, 1, 1]),
 (16, [546, 34, 1, 0, 0, 1493, 1716, 1, 0, 1, 1, 1, 2, 1, 2]),
 (12, [1437, 100, 0, 1, 1, 642, 931, 0, 0, 0, 4, 1, 1, 0, 2]),
 (12, [1216, 108, 0, 0, 1, 1645, 627, 0, 1, 1, 4, 1, 1, 2, 0]),
 (12, [1437, 100, 0, 1, 1, 642, 931, 0, 0, 0, 4, 1, 1, 0, 2]),
 (12, [1908, 105, 0, 1, 0, 1855, 1052, 0, 1, 2, 2, 1, 2, 2, 0]),
 (17, [2024, 17, 1, 0, 0, 1585, 1237, 0, 0, 0, 1, 1, 2, 1, 0]),
 (12, [1908, 105, 0, 1, 0, 1855, 1052, 0, 1, 2, 2, 1, 2, 2, 0]),
 (12, [1437, 100, 0, 1, 1, 642, 931, 0, 0, 0, 4, 1, 1, 0, 2]),
 (12, [662, 103, 1, 0, 0, 1358, 666, 0, 1, 2, 1, 1, 2, 2, 0]),
 (12, [662, 103, 1, 0, 0, 1358, 666, 0, 1, 2, 1, 1, 2, 2, 0]),
 (12, [1553, 45, 0, 1, 0, 657, 578, 1, 1, 1, 3, 0, 0, 1, 2]),
 (12, [1553, 45, 0, 1, 0, 657, 578, 1, 1, 1, 3, 0, 0, 1, 2]),
 (12, [1330, 87, 0, 1, 1, 578, 850, 0, 0, 1, 4, 0, 2, 1, 1]),
 (16, [514, 70, 0, 1, 0, 577, 1066, 1, 1, 0, 1, 0, 2, 1, 1]),
 (12, [662, 103, 1, 0, 0, 1358, 666, 0, 1, 2, 1, 1, 2, 2, 0]),
 (12, [1908, 105, 0, 1, 0, 1855, 1052, 0, 1, 2, 2, 1, 2, 2, 0])]
population
[(999, [1868, 61, 0, 1, 0, 1780, 1976, 0, 1, 3, 1, 1, 1, 2, 2]),
 (999, [1720, 117, 0, 0, 1, 1918, 1013, 1, 0, 3, 1, 0, 2, 0, 0]),
 (999, [1547, 16, 1, 0, 0, 597, 1147, 1, 1, 0, 5, 0, 1, 2, 0]),
 (999, [1499, 109, 1, 1, 1, 1235, 1390, 1, 1, 3, 4, 1, 2, 0, 1]),
 (999, [1379, 91, 1, 0, 1, 2015, 583, 0, 1, 3, 1, 1, 1, 2, 0]),
 (999, [1085, 51, 0, 0, 0, 1127, 602, 1, 0, 1, 5, 1, 1, 2, 1]),
 (999, [1052, 113, 1, 0, 0, 1145, 1152, 0, 1, 3, 5, 1, 2, 0, 0]),
 (999, [928, 81, 1, 1, 0, 624, 1360, 1, 1, 0, 5, 0, 1, 1, 0]),
 (999, [802, 71, 1, 1, 0, 1617, 603, 1, 0, 1, 5, 0, 2, 1, 0]),
 (999, [759, 78, 1, 1, 0, 1611, 884, 1, 1, 3, 1, 0, 1, 0, 2]),
 (17, [2024, 17, 1, 0, 0, 1585, 1237, 0, 0, 0, 1, 1, 2, 1, 0]),
 (16, [2016, 84, 1, 1, 1, 664, 524, 1, 1, 0, 4, 1, 1, 2, 2]),
 (16, [1882, 79, 0, 1, 0, 530, 1696, 0, 1, 0, 4, 1, 1, 1, 1]),
 (16, [1641, 12, 1, 0, 1, 1557, 1555, 0, 0, 2, 1, 1, 2, 2, 2]),
 (16, [1478, 29, 1, 0, 0, 952, 1837, 1, 1, 1, 4, 1, 2, 1, 0]),
 (16, [1463, 83, 1, 0, 0, 1479, 601, 1, 1, 1, 0, 1, 1, 0, 2]),
 (16, [1259, 30, 0, 0, 0, 600, 1282, 0, 1, 0, 2, 1, 0, 1, 1]),
 (16, [1209, 101, 0, 1, 1, 1499, 946, 1, 1, 2, 3, 0, 0, 0, 0]),
 (16, [1152, 34, 0, 0, 0, 1034, 738, 1, 1, 2, 1, 1, 2, 1, 0]),
 (16, [1130, 38, 1, 1, 1, 1253, 1024, 0, 0, 1, 4, 1, 0, 1, 2]),
 (16, [1077, 12, 1, 0, 1, 840, 539, 1, 1, 0, 1, 0, 0, 1, 2]),
 (16, [1001, 66, 0, 1, 1, 590, 1276, 0, 0, 0, 2, 0, 1, 0, 0]),
 (16, [590, 65, 1, 0, 0, 838, 1816, 1, 1, 0, 2, 1, 2, 2, 1]),
 (16, [546, 34, 1, 0, 0, 1493, 1716, 1, 0, 1, 1, 1, 2, 1, 2]),
 (16, [514, 70, 0, 1, 0, 577, 1066, 1, 1, 0, 1, 0, 2, 1, 1]),
 (12, [1908, 105, 0, 1, 0, 1855, 1052, 0, 1, 2, 2, 1, 2, 2, 0]),
 (12, [1882, 91, 1, 1, 1, 1106, 1549, 1, 0, 0, 3, 1, 1, 0, 1]),
 (12, [1553, 45, 0, 1, 0, 657, 578, 1, 1, 1, 3, 0, 0, 1, 2]),
 (12, [1437, 100, 0, 1, 1, 642, 931, 0, 0, 0, 4, 1, 1, 0, 2]),
 (12, [1330, 87, 0, 1, 1, 578, 850, 0, 0, 1, 4, 0, 2, 1, 1]),
 (12, [1216, 108, 0, 0, 1, 1645, 627, 0, 1, 1, 4, 1, 1, 2, 0]),
 (12, [662, 103, 1, 0, 0, 1358, 666, 0, 1, 2, 1, 1, 2, 2, 0])]
scored
[(12, [662, 103, 1, 0, 0, 1358, 666, 0, 1, 2, 1, 1, 2, 2, 0]),
 (12, [1216, 108, 0, 0, 1, 1645, 627, 0, 1, 1, 4, 1, 1, 2, 0]),
 (12, [1330, 87, 0, 1, 1, 578, 850, 0, 0, 1, 4, 0, 2, 1, 1]),
 (12, [1437, 100, 0, 1, 1, 642, 931, 0, 0, 0, 4, 1, 1, 0, 2]),
 (12, [1553, 45, 0, 1, 0, 657, 578, 1, 1, 1, 3, 0, 0, 1, 2]),
 (12, [1882, 91, 1, 1, 1, 1106, 1549, 1, 0, 0, 3, 1, 1, 0, 1]),
 (12, [1908, 105, 0, 1, 0, 1855, 1052, 0, 1, 2, 2, 1, 2, 2, 0]),
 (16, [514, 70, 0, 1, 0, 577, 1066, 1, 1, 0, 1, 0, 2, 1, 1]),
 (16, [546, 34, 1, 0, 0, 1493, 1716, 1, 0, 1, 1, 1, 2, 1, 2]),
 (16, [590, 65, 1, 0, 0, 838, 1816, 1, 1, 0, 2, 1, 2, 2, 1]),
 (16, [1001, 66, 0, 1, 1, 590, 1276, 0, 0, 0, 2, 0, 1, 0, 0]),
 (16, [1077, 12, 1, 0, 1, 840, 539, 1, 1, 0, 1, 0, 0, 1, 2]),
 (16, [1130, 38, 1, 1, 1, 1253, 1024, 0, 0, 1, 4, 1, 0, 1, 2]),
 (16, [1152, 34, 0, 0, 0, 1034, 738, 1, 1, 2, 1, 1, 2, 1, 0]),
 (16, [1209, 101, 0, 1, 1, 1499, 946, 1, 1, 2, 3, 0, 0, 0, 0]),
 (16, [1259, 30, 0, 0, 0, 600, 1282, 0, 1, 0, 2, 1, 0, 1, 1]),
 (16, [1463, 83, 1, 0, 0, 1479, 601, 1, 1, 1, 0, 1, 1, 0, 2]),
 (16, [1478, 29, 1, 0, 0, 952, 1837, 1, 1, 1, 4, 1, 2, 1, 0]),
 (16, [1641, 12, 1, 0, 1, 1557, 1555, 0, 0, 2, 1, 1, 2, 2, 2]),
 (16, [1882, 79, 0, 1, 0, 530, 1696, 0, 1, 0, 4, 1, 1, 1, 1]),
 (16, [2016, 84, 1, 1, 1, 664, 524, 1, 1, 0, 4, 1, 1, 2, 2]),
 (17, [2024, 17, 1, 0, 0, 1585, 1237, 0, 0, 0, 1, 1, 2, 1, 0]),
 (999, [759, 78, 1, 1, 0, 1611, 884, 1, 1, 3, 1, 0, 1, 0, 2]),
 (999, [802, 71, 1, 1, 0, 1617, 603, 1, 0, 1, 5, 0, 2, 1, 0]),
 (999, [928, 81, 1, 1, 0, 624, 1360, 1, 1, 0, 5, 0, 1, 1, 0]),
 (999, [1052, 113, 1, 0, 0, 1145, 1152, 0, 1, 3, 5, 1, 2, 0, 0]),
 (999, [1085, 51, 0, 0, 0, 1127, 602, 1, 0, 1, 5, 1, 1, 2, 1]),
 (999, [1379, 91, 1, 0, 1, 2015, 583, 0, 1, 3, 1, 1, 1, 2, 0]),
 (999, [1499, 109, 1, 1, 1, 1235, 1390, 1, 1, 3, 4, 1, 2, 0, 1]),
 (999, [1547, 16, 1, 0, 0, 597, 1147, 1, 1, 0, 5, 0, 1, 2, 0]),
 (999, [1720, 117, 0, 0, 1, 1918, 1013, 1, 0, 3, 1, 0, 2, 0, 0]),
 (999, [1868, 61, 0, 1, 0, 1780, 1976, 0, 1, 3, 1, 1, 1, 2, 2])]
Selected
[(16, [590, 65, 1, 0, 0, 838, 1816, 1, 1, 0, 2, 1, 2, 2, 1]),
 (16, [514, 70, 0, 1, 0, 577, 1066, 1, 1, 0, 1, 0, 2, 1, 1]),
 (12, [1437, 100, 0, 1, 1, 642, 931, 0, 0, 0, 4, 1, 1, 0, 2]),
 (12, [1437, 100, 0, 1, 1, 642, 931, 0, 0, 0, 4, 1, 1, 0, 2]),
 (16, [546, 34, 1, 0, 0, 1493, 1716, 1, 0, 1, 1, 1, 2, 1, 2]),
 (12, [1216, 108, 0, 0, 1, 1645, 627, 0, 1, 1, 4, 1, 1, 2, 0]),
 (16, [1259, 30, 0, 0, 0, 600, 1282, 0, 1, 0, 2, 1, 0, 1, 1]),
 (16, [1130, 38, 1, 1, 1, 1253, 1024, 0, 0, 1, 4, 1, 0, 1, 2]),
 (12, [1216, 108, 0, 0, 1, 1645, 627, 0, 1, 1, 4, 1, 1, 2, 0]),
 (16, [514, 70, 0, 1, 0, 577, 1066, 1, 1, 0, 1, 0, 2, 1, 1]),
 (12, [1882, 91, 1, 1, 1, 1106, 1549, 1, 0, 0, 3, 1, 1, 0, 1]),
 (12, [1437, 100, 0, 1, 1, 642, 931, 0, 0, 0, 4, 1, 1, 0, 2]),
 (16, [1001, 66, 0, 1, 1, 590, 1276, 0, 0, 0, 2, 0, 1, 0, 0]),
 (12, [1330, 87, 0, 1, 1, 578, 850, 0, 0, 1, 4, 0, 2, 1, 1]),
 (12, [1330, 87, 0, 1, 1, 578, 850, 0, 0, 1, 4, 0, 2, 1, 1]),
 (16, [1152, 34, 0, 0, 0, 1034, 738, 1, 1, 2, 1, 1, 2, 1, 0]),
 (12, [1882, 91, 1, 1, 1, 1106, 1549, 1, 0, 0, 3, 1, 1, 0, 1]),
 (12, [1216, 108, 0, 0, 1, 1645, 627, 0, 1, 1, 4, 1, 1, 2, 0]),
 (12, [662, 103, 1, 0, 0, 1358, 666, 0, 1, 2, 1, 1, 2, 2, 0]),
 (16, [514, 70, 0, 1, 0, 577, 1066, 1, 1, 0, 1, 0, 2, 1, 1]),
 (12, [1216, 108, 0, 0, 1, 1645, 627, 0, 1, 1, 4, 1, 1, 2, 0]),
 (12, [1437, 100, 0, 1, 1, 642, 931, 0, 0, 0, 4, 1, 1, 0, 2]),
 (12, [1553, 45, 0, 1, 0, 657, 578, 1, 1, 1, 3, 0, 0, 1, 2]),
 (12, [1330, 87, 0, 1, 1, 578, 850, 0, 0, 1, 4, 0, 2, 1, 1]),
 (12, [662, 103, 1, 0, 0, 1358, 666, 0, 1, 2, 1, 1, 2, 2, 0]),
 (12, [1437, 100, 0, 1, 1, 642, 931, 0, 0, 0, 4, 1, 1, 0, 2]),
 (12, [662, 103, 1, 0, 0, 1358, 666, 0, 1, 2, 1, 1, 2, 2, 0])]
population
[(999, [1868, 61, 0, 1, 0, 1780, 1976, 0, 1, 3, 1, 1, 1, 2, 2]),
 (999, [1720, 117, 0, 0, 1, 1918, 1013, 1, 0, 3, 1, 0, 2, 0, 0]),
 (999, [1547, 16, 1, 0, 0, 597, 1147, 1, 1, 0, 5, 0, 1, 2, 0]),
 (999, [1499, 109, 1, 1, 1, 1235, 1390, 1, 1, 3, 4, 1, 2, 0, 1]),
 (999, [1379, 91, 1, 0, 1, 2015, 583, 0, 1, 3, 1, 1, 1, 2, 0]),
 (999, [1085, 51, 0, 0, 0, 1127, 602, 1, 0, 1, 5, 1, 1, 2, 1]),
 (999, [1052, 113, 1, 0, 0, 1145, 1152, 0, 1, 3, 5, 1, 2, 0, 0]),
 (999, [928, 81, 1, 1, 0, 624, 1360, 1, 1, 0, 5, 0, 1, 1, 0]),
 (999, [802, 71, 1, 1, 0, 1617, 603, 1, 0, 1, 5, 0, 2, 1, 0]),
 (999, [759, 78, 1, 1, 0, 1611, 884, 1, 1, 3, 1, 0, 1, 0, 2]),
 (17, [2024, 17, 1, 0, 0, 1585, 1237, 0, 0, 0, 1, 1, 2, 1, 0]),
 (16, [2016, 84, 1, 1, 1, 664, 524, 1, 1, 0, 4, 1, 1, 2, 2]),
 (16, [1882, 79, 0, 1, 0, 530, 1696, 0, 1, 0, 4, 1, 1, 1, 1]),
 (16, [1641, 12, 1, 0, 1, 1557, 1555, 0, 0, 2, 1, 1, 2, 2, 2]),
 (16, [1478, 29, 1, 0, 0, 952, 1837, 1, 1, 1, 4, 1, 2, 1, 0]),
 (16, [1463, 83, 1, 0, 0, 1479, 601, 1, 1, 1, 0, 1, 1, 0, 2]),
 (16, [1259, 30, 0, 0, 0, 600, 1282, 0, 1, 0, 2, 1, 0, 1, 1]),
 (16, [1209, 101, 0, 1, 1, 1499, 946, 1, 1, 2, 3, 0, 0, 0, 0]),
 (16, [1152, 34, 0, 0, 0, 1034, 738, 1, 1, 2, 1, 1, 2, 1, 0]),
 (16, [1130, 38, 1, 1, 1, 1253, 1024, 0, 0, 1, 4, 1, 0, 1, 2]),
 (16, [1077, 12, 1, 0, 1, 840, 539, 1, 1, 0, 1, 0, 0, 1, 2]),
 (16, [1001, 66, 0, 1, 1, 590, 1276, 0, 0, 0, 2, 0, 1, 0, 0]),
 (16, [590, 65, 1, 0, 0, 838, 1816, 1, 1, 0, 2, 1, 2, 2, 1]),
 (16, [546, 34, 1, 0, 0, 1493, 1716, 1, 0, 1, 1, 1, 2, 1, 2]),
 (16, [514, 70, 0, 1, 0, 577, 1066, 1, 1, 0, 1, 0, 2, 1, 1]),
 (12, [1908, 105, 0, 1, 0, 1855, 1052, 0, 1, 2, 2, 1, 2, 2, 0]),
 (12, [1882, 91, 1, 1, 1, 1106, 1549, 1, 0, 0, 3, 1, 1, 0, 1]),
 (12, [1553, 45, 0, 1, 0, 657, 578, 1, 1, 1, 3, 0, 0, 1, 2]),
 (12, [1437, 100, 0, 1, 1, 642, 931, 0, 0, 0, 4, 1, 1, 0, 2]),
 (12, [1330, 87, 0, 1, 1, 578, 850, 0, 0, 1, 4, 0, 2, 1, 1]),
 (12, [1216, 108, 0, 0, 1, 1645, 627, 0, 1, 1, 4, 1, 1, 2, 0]),
 (12, [662, 103, 1, 0, 0, 1358, 666, 0, 1, 2, 1, 1, 2, 2, 0])]
scored
[(12, [662, 103, 1, 0, 0, 1358, 666, 0, 1, 2, 1, 1, 2, 2, 0]),
 (12, [1216, 108, 0, 0, 1, 1645, 627, 0, 1, 1, 4, 1, 1, 2, 0]),
 (12, [1330, 87, 0, 1, 1, 578, 850, 0, 0, 1, 4, 0, 2, 1, 1]),
 (12, [1437, 100, 0, 1, 1, 642, 931, 0, 0, 0, 4, 1, 1, 0, 2]),
 (12, [1553, 45, 0, 1, 0, 657, 578, 1, 1, 1, 3, 0, 0, 1, 2]),
 (12, [1882, 91, 1, 1, 1, 1106, 1549, 1, 0, 0, 3, 1, 1, 0, 1]),
 (12, [1908, 105, 0, 1, 0, 1855, 1052, 0, 1, 2, 2, 1, 2, 2, 0]),
 (16, [514, 70, 0, 1, 0, 577, 1066, 1, 1, 0, 1, 0, 2, 1, 1]),
 (16, [546, 34, 1, 0, 0, 1493, 1716, 1, 0, 1, 1, 1, 2, 1, 2]),
 (16, [590, 65, 1, 0, 0, 838, 1816, 1, 1, 0, 2, 1, 2, 2, 1]),
 (16, [1001, 66, 0, 1, 1, 590, 1276, 0, 0, 0, 2, 0, 1, 0, 0]),
 (16, [1077, 12, 1, 0, 1, 840, 539, 1, 1, 0, 1, 0, 0, 1, 2]),
 (16, [1130, 38, 1, 1, 1, 1253, 1024, 0, 0, 1, 4, 1, 0, 1, 2]),
 (16, [1152, 34, 0, 0, 0, 1034, 738, 1, 1, 2, 1, 1, 2, 1, 0]),
 (16, [1209, 101, 0, 1, 1, 1499, 946, 1, 1, 2, 3, 0, 0, 0, 0]),
 (16, [1259, 30, 0, 0, 0, 600, 1282, 0, 1, 0, 2, 1, 0, 1, 1]),
 (16, [1463, 83, 1, 0, 0, 1479, 601, 1, 1, 1, 0, 1, 1, 0, 2]),
 (16, [1478, 29, 1, 0, 0, 952, 1837, 1, 1, 1, 4, 1, 2, 1, 0]),
 (16, [1641, 12, 1, 0, 1, 1557, 1555, 0, 0, 2, 1, 1, 2, 2, 2]),
 (16, [1882, 79, 0, 1, 0, 530, 1696, 0, 1, 0, 4, 1, 1, 1, 1]),
 (16, [2016, 84, 1, 1, 1, 664, 524, 1, 1, 0, 4, 1, 1, 2, 2]),
 (17, [2024, 17, 1, 0, 0, 1585, 1237, 0, 0, 0, 1, 1, 2, 1, 0]),
 (999, [759, 78, 1, 1, 0, 1611, 884, 1, 1, 3, 1, 0, 1, 0, 2]),
 (999, [802, 71, 1, 1, 0, 1617, 603, 1, 0, 1, 5, 0, 2, 1, 0]),
 (999, [928, 81, 1, 1, 0, 624, 1360, 1, 1, 0, 5, 0, 1, 1, 0]),
 (999, [1052, 113, 1, 0, 0, 1145, 1152, 0, 1, 3, 5, 1, 2, 0, 0]),
 (999, [1085, 51, 0, 0, 0, 1127, 602, 1, 0, 1, 5, 1, 1, 2, 1]),
 (999, [1379, 91, 1, 0, 1, 2015, 583, 0, 1, 3, 1, 1, 1, 2, 0]),
 (999, [1499, 109, 1, 1, 1, 1235, 1390, 1, 1, 3, 4, 1, 2, 0, 1]),
 (999, [1547, 16, 1, 0, 0, 597, 1147, 1, 1, 0, 5, 0, 1, 2, 0]),
 (999, [1720, 117, 0, 0, 1, 1918, 1013, 1, 0, 3, 1, 0, 2, 0, 0]),
 (999, [1868, 61, 0, 1, 0, 1780, 1976, 0, 1, 3, 1, 1, 1, 2, 2])]
Selected
[(16, [590, 65, 1, 0, 0, 838, 1816, 1, 1, 0, 2, 1, 2, 2, 1]),
 (12, [1908, 105, 0, 1, 0, 1855, 1052, 0, 1, 2, 2, 1, 2, 2, 0]),
 (16, [1130, 38, 1, 1, 1, 1253, 1024, 0, 0, 1, 4, 1, 0, 1, 2]),
 (12, [1882, 91, 1, 1, 1, 1106, 1549, 1, 0, 0, 3, 1, 1, 0, 1]),
 (16, [514, 70, 0, 1, 0, 577, 1066, 1, 1, 0, 1, 0, 2, 1, 1]),
 (12, [1908, 105, 0, 1, 0, 1855, 1052, 0, 1, 2, 2, 1, 2, 2, 0]),
 (16, [1152, 34, 0, 0, 0, 1034, 738, 1, 1, 2, 1, 1, 2, 1, 0]),
 (12, [1216, 108, 0, 0, 1, 1645, 627, 0, 1, 1, 4, 1, 1, 2, 0]),
 (12, [1437, 100, 0, 1, 1, 642, 931, 0, 0, 0, 4, 1, 1, 0, 2]),
 (12, [1216, 108, 0, 0, 1, 1645, 627, 0, 1, 1, 4, 1, 1, 2, 0]),
 (12, [1908, 105, 0, 1, 0, 1855, 1052, 0, 1, 2, 2, 1, 2, 2, 0]),
 (12, [1553, 45, 0, 1, 0, 657, 578, 1, 1, 1, 3, 0, 0, 1, 2]),
 (12, [1216, 108, 0, 0, 1, 1645, 627, 0, 1, 1, 4, 1, 1, 2, 0]),
 (12, [662, 103, 1, 0, 0, 1358, 666, 0, 1, 2, 1, 1, 2, 2, 0]),
 (12, [1330, 87, 0, 1, 1, 578, 850, 0, 0, 1, 4, 0, 2, 1, 1]),
 (16, [1463, 83, 1, 0, 0, 1479, 601, 1, 1, 1, 0, 1, 1, 0, 2]),
 (12, [1882, 91, 1, 1, 1, 1106, 1549, 1, 0, 0, 3, 1, 1, 0, 1]),
 (16, [514, 70, 0, 1, 0, 577, 1066, 1, 1, 0, 1, 0, 2, 1, 1]),
 (12, [662, 103, 1, 0, 0, 1358, 666, 0, 1, 2, 1, 1, 2, 2, 0]),
 (16, [546, 34, 1, 0, 0, 1493, 1716, 1, 0, 1, 1, 1, 2, 1, 2]),
 (12, [1908, 105, 0, 1, 0, 1855, 1052, 0, 1, 2, 2, 1, 2, 2, 0]),
 (12, [1553, 45, 0, 1, 0, 657, 578, 1, 1, 1, 3, 0, 0, 1, 2]),
 (16, [590, 65, 1, 0, 0, 838, 1816, 1, 1, 0, 2, 1, 2, 2, 1]),
 (12, [662, 103, 1, 0, 0, 1358, 666, 0, 1, 2, 1, 1, 2, 2, 0]),
 (12, [1553, 45, 0, 1, 0, 657, 578, 1, 1, 1, 3, 0, 0, 1, 2]),
 (12, [1437, 100, 0, 1, 1, 642, 931, 0, 0, 0, 4, 1, 1, 0, 2]),
 (12, [1908, 105, 0, 1, 0, 1855, 1052, 0, 1, 2, 2, 1, 2, 2, 0])]

Poblacin de 32 individuos durante 15 generaciones
Poblacin inicial:
[(999, [1868, 61, 0, 1, 0, 1780, 1976, 0, 1, 3, 1, 1, 1, 2, 2]),
 (999, [1720, 117, 0, 0, 1, 1918, 1013, 1, 0, 3, 1, 0, 2, 0, 0]),
 (999, [1547, 16, 1, 0, 0, 597, 1147, 1, 1, 0, 5, 0, 1, 2, 0]),
 (999, [1499, 109, 1, 1, 1, 1235, 1390, 1, 1, 3, 4, 1, 2, 0, 1]),
 (999, [1379, 91, 1, 0, 1, 2015, 583, 0, 1, 3, 1, 1, 1, 2, 0]),
 (999, [1085, 51, 0, 0, 0, 1127, 602, 1, 0, 1, 5, 1, 1, 2, 1]),
 (999, [1052, 113, 1, 0, 0, 1145, 1152, 0, 1, 3, 5, 1, 2, 0, 0]),
 (999, [928, 81, 1, 1, 0, 624, 1360, 1, 1, 0, 5, 0, 1, 1, 0]),
 (999, [802, 71, 1, 1, 0, 1617, 603, 1, 0, 1, 5, 0, 2, 1, 0]),
 (999, [759, 78, 1, 1, 0, 1611, 884, 1, 1, 3, 1, 0, 1, 0, 2]),
 (17, [2024, 17, 1, 0, 0, 1585, 1237, 0, 0, 0, 1, 1, 2, 1, 0]),
 (16, [2016, 84, 1, 1, 1, 664, 524, 1, 1, 0, 4, 1, 1, 2, 2]),
 (16, [1882, 79, 0, 1, 0, 530, 1696, 0, 1, 0, 4, 1, 1, 1, 1]),
 (16, [1641, 12, 1, 0, 1, 1557, 1555, 0, 0, 2, 1, 1, 2, 2, 2]),
 (16, [1478, 29, 1, 0, 0, 952, 1837, 1, 1, 1, 4, 1, 2, 1, 0]),
 (16, [1463, 83, 1, 0, 0, 1479, 601, 1, 1, 1, 0, 1, 1, 0, 2]),
 (16, [1259, 30, 0, 0, 0, 600, 1282, 0, 1, 0, 2, 1, 0, 1, 1]),
 (16, [1209, 101, 0, 1, 1, 1499, 946, 1, 1, 2, 3, 0, 0, 0, 0]),
 (16, [1152, 34, 0, 0, 0, 1034, 738, 1, 1, 2, 1, 1, 2, 1, 0]),
 (16, [1130, 38, 1, 1, 1, 1253, 1024, 0, 0, 1, 4, 1, 0, 1, 2]),
 (16, [1077, 12, 1, 0, 1, 840, 539, 1, 1, 0, 1, 0, 0, 1, 2]),
 (16, [1001, 66, 0, 1, 1, 590, 1276, 0, 0, 0, 2, 0, 1, 0, 0]),
 (16, [590, 65, 1, 0, 0, 838, 1816, 1, 1, 0, 2, 1, 2, 2, 1]),
 (16, [546, 34, 1, 0, 0, 1493, 1716, 1, 0, 1, 1, 1, 2, 1, 2]),
 (16, [514, 70, 0, 1, 0, 577, 1066, 1, 1, 0, 1, 0, 2, 1, 1]),
 (12, [1908, 105, 0, 1, 0, 1855, 1052, 0, 1, 2, 2, 1, 2, 2, 0]),
 (12, [1882, 91, 1, 1, 1, 1106, 1549, 1, 0, 0, 3, 1, 1, 0, 1]),
 (12, [1553, 45, 0, 1, 0, 657, 578, 1, 1, 1, 3, 0, 0, 1, 2]),
 (12, [1437, 100, 0, 1, 1, 642, 931, 0, 0, 0, 4, 1, 1, 0, 2]),
 (12, [1330, 87, 0, 1, 1, 578, 850, 0, 0, 1, 4, 0, 2, 1, 1]),
 (12, [1216, 108, 0, 0, 1, 1645, 627, 0, 1, 1, 4, 1, 1, 2, 0]),
 (12, [662, 103, 1, 0, 0, 1358, 666, 0, 1, 2, 1, 1, 2, 2, 0])]
Poblacin final:
[(999, [1868, 61, 0, 1, 0, 1780, 1976, 0, 1, 3, 1, 1, 1, 2, 2]),
 (999, [1720, 117, 0, 0, 1, 1918, 1013, 1, 0, 3, 1, 0, 2, 0, 0]),
 (999, [1547, 16, 1, 0, 0, 597, 1147, 1, 1, 0, 5, 0, 1, 2, 0]),
 (999, [1499, 109, 1, 1, 1, 1235, 1390, 1, 1, 3, 4, 1, 2, 0, 1]),
 (999, [1379, 91, 1, 0, 1, 2015, 583, 0, 1, 3, 1, 1, 1, 2, 0]),
 (999, [1085, 51, 0, 0, 0, 1127, 602, 1, 0, 1, 5, 1, 1, 2, 1]),
 (999, [1052, 113, 1, 0, 0, 1145, 1152, 0, 1, 3, 5, 1, 2, 0, 0]),
 (999, [928, 81, 1, 1, 0, 624, 1360, 1, 1, 0, 5, 0, 1, 1, 0]),
 (999, [802, 71, 1, 1, 0, 1617, 603, 1, 0, 1, 5, 0, 2, 1, 0]),
 (999, [759, 78, 1, 1, 0, 1611, 884, 1, 1, 3, 1, 0, 1, 0, 2]),
 (17, [2024, 17, 1, 0, 0, 1585, 1237, 0, 0, 0, 1, 1, 2, 1, 0]),
 (16, [2016, 84, 1, 1, 1, 664, 524, 1, 1, 0, 4, 1, 1, 2, 2]),
 (16, [1882, 79, 0, 1, 0, 530, 1696, 0, 1, 0, 4, 1, 1, 1, 1]),
 (16, [1641, 12, 1, 0, 1, 1557, 1555, 0, 0, 2, 1, 1, 2, 2, 2]),
 (16, [1478, 29, 1, 0, 0, 952, 1837, 1, 1, 1, 4, 1, 2, 1, 0]),
 (16, [1463, 83, 1, 0, 0, 1479, 601, 1, 1, 1, 0, 1, 1, 0, 2]),
 (16, [1259, 30, 0, 0, 0, 600, 1282, 0, 1, 0, 2, 1, 0, 1, 1]),
 (16, [1209, 101, 0, 1, 1, 1499, 946, 1, 1, 2, 3, 0, 0, 0, 0]),
 (16, [1152, 34, 0, 0, 0, 1034, 738, 1, 1, 2, 1, 1, 2, 1, 0]),
 (16, [1130, 38, 1, 1, 1, 1253, 1024, 0, 0, 1, 4, 1, 0, 1, 2]),
 (16, [1077, 12, 1, 0, 1, 840, 539, 1, 1, 0, 1, 0, 0, 1, 2]),
 (16, [1001, 66, 0, 1, 1, 590, 1276, 0, 0, 0, 2, 0, 1, 0, 0]),
 (16, [590, 65, 1, 0, 0, 838, 1816, 1, 1, 0, 2, 1, 2, 2, 1]),
 (16, [546, 34, 1, 0, 0, 1493, 1716, 1, 0, 1, 1, 1, 2, 1, 2]),
 (16, [514, 70, 0, 1, 0, 577, 1066, 1, 1, 0, 1, 0, 2, 1, 1]),
 (12, [1908, 105, 0, 1, 0, 1855, 1052, 0, 1, 2, 2, 1, 2, 2, 0]),
 (12, [1882, 91, 1, 1, 1, 1106, 1549, 1, 0, 0, 3, 1, 1, 0, 1]),
 (12, [1553, 45, 0, 1, 0, 657, 578, 1, 1, 1, 3, 0, 0, 1, 2]),
 (12, [1437, 100, 0, 1, 1, 642, 931, 0, 0, 0, 4, 1, 1, 0, 2]),
 (12, [1330, 87, 0, 1, 1, 578, 850, 0, 0, 1, 4, 0, 2, 1, 1]),
 (12, [1216, 108, 0, 0, 1, 1645, 627, 0, 1, 1, 4, 1, 1, 2, 0]),
 (12, [662, 103, 1, 0, 0, 1358, 666, 0, 1, 2, 1, 1, 2, 2, 0])]
Elapsed time is 864.609032 seconds.
