 * Manually resetting nginx to stopped state
 * Manually resetting nginx to stopped state
 * Manually resetting nginx to stopped state
 * Manually resetting nginx to stopped state
 * Manually resetting nginx to stopped state
 * Manually resetting nginx to stopped state
 * Manually resetting nginx to stopped state
 * Manually resetting nginx to stopped state
 * Manually resetting nginx to stopped state
 * Manually resetting nginx to stopped state
 * Manually resetting nginx to stopped state
 * Manually resetting nginx to stopped state
 * Manually resetting nginx to stopped state
 * Manually resetting nginx to stopped state
 * Manually resetting nginx to stopped state
 * Manually resetting nginx to stopped state
 * Manually resetting nginx to stopped state
 * Manually resetting nginx to stopped state
 * Manually resetting nginx to stopped state
 * Manually resetting nginx to stopped state
 * Manually resetting nginx to stopped state
 * Manually resetting nginx to stopped state
 * Manually resetting nginx to stopped state
 * Manually resetting nginx to stopped state
 * Manually resetting nginx to stopped state
genes: 15
individuals : 32
pressure: 5
mutation_chance: 0
generations: 15
crossover_type: 1
mutation_type_random: 1
Alerts:
3
Alerts:
16
Alerts:
16
Alerts:
16
Alerts:
33
Alerts:
12
Alerts:
16
Alerts:
16
Alerts:
16
Alerts:
33
Alerts:
16
Alerts:
12
Alerts:
16
Alerts:
12
Alerts:
12
Alerts:
16
Alerts:
12
Alerts:
16
Alerts:
33
Alerts:
16
Alerts:
12
Alerts:
33
Alerts:
16
Alerts:
33
Alerts:
12
population
[(3, [1836, 50, 1, 0, 0, 1145, 525, 0, 0, 1, 0, 1, 0, 0, 1]),
 (16, [873, 102, 0, 1, 0, 984, 698, 1, 1, 1, 2, 0, 1, 2, 2]),
 (16, [786, 77, 0, 0, 1, 1355, 1694, 0, 1, 0, 3, 1, 0, 2, 1]),
 (16, [1999, 65, 0, 1, 1, 1750, 1837, 0, 0, 2, 2, 1, 2, 2, 1]),
 (33, [1539, 80, 0, 1, 0, 1675, 2030, 1, 1, 2, 1, 0, 2, 1, 0]),
 (12, [1572, 59, 0, 1, 0, 1019, 1699, 0, 1, 0, 2, 0, 0, 2, 1]),
 (999, [1040, 35, 1, 1, 0, 1621, 1674, 1, 0, 3, 5, 0, 2, 1, 2]),
 (16, [782, 119, 1, 1, 0, 1966, 1700, 1, 1, 0, 1, 0, 0, 2, 0]),
 (16, [1864, 46, 0, 1, 1, 1635, 706, 1, 1, 2, 1, 0, 2, 2, 1]),
 (16, [1130, 61, 1, 0, 1, 1013, 528, 0, 1, 1, 2, 0, 0, 2, 2]),
 (33, [1890, 52, 0, 0, 0, 1254, 1042, 1, 0, 1, 3, 1, 0, 2, 1]),
 (16, [727, 22, 0, 0, 1, 693, 1203, 1, 0, 0, 1, 0, 2, 1, 1]),
 (12, [925, 111, 0, 1, 1, 1171, 1133, 0, 1, 0, 4, 1, 0, 1, 0]),
 (16, [940, 75, 0, 1, 0, 1755, 538, 0, 1, 1, 3, 1, 2, 0, 1]),
 (999, [1709, 110, 0, 1, 1, 1800, 1699, 0, 1, 3, 1, 0, 2, 2, 0]),
 (999, [749, 99, 0, 1, 0, 1248, 1362, 1, 0, 3, 4, 0, 1, 0, 0]),
 (12, [922, 107, 1, 0, 1, 1864, 1812, 1, 0, 1, 4, 1, 0, 1, 1]),
 (12, [923, 17, 0, 1, 1, 1451, 594, 0, 1, 0, 2, 1, 1, 1, 2]),
 (16, [1762, 83, 0, 1, 0, 944, 2028, 1, 0, 0, 3, 1, 0, 0, 2]),
 (12, [527, 88, 0, 1, 1, 2009, 1666, 0, 1, 2, 2, 1, 2, 2, 2]),
 (999, [512, 108, 0, 0, 1, 995, 985, 0, 1, 3, 4, 1, 1, 2, 0]),
 (16, [1358, 67, 0, 1, 0, 1025, 614, 0, 1, 0, 0, 1, 2, 1, 1]),
 (33, [1987, 71, 1, 1, 0, 828, 1020, 0, 0, 0, 3, 1, 1, 2, 1]),
 (999, [1098, 23, 1, 0, 1, 1278, 1200, 1, 0, 3, 4, 1, 2, 0, 0]),
 (16, [1028, 35, 1, 1, 1, 797, 1563, 1, 0, 0, 1, 1, 1, 0, 2]),
 (999, [1194, 37, 1, 0, 0, 802, 1334, 1, 1, 3, 4, 0, 2, 2, 2]),
 (12, [897, 66, 0, 0, 1, 1019, 1151, 0, 0, 2, 3, 1, 2, 1, 0]),
 (33, [998, 42, 0, 1, 0, 1641, 1476, 1, 0, 0, 2, 1, 0, 2, 0]),
 (16, [1722, 24, 1, 0, 0, 749, 1789, 0, 1, 0, 2, 1, 2, 2, 0]),
 (33, [1956, 45, 1, 0, 0, 1609, 1308, 1, 1, 2, 0, 1, 1, 0, 0]),
 (12, [1233, 17, 1, 0, 1, 1945, 649, 0, 1, 2, 1, 0, 1, 0, 0]),
 (999, [1033, 30, 1, 0, 0, 1560, 780, 0, 1, 3, 5, 0, 0, 0, 0])]
scored
[(3, [1836, 50, 1, 0, 0, 1145, 525, 0, 0, 1, 0, 1, 0, 0, 1]),
 (12, [527, 88, 0, 1, 1, 2009, 1666, 0, 1, 2, 2, 1, 2, 2, 2]),
 (12, [897, 66, 0, 0, 1, 1019, 1151, 0, 0, 2, 3, 1, 2, 1, 0]),
 (12, [922, 107, 1, 0, 1, 1864, 1812, 1, 0, 1, 4, 1, 0, 1, 1]),
 (12, [923, 17, 0, 1, 1, 1451, 594, 0, 1, 0, 2, 1, 1, 1, 2]),
 (12, [925, 111, 0, 1, 1, 1171, 1133, 0, 1, 0, 4, 1, 0, 1, 0]),
 (12, [1233, 17, 1, 0, 1, 1945, 649, 0, 1, 2, 1, 0, 1, 0, 0]),
 (12, [1572, 59, 0, 1, 0, 1019, 1699, 0, 1, 0, 2, 0, 0, 2, 1]),
 (16, [727, 22, 0, 0, 1, 693, 1203, 1, 0, 0, 1, 0, 2, 1, 1]),
 (16, [782, 119, 1, 1, 0, 1966, 1700, 1, 1, 0, 1, 0, 0, 2, 0]),
 (16, [786, 77, 0, 0, 1, 1355, 1694, 0, 1, 0, 3, 1, 0, 2, 1]),
 (16, [873, 102, 0, 1, 0, 984, 698, 1, 1, 1, 2, 0, 1, 2, 2]),
 (16, [940, 75, 0, 1, 0, 1755, 538, 0, 1, 1, 3, 1, 2, 0, 1]),
 (16, [1028, 35, 1, 1, 1, 797, 1563, 1, 0, 0, 1, 1, 1, 0, 2]),
 (16, [1130, 61, 1, 0, 1, 1013, 528, 0, 1, 1, 2, 0, 0, 2, 2]),
 (16, [1358, 67, 0, 1, 0, 1025, 614, 0, 1, 0, 0, 1, 2, 1, 1]),
 (16, [1722, 24, 1, 0, 0, 749, 1789, 0, 1, 0, 2, 1, 2, 2, 0]),
 (16, [1762, 83, 0, 1, 0, 944, 2028, 1, 0, 0, 3, 1, 0, 0, 2]),
 (16, [1864, 46, 0, 1, 1, 1635, 706, 1, 1, 2, 1, 0, 2, 2, 1]),
 (16, [1999, 65, 0, 1, 1, 1750, 1837, 0, 0, 2, 2, 1, 2, 2, 1]),
 (33, [998, 42, 0, 1, 0, 1641, 1476, 1, 0, 0, 2, 1, 0, 2, 0]),
 (33, [1539, 80, 0, 1, 0, 1675, 2030, 1, 1, 2, 1, 0, 2, 1, 0]),
 (33, [1890, 52, 0, 0, 0, 1254, 1042, 1, 0, 1, 3, 1, 0, 2, 1]),
 (33, [1956, 45, 1, 0, 0, 1609, 1308, 1, 1, 2, 0, 1, 1, 0, 0]),
 (33, [1987, 71, 1, 1, 0, 828, 1020, 0, 0, 0, 3, 1, 1, 2, 1]),
 (999, [512, 108, 0, 0, 1, 995, 985, 0, 1, 3, 4, 1, 1, 2, 0]),
 (999, [749, 99, 0, 1, 0, 1248, 1362, 1, 0, 3, 4, 0, 1, 0, 0]),
 (999, [1033, 30, 1, 0, 0, 1560, 780, 0, 1, 3, 5, 0, 0, 0, 0]),
 (999, [1040, 35, 1, 1, 0, 1621, 1674, 1, 0, 3, 5, 0, 2, 1, 2]),
 (999, [1098, 23, 1, 0, 1, 1278, 1200, 1, 0, 3, 4, 1, 2, 0, 0]),
 (999, [1194, 37, 1, 0, 0, 802, 1334, 1, 1, 3, 4, 0, 2, 2, 2]),
 (999, [1709, 110, 0, 1, 1, 1800, 1699, 0, 1, 3, 1, 0, 2, 2, 0])]
Selected
[(3, [1836, 50, 1, 0, 0, 1145, 525, 0, 0, 1, 0, 1, 0, 0, 1]),
 (16, [1028, 35, 1, 1, 1, 797, 1563, 1, 0, 0, 1, 1, 1, 0, 2]),
 (12, [923, 17, 0, 1, 1, 1451, 594, 0, 1, 0, 2, 1, 1, 1, 2]),
 (12, [897, 66, 0, 0, 1, 1019, 1151, 0, 0, 2, 3, 1, 2, 1, 0]),
 (12, [922, 107, 1, 0, 1, 1864, 1812, 1, 0, 1, 4, 1, 0, 1, 1]),
 (12, [897, 66, 0, 0, 1, 1019, 1151, 0, 0, 2, 3, 1, 2, 1, 0]),
 (12, [925, 111, 0, 1, 1, 1171, 1133, 0, 1, 0, 4, 1, 0, 1, 0]),
 (12, [923, 17, 0, 1, 1, 1451, 594, 0, 1, 0, 2, 1, 1, 1, 2]),
 (12, [922, 107, 1, 0, 1, 1864, 1812, 1, 0, 1, 4, 1, 0, 1, 1]),
 (3, [1836, 50, 1, 0, 0, 1145, 525, 0, 0, 1, 0, 1, 0, 0, 1]),
 (33, [998, 42, 0, 1, 0, 1641, 1476, 1, 0, 0, 2, 1, 0, 2, 0]),
 (3, [1836, 50, 1, 0, 0, 1145, 525, 0, 0, 1, 0, 1, 0, 0, 1]),
 (16, [873, 102, 0, 1, 0, 984, 698, 1, 1, 1, 2, 0, 1, 2, 2]),
 (16, [782, 119, 1, 1, 0, 1966, 1700, 1, 1, 0, 1, 0, 0, 2, 0]),
 (12, [897, 66, 0, 0, 1, 1019, 1151, 0, 0, 2, 3, 1, 2, 1, 0]),
 (16, [1358, 67, 0, 1, 0, 1025, 614, 0, 1, 0, 0, 1, 2, 1, 1]),
 (12, [922, 107, 1, 0, 1, 1864, 1812, 1, 0, 1, 4, 1, 0, 1, 1]),
 (12, [925, 111, 0, 1, 1, 1171, 1133, 0, 1, 0, 4, 1, 0, 1, 0]),
 (12, [923, 17, 0, 1, 1, 1451, 594, 0, 1, 0, 2, 1, 1, 1, 2]),
 (16, [786, 77, 0, 0, 1, 1355, 1694, 0, 1, 0, 3, 1, 0, 2, 1]),
 (3, [1836, 50, 1, 0, 0, 1145, 525, 0, 0, 1, 0, 1, 0, 0, 1]),
 (12, [922, 107, 1, 0, 1, 1864, 1812, 1, 0, 1, 4, 1, 0, 1, 1]),
 (12, [922, 107, 1, 0, 1, 1864, 1812, 1, 0, 1, 4, 1, 0, 1, 1]),
 (12, [923, 17, 0, 1, 1, 1451, 594, 0, 1, 0, 2, 1, 1, 1, 2]),
 (12, [527, 88, 0, 1, 1, 2009, 1666, 0, 1, 2, 2, 1, 2, 2, 2]),
 (3, [1836, 50, 1, 0, 0, 1145, 525, 0, 0, 1, 0, 1, 0, 0, 1]),
 (12, [527, 88, 0, 1, 1, 2009, 1666, 0, 1, 2, 2, 1, 2, 2, 2])]
population
[(999, [1709, 110, 0, 1, 1, 1800, 1699, 0, 1, 3, 1, 0, 2, 2, 0]),
 (999, [1194, 37, 1, 0, 0, 802, 1334, 1, 1, 3, 4, 0, 2, 2, 2]),
 (999, [1098, 23, 1, 0, 1, 1278, 1200, 1, 0, 3, 4, 1, 2, 0, 0]),
 (999, [1040, 35, 1, 1, 0, 1621, 1674, 1, 0, 3, 5, 0, 2, 1, 2]),
 (999, [1033, 30, 1, 0, 0, 1560, 780, 0, 1, 3, 5, 0, 0, 0, 0]),
 (999, [749, 99, 0, 1, 0, 1248, 1362, 1, 0, 3, 4, 0, 1, 0, 0]),
 (999, [512, 108, 0, 0, 1, 995, 985, 0, 1, 3, 4, 1, 1, 2, 0]),
 (33, [1987, 71, 1, 1, 0, 828, 1020, 0, 0, 0, 3, 1, 1, 2, 1]),
 (33, [1956, 45, 1, 0, 0, 1609, 1308, 1, 1, 2, 0, 1, 1, 0, 0]),
 (33, [1890, 52, 0, 0, 0, 1254, 1042, 1, 0, 1, 3, 1, 0, 2, 1]),
 (33, [1539, 80, 0, 1, 0, 1675, 2030, 1, 1, 2, 1, 0, 2, 1, 0]),
 (33, [998, 42, 0, 1, 0, 1641, 1476, 1, 0, 0, 2, 1, 0, 2, 0]),
 (16, [1999, 65, 0, 1, 1, 1750, 1837, 0, 0, 2, 2, 1, 2, 2, 1]),
 (16, [1864, 46, 0, 1, 1, 1635, 706, 1, 1, 2, 1, 0, 2, 2, 1]),
 (16, [1762, 83, 0, 1, 0, 944, 2028, 1, 0, 0, 3, 1, 0, 0, 2]),
 (16, [1722, 24, 1, 0, 0, 749, 1789, 0, 1, 0, 2, 1, 2, 2, 0]),
 (16, [1358, 67, 0, 1, 0, 1025, 614, 0, 1, 0, 0, 1, 2, 1, 1]),
 (16, [1130, 61, 1, 0, 1, 1013, 528, 0, 1, 1, 2, 0, 0, 2, 2]),
 (16, [1028, 35, 1, 1, 1, 797, 1563, 1, 0, 0, 1, 1, 1, 0, 2]),
 (16, [940, 75, 0, 1, 0, 1755, 538, 0, 1, 1, 3, 1, 2, 0, 1]),
 (16, [873, 102, 0, 1, 0, 984, 698, 1, 1, 1, 2, 0, 1, 2, 2]),
 (16, [786, 77, 0, 0, 1, 1355, 1694, 0, 1, 0, 3, 1, 0, 2, 1]),
 (16, [782, 119, 1, 1, 0, 1966, 1700, 1, 1, 0, 1, 0, 0, 2, 0]),
 (16, [727, 22, 0, 0, 1, 693, 1203, 1, 0, 0, 1, 0, 2, 1, 1]),
 (12, [1572, 59, 0, 1, 0, 1019, 1699, 0, 1, 0, 2, 0, 0, 2, 1]),
 (12, [1233, 17, 1, 0, 1, 1945, 649, 0, 1, 2, 1, 0, 1, 0, 0]),
 (12, [925, 111, 0, 1, 1, 1171, 1133, 0, 1, 0, 4, 1, 0, 1, 0]),
 (12, [923, 17, 0, 1, 1, 1451, 594, 0, 1, 0, 2, 1, 1, 1, 2]),
 (12, [922, 107, 1, 0, 1, 1864, 1812, 1, 0, 1, 4, 1, 0, 1, 1]),
 (12, [897, 66, 0, 0, 1, 1019, 1151, 0, 0, 2, 3, 1, 2, 1, 0]),
 (12, [527, 88, 0, 1, 1, 2009, 1666, 0, 1, 2, 2, 1, 2, 2, 2]),
 (3, [1836, 50, 1, 0, 0, 1145, 525, 0, 0, 1, 0, 1, 0, 0, 1])]
scored
[(3, [1836, 50, 1, 0, 0, 1145, 525, 0, 0, 1, 0, 1, 0, 0, 1]),
 (12, [527, 88, 0, 1, 1, 2009, 1666, 0, 1, 2, 2, 1, 2, 2, 2]),
 (12, [897, 66, 0, 0, 1, 1019, 1151, 0, 0, 2, 3, 1, 2, 1, 0]),
 (12, [922, 107, 1, 0, 1, 1864, 1812, 1, 0, 1, 4, 1, 0, 1, 1]),
 (12, [923, 17, 0, 1, 1, 1451, 594, 0, 1, 0, 2, 1, 1, 1, 2]),
 (12, [925, 111, 0, 1, 1, 1171, 1133, 0, 1, 0, 4, 1, 0, 1, 0]),
 (12, [1233, 17, 1, 0, 1, 1945, 649, 0, 1, 2, 1, 0, 1, 0, 0]),
 (12, [1572, 59, 0, 1, 0, 1019, 1699, 0, 1, 0, 2, 0, 0, 2, 1]),
 (16, [727, 22, 0, 0, 1, 693, 1203, 1, 0, 0, 1, 0, 2, 1, 1]),
 (16, [782, 119, 1, 1, 0, 1966, 1700, 1, 1, 0, 1, 0, 0, 2, 0]),
 (16, [786, 77, 0, 0, 1, 1355, 1694, 0, 1, 0, 3, 1, 0, 2, 1]),
 (16, [873, 102, 0, 1, 0, 984, 698, 1, 1, 1, 2, 0, 1, 2, 2]),
 (16, [940, 75, 0, 1, 0, 1755, 538, 0, 1, 1, 3, 1, 2, 0, 1]),
 (16, [1028, 35, 1, 1, 1, 797, 1563, 1, 0, 0, 1, 1, 1, 0, 2]),
 (16, [1130, 61, 1, 0, 1, 1013, 528, 0, 1, 1, 2, 0, 0, 2, 2]),
 (16, [1358, 67, 0, 1, 0, 1025, 614, 0, 1, 0, 0, 1, 2, 1, 1]),
 (16, [1722, 24, 1, 0, 0, 749, 1789, 0, 1, 0, 2, 1, 2, 2, 0]),
 (16, [1762, 83, 0, 1, 0, 944, 2028, 1, 0, 0, 3, 1, 0, 0, 2]),
 (16, [1864, 46, 0, 1, 1, 1635, 706, 1, 1, 2, 1, 0, 2, 2, 1]),
 (16, [1999, 65, 0, 1, 1, 1750, 1837, 0, 0, 2, 2, 1, 2, 2, 1]),
 (33, [998, 42, 0, 1, 0, 1641, 1476, 1, 0, 0, 2, 1, 0, 2, 0]),
 (33, [1539, 80, 0, 1, 0, 1675, 2030, 1, 1, 2, 1, 0, 2, 1, 0]),
 (33, [1890, 52, 0, 0, 0, 1254, 1042, 1, 0, 1, 3, 1, 0, 2, 1]),
 (33, [1956, 45, 1, 0, 0, 1609, 1308, 1, 1, 2, 0, 1, 1, 0, 0]),
 (33, [1987, 71, 1, 1, 0, 828, 1020, 0, 0, 0, 3, 1, 1, 2, 1]),
 (999, [512, 108, 0, 0, 1, 995, 985, 0, 1, 3, 4, 1, 1, 2, 0]),
 (999, [749, 99, 0, 1, 0, 1248, 1362, 1, 0, 3, 4, 0, 1, 0, 0]),
 (999, [1033, 30, 1, 0, 0, 1560, 780, 0, 1, 3, 5, 0, 0, 0, 0]),
 (999, [1040, 35, 1, 1, 0, 1621, 1674, 1, 0, 3, 5, 0, 2, 1, 2]),
 (999, [1098, 23, 1, 0, 1, 1278, 1200, 1, 0, 3, 4, 1, 2, 0, 0]),
 (999, [1194, 37, 1, 0, 0, 802, 1334, 1, 1, 3, 4, 0, 2, 2, 2]),
 (999, [1709, 110, 0, 1, 1, 1800, 1699, 0, 1, 3, 1, 0, 2, 2, 0])]
Selected
[(12, [1572, 59, 0, 1, 0, 1019, 1699, 0, 1, 0, 2, 0, 0, 2, 1]),
 (16, [873, 102, 0, 1, 0, 984, 698, 1, 1, 1, 2, 0, 1, 2, 2]),
 (16, [727, 22, 0, 0, 1, 693, 1203, 1, 0, 0, 1, 0, 2, 1, 1]),
 (12, [897, 66, 0, 0, 1, 1019, 1151, 0, 0, 2, 3, 1, 2, 1, 0]),
 (3, [1836, 50, 1, 0, 0, 1145, 525, 0, 0, 1, 0, 1, 0, 0, 1]),
 (12, [923, 17, 0, 1, 1, 1451, 594, 0, 1, 0, 2, 1, 1, 1, 2]),
 (16, [940, 75, 0, 1, 0, 1755, 538, 0, 1, 1, 3, 1, 2, 0, 1]),
 (12, [1233, 17, 1, 0, 1, 1945, 649, 0, 1, 2, 1, 0, 1, 0, 0]),
 (3, [1836, 50, 1, 0, 0, 1145, 525, 0, 0, 1, 0, 1, 0, 0, 1]),
 (16, [1999, 65, 0, 1, 1, 1750, 1837, 0, 0, 2, 2, 1, 2, 2, 1]),
 (12, [897, 66, 0, 0, 1, 1019, 1151, 0, 0, 2, 3, 1, 2, 1, 0]),
 (12, [1233, 17, 1, 0, 1, 1945, 649, 0, 1, 2, 1, 0, 1, 0, 0]),
 (12, [1572, 59, 0, 1, 0, 1019, 1699, 0, 1, 0, 2, 0, 0, 2, 1]),
 (3, [1836, 50, 1, 0, 0, 1145, 525, 0, 0, 1, 0, 1, 0, 0, 1]),
 (16, [727, 22, 0, 0, 1, 693, 1203, 1, 0, 0, 1, 0, 2, 1, 1]),
 (16, [786, 77, 0, 0, 1, 1355, 1694, 0, 1, 0, 3, 1, 0, 2, 1]),
 (12, [923, 17, 0, 1, 1, 1451, 594, 0, 1, 0, 2, 1, 1, 1, 2]),
 (12, [922, 107, 1, 0, 1, 1864, 1812, 1, 0, 1, 4, 1, 0, 1, 1]),
 (12, [897, 66, 0, 0, 1, 1019, 1151, 0, 0, 2, 3, 1, 2, 1, 0]),
 (3, [1836, 50, 1, 0, 0, 1145, 525, 0, 0, 1, 0, 1, 0, 0, 1]),
 (12, [527, 88, 0, 1, 1, 2009, 1666, 0, 1, 2, 2, 1, 2, 2, 2]),
 (12, [1233, 17, 1, 0, 1, 1945, 649, 0, 1, 2, 1, 0, 1, 0, 0]),
 (12, [1233, 17, 1, 0, 1, 1945, 649, 0, 1, 2, 1, 0, 1, 0, 0]),
 (12, [527, 88, 0, 1, 1, 2009, 1666, 0, 1, 2, 2, 1, 2, 2, 2]),
 (3, [1836, 50, 1, 0, 0, 1145, 525, 0, 0, 1, 0, 1, 0, 0, 1]),
 (16, [727, 22, 0, 0, 1, 693, 1203, 1, 0, 0, 1, 0, 2, 1, 1]),
 (3, [1836, 50, 1, 0, 0, 1145, 525, 0, 0, 1, 0, 1, 0, 0, 1])]
population
[(999, [1709, 110, 0, 1, 1, 1800, 1699, 0, 1, 3, 1, 0, 2, 2, 0]),
 (999, [1194, 37, 1, 0, 0, 802, 1334, 1, 1, 3, 4, 0, 2, 2, 2]),
 (999, [1098, 23, 1, 0, 1, 1278, 1200, 1, 0, 3, 4, 1, 2, 0, 0]),
 (999, [1040, 35, 1, 1, 0, 1621, 1674, 1, 0, 3, 5, 0, 2, 1, 2]),
 (999, [1033, 30, 1, 0, 0, 1560, 780, 0, 1, 3, 5, 0, 0, 0, 0]),
 (999, [749, 99, 0, 1, 0, 1248, 1362, 1, 0, 3, 4, 0, 1, 0, 0]),
 (999, [512, 108, 0, 0, 1, 995, 985, 0, 1, 3, 4, 1, 1, 2, 0]),
 (33, [1987, 71, 1, 1, 0, 828, 1020, 0, 0, 0, 3, 1, 1, 2, 1]),
 (33, [1956, 45, 1, 0, 0, 1609, 1308, 1, 1, 2, 0, 1, 1, 0, 0]),
 (33, [1890, 52, 0, 0, 0, 1254, 1042, 1, 0, 1, 3, 1, 0, 2, 1]),
 (33, [1539, 80, 0, 1, 0, 1675, 2030, 1, 1, 2, 1, 0, 2, 1, 0]),
 (33, [998, 42, 0, 1, 0, 1641, 1476, 1, 0, 0, 2, 1, 0, 2, 0]),
 (16, [1999, 65, 0, 1, 1, 1750, 1837, 0, 0, 2, 2, 1, 2, 2, 1]),
 (16, [1864, 46, 0, 1, 1, 1635, 706, 1, 1, 2, 1, 0, 2, 2, 1]),
 (16, [1762, 83, 0, 1, 0, 944, 2028, 1, 0, 0, 3, 1, 0, 0, 2]),
 (16, [1722, 24, 1, 0, 0, 749, 1789, 0, 1, 0, 2, 1, 2, 2, 0]),
 (16, [1358, 67, 0, 1, 0, 1025, 614, 0, 1, 0, 0, 1, 2, 1, 1]),
 (16, [1130, 61, 1, 0, 1, 1013, 528, 0, 1, 1, 2, 0, 0, 2, 2]),
 (16, [1028, 35, 1, 1, 1, 797, 1563, 1, 0, 0, 1, 1, 1, 0, 2]),
 (16, [940, 75, 0, 1, 0, 1755, 538, 0, 1, 1, 3, 1, 2, 0, 1]),
 (16, [873, 102, 0, 1, 0, 984, 698, 1, 1, 1, 2, 0, 1, 2, 2]),
 (16, [786, 77, 0, 0, 1, 1355, 1694, 0, 1, 0, 3, 1, 0, 2, 1]),
 (16, [782, 119, 1, 1, 0, 1966, 1700, 1, 1, 0, 1, 0, 0, 2, 0]),
 (16, [727, 22, 0, 0, 1, 693, 1203, 1, 0, 0, 1, 0, 2, 1, 1]),
 (12, [1572, 59, 0, 1, 0, 1019, 1699, 0, 1, 0, 2, 0, 0, 2, 1]),
 (12, [1233, 17, 1, 0, 1, 1945, 649, 0, 1, 2, 1, 0, 1, 0, 0]),
 (12, [925, 111, 0, 1, 1, 1171, 1133, 0, 1, 0, 4, 1, 0, 1, 0]),
 (12, [923, 17, 0, 1, 1, 1451, 594, 0, 1, 0, 2, 1, 1, 1, 2]),
 (12, [922, 107, 1, 0, 1, 1864, 1812, 1, 0, 1, 4, 1, 0, 1, 1]),
 (12, [897, 66, 0, 0, 1, 1019, 1151, 0, 0, 2, 3, 1, 2, 1, 0]),
 (12, [527, 88, 0, 1, 1, 2009, 1666, 0, 1, 2, 2, 1, 2, 2, 2]),
 (3, [1836, 50, 1, 0, 0, 1145, 525, 0, 0, 1, 0, 1, 0, 0, 1])]
scored
[(3, [1836, 50, 1, 0, 0, 1145, 525, 0, 0, 1, 0, 1, 0, 0, 1]),
 (12, [527, 88, 0, 1, 1, 2009, 1666, 0, 1, 2, 2, 1, 2, 2, 2]),
 (12, [897, 66, 0, 0, 1, 1019, 1151, 0, 0, 2, 3, 1, 2, 1, 0]),
 (12, [922, 107, 1, 0, 1, 1864, 1812, 1, 0, 1, 4, 1, 0, 1, 1]),
 (12, [923, 17, 0, 1, 1, 1451, 594, 0, 1, 0, 2, 1, 1, 1, 2]),
 (12, [925, 111, 0, 1, 1, 1171, 1133, 0, 1, 0, 4, 1, 0, 1, 0]),
 (12, [1233, 17, 1, 0, 1, 1945, 649, 0, 1, 2, 1, 0, 1, 0, 0]),
 (12, [1572, 59, 0, 1, 0, 1019, 1699, 0, 1, 0, 2, 0, 0, 2, 1]),
 (16, [727, 22, 0, 0, 1, 693, 1203, 1, 0, 0, 1, 0, 2, 1, 1]),
 (16, [782, 119, 1, 1, 0, 1966, 1700, 1, 1, 0, 1, 0, 0, 2, 0]),
 (16, [786, 77, 0, 0, 1, 1355, 1694, 0, 1, 0, 3, 1, 0, 2, 1]),
 (16, [873, 102, 0, 1, 0, 984, 698, 1, 1, 1, 2, 0, 1, 2, 2]),
 (16, [940, 75, 0, 1, 0, 1755, 538, 0, 1, 1, 3, 1, 2, 0, 1]),
 (16, [1028, 35, 1, 1, 1, 797, 1563, 1, 0, 0, 1, 1, 1, 0, 2]),
 (16, [1130, 61, 1, 0, 1, 1013, 528, 0, 1, 1, 2, 0, 0, 2, 2]),
 (16, [1358, 67, 0, 1, 0, 1025, 614, 0, 1, 0, 0, 1, 2, 1, 1]),
 (16, [1722, 24, 1, 0, 0, 749, 1789, 0, 1, 0, 2, 1, 2, 2, 0]),
 (16, [1762, 83, 0, 1, 0, 944, 2028, 1, 0, 0, 3, 1, 0, 0, 2]),
 (16, [1864, 46, 0, 1, 1, 1635, 706, 1, 1, 2, 1, 0, 2, 2, 1]),
 (16, [1999, 65, 0, 1, 1, 1750, 1837, 0, 0, 2, 2, 1, 2, 2, 1]),
 (33, [998, 42, 0, 1, 0, 1641, 1476, 1, 0, 0, 2, 1, 0, 2, 0]),
 (33, [1539, 80, 0, 1, 0, 1675, 2030, 1, 1, 2, 1, 0, 2, 1, 0]),
 (33, [1890, 52, 0, 0, 0, 1254, 1042, 1, 0, 1, 3, 1, 0, 2, 1]),
 (33, [1956, 45, 1, 0, 0, 1609, 1308, 1, 1, 2, 0, 1, 1, 0, 0]),
 (33, [1987, 71, 1, 1, 0, 828, 1020, 0, 0, 0, 3, 1, 1, 2, 1]),
 (999, [512, 108, 0, 0, 1, 995, 985, 0, 1, 3, 4, 1, 1, 2, 0]),
 (999, [749, 99, 0, 1, 0, 1248, 1362, 1, 0, 3, 4, 0, 1, 0, 0]),
 (999, [1033, 30, 1, 0, 0, 1560, 780, 0, 1, 3, 5, 0, 0, 0, 0]),
 (999, [1040, 35, 1, 1, 0, 1621, 1674, 1, 0, 3, 5, 0, 2, 1, 2]),
 (999, [1098, 23, 1, 0, 1, 1278, 1200, 1, 0, 3, 4, 1, 2, 0, 0]),
 (999, [1194, 37, 1, 0, 0, 802, 1334, 1, 1, 3, 4, 0, 2, 2, 2]),
 (999, [1709, 110, 0, 1, 1, 1800, 1699, 0, 1, 3, 1, 0, 2, 2, 0])]
Selected
[(16, [782, 119, 1, 1, 0, 1966, 1700, 1, 1, 0, 1, 0, 0, 2, 0]),
 (3, [1836, 50, 1, 0, 0, 1145, 525, 0, 0, 1, 0, 1, 0, 0, 1]),
 (12, [1572, 59, 0, 1, 0, 1019, 1699, 0, 1, 0, 2, 0, 0, 2, 1]),
 (16, [782, 119, 1, 1, 0, 1966, 1700, 1, 1, 0, 1, 0, 0, 2, 0]),
 (12, [1572, 59, 0, 1, 0, 1019, 1699, 0, 1, 0, 2, 0, 0, 2, 1]),
 (12, [1572, 59, 0, 1, 0, 1019, 1699, 0, 1, 0, 2, 0, 0, 2, 1]),
 (12, [527, 88, 0, 1, 1, 2009, 1666, 0, 1, 2, 2, 1, 2, 2, 2]),
 (12, [527, 88, 0, 1, 1, 2009, 1666, 0, 1, 2, 2, 1, 2, 2, 2]),
 (12, [527, 88, 0, 1, 1, 2009, 1666, 0, 1, 2, 2, 1, 2, 2, 2]),
 (3, [1836, 50, 1, 0, 0, 1145, 525, 0, 0, 1, 0, 1, 0, 0, 1]),
 (12, [527, 88, 0, 1, 1, 2009, 1666, 0, 1, 2, 2, 1, 2, 2, 2]),
 (12, [925, 111, 0, 1, 1, 1171, 1133, 0, 1, 0, 4, 1, 0, 1, 0]),
 (12, [527, 88, 0, 1, 1, 2009, 1666, 0, 1, 2, 2, 1, 2, 2, 2]),
 (12, [1572, 59, 0, 1, 0, 1019, 1699, 0, 1, 0, 2, 0, 0, 2, 1]),
 (16, [873, 102, 0, 1, 0, 984, 698, 1, 1, 1, 2, 0, 1, 2, 2]),
 (12, [897, 66, 0, 0, 1, 1019, 1151, 0, 0, 2, 3, 1, 2, 1, 0]),
 (16, [782, 119, 1, 1, 0, 1966, 1700, 1, 1, 0, 1, 0, 0, 2, 0]),
 (12, [897, 66, 0, 0, 1, 1019, 1151, 0, 0, 2, 3, 1, 2, 1, 0]),
 (16, [940, 75, 0, 1, 0, 1755, 538, 0, 1, 1, 3, 1, 2, 0, 1]),
 (12, [1572, 59, 0, 1, 0, 1019, 1699, 0, 1, 0, 2, 0, 0, 2, 1]),
 (12, [922, 107, 1, 0, 1, 1864, 1812, 1, 0, 1, 4, 1, 0, 1, 1]),
 (12, [925, 111, 0, 1, 1, 1171, 1133, 0, 1, 0, 4, 1, 0, 1, 0]),
 (16, [873, 102, 0, 1, 0, 984, 698, 1, 1, 1, 2, 0, 1, 2, 2]),
 (3, [1836, 50, 1, 0, 0, 1145, 525, 0, 0, 1, 0, 1, 0, 0, 1]),
 (3, [1836, 50, 1, 0, 0, 1145, 525, 0, 0, 1, 0, 1, 0, 0, 1]),
 (12, [923, 17, 0, 1, 1, 1451, 594, 0, 1, 0, 2, 1, 1, 1, 2]),
 (12, [923, 17, 0, 1, 1, 1451, 594, 0, 1, 0, 2, 1, 1, 1, 2])]
population
[(999, [1709, 110, 0, 1, 1, 1800, 1699, 0, 1, 3, 1, 0, 2, 2, 0]),
 (999, [1194, 37, 1, 0, 0, 802, 1334, 1, 1, 3, 4, 0, 2, 2, 2]),
 (999, [1098, 23, 1, 0, 1, 1278, 1200, 1, 0, 3, 4, 1, 2, 0, 0]),
 (999, [1040, 35, 1, 1, 0, 1621, 1674, 1, 0, 3, 5, 0, 2, 1, 2]),
 (999, [1033, 30, 1, 0, 0, 1560, 780, 0, 1, 3, 5, 0, 0, 0, 0]),
 (999, [749, 99, 0, 1, 0, 1248, 1362, 1, 0, 3, 4, 0, 1, 0, 0]),
 (999, [512, 108, 0, 0, 1, 995, 985, 0, 1, 3, 4, 1, 1, 2, 0]),
 (33, [1987, 71, 1, 1, 0, 828, 1020, 0, 0, 0, 3, 1, 1, 2, 1]),
 (33, [1956, 45, 1, 0, 0, 1609, 1308, 1, 1, 2, 0, 1, 1, 0, 0]),
 (33, [1890, 52, 0, 0, 0, 1254, 1042, 1, 0, 1, 3, 1, 0, 2, 1]),
 (33, [1539, 80, 0, 1, 0, 1675, 2030, 1, 1, 2, 1, 0, 2, 1, 0]),
 (33, [998, 42, 0, 1, 0, 1641, 1476, 1, 0, 0, 2, 1, 0, 2, 0]),
 (16, [1999, 65, 0, 1, 1, 1750, 1837, 0, 0, 2, 2, 1, 2, 2, 1]),
 (16, [1864, 46, 0, 1, 1, 1635, 706, 1, 1, 2, 1, 0, 2, 2, 1]),
 (16, [1762, 83, 0, 1, 0, 944, 2028, 1, 0, 0, 3, 1, 0, 0, 2]),
 (16, [1722, 24, 1, 0, 0, 749, 1789, 0, 1, 0, 2, 1, 2, 2, 0]),
 (16, [1358, 67, 0, 1, 0, 1025, 614, 0, 1, 0, 0, 1, 2, 1, 1]),
 (16, [1130, 61, 1, 0, 1, 1013, 528, 0, 1, 1, 2, 0, 0, 2, 2]),
 (16, [1028, 35, 1, 1, 1, 797, 1563, 1, 0, 0, 1, 1, 1, 0, 2]),
 (16, [940, 75, 0, 1, 0, 1755, 538, 0, 1, 1, 3, 1, 2, 0, 1]),
 (16, [873, 102, 0, 1, 0, 984, 698, 1, 1, 1, 2, 0, 1, 2, 2]),
 (16, [786, 77, 0, 0, 1, 1355, 1694, 0, 1, 0, 3, 1, 0, 2, 1]),
 (16, [782, 119, 1, 1, 0, 1966, 1700, 1, 1, 0, 1, 0, 0, 2, 0]),
 (16, [727, 22, 0, 0, 1, 693, 1203, 1, 0, 0, 1, 0, 2, 1, 1]),
 (12, [1572, 59, 0, 1, 0, 1019, 1699, 0, 1, 0, 2, 0, 0, 2, 1]),
 (12, [1233, 17, 1, 0, 1, 1945, 649, 0, 1, 2, 1, 0, 1, 0, 0]),
 (12, [925, 111, 0, 1, 1, 1171, 1133, 0, 1, 0, 4, 1, 0, 1, 0]),
 (12, [923, 17, 0, 1, 1, 1451, 594, 0, 1, 0, 2, 1, 1, 1, 2]),
 (12, [922, 107, 1, 0, 1, 1864, 1812, 1, 0, 1, 4, 1, 0, 1, 1]),
 (12, [897, 66, 0, 0, 1, 1019, 1151, 0, 0, 2, 3, 1, 2, 1, 0]),
 (12, [527, 88, 0, 1, 1, 2009, 1666, 0, 1, 2, 2, 1, 2, 2, 2]),
 (3, [1836, 50, 1, 0, 0, 1145, 525, 0, 0, 1, 0, 1, 0, 0, 1])]
scored
[(3, [1836, 50, 1, 0, 0, 1145, 525, 0, 0, 1, 0, 1, 0, 0, 1]),
 (12, [527, 88, 0, 1, 1, 2009, 1666, 0, 1, 2, 2, 1, 2, 2, 2]),
 (12, [897, 66, 0, 0, 1, 1019, 1151, 0, 0, 2, 3, 1, 2, 1, 0]),
 (12, [922, 107, 1, 0, 1, 1864, 1812, 1, 0, 1, 4, 1, 0, 1, 1]),
 (12, [923, 17, 0, 1, 1, 1451, 594, 0, 1, 0, 2, 1, 1, 1, 2]),
 (12, [925, 111, 0, 1, 1, 1171, 1133, 0, 1, 0, 4, 1, 0, 1, 0]),
 (12, [1233, 17, 1, 0, 1, 1945, 649, 0, 1, 2, 1, 0, 1, 0, 0]),
 (12, [1572, 59, 0, 1, 0, 1019, 1699, 0, 1, 0, 2, 0, 0, 2, 1]),
 (16, [727, 22, 0, 0, 1, 693, 1203, 1, 0, 0, 1, 0, 2, 1, 1]),
 (16, [782, 119, 1, 1, 0, 1966, 1700, 1, 1, 0, 1, 0, 0, 2, 0]),
 (16, [786, 77, 0, 0, 1, 1355, 1694, 0, 1, 0, 3, 1, 0, 2, 1]),
 (16, [873, 102, 0, 1, 0, 984, 698, 1, 1, 1, 2, 0, 1, 2, 2]),
 (16, [940, 75, 0, 1, 0, 1755, 538, 0, 1, 1, 3, 1, 2, 0, 1]),
 (16, [1028, 35, 1, 1, 1, 797, 1563, 1, 0, 0, 1, 1, 1, 0, 2]),
 (16, [1130, 61, 1, 0, 1, 1013, 528, 0, 1, 1, 2, 0, 0, 2, 2]),
 (16, [1358, 67, 0, 1, 0, 1025, 614, 0, 1, 0, 0, 1, 2, 1, 1]),
 (16, [1722, 24, 1, 0, 0, 749, 1789, 0, 1, 0, 2, 1, 2, 2, 0]),
 (16, [1762, 83, 0, 1, 0, 944, 2028, 1, 0, 0, 3, 1, 0, 0, 2]),
 (16, [1864, 46, 0, 1, 1, 1635, 706, 1, 1, 2, 1, 0, 2, 2, 1]),
 (16, [1999, 65, 0, 1, 1, 1750, 1837, 0, 0, 2, 2, 1, 2, 2, 1]),
 (33, [998, 42, 0, 1, 0, 1641, 1476, 1, 0, 0, 2, 1, 0, 2, 0]),
 (33, [1539, 80, 0, 1, 0, 1675, 2030, 1, 1, 2, 1, 0, 2, 1, 0]),
 (33, [1890, 52, 0, 0, 0, 1254, 1042, 1, 0, 1, 3, 1, 0, 2, 1]),
 (33, [1956, 45, 1, 0, 0, 1609, 1308, 1, 1, 2, 0, 1, 1, 0, 0]),
 (33, [1987, 71, 1, 1, 0, 828, 1020, 0, 0, 0, 3, 1, 1, 2, 1]),
 (999, [512, 108, 0, 0, 1, 995, 985, 0, 1, 3, 4, 1, 1, 2, 0]),
 (999, [749, 99, 0, 1, 0, 1248, 1362, 1, 0, 3, 4, 0, 1, 0, 0]),
 (999, [1033, 30, 1, 0, 0, 1560, 780, 0, 1, 3, 5, 0, 0, 0, 0]),
 (999, [1040, 35, 1, 1, 0, 1621, 1674, 1, 0, 3, 5, 0, 2, 1, 2]),
 (999, [1098, 23, 1, 0, 1, 1278, 1200, 1, 0, 3, 4, 1, 2, 0, 0]),
 (999, [1194, 37, 1, 0, 0, 802, 1334, 1, 1, 3, 4, 0, 2, 2, 2]),
 (999, [1709, 110, 0, 1, 1, 1800, 1699, 0, 1, 3, 1, 0, 2, 2, 0])]
Selected
[(3, [1836, 50, 1, 0, 0, 1145, 525, 0, 0, 1, 0, 1, 0, 0, 1]),
 (12, [925, 111, 0, 1, 1, 1171, 1133, 0, 1, 0, 4, 1, 0, 1, 0]),
 (12, [925, 111, 0, 1, 1, 1171, 1133, 0, 1, 0, 4, 1, 0, 1, 0]),
 (16, [782, 119, 1, 1, 0, 1966, 1700, 1, 1, 0, 1, 0, 0, 2, 0]),
 (12, [527, 88, 0, 1, 1, 2009, 1666, 0, 1, 2, 2, 1, 2, 2, 2]),
 (12, [1572, 59, 0, 1, 0, 1019, 1699, 0, 1, 0, 2, 0, 0, 2, 1]),
 (12, [922, 107, 1, 0, 1, 1864, 1812, 1, 0, 1, 4, 1, 0, 1, 1]),
 (12, [897, 66, 0, 0, 1, 1019, 1151, 0, 0, 2, 3, 1, 2, 1, 0]),
 (16, [727, 22, 0, 0, 1, 693, 1203, 1, 0, 0, 1, 0, 2, 1, 1]),
 (12, [922, 107, 1, 0, 1, 1864, 1812, 1, 0, 1, 4, 1, 0, 1, 1]),
 (3, [1836, 50, 1, 0, 0, 1145, 525, 0, 0, 1, 0, 1, 0, 0, 1]),
 (3, [1836, 50, 1, 0, 0, 1145, 525, 0, 0, 1, 0, 1, 0, 0, 1]),
 (16, [727, 22, 0, 0, 1, 693, 1203, 1, 0, 0, 1, 0, 2, 1, 1]),
 (16, [786, 77, 0, 0, 1, 1355, 1694, 0, 1, 0, 3, 1, 0, 2, 1]),
 (3, [1836, 50, 1, 0, 0, 1145, 525, 0, 0, 1, 0, 1, 0, 0, 1]),
 (16, [873, 102, 0, 1, 0, 984, 698, 1, 1, 1, 2, 0, 1, 2, 2]),
 (16, [1028, 35, 1, 1, 1, 797, 1563, 1, 0, 0, 1, 1, 1, 0, 2]),
 (12, [897, 66, 0, 0, 1, 1019, 1151, 0, 0, 2, 3, 1, 2, 1, 0]),
 (12, [527, 88, 0, 1, 1, 2009, 1666, 0, 1, 2, 2, 1, 2, 2, 2]),
 (3, [1836, 50, 1, 0, 0, 1145, 525, 0, 0, 1, 0, 1, 0, 0, 1]),
 (12, [527, 88, 0, 1, 1, 2009, 1666, 0, 1, 2, 2, 1, 2, 2, 2]),
 (12, [1572, 59, 0, 1, 0, 1019, 1699, 0, 1, 0, 2, 0, 0, 2, 1]),
 (16, [940, 75, 0, 1, 0, 1755, 538, 0, 1, 1, 3, 1, 2, 0, 1]),
 (12, [1233, 17, 1, 0, 1, 1945, 649, 0, 1, 2, 1, 0, 1, 0, 0]),
 (12, [527, 88, 0, 1, 1, 2009, 1666, 0, 1, 2, 2, 1, 2, 2, 2]),
 (16, [1028, 35, 1, 1, 1, 797, 1563, 1, 0, 0, 1, 1, 1, 0, 2]),
 (12, [1233, 17, 1, 0, 1, 1945, 649, 0, 1, 2, 1, 0, 1, 0, 0])]
population
[(999, [1709, 110, 0, 1, 1, 1800, 1699, 0, 1, 3, 1, 0, 2, 2, 0]),
 (999, [1194, 37, 1, 0, 0, 802, 1334, 1, 1, 3, 4, 0, 2, 2, 2]),
 (999, [1098, 23, 1, 0, 1, 1278, 1200, 1, 0, 3, 4, 1, 2, 0, 0]),
 (999, [1040, 35, 1, 1, 0, 1621, 1674, 1, 0, 3, 5, 0, 2, 1, 2]),
 (999, [1033, 30, 1, 0, 0, 1560, 780, 0, 1, 3, 5, 0, 0, 0, 0]),
 (999, [749, 99, 0, 1, 0, 1248, 1362, 1, 0, 3, 4, 0, 1, 0, 0]),
 (999, [512, 108, 0, 0, 1, 995, 985, 0, 1, 3, 4, 1, 1, 2, 0]),
 (33, [1987, 71, 1, 1, 0, 828, 1020, 0, 0, 0, 3, 1, 1, 2, 1]),
 (33, [1956, 45, 1, 0, 0, 1609, 1308, 1, 1, 2, 0, 1, 1, 0, 0]),
 (33, [1890, 52, 0, 0, 0, 1254, 1042, 1, 0, 1, 3, 1, 0, 2, 1]),
 (33, [1539, 80, 0, 1, 0, 1675, 2030, 1, 1, 2, 1, 0, 2, 1, 0]),
 (33, [998, 42, 0, 1, 0, 1641, 1476, 1, 0, 0, 2, 1, 0, 2, 0]),
 (16, [1999, 65, 0, 1, 1, 1750, 1837, 0, 0, 2, 2, 1, 2, 2, 1]),
 (16, [1864, 46, 0, 1, 1, 1635, 706, 1, 1, 2, 1, 0, 2, 2, 1]),
 (16, [1762, 83, 0, 1, 0, 944, 2028, 1, 0, 0, 3, 1, 0, 0, 2]),
 (16, [1722, 24, 1, 0, 0, 749, 1789, 0, 1, 0, 2, 1, 2, 2, 0]),
 (16, [1358, 67, 0, 1, 0, 1025, 614, 0, 1, 0, 0, 1, 2, 1, 1]),
 (16, [1130, 61, 1, 0, 1, 1013, 528, 0, 1, 1, 2, 0, 0, 2, 2]),
 (16, [1028, 35, 1, 1, 1, 797, 1563, 1, 0, 0, 1, 1, 1, 0, 2]),
 (16, [940, 75, 0, 1, 0, 1755, 538, 0, 1, 1, 3, 1, 2, 0, 1]),
 (16, [873, 102, 0, 1, 0, 984, 698, 1, 1, 1, 2, 0, 1, 2, 2]),
 (16, [786, 77, 0, 0, 1, 1355, 1694, 0, 1, 0, 3, 1, 0, 2, 1]),
 (16, [782, 119, 1, 1, 0, 1966, 1700, 1, 1, 0, 1, 0, 0, 2, 0]),
 (16, [727, 22, 0, 0, 1, 693, 1203, 1, 0, 0, 1, 0, 2, 1, 1]),
 (12, [1572, 59, 0, 1, 0, 1019, 1699, 0, 1, 0, 2, 0, 0, 2, 1]),
 (12, [1233, 17, 1, 0, 1, 1945, 649, 0, 1, 2, 1, 0, 1, 0, 0]),
 (12, [925, 111, 0, 1, 1, 1171, 1133, 0, 1, 0, 4, 1, 0, 1, 0]),
 (12, [923, 17, 0, 1, 1, 1451, 594, 0, 1, 0, 2, 1, 1, 1, 2]),
 (12, [922, 107, 1, 0, 1, 1864, 1812, 1, 0, 1, 4, 1, 0, 1, 1]),
 (12, [897, 66, 0, 0, 1, 1019, 1151, 0, 0, 2, 3, 1, 2, 1, 0]),
 (12, [527, 88, 0, 1, 1, 2009, 1666, 0, 1, 2, 2, 1, 2, 2, 2]),
 (3, [1836, 50, 1, 0, 0, 1145, 525, 0, 0, 1, 0, 1, 0, 0, 1])]
scored
[(3, [1836, 50, 1, 0, 0, 1145, 525, 0, 0, 1, 0, 1, 0, 0, 1]),
 (12, [527, 88, 0, 1, 1, 2009, 1666, 0, 1, 2, 2, 1, 2, 2, 2]),
 (12, [897, 66, 0, 0, 1, 1019, 1151, 0, 0, 2, 3, 1, 2, 1, 0]),
 (12, [922, 107, 1, 0, 1, 1864, 1812, 1, 0, 1, 4, 1, 0, 1, 1]),
 (12, [923, 17, 0, 1, 1, 1451, 594, 0, 1, 0, 2, 1, 1, 1, 2]),
 (12, [925, 111, 0, 1, 1, 1171, 1133, 0, 1, 0, 4, 1, 0, 1, 0]),
 (12, [1233, 17, 1, 0, 1, 1945, 649, 0, 1, 2, 1, 0, 1, 0, 0]),
 (12, [1572, 59, 0, 1, 0, 1019, 1699, 0, 1, 0, 2, 0, 0, 2, 1]),
 (16, [727, 22, 0, 0, 1, 693, 1203, 1, 0, 0, 1, 0, 2, 1, 1]),
 (16, [782, 119, 1, 1, 0, 1966, 1700, 1, 1, 0, 1, 0, 0, 2, 0]),
 (16, [786, 77, 0, 0, 1, 1355, 1694, 0, 1, 0, 3, 1, 0, 2, 1]),
 (16, [873, 102, 0, 1, 0, 984, 698, 1, 1, 1, 2, 0, 1, 2, 2]),
 (16, [940, 75, 0, 1, 0, 1755, 538, 0, 1, 1, 3, 1, 2, 0, 1]),
 (16, [1028, 35, 1, 1, 1, 797, 1563, 1, 0, 0, 1, 1, 1, 0, 2]),
 (16, [1130, 61, 1, 0, 1, 1013, 528, 0, 1, 1, 2, 0, 0, 2, 2]),
 (16, [1358, 67, 0, 1, 0, 1025, 614, 0, 1, 0, 0, 1, 2, 1, 1]),
 (16, [1722, 24, 1, 0, 0, 749, 1789, 0, 1, 0, 2, 1, 2, 2, 0]),
 (16, [1762, 83, 0, 1, 0, 944, 2028, 1, 0, 0, 3, 1, 0, 0, 2]),
 (16, [1864, 46, 0, 1, 1, 1635, 706, 1, 1, 2, 1, 0, 2, 2, 1]),
 (16, [1999, 65, 0, 1, 1, 1750, 1837, 0, 0, 2, 2, 1, 2, 2, 1]),
 (33, [998, 42, 0, 1, 0, 1641, 1476, 1, 0, 0, 2, 1, 0, 2, 0]),
 (33, [1539, 80, 0, 1, 0, 1675, 2030, 1, 1, 2, 1, 0, 2, 1, 0]),
 (33, [1890, 52, 0, 0, 0, 1254, 1042, 1, 0, 1, 3, 1, 0, 2, 1]),
 (33, [1956, 45, 1, 0, 0, 1609, 1308, 1, 1, 2, 0, 1, 1, 0, 0]),
 (33, [1987, 71, 1, 1, 0, 828, 1020, 0, 0, 0, 3, 1, 1, 2, 1]),
 (999, [512, 108, 0, 0, 1, 995, 985, 0, 1, 3, 4, 1, 1, 2, 0]),
 (999, [749, 99, 0, 1, 0, 1248, 1362, 1, 0, 3, 4, 0, 1, 0, 0]),
 (999, [1033, 30, 1, 0, 0, 1560, 780, 0, 1, 3, 5, 0, 0, 0, 0]),
 (999, [1040, 35, 1, 1, 0, 1621, 1674, 1, 0, 3, 5, 0, 2, 1, 2]),
 (999, [1098, 23, 1, 0, 1, 1278, 1200, 1, 0, 3, 4, 1, 2, 0, 0]),
 (999, [1194, 37, 1, 0, 0, 802, 1334, 1, 1, 3, 4, 0, 2, 2, 2]),
 (999, [1709, 110, 0, 1, 1, 1800, 1699, 0, 1, 3, 1, 0, 2, 2, 0])]
Selected
[(12, [1572, 59, 0, 1, 0, 1019, 1699, 0, 1, 0, 2, 0, 0, 2, 1]),
 (12, [925, 111, 0, 1, 1, 1171, 1133, 0, 1, 0, 4, 1, 0, 1, 0]),
 (12, [923, 17, 0, 1, 1, 1451, 594, 0, 1, 0, 2, 1, 1, 1, 2]),
 (12, [923, 17, 0, 1, 1, 1451, 594, 0, 1, 0, 2, 1, 1, 1, 2]),
 (12, [923, 17, 0, 1, 1, 1451, 594, 0, 1, 0, 2, 1, 1, 1, 2]),
 (12, [897, 66, 0, 0, 1, 1019, 1151, 0, 0, 2, 3, 1, 2, 1, 0]),
 (12, [897, 66, 0, 0, 1, 1019, 1151, 0, 0, 2, 3, 1, 2, 1, 0]),
 (12, [1233, 17, 1, 0, 1, 1945, 649, 0, 1, 2, 1, 0, 1, 0, 0]),
 (12, [925, 111, 0, 1, 1, 1171, 1133, 0, 1, 0, 4, 1, 0, 1, 0]),
 (12, [897, 66, 0, 0, 1, 1019, 1151, 0, 0, 2, 3, 1, 2, 1, 0]),
 (12, [922, 107, 1, 0, 1, 1864, 1812, 1, 0, 1, 4, 1, 0, 1, 1]),
 (12, [1572, 59, 0, 1, 0, 1019, 1699, 0, 1, 0, 2, 0, 0, 2, 1]),
 (12, [923, 17, 0, 1, 1, 1451, 594, 0, 1, 0, 2, 1, 1, 1, 2]),
 (12, [527, 88, 0, 1, 1, 2009, 1666, 0, 1, 2, 2, 1, 2, 2, 2]),
 (12, [923, 17, 0, 1, 1, 1451, 594, 0, 1, 0, 2, 1, 1, 1, 2]),
 (16, [786, 77, 0, 0, 1, 1355, 1694, 0, 1, 0, 3, 1, 0, 2, 1]),
 (12, [1572, 59, 0, 1, 0, 1019, 1699, 0, 1, 0, 2, 0, 0, 2, 1]),
 (16, [782, 119, 1, 1, 0, 1966, 1700, 1, 1, 0, 1, 0, 0, 2, 0]),
 (12, [897, 66, 0, 0, 1, 1019, 1151, 0, 0, 2, 3, 1, 2, 1, 0]),
 (12, [1572, 59, 0, 1, 0, 1019, 1699, 0, 1, 0, 2, 0, 0, 2, 1]),
 (12, [922, 107, 1, 0, 1, 1864, 1812, 1, 0, 1, 4, 1, 0, 1, 1]),
 (12, [922, 107, 1, 0, 1, 1864, 1812, 1, 0, 1, 4, 1, 0, 1, 1]),
 (3, [1836, 50, 1, 0, 0, 1145, 525, 0, 0, 1, 0, 1, 0, 0, 1]),
 (3, [1836, 50, 1, 0, 0, 1145, 525, 0, 0, 1, 0, 1, 0, 0, 1]),
 (3, [1836, 50, 1, 0, 0, 1145, 525, 0, 0, 1, 0, 1, 0, 0, 1]),
 (12, [923, 17, 0, 1, 1, 1451, 594, 0, 1, 0, 2, 1, 1, 1, 2]),
 (3, [1836, 50, 1, 0, 0, 1145, 525, 0, 0, 1, 0, 1, 0, 0, 1])]
population
[(999, [1709, 110, 0, 1, 1, 1800, 1699, 0, 1, 3, 1, 0, 2, 2, 0]),
 (999, [1194, 37, 1, 0, 0, 802, 1334, 1, 1, 3, 4, 0, 2, 2, 2]),
 (999, [1098, 23, 1, 0, 1, 1278, 1200, 1, 0, 3, 4, 1, 2, 0, 0]),
 (999, [1040, 35, 1, 1, 0, 1621, 1674, 1, 0, 3, 5, 0, 2, 1, 2]),
 (999, [1033, 30, 1, 0, 0, 1560, 780, 0, 1, 3, 5, 0, 0, 0, 0]),
 (999, [749, 99, 0, 1, 0, 1248, 1362, 1, 0, 3, 4, 0, 1, 0, 0]),
 (999, [512, 108, 0, 0, 1, 995, 985, 0, 1, 3, 4, 1, 1, 2, 0]),
 (33, [1987, 71, 1, 1, 0, 828, 1020, 0, 0, 0, 3, 1, 1, 2, 1]),
 (33, [1956, 45, 1, 0, 0, 1609, 1308, 1, 1, 2, 0, 1, 1, 0, 0]),
 (33, [1890, 52, 0, 0, 0, 1254, 1042, 1, 0, 1, 3, 1, 0, 2, 1]),
 (33, [1539, 80, 0, 1, 0, 1675, 2030, 1, 1, 2, 1, 0, 2, 1, 0]),
 (33, [998, 42, 0, 1, 0, 1641, 1476, 1, 0, 0, 2, 1, 0, 2, 0]),
 (16, [1999, 65, 0, 1, 1, 1750, 1837, 0, 0, 2, 2, 1, 2, 2, 1]),
 (16, [1864, 46, 0, 1, 1, 1635, 706, 1, 1, 2, 1, 0, 2, 2, 1]),
 (16, [1762, 83, 0, 1, 0, 944, 2028, 1, 0, 0, 3, 1, 0, 0, 2]),
 (16, [1722, 24, 1, 0, 0, 749, 1789, 0, 1, 0, 2, 1, 2, 2, 0]),
 (16, [1358, 67, 0, 1, 0, 1025, 614, 0, 1, 0, 0, 1, 2, 1, 1]),
 (16, [1130, 61, 1, 0, 1, 1013, 528, 0, 1, 1, 2, 0, 0, 2, 2]),
 (16, [1028, 35, 1, 1, 1, 797, 1563, 1, 0, 0, 1, 1, 1, 0, 2]),
 (16, [940, 75, 0, 1, 0, 1755, 538, 0, 1, 1, 3, 1, 2, 0, 1]),
 (16, [873, 102, 0, 1, 0, 984, 698, 1, 1, 1, 2, 0, 1, 2, 2]),
 (16, [786, 77, 0, 0, 1, 1355, 1694, 0, 1, 0, 3, 1, 0, 2, 1]),
 (16, [782, 119, 1, 1, 0, 1966, 1700, 1, 1, 0, 1, 0, 0, 2, 0]),
 (16, [727, 22, 0, 0, 1, 693, 1203, 1, 0, 0, 1, 0, 2, 1, 1]),
 (12, [1572, 59, 0, 1, 0, 1019, 1699, 0, 1, 0, 2, 0, 0, 2, 1]),
 (12, [1233, 17, 1, 0, 1, 1945, 649, 0, 1, 2, 1, 0, 1, 0, 0]),
 (12, [925, 111, 0, 1, 1, 1171, 1133, 0, 1, 0, 4, 1, 0, 1, 0]),
 (12, [923, 17, 0, 1, 1, 1451, 594, 0, 1, 0, 2, 1, 1, 1, 2]),
 (12, [922, 107, 1, 0, 1, 1864, 1812, 1, 0, 1, 4, 1, 0, 1, 1]),
 (12, [897, 66, 0, 0, 1, 1019, 1151, 0, 0, 2, 3, 1, 2, 1, 0]),
 (12, [527, 88, 0, 1, 1, 2009, 1666, 0, 1, 2, 2, 1, 2, 2, 2]),
 (3, [1836, 50, 1, 0, 0, 1145, 525, 0, 0, 1, 0, 1, 0, 0, 1])]
scored
[(3, [1836, 50, 1, 0, 0, 1145, 525, 0, 0, 1, 0, 1, 0, 0, 1]),
 (12, [527, 88, 0, 1, 1, 2009, 1666, 0, 1, 2, 2, 1, 2, 2, 2]),
 (12, [897, 66, 0, 0, 1, 1019, 1151, 0, 0, 2, 3, 1, 2, 1, 0]),
 (12, [922, 107, 1, 0, 1, 1864, 1812, 1, 0, 1, 4, 1, 0, 1, 1]),
 (12, [923, 17, 0, 1, 1, 1451, 594, 0, 1, 0, 2, 1, 1, 1, 2]),
 (12, [925, 111, 0, 1, 1, 1171, 1133, 0, 1, 0, 4, 1, 0, 1, 0]),
 (12, [1233, 17, 1, 0, 1, 1945, 649, 0, 1, 2, 1, 0, 1, 0, 0]),
 (12, [1572, 59, 0, 1, 0, 1019, 1699, 0, 1, 0, 2, 0, 0, 2, 1]),
 (16, [727, 22, 0, 0, 1, 693, 1203, 1, 0, 0, 1, 0, 2, 1, 1]),
 (16, [782, 119, 1, 1, 0, 1966, 1700, 1, 1, 0, 1, 0, 0, 2, 0]),
 (16, [786, 77, 0, 0, 1, 1355, 1694, 0, 1, 0, 3, 1, 0, 2, 1]),
 (16, [873, 102, 0, 1, 0, 984, 698, 1, 1, 1, 2, 0, 1, 2, 2]),
 (16, [940, 75, 0, 1, 0, 1755, 538, 0, 1, 1, 3, 1, 2, 0, 1]),
 (16, [1028, 35, 1, 1, 1, 797, 1563, 1, 0, 0, 1, 1, 1, 0, 2]),
 (16, [1130, 61, 1, 0, 1, 1013, 528, 0, 1, 1, 2, 0, 0, 2, 2]),
 (16, [1358, 67, 0, 1, 0, 1025, 614, 0, 1, 0, 0, 1, 2, 1, 1]),
 (16, [1722, 24, 1, 0, 0, 749, 1789, 0, 1, 0, 2, 1, 2, 2, 0]),
 (16, [1762, 83, 0, 1, 0, 944, 2028, 1, 0, 0, 3, 1, 0, 0, 2]),
 (16, [1864, 46, 0, 1, 1, 1635, 706, 1, 1, 2, 1, 0, 2, 2, 1]),
 (16, [1999, 65, 0, 1, 1, 1750, 1837, 0, 0, 2, 2, 1, 2, 2, 1]),
 (33, [998, 42, 0, 1, 0, 1641, 1476, 1, 0, 0, 2, 1, 0, 2, 0]),
 (33, [1539, 80, 0, 1, 0, 1675, 2030, 1, 1, 2, 1, 0, 2, 1, 0]),
 (33, [1890, 52, 0, 0, 0, 1254, 1042, 1, 0, 1, 3, 1, 0, 2, 1]),
 (33, [1956, 45, 1, 0, 0, 1609, 1308, 1, 1, 2, 0, 1, 1, 0, 0]),
 (33, [1987, 71, 1, 1, 0, 828, 1020, 0, 0, 0, 3, 1, 1, 2, 1]),
 (999, [512, 108, 0, 0, 1, 995, 985, 0, 1, 3, 4, 1, 1, 2, 0]),
 (999, [749, 99, 0, 1, 0, 1248, 1362, 1, 0, 3, 4, 0, 1, 0, 0]),
 (999, [1033, 30, 1, 0, 0, 1560, 780, 0, 1, 3, 5, 0, 0, 0, 0]),
 (999, [1040, 35, 1, 1, 0, 1621, 1674, 1, 0, 3, 5, 0, 2, 1, 2]),
 (999, [1098, 23, 1, 0, 1, 1278, 1200, 1, 0, 3, 4, 1, 2, 0, 0]),
 (999, [1194, 37, 1, 0, 0, 802, 1334, 1, 1, 3, 4, 0, 2, 2, 2]),
 (999, [1709, 110, 0, 1, 1, 1800, 1699, 0, 1, 3, 1, 0, 2, 2, 0])]
Selected
[(12, [1572, 59, 0, 1, 0, 1019, 1699, 0, 1, 0, 2, 0, 0, 2, 1]),
 (16, [782, 119, 1, 1, 0, 1966, 1700, 1, 1, 0, 1, 0, 0, 2, 0]),
 (12, [925, 111, 0, 1, 1, 1171, 1133, 0, 1, 0, 4, 1, 0, 1, 0]),
 (16, [727, 22, 0, 0, 1, 693, 1203, 1, 0, 0, 1, 0, 2, 1, 1]),
 (12, [527, 88, 0, 1, 1, 2009, 1666, 0, 1, 2, 2, 1, 2, 2, 2]),
 (12, [922, 107, 1, 0, 1, 1864, 1812, 1, 0, 1, 4, 1, 0, 1, 1]),
 (12, [925, 111, 0, 1, 1, 1171, 1133, 0, 1, 0, 4, 1, 0, 1, 0]),
 (12, [922, 107, 1, 0, 1, 1864, 1812, 1, 0, 1, 4, 1, 0, 1, 1]),
 (12, [897, 66, 0, 0, 1, 1019, 1151, 0, 0, 2, 3, 1, 2, 1, 0]),
 (12, [1233, 17, 1, 0, 1, 1945, 649, 0, 1, 2, 1, 0, 1, 0, 0]),
 (12, [922, 107, 1, 0, 1, 1864, 1812, 1, 0, 1, 4, 1, 0, 1, 1]),
 (12, [925, 111, 0, 1, 1, 1171, 1133, 0, 1, 0, 4, 1, 0, 1, 0]),
 (16, [727, 22, 0, 0, 1, 693, 1203, 1, 0, 0, 1, 0, 2, 1, 1]),
 (12, [925, 111, 0, 1, 1, 1171, 1133, 0, 1, 0, 4, 1, 0, 1, 0]),
 (12, [923, 17, 0, 1, 1, 1451, 594, 0, 1, 0, 2, 1, 1, 1, 2]),
 (12, [1233, 17, 1, 0, 1, 1945, 649, 0, 1, 2, 1, 0, 1, 0, 0]),
 (12, [925, 111, 0, 1, 1, 1171, 1133, 0, 1, 0, 4, 1, 0, 1, 0]),
 (16, [873, 102, 0, 1, 0, 984, 698, 1, 1, 1, 2, 0, 1, 2, 2]),
 (12, [1233, 17, 1, 0, 1, 1945, 649, 0, 1, 2, 1, 0, 1, 0, 0]),
 (16, [1999, 65, 0, 1, 1, 1750, 1837, 0, 0, 2, 2, 1, 2, 2, 1]),
 (3, [1836, 50, 1, 0, 0, 1145, 525, 0, 0, 1, 0, 1, 0, 0, 1]),
 (12, [923, 17, 0, 1, 1, 1451, 594, 0, 1, 0, 2, 1, 1, 1, 2]),
 (12, [923, 17, 0, 1, 1, 1451, 594, 0, 1, 0, 2, 1, 1, 1, 2]),
 (12, [527, 88, 0, 1, 1, 2009, 1666, 0, 1, 2, 2, 1, 2, 2, 2]),
 (16, [727, 22, 0, 0, 1, 693, 1203, 1, 0, 0, 1, 0, 2, 1, 1]),
 (3, [1836, 50, 1, 0, 0, 1145, 525, 0, 0, 1, 0, 1, 0, 0, 1]),
 (12, [1572, 59, 0, 1, 0, 1019, 1699, 0, 1, 0, 2, 0, 0, 2, 1])]
population
[(999, [1709, 110, 0, 1, 1, 1800, 1699, 0, 1, 3, 1, 0, 2, 2, 0]),
 (999, [1194, 37, 1, 0, 0, 802, 1334, 1, 1, 3, 4, 0, 2, 2, 2]),
 (999, [1098, 23, 1, 0, 1, 1278, 1200, 1, 0, 3, 4, 1, 2, 0, 0]),
 (999, [1040, 35, 1, 1, 0, 1621, 1674, 1, 0, 3, 5, 0, 2, 1, 2]),
 (999, [1033, 30, 1, 0, 0, 1560, 780, 0, 1, 3, 5, 0, 0, 0, 0]),
 (999, [749, 99, 0, 1, 0, 1248, 1362, 1, 0, 3, 4, 0, 1, 0, 0]),
 (999, [512, 108, 0, 0, 1, 995, 985, 0, 1, 3, 4, 1, 1, 2, 0]),
 (33, [1987, 71, 1, 1, 0, 828, 1020, 0, 0, 0, 3, 1, 1, 2, 1]),
 (33, [1956, 45, 1, 0, 0, 1609, 1308, 1, 1, 2, 0, 1, 1, 0, 0]),
 (33, [1890, 52, 0, 0, 0, 1254, 1042, 1, 0, 1, 3, 1, 0, 2, 1]),
 (33, [1539, 80, 0, 1, 0, 1675, 2030, 1, 1, 2, 1, 0, 2, 1, 0]),
 (33, [998, 42, 0, 1, 0, 1641, 1476, 1, 0, 0, 2, 1, 0, 2, 0]),
 (16, [1999, 65, 0, 1, 1, 1750, 1837, 0, 0, 2, 2, 1, 2, 2, 1]),
 (16, [1864, 46, 0, 1, 1, 1635, 706, 1, 1, 2, 1, 0, 2, 2, 1]),
 (16, [1762, 83, 0, 1, 0, 944, 2028, 1, 0, 0, 3, 1, 0, 0, 2]),
 (16, [1722, 24, 1, 0, 0, 749, 1789, 0, 1, 0, 2, 1, 2, 2, 0]),
 (16, [1358, 67, 0, 1, 0, 1025, 614, 0, 1, 0, 0, 1, 2, 1, 1]),
 (16, [1130, 61, 1, 0, 1, 1013, 528, 0, 1, 1, 2, 0, 0, 2, 2]),
 (16, [1028, 35, 1, 1, 1, 797, 1563, 1, 0, 0, 1, 1, 1, 0, 2]),
 (16, [940, 75, 0, 1, 0, 1755, 538, 0, 1, 1, 3, 1, 2, 0, 1]),
 (16, [873, 102, 0, 1, 0, 984, 698, 1, 1, 1, 2, 0, 1, 2, 2]),
 (16, [786, 77, 0, 0, 1, 1355, 1694, 0, 1, 0, 3, 1, 0, 2, 1]),
 (16, [782, 119, 1, 1, 0, 1966, 1700, 1, 1, 0, 1, 0, 0, 2, 0]),
 (16, [727, 22, 0, 0, 1, 693, 1203, 1, 0, 0, 1, 0, 2, 1, 1]),
 (12, [1572, 59, 0, 1, 0, 1019, 1699, 0, 1, 0, 2, 0, 0, 2, 1]),
 (12, [1233, 17, 1, 0, 1, 1945, 649, 0, 1, 2, 1, 0, 1, 0, 0]),
 (12, [925, 111, 0, 1, 1, 1171, 1133, 0, 1, 0, 4, 1, 0, 1, 0]),
 (12, [923, 17, 0, 1, 1, 1451, 594, 0, 1, 0, 2, 1, 1, 1, 2]),
 (12, [922, 107, 1, 0, 1, 1864, 1812, 1, 0, 1, 4, 1, 0, 1, 1]),
 (12, [897, 66, 0, 0, 1, 1019, 1151, 0, 0, 2, 3, 1, 2, 1, 0]),
 (12, [527, 88, 0, 1, 1, 2009, 1666, 0, 1, 2, 2, 1, 2, 2, 2]),
 (3, [1836, 50, 1, 0, 0, 1145, 525, 0, 0, 1, 0, 1, 0, 0, 1])]
scored
[(3, [1836, 50, 1, 0, 0, 1145, 525, 0, 0, 1, 0, 1, 0, 0, 1]),
 (12, [527, 88, 0, 1, 1, 2009, 1666, 0, 1, 2, 2, 1, 2, 2, 2]),
 (12, [897, 66, 0, 0, 1, 1019, 1151, 0, 0, 2, 3, 1, 2, 1, 0]),
 (12, [922, 107, 1, 0, 1, 1864, 1812, 1, 0, 1, 4, 1, 0, 1, 1]),
 (12, [923, 17, 0, 1, 1, 1451, 594, 0, 1, 0, 2, 1, 1, 1, 2]),
 (12, [925, 111, 0, 1, 1, 1171, 1133, 0, 1, 0, 4, 1, 0, 1, 0]),
 (12, [1233, 17, 1, 0, 1, 1945, 649, 0, 1, 2, 1, 0, 1, 0, 0]),
 (12, [1572, 59, 0, 1, 0, 1019, 1699, 0, 1, 0, 2, 0, 0, 2, 1]),
 (16, [727, 22, 0, 0, 1, 693, 1203, 1, 0, 0, 1, 0, 2, 1, 1]),
 (16, [782, 119, 1, 1, 0, 1966, 1700, 1, 1, 0, 1, 0, 0, 2, 0]),
 (16, [786, 77, 0, 0, 1, 1355, 1694, 0, 1, 0, 3, 1, 0, 2, 1]),
 (16, [873, 102, 0, 1, 0, 984, 698, 1, 1, 1, 2, 0, 1, 2, 2]),
 (16, [940, 75, 0, 1, 0, 1755, 538, 0, 1, 1, 3, 1, 2, 0, 1]),
 (16, [1028, 35, 1, 1, 1, 797, 1563, 1, 0, 0, 1, 1, 1, 0, 2]),
 (16, [1130, 61, 1, 0, 1, 1013, 528, 0, 1, 1, 2, 0, 0, 2, 2]),
 (16, [1358, 67, 0, 1, 0, 1025, 614, 0, 1, 0, 0, 1, 2, 1, 1]),
 (16, [1722, 24, 1, 0, 0, 749, 1789, 0, 1, 0, 2, 1, 2, 2, 0]),
 (16, [1762, 83, 0, 1, 0, 944, 2028, 1, 0, 0, 3, 1, 0, 0, 2]),
 (16, [1864, 46, 0, 1, 1, 1635, 706, 1, 1, 2, 1, 0, 2, 2, 1]),
 (16, [1999, 65, 0, 1, 1, 1750, 1837, 0, 0, 2, 2, 1, 2, 2, 1]),
 (33, [998, 42, 0, 1, 0, 1641, 1476, 1, 0, 0, 2, 1, 0, 2, 0]),
 (33, [1539, 80, 0, 1, 0, 1675, 2030, 1, 1, 2, 1, 0, 2, 1, 0]),
 (33, [1890, 52, 0, 0, 0, 1254, 1042, 1, 0, 1, 3, 1, 0, 2, 1]),
 (33, [1956, 45, 1, 0, 0, 1609, 1308, 1, 1, 2, 0, 1, 1, 0, 0]),
 (33, [1987, 71, 1, 1, 0, 828, 1020, 0, 0, 0, 3, 1, 1, 2, 1]),
 (999, [512, 108, 0, 0, 1, 995, 985, 0, 1, 3, 4, 1, 1, 2, 0]),
 (999, [749, 99, 0, 1, 0, 1248, 1362, 1, 0, 3, 4, 0, 1, 0, 0]),
 (999, [1033, 30, 1, 0, 0, 1560, 780, 0, 1, 3, 5, 0, 0, 0, 0]),
 (999, [1040, 35, 1, 1, 0, 1621, 1674, 1, 0, 3, 5, 0, 2, 1, 2]),
 (999, [1098, 23, 1, 0, 1, 1278, 1200, 1, 0, 3, 4, 1, 2, 0, 0]),
 (999, [1194, 37, 1, 0, 0, 802, 1334, 1, 1, 3, 4, 0, 2, 2, 2]),
 (999, [1709, 110, 0, 1, 1, 1800, 1699, 0, 1, 3, 1, 0, 2, 2, 0])]
Selected
[(12, [897, 66, 0, 0, 1, 1019, 1151, 0, 0, 2, 3, 1, 2, 1, 0]),
 (16, [782, 119, 1, 1, 0, 1966, 1700, 1, 1, 0, 1, 0, 0, 2, 0]),
 (16, [940, 75, 0, 1, 0, 1755, 538, 0, 1, 1, 3, 1, 2, 0, 1]),
 (12, [922, 107, 1, 0, 1, 1864, 1812, 1, 0, 1, 4, 1, 0, 1, 1]),
 (16, [873, 102, 0, 1, 0, 984, 698, 1, 1, 1, 2, 0, 1, 2, 2]),
 (3, [1836, 50, 1, 0, 0, 1145, 525, 0, 0, 1, 0, 1, 0, 0, 1]),
 (12, [922, 107, 1, 0, 1, 1864, 1812, 1, 0, 1, 4, 1, 0, 1, 1]),
 (12, [922, 107, 1, 0, 1, 1864, 1812, 1, 0, 1, 4, 1, 0, 1, 1]),
 (12, [925, 111, 0, 1, 1, 1171, 1133, 0, 1, 0, 4, 1, 0, 1, 0]),
 (12, [923, 17, 0, 1, 1, 1451, 594, 0, 1, 0, 2, 1, 1, 1, 2]),
 (12, [923, 17, 0, 1, 1, 1451, 594, 0, 1, 0, 2, 1, 1, 1, 2]),
 (12, [897, 66, 0, 0, 1, 1019, 1151, 0, 0, 2, 3, 1, 2, 1, 0]),
 (3, [1836, 50, 1, 0, 0, 1145, 525, 0, 0, 1, 0, 1, 0, 0, 1]),
 (12, [1572, 59, 0, 1, 0, 1019, 1699, 0, 1, 0, 2, 0, 0, 2, 1]),
 (12, [1233, 17, 1, 0, 1, 1945, 649, 0, 1, 2, 1, 0, 1, 0, 0]),
 (3, [1836, 50, 1, 0, 0, 1145, 525, 0, 0, 1, 0, 1, 0, 0, 1]),
 (12, [1233, 17, 1, 0, 1, 1945, 649, 0, 1, 2, 1, 0, 1, 0, 0]),
 (16, [1722, 24, 1, 0, 0, 749, 1789, 0, 1, 0, 2, 1, 2, 2, 0]),
 (16, [1358, 67, 0, 1, 0, 1025, 614, 0, 1, 0, 0, 1, 2, 1, 1]),
 (12, [897, 66, 0, 0, 1, 1019, 1151, 0, 0, 2, 3, 1, 2, 1, 0]),
 (3, [1836, 50, 1, 0, 0, 1145, 525, 0, 0, 1, 0, 1, 0, 0, 1]),
 (16, [782, 119, 1, 1, 0, 1966, 1700, 1, 1, 0, 1, 0, 0, 2, 0]),
 (12, [923, 17, 0, 1, 1, 1451, 594, 0, 1, 0, 2, 1, 1, 1, 2]),
 (16, [727, 22, 0, 0, 1, 693, 1203, 1, 0, 0, 1, 0, 2, 1, 1]),
 (3, [1836, 50, 1, 0, 0, 1145, 525, 0, 0, 1, 0, 1, 0, 0, 1]),
 (3, [1836, 50, 1, 0, 0, 1145, 525, 0, 0, 1, 0, 1, 0, 0, 1]),
 (16, [786, 77, 0, 0, 1, 1355, 1694, 0, 1, 0, 3, 1, 0, 2, 1])]
population
[(999, [1709, 110, 0, 1, 1, 1800, 1699, 0, 1, 3, 1, 0, 2, 2, 0]),
 (999, [1194, 37, 1, 0, 0, 802, 1334, 1, 1, 3, 4, 0, 2, 2, 2]),
 (999, [1098, 23, 1, 0, 1, 1278, 1200, 1, 0, 3, 4, 1, 2, 0, 0]),
 (999, [1040, 35, 1, 1, 0, 1621, 1674, 1, 0, 3, 5, 0, 2, 1, 2]),
 (999, [1033, 30, 1, 0, 0, 1560, 780, 0, 1, 3, 5, 0, 0, 0, 0]),
 (999, [749, 99, 0, 1, 0, 1248, 1362, 1, 0, 3, 4, 0, 1, 0, 0]),
 (999, [512, 108, 0, 0, 1, 995, 985, 0, 1, 3, 4, 1, 1, 2, 0]),
 (33, [1987, 71, 1, 1, 0, 828, 1020, 0, 0, 0, 3, 1, 1, 2, 1]),
 (33, [1956, 45, 1, 0, 0, 1609, 1308, 1, 1, 2, 0, 1, 1, 0, 0]),
 (33, [1890, 52, 0, 0, 0, 1254, 1042, 1, 0, 1, 3, 1, 0, 2, 1]),
 (33, [1539, 80, 0, 1, 0, 1675, 2030, 1, 1, 2, 1, 0, 2, 1, 0]),
 (33, [998, 42, 0, 1, 0, 1641, 1476, 1, 0, 0, 2, 1, 0, 2, 0]),
 (16, [1999, 65, 0, 1, 1, 1750, 1837, 0, 0, 2, 2, 1, 2, 2, 1]),
 (16, [1864, 46, 0, 1, 1, 1635, 706, 1, 1, 2, 1, 0, 2, 2, 1]),
 (16, [1762, 83, 0, 1, 0, 944, 2028, 1, 0, 0, 3, 1, 0, 0, 2]),
 (16, [1722, 24, 1, 0, 0, 749, 1789, 0, 1, 0, 2, 1, 2, 2, 0]),
 (16, [1358, 67, 0, 1, 0, 1025, 614, 0, 1, 0, 0, 1, 2, 1, 1]),
 (16, [1130, 61, 1, 0, 1, 1013, 528, 0, 1, 1, 2, 0, 0, 2, 2]),
 (16, [1028, 35, 1, 1, 1, 797, 1563, 1, 0, 0, 1, 1, 1, 0, 2]),
 (16, [940, 75, 0, 1, 0, 1755, 538, 0, 1, 1, 3, 1, 2, 0, 1]),
 (16, [873, 102, 0, 1, 0, 984, 698, 1, 1, 1, 2, 0, 1, 2, 2]),
 (16, [786, 77, 0, 0, 1, 1355, 1694, 0, 1, 0, 3, 1, 0, 2, 1]),
 (16, [782, 119, 1, 1, 0, 1966, 1700, 1, 1, 0, 1, 0, 0, 2, 0]),
 (16, [727, 22, 0, 0, 1, 693, 1203, 1, 0, 0, 1, 0, 2, 1, 1]),
 (12, [1572, 59, 0, 1, 0, 1019, 1699, 0, 1, 0, 2, 0, 0, 2, 1]),
 (12, [1233, 17, 1, 0, 1, 1945, 649, 0, 1, 2, 1, 0, 1, 0, 0]),
 (12, [925, 111, 0, 1, 1, 1171, 1133, 0, 1, 0, 4, 1, 0, 1, 0]),
 (12, [923, 17, 0, 1, 1, 1451, 594, 0, 1, 0, 2, 1, 1, 1, 2]),
 (12, [922, 107, 1, 0, 1, 1864, 1812, 1, 0, 1, 4, 1, 0, 1, 1]),
 (12, [897, 66, 0, 0, 1, 1019, 1151, 0, 0, 2, 3, 1, 2, 1, 0]),
 (12, [527, 88, 0, 1, 1, 2009, 1666, 0, 1, 2, 2, 1, 2, 2, 2]),
 (3, [1836, 50, 1, 0, 0, 1145, 525, 0, 0, 1, 0, 1, 0, 0, 1])]
scored
[(3, [1836, 50, 1, 0, 0, 1145, 525, 0, 0, 1, 0, 1, 0, 0, 1]),
 (12, [527, 88, 0, 1, 1, 2009, 1666, 0, 1, 2, 2, 1, 2, 2, 2]),
 (12, [897, 66, 0, 0, 1, 1019, 1151, 0, 0, 2, 3, 1, 2, 1, 0]),
 (12, [922, 107, 1, 0, 1, 1864, 1812, 1, 0, 1, 4, 1, 0, 1, 1]),
 (12, [923, 17, 0, 1, 1, 1451, 594, 0, 1, 0, 2, 1, 1, 1, 2]),
 (12, [925, 111, 0, 1, 1, 1171, 1133, 0, 1, 0, 4, 1, 0, 1, 0]),
 (12, [1233, 17, 1, 0, 1, 1945, 649, 0, 1, 2, 1, 0, 1, 0, 0]),
 (12, [1572, 59, 0, 1, 0, 1019, 1699, 0, 1, 0, 2, 0, 0, 2, 1]),
 (16, [727, 22, 0, 0, 1, 693, 1203, 1, 0, 0, 1, 0, 2, 1, 1]),
 (16, [782, 119, 1, 1, 0, 1966, 1700, 1, 1, 0, 1, 0, 0, 2, 0]),
 (16, [786, 77, 0, 0, 1, 1355, 1694, 0, 1, 0, 3, 1, 0, 2, 1]),
 (16, [873, 102, 0, 1, 0, 984, 698, 1, 1, 1, 2, 0, 1, 2, 2]),
 (16, [940, 75, 0, 1, 0, 1755, 538, 0, 1, 1, 3, 1, 2, 0, 1]),
 (16, [1028, 35, 1, 1, 1, 797, 1563, 1, 0, 0, 1, 1, 1, 0, 2]),
 (16, [1130, 61, 1, 0, 1, 1013, 528, 0, 1, 1, 2, 0, 0, 2, 2]),
 (16, [1358, 67, 0, 1, 0, 1025, 614, 0, 1, 0, 0, 1, 2, 1, 1]),
 (16, [1722, 24, 1, 0, 0, 749, 1789, 0, 1, 0, 2, 1, 2, 2, 0]),
 (16, [1762, 83, 0, 1, 0, 944, 2028, 1, 0, 0, 3, 1, 0, 0, 2]),
 (16, [1864, 46, 0, 1, 1, 1635, 706, 1, 1, 2, 1, 0, 2, 2, 1]),
 (16, [1999, 65, 0, 1, 1, 1750, 1837, 0, 0, 2, 2, 1, 2, 2, 1]),
 (33, [998, 42, 0, 1, 0, 1641, 1476, 1, 0, 0, 2, 1, 0, 2, 0]),
 (33, [1539, 80, 0, 1, 0, 1675, 2030, 1, 1, 2, 1, 0, 2, 1, 0]),
 (33, [1890, 52, 0, 0, 0, 1254, 1042, 1, 0, 1, 3, 1, 0, 2, 1]),
 (33, [1956, 45, 1, 0, 0, 1609, 1308, 1, 1, 2, 0, 1, 1, 0, 0]),
 (33, [1987, 71, 1, 1, 0, 828, 1020, 0, 0, 0, 3, 1, 1, 2, 1]),
 (999, [512, 108, 0, 0, 1, 995, 985, 0, 1, 3, 4, 1, 1, 2, 0]),
 (999, [749, 99, 0, 1, 0, 1248, 1362, 1, 0, 3, 4, 0, 1, 0, 0]),
 (999, [1033, 30, 1, 0, 0, 1560, 780, 0, 1, 3, 5, 0, 0, 0, 0]),
 (999, [1040, 35, 1, 1, 0, 1621, 1674, 1, 0, 3, 5, 0, 2, 1, 2]),
 (999, [1098, 23, 1, 0, 1, 1278, 1200, 1, 0, 3, 4, 1, 2, 0, 0]),
 (999, [1194, 37, 1, 0, 0, 802, 1334, 1, 1, 3, 4, 0, 2, 2, 2]),
 (999, [1709, 110, 0, 1, 1, 1800, 1699, 0, 1, 3, 1, 0, 2, 2, 0])]
Selected
[(16, [727, 22, 0, 0, 1, 693, 1203, 1, 0, 0, 1, 0, 2, 1, 1]),
 (12, [897, 66, 0, 0, 1, 1019, 1151, 0, 0, 2, 3, 1, 2, 1, 0]),
 (16, [782, 119, 1, 1, 0, 1966, 1700, 1, 1, 0, 1, 0, 0, 2, 0]),
 (12, [925, 111, 0, 1, 1, 1171, 1133, 0, 1, 0, 4, 1, 0, 1, 0]),
 (12, [897, 66, 0, 0, 1, 1019, 1151, 0, 0, 2, 3, 1, 2, 1, 0]),
 (12, [897, 66, 0, 0, 1, 1019, 1151, 0, 0, 2, 3, 1, 2, 1, 0]),
 (3, [1836, 50, 1, 0, 0, 1145, 525, 0, 0, 1, 0, 1, 0, 0, 1]),
 (16, [940, 75, 0, 1, 0, 1755, 538, 0, 1, 1, 3, 1, 2, 0, 1]),
 (12, [897, 66, 0, 0, 1, 1019, 1151, 0, 0, 2, 3, 1, 2, 1, 0]),
 (12, [923, 17, 0, 1, 1, 1451, 594, 0, 1, 0, 2, 1, 1, 1, 2]),
 (16, [873, 102, 0, 1, 0, 984, 698, 1, 1, 1, 2, 0, 1, 2, 2]),
 (12, [1233, 17, 1, 0, 1, 1945, 649, 0, 1, 2, 1, 0, 1, 0, 0]),
 (16, [727, 22, 0, 0, 1, 693, 1203, 1, 0, 0, 1, 0, 2, 1, 1]),
 (12, [897, 66, 0, 0, 1, 1019, 1151, 0, 0, 2, 3, 1, 2, 1, 0]),
 (16, [782, 119, 1, 1, 0, 1966, 1700, 1, 1, 0, 1, 0, 0, 2, 0]),
 (16, [727, 22, 0, 0, 1, 693, 1203, 1, 0, 0, 1, 0, 2, 1, 1]),
 (12, [897, 66, 0, 0, 1, 1019, 1151, 0, 0, 2, 3, 1, 2, 1, 0]),
 (12, [527, 88, 0, 1, 1, 2009, 1666, 0, 1, 2, 2, 1, 2, 2, 2]),
 (12, [922, 107, 1, 0, 1, 1864, 1812, 1, 0, 1, 4, 1, 0, 1, 1]),
 (16, [782, 119, 1, 1, 0, 1966, 1700, 1, 1, 0, 1, 0, 0, 2, 0]),
 (12, [897, 66, 0, 0, 1, 1019, 1151, 0, 0, 2, 3, 1, 2, 1, 0]),
 (16, [873, 102, 0, 1, 0, 984, 698, 1, 1, 1, 2, 0, 1, 2, 2]),
 (12, [527, 88, 0, 1, 1, 2009, 1666, 0, 1, 2, 2, 1, 2, 2, 2]),
 (12, [922, 107, 1, 0, 1, 1864, 1812, 1, 0, 1, 4, 1, 0, 1, 1]),
 (12, [1233, 17, 1, 0, 1, 1945, 649, 0, 1, 2, 1, 0, 1, 0, 0]),
 (16, [727, 22, 0, 0, 1, 693, 1203, 1, 0, 0, 1, 0, 2, 1, 1]),
 (12, [922, 107, 1, 0, 1, 1864, 1812, 1, 0, 1, 4, 1, 0, 1, 1])]
population
[(999, [1709, 110, 0, 1, 1, 1800, 1699, 0, 1, 3, 1, 0, 2, 2, 0]),
 (999, [1194, 37, 1, 0, 0, 802, 1334, 1, 1, 3, 4, 0, 2, 2, 2]),
 (999, [1098, 23, 1, 0, 1, 1278, 1200, 1, 0, 3, 4, 1, 2, 0, 0]),
 (999, [1040, 35, 1, 1, 0, 1621, 1674, 1, 0, 3, 5, 0, 2, 1, 2]),
 (999, [1033, 30, 1, 0, 0, 1560, 780, 0, 1, 3, 5, 0, 0, 0, 0]),
 (999, [749, 99, 0, 1, 0, 1248, 1362, 1, 0, 3, 4, 0, 1, 0, 0]),
 (999, [512, 108, 0, 0, 1, 995, 985, 0, 1, 3, 4, 1, 1, 2, 0]),
 (33, [1987, 71, 1, 1, 0, 828, 1020, 0, 0, 0, 3, 1, 1, 2, 1]),
 (33, [1956, 45, 1, 0, 0, 1609, 1308, 1, 1, 2, 0, 1, 1, 0, 0]),
 (33, [1890, 52, 0, 0, 0, 1254, 1042, 1, 0, 1, 3, 1, 0, 2, 1]),
 (33, [1539, 80, 0, 1, 0, 1675, 2030, 1, 1, 2, 1, 0, 2, 1, 0]),
 (33, [998, 42, 0, 1, 0, 1641, 1476, 1, 0, 0, 2, 1, 0, 2, 0]),
 (16, [1999, 65, 0, 1, 1, 1750, 1837, 0, 0, 2, 2, 1, 2, 2, 1]),
 (16, [1864, 46, 0, 1, 1, 1635, 706, 1, 1, 2, 1, 0, 2, 2, 1]),
 (16, [1762, 83, 0, 1, 0, 944, 2028, 1, 0, 0, 3, 1, 0, 0, 2]),
 (16, [1722, 24, 1, 0, 0, 749, 1789, 0, 1, 0, 2, 1, 2, 2, 0]),
 (16, [1358, 67, 0, 1, 0, 1025, 614, 0, 1, 0, 0, 1, 2, 1, 1]),
 (16, [1130, 61, 1, 0, 1, 1013, 528, 0, 1, 1, 2, 0, 0, 2, 2]),
 (16, [1028, 35, 1, 1, 1, 797, 1563, 1, 0, 0, 1, 1, 1, 0, 2]),
 (16, [940, 75, 0, 1, 0, 1755, 538, 0, 1, 1, 3, 1, 2, 0, 1]),
 (16, [873, 102, 0, 1, 0, 984, 698, 1, 1, 1, 2, 0, 1, 2, 2]),
 (16, [786, 77, 0, 0, 1, 1355, 1694, 0, 1, 0, 3, 1, 0, 2, 1]),
 (16, [782, 119, 1, 1, 0, 1966, 1700, 1, 1, 0, 1, 0, 0, 2, 0]),
 (16, [727, 22, 0, 0, 1, 693, 1203, 1, 0, 0, 1, 0, 2, 1, 1]),
 (12, [1572, 59, 0, 1, 0, 1019, 1699, 0, 1, 0, 2, 0, 0, 2, 1]),
 (12, [1233, 17, 1, 0, 1, 1945, 649, 0, 1, 2, 1, 0, 1, 0, 0]),
 (12, [925, 111, 0, 1, 1, 1171, 1133, 0, 1, 0, 4, 1, 0, 1, 0]),
 (12, [923, 17, 0, 1, 1, 1451, 594, 0, 1, 0, 2, 1, 1, 1, 2]),
 (12, [922, 107, 1, 0, 1, 1864, 1812, 1, 0, 1, 4, 1, 0, 1, 1]),
 (12, [897, 66, 0, 0, 1, 1019, 1151, 0, 0, 2, 3, 1, 2, 1, 0]),
 (12, [527, 88, 0, 1, 1, 2009, 1666, 0, 1, 2, 2, 1, 2, 2, 2]),
 (3, [1836, 50, 1, 0, 0, 1145, 525, 0, 0, 1, 0, 1, 0, 0, 1])]
scored
[(3, [1836, 50, 1, 0, 0, 1145, 525, 0, 0, 1, 0, 1, 0, 0, 1]),
 (12, [527, 88, 0, 1, 1, 2009, 1666, 0, 1, 2, 2, 1, 2, 2, 2]),
 (12, [897, 66, 0, 0, 1, 1019, 1151, 0, 0, 2, 3, 1, 2, 1, 0]),
 (12, [922, 107, 1, 0, 1, 1864, 1812, 1, 0, 1, 4, 1, 0, 1, 1]),
 (12, [923, 17, 0, 1, 1, 1451, 594, 0, 1, 0, 2, 1, 1, 1, 2]),
 (12, [925, 111, 0, 1, 1, 1171, 1133, 0, 1, 0, 4, 1, 0, 1, 0]),
 (12, [1233, 17, 1, 0, 1, 1945, 649, 0, 1, 2, 1, 0, 1, 0, 0]),
 (12, [1572, 59, 0, 1, 0, 1019, 1699, 0, 1, 0, 2, 0, 0, 2, 1]),
 (16, [727, 22, 0, 0, 1, 693, 1203, 1, 0, 0, 1, 0, 2, 1, 1]),
 (16, [782, 119, 1, 1, 0, 1966, 1700, 1, 1, 0, 1, 0, 0, 2, 0]),
 (16, [786, 77, 0, 0, 1, 1355, 1694, 0, 1, 0, 3, 1, 0, 2, 1]),
 (16, [873, 102, 0, 1, 0, 984, 698, 1, 1, 1, 2, 0, 1, 2, 2]),
 (16, [940, 75, 0, 1, 0, 1755, 538, 0, 1, 1, 3, 1, 2, 0, 1]),
 (16, [1028, 35, 1, 1, 1, 797, 1563, 1, 0, 0, 1, 1, 1, 0, 2]),
 (16, [1130, 61, 1, 0, 1, 1013, 528, 0, 1, 1, 2, 0, 0, 2, 2]),
 (16, [1358, 67, 0, 1, 0, 1025, 614, 0, 1, 0, 0, 1, 2, 1, 1]),
 (16, [1722, 24, 1, 0, 0, 749, 1789, 0, 1, 0, 2, 1, 2, 2, 0]),
 (16, [1762, 83, 0, 1, 0, 944, 2028, 1, 0, 0, 3, 1, 0, 0, 2]),
 (16, [1864, 46, 0, 1, 1, 1635, 706, 1, 1, 2, 1, 0, 2, 2, 1]),
 (16, [1999, 65, 0, 1, 1, 1750, 1837, 0, 0, 2, 2, 1, 2, 2, 1]),
 (33, [998, 42, 0, 1, 0, 1641, 1476, 1, 0, 0, 2, 1, 0, 2, 0]),
 (33, [1539, 80, 0, 1, 0, 1675, 2030, 1, 1, 2, 1, 0, 2, 1, 0]),
 (33, [1890, 52, 0, 0, 0, 1254, 1042, 1, 0, 1, 3, 1, 0, 2, 1]),
 (33, [1956, 45, 1, 0, 0, 1609, 1308, 1, 1, 2, 0, 1, 1, 0, 0]),
 (33, [1987, 71, 1, 1, 0, 828, 1020, 0, 0, 0, 3, 1, 1, 2, 1]),
 (999, [512, 108, 0, 0, 1, 995, 985, 0, 1, 3, 4, 1, 1, 2, 0]),
 (999, [749, 99, 0, 1, 0, 1248, 1362, 1, 0, 3, 4, 0, 1, 0, 0]),
 (999, [1033, 30, 1, 0, 0, 1560, 780, 0, 1, 3, 5, 0, 0, 0, 0]),
 (999, [1040, 35, 1, 1, 0, 1621, 1674, 1, 0, 3, 5, 0, 2, 1, 2]),
 (999, [1098, 23, 1, 0, 1, 1278, 1200, 1, 0, 3, 4, 1, 2, 0, 0]),
 (999, [1194, 37, 1, 0, 0, 802, 1334, 1, 1, 3, 4, 0, 2, 2, 2]),
 (999, [1709, 110, 0, 1, 1, 1800, 1699, 0, 1, 3, 1, 0, 2, 2, 0])]
Selected
[(16, [782, 119, 1, 1, 0, 1966, 1700, 1, 1, 0, 1, 0, 0, 2, 0]),
 (12, [527, 88, 0, 1, 1, 2009, 1666, 0, 1, 2, 2, 1, 2, 2, 2]),
 (12, [1572, 59, 0, 1, 0, 1019, 1699, 0, 1, 0, 2, 0, 0, 2, 1]),
 (12, [923, 17, 0, 1, 1, 1451, 594, 0, 1, 0, 2, 1, 1, 1, 2]),
 (16, [786, 77, 0, 0, 1, 1355, 1694, 0, 1, 0, 3, 1, 0, 2, 1]),
 (12, [527, 88, 0, 1, 1, 2009, 1666, 0, 1, 2, 2, 1, 2, 2, 2]),
 (12, [527, 88, 0, 1, 1, 2009, 1666, 0, 1, 2, 2, 1, 2, 2, 2]),
 (12, [1572, 59, 0, 1, 0, 1019, 1699, 0, 1, 0, 2, 0, 0, 2, 1]),
 (16, [786, 77, 0, 0, 1, 1355, 1694, 0, 1, 0, 3, 1, 0, 2, 1]),
 (12, [897, 66, 0, 0, 1, 1019, 1151, 0, 0, 2, 3, 1, 2, 1, 0]),
 (12, [1233, 17, 1, 0, 1, 1945, 649, 0, 1, 2, 1, 0, 1, 0, 0]),
 (3, [1836, 50, 1, 0, 0, 1145, 525, 0, 0, 1, 0, 1, 0, 0, 1]),
 (3, [1836, 50, 1, 0, 0, 1145, 525, 0, 0, 1, 0, 1, 0, 0, 1]),
 (12, [527, 88, 0, 1, 1, 2009, 1666, 0, 1, 2, 2, 1, 2, 2, 2]),
 (12, [1572, 59, 0, 1, 0, 1019, 1699, 0, 1, 0, 2, 0, 0, 2, 1]),
 (16, [782, 119, 1, 1, 0, 1966, 1700, 1, 1, 0, 1, 0, 0, 2, 0]),
 (12, [897, 66, 0, 0, 1, 1019, 1151, 0, 0, 2, 3, 1, 2, 1, 0]),
 (12, [922, 107, 1, 0, 1, 1864, 1812, 1, 0, 1, 4, 1, 0, 1, 1]),
 (12, [925, 111, 0, 1, 1, 1171, 1133, 0, 1, 0, 4, 1, 0, 1, 0]),
 (33, [998, 42, 0, 1, 0, 1641, 1476, 1, 0, 0, 2, 1, 0, 2, 0]),
 (12, [527, 88, 0, 1, 1, 2009, 1666, 0, 1, 2, 2, 1, 2, 2, 2]),
 (12, [897, 66, 0, 0, 1, 1019, 1151, 0, 0, 2, 3, 1, 2, 1, 0]),
 (33, [998, 42, 0, 1, 0, 1641, 1476, 1, 0, 0, 2, 1, 0, 2, 0]),
 (12, [922, 107, 1, 0, 1, 1864, 1812, 1, 0, 1, 4, 1, 0, 1, 1]),
 (12, [527, 88, 0, 1, 1, 2009, 1666, 0, 1, 2, 2, 1, 2, 2, 2]),
 (12, [923, 17, 0, 1, 1, 1451, 594, 0, 1, 0, 2, 1, 1, 1, 2]),
 (12, [527, 88, 0, 1, 1, 2009, 1666, 0, 1, 2, 2, 1, 2, 2, 2])]
population
[(999, [1709, 110, 0, 1, 1, 1800, 1699, 0, 1, 3, 1, 0, 2, 2, 0]),
 (999, [1194, 37, 1, 0, 0, 802, 1334, 1, 1, 3, 4, 0, 2, 2, 2]),
 (999, [1098, 23, 1, 0, 1, 1278, 1200, 1, 0, 3, 4, 1, 2, 0, 0]),
 (999, [1040, 35, 1, 1, 0, 1621, 1674, 1, 0, 3, 5, 0, 2, 1, 2]),
 (999, [1033, 30, 1, 0, 0, 1560, 780, 0, 1, 3, 5, 0, 0, 0, 0]),
 (999, [749, 99, 0, 1, 0, 1248, 1362, 1, 0, 3, 4, 0, 1, 0, 0]),
 (999, [512, 108, 0, 0, 1, 995, 985, 0, 1, 3, 4, 1, 1, 2, 0]),
 (33, [1987, 71, 1, 1, 0, 828, 1020, 0, 0, 0, 3, 1, 1, 2, 1]),
 (33, [1956, 45, 1, 0, 0, 1609, 1308, 1, 1, 2, 0, 1, 1, 0, 0]),
 (33, [1890, 52, 0, 0, 0, 1254, 1042, 1, 0, 1, 3, 1, 0, 2, 1]),
 (33, [1539, 80, 0, 1, 0, 1675, 2030, 1, 1, 2, 1, 0, 2, 1, 0]),
 (33, [998, 42, 0, 1, 0, 1641, 1476, 1, 0, 0, 2, 1, 0, 2, 0]),
 (16, [1999, 65, 0, 1, 1, 1750, 1837, 0, 0, 2, 2, 1, 2, 2, 1]),
 (16, [1864, 46, 0, 1, 1, 1635, 706, 1, 1, 2, 1, 0, 2, 2, 1]),
 (16, [1762, 83, 0, 1, 0, 944, 2028, 1, 0, 0, 3, 1, 0, 0, 2]),
 (16, [1722, 24, 1, 0, 0, 749, 1789, 0, 1, 0, 2, 1, 2, 2, 0]),
 (16, [1358, 67, 0, 1, 0, 1025, 614, 0, 1, 0, 0, 1, 2, 1, 1]),
 (16, [1130, 61, 1, 0, 1, 1013, 528, 0, 1, 1, 2, 0, 0, 2, 2]),
 (16, [1028, 35, 1, 1, 1, 797, 1563, 1, 0, 0, 1, 1, 1, 0, 2]),
 (16, [940, 75, 0, 1, 0, 1755, 538, 0, 1, 1, 3, 1, 2, 0, 1]),
 (16, [873, 102, 0, 1, 0, 984, 698, 1, 1, 1, 2, 0, 1, 2, 2]),
 (16, [786, 77, 0, 0, 1, 1355, 1694, 0, 1, 0, 3, 1, 0, 2, 1]),
 (16, [782, 119, 1, 1, 0, 1966, 1700, 1, 1, 0, 1, 0, 0, 2, 0]),
 (16, [727, 22, 0, 0, 1, 693, 1203, 1, 0, 0, 1, 0, 2, 1, 1]),
 (12, [1572, 59, 0, 1, 0, 1019, 1699, 0, 1, 0, 2, 0, 0, 2, 1]),
 (12, [1233, 17, 1, 0, 1, 1945, 649, 0, 1, 2, 1, 0, 1, 0, 0]),
 (12, [925, 111, 0, 1, 1, 1171, 1133, 0, 1, 0, 4, 1, 0, 1, 0]),
 (12, [923, 17, 0, 1, 1, 1451, 594, 0, 1, 0, 2, 1, 1, 1, 2]),
 (12, [922, 107, 1, 0, 1, 1864, 1812, 1, 0, 1, 4, 1, 0, 1, 1]),
 (12, [897, 66, 0, 0, 1, 1019, 1151, 0, 0, 2, 3, 1, 2, 1, 0]),
 (12, [527, 88, 0, 1, 1, 2009, 1666, 0, 1, 2, 2, 1, 2, 2, 2]),
 (3, [1836, 50, 1, 0, 0, 1145, 525, 0, 0, 1, 0, 1, 0, 0, 1])]
scored
[(3, [1836, 50, 1, 0, 0, 1145, 525, 0, 0, 1, 0, 1, 0, 0, 1]),
 (12, [527, 88, 0, 1, 1, 2009, 1666, 0, 1, 2, 2, 1, 2, 2, 2]),
 (12, [897, 66, 0, 0, 1, 1019, 1151, 0, 0, 2, 3, 1, 2, 1, 0]),
 (12, [922, 107, 1, 0, 1, 1864, 1812, 1, 0, 1, 4, 1, 0, 1, 1]),
 (12, [923, 17, 0, 1, 1, 1451, 594, 0, 1, 0, 2, 1, 1, 1, 2]),
 (12, [925, 111, 0, 1, 1, 1171, 1133, 0, 1, 0, 4, 1, 0, 1, 0]),
 (12, [1233, 17, 1, 0, 1, 1945, 649, 0, 1, 2, 1, 0, 1, 0, 0]),
 (12, [1572, 59, 0, 1, 0, 1019, 1699, 0, 1, 0, 2, 0, 0, 2, 1]),
 (16, [727, 22, 0, 0, 1, 693, 1203, 1, 0, 0, 1, 0, 2, 1, 1]),
 (16, [782, 119, 1, 1, 0, 1966, 1700, 1, 1, 0, 1, 0, 0, 2, 0]),
 (16, [786, 77, 0, 0, 1, 1355, 1694, 0, 1, 0, 3, 1, 0, 2, 1]),
 (16, [873, 102, 0, 1, 0, 984, 698, 1, 1, 1, 2, 0, 1, 2, 2]),
 (16, [940, 75, 0, 1, 0, 1755, 538, 0, 1, 1, 3, 1, 2, 0, 1]),
 (16, [1028, 35, 1, 1, 1, 797, 1563, 1, 0, 0, 1, 1, 1, 0, 2]),
 (16, [1130, 61, 1, 0, 1, 1013, 528, 0, 1, 1, 2, 0, 0, 2, 2]),
 (16, [1358, 67, 0, 1, 0, 1025, 614, 0, 1, 0, 0, 1, 2, 1, 1]),
 (16, [1722, 24, 1, 0, 0, 749, 1789, 0, 1, 0, 2, 1, 2, 2, 0]),
 (16, [1762, 83, 0, 1, 0, 944, 2028, 1, 0, 0, 3, 1, 0, 0, 2]),
 (16, [1864, 46, 0, 1, 1, 1635, 706, 1, 1, 2, 1, 0, 2, 2, 1]),
 (16, [1999, 65, 0, 1, 1, 1750, 1837, 0, 0, 2, 2, 1, 2, 2, 1]),
 (33, [998, 42, 0, 1, 0, 1641, 1476, 1, 0, 0, 2, 1, 0, 2, 0]),
 (33, [1539, 80, 0, 1, 0, 1675, 2030, 1, 1, 2, 1, 0, 2, 1, 0]),
 (33, [1890, 52, 0, 0, 0, 1254, 1042, 1, 0, 1, 3, 1, 0, 2, 1]),
 (33, [1956, 45, 1, 0, 0, 1609, 1308, 1, 1, 2, 0, 1, 1, 0, 0]),
 (33, [1987, 71, 1, 1, 0, 828, 1020, 0, 0, 0, 3, 1, 1, 2, 1]),
 (999, [512, 108, 0, 0, 1, 995, 985, 0, 1, 3, 4, 1, 1, 2, 0]),
 (999, [749, 99, 0, 1, 0, 1248, 1362, 1, 0, 3, 4, 0, 1, 0, 0]),
 (999, [1033, 30, 1, 0, 0, 1560, 780, 0, 1, 3, 5, 0, 0, 0, 0]),
 (999, [1040, 35, 1, 1, 0, 1621, 1674, 1, 0, 3, 5, 0, 2, 1, 2]),
 (999, [1098, 23, 1, 0, 1, 1278, 1200, 1, 0, 3, 4, 1, 2, 0, 0]),
 (999, [1194, 37, 1, 0, 0, 802, 1334, 1, 1, 3, 4, 0, 2, 2, 2]),
 (999, [1709, 110, 0, 1, 1, 1800, 1699, 0, 1, 3, 1, 0, 2, 2, 0])]
Selected
[(12, [923, 17, 0, 1, 1, 1451, 594, 0, 1, 0, 2, 1, 1, 1, 2]),
 (3, [1836, 50, 1, 0, 0, 1145, 525, 0, 0, 1, 0, 1, 0, 0, 1]),
 (12, [922, 107, 1, 0, 1, 1864, 1812, 1, 0, 1, 4, 1, 0, 1, 1]),
 (12, [897, 66, 0, 0, 1, 1019, 1151, 0, 0, 2, 3, 1, 2, 1, 0]),
 (12, [897, 66, 0, 0, 1, 1019, 1151, 0, 0, 2, 3, 1, 2, 1, 0]),
 (12, [922, 107, 1, 0, 1, 1864, 1812, 1, 0, 1, 4, 1, 0, 1, 1]),
 (16, [873, 102, 0, 1, 0, 984, 698, 1, 1, 1, 2, 0, 1, 2, 2]),
 (12, [922, 107, 1, 0, 1, 1864, 1812, 1, 0, 1, 4, 1, 0, 1, 1]),
 (12, [922, 107, 1, 0, 1, 1864, 1812, 1, 0, 1, 4, 1, 0, 1, 1]),
 (3, [1836, 50, 1, 0, 0, 1145, 525, 0, 0, 1, 0, 1, 0, 0, 1]),
 (3, [1836, 50, 1, 0, 0, 1145, 525, 0, 0, 1, 0, 1, 0, 0, 1]),
 (3, [1836, 50, 1, 0, 0, 1145, 525, 0, 0, 1, 0, 1, 0, 0, 1]),
 (3, [1836, 50, 1, 0, 0, 1145, 525, 0, 0, 1, 0, 1, 0, 0, 1]),
 (16, [786, 77, 0, 0, 1, 1355, 1694, 0, 1, 0, 3, 1, 0, 2, 1]),
 (16, [786, 77, 0, 0, 1, 1355, 1694, 0, 1, 0, 3, 1, 0, 2, 1]),
 (12, [922, 107, 1, 0, 1, 1864, 1812, 1, 0, 1, 4, 1, 0, 1, 1]),
 (12, [897, 66, 0, 0, 1, 1019, 1151, 0, 0, 2, 3, 1, 2, 1, 0]),
 (3, [1836, 50, 1, 0, 0, 1145, 525, 0, 0, 1, 0, 1, 0, 0, 1]),
 (16, [786, 77, 0, 0, 1, 1355, 1694, 0, 1, 0, 3, 1, 0, 2, 1]),
 (12, [923, 17, 0, 1, 1, 1451, 594, 0, 1, 0, 2, 1, 1, 1, 2]),
 (12, [527, 88, 0, 1, 1, 2009, 1666, 0, 1, 2, 2, 1, 2, 2, 2]),
 (12, [527, 88, 0, 1, 1, 2009, 1666, 0, 1, 2, 2, 1, 2, 2, 2]),
 (12, [1233, 17, 1, 0, 1, 1945, 649, 0, 1, 2, 1, 0, 1, 0, 0]),
 (12, [897, 66, 0, 0, 1, 1019, 1151, 0, 0, 2, 3, 1, 2, 1, 0]),
 (12, [922, 107, 1, 0, 1, 1864, 1812, 1, 0, 1, 4, 1, 0, 1, 1]),
 (12, [1233, 17, 1, 0, 1, 1945, 649, 0, 1, 2, 1, 0, 1, 0, 0]),
 (12, [923, 17, 0, 1, 1, 1451, 594, 0, 1, 0, 2, 1, 1, 1, 2])]
population
[(999, [1709, 110, 0, 1, 1, 1800, 1699, 0, 1, 3, 1, 0, 2, 2, 0]),
 (999, [1194, 37, 1, 0, 0, 802, 1334, 1, 1, 3, 4, 0, 2, 2, 2]),
 (999, [1098, 23, 1, 0, 1, 1278, 1200, 1, 0, 3, 4, 1, 2, 0, 0]),
 (999, [1040, 35, 1, 1, 0, 1621, 1674, 1, 0, 3, 5, 0, 2, 1, 2]),
 (999, [1033, 30, 1, 0, 0, 1560, 780, 0, 1, 3, 5, 0, 0, 0, 0]),
 (999, [749, 99, 0, 1, 0, 1248, 1362, 1, 0, 3, 4, 0, 1, 0, 0]),
 (999, [512, 108, 0, 0, 1, 995, 985, 0, 1, 3, 4, 1, 1, 2, 0]),
 (33, [1987, 71, 1, 1, 0, 828, 1020, 0, 0, 0, 3, 1, 1, 2, 1]),
 (33, [1956, 45, 1, 0, 0, 1609, 1308, 1, 1, 2, 0, 1, 1, 0, 0]),
 (33, [1890, 52, 0, 0, 0, 1254, 1042, 1, 0, 1, 3, 1, 0, 2, 1]),
 (33, [1539, 80, 0, 1, 0, 1675, 2030, 1, 1, 2, 1, 0, 2, 1, 0]),
 (33, [998, 42, 0, 1, 0, 1641, 1476, 1, 0, 0, 2, 1, 0, 2, 0]),
 (16, [1999, 65, 0, 1, 1, 1750, 1837, 0, 0, 2, 2, 1, 2, 2, 1]),
 (16, [1864, 46, 0, 1, 1, 1635, 706, 1, 1, 2, 1, 0, 2, 2, 1]),
 (16, [1762, 83, 0, 1, 0, 944, 2028, 1, 0, 0, 3, 1, 0, 0, 2]),
 (16, [1722, 24, 1, 0, 0, 749, 1789, 0, 1, 0, 2, 1, 2, 2, 0]),
 (16, [1358, 67, 0, 1, 0, 1025, 614, 0, 1, 0, 0, 1, 2, 1, 1]),
 (16, [1130, 61, 1, 0, 1, 1013, 528, 0, 1, 1, 2, 0, 0, 2, 2]),
 (16, [1028, 35, 1, 1, 1, 797, 1563, 1, 0, 0, 1, 1, 1, 0, 2]),
 (16, [940, 75, 0, 1, 0, 1755, 538, 0, 1, 1, 3, 1, 2, 0, 1]),
 (16, [873, 102, 0, 1, 0, 984, 698, 1, 1, 1, 2, 0, 1, 2, 2]),
 (16, [786, 77, 0, 0, 1, 1355, 1694, 0, 1, 0, 3, 1, 0, 2, 1]),
 (16, [782, 119, 1, 1, 0, 1966, 1700, 1, 1, 0, 1, 0, 0, 2, 0]),
 (16, [727, 22, 0, 0, 1, 693, 1203, 1, 0, 0, 1, 0, 2, 1, 1]),
 (12, [1572, 59, 0, 1, 0, 1019, 1699, 0, 1, 0, 2, 0, 0, 2, 1]),
 (12, [1233, 17, 1, 0, 1, 1945, 649, 0, 1, 2, 1, 0, 1, 0, 0]),
 (12, [925, 111, 0, 1, 1, 1171, 1133, 0, 1, 0, 4, 1, 0, 1, 0]),
 (12, [923, 17, 0, 1, 1, 1451, 594, 0, 1, 0, 2, 1, 1, 1, 2]),
 (12, [922, 107, 1, 0, 1, 1864, 1812, 1, 0, 1, 4, 1, 0, 1, 1]),
 (12, [897, 66, 0, 0, 1, 1019, 1151, 0, 0, 2, 3, 1, 2, 1, 0]),
 (12, [527, 88, 0, 1, 1, 2009, 1666, 0, 1, 2, 2, 1, 2, 2, 2]),
 (3, [1836, 50, 1, 0, 0, 1145, 525, 0, 0, 1, 0, 1, 0, 0, 1])]
scored
[(3, [1836, 50, 1, 0, 0, 1145, 525, 0, 0, 1, 0, 1, 0, 0, 1]),
 (12, [527, 88, 0, 1, 1, 2009, 1666, 0, 1, 2, 2, 1, 2, 2, 2]),
 (12, [897, 66, 0, 0, 1, 1019, 1151, 0, 0, 2, 3, 1, 2, 1, 0]),
 (12, [922, 107, 1, 0, 1, 1864, 1812, 1, 0, 1, 4, 1, 0, 1, 1]),
 (12, [923, 17, 0, 1, 1, 1451, 594, 0, 1, 0, 2, 1, 1, 1, 2]),
 (12, [925, 111, 0, 1, 1, 1171, 1133, 0, 1, 0, 4, 1, 0, 1, 0]),
 (12, [1233, 17, 1, 0, 1, 1945, 649, 0, 1, 2, 1, 0, 1, 0, 0]),
 (12, [1572, 59, 0, 1, 0, 1019, 1699, 0, 1, 0, 2, 0, 0, 2, 1]),
 (16, [727, 22, 0, 0, 1, 693, 1203, 1, 0, 0, 1, 0, 2, 1, 1]),
 (16, [782, 119, 1, 1, 0, 1966, 1700, 1, 1, 0, 1, 0, 0, 2, 0]),
 (16, [786, 77, 0, 0, 1, 1355, 1694, 0, 1, 0, 3, 1, 0, 2, 1]),
 (16, [873, 102, 0, 1, 0, 984, 698, 1, 1, 1, 2, 0, 1, 2, 2]),
 (16, [940, 75, 0, 1, 0, 1755, 538, 0, 1, 1, 3, 1, 2, 0, 1]),
 (16, [1028, 35, 1, 1, 1, 797, 1563, 1, 0, 0, 1, 1, 1, 0, 2]),
 (16, [1130, 61, 1, 0, 1, 1013, 528, 0, 1, 1, 2, 0, 0, 2, 2]),
 (16, [1358, 67, 0, 1, 0, 1025, 614, 0, 1, 0, 0, 1, 2, 1, 1]),
 (16, [1722, 24, 1, 0, 0, 749, 1789, 0, 1, 0, 2, 1, 2, 2, 0]),
 (16, [1762, 83, 0, 1, 0, 944, 2028, 1, 0, 0, 3, 1, 0, 0, 2]),
 (16, [1864, 46, 0, 1, 1, 1635, 706, 1, 1, 2, 1, 0, 2, 2, 1]),
 (16, [1999, 65, 0, 1, 1, 1750, 1837, 0, 0, 2, 2, 1, 2, 2, 1]),
 (33, [998, 42, 0, 1, 0, 1641, 1476, 1, 0, 0, 2, 1, 0, 2, 0]),
 (33, [1539, 80, 0, 1, 0, 1675, 2030, 1, 1, 2, 1, 0, 2, 1, 0]),
 (33, [1890, 52, 0, 0, 0, 1254, 1042, 1, 0, 1, 3, 1, 0, 2, 1]),
 (33, [1956, 45, 1, 0, 0, 1609, 1308, 1, 1, 2, 0, 1, 1, 0, 0]),
 (33, [1987, 71, 1, 1, 0, 828, 1020, 0, 0, 0, 3, 1, 1, 2, 1]),
 (999, [512, 108, 0, 0, 1, 995, 985, 0, 1, 3, 4, 1, 1, 2, 0]),
 (999, [749, 99, 0, 1, 0, 1248, 1362, 1, 0, 3, 4, 0, 1, 0, 0]),
 (999, [1033, 30, 1, 0, 0, 1560, 780, 0, 1, 3, 5, 0, 0, 0, 0]),
 (999, [1040, 35, 1, 1, 0, 1621, 1674, 1, 0, 3, 5, 0, 2, 1, 2]),
 (999, [1098, 23, 1, 0, 1, 1278, 1200, 1, 0, 3, 4, 1, 2, 0, 0]),
 (999, [1194, 37, 1, 0, 0, 802, 1334, 1, 1, 3, 4, 0, 2, 2, 2]),
 (999, [1709, 110, 0, 1, 1, 1800, 1699, 0, 1, 3, 1, 0, 2, 2, 0])]
Selected
[(3, [1836, 50, 1, 0, 0, 1145, 525, 0, 0, 1, 0, 1, 0, 0, 1]),
 (12, [922, 107, 1, 0, 1, 1864, 1812, 1, 0, 1, 4, 1, 0, 1, 1]),
 (12, [527, 88, 0, 1, 1, 2009, 1666, 0, 1, 2, 2, 1, 2, 2, 2]),
 (12, [897, 66, 0, 0, 1, 1019, 1151, 0, 0, 2, 3, 1, 2, 1, 0]),
 (16, [782, 119, 1, 1, 0, 1966, 1700, 1, 1, 0, 1, 0, 0, 2, 0]),
 (12, [923, 17, 0, 1, 1, 1451, 594, 0, 1, 0, 2, 1, 1, 1, 2]),
 (16, [1358, 67, 0, 1, 0, 1025, 614, 0, 1, 0, 0, 1, 2, 1, 1]),
 (3, [1836, 50, 1, 0, 0, 1145, 525, 0, 0, 1, 0, 1, 0, 0, 1]),
 (12, [925, 111, 0, 1, 1, 1171, 1133, 0, 1, 0, 4, 1, 0, 1, 0]),
 (12, [922, 107, 1, 0, 1, 1864, 1812, 1, 0, 1, 4, 1, 0, 1, 1]),
 (16, [1130, 61, 1, 0, 1, 1013, 528, 0, 1, 1, 2, 0, 0, 2, 2]),
 (16, [782, 119, 1, 1, 0, 1966, 1700, 1, 1, 0, 1, 0, 0, 2, 0]),
 (12, [1572, 59, 0, 1, 0, 1019, 1699, 0, 1, 0, 2, 0, 0, 2, 1]),
 (12, [527, 88, 0, 1, 1, 2009, 1666, 0, 1, 2, 2, 1, 2, 2, 2]),
 (12, [922, 107, 1, 0, 1, 1864, 1812, 1, 0, 1, 4, 1, 0, 1, 1]),
 (12, [925, 111, 0, 1, 1, 1171, 1133, 0, 1, 0, 4, 1, 0, 1, 0]),
 (12, [897, 66, 0, 0, 1, 1019, 1151, 0, 0, 2, 3, 1, 2, 1, 0]),
 (3, [1836, 50, 1, 0, 0, 1145, 525, 0, 0, 1, 0, 1, 0, 0, 1]),
 (16, [1028, 35, 1, 1, 1, 797, 1563, 1, 0, 0, 1, 1, 1, 0, 2]),
 (3, [1836, 50, 1, 0, 0, 1145, 525, 0, 0, 1, 0, 1, 0, 0, 1]),
 (12, [923, 17, 0, 1, 1, 1451, 594, 0, 1, 0, 2, 1, 1, 1, 2]),
 (12, [923, 17, 0, 1, 1, 1451, 594, 0, 1, 0, 2, 1, 1, 1, 2]),
 (16, [786, 77, 0, 0, 1, 1355, 1694, 0, 1, 0, 3, 1, 0, 2, 1]),
 (12, [922, 107, 1, 0, 1, 1864, 1812, 1, 0, 1, 4, 1, 0, 1, 1]),
 (16, [873, 102, 0, 1, 0, 984, 698, 1, 1, 1, 2, 0, 1, 2, 2]),
 (12, [1572, 59, 0, 1, 0, 1019, 1699, 0, 1, 0, 2, 0, 0, 2, 1]),
 (12, [925, 111, 0, 1, 1, 1171, 1133, 0, 1, 0, 4, 1, 0, 1, 0])]
population
[(999, [1709, 110, 0, 1, 1, 1800, 1699, 0, 1, 3, 1, 0, 2, 2, 0]),
 (999, [1194, 37, 1, 0, 0, 802, 1334, 1, 1, 3, 4, 0, 2, 2, 2]),
 (999, [1098, 23, 1, 0, 1, 1278, 1200, 1, 0, 3, 4, 1, 2, 0, 0]),
 (999, [1040, 35, 1, 1, 0, 1621, 1674, 1, 0, 3, 5, 0, 2, 1, 2]),
 (999, [1033, 30, 1, 0, 0, 1560, 780, 0, 1, 3, 5, 0, 0, 0, 0]),
 (999, [749, 99, 0, 1, 0, 1248, 1362, 1, 0, 3, 4, 0, 1, 0, 0]),
 (999, [512, 108, 0, 0, 1, 995, 985, 0, 1, 3, 4, 1, 1, 2, 0]),
 (33, [1987, 71, 1, 1, 0, 828, 1020, 0, 0, 0, 3, 1, 1, 2, 1]),
 (33, [1956, 45, 1, 0, 0, 1609, 1308, 1, 1, 2, 0, 1, 1, 0, 0]),
 (33, [1890, 52, 0, 0, 0, 1254, 1042, 1, 0, 1, 3, 1, 0, 2, 1]),
 (33, [1539, 80, 0, 1, 0, 1675, 2030, 1, 1, 2, 1, 0, 2, 1, 0]),
 (33, [998, 42, 0, 1, 0, 1641, 1476, 1, 0, 0, 2, 1, 0, 2, 0]),
 (16, [1999, 65, 0, 1, 1, 1750, 1837, 0, 0, 2, 2, 1, 2, 2, 1]),
 (16, [1864, 46, 0, 1, 1, 1635, 706, 1, 1, 2, 1, 0, 2, 2, 1]),
 (16, [1762, 83, 0, 1, 0, 944, 2028, 1, 0, 0, 3, 1, 0, 0, 2]),
 (16, [1722, 24, 1, 0, 0, 749, 1789, 0, 1, 0, 2, 1, 2, 2, 0]),
 (16, [1358, 67, 0, 1, 0, 1025, 614, 0, 1, 0, 0, 1, 2, 1, 1]),
 (16, [1130, 61, 1, 0, 1, 1013, 528, 0, 1, 1, 2, 0, 0, 2, 2]),
 (16, [1028, 35, 1, 1, 1, 797, 1563, 1, 0, 0, 1, 1, 1, 0, 2]),
 (16, [940, 75, 0, 1, 0, 1755, 538, 0, 1, 1, 3, 1, 2, 0, 1]),
 (16, [873, 102, 0, 1, 0, 984, 698, 1, 1, 1, 2, 0, 1, 2, 2]),
 (16, [786, 77, 0, 0, 1, 1355, 1694, 0, 1, 0, 3, 1, 0, 2, 1]),
 (16, [782, 119, 1, 1, 0, 1966, 1700, 1, 1, 0, 1, 0, 0, 2, 0]),
 (16, [727, 22, 0, 0, 1, 693, 1203, 1, 0, 0, 1, 0, 2, 1, 1]),
 (12, [1572, 59, 0, 1, 0, 1019, 1699, 0, 1, 0, 2, 0, 0, 2, 1]),
 (12, [1233, 17, 1, 0, 1, 1945, 649, 0, 1, 2, 1, 0, 1, 0, 0]),
 (12, [925, 111, 0, 1, 1, 1171, 1133, 0, 1, 0, 4, 1, 0, 1, 0]),
 (12, [923, 17, 0, 1, 1, 1451, 594, 0, 1, 0, 2, 1, 1, 1, 2]),
 (12, [922, 107, 1, 0, 1, 1864, 1812, 1, 0, 1, 4, 1, 0, 1, 1]),
 (12, [897, 66, 0, 0, 1, 1019, 1151, 0, 0, 2, 3, 1, 2, 1, 0]),
 (12, [527, 88, 0, 1, 1, 2009, 1666, 0, 1, 2, 2, 1, 2, 2, 2]),
 (3, [1836, 50, 1, 0, 0, 1145, 525, 0, 0, 1, 0, 1, 0, 0, 1])]
scored
[(3, [1836, 50, 1, 0, 0, 1145, 525, 0, 0, 1, 0, 1, 0, 0, 1]),
 (12, [527, 88, 0, 1, 1, 2009, 1666, 0, 1, 2, 2, 1, 2, 2, 2]),
 (12, [897, 66, 0, 0, 1, 1019, 1151, 0, 0, 2, 3, 1, 2, 1, 0]),
 (12, [922, 107, 1, 0, 1, 1864, 1812, 1, 0, 1, 4, 1, 0, 1, 1]),
 (12, [923, 17, 0, 1, 1, 1451, 594, 0, 1, 0, 2, 1, 1, 1, 2]),
 (12, [925, 111, 0, 1, 1, 1171, 1133, 0, 1, 0, 4, 1, 0, 1, 0]),
 (12, [1233, 17, 1, 0, 1, 1945, 649, 0, 1, 2, 1, 0, 1, 0, 0]),
 (12, [1572, 59, 0, 1, 0, 1019, 1699, 0, 1, 0, 2, 0, 0, 2, 1]),
 (16, [727, 22, 0, 0, 1, 693, 1203, 1, 0, 0, 1, 0, 2, 1, 1]),
 (16, [782, 119, 1, 1, 0, 1966, 1700, 1, 1, 0, 1, 0, 0, 2, 0]),
 (16, [786, 77, 0, 0, 1, 1355, 1694, 0, 1, 0, 3, 1, 0, 2, 1]),
 (16, [873, 102, 0, 1, 0, 984, 698, 1, 1, 1, 2, 0, 1, 2, 2]),
 (16, [940, 75, 0, 1, 0, 1755, 538, 0, 1, 1, 3, 1, 2, 0, 1]),
 (16, [1028, 35, 1, 1, 1, 797, 1563, 1, 0, 0, 1, 1, 1, 0, 2]),
 (16, [1130, 61, 1, 0, 1, 1013, 528, 0, 1, 1, 2, 0, 0, 2, 2]),
 (16, [1358, 67, 0, 1, 0, 1025, 614, 0, 1, 0, 0, 1, 2, 1, 1]),
 (16, [1722, 24, 1, 0, 0, 749, 1789, 0, 1, 0, 2, 1, 2, 2, 0]),
 (16, [1762, 83, 0, 1, 0, 944, 2028, 1, 0, 0, 3, 1, 0, 0, 2]),
 (16, [1864, 46, 0, 1, 1, 1635, 706, 1, 1, 2, 1, 0, 2, 2, 1]),
 (16, [1999, 65, 0, 1, 1, 1750, 1837, 0, 0, 2, 2, 1, 2, 2, 1]),
 (33, [998, 42, 0, 1, 0, 1641, 1476, 1, 0, 0, 2, 1, 0, 2, 0]),
 (33, [1539, 80, 0, 1, 0, 1675, 2030, 1, 1, 2, 1, 0, 2, 1, 0]),
 (33, [1890, 52, 0, 0, 0, 1254, 1042, 1, 0, 1, 3, 1, 0, 2, 1]),
 (33, [1956, 45, 1, 0, 0, 1609, 1308, 1, 1, 2, 0, 1, 1, 0, 0]),
 (33, [1987, 71, 1, 1, 0, 828, 1020, 0, 0, 0, 3, 1, 1, 2, 1]),
 (999, [512, 108, 0, 0, 1, 995, 985, 0, 1, 3, 4, 1, 1, 2, 0]),
 (999, [749, 99, 0, 1, 0, 1248, 1362, 1, 0, 3, 4, 0, 1, 0, 0]),
 (999, [1033, 30, 1, 0, 0, 1560, 780, 0, 1, 3, 5, 0, 0, 0, 0]),
 (999, [1040, 35, 1, 1, 0, 1621, 1674, 1, 0, 3, 5, 0, 2, 1, 2]),
 (999, [1098, 23, 1, 0, 1, 1278, 1200, 1, 0, 3, 4, 1, 2, 0, 0]),
 (999, [1194, 37, 1, 0, 0, 802, 1334, 1, 1, 3, 4, 0, 2, 2, 2]),
 (999, [1709, 110, 0, 1, 1, 1800, 1699, 0, 1, 3, 1, 0, 2, 2, 0])]
Selected
[(16, [727, 22, 0, 0, 1, 693, 1203, 1, 0, 0, 1, 0, 2, 1, 1]),
 (16, [782, 119, 1, 1, 0, 1966, 1700, 1, 1, 0, 1, 0, 0, 2, 0]),
 (12, [897, 66, 0, 0, 1, 1019, 1151, 0, 0, 2, 3, 1, 2, 1, 0]),
 (33, [1956, 45, 1, 0, 0, 1609, 1308, 1, 1, 2, 0, 1, 1, 0, 0]),
 (12, [1233, 17, 1, 0, 1, 1945, 649, 0, 1, 2, 1, 0, 1, 0, 0]),
 (16, [782, 119, 1, 1, 0, 1966, 1700, 1, 1, 0, 1, 0, 0, 2, 0]),
 (12, [923, 17, 0, 1, 1, 1451, 594, 0, 1, 0, 2, 1, 1, 1, 2]),
 (12, [923, 17, 0, 1, 1, 1451, 594, 0, 1, 0, 2, 1, 1, 1, 2]),
 (16, [782, 119, 1, 1, 0, 1966, 1700, 1, 1, 0, 1, 0, 0, 2, 0]),
 (12, [923, 17, 0, 1, 1, 1451, 594, 0, 1, 0, 2, 1, 1, 1, 2]),
 (3, [1836, 50, 1, 0, 0, 1145, 525, 0, 0, 1, 0, 1, 0, 0, 1]),
 (12, [1572, 59, 0, 1, 0, 1019, 1699, 0, 1, 0, 2, 0, 0, 2, 1]),
 (12, [897, 66, 0, 0, 1, 1019, 1151, 0, 0, 2, 3, 1, 2, 1, 0]),
 (12, [923, 17, 0, 1, 1, 1451, 594, 0, 1, 0, 2, 1, 1, 1, 2]),
 (16, [782, 119, 1, 1, 0, 1966, 1700, 1, 1, 0, 1, 0, 0, 2, 0]),
 (12, [925, 111, 0, 1, 1, 1171, 1133, 0, 1, 0, 4, 1, 0, 1, 0]),
 (16, [786, 77, 0, 0, 1, 1355, 1694, 0, 1, 0, 3, 1, 0, 2, 1]),
 (12, [527, 88, 0, 1, 1, 2009, 1666, 0, 1, 2, 2, 1, 2, 2, 2]),
 (12, [527, 88, 0, 1, 1, 2009, 1666, 0, 1, 2, 2, 1, 2, 2, 2]),
 (12, [923, 17, 0, 1, 1, 1451, 594, 0, 1, 0, 2, 1, 1, 1, 2]),
 (16, [1864, 46, 0, 1, 1, 1635, 706, 1, 1, 2, 1, 0, 2, 2, 1]),
 (12, [925, 111, 0, 1, 1, 1171, 1133, 0, 1, 0, 4, 1, 0, 1, 0]),
 (3, [1836, 50, 1, 0, 0, 1145, 525, 0, 0, 1, 0, 1, 0, 0, 1]),
 (16, [786, 77, 0, 0, 1, 1355, 1694, 0, 1, 0, 3, 1, 0, 2, 1]),
 (3, [1836, 50, 1, 0, 0, 1145, 525, 0, 0, 1, 0, 1, 0, 0, 1]),
 (12, [527, 88, 0, 1, 1, 2009, 1666, 0, 1, 2, 2, 1, 2, 2, 2]),
 (3, [1836, 50, 1, 0, 0, 1145, 525, 0, 0, 1, 0, 1, 0, 0, 1])]
population
[(999, [1709, 110, 0, 1, 1, 1800, 1699, 0, 1, 3, 1, 0, 2, 2, 0]),
 (999, [1194, 37, 1, 0, 0, 802, 1334, 1, 1, 3, 4, 0, 2, 2, 2]),
 (999, [1098, 23, 1, 0, 1, 1278, 1200, 1, 0, 3, 4, 1, 2, 0, 0]),
 (999, [1040, 35, 1, 1, 0, 1621, 1674, 1, 0, 3, 5, 0, 2, 1, 2]),
 (999, [1033, 30, 1, 0, 0, 1560, 780, 0, 1, 3, 5, 0, 0, 0, 0]),
 (999, [749, 99, 0, 1, 0, 1248, 1362, 1, 0, 3, 4, 0, 1, 0, 0]),
 (999, [512, 108, 0, 0, 1, 995, 985, 0, 1, 3, 4, 1, 1, 2, 0]),
 (33, [1987, 71, 1, 1, 0, 828, 1020, 0, 0, 0, 3, 1, 1, 2, 1]),
 (33, [1956, 45, 1, 0, 0, 1609, 1308, 1, 1, 2, 0, 1, 1, 0, 0]),
 (33, [1890, 52, 0, 0, 0, 1254, 1042, 1, 0, 1, 3, 1, 0, 2, 1]),
 (33, [1539, 80, 0, 1, 0, 1675, 2030, 1, 1, 2, 1, 0, 2, 1, 0]),
 (33, [998, 42, 0, 1, 0, 1641, 1476, 1, 0, 0, 2, 1, 0, 2, 0]),
 (16, [1999, 65, 0, 1, 1, 1750, 1837, 0, 0, 2, 2, 1, 2, 2, 1]),
 (16, [1864, 46, 0, 1, 1, 1635, 706, 1, 1, 2, 1, 0, 2, 2, 1]),
 (16, [1762, 83, 0, 1, 0, 944, 2028, 1, 0, 0, 3, 1, 0, 0, 2]),
 (16, [1722, 24, 1, 0, 0, 749, 1789, 0, 1, 0, 2, 1, 2, 2, 0]),
 (16, [1358, 67, 0, 1, 0, 1025, 614, 0, 1, 0, 0, 1, 2, 1, 1]),
 (16, [1130, 61, 1, 0, 1, 1013, 528, 0, 1, 1, 2, 0, 0, 2, 2]),
 (16, [1028, 35, 1, 1, 1, 797, 1563, 1, 0, 0, 1, 1, 1, 0, 2]),
 (16, [940, 75, 0, 1, 0, 1755, 538, 0, 1, 1, 3, 1, 2, 0, 1]),
 (16, [873, 102, 0, 1, 0, 984, 698, 1, 1, 1, 2, 0, 1, 2, 2]),
 (16, [786, 77, 0, 0, 1, 1355, 1694, 0, 1, 0, 3, 1, 0, 2, 1]),
 (16, [782, 119, 1, 1, 0, 1966, 1700, 1, 1, 0, 1, 0, 0, 2, 0]),
 (16, [727, 22, 0, 0, 1, 693, 1203, 1, 0, 0, 1, 0, 2, 1, 1]),
 (12, [1572, 59, 0, 1, 0, 1019, 1699, 0, 1, 0, 2, 0, 0, 2, 1]),
 (12, [1233, 17, 1, 0, 1, 1945, 649, 0, 1, 2, 1, 0, 1, 0, 0]),
 (12, [925, 111, 0, 1, 1, 1171, 1133, 0, 1, 0, 4, 1, 0, 1, 0]),
 (12, [923, 17, 0, 1, 1, 1451, 594, 0, 1, 0, 2, 1, 1, 1, 2]),
 (12, [922, 107, 1, 0, 1, 1864, 1812, 1, 0, 1, 4, 1, 0, 1, 1]),
 (12, [897, 66, 0, 0, 1, 1019, 1151, 0, 0, 2, 3, 1, 2, 1, 0]),
 (12, [527, 88, 0, 1, 1, 2009, 1666, 0, 1, 2, 2, 1, 2, 2, 2]),
 (3, [1836, 50, 1, 0, 0, 1145, 525, 0, 0, 1, 0, 1, 0, 0, 1])]
scored
[(3, [1836, 50, 1, 0, 0, 1145, 525, 0, 0, 1, 0, 1, 0, 0, 1]),
 (12, [527, 88, 0, 1, 1, 2009, 1666, 0, 1, 2, 2, 1, 2, 2, 2]),
 (12, [897, 66, 0, 0, 1, 1019, 1151, 0, 0, 2, 3, 1, 2, 1, 0]),
 (12, [922, 107, 1, 0, 1, 1864, 1812, 1, 0, 1, 4, 1, 0, 1, 1]),
 (12, [923, 17, 0, 1, 1, 1451, 594, 0, 1, 0, 2, 1, 1, 1, 2]),
 (12, [925, 111, 0, 1, 1, 1171, 1133, 0, 1, 0, 4, 1, 0, 1, 0]),
 (12, [1233, 17, 1, 0, 1, 1945, 649, 0, 1, 2, 1, 0, 1, 0, 0]),
 (12, [1572, 59, 0, 1, 0, 1019, 1699, 0, 1, 0, 2, 0, 0, 2, 1]),
 (16, [727, 22, 0, 0, 1, 693, 1203, 1, 0, 0, 1, 0, 2, 1, 1]),
 (16, [782, 119, 1, 1, 0, 1966, 1700, 1, 1, 0, 1, 0, 0, 2, 0]),
 (16, [786, 77, 0, 0, 1, 1355, 1694, 0, 1, 0, 3, 1, 0, 2, 1]),
 (16, [873, 102, 0, 1, 0, 984, 698, 1, 1, 1, 2, 0, 1, 2, 2]),
 (16, [940, 75, 0, 1, 0, 1755, 538, 0, 1, 1, 3, 1, 2, 0, 1]),
 (16, [1028, 35, 1, 1, 1, 797, 1563, 1, 0, 0, 1, 1, 1, 0, 2]),
 (16, [1130, 61, 1, 0, 1, 1013, 528, 0, 1, 1, 2, 0, 0, 2, 2]),
 (16, [1358, 67, 0, 1, 0, 1025, 614, 0, 1, 0, 0, 1, 2, 1, 1]),
 (16, [1722, 24, 1, 0, 0, 749, 1789, 0, 1, 0, 2, 1, 2, 2, 0]),
 (16, [1762, 83, 0, 1, 0, 944, 2028, 1, 0, 0, 3, 1, 0, 0, 2]),
 (16, [1864, 46, 0, 1, 1, 1635, 706, 1, 1, 2, 1, 0, 2, 2, 1]),
 (16, [1999, 65, 0, 1, 1, 1750, 1837, 0, 0, 2, 2, 1, 2, 2, 1]),
 (33, [998, 42, 0, 1, 0, 1641, 1476, 1, 0, 0, 2, 1, 0, 2, 0]),
 (33, [1539, 80, 0, 1, 0, 1675, 2030, 1, 1, 2, 1, 0, 2, 1, 0]),
 (33, [1890, 52, 0, 0, 0, 1254, 1042, 1, 0, 1, 3, 1, 0, 2, 1]),
 (33, [1956, 45, 1, 0, 0, 1609, 1308, 1, 1, 2, 0, 1, 1, 0, 0]),
 (33, [1987, 71, 1, 1, 0, 828, 1020, 0, 0, 0, 3, 1, 1, 2, 1]),
 (999, [512, 108, 0, 0, 1, 995, 985, 0, 1, 3, 4, 1, 1, 2, 0]),
 (999, [749, 99, 0, 1, 0, 1248, 1362, 1, 0, 3, 4, 0, 1, 0, 0]),
 (999, [1033, 30, 1, 0, 0, 1560, 780, 0, 1, 3, 5, 0, 0, 0, 0]),
 (999, [1040, 35, 1, 1, 0, 1621, 1674, 1, 0, 3, 5, 0, 2, 1, 2]),
 (999, [1098, 23, 1, 0, 1, 1278, 1200, 1, 0, 3, 4, 1, 2, 0, 0]),
 (999, [1194, 37, 1, 0, 0, 802, 1334, 1, 1, 3, 4, 0, 2, 2, 2]),
 (999, [1709, 110, 0, 1, 1, 1800, 1699, 0, 1, 3, 1, 0, 2, 2, 0])]
Selected
[(12, [527, 88, 0, 1, 1, 2009, 1666, 0, 1, 2, 2, 1, 2, 2, 2]),
 (16, [782, 119, 1, 1, 0, 1966, 1700, 1, 1, 0, 1, 0, 0, 2, 0]),
 (12, [897, 66, 0, 0, 1, 1019, 1151, 0, 0, 2, 3, 1, 2, 1, 0]),
 (12, [922, 107, 1, 0, 1, 1864, 1812, 1, 0, 1, 4, 1, 0, 1, 1]),
 (3, [1836, 50, 1, 0, 0, 1145, 525, 0, 0, 1, 0, 1, 0, 0, 1]),
 (12, [1233, 17, 1, 0, 1, 1945, 649, 0, 1, 2, 1, 0, 1, 0, 0]),
 (12, [1233, 17, 1, 0, 1, 1945, 649, 0, 1, 2, 1, 0, 1, 0, 0]),
 (16, [873, 102, 0, 1, 0, 984, 698, 1, 1, 1, 2, 0, 1, 2, 2]),
 (12, [1572, 59, 0, 1, 0, 1019, 1699, 0, 1, 0, 2, 0, 0, 2, 1]),
 (16, [873, 102, 0, 1, 0, 984, 698, 1, 1, 1, 2, 0, 1, 2, 2]),
 (3, [1836, 50, 1, 0, 0, 1145, 525, 0, 0, 1, 0, 1, 0, 0, 1]),
 (16, [1999, 65, 0, 1, 1, 1750, 1837, 0, 0, 2, 2, 1, 2, 2, 1]),
 (16, [727, 22, 0, 0, 1, 693, 1203, 1, 0, 0, 1, 0, 2, 1, 1]),
 (12, [897, 66, 0, 0, 1, 1019, 1151, 0, 0, 2, 3, 1, 2, 1, 0]),
 (12, [923, 17, 0, 1, 1, 1451, 594, 0, 1, 0, 2, 1, 1, 1, 2]),
 (12, [922, 107, 1, 0, 1, 1864, 1812, 1, 0, 1, 4, 1, 0, 1, 1]),
 (12, [527, 88, 0, 1, 1, 2009, 1666, 0, 1, 2, 2, 1, 2, 2, 2]),
 (16, [1358, 67, 0, 1, 0, 1025, 614, 0, 1, 0, 0, 1, 2, 1, 1]),
 (12, [923, 17, 0, 1, 1, 1451, 594, 0, 1, 0, 2, 1, 1, 1, 2]),
 (12, [922, 107, 1, 0, 1, 1864, 1812, 1, 0, 1, 4, 1, 0, 1, 1]),
 (12, [1572, 59, 0, 1, 0, 1019, 1699, 0, 1, 0, 2, 0, 0, 2, 1]),
 (16, [727, 22, 0, 0, 1, 693, 1203, 1, 0, 0, 1, 0, 2, 1, 1]),
 (3, [1836, 50, 1, 0, 0, 1145, 525, 0, 0, 1, 0, 1, 0, 0, 1]),
 (3, [1836, 50, 1, 0, 0, 1145, 525, 0, 0, 1, 0, 1, 0, 0, 1]),
 (16, [782, 119, 1, 1, 0, 1966, 1700, 1, 1, 0, 1, 0, 0, 2, 0]),
 (12, [922, 107, 1, 0, 1, 1864, 1812, 1, 0, 1, 4, 1, 0, 1, 1]),
 (12, [897, 66, 0, 0, 1, 1019, 1151, 0, 0, 2, 3, 1, 2, 1, 0])]
population
[(999, [1709, 110, 0, 1, 1, 1800, 1699, 0, 1, 3, 1, 0, 2, 2, 0]),
 (999, [1194, 37, 1, 0, 0, 802, 1334, 1, 1, 3, 4, 0, 2, 2, 2]),
 (999, [1098, 23, 1, 0, 1, 1278, 1200, 1, 0, 3, 4, 1, 2, 0, 0]),
 (999, [1040, 35, 1, 1, 0, 1621, 1674, 1, 0, 3, 5, 0, 2, 1, 2]),
 (999, [1033, 30, 1, 0, 0, 1560, 780, 0, 1, 3, 5, 0, 0, 0, 0]),
 (999, [749, 99, 0, 1, 0, 1248, 1362, 1, 0, 3, 4, 0, 1, 0, 0]),
 (999, [512, 108, 0, 0, 1, 995, 985, 0, 1, 3, 4, 1, 1, 2, 0]),
 (33, [1987, 71, 1, 1, 0, 828, 1020, 0, 0, 0, 3, 1, 1, 2, 1]),
 (33, [1956, 45, 1, 0, 0, 1609, 1308, 1, 1, 2, 0, 1, 1, 0, 0]),
 (33, [1890, 52, 0, 0, 0, 1254, 1042, 1, 0, 1, 3, 1, 0, 2, 1]),
 (33, [1539, 80, 0, 1, 0, 1675, 2030, 1, 1, 2, 1, 0, 2, 1, 0]),
 (33, [998, 42, 0, 1, 0, 1641, 1476, 1, 0, 0, 2, 1, 0, 2, 0]),
 (16, [1999, 65, 0, 1, 1, 1750, 1837, 0, 0, 2, 2, 1, 2, 2, 1]),
 (16, [1864, 46, 0, 1, 1, 1635, 706, 1, 1, 2, 1, 0, 2, 2, 1]),
 (16, [1762, 83, 0, 1, 0, 944, 2028, 1, 0, 0, 3, 1, 0, 0, 2]),
 (16, [1722, 24, 1, 0, 0, 749, 1789, 0, 1, 0, 2, 1, 2, 2, 0]),
 (16, [1358, 67, 0, 1, 0, 1025, 614, 0, 1, 0, 0, 1, 2, 1, 1]),
 (16, [1130, 61, 1, 0, 1, 1013, 528, 0, 1, 1, 2, 0, 0, 2, 2]),
 (16, [1028, 35, 1, 1, 1, 797, 1563, 1, 0, 0, 1, 1, 1, 0, 2]),
 (16, [940, 75, 0, 1, 0, 1755, 538, 0, 1, 1, 3, 1, 2, 0, 1]),
 (16, [873, 102, 0, 1, 0, 984, 698, 1, 1, 1, 2, 0, 1, 2, 2]),
 (16, [786, 77, 0, 0, 1, 1355, 1694, 0, 1, 0, 3, 1, 0, 2, 1]),
 (16, [782, 119, 1, 1, 0, 1966, 1700, 1, 1, 0, 1, 0, 0, 2, 0]),
 (16, [727, 22, 0, 0, 1, 693, 1203, 1, 0, 0, 1, 0, 2, 1, 1]),
 (12, [1572, 59, 0, 1, 0, 1019, 1699, 0, 1, 0, 2, 0, 0, 2, 1]),
 (12, [1233, 17, 1, 0, 1, 1945, 649, 0, 1, 2, 1, 0, 1, 0, 0]),
 (12, [925, 111, 0, 1, 1, 1171, 1133, 0, 1, 0, 4, 1, 0, 1, 0]),
 (12, [923, 17, 0, 1, 1, 1451, 594, 0, 1, 0, 2, 1, 1, 1, 2]),
 (12, [922, 107, 1, 0, 1, 1864, 1812, 1, 0, 1, 4, 1, 0, 1, 1]),
 (12, [897, 66, 0, 0, 1, 1019, 1151, 0, 0, 2, 3, 1, 2, 1, 0]),
 (12, [527, 88, 0, 1, 1, 2009, 1666, 0, 1, 2, 2, 1, 2, 2, 2]),
 (3, [1836, 50, 1, 0, 0, 1145, 525, 0, 0, 1, 0, 1, 0, 0, 1])]
scored
[(3, [1836, 50, 1, 0, 0, 1145, 525, 0, 0, 1, 0, 1, 0, 0, 1]),
 (12, [527, 88, 0, 1, 1, 2009, 1666, 0, 1, 2, 2, 1, 2, 2, 2]),
 (12, [897, 66, 0, 0, 1, 1019, 1151, 0, 0, 2, 3, 1, 2, 1, 0]),
 (12, [922, 107, 1, 0, 1, 1864, 1812, 1, 0, 1, 4, 1, 0, 1, 1]),
 (12, [923, 17, 0, 1, 1, 1451, 594, 0, 1, 0, 2, 1, 1, 1, 2]),
 (12, [925, 111, 0, 1, 1, 1171, 1133, 0, 1, 0, 4, 1, 0, 1, 0]),
 (12, [1233, 17, 1, 0, 1, 1945, 649, 0, 1, 2, 1, 0, 1, 0, 0]),
 (12, [1572, 59, 0, 1, 0, 1019, 1699, 0, 1, 0, 2, 0, 0, 2, 1]),
 (16, [727, 22, 0, 0, 1, 693, 1203, 1, 0, 0, 1, 0, 2, 1, 1]),
 (16, [782, 119, 1, 1, 0, 1966, 1700, 1, 1, 0, 1, 0, 0, 2, 0]),
 (16, [786, 77, 0, 0, 1, 1355, 1694, 0, 1, 0, 3, 1, 0, 2, 1]),
 (16, [873, 102, 0, 1, 0, 984, 698, 1, 1, 1, 2, 0, 1, 2, 2]),
 (16, [940, 75, 0, 1, 0, 1755, 538, 0, 1, 1, 3, 1, 2, 0, 1]),
 (16, [1028, 35, 1, 1, 1, 797, 1563, 1, 0, 0, 1, 1, 1, 0, 2]),
 (16, [1130, 61, 1, 0, 1, 1013, 528, 0, 1, 1, 2, 0, 0, 2, 2]),
 (16, [1358, 67, 0, 1, 0, 1025, 614, 0, 1, 0, 0, 1, 2, 1, 1]),
 (16, [1722, 24, 1, 0, 0, 749, 1789, 0, 1, 0, 2, 1, 2, 2, 0]),
 (16, [1762, 83, 0, 1, 0, 944, 2028, 1, 0, 0, 3, 1, 0, 0, 2]),
 (16, [1864, 46, 0, 1, 1, 1635, 706, 1, 1, 2, 1, 0, 2, 2, 1]),
 (16, [1999, 65, 0, 1, 1, 1750, 1837, 0, 0, 2, 2, 1, 2, 2, 1]),
 (33, [998, 42, 0, 1, 0, 1641, 1476, 1, 0, 0, 2, 1, 0, 2, 0]),
 (33, [1539, 80, 0, 1, 0, 1675, 2030, 1, 1, 2, 1, 0, 2, 1, 0]),
 (33, [1890, 52, 0, 0, 0, 1254, 1042, 1, 0, 1, 3, 1, 0, 2, 1]),
 (33, [1956, 45, 1, 0, 0, 1609, 1308, 1, 1, 2, 0, 1, 1, 0, 0]),
 (33, [1987, 71, 1, 1, 0, 828, 1020, 0, 0, 0, 3, 1, 1, 2, 1]),
 (999, [512, 108, 0, 0, 1, 995, 985, 0, 1, 3, 4, 1, 1, 2, 0]),
 (999, [749, 99, 0, 1, 0, 1248, 1362, 1, 0, 3, 4, 0, 1, 0, 0]),
 (999, [1033, 30, 1, 0, 0, 1560, 780, 0, 1, 3, 5, 0, 0, 0, 0]),
 (999, [1040, 35, 1, 1, 0, 1621, 1674, 1, 0, 3, 5, 0, 2, 1, 2]),
 (999, [1098, 23, 1, 0, 1, 1278, 1200, 1, 0, 3, 4, 1, 2, 0, 0]),
 (999, [1194, 37, 1, 0, 0, 802, 1334, 1, 1, 3, 4, 0, 2, 2, 2]),
 (999, [1709, 110, 0, 1, 1, 1800, 1699, 0, 1, 3, 1, 0, 2, 2, 0])]
Selected
[(3, [1836, 50, 1, 0, 0, 1145, 525, 0, 0, 1, 0, 1, 0, 0, 1]),
 (12, [897, 66, 0, 0, 1, 1019, 1151, 0, 0, 2, 3, 1, 2, 1, 0]),
 (12, [922, 107, 1, 0, 1, 1864, 1812, 1, 0, 1, 4, 1, 0, 1, 1]),
 (12, [1233, 17, 1, 0, 1, 1945, 649, 0, 1, 2, 1, 0, 1, 0, 0]),
 (3, [1836, 50, 1, 0, 0, 1145, 525, 0, 0, 1, 0, 1, 0, 0, 1]),
 (3, [1836, 50, 1, 0, 0, 1145, 525, 0, 0, 1, 0, 1, 0, 0, 1]),
 (16, [873, 102, 0, 1, 0, 984, 698, 1, 1, 1, 2, 0, 1, 2, 2]),
 (12, [925, 111, 0, 1, 1, 1171, 1133, 0, 1, 0, 4, 1, 0, 1, 0]),
 (12, [923, 17, 0, 1, 1, 1451, 594, 0, 1, 0, 2, 1, 1, 1, 2]),
 (3, [1836, 50, 1, 0, 0, 1145, 525, 0, 0, 1, 0, 1, 0, 0, 1]),
 (12, [923, 17, 0, 1, 1, 1451, 594, 0, 1, 0, 2, 1, 1, 1, 2]),
 (12, [923, 17, 0, 1, 1, 1451, 594, 0, 1, 0, 2, 1, 1, 1, 2]),
 (12, [897, 66, 0, 0, 1, 1019, 1151, 0, 0, 2, 3, 1, 2, 1, 0]),
 (16, [786, 77, 0, 0, 1, 1355, 1694, 0, 1, 0, 3, 1, 0, 2, 1]),
 (16, [873, 102, 0, 1, 0, 984, 698, 1, 1, 1, 2, 0, 1, 2, 2]),
 (12, [922, 107, 1, 0, 1, 1864, 1812, 1, 0, 1, 4, 1, 0, 1, 1]),
 (12, [527, 88, 0, 1, 1, 2009, 1666, 0, 1, 2, 2, 1, 2, 2, 2]),
 (12, [923, 17, 0, 1, 1, 1451, 594, 0, 1, 0, 2, 1, 1, 1, 2]),
 (16, [786, 77, 0, 0, 1, 1355, 1694, 0, 1, 0, 3, 1, 0, 2, 1]),
 (12, [897, 66, 0, 0, 1, 1019, 1151, 0, 0, 2, 3, 1, 2, 1, 0]),
 (12, [925, 111, 0, 1, 1, 1171, 1133, 0, 1, 0, 4, 1, 0, 1, 0]),
 (12, [1572, 59, 0, 1, 0, 1019, 1699, 0, 1, 0, 2, 0, 0, 2, 1]),
 (12, [923, 17, 0, 1, 1, 1451, 594, 0, 1, 0, 2, 1, 1, 1, 2]),
 (12, [897, 66, 0, 0, 1, 1019, 1151, 0, 0, 2, 3, 1, 2, 1, 0]),
 (12, [1233, 17, 1, 0, 1, 1945, 649, 0, 1, 2, 1, 0, 1, 0, 0]),
 (16, [940, 75, 0, 1, 0, 1755, 538, 0, 1, 1, 3, 1, 2, 0, 1]),
 (12, [897, 66, 0, 0, 1, 1019, 1151, 0, 0, 2, 3, 1, 2, 1, 0])]
population
[(999, [1709, 110, 0, 1, 1, 1800, 1699, 0, 1, 3, 1, 0, 2, 2, 0]),
 (999, [1194, 37, 1, 0, 0, 802, 1334, 1, 1, 3, 4, 0, 2, 2, 2]),
 (999, [1098, 23, 1, 0, 1, 1278, 1200, 1, 0, 3, 4, 1, 2, 0, 0]),
 (999, [1040, 35, 1, 1, 0, 1621, 1674, 1, 0, 3, 5, 0, 2, 1, 2]),
 (999, [1033, 30, 1, 0, 0, 1560, 780, 0, 1, 3, 5, 0, 0, 0, 0]),
 (999, [749, 99, 0, 1, 0, 1248, 1362, 1, 0, 3, 4, 0, 1, 0, 0]),
 (999, [512, 108, 0, 0, 1, 995, 985, 0, 1, 3, 4, 1, 1, 2, 0]),
 (33, [1987, 71, 1, 1, 0, 828, 1020, 0, 0, 0, 3, 1, 1, 2, 1]),
 (33, [1956, 45, 1, 0, 0, 1609, 1308, 1, 1, 2, 0, 1, 1, 0, 0]),
 (33, [1890, 52, 0, 0, 0, 1254, 1042, 1, 0, 1, 3, 1, 0, 2, 1]),
 (33, [1539, 80, 0, 1, 0, 1675, 2030, 1, 1, 2, 1, 0, 2, 1, 0]),
 (33, [998, 42, 0, 1, 0, 1641, 1476, 1, 0, 0, 2, 1, 0, 2, 0]),
 (16, [1999, 65, 0, 1, 1, 1750, 1837, 0, 0, 2, 2, 1, 2, 2, 1]),
 (16, [1864, 46, 0, 1, 1, 1635, 706, 1, 1, 2, 1, 0, 2, 2, 1]),
 (16, [1762, 83, 0, 1, 0, 944, 2028, 1, 0, 0, 3, 1, 0, 0, 2]),
 (16, [1722, 24, 1, 0, 0, 749, 1789, 0, 1, 0, 2, 1, 2, 2, 0]),
 (16, [1358, 67, 0, 1, 0, 1025, 614, 0, 1, 0, 0, 1, 2, 1, 1]),
 (16, [1130, 61, 1, 0, 1, 1013, 528, 0, 1, 1, 2, 0, 0, 2, 2]),
 (16, [1028, 35, 1, 1, 1, 797, 1563, 1, 0, 0, 1, 1, 1, 0, 2]),
 (16, [940, 75, 0, 1, 0, 1755, 538, 0, 1, 1, 3, 1, 2, 0, 1]),
 (16, [873, 102, 0, 1, 0, 984, 698, 1, 1, 1, 2, 0, 1, 2, 2]),
 (16, [786, 77, 0, 0, 1, 1355, 1694, 0, 1, 0, 3, 1, 0, 2, 1]),
 (16, [782, 119, 1, 1, 0, 1966, 1700, 1, 1, 0, 1, 0, 0, 2, 0]),
 (16, [727, 22, 0, 0, 1, 693, 1203, 1, 0, 0, 1, 0, 2, 1, 1]),
 (12, [1572, 59, 0, 1, 0, 1019, 1699, 0, 1, 0, 2, 0, 0, 2, 1]),
 (12, [1233, 17, 1, 0, 1, 1945, 649, 0, 1, 2, 1, 0, 1, 0, 0]),
 (12, [925, 111, 0, 1, 1, 1171, 1133, 0, 1, 0, 4, 1, 0, 1, 0]),
 (12, [923, 17, 0, 1, 1, 1451, 594, 0, 1, 0, 2, 1, 1, 1, 2]),
 (12, [922, 107, 1, 0, 1, 1864, 1812, 1, 0, 1, 4, 1, 0, 1, 1]),
 (12, [897, 66, 0, 0, 1, 1019, 1151, 0, 0, 2, 3, 1, 2, 1, 0]),
 (12, [527, 88, 0, 1, 1, 2009, 1666, 0, 1, 2, 2, 1, 2, 2, 2]),
 (3, [1836, 50, 1, 0, 0, 1145, 525, 0, 0, 1, 0, 1, 0, 0, 1])]
scored
[(3, [1836, 50, 1, 0, 0, 1145, 525, 0, 0, 1, 0, 1, 0, 0, 1]),
 (12, [527, 88, 0, 1, 1, 2009, 1666, 0, 1, 2, 2, 1, 2, 2, 2]),
 (12, [897, 66, 0, 0, 1, 1019, 1151, 0, 0, 2, 3, 1, 2, 1, 0]),
 (12, [922, 107, 1, 0, 1, 1864, 1812, 1, 0, 1, 4, 1, 0, 1, 1]),
 (12, [923, 17, 0, 1, 1, 1451, 594, 0, 1, 0, 2, 1, 1, 1, 2]),
 (12, [925, 111, 0, 1, 1, 1171, 1133, 0, 1, 0, 4, 1, 0, 1, 0]),
 (12, [1233, 17, 1, 0, 1, 1945, 649, 0, 1, 2, 1, 0, 1, 0, 0]),
 (12, [1572, 59, 0, 1, 0, 1019, 1699, 0, 1, 0, 2, 0, 0, 2, 1]),
 (16, [727, 22, 0, 0, 1, 693, 1203, 1, 0, 0, 1, 0, 2, 1, 1]),
 (16, [782, 119, 1, 1, 0, 1966, 1700, 1, 1, 0, 1, 0, 0, 2, 0]),
 (16, [786, 77, 0, 0, 1, 1355, 1694, 0, 1, 0, 3, 1, 0, 2, 1]),
 (16, [873, 102, 0, 1, 0, 984, 698, 1, 1, 1, 2, 0, 1, 2, 2]),
 (16, [940, 75, 0, 1, 0, 1755, 538, 0, 1, 1, 3, 1, 2, 0, 1]),
 (16, [1028, 35, 1, 1, 1, 797, 1563, 1, 0, 0, 1, 1, 1, 0, 2]),
 (16, [1130, 61, 1, 0, 1, 1013, 528, 0, 1, 1, 2, 0, 0, 2, 2]),
 (16, [1358, 67, 0, 1, 0, 1025, 614, 0, 1, 0, 0, 1, 2, 1, 1]),
 (16, [1722, 24, 1, 0, 0, 749, 1789, 0, 1, 0, 2, 1, 2, 2, 0]),
 (16, [1762, 83, 0, 1, 0, 944, 2028, 1, 0, 0, 3, 1, 0, 0, 2]),
 (16, [1864, 46, 0, 1, 1, 1635, 706, 1, 1, 2, 1, 0, 2, 2, 1]),
 (16, [1999, 65, 0, 1, 1, 1750, 1837, 0, 0, 2, 2, 1, 2, 2, 1]),
 (33, [998, 42, 0, 1, 0, 1641, 1476, 1, 0, 0, 2, 1, 0, 2, 0]),
 (33, [1539, 80, 0, 1, 0, 1675, 2030, 1, 1, 2, 1, 0, 2, 1, 0]),
 (33, [1890, 52, 0, 0, 0, 1254, 1042, 1, 0, 1, 3, 1, 0, 2, 1]),
 (33, [1956, 45, 1, 0, 0, 1609, 1308, 1, 1, 2, 0, 1, 1, 0, 0]),
 (33, [1987, 71, 1, 1, 0, 828, 1020, 0, 0, 0, 3, 1, 1, 2, 1]),
 (999, [512, 108, 0, 0, 1, 995, 985, 0, 1, 3, 4, 1, 1, 2, 0]),
 (999, [749, 99, 0, 1, 0, 1248, 1362, 1, 0, 3, 4, 0, 1, 0, 0]),
 (999, [1033, 30, 1, 0, 0, 1560, 780, 0, 1, 3, 5, 0, 0, 0, 0]),
 (999, [1040, 35, 1, 1, 0, 1621, 1674, 1, 0, 3, 5, 0, 2, 1, 2]),
 (999, [1098, 23, 1, 0, 1, 1278, 1200, 1, 0, 3, 4, 1, 2, 0, 0]),
 (999, [1194, 37, 1, 0, 0, 802, 1334, 1, 1, 3, 4, 0, 2, 2, 2]),
 (999, [1709, 110, 0, 1, 1, 1800, 1699, 0, 1, 3, 1, 0, 2, 2, 0])]
Selected
[(12, [925, 111, 0, 1, 1, 1171, 1133, 0, 1, 0, 4, 1, 0, 1, 0]),
 (12, [922, 107, 1, 0, 1, 1864, 1812, 1, 0, 1, 4, 1, 0, 1, 1]),
 (16, [727, 22, 0, 0, 1, 693, 1203, 1, 0, 0, 1, 0, 2, 1, 1]),
 (12, [897, 66, 0, 0, 1, 1019, 1151, 0, 0, 2, 3, 1, 2, 1, 0]),
 (12, [527, 88, 0, 1, 1, 2009, 1666, 0, 1, 2, 2, 1, 2, 2, 2]),
 (12, [1233, 17, 1, 0, 1, 1945, 649, 0, 1, 2, 1, 0, 1, 0, 0]),
 (12, [922, 107, 1, 0, 1, 1864, 1812, 1, 0, 1, 4, 1, 0, 1, 1]),
 (3, [1836, 50, 1, 0, 0, 1145, 525, 0, 0, 1, 0, 1, 0, 0, 1]),
 (12, [897, 66, 0, 0, 1, 1019, 1151, 0, 0, 2, 3, 1, 2, 1, 0]),
 (12, [923, 17, 0, 1, 1, 1451, 594, 0, 1, 0, 2, 1, 1, 1, 2]),
 (12, [897, 66, 0, 0, 1, 1019, 1151, 0, 0, 2, 3, 1, 2, 1, 0]),
 (3, [1836, 50, 1, 0, 0, 1145, 525, 0, 0, 1, 0, 1, 0, 0, 1]),
 (12, [1233, 17, 1, 0, 1, 1945, 649, 0, 1, 2, 1, 0, 1, 0, 0]),
 (12, [897, 66, 0, 0, 1, 1019, 1151, 0, 0, 2, 3, 1, 2, 1, 0]),
 (3, [1836, 50, 1, 0, 0, 1145, 525, 0, 0, 1, 0, 1, 0, 0, 1]),
 (3, [1836, 50, 1, 0, 0, 1145, 525, 0, 0, 1, 0, 1, 0, 0, 1]),
 (16, [782, 119, 1, 1, 0, 1966, 1700, 1, 1, 0, 1, 0, 0, 2, 0]),
 (3, [1836, 50, 1, 0, 0, 1145, 525, 0, 0, 1, 0, 1, 0, 0, 1]),
 (16, [873, 102, 0, 1, 0, 984, 698, 1, 1, 1, 2, 0, 1, 2, 2]),
 (12, [897, 66, 0, 0, 1, 1019, 1151, 0, 0, 2, 3, 1, 2, 1, 0]),
 (12, [897, 66, 0, 0, 1, 1019, 1151, 0, 0, 2, 3, 1, 2, 1, 0]),
 (12, [923, 17, 0, 1, 1, 1451, 594, 0, 1, 0, 2, 1, 1, 1, 2]),
 (12, [923, 17, 0, 1, 1, 1451, 594, 0, 1, 0, 2, 1, 1, 1, 2]),
 (3, [1836, 50, 1, 0, 0, 1145, 525, 0, 0, 1, 0, 1, 0, 0, 1]),
 (3, [1836, 50, 1, 0, 0, 1145, 525, 0, 0, 1, 0, 1, 0, 0, 1]),
 (12, [925, 111, 0, 1, 1, 1171, 1133, 0, 1, 0, 4, 1, 0, 1, 0]),
 (12, [527, 88, 0, 1, 1, 2009, 1666, 0, 1, 2, 2, 1, 2, 2, 2])]

Poblacin de 32 individuos durante 15 generaciones
Poblacin inicial:
[(999, [1709, 110, 0, 1, 1, 1800, 1699, 0, 1, 3, 1, 0, 2, 2, 0]),
 (999, [1194, 37, 1, 0, 0, 802, 1334, 1, 1, 3, 4, 0, 2, 2, 2]),
 (999, [1098, 23, 1, 0, 1, 1278, 1200, 1, 0, 3, 4, 1, 2, 0, 0]),
 (999, [1040, 35, 1, 1, 0, 1621, 1674, 1, 0, 3, 5, 0, 2, 1, 2]),
 (999, [1033, 30, 1, 0, 0, 1560, 780, 0, 1, 3, 5, 0, 0, 0, 0]),
 (999, [749, 99, 0, 1, 0, 1248, 1362, 1, 0, 3, 4, 0, 1, 0, 0]),
 (999, [512, 108, 0, 0, 1, 995, 985, 0, 1, 3, 4, 1, 1, 2, 0]),
 (33, [1987, 71, 1, 1, 0, 828, 1020, 0, 0, 0, 3, 1, 1, 2, 1]),
 (33, [1956, 45, 1, 0, 0, 1609, 1308, 1, 1, 2, 0, 1, 1, 0, 0]),
 (33, [1890, 52, 0, 0, 0, 1254, 1042, 1, 0, 1, 3, 1, 0, 2, 1]),
 (33, [1539, 80, 0, 1, 0, 1675, 2030, 1, 1, 2, 1, 0, 2, 1, 0]),
 (33, [998, 42, 0, 1, 0, 1641, 1476, 1, 0, 0, 2, 1, 0, 2, 0]),
 (16, [1999, 65, 0, 1, 1, 1750, 1837, 0, 0, 2, 2, 1, 2, 2, 1]),
 (16, [1864, 46, 0, 1, 1, 1635, 706, 1, 1, 2, 1, 0, 2, 2, 1]),
 (16, [1762, 83, 0, 1, 0, 944, 2028, 1, 0, 0, 3, 1, 0, 0, 2]),
 (16, [1722, 24, 1, 0, 0, 749, 1789, 0, 1, 0, 2, 1, 2, 2, 0]),
 (16, [1358, 67, 0, 1, 0, 1025, 614, 0, 1, 0, 0, 1, 2, 1, 1]),
 (16, [1130, 61, 1, 0, 1, 1013, 528, 0, 1, 1, 2, 0, 0, 2, 2]),
 (16, [1028, 35, 1, 1, 1, 797, 1563, 1, 0, 0, 1, 1, 1, 0, 2]),
 (16, [940, 75, 0, 1, 0, 1755, 538, 0, 1, 1, 3, 1, 2, 0, 1]),
 (16, [873, 102, 0, 1, 0, 984, 698, 1, 1, 1, 2, 0, 1, 2, 2]),
 (16, [786, 77, 0, 0, 1, 1355, 1694, 0, 1, 0, 3, 1, 0, 2, 1]),
 (16, [782, 119, 1, 1, 0, 1966, 1700, 1, 1, 0, 1, 0, 0, 2, 0]),
 (16, [727, 22, 0, 0, 1, 693, 1203, 1, 0, 0, 1, 0, 2, 1, 1]),
 (12, [1572, 59, 0, 1, 0, 1019, 1699, 0, 1, 0, 2, 0, 0, 2, 1]),
 (12, [1233, 17, 1, 0, 1, 1945, 649, 0, 1, 2, 1, 0, 1, 0, 0]),
 (12, [925, 111, 0, 1, 1, 1171, 1133, 0, 1, 0, 4, 1, 0, 1, 0]),
 (12, [923, 17, 0, 1, 1, 1451, 594, 0, 1, 0, 2, 1, 1, 1, 2]),
 (12, [922, 107, 1, 0, 1, 1864, 1812, 1, 0, 1, 4, 1, 0, 1, 1]),
 (12, [897, 66, 0, 0, 1, 1019, 1151, 0, 0, 2, 3, 1, 2, 1, 0]),
 (12, [527, 88, 0, 1, 1, 2009, 1666, 0, 1, 2, 2, 1, 2, 2, 2]),
 (3, [1836, 50, 1, 0, 0, 1145, 525, 0, 0, 1, 0, 1, 0, 0, 1])]
Poblacin final:
[(999, [1709, 110, 0, 1, 1, 1800, 1699, 0, 1, 3, 1, 0, 2, 2, 0]),
 (999, [1194, 37, 1, 0, 0, 802, 1334, 1, 1, 3, 4, 0, 2, 2, 2]),
 (999, [1098, 23, 1, 0, 1, 1278, 1200, 1, 0, 3, 4, 1, 2, 0, 0]),
 (999, [1040, 35, 1, 1, 0, 1621, 1674, 1, 0, 3, 5, 0, 2, 1, 2]),
 (999, [1033, 30, 1, 0, 0, 1560, 780, 0, 1, 3, 5, 0, 0, 0, 0]),
 (999, [749, 99, 0, 1, 0, 1248, 1362, 1, 0, 3, 4, 0, 1, 0, 0]),
 (999, [512, 108, 0, 0, 1, 995, 985, 0, 1, 3, 4, 1, 1, 2, 0]),
 (33, [1987, 71, 1, 1, 0, 828, 1020, 0, 0, 0, 3, 1, 1, 2, 1]),
 (33, [1956, 45, 1, 0, 0, 1609, 1308, 1, 1, 2, 0, 1, 1, 0, 0]),
 (33, [1890, 52, 0, 0, 0, 1254, 1042, 1, 0, 1, 3, 1, 0, 2, 1]),
 (33, [1539, 80, 0, 1, 0, 1675, 2030, 1, 1, 2, 1, 0, 2, 1, 0]),
 (33, [998, 42, 0, 1, 0, 1641, 1476, 1, 0, 0, 2, 1, 0, 2, 0]),
 (16, [1999, 65, 0, 1, 1, 1750, 1837, 0, 0, 2, 2, 1, 2, 2, 1]),
 (16, [1864, 46, 0, 1, 1, 1635, 706, 1, 1, 2, 1, 0, 2, 2, 1]),
 (16, [1762, 83, 0, 1, 0, 944, 2028, 1, 0, 0, 3, 1, 0, 0, 2]),
 (16, [1722, 24, 1, 0, 0, 749, 1789, 0, 1, 0, 2, 1, 2, 2, 0]),
 (16, [1358, 67, 0, 1, 0, 1025, 614, 0, 1, 0, 0, 1, 2, 1, 1]),
 (16, [1130, 61, 1, 0, 1, 1013, 528, 0, 1, 1, 2, 0, 0, 2, 2]),
 (16, [1028, 35, 1, 1, 1, 797, 1563, 1, 0, 0, 1, 1, 1, 0, 2]),
 (16, [940, 75, 0, 1, 0, 1755, 538, 0, 1, 1, 3, 1, 2, 0, 1]),
 (16, [873, 102, 0, 1, 0, 984, 698, 1, 1, 1, 2, 0, 1, 2, 2]),
 (16, [786, 77, 0, 0, 1, 1355, 1694, 0, 1, 0, 3, 1, 0, 2, 1]),
 (16, [782, 119, 1, 1, 0, 1966, 1700, 1, 1, 0, 1, 0, 0, 2, 0]),
 (16, [727, 22, 0, 0, 1, 693, 1203, 1, 0, 0, 1, 0, 2, 1, 1]),
 (12, [1572, 59, 0, 1, 0, 1019, 1699, 0, 1, 0, 2, 0, 0, 2, 1]),
 (12, [1233, 17, 1, 0, 1, 1945, 649, 0, 1, 2, 1, 0, 1, 0, 0]),
 (12, [925, 111, 0, 1, 1, 1171, 1133, 0, 1, 0, 4, 1, 0, 1, 0]),
 (12, [923, 17, 0, 1, 1, 1451, 594, 0, 1, 0, 2, 1, 1, 1, 2]),
 (12, [922, 107, 1, 0, 1, 1864, 1812, 1, 0, 1, 4, 1, 0, 1, 1]),
 (12, [897, 66, 0, 0, 1, 1019, 1151, 0, 0, 2, 3, 1, 2, 1, 0]),
 (12, [527, 88, 0, 1, 1, 2009, 1666, 0, 1, 2, 2, 1, 2, 2, 2]),
 (3, [1836, 50, 1, 0, 0, 1145, 525, 0, 0, 1, 0, 1, 0, 0, 1])]
Elapsed time is 554.993429 seconds.
