 * Manually resetting nginx to stopped state
 * Manually resetting nginx to stopped state
 * Manually resetting nginx to stopped state
 * Manually resetting nginx to stopped state
 * Manually resetting nginx to stopped state
 * Manually resetting nginx to stopped state
 * Manually resetting nginx to stopped state
 * Manually resetting nginx to stopped state
 * Manually resetting nginx to stopped state
 * Manually resetting nginx to stopped state
 * Manually resetting nginx to stopped state
 * Manually resetting nginx to stopped state
 * Manually resetting nginx to stopped state
 * Manually resetting nginx to stopped state
 * Manually resetting nginx to stopped state
 * Manually resetting nginx to stopped state
 * Manually resetting nginx to stopped state
 * Manually resetting nginx to stopped state
 * Manually resetting nginx to stopped state
 * Manually resetting nginx to stopped state
 * Manually resetting nginx to stopped state
 * Manually resetting nginx to stopped state
 * Manually resetting nginx to stopped state
genes: 15
individuals : 32
pressure: 5
mutation_chance: 0
generations: 15
crossover_type: 1
mutation_type_random: 0
Alerts:
16
Alerts:
16
Alerts:
16
Alerts:
16
Alerts:
16
Alerts:
16
Alerts:
16
Alerts:
16
Alerts:
16
Alerts:
33
Alerts:
16
Alerts:
12
Alerts:
12
Alerts:
16
Alerts:
16
Alerts:
16
Alerts:
12
Alerts:
16
Alerts:
12
Alerts:
12
Alerts:
16
Alerts:
16
Alerts:
16
population
[(16, [1404, 62, 1, 0, 1, 556, 817, 0, 0, 1, 4, 1, 1, 1, 1]),
 (16, [1917, 19, 0, 1, 1, 987, 559, 0, 1, 1, 3, 0, 1, 0, 1]),
 (16, [1039, 74, 0, 0, 0, 1922, 1255, 0, 1, 2, 1, 0, 0, 0, 1]),
 (999, [1270, 45, 0, 0, 0, 1069, 1902, 0, 1, 3, 3, 1, 2, 1, 0]),
 (16, [566, 33, 0, 1, 0, 1354, 968, 0, 1, 1, 3, 1, 1, 0, 1]),
 (999, [609, 45, 1, 1, 0, 1336, 1475, 0, 1, 1, 5, 1, 1, 1, 2]),
 (16, [1627, 13, 1, 1, 1, 902, 1192, 0, 1, 0, 4, 0, 0, 0, 0]),
 (16, [874, 104, 0, 0, 0, 835, 593, 0, 0, 0, 0, 1, 2, 0, 0]),
 (999, [745, 90, 0, 1, 1, 572, 706, 1, 0, 2, 5, 1, 1, 2, 1]),
 (16, [1972, 84, 0, 0, 0, 1504, 1689, 1, 1, 0, 3, 0, 0, 1, 2]),
 (16, [1238, 91, 0, 0, 1, 1140, 1143, 1, 1, 0, 3, 0, 1, 1, 2]),
 (16, [513, 11, 1, 0, 1, 1015, 1103, 0, 1, 0, 4, 0, 1, 2, 2]),
 (999, [1632, 93, 0, 0, 0, 616, 1966, 0, 1, 0, 5, 0, 2, 2, 1]),
 (33, [1842, 93, 0, 1, 0, 1064, 1609, 0, 0, 1, 2, 1, 0, 2, 1]),
 (999, [1782, 25, 1, 0, 1, 640, 645, 1, 0, 2, 5, 0, 1, 2, 1]),
 (16, [740, 31, 1, 0, 1, 1943, 1526, 0, 0, 1, 3, 1, 0, 2, 0]),
 (12, [1729, 108, 0, 1, 1, 513, 1943, 0, 0, 1, 2, 1, 1, 2, 2]),
 (12, [975, 92, 0, 0, 1, 1549, 1825, 1, 1, 2, 4, 1, 2, 0, 0]),
 (16, [1270, 108, 0, 0, 0, 1058, 1488, 0, 0, 0, 2, 1, 1, 1, 2]),
 (16, [1313, 103, 1, 1, 0, 1313, 867, 1, 0, 2, 3, 0, 2, 0, 0]),
 (16, [1460, 29, 1, 1, 1, 868, 1537, 1, 0, 2, 2, 0, 0, 0, 0]),
 (999, [1603, 90, 0, 0, 1, 776, 1555, 0, 1, 2, 5, 1, 0, 2, 0]),
 (999, [1439, 38, 0, 1, 0, 1096, 1228, 1, 0, 3, 3, 0, 0, 2, 1]),
 (999, [1504, 48, 0, 0, 0, 1530, 1355, 1, 1, 3, 4, 0, 2, 2, 0]),
 (12, [680, 38, 0, 0, 0, 1538, 1821, 0, 0, 0, 3, 1, 0, 2, 2]),
 (16, [635, 38, 1, 1, 1, 1122, 1069, 0, 0, 1, 0, 1, 0, 1, 2]),
 (999, [679, 25, 0, 1, 1, 1919, 1447, 0, 0, 3, 0, 1, 2, 1, 2]),
 (12, [1114, 21, 1, 1, 0, 704, 1426, 0, 0, 1, 4, 0, 2, 2, 1]),
 (12, [1067, 58, 0, 1, 0, 929, 1523, 0, 0, 0, 0, 1, 0, 0, 0]),
 (16, [1963, 69, 0, 0, 1, 1827, 516, 1, 1, 2, 4, 1, 0, 1, 2]),
 (16, [851, 30, 0, 1, 0, 1917, 1454, 0, 0, 1, 1, 0, 1, 0, 0]),
 (16, [1500, 101, 1, 0, 1, 1591, 876, 1, 0, 0, 4, 0, 0, 1, 2])]
scored
[(12, [680, 38, 0, 0, 0, 1538, 1821, 0, 0, 0, 3, 1, 0, 2, 2]),
 (12, [975, 92, 0, 0, 1, 1549, 1825, 1, 1, 2, 4, 1, 2, 0, 0]),
 (12, [1067, 58, 0, 1, 0, 929, 1523, 0, 0, 0, 0, 1, 0, 0, 0]),
 (12, [1114, 21, 1, 1, 0, 704, 1426, 0, 0, 1, 4, 0, 2, 2, 1]),
 (12, [1729, 108, 0, 1, 1, 513, 1943, 0, 0, 1, 2, 1, 1, 2, 2]),
 (16, [513, 11, 1, 0, 1, 1015, 1103, 0, 1, 0, 4, 0, 1, 2, 2]),
 (16, [566, 33, 0, 1, 0, 1354, 968, 0, 1, 1, 3, 1, 1, 0, 1]),
 (16, [635, 38, 1, 1, 1, 1122, 1069, 0, 0, 1, 0, 1, 0, 1, 2]),
 (16, [740, 31, 1, 0, 1, 1943, 1526, 0, 0, 1, 3, 1, 0, 2, 0]),
 (16, [851, 30, 0, 1, 0, 1917, 1454, 0, 0, 1, 1, 0, 1, 0, 0]),
 (16, [874, 104, 0, 0, 0, 835, 593, 0, 0, 0, 0, 1, 2, 0, 0]),
 (16, [1039, 74, 0, 0, 0, 1922, 1255, 0, 1, 2, 1, 0, 0, 0, 1]),
 (16, [1238, 91, 0, 0, 1, 1140, 1143, 1, 1, 0, 3, 0, 1, 1, 2]),
 (16, [1270, 108, 0, 0, 0, 1058, 1488, 0, 0, 0, 2, 1, 1, 1, 2]),
 (16, [1313, 103, 1, 1, 0, 1313, 867, 1, 0, 2, 3, 0, 2, 0, 0]),
 (16, [1404, 62, 1, 0, 1, 556, 817, 0, 0, 1, 4, 1, 1, 1, 1]),
 (16, [1460, 29, 1, 1, 1, 868, 1537, 1, 0, 2, 2, 0, 0, 0, 0]),
 (16, [1500, 101, 1, 0, 1, 1591, 876, 1, 0, 0, 4, 0, 0, 1, 2]),
 (16, [1627, 13, 1, 1, 1, 902, 1192, 0, 1, 0, 4, 0, 0, 0, 0]),
 (16, [1917, 19, 0, 1, 1, 987, 559, 0, 1, 1, 3, 0, 1, 0, 1]),
 (16, [1963, 69, 0, 0, 1, 1827, 516, 1, 1, 2, 4, 1, 0, 1, 2]),
 (16, [1972, 84, 0, 0, 0, 1504, 1689, 1, 1, 0, 3, 0, 0, 1, 2]),
 (33, [1842, 93, 0, 1, 0, 1064, 1609, 0, 0, 1, 2, 1, 0, 2, 1]),
 (999, [609, 45, 1, 1, 0, 1336, 1475, 0, 1, 1, 5, 1, 1, 1, 2]),
 (999, [679, 25, 0, 1, 1, 1919, 1447, 0, 0, 3, 0, 1, 2, 1, 2]),
 (999, [745, 90, 0, 1, 1, 572, 706, 1, 0, 2, 5, 1, 1, 2, 1]),
 (999, [1270, 45, 0, 0, 0, 1069, 1902, 0, 1, 3, 3, 1, 2, 1, 0]),
 (999, [1439, 38, 0, 1, 0, 1096, 1228, 1, 0, 3, 3, 0, 0, 2, 1]),
 (999, [1504, 48, 0, 0, 0, 1530, 1355, 1, 1, 3, 4, 0, 2, 2, 0]),
 (999, [1603, 90, 0, 0, 1, 776, 1555, 0, 1, 2, 5, 1, 0, 2, 0]),
 (999, [1632, 93, 0, 0, 0, 616, 1966, 0, 1, 0, 5, 0, 2, 2, 1]),
 (999, [1782, 25, 1, 0, 1, 640, 645, 1, 0, 2, 5, 0, 1, 2, 1])]
Selected
[(12, [1067, 58, 0, 1, 0, 929, 1523, 0, 0, 0, 0, 1, 0, 0, 0]),
 (12, [1067, 58, 0, 1, 0, 929, 1523, 0, 0, 0, 0, 1, 0, 0, 0]),
 (12, [1067, 58, 0, 1, 0, 929, 1523, 0, 0, 0, 0, 1, 0, 0, 0]),
 (12, [1114, 21, 1, 1, 0, 704, 1426, 0, 0, 1, 4, 0, 2, 2, 1]),
 (12, [1067, 58, 0, 1, 0, 929, 1523, 0, 0, 0, 0, 1, 0, 0, 0]),
 (16, [1460, 29, 1, 1, 1, 868, 1537, 1, 0, 2, 2, 0, 0, 0, 0]),
 (16, [513, 11, 1, 0, 1, 1015, 1103, 0, 1, 0, 4, 0, 1, 2, 2]),
 (16, [1627, 13, 1, 1, 1, 902, 1192, 0, 1, 0, 4, 0, 0, 0, 0]),
 (16, [874, 104, 0, 0, 0, 835, 593, 0, 0, 0, 0, 1, 2, 0, 0]),
 (12, [680, 38, 0, 0, 0, 1538, 1821, 0, 0, 0, 3, 1, 0, 2, 2]),
 (16, [566, 33, 0, 1, 0, 1354, 968, 0, 1, 1, 3, 1, 1, 0, 1]),
 (12, [975, 92, 0, 0, 1, 1549, 1825, 1, 1, 2, 4, 1, 2, 0, 0]),
 (12, [680, 38, 0, 0, 0, 1538, 1821, 0, 0, 0, 3, 1, 0, 2, 2]),
 (16, [740, 31, 1, 0, 1, 1943, 1526, 0, 0, 1, 3, 1, 0, 2, 0]),
 (12, [1067, 58, 0, 1, 0, 929, 1523, 0, 0, 0, 0, 1, 0, 0, 0]),
 (12, [1067, 58, 0, 1, 0, 929, 1523, 0, 0, 0, 0, 1, 0, 0, 0]),
 (16, [1460, 29, 1, 1, 1, 868, 1537, 1, 0, 2, 2, 0, 0, 0, 0]),
 (12, [680, 38, 0, 0, 0, 1538, 1821, 0, 0, 0, 3, 1, 0, 2, 2]),
 (12, [975, 92, 0, 0, 1, 1549, 1825, 1, 1, 2, 4, 1, 2, 0, 0]),
 (12, [1067, 58, 0, 1, 0, 929, 1523, 0, 0, 0, 0, 1, 0, 0, 0]),
 (12, [1114, 21, 1, 1, 0, 704, 1426, 0, 0, 1, 4, 0, 2, 2, 1]),
 (16, [635, 38, 1, 1, 1, 1122, 1069, 0, 0, 1, 0, 1, 0, 1, 2]),
 (16, [513, 11, 1, 0, 1, 1015, 1103, 0, 1, 0, 4, 0, 1, 2, 2]),
 (16, [513, 11, 1, 0, 1, 1015, 1103, 0, 1, 0, 4, 0, 1, 2, 2]),
 (16, [513, 11, 1, 0, 1, 1015, 1103, 0, 1, 0, 4, 0, 1, 2, 2]),
 (12, [680, 38, 0, 0, 0, 1538, 1821, 0, 0, 0, 3, 1, 0, 2, 2]),
 (12, [975, 92, 0, 0, 1, 1549, 1825, 1, 1, 2, 4, 1, 2, 0, 0])]
population
[(999, [1782, 25, 1, 0, 1, 640, 645, 1, 0, 2, 5, 0, 1, 2, 1]),
 (999, [1632, 93, 0, 0, 0, 616, 1966, 0, 1, 0, 5, 0, 2, 2, 1]),
 (999, [1603, 90, 0, 0, 1, 776, 1555, 0, 1, 2, 5, 1, 0, 2, 0]),
 (999, [1504, 48, 0, 0, 0, 1530, 1355, 1, 1, 3, 4, 0, 2, 2, 0]),
 (999, [1439, 38, 0, 1, 0, 1096, 1228, 1, 0, 3, 3, 0, 0, 2, 1]),
 (999, [1270, 45, 0, 0, 0, 1069, 1902, 0, 1, 3, 3, 1, 2, 1, 0]),
 (999, [745, 90, 0, 1, 1, 572, 706, 1, 0, 2, 5, 1, 1, 2, 1]),
 (999, [679, 25, 0, 1, 1, 1919, 1447, 0, 0, 3, 0, 1, 2, 1, 2]),
 (999, [609, 45, 1, 1, 0, 1336, 1475, 0, 1, 1, 5, 1, 1, 1, 2]),
 (33, [1842, 93, 0, 1, 0, 1064, 1609, 0, 0, 1, 2, 1, 0, 2, 1]),
 (16, [1972, 84, 0, 0, 0, 1504, 1689, 1, 1, 0, 3, 0, 0, 1, 2]),
 (16, [1963, 69, 0, 0, 1, 1827, 516, 1, 1, 2, 4, 1, 0, 1, 2]),
 (16, [1917, 19, 0, 1, 1, 987, 559, 0, 1, 1, 3, 0, 1, 0, 1]),
 (16, [1627, 13, 1, 1, 1, 902, 1192, 0, 1, 0, 4, 0, 0, 0, 0]),
 (16, [1500, 101, 1, 0, 1, 1591, 876, 1, 0, 0, 4, 0, 0, 1, 2]),
 (16, [1460, 29, 1, 1, 1, 868, 1537, 1, 0, 2, 2, 0, 0, 0, 0]),
 (16, [1404, 62, 1, 0, 1, 556, 817, 0, 0, 1, 4, 1, 1, 1, 1]),
 (16, [1313, 103, 1, 1, 0, 1313, 867, 1, 0, 2, 3, 0, 2, 0, 0]),
 (16, [1270, 108, 0, 0, 0, 1058, 1488, 0, 0, 0, 2, 1, 1, 1, 2]),
 (16, [1238, 91, 0, 0, 1, 1140, 1143, 1, 1, 0, 3, 0, 1, 1, 2]),
 (16, [1039, 74, 0, 0, 0, 1922, 1255, 0, 1, 2, 1, 0, 0, 0, 1]),
 (16, [874, 104, 0, 0, 0, 835, 593, 0, 0, 0, 0, 1, 2, 0, 0]),
 (16, [851, 30, 0, 1, 0, 1917, 1454, 0, 0, 1, 1, 0, 1, 0, 0]),
 (16, [740, 31, 1, 0, 1, 1943, 1526, 0, 0, 1, 3, 1, 0, 2, 0]),
 (16, [635, 38, 1, 1, 1, 1122, 1069, 0, 0, 1, 0, 1, 0, 1, 2]),
 (16, [566, 33, 0, 1, 0, 1354, 968, 0, 1, 1, 3, 1, 1, 0, 1]),
 (16, [513, 11, 1, 0, 1, 1015, 1103, 0, 1, 0, 4, 0, 1, 2, 2]),
 (12, [1729, 108, 0, 1, 1, 513, 1943, 0, 0, 1, 2, 1, 1, 2, 2]),
 (12, [1114, 21, 1, 1, 0, 704, 1426, 0, 0, 1, 4, 0, 2, 2, 1]),
 (12, [1067, 58, 0, 1, 0, 929, 1523, 0, 0, 0, 0, 1, 0, 0, 0]),
 (12, [975, 92, 0, 0, 1, 1549, 1825, 1, 1, 2, 4, 1, 2, 0, 0]),
 (12, [680, 38, 0, 0, 0, 1538, 1821, 0, 0, 0, 3, 1, 0, 2, 2])]
scored
[(12, [680, 38, 0, 0, 0, 1538, 1821, 0, 0, 0, 3, 1, 0, 2, 2]),
 (12, [975, 92, 0, 0, 1, 1549, 1825, 1, 1, 2, 4, 1, 2, 0, 0]),
 (12, [1067, 58, 0, 1, 0, 929, 1523, 0, 0, 0, 0, 1, 0, 0, 0]),
 (12, [1114, 21, 1, 1, 0, 704, 1426, 0, 0, 1, 4, 0, 2, 2, 1]),
 (12, [1729, 108, 0, 1, 1, 513, 1943, 0, 0, 1, 2, 1, 1, 2, 2]),
 (16, [513, 11, 1, 0, 1, 1015, 1103, 0, 1, 0, 4, 0, 1, 2, 2]),
 (16, [566, 33, 0, 1, 0, 1354, 968, 0, 1, 1, 3, 1, 1, 0, 1]),
 (16, [635, 38, 1, 1, 1, 1122, 1069, 0, 0, 1, 0, 1, 0, 1, 2]),
 (16, [740, 31, 1, 0, 1, 1943, 1526, 0, 0, 1, 3, 1, 0, 2, 0]),
 (16, [851, 30, 0, 1, 0, 1917, 1454, 0, 0, 1, 1, 0, 1, 0, 0]),
 (16, [874, 104, 0, 0, 0, 835, 593, 0, 0, 0, 0, 1, 2, 0, 0]),
 (16, [1039, 74, 0, 0, 0, 1922, 1255, 0, 1, 2, 1, 0, 0, 0, 1]),
 (16, [1238, 91, 0, 0, 1, 1140, 1143, 1, 1, 0, 3, 0, 1, 1, 2]),
 (16, [1270, 108, 0, 0, 0, 1058, 1488, 0, 0, 0, 2, 1, 1, 1, 2]),
 (16, [1313, 103, 1, 1, 0, 1313, 867, 1, 0, 2, 3, 0, 2, 0, 0]),
 (16, [1404, 62, 1, 0, 1, 556, 817, 0, 0, 1, 4, 1, 1, 1, 1]),
 (16, [1460, 29, 1, 1, 1, 868, 1537, 1, 0, 2, 2, 0, 0, 0, 0]),
 (16, [1500, 101, 1, 0, 1, 1591, 876, 1, 0, 0, 4, 0, 0, 1, 2]),
 (16, [1627, 13, 1, 1, 1, 902, 1192, 0, 1, 0, 4, 0, 0, 0, 0]),
 (16, [1917, 19, 0, 1, 1, 987, 559, 0, 1, 1, 3, 0, 1, 0, 1]),
 (16, [1963, 69, 0, 0, 1, 1827, 516, 1, 1, 2, 4, 1, 0, 1, 2]),
 (16, [1972, 84, 0, 0, 0, 1504, 1689, 1, 1, 0, 3, 0, 0, 1, 2]),
 (33, [1842, 93, 0, 1, 0, 1064, 1609, 0, 0, 1, 2, 1, 0, 2, 1]),
 (999, [609, 45, 1, 1, 0, 1336, 1475, 0, 1, 1, 5, 1, 1, 1, 2]),
 (999, [679, 25, 0, 1, 1, 1919, 1447, 0, 0, 3, 0, 1, 2, 1, 2]),
 (999, [745, 90, 0, 1, 1, 572, 706, 1, 0, 2, 5, 1, 1, 2, 1]),
 (999, [1270, 45, 0, 0, 0, 1069, 1902, 0, 1, 3, 3, 1, 2, 1, 0]),
 (999, [1439, 38, 0, 1, 0, 1096, 1228, 1, 0, 3, 3, 0, 0, 2, 1]),
 (999, [1504, 48, 0, 0, 0, 1530, 1355, 1, 1, 3, 4, 0, 2, 2, 0]),
 (999, [1603, 90, 0, 0, 1, 776, 1555, 0, 1, 2, 5, 1, 0, 2, 0]),
 (999, [1632, 93, 0, 0, 0, 616, 1966, 0, 1, 0, 5, 0, 2, 2, 1]),
 (999, [1782, 25, 1, 0, 1, 640, 645, 1, 0, 2, 5, 0, 1, 2, 1])]
Selected
[(12, [1067, 58, 0, 1, 0, 929, 1523, 0, 0, 0, 0, 1, 0, 0, 0]),
 (12, [975, 92, 0, 0, 1, 1549, 1825, 1, 1, 2, 4, 1, 2, 0, 0]),
 (12, [1067, 58, 0, 1, 0, 929, 1523, 0, 0, 0, 0, 1, 0, 0, 0]),
 (12, [680, 38, 0, 0, 0, 1538, 1821, 0, 0, 0, 3, 1, 0, 2, 2]),
 (12, [680, 38, 0, 0, 0, 1538, 1821, 0, 0, 0, 3, 1, 0, 2, 2]),
 (16, [1313, 103, 1, 1, 0, 1313, 867, 1, 0, 2, 3, 0, 2, 0, 0]),
 (16, [566, 33, 0, 1, 0, 1354, 968, 0, 1, 1, 3, 1, 1, 0, 1]),
 (12, [680, 38, 0, 0, 0, 1538, 1821, 0, 0, 0, 3, 1, 0, 2, 2]),
 (16, [1270, 108, 0, 0, 0, 1058, 1488, 0, 0, 0, 2, 1, 1, 1, 2]),
 (12, [1067, 58, 0, 1, 0, 929, 1523, 0, 0, 0, 0, 1, 0, 0, 0]),
 (12, [1114, 21, 1, 1, 0, 704, 1426, 0, 0, 1, 4, 0, 2, 2, 1]),
 (16, [513, 11, 1, 0, 1, 1015, 1103, 0, 1, 0, 4, 0, 1, 2, 2]),
 (12, [1729, 108, 0, 1, 1, 513, 1943, 0, 0, 1, 2, 1, 1, 2, 2]),
 (12, [680, 38, 0, 0, 0, 1538, 1821, 0, 0, 0, 3, 1, 0, 2, 2]),
 (12, [680, 38, 0, 0, 0, 1538, 1821, 0, 0, 0, 3, 1, 0, 2, 2]),
 (12, [1729, 108, 0, 1, 1, 513, 1943, 0, 0, 1, 2, 1, 1, 2, 2]),
 (16, [874, 104, 0, 0, 0, 835, 593, 0, 0, 0, 0, 1, 2, 0, 0]),
 (16, [874, 104, 0, 0, 0, 835, 593, 0, 0, 0, 0, 1, 2, 0, 0]),
 (12, [680, 38, 0, 0, 0, 1538, 1821, 0, 0, 0, 3, 1, 0, 2, 2]),
 (12, [680, 38, 0, 0, 0, 1538, 1821, 0, 0, 0, 3, 1, 0, 2, 2]),
 (12, [1114, 21, 1, 1, 0, 704, 1426, 0, 0, 1, 4, 0, 2, 2, 1]),
 (16, [566, 33, 0, 1, 0, 1354, 968, 0, 1, 1, 3, 1, 1, 0, 1]),
 (12, [1067, 58, 0, 1, 0, 929, 1523, 0, 0, 0, 0, 1, 0, 0, 0]),
 (12, [975, 92, 0, 0, 1, 1549, 1825, 1, 1, 2, 4, 1, 2, 0, 0]),
 (12, [1729, 108, 0, 1, 1, 513, 1943, 0, 0, 1, 2, 1, 1, 2, 2]),
 (12, [975, 92, 0, 0, 1, 1549, 1825, 1, 1, 2, 4, 1, 2, 0, 0]),
 (12, [1067, 58, 0, 1, 0, 929, 1523, 0, 0, 0, 0, 1, 0, 0, 0])]
population
[(999, [1782, 25, 1, 0, 1, 640, 645, 1, 0, 2, 5, 0, 1, 2, 1]),
 (999, [1632, 93, 0, 0, 0, 616, 1966, 0, 1, 0, 5, 0, 2, 2, 1]),
 (999, [1603, 90, 0, 0, 1, 776, 1555, 0, 1, 2, 5, 1, 0, 2, 0]),
 (999, [1504, 48, 0, 0, 0, 1530, 1355, 1, 1, 3, 4, 0, 2, 2, 0]),
 (999, [1439, 38, 0, 1, 0, 1096, 1228, 1, 0, 3, 3, 0, 0, 2, 1]),
 (999, [1270, 45, 0, 0, 0, 1069, 1902, 0, 1, 3, 3, 1, 2, 1, 0]),
 (999, [745, 90, 0, 1, 1, 572, 706, 1, 0, 2, 5, 1, 1, 2, 1]),
 (999, [679, 25, 0, 1, 1, 1919, 1447, 0, 0, 3, 0, 1, 2, 1, 2]),
 (999, [609, 45, 1, 1, 0, 1336, 1475, 0, 1, 1, 5, 1, 1, 1, 2]),
 (33, [1842, 93, 0, 1, 0, 1064, 1609, 0, 0, 1, 2, 1, 0, 2, 1]),
 (16, [1972, 84, 0, 0, 0, 1504, 1689, 1, 1, 0, 3, 0, 0, 1, 2]),
 (16, [1963, 69, 0, 0, 1, 1827, 516, 1, 1, 2, 4, 1, 0, 1, 2]),
 (16, [1917, 19, 0, 1, 1, 987, 559, 0, 1, 1, 3, 0, 1, 0, 1]),
 (16, [1627, 13, 1, 1, 1, 902, 1192, 0, 1, 0, 4, 0, 0, 0, 0]),
 (16, [1500, 101, 1, 0, 1, 1591, 876, 1, 0, 0, 4, 0, 0, 1, 2]),
 (16, [1460, 29, 1, 1, 1, 868, 1537, 1, 0, 2, 2, 0, 0, 0, 0]),
 (16, [1404, 62, 1, 0, 1, 556, 817, 0, 0, 1, 4, 1, 1, 1, 1]),
 (16, [1313, 103, 1, 1, 0, 1313, 867, 1, 0, 2, 3, 0, 2, 0, 0]),
 (16, [1270, 108, 0, 0, 0, 1058, 1488, 0, 0, 0, 2, 1, 1, 1, 2]),
 (16, [1238, 91, 0, 0, 1, 1140, 1143, 1, 1, 0, 3, 0, 1, 1, 2]),
 (16, [1039, 74, 0, 0, 0, 1922, 1255, 0, 1, 2, 1, 0, 0, 0, 1]),
 (16, [874, 104, 0, 0, 0, 835, 593, 0, 0, 0, 0, 1, 2, 0, 0]),
 (16, [851, 30, 0, 1, 0, 1917, 1454, 0, 0, 1, 1, 0, 1, 0, 0]),
 (16, [740, 31, 1, 0, 1, 1943, 1526, 0, 0, 1, 3, 1, 0, 2, 0]),
 (16, [635, 38, 1, 1, 1, 1122, 1069, 0, 0, 1, 0, 1, 0, 1, 2]),
 (16, [566, 33, 0, 1, 0, 1354, 968, 0, 1, 1, 3, 1, 1, 0, 1]),
 (16, [513, 11, 1, 0, 1, 1015, 1103, 0, 1, 0, 4, 0, 1, 2, 2]),
 (12, [1729, 108, 0, 1, 1, 513, 1943, 0, 0, 1, 2, 1, 1, 2, 2]),
 (12, [1114, 21, 1, 1, 0, 704, 1426, 0, 0, 1, 4, 0, 2, 2, 1]),
 (12, [1067, 58, 0, 1, 0, 929, 1523, 0, 0, 0, 0, 1, 0, 0, 0]),
 (12, [975, 92, 0, 0, 1, 1549, 1825, 1, 1, 2, 4, 1, 2, 0, 0]),
 (12, [680, 38, 0, 0, 0, 1538, 1821, 0, 0, 0, 3, 1, 0, 2, 2])]
scored
[(12, [680, 38, 0, 0, 0, 1538, 1821, 0, 0, 0, 3, 1, 0, 2, 2]),
 (12, [975, 92, 0, 0, 1, 1549, 1825, 1, 1, 2, 4, 1, 2, 0, 0]),
 (12, [1067, 58, 0, 1, 0, 929, 1523, 0, 0, 0, 0, 1, 0, 0, 0]),
 (12, [1114, 21, 1, 1, 0, 704, 1426, 0, 0, 1, 4, 0, 2, 2, 1]),
 (12, [1729, 108, 0, 1, 1, 513, 1943, 0, 0, 1, 2, 1, 1, 2, 2]),
 (16, [513, 11, 1, 0, 1, 1015, 1103, 0, 1, 0, 4, 0, 1, 2, 2]),
 (16, [566, 33, 0, 1, 0, 1354, 968, 0, 1, 1, 3, 1, 1, 0, 1]),
 (16, [635, 38, 1, 1, 1, 1122, 1069, 0, 0, 1, 0, 1, 0, 1, 2]),
 (16, [740, 31, 1, 0, 1, 1943, 1526, 0, 0, 1, 3, 1, 0, 2, 0]),
 (16, [851, 30, 0, 1, 0, 1917, 1454, 0, 0, 1, 1, 0, 1, 0, 0]),
 (16, [874, 104, 0, 0, 0, 835, 593, 0, 0, 0, 0, 1, 2, 0, 0]),
 (16, [1039, 74, 0, 0, 0, 1922, 1255, 0, 1, 2, 1, 0, 0, 0, 1]),
 (16, [1238, 91, 0, 0, 1, 1140, 1143, 1, 1, 0, 3, 0, 1, 1, 2]),
 (16, [1270, 108, 0, 0, 0, 1058, 1488, 0, 0, 0, 2, 1, 1, 1, 2]),
 (16, [1313, 103, 1, 1, 0, 1313, 867, 1, 0, 2, 3, 0, 2, 0, 0]),
 (16, [1404, 62, 1, 0, 1, 556, 817, 0, 0, 1, 4, 1, 1, 1, 1]),
 (16, [1460, 29, 1, 1, 1, 868, 1537, 1, 0, 2, 2, 0, 0, 0, 0]),
 (16, [1500, 101, 1, 0, 1, 1591, 876, 1, 0, 0, 4, 0, 0, 1, 2]),
 (16, [1627, 13, 1, 1, 1, 902, 1192, 0, 1, 0, 4, 0, 0, 0, 0]),
 (16, [1917, 19, 0, 1, 1, 987, 559, 0, 1, 1, 3, 0, 1, 0, 1]),
 (16, [1963, 69, 0, 0, 1, 1827, 516, 1, 1, 2, 4, 1, 0, 1, 2]),
 (16, [1972, 84, 0, 0, 0, 1504, 1689, 1, 1, 0, 3, 0, 0, 1, 2]),
 (33, [1842, 93, 0, 1, 0, 1064, 1609, 0, 0, 1, 2, 1, 0, 2, 1]),
 (999, [609, 45, 1, 1, 0, 1336, 1475, 0, 1, 1, 5, 1, 1, 1, 2]),
 (999, [679, 25, 0, 1, 1, 1919, 1447, 0, 0, 3, 0, 1, 2, 1, 2]),
 (999, [745, 90, 0, 1, 1, 572, 706, 1, 0, 2, 5, 1, 1, 2, 1]),
 (999, [1270, 45, 0, 0, 0, 1069, 1902, 0, 1, 3, 3, 1, 2, 1, 0]),
 (999, [1439, 38, 0, 1, 0, 1096, 1228, 1, 0, 3, 3, 0, 0, 2, 1]),
 (999, [1504, 48, 0, 0, 0, 1530, 1355, 1, 1, 3, 4, 0, 2, 2, 0]),
 (999, [1603, 90, 0, 0, 1, 776, 1555, 0, 1, 2, 5, 1, 0, 2, 0]),
 (999, [1632, 93, 0, 0, 0, 616, 1966, 0, 1, 0, 5, 0, 2, 2, 1]),
 (999, [1782, 25, 1, 0, 1, 640, 645, 1, 0, 2, 5, 0, 1, 2, 1])]
Selected
[(12, [975, 92, 0, 0, 1, 1549, 1825, 1, 1, 2, 4, 1, 2, 0, 0]),
 (12, [1067, 58, 0, 1, 0, 929, 1523, 0, 0, 0, 0, 1, 0, 0, 0]),
 (12, [1067, 58, 0, 1, 0, 929, 1523, 0, 0, 0, 0, 1, 0, 0, 0]),
 (16, [566, 33, 0, 1, 0, 1354, 968, 0, 1, 1, 3, 1, 1, 0, 1]),
 (12, [1114, 21, 1, 1, 0, 704, 1426, 0, 0, 1, 4, 0, 2, 2, 1]),
 (16, [635, 38, 1, 1, 1, 1122, 1069, 0, 0, 1, 0, 1, 0, 1, 2]),
 (12, [680, 38, 0, 0, 0, 1538, 1821, 0, 0, 0, 3, 1, 0, 2, 2]),
 (12, [1067, 58, 0, 1, 0, 929, 1523, 0, 0, 0, 0, 1, 0, 0, 0]),
 (16, [1500, 101, 1, 0, 1, 1591, 876, 1, 0, 0, 4, 0, 0, 1, 2]),
 (16, [874, 104, 0, 0, 0, 835, 593, 0, 0, 0, 0, 1, 2, 0, 0]),
 (16, [513, 11, 1, 0, 1, 1015, 1103, 0, 1, 0, 4, 0, 1, 2, 2]),
 (12, [975, 92, 0, 0, 1, 1549, 1825, 1, 1, 2, 4, 1, 2, 0, 0]),
 (16, [513, 11, 1, 0, 1, 1015, 1103, 0, 1, 0, 4, 0, 1, 2, 2]),
 (12, [1114, 21, 1, 1, 0, 704, 1426, 0, 0, 1, 4, 0, 2, 2, 1]),
 (12, [1729, 108, 0, 1, 1, 513, 1943, 0, 0, 1, 2, 1, 1, 2, 2]),
 (12, [1067, 58, 0, 1, 0, 929, 1523, 0, 0, 0, 0, 1, 0, 0, 0]),
 (16, [513, 11, 1, 0, 1, 1015, 1103, 0, 1, 0, 4, 0, 1, 2, 2]),
 (12, [680, 38, 0, 0, 0, 1538, 1821, 0, 0, 0, 3, 1, 0, 2, 2]),
 (12, [1729, 108, 0, 1, 1, 513, 1943, 0, 0, 1, 2, 1, 1, 2, 2]),
 (12, [1729, 108, 0, 1, 1, 513, 1943, 0, 0, 1, 2, 1, 1, 2, 2]),
 (12, [975, 92, 0, 0, 1, 1549, 1825, 1, 1, 2, 4, 1, 2, 0, 0]),
 (12, [975, 92, 0, 0, 1, 1549, 1825, 1, 1, 2, 4, 1, 2, 0, 0]),
 (12, [1067, 58, 0, 1, 0, 929, 1523, 0, 0, 0, 0, 1, 0, 0, 0]),
 (16, [1313, 103, 1, 1, 0, 1313, 867, 1, 0, 2, 3, 0, 2, 0, 0]),
 (16, [513, 11, 1, 0, 1, 1015, 1103, 0, 1, 0, 4, 0, 1, 2, 2]),
 (12, [1067, 58, 0, 1, 0, 929, 1523, 0, 0, 0, 0, 1, 0, 0, 0]),
 (12, [975, 92, 0, 0, 1, 1549, 1825, 1, 1, 2, 4, 1, 2, 0, 0])]
population
[(999, [1782, 25, 1, 0, 1, 640, 645, 1, 0, 2, 5, 0, 1, 2, 1]),
 (999, [1632, 93, 0, 0, 0, 616, 1966, 0, 1, 0, 5, 0, 2, 2, 1]),
 (999, [1603, 90, 0, 0, 1, 776, 1555, 0, 1, 2, 5, 1, 0, 2, 0]),
 (999, [1504, 48, 0, 0, 0, 1530, 1355, 1, 1, 3, 4, 0, 2, 2, 0]),
 (999, [1439, 38, 0, 1, 0, 1096, 1228, 1, 0, 3, 3, 0, 0, 2, 1]),
 (999, [1270, 45, 0, 0, 0, 1069, 1902, 0, 1, 3, 3, 1, 2, 1, 0]),
 (999, [745, 90, 0, 1, 1, 572, 706, 1, 0, 2, 5, 1, 1, 2, 1]),
 (999, [679, 25, 0, 1, 1, 1919, 1447, 0, 0, 3, 0, 1, 2, 1, 2]),
 (999, [609, 45, 1, 1, 0, 1336, 1475, 0, 1, 1, 5, 1, 1, 1, 2]),
 (33, [1842, 93, 0, 1, 0, 1064, 1609, 0, 0, 1, 2, 1, 0, 2, 1]),
 (16, [1972, 84, 0, 0, 0, 1504, 1689, 1, 1, 0, 3, 0, 0, 1, 2]),
 (16, [1963, 69, 0, 0, 1, 1827, 516, 1, 1, 2, 4, 1, 0, 1, 2]),
 (16, [1917, 19, 0, 1, 1, 987, 559, 0, 1, 1, 3, 0, 1, 0, 1]),
 (16, [1627, 13, 1, 1, 1, 902, 1192, 0, 1, 0, 4, 0, 0, 0, 0]),
 (16, [1500, 101, 1, 0, 1, 1591, 876, 1, 0, 0, 4, 0, 0, 1, 2]),
 (16, [1460, 29, 1, 1, 1, 868, 1537, 1, 0, 2, 2, 0, 0, 0, 0]),
 (16, [1404, 62, 1, 0, 1, 556, 817, 0, 0, 1, 4, 1, 1, 1, 1]),
 (16, [1313, 103, 1, 1, 0, 1313, 867, 1, 0, 2, 3, 0, 2, 0, 0]),
 (16, [1270, 108, 0, 0, 0, 1058, 1488, 0, 0, 0, 2, 1, 1, 1, 2]),
 (16, [1238, 91, 0, 0, 1, 1140, 1143, 1, 1, 0, 3, 0, 1, 1, 2]),
 (16, [1039, 74, 0, 0, 0, 1922, 1255, 0, 1, 2, 1, 0, 0, 0, 1]),
 (16, [874, 104, 0, 0, 0, 835, 593, 0, 0, 0, 0, 1, 2, 0, 0]),
 (16, [851, 30, 0, 1, 0, 1917, 1454, 0, 0, 1, 1, 0, 1, 0, 0]),
 (16, [740, 31, 1, 0, 1, 1943, 1526, 0, 0, 1, 3, 1, 0, 2, 0]),
 (16, [635, 38, 1, 1, 1, 1122, 1069, 0, 0, 1, 0, 1, 0, 1, 2]),
 (16, [566, 33, 0, 1, 0, 1354, 968, 0, 1, 1, 3, 1, 1, 0, 1]),
 (16, [513, 11, 1, 0, 1, 1015, 1103, 0, 1, 0, 4, 0, 1, 2, 2]),
 (12, [1729, 108, 0, 1, 1, 513, 1943, 0, 0, 1, 2, 1, 1, 2, 2]),
 (12, [1114, 21, 1, 1, 0, 704, 1426, 0, 0, 1, 4, 0, 2, 2, 1]),
 (12, [1067, 58, 0, 1, 0, 929, 1523, 0, 0, 0, 0, 1, 0, 0, 0]),
 (12, [975, 92, 0, 0, 1, 1549, 1825, 1, 1, 2, 4, 1, 2, 0, 0]),
 (12, [680, 38, 0, 0, 0, 1538, 1821, 0, 0, 0, 3, 1, 0, 2, 2])]
scored
[(12, [680, 38, 0, 0, 0, 1538, 1821, 0, 0, 0, 3, 1, 0, 2, 2]),
 (12, [975, 92, 0, 0, 1, 1549, 1825, 1, 1, 2, 4, 1, 2, 0, 0]),
 (12, [1067, 58, 0, 1, 0, 929, 1523, 0, 0, 0, 0, 1, 0, 0, 0]),
 (12, [1114, 21, 1, 1, 0, 704, 1426, 0, 0, 1, 4, 0, 2, 2, 1]),
 (12, [1729, 108, 0, 1, 1, 513, 1943, 0, 0, 1, 2, 1, 1, 2, 2]),
 (16, [513, 11, 1, 0, 1, 1015, 1103, 0, 1, 0, 4, 0, 1, 2, 2]),
 (16, [566, 33, 0, 1, 0, 1354, 968, 0, 1, 1, 3, 1, 1, 0, 1]),
 (16, [635, 38, 1, 1, 1, 1122, 1069, 0, 0, 1, 0, 1, 0, 1, 2]),
 (16, [740, 31, 1, 0, 1, 1943, 1526, 0, 0, 1, 3, 1, 0, 2, 0]),
 (16, [851, 30, 0, 1, 0, 1917, 1454, 0, 0, 1, 1, 0, 1, 0, 0]),
 (16, [874, 104, 0, 0, 0, 835, 593, 0, 0, 0, 0, 1, 2, 0, 0]),
 (16, [1039, 74, 0, 0, 0, 1922, 1255, 0, 1, 2, 1, 0, 0, 0, 1]),
 (16, [1238, 91, 0, 0, 1, 1140, 1143, 1, 1, 0, 3, 0, 1, 1, 2]),
 (16, [1270, 108, 0, 0, 0, 1058, 1488, 0, 0, 0, 2, 1, 1, 1, 2]),
 (16, [1313, 103, 1, 1, 0, 1313, 867, 1, 0, 2, 3, 0, 2, 0, 0]),
 (16, [1404, 62, 1, 0, 1, 556, 817, 0, 0, 1, 4, 1, 1, 1, 1]),
 (16, [1460, 29, 1, 1, 1, 868, 1537, 1, 0, 2, 2, 0, 0, 0, 0]),
 (16, [1500, 101, 1, 0, 1, 1591, 876, 1, 0, 0, 4, 0, 0, 1, 2]),
 (16, [1627, 13, 1, 1, 1, 902, 1192, 0, 1, 0, 4, 0, 0, 0, 0]),
 (16, [1917, 19, 0, 1, 1, 987, 559, 0, 1, 1, 3, 0, 1, 0, 1]),
 (16, [1963, 69, 0, 0, 1, 1827, 516, 1, 1, 2, 4, 1, 0, 1, 2]),
 (16, [1972, 84, 0, 0, 0, 1504, 1689, 1, 1, 0, 3, 0, 0, 1, 2]),
 (33, [1842, 93, 0, 1, 0, 1064, 1609, 0, 0, 1, 2, 1, 0, 2, 1]),
 (999, [609, 45, 1, 1, 0, 1336, 1475, 0, 1, 1, 5, 1, 1, 1, 2]),
 (999, [679, 25, 0, 1, 1, 1919, 1447, 0, 0, 3, 0, 1, 2, 1, 2]),
 (999, [745, 90, 0, 1, 1, 572, 706, 1, 0, 2, 5, 1, 1, 2, 1]),
 (999, [1270, 45, 0, 0, 0, 1069, 1902, 0, 1, 3, 3, 1, 2, 1, 0]),
 (999, [1439, 38, 0, 1, 0, 1096, 1228, 1, 0, 3, 3, 0, 0, 2, 1]),
 (999, [1504, 48, 0, 0, 0, 1530, 1355, 1, 1, 3, 4, 0, 2, 2, 0]),
 (999, [1603, 90, 0, 0, 1, 776, 1555, 0, 1, 2, 5, 1, 0, 2, 0]),
 (999, [1632, 93, 0, 0, 0, 616, 1966, 0, 1, 0, 5, 0, 2, 2, 1]),
 (999, [1782, 25, 1, 0, 1, 640, 645, 1, 0, 2, 5, 0, 1, 2, 1])]
Selected
[(16, [566, 33, 0, 1, 0, 1354, 968, 0, 1, 1, 3, 1, 1, 0, 1]),
 (16, [740, 31, 1, 0, 1, 1943, 1526, 0, 0, 1, 3, 1, 0, 2, 0]),
 (12, [680, 38, 0, 0, 0, 1538, 1821, 0, 0, 0, 3, 1, 0, 2, 2]),
 (12, [1067, 58, 0, 1, 0, 929, 1523, 0, 0, 0, 0, 1, 0, 0, 0]),
 (12, [1729, 108, 0, 1, 1, 513, 1943, 0, 0, 1, 2, 1, 1, 2, 2]),
 (12, [680, 38, 0, 0, 0, 1538, 1821, 0, 0, 0, 3, 1, 0, 2, 2]),
 (16, [513, 11, 1, 0, 1, 1015, 1103, 0, 1, 0, 4, 0, 1, 2, 2]),
 (16, [1238, 91, 0, 0, 1, 1140, 1143, 1, 1, 0, 3, 0, 1, 1, 2]),
 (12, [1067, 58, 0, 1, 0, 929, 1523, 0, 0, 0, 0, 1, 0, 0, 0]),
 (16, [566, 33, 0, 1, 0, 1354, 968, 0, 1, 1, 3, 1, 1, 0, 1]),
 (12, [975, 92, 0, 0, 1, 1549, 1825, 1, 1, 2, 4, 1, 2, 0, 0]),
 (12, [1067, 58, 0, 1, 0, 929, 1523, 0, 0, 0, 0, 1, 0, 0, 0]),
 (12, [1067, 58, 0, 1, 0, 929, 1523, 0, 0, 0, 0, 1, 0, 0, 0]),
 (12, [680, 38, 0, 0, 0, 1538, 1821, 0, 0, 0, 3, 1, 0, 2, 2]),
 (12, [680, 38, 0, 0, 0, 1538, 1821, 0, 0, 0, 3, 1, 0, 2, 2]),
 (12, [975, 92, 0, 0, 1, 1549, 1825, 1, 1, 2, 4, 1, 2, 0, 0]),
 (12, [680, 38, 0, 0, 0, 1538, 1821, 0, 0, 0, 3, 1, 0, 2, 2]),
 (12, [1067, 58, 0, 1, 0, 929, 1523, 0, 0, 0, 0, 1, 0, 0, 0]),
 (12, [1067, 58, 0, 1, 0, 929, 1523, 0, 0, 0, 0, 1, 0, 0, 0]),
 (12, [680, 38, 0, 0, 0, 1538, 1821, 0, 0, 0, 3, 1, 0, 2, 2]),
 (16, [851, 30, 0, 1, 0, 1917, 1454, 0, 0, 1, 1, 0, 1, 0, 0]),
 (12, [975, 92, 0, 0, 1, 1549, 1825, 1, 1, 2, 4, 1, 2, 0, 0]),
 (12, [1114, 21, 1, 1, 0, 704, 1426, 0, 0, 1, 4, 0, 2, 2, 1]),
 (16, [874, 104, 0, 0, 0, 835, 593, 0, 0, 0, 0, 1, 2, 0, 0]),
 (16, [851, 30, 0, 1, 0, 1917, 1454, 0, 0, 1, 1, 0, 1, 0, 0]),
 (12, [1729, 108, 0, 1, 1, 513, 1943, 0, 0, 1, 2, 1, 1, 2, 2]),
 (12, [680, 38, 0, 0, 0, 1538, 1821, 0, 0, 0, 3, 1, 0, 2, 2])]
population
[(999, [1782, 25, 1, 0, 1, 640, 645, 1, 0, 2, 5, 0, 1, 2, 1]),
 (999, [1632, 93, 0, 0, 0, 616, 1966, 0, 1, 0, 5, 0, 2, 2, 1]),
 (999, [1603, 90, 0, 0, 1, 776, 1555, 0, 1, 2, 5, 1, 0, 2, 0]),
 (999, [1504, 48, 0, 0, 0, 1530, 1355, 1, 1, 3, 4, 0, 2, 2, 0]),
 (999, [1439, 38, 0, 1, 0, 1096, 1228, 1, 0, 3, 3, 0, 0, 2, 1]),
 (999, [1270, 45, 0, 0, 0, 1069, 1902, 0, 1, 3, 3, 1, 2, 1, 0]),
 (999, [745, 90, 0, 1, 1, 572, 706, 1, 0, 2, 5, 1, 1, 2, 1]),
 (999, [679, 25, 0, 1, 1, 1919, 1447, 0, 0, 3, 0, 1, 2, 1, 2]),
 (999, [609, 45, 1, 1, 0, 1336, 1475, 0, 1, 1, 5, 1, 1, 1, 2]),
 (33, [1842, 93, 0, 1, 0, 1064, 1609, 0, 0, 1, 2, 1, 0, 2, 1]),
 (16, [1972, 84, 0, 0, 0, 1504, 1689, 1, 1, 0, 3, 0, 0, 1, 2]),
 (16, [1963, 69, 0, 0, 1, 1827, 516, 1, 1, 2, 4, 1, 0, 1, 2]),
 (16, [1917, 19, 0, 1, 1, 987, 559, 0, 1, 1, 3, 0, 1, 0, 1]),
 (16, [1627, 13, 1, 1, 1, 902, 1192, 0, 1, 0, 4, 0, 0, 0, 0]),
 (16, [1500, 101, 1, 0, 1, 1591, 876, 1, 0, 0, 4, 0, 0, 1, 2]),
 (16, [1460, 29, 1, 1, 1, 868, 1537, 1, 0, 2, 2, 0, 0, 0, 0]),
 (16, [1404, 62, 1, 0, 1, 556, 817, 0, 0, 1, 4, 1, 1, 1, 1]),
 (16, [1313, 103, 1, 1, 0, 1313, 867, 1, 0, 2, 3, 0, 2, 0, 0]),
 (16, [1270, 108, 0, 0, 0, 1058, 1488, 0, 0, 0, 2, 1, 1, 1, 2]),
 (16, [1238, 91, 0, 0, 1, 1140, 1143, 1, 1, 0, 3, 0, 1, 1, 2]),
 (16, [1039, 74, 0, 0, 0, 1922, 1255, 0, 1, 2, 1, 0, 0, 0, 1]),
 (16, [874, 104, 0, 0, 0, 835, 593, 0, 0, 0, 0, 1, 2, 0, 0]),
 (16, [851, 30, 0, 1, 0, 1917, 1454, 0, 0, 1, 1, 0, 1, 0, 0]),
 (16, [740, 31, 1, 0, 1, 1943, 1526, 0, 0, 1, 3, 1, 0, 2, 0]),
 (16, [635, 38, 1, 1, 1, 1122, 1069, 0, 0, 1, 0, 1, 0, 1, 2]),
 (16, [566, 33, 0, 1, 0, 1354, 968, 0, 1, 1, 3, 1, 1, 0, 1]),
 (16, [513, 11, 1, 0, 1, 1015, 1103, 0, 1, 0, 4, 0, 1, 2, 2]),
 (12, [1729, 108, 0, 1, 1, 513, 1943, 0, 0, 1, 2, 1, 1, 2, 2]),
 (12, [1114, 21, 1, 1, 0, 704, 1426, 0, 0, 1, 4, 0, 2, 2, 1]),
 (12, [1067, 58, 0, 1, 0, 929, 1523, 0, 0, 0, 0, 1, 0, 0, 0]),
 (12, [975, 92, 0, 0, 1, 1549, 1825, 1, 1, 2, 4, 1, 2, 0, 0]),
 (12, [680, 38, 0, 0, 0, 1538, 1821, 0, 0, 0, 3, 1, 0, 2, 2])]
scored
[(12, [680, 38, 0, 0, 0, 1538, 1821, 0, 0, 0, 3, 1, 0, 2, 2]),
 (12, [975, 92, 0, 0, 1, 1549, 1825, 1, 1, 2, 4, 1, 2, 0, 0]),
 (12, [1067, 58, 0, 1, 0, 929, 1523, 0, 0, 0, 0, 1, 0, 0, 0]),
 (12, [1114, 21, 1, 1, 0, 704, 1426, 0, 0, 1, 4, 0, 2, 2, 1]),
 (12, [1729, 108, 0, 1, 1, 513, 1943, 0, 0, 1, 2, 1, 1, 2, 2]),
 (16, [513, 11, 1, 0, 1, 1015, 1103, 0, 1, 0, 4, 0, 1, 2, 2]),
 (16, [566, 33, 0, 1, 0, 1354, 968, 0, 1, 1, 3, 1, 1, 0, 1]),
 (16, [635, 38, 1, 1, 1, 1122, 1069, 0, 0, 1, 0, 1, 0, 1, 2]),
 (16, [740, 31, 1, 0, 1, 1943, 1526, 0, 0, 1, 3, 1, 0, 2, 0]),
 (16, [851, 30, 0, 1, 0, 1917, 1454, 0, 0, 1, 1, 0, 1, 0, 0]),
 (16, [874, 104, 0, 0, 0, 835, 593, 0, 0, 0, 0, 1, 2, 0, 0]),
 (16, [1039, 74, 0, 0, 0, 1922, 1255, 0, 1, 2, 1, 0, 0, 0, 1]),
 (16, [1238, 91, 0, 0, 1, 1140, 1143, 1, 1, 0, 3, 0, 1, 1, 2]),
 (16, [1270, 108, 0, 0, 0, 1058, 1488, 0, 0, 0, 2, 1, 1, 1, 2]),
 (16, [1313, 103, 1, 1, 0, 1313, 867, 1, 0, 2, 3, 0, 2, 0, 0]),
 (16, [1404, 62, 1, 0, 1, 556, 817, 0, 0, 1, 4, 1, 1, 1, 1]),
 (16, [1460, 29, 1, 1, 1, 868, 1537, 1, 0, 2, 2, 0, 0, 0, 0]),
 (16, [1500, 101, 1, 0, 1, 1591, 876, 1, 0, 0, 4, 0, 0, 1, 2]),
 (16, [1627, 13, 1, 1, 1, 902, 1192, 0, 1, 0, 4, 0, 0, 0, 0]),
 (16, [1917, 19, 0, 1, 1, 987, 559, 0, 1, 1, 3, 0, 1, 0, 1]),
 (16, [1963, 69, 0, 0, 1, 1827, 516, 1, 1, 2, 4, 1, 0, 1, 2]),
 (16, [1972, 84, 0, 0, 0, 1504, 1689, 1, 1, 0, 3, 0, 0, 1, 2]),
 (33, [1842, 93, 0, 1, 0, 1064, 1609, 0, 0, 1, 2, 1, 0, 2, 1]),
 (999, [609, 45, 1, 1, 0, 1336, 1475, 0, 1, 1, 5, 1, 1, 1, 2]),
 (999, [679, 25, 0, 1, 1, 1919, 1447, 0, 0, 3, 0, 1, 2, 1, 2]),
 (999, [745, 90, 0, 1, 1, 572, 706, 1, 0, 2, 5, 1, 1, 2, 1]),
 (999, [1270, 45, 0, 0, 0, 1069, 1902, 0, 1, 3, 3, 1, 2, 1, 0]),
 (999, [1439, 38, 0, 1, 0, 1096, 1228, 1, 0, 3, 3, 0, 0, 2, 1]),
 (999, [1504, 48, 0, 0, 0, 1530, 1355, 1, 1, 3, 4, 0, 2, 2, 0]),
 (999, [1603, 90, 0, 0, 1, 776, 1555, 0, 1, 2, 5, 1, 0, 2, 0]),
 (999, [1632, 93, 0, 0, 0, 616, 1966, 0, 1, 0, 5, 0, 2, 2, 1]),
 (999, [1782, 25, 1, 0, 1, 640, 645, 1, 0, 2, 5, 0, 1, 2, 1])]
Selected
[(16, [1460, 29, 1, 1, 1, 868, 1537, 1, 0, 2, 2, 0, 0, 0, 0]),
 (12, [975, 92, 0, 0, 1, 1549, 1825, 1, 1, 2, 4, 1, 2, 0, 0]),
 (12, [975, 92, 0, 0, 1, 1549, 1825, 1, 1, 2, 4, 1, 2, 0, 0]),
 (12, [680, 38, 0, 0, 0, 1538, 1821, 0, 0, 0, 3, 1, 0, 2, 2]),
 (16, [566, 33, 0, 1, 0, 1354, 968, 0, 1, 1, 3, 1, 1, 0, 1]),
 (16, [635, 38, 1, 1, 1, 1122, 1069, 0, 0, 1, 0, 1, 0, 1, 2]),
 (16, [513, 11, 1, 0, 1, 1015, 1103, 0, 1, 0, 4, 0, 1, 2, 2]),
 (16, [1627, 13, 1, 1, 1, 902, 1192, 0, 1, 0, 4, 0, 0, 0, 0]),
 (16, [513, 11, 1, 0, 1, 1015, 1103, 0, 1, 0, 4, 0, 1, 2, 2]),
 (12, [680, 38, 0, 0, 0, 1538, 1821, 0, 0, 0, 3, 1, 0, 2, 2]),
 (16, [1039, 74, 0, 0, 0, 1922, 1255, 0, 1, 2, 1, 0, 0, 0, 1]),
 (12, [975, 92, 0, 0, 1, 1549, 1825, 1, 1, 2, 4, 1, 2, 0, 0]),
 (16, [851, 30, 0, 1, 0, 1917, 1454, 0, 0, 1, 1, 0, 1, 0, 0]),
 (12, [680, 38, 0, 0, 0, 1538, 1821, 0, 0, 0, 3, 1, 0, 2, 2]),
 (12, [1729, 108, 0, 1, 1, 513, 1943, 0, 0, 1, 2, 1, 1, 2, 2]),
 (16, [740, 31, 1, 0, 1, 1943, 1526, 0, 0, 1, 3, 1, 0, 2, 0]),
 (16, [740, 31, 1, 0, 1, 1943, 1526, 0, 0, 1, 3, 1, 0, 2, 0]),
 (12, [975, 92, 0, 0, 1, 1549, 1825, 1, 1, 2, 4, 1, 2, 0, 0]),
 (16, [513, 11, 1, 0, 1, 1015, 1103, 0, 1, 0, 4, 0, 1, 2, 2]),
 (12, [975, 92, 0, 0, 1, 1549, 1825, 1, 1, 2, 4, 1, 2, 0, 0]),
 (16, [1270, 108, 0, 0, 0, 1058, 1488, 0, 0, 0, 2, 1, 1, 1, 2]),
 (12, [975, 92, 0, 0, 1, 1549, 1825, 1, 1, 2, 4, 1, 2, 0, 0]),
 (16, [566, 33, 0, 1, 0, 1354, 968, 0, 1, 1, 3, 1, 1, 0, 1]),
 (16, [513, 11, 1, 0, 1, 1015, 1103, 0, 1, 0, 4, 0, 1, 2, 2]),
 (12, [975, 92, 0, 0, 1, 1549, 1825, 1, 1, 2, 4, 1, 2, 0, 0]),
 (16, [635, 38, 1, 1, 1, 1122, 1069, 0, 0, 1, 0, 1, 0, 1, 2]),
 (12, [680, 38, 0, 0, 0, 1538, 1821, 0, 0, 0, 3, 1, 0, 2, 2])]
population
[(999, [1782, 25, 1, 0, 1, 640, 645, 1, 0, 2, 5, 0, 1, 2, 1]),
 (999, [1632, 93, 0, 0, 0, 616, 1966, 0, 1, 0, 5, 0, 2, 2, 1]),
 (999, [1603, 90, 0, 0, 1, 776, 1555, 0, 1, 2, 5, 1, 0, 2, 0]),
 (999, [1504, 48, 0, 0, 0, 1530, 1355, 1, 1, 3, 4, 0, 2, 2, 0]),
 (999, [1439, 38, 0, 1, 0, 1096, 1228, 1, 0, 3, 3, 0, 0, 2, 1]),
 (999, [1270, 45, 0, 0, 0, 1069, 1902, 0, 1, 3, 3, 1, 2, 1, 0]),
 (999, [745, 90, 0, 1, 1, 572, 706, 1, 0, 2, 5, 1, 1, 2, 1]),
 (999, [679, 25, 0, 1, 1, 1919, 1447, 0, 0, 3, 0, 1, 2, 1, 2]),
 (999, [609, 45, 1, 1, 0, 1336, 1475, 0, 1, 1, 5, 1, 1, 1, 2]),
 (33, [1842, 93, 0, 1, 0, 1064, 1609, 0, 0, 1, 2, 1, 0, 2, 1]),
 (16, [1972, 84, 0, 0, 0, 1504, 1689, 1, 1, 0, 3, 0, 0, 1, 2]),
 (16, [1963, 69, 0, 0, 1, 1827, 516, 1, 1, 2, 4, 1, 0, 1, 2]),
 (16, [1917, 19, 0, 1, 1, 987, 559, 0, 1, 1, 3, 0, 1, 0, 1]),
 (16, [1627, 13, 1, 1, 1, 902, 1192, 0, 1, 0, 4, 0, 0, 0, 0]),
 (16, [1500, 101, 1, 0, 1, 1591, 876, 1, 0, 0, 4, 0, 0, 1, 2]),
 (16, [1460, 29, 1, 1, 1, 868, 1537, 1, 0, 2, 2, 0, 0, 0, 0]),
 (16, [1404, 62, 1, 0, 1, 556, 817, 0, 0, 1, 4, 1, 1, 1, 1]),
 (16, [1313, 103, 1, 1, 0, 1313, 867, 1, 0, 2, 3, 0, 2, 0, 0]),
 (16, [1270, 108, 0, 0, 0, 1058, 1488, 0, 0, 0, 2, 1, 1, 1, 2]),
 (16, [1238, 91, 0, 0, 1, 1140, 1143, 1, 1, 0, 3, 0, 1, 1, 2]),
 (16, [1039, 74, 0, 0, 0, 1922, 1255, 0, 1, 2, 1, 0, 0, 0, 1]),
 (16, [874, 104, 0, 0, 0, 835, 593, 0, 0, 0, 0, 1, 2, 0, 0]),
 (16, [851, 30, 0, 1, 0, 1917, 1454, 0, 0, 1, 1, 0, 1, 0, 0]),
 (16, [740, 31, 1, 0, 1, 1943, 1526, 0, 0, 1, 3, 1, 0, 2, 0]),
 (16, [635, 38, 1, 1, 1, 1122, 1069, 0, 0, 1, 0, 1, 0, 1, 2]),
 (16, [566, 33, 0, 1, 0, 1354, 968, 0, 1, 1, 3, 1, 1, 0, 1]),
 (16, [513, 11, 1, 0, 1, 1015, 1103, 0, 1, 0, 4, 0, 1, 2, 2]),
 (12, [1729, 108, 0, 1, 1, 513, 1943, 0, 0, 1, 2, 1, 1, 2, 2]),
 (12, [1114, 21, 1, 1, 0, 704, 1426, 0, 0, 1, 4, 0, 2, 2, 1]),
 (12, [1067, 58, 0, 1, 0, 929, 1523, 0, 0, 0, 0, 1, 0, 0, 0]),
 (12, [975, 92, 0, 0, 1, 1549, 1825, 1, 1, 2, 4, 1, 2, 0, 0]),
 (12, [680, 38, 0, 0, 0, 1538, 1821, 0, 0, 0, 3, 1, 0, 2, 2])]
scored
[(12, [680, 38, 0, 0, 0, 1538, 1821, 0, 0, 0, 3, 1, 0, 2, 2]),
 (12, [975, 92, 0, 0, 1, 1549, 1825, 1, 1, 2, 4, 1, 2, 0, 0]),
 (12, [1067, 58, 0, 1, 0, 929, 1523, 0, 0, 0, 0, 1, 0, 0, 0]),
 (12, [1114, 21, 1, 1, 0, 704, 1426, 0, 0, 1, 4, 0, 2, 2, 1]),
 (12, [1729, 108, 0, 1, 1, 513, 1943, 0, 0, 1, 2, 1, 1, 2, 2]),
 (16, [513, 11, 1, 0, 1, 1015, 1103, 0, 1, 0, 4, 0, 1, 2, 2]),
 (16, [566, 33, 0, 1, 0, 1354, 968, 0, 1, 1, 3, 1, 1, 0, 1]),
 (16, [635, 38, 1, 1, 1, 1122, 1069, 0, 0, 1, 0, 1, 0, 1, 2]),
 (16, [740, 31, 1, 0, 1, 1943, 1526, 0, 0, 1, 3, 1, 0, 2, 0]),
 (16, [851, 30, 0, 1, 0, 1917, 1454, 0, 0, 1, 1, 0, 1, 0, 0]),
 (16, [874, 104, 0, 0, 0, 835, 593, 0, 0, 0, 0, 1, 2, 0, 0]),
 (16, [1039, 74, 0, 0, 0, 1922, 1255, 0, 1, 2, 1, 0, 0, 0, 1]),
 (16, [1238, 91, 0, 0, 1, 1140, 1143, 1, 1, 0, 3, 0, 1, 1, 2]),
 (16, [1270, 108, 0, 0, 0, 1058, 1488, 0, 0, 0, 2, 1, 1, 1, 2]),
 (16, [1313, 103, 1, 1, 0, 1313, 867, 1, 0, 2, 3, 0, 2, 0, 0]),
 (16, [1404, 62, 1, 0, 1, 556, 817, 0, 0, 1, 4, 1, 1, 1, 1]),
 (16, [1460, 29, 1, 1, 1, 868, 1537, 1, 0, 2, 2, 0, 0, 0, 0]),
 (16, [1500, 101, 1, 0, 1, 1591, 876, 1, 0, 0, 4, 0, 0, 1, 2]),
 (16, [1627, 13, 1, 1, 1, 902, 1192, 0, 1, 0, 4, 0, 0, 0, 0]),
 (16, [1917, 19, 0, 1, 1, 987, 559, 0, 1, 1, 3, 0, 1, 0, 1]),
 (16, [1963, 69, 0, 0, 1, 1827, 516, 1, 1, 2, 4, 1, 0, 1, 2]),
 (16, [1972, 84, 0, 0, 0, 1504, 1689, 1, 1, 0, 3, 0, 0, 1, 2]),
 (33, [1842, 93, 0, 1, 0, 1064, 1609, 0, 0, 1, 2, 1, 0, 2, 1]),
 (999, [609, 45, 1, 1, 0, 1336, 1475, 0, 1, 1, 5, 1, 1, 1, 2]),
 (999, [679, 25, 0, 1, 1, 1919, 1447, 0, 0, 3, 0, 1, 2, 1, 2]),
 (999, [745, 90, 0, 1, 1, 572, 706, 1, 0, 2, 5, 1, 1, 2, 1]),
 (999, [1270, 45, 0, 0, 0, 1069, 1902, 0, 1, 3, 3, 1, 2, 1, 0]),
 (999, [1439, 38, 0, 1, 0, 1096, 1228, 1, 0, 3, 3, 0, 0, 2, 1]),
 (999, [1504, 48, 0, 0, 0, 1530, 1355, 1, 1, 3, 4, 0, 2, 2, 0]),
 (999, [1603, 90, 0, 0, 1, 776, 1555, 0, 1, 2, 5, 1, 0, 2, 0]),
 (999, [1632, 93, 0, 0, 0, 616, 1966, 0, 1, 0, 5, 0, 2, 2, 1]),
 (999, [1782, 25, 1, 0, 1, 640, 645, 1, 0, 2, 5, 0, 1, 2, 1])]
Selected
[(12, [680, 38, 0, 0, 0, 1538, 1821, 0, 0, 0, 3, 1, 0, 2, 2]),
 (12, [680, 38, 0, 0, 0, 1538, 1821, 0, 0, 0, 3, 1, 0, 2, 2]),
 (12, [680, 38, 0, 0, 0, 1538, 1821, 0, 0, 0, 3, 1, 0, 2, 2]),
 (12, [1114, 21, 1, 1, 0, 704, 1426, 0, 0, 1, 4, 0, 2, 2, 1]),
 (16, [874, 104, 0, 0, 0, 835, 593, 0, 0, 0, 0, 1, 2, 0, 0]),
 (16, [635, 38, 1, 1, 1, 1122, 1069, 0, 0, 1, 0, 1, 0, 1, 2]),
 (16, [740, 31, 1, 0, 1, 1943, 1526, 0, 0, 1, 3, 1, 0, 2, 0]),
 (16, [1270, 108, 0, 0, 0, 1058, 1488, 0, 0, 0, 2, 1, 1, 1, 2]),
 (12, [680, 38, 0, 0, 0, 1538, 1821, 0, 0, 0, 3, 1, 0, 2, 2]),
 (16, [513, 11, 1, 0, 1, 1015, 1103, 0, 1, 0, 4, 0, 1, 2, 2]),
 (12, [1729, 108, 0, 1, 1, 513, 1943, 0, 0, 1, 2, 1, 1, 2, 2]),
 (16, [513, 11, 1, 0, 1, 1015, 1103, 0, 1, 0, 4, 0, 1, 2, 2]),
 (16, [1039, 74, 0, 0, 0, 1922, 1255, 0, 1, 2, 1, 0, 0, 0, 1]),
 (12, [975, 92, 0, 0, 1, 1549, 1825, 1, 1, 2, 4, 1, 2, 0, 0]),
 (12, [680, 38, 0, 0, 0, 1538, 1821, 0, 0, 0, 3, 1, 0, 2, 2]),
 (12, [1114, 21, 1, 1, 0, 704, 1426, 0, 0, 1, 4, 0, 2, 2, 1]),
 (16, [513, 11, 1, 0, 1, 1015, 1103, 0, 1, 0, 4, 0, 1, 2, 2]),
 (12, [1729, 108, 0, 1, 1, 513, 1943, 0, 0, 1, 2, 1, 1, 2, 2]),
 (12, [1114, 21, 1, 1, 0, 704, 1426, 0, 0, 1, 4, 0, 2, 2, 1]),
 (16, [740, 31, 1, 0, 1, 1943, 1526, 0, 0, 1, 3, 1, 0, 2, 0]),
 (12, [1114, 21, 1, 1, 0, 704, 1426, 0, 0, 1, 4, 0, 2, 2, 1]),
 (12, [975, 92, 0, 0, 1, 1549, 1825, 1, 1, 2, 4, 1, 2, 0, 0]),
 (16, [1039, 74, 0, 0, 0, 1922, 1255, 0, 1, 2, 1, 0, 0, 0, 1]),
 (12, [680, 38, 0, 0, 0, 1538, 1821, 0, 0, 0, 3, 1, 0, 2, 2]),
 (12, [1067, 58, 0, 1, 0, 929, 1523, 0, 0, 0, 0, 1, 0, 0, 0]),
 (12, [1067, 58, 0, 1, 0, 929, 1523, 0, 0, 0, 0, 1, 0, 0, 0]),
 (16, [740, 31, 1, 0, 1, 1943, 1526, 0, 0, 1, 3, 1, 0, 2, 0])]
population
[(999, [1782, 25, 1, 0, 1, 640, 645, 1, 0, 2, 5, 0, 1, 2, 1]),
 (999, [1632, 93, 0, 0, 0, 616, 1966, 0, 1, 0, 5, 0, 2, 2, 1]),
 (999, [1603, 90, 0, 0, 1, 776, 1555, 0, 1, 2, 5, 1, 0, 2, 0]),
 (999, [1504, 48, 0, 0, 0, 1530, 1355, 1, 1, 3, 4, 0, 2, 2, 0]),
 (999, [1439, 38, 0, 1, 0, 1096, 1228, 1, 0, 3, 3, 0, 0, 2, 1]),
 (999, [1270, 45, 0, 0, 0, 1069, 1902, 0, 1, 3, 3, 1, 2, 1, 0]),
 (999, [745, 90, 0, 1, 1, 572, 706, 1, 0, 2, 5, 1, 1, 2, 1]),
 (999, [679, 25, 0, 1, 1, 1919, 1447, 0, 0, 3, 0, 1, 2, 1, 2]),
 (999, [609, 45, 1, 1, 0, 1336, 1475, 0, 1, 1, 5, 1, 1, 1, 2]),
 (33, [1842, 93, 0, 1, 0, 1064, 1609, 0, 0, 1, 2, 1, 0, 2, 1]),
 (16, [1972, 84, 0, 0, 0, 1504, 1689, 1, 1, 0, 3, 0, 0, 1, 2]),
 (16, [1963, 69, 0, 0, 1, 1827, 516, 1, 1, 2, 4, 1, 0, 1, 2]),
 (16, [1917, 19, 0, 1, 1, 987, 559, 0, 1, 1, 3, 0, 1, 0, 1]),
 (16, [1627, 13, 1, 1, 1, 902, 1192, 0, 1, 0, 4, 0, 0, 0, 0]),
 (16, [1500, 101, 1, 0, 1, 1591, 876, 1, 0, 0, 4, 0, 0, 1, 2]),
 (16, [1460, 29, 1, 1, 1, 868, 1537, 1, 0, 2, 2, 0, 0, 0, 0]),
 (16, [1404, 62, 1, 0, 1, 556, 817, 0, 0, 1, 4, 1, 1, 1, 1]),
 (16, [1313, 103, 1, 1, 0, 1313, 867, 1, 0, 2, 3, 0, 2, 0, 0]),
 (16, [1270, 108, 0, 0, 0, 1058, 1488, 0, 0, 0, 2, 1, 1, 1, 2]),
 (16, [1238, 91, 0, 0, 1, 1140, 1143, 1, 1, 0, 3, 0, 1, 1, 2]),
 (16, [1039, 74, 0, 0, 0, 1922, 1255, 0, 1, 2, 1, 0, 0, 0, 1]),
 (16, [874, 104, 0, 0, 0, 835, 593, 0, 0, 0, 0, 1, 2, 0, 0]),
 (16, [851, 30, 0, 1, 0, 1917, 1454, 0, 0, 1, 1, 0, 1, 0, 0]),
 (16, [740, 31, 1, 0, 1, 1943, 1526, 0, 0, 1, 3, 1, 0, 2, 0]),
 (16, [635, 38, 1, 1, 1, 1122, 1069, 0, 0, 1, 0, 1, 0, 1, 2]),
 (16, [566, 33, 0, 1, 0, 1354, 968, 0, 1, 1, 3, 1, 1, 0, 1]),
 (16, [513, 11, 1, 0, 1, 1015, 1103, 0, 1, 0, 4, 0, 1, 2, 2]),
 (12, [1729, 108, 0, 1, 1, 513, 1943, 0, 0, 1, 2, 1, 1, 2, 2]),
 (12, [1114, 21, 1, 1, 0, 704, 1426, 0, 0, 1, 4, 0, 2, 2, 1]),
 (12, [1067, 58, 0, 1, 0, 929, 1523, 0, 0, 0, 0, 1, 0, 0, 0]),
 (12, [975, 92, 0, 0, 1, 1549, 1825, 1, 1, 2, 4, 1, 2, 0, 0]),
 (12, [680, 38, 0, 0, 0, 1538, 1821, 0, 0, 0, 3, 1, 0, 2, 2])]
scored
[(12, [680, 38, 0, 0, 0, 1538, 1821, 0, 0, 0, 3, 1, 0, 2, 2]),
 (12, [975, 92, 0, 0, 1, 1549, 1825, 1, 1, 2, 4, 1, 2, 0, 0]),
 (12, [1067, 58, 0, 1, 0, 929, 1523, 0, 0, 0, 0, 1, 0, 0, 0]),
 (12, [1114, 21, 1, 1, 0, 704, 1426, 0, 0, 1, 4, 0, 2, 2, 1]),
 (12, [1729, 108, 0, 1, 1, 513, 1943, 0, 0, 1, 2, 1, 1, 2, 2]),
 (16, [513, 11, 1, 0, 1, 1015, 1103, 0, 1, 0, 4, 0, 1, 2, 2]),
 (16, [566, 33, 0, 1, 0, 1354, 968, 0, 1, 1, 3, 1, 1, 0, 1]),
 (16, [635, 38, 1, 1, 1, 1122, 1069, 0, 0, 1, 0, 1, 0, 1, 2]),
 (16, [740, 31, 1, 0, 1, 1943, 1526, 0, 0, 1, 3, 1, 0, 2, 0]),
 (16, [851, 30, 0, 1, 0, 1917, 1454, 0, 0, 1, 1, 0, 1, 0, 0]),
 (16, [874, 104, 0, 0, 0, 835, 593, 0, 0, 0, 0, 1, 2, 0, 0]),
 (16, [1039, 74, 0, 0, 0, 1922, 1255, 0, 1, 2, 1, 0, 0, 0, 1]),
 (16, [1238, 91, 0, 0, 1, 1140, 1143, 1, 1, 0, 3, 0, 1, 1, 2]),
 (16, [1270, 108, 0, 0, 0, 1058, 1488, 0, 0, 0, 2, 1, 1, 1, 2]),
 (16, [1313, 103, 1, 1, 0, 1313, 867, 1, 0, 2, 3, 0, 2, 0, 0]),
 (16, [1404, 62, 1, 0, 1, 556, 817, 0, 0, 1, 4, 1, 1, 1, 1]),
 (16, [1460, 29, 1, 1, 1, 868, 1537, 1, 0, 2, 2, 0, 0, 0, 0]),
 (16, [1500, 101, 1, 0, 1, 1591, 876, 1, 0, 0, 4, 0, 0, 1, 2]),
 (16, [1627, 13, 1, 1, 1, 902, 1192, 0, 1, 0, 4, 0, 0, 0, 0]),
 (16, [1917, 19, 0, 1, 1, 987, 559, 0, 1, 1, 3, 0, 1, 0, 1]),
 (16, [1963, 69, 0, 0, 1, 1827, 516, 1, 1, 2, 4, 1, 0, 1, 2]),
 (16, [1972, 84, 0, 0, 0, 1504, 1689, 1, 1, 0, 3, 0, 0, 1, 2]),
 (33, [1842, 93, 0, 1, 0, 1064, 1609, 0, 0, 1, 2, 1, 0, 2, 1]),
 (999, [609, 45, 1, 1, 0, 1336, 1475, 0, 1, 1, 5, 1, 1, 1, 2]),
 (999, [679, 25, 0, 1, 1, 1919, 1447, 0, 0, 3, 0, 1, 2, 1, 2]),
 (999, [745, 90, 0, 1, 1, 572, 706, 1, 0, 2, 5, 1, 1, 2, 1]),
 (999, [1270, 45, 0, 0, 0, 1069, 1902, 0, 1, 3, 3, 1, 2, 1, 0]),
 (999, [1439, 38, 0, 1, 0, 1096, 1228, 1, 0, 3, 3, 0, 0, 2, 1]),
 (999, [1504, 48, 0, 0, 0, 1530, 1355, 1, 1, 3, 4, 0, 2, 2, 0]),
 (999, [1603, 90, 0, 0, 1, 776, 1555, 0, 1, 2, 5, 1, 0, 2, 0]),
 (999, [1632, 93, 0, 0, 0, 616, 1966, 0, 1, 0, 5, 0, 2, 2, 1]),
 (999, [1782, 25, 1, 0, 1, 640, 645, 1, 0, 2, 5, 0, 1, 2, 1])]
Selected
[(12, [1729, 108, 0, 1, 1, 513, 1943, 0, 0, 1, 2, 1, 1, 2, 2]),
 (16, [635, 38, 1, 1, 1, 1122, 1069, 0, 0, 1, 0, 1, 0, 1, 2]),
 (16, [851, 30, 0, 1, 0, 1917, 1454, 0, 0, 1, 1, 0, 1, 0, 0]),
 (16, [1238, 91, 0, 0, 1, 1140, 1143, 1, 1, 0, 3, 0, 1, 1, 2]),
 (12, [1729, 108, 0, 1, 1, 513, 1943, 0, 0, 1, 2, 1, 1, 2, 2]),
 (12, [680, 38, 0, 0, 0, 1538, 1821, 0, 0, 0, 3, 1, 0, 2, 2]),
 (16, [740, 31, 1, 0, 1, 1943, 1526, 0, 0, 1, 3, 1, 0, 2, 0]),
 (12, [680, 38, 0, 0, 0, 1538, 1821, 0, 0, 0, 3, 1, 0, 2, 2]),
 (12, [1067, 58, 0, 1, 0, 929, 1523, 0, 0, 0, 0, 1, 0, 0, 0]),
 (16, [635, 38, 1, 1, 1, 1122, 1069, 0, 0, 1, 0, 1, 0, 1, 2]),
 (12, [975, 92, 0, 0, 1, 1549, 1825, 1, 1, 2, 4, 1, 2, 0, 0]),
 (16, [1238, 91, 0, 0, 1, 1140, 1143, 1, 1, 0, 3, 0, 1, 1, 2]),
 (12, [1729, 108, 0, 1, 1, 513, 1943, 0, 0, 1, 2, 1, 1, 2, 2]),
 (16, [1404, 62, 1, 0, 1, 556, 817, 0, 0, 1, 4, 1, 1, 1, 1]),
 (12, [680, 38, 0, 0, 0, 1538, 1821, 0, 0, 0, 3, 1, 0, 2, 2]),
 (16, [851, 30, 0, 1, 0, 1917, 1454, 0, 0, 1, 1, 0, 1, 0, 0]),
 (12, [1067, 58, 0, 1, 0, 929, 1523, 0, 0, 0, 0, 1, 0, 0, 0]),
 (12, [680, 38, 0, 0, 0, 1538, 1821, 0, 0, 0, 3, 1, 0, 2, 2]),
 (16, [566, 33, 0, 1, 0, 1354, 968, 0, 1, 1, 3, 1, 1, 0, 1]),
 (12, [680, 38, 0, 0, 0, 1538, 1821, 0, 0, 0, 3, 1, 0, 2, 2]),
 (12, [680, 38, 0, 0, 0, 1538, 1821, 0, 0, 0, 3, 1, 0, 2, 2]),
 (16, [566, 33, 0, 1, 0, 1354, 968, 0, 1, 1, 3, 1, 1, 0, 1]),
 (16, [851, 30, 0, 1, 0, 1917, 1454, 0, 0, 1, 1, 0, 1, 0, 0]),
 (16, [635, 38, 1, 1, 1, 1122, 1069, 0, 0, 1, 0, 1, 0, 1, 2]),
 (12, [680, 38, 0, 0, 0, 1538, 1821, 0, 0, 0, 3, 1, 0, 2, 2]),
 (12, [975, 92, 0, 0, 1, 1549, 1825, 1, 1, 2, 4, 1, 2, 0, 0]),
 (16, [513, 11, 1, 0, 1, 1015, 1103, 0, 1, 0, 4, 0, 1, 2, 2])]
population
[(999, [1782, 25, 1, 0, 1, 640, 645, 1, 0, 2, 5, 0, 1, 2, 1]),
 (999, [1632, 93, 0, 0, 0, 616, 1966, 0, 1, 0, 5, 0, 2, 2, 1]),
 (999, [1603, 90, 0, 0, 1, 776, 1555, 0, 1, 2, 5, 1, 0, 2, 0]),
 (999, [1504, 48, 0, 0, 0, 1530, 1355, 1, 1, 3, 4, 0, 2, 2, 0]),
 (999, [1439, 38, 0, 1, 0, 1096, 1228, 1, 0, 3, 3, 0, 0, 2, 1]),
 (999, [1270, 45, 0, 0, 0, 1069, 1902, 0, 1, 3, 3, 1, 2, 1, 0]),
 (999, [745, 90, 0, 1, 1, 572, 706, 1, 0, 2, 5, 1, 1, 2, 1]),
 (999, [679, 25, 0, 1, 1, 1919, 1447, 0, 0, 3, 0, 1, 2, 1, 2]),
 (999, [609, 45, 1, 1, 0, 1336, 1475, 0, 1, 1, 5, 1, 1, 1, 2]),
 (33, [1842, 93, 0, 1, 0, 1064, 1609, 0, 0, 1, 2, 1, 0, 2, 1]),
 (16, [1972, 84, 0, 0, 0, 1504, 1689, 1, 1, 0, 3, 0, 0, 1, 2]),
 (16, [1963, 69, 0, 0, 1, 1827, 516, 1, 1, 2, 4, 1, 0, 1, 2]),
 (16, [1917, 19, 0, 1, 1, 987, 559, 0, 1, 1, 3, 0, 1, 0, 1]),
 (16, [1627, 13, 1, 1, 1, 902, 1192, 0, 1, 0, 4, 0, 0, 0, 0]),
 (16, [1500, 101, 1, 0, 1, 1591, 876, 1, 0, 0, 4, 0, 0, 1, 2]),
 (16, [1460, 29, 1, 1, 1, 868, 1537, 1, 0, 2, 2, 0, 0, 0, 0]),
 (16, [1404, 62, 1, 0, 1, 556, 817, 0, 0, 1, 4, 1, 1, 1, 1]),
 (16, [1313, 103, 1, 1, 0, 1313, 867, 1, 0, 2, 3, 0, 2, 0, 0]),
 (16, [1270, 108, 0, 0, 0, 1058, 1488, 0, 0, 0, 2, 1, 1, 1, 2]),
 (16, [1238, 91, 0, 0, 1, 1140, 1143, 1, 1, 0, 3, 0, 1, 1, 2]),
 (16, [1039, 74, 0, 0, 0, 1922, 1255, 0, 1, 2, 1, 0, 0, 0, 1]),
 (16, [874, 104, 0, 0, 0, 835, 593, 0, 0, 0, 0, 1, 2, 0, 0]),
 (16, [851, 30, 0, 1, 0, 1917, 1454, 0, 0, 1, 1, 0, 1, 0, 0]),
 (16, [740, 31, 1, 0, 1, 1943, 1526, 0, 0, 1, 3, 1, 0, 2, 0]),
 (16, [635, 38, 1, 1, 1, 1122, 1069, 0, 0, 1, 0, 1, 0, 1, 2]),
 (16, [566, 33, 0, 1, 0, 1354, 968, 0, 1, 1, 3, 1, 1, 0, 1]),
 (16, [513, 11, 1, 0, 1, 1015, 1103, 0, 1, 0, 4, 0, 1, 2, 2]),
 (12, [1729, 108, 0, 1, 1, 513, 1943, 0, 0, 1, 2, 1, 1, 2, 2]),
 (12, [1114, 21, 1, 1, 0, 704, 1426, 0, 0, 1, 4, 0, 2, 2, 1]),
 (12, [1067, 58, 0, 1, 0, 929, 1523, 0, 0, 0, 0, 1, 0, 0, 0]),
 (12, [975, 92, 0, 0, 1, 1549, 1825, 1, 1, 2, 4, 1, 2, 0, 0]),
 (12, [680, 38, 0, 0, 0, 1538, 1821, 0, 0, 0, 3, 1, 0, 2, 2])]
scored
[(12, [680, 38, 0, 0, 0, 1538, 1821, 0, 0, 0, 3, 1, 0, 2, 2]),
 (12, [975, 92, 0, 0, 1, 1549, 1825, 1, 1, 2, 4, 1, 2, 0, 0]),
 (12, [1067, 58, 0, 1, 0, 929, 1523, 0, 0, 0, 0, 1, 0, 0, 0]),
 (12, [1114, 21, 1, 1, 0, 704, 1426, 0, 0, 1, 4, 0, 2, 2, 1]),
 (12, [1729, 108, 0, 1, 1, 513, 1943, 0, 0, 1, 2, 1, 1, 2, 2]),
 (16, [513, 11, 1, 0, 1, 1015, 1103, 0, 1, 0, 4, 0, 1, 2, 2]),
 (16, [566, 33, 0, 1, 0, 1354, 968, 0, 1, 1, 3, 1, 1, 0, 1]),
 (16, [635, 38, 1, 1, 1, 1122, 1069, 0, 0, 1, 0, 1, 0, 1, 2]),
 (16, [740, 31, 1, 0, 1, 1943, 1526, 0, 0, 1, 3, 1, 0, 2, 0]),
 (16, [851, 30, 0, 1, 0, 1917, 1454, 0, 0, 1, 1, 0, 1, 0, 0]),
 (16, [874, 104, 0, 0, 0, 835, 593, 0, 0, 0, 0, 1, 2, 0, 0]),
 (16, [1039, 74, 0, 0, 0, 1922, 1255, 0, 1, 2, 1, 0, 0, 0, 1]),
 (16, [1238, 91, 0, 0, 1, 1140, 1143, 1, 1, 0, 3, 0, 1, 1, 2]),
 (16, [1270, 108, 0, 0, 0, 1058, 1488, 0, 0, 0, 2, 1, 1, 1, 2]),
 (16, [1313, 103, 1, 1, 0, 1313, 867, 1, 0, 2, 3, 0, 2, 0, 0]),
 (16, [1404, 62, 1, 0, 1, 556, 817, 0, 0, 1, 4, 1, 1, 1, 1]),
 (16, [1460, 29, 1, 1, 1, 868, 1537, 1, 0, 2, 2, 0, 0, 0, 0]),
 (16, [1500, 101, 1, 0, 1, 1591, 876, 1, 0, 0, 4, 0, 0, 1, 2]),
 (16, [1627, 13, 1, 1, 1, 902, 1192, 0, 1, 0, 4, 0, 0, 0, 0]),
 (16, [1917, 19, 0, 1, 1, 987, 559, 0, 1, 1, 3, 0, 1, 0, 1]),
 (16, [1963, 69, 0, 0, 1, 1827, 516, 1, 1, 2, 4, 1, 0, 1, 2]),
 (16, [1972, 84, 0, 0, 0, 1504, 1689, 1, 1, 0, 3, 0, 0, 1, 2]),
 (33, [1842, 93, 0, 1, 0, 1064, 1609, 0, 0, 1, 2, 1, 0, 2, 1]),
 (999, [609, 45, 1, 1, 0, 1336, 1475, 0, 1, 1, 5, 1, 1, 1, 2]),
 (999, [679, 25, 0, 1, 1, 1919, 1447, 0, 0, 3, 0, 1, 2, 1, 2]),
 (999, [745, 90, 0, 1, 1, 572, 706, 1, 0, 2, 5, 1, 1, 2, 1]),
 (999, [1270, 45, 0, 0, 0, 1069, 1902, 0, 1, 3, 3, 1, 2, 1, 0]),
 (999, [1439, 38, 0, 1, 0, 1096, 1228, 1, 0, 3, 3, 0, 0, 2, 1]),
 (999, [1504, 48, 0, 0, 0, 1530, 1355, 1, 1, 3, 4, 0, 2, 2, 0]),
 (999, [1603, 90, 0, 0, 1, 776, 1555, 0, 1, 2, 5, 1, 0, 2, 0]),
 (999, [1632, 93, 0, 0, 0, 616, 1966, 0, 1, 0, 5, 0, 2, 2, 1]),
 (999, [1782, 25, 1, 0, 1, 640, 645, 1, 0, 2, 5, 0, 1, 2, 1])]
Selected
[(12, [680, 38, 0, 0, 0, 1538, 1821, 0, 0, 0, 3, 1, 0, 2, 2]),
 (12, [975, 92, 0, 0, 1, 1549, 1825, 1, 1, 2, 4, 1, 2, 0, 0]),
 (16, [635, 38, 1, 1, 1, 1122, 1069, 0, 0, 1, 0, 1, 0, 1, 2]),
 (12, [680, 38, 0, 0, 0, 1538, 1821, 0, 0, 0, 3, 1, 0, 2, 2]),
 (16, [635, 38, 1, 1, 1, 1122, 1069, 0, 0, 1, 0, 1, 0, 1, 2]),
 (16, [1039, 74, 0, 0, 0, 1922, 1255, 0, 1, 2, 1, 0, 0, 0, 1]),
 (16, [1460, 29, 1, 1, 1, 868, 1537, 1, 0, 2, 2, 0, 0, 0, 0]),
 (16, [851, 30, 0, 1, 0, 1917, 1454, 0, 0, 1, 1, 0, 1, 0, 0]),
 (16, [566, 33, 0, 1, 0, 1354, 968, 0, 1, 1, 3, 1, 1, 0, 1]),
 (16, [874, 104, 0, 0, 0, 835, 593, 0, 0, 0, 0, 1, 2, 0, 0]),
 (16, [851, 30, 0, 1, 0, 1917, 1454, 0, 0, 1, 1, 0, 1, 0, 0]),
 (16, [635, 38, 1, 1, 1, 1122, 1069, 0, 0, 1, 0, 1, 0, 1, 2]),
 (16, [635, 38, 1, 1, 1, 1122, 1069, 0, 0, 1, 0, 1, 0, 1, 2]),
 (12, [975, 92, 0, 0, 1, 1549, 1825, 1, 1, 2, 4, 1, 2, 0, 0]),
 (12, [1114, 21, 1, 1, 0, 704, 1426, 0, 0, 1, 4, 0, 2, 2, 1]),
 (12, [1114, 21, 1, 1, 0, 704, 1426, 0, 0, 1, 4, 0, 2, 2, 1]),
 (16, [874, 104, 0, 0, 0, 835, 593, 0, 0, 0, 0, 1, 2, 0, 0]),
 (12, [975, 92, 0, 0, 1, 1549, 1825, 1, 1, 2, 4, 1, 2, 0, 0]),
 (16, [635, 38, 1, 1, 1, 1122, 1069, 0, 0, 1, 0, 1, 0, 1, 2]),
 (16, [635, 38, 1, 1, 1, 1122, 1069, 0, 0, 1, 0, 1, 0, 1, 2]),
 (12, [1067, 58, 0, 1, 0, 929, 1523, 0, 0, 0, 0, 1, 0, 0, 0]),
 (12, [1114, 21, 1, 1, 0, 704, 1426, 0, 0, 1, 4, 0, 2, 2, 1]),
 (12, [1067, 58, 0, 1, 0, 929, 1523, 0, 0, 0, 0, 1, 0, 0, 0]),
 (12, [975, 92, 0, 0, 1, 1549, 1825, 1, 1, 2, 4, 1, 2, 0, 0]),
 (12, [1067, 58, 0, 1, 0, 929, 1523, 0, 0, 0, 0, 1, 0, 0, 0]),
 (12, [1729, 108, 0, 1, 1, 513, 1943, 0, 0, 1, 2, 1, 1, 2, 2]),
 (12, [680, 38, 0, 0, 0, 1538, 1821, 0, 0, 0, 3, 1, 0, 2, 2])]
population
[(999, [1782, 25, 1, 0, 1, 640, 645, 1, 0, 2, 5, 0, 1, 2, 1]),
 (999, [1632, 93, 0, 0, 0, 616, 1966, 0, 1, 0, 5, 0, 2, 2, 1]),
 (999, [1603, 90, 0, 0, 1, 776, 1555, 0, 1, 2, 5, 1, 0, 2, 0]),
 (999, [1504, 48, 0, 0, 0, 1530, 1355, 1, 1, 3, 4, 0, 2, 2, 0]),
 (999, [1439, 38, 0, 1, 0, 1096, 1228, 1, 0, 3, 3, 0, 0, 2, 1]),
 (999, [1270, 45, 0, 0, 0, 1069, 1902, 0, 1, 3, 3, 1, 2, 1, 0]),
 (999, [745, 90, 0, 1, 1, 572, 706, 1, 0, 2, 5, 1, 1, 2, 1]),
 (999, [679, 25, 0, 1, 1, 1919, 1447, 0, 0, 3, 0, 1, 2, 1, 2]),
 (999, [609, 45, 1, 1, 0, 1336, 1475, 0, 1, 1, 5, 1, 1, 1, 2]),
 (33, [1842, 93, 0, 1, 0, 1064, 1609, 0, 0, 1, 2, 1, 0, 2, 1]),
 (16, [1972, 84, 0, 0, 0, 1504, 1689, 1, 1, 0, 3, 0, 0, 1, 2]),
 (16, [1963, 69, 0, 0, 1, 1827, 516, 1, 1, 2, 4, 1, 0, 1, 2]),
 (16, [1917, 19, 0, 1, 1, 987, 559, 0, 1, 1, 3, 0, 1, 0, 1]),
 (16, [1627, 13, 1, 1, 1, 902, 1192, 0, 1, 0, 4, 0, 0, 0, 0]),
 (16, [1500, 101, 1, 0, 1, 1591, 876, 1, 0, 0, 4, 0, 0, 1, 2]),
 (16, [1460, 29, 1, 1, 1, 868, 1537, 1, 0, 2, 2, 0, 0, 0, 0]),
 (16, [1404, 62, 1, 0, 1, 556, 817, 0, 0, 1, 4, 1, 1, 1, 1]),
 (16, [1313, 103, 1, 1, 0, 1313, 867, 1, 0, 2, 3, 0, 2, 0, 0]),
 (16, [1270, 108, 0, 0, 0, 1058, 1488, 0, 0, 0, 2, 1, 1, 1, 2]),
 (16, [1238, 91, 0, 0, 1, 1140, 1143, 1, 1, 0, 3, 0, 1, 1, 2]),
 (16, [1039, 74, 0, 0, 0, 1922, 1255, 0, 1, 2, 1, 0, 0, 0, 1]),
 (16, [874, 104, 0, 0, 0, 835, 593, 0, 0, 0, 0, 1, 2, 0, 0]),
 (16, [851, 30, 0, 1, 0, 1917, 1454, 0, 0, 1, 1, 0, 1, 0, 0]),
 (16, [740, 31, 1, 0, 1, 1943, 1526, 0, 0, 1, 3, 1, 0, 2, 0]),
 (16, [635, 38, 1, 1, 1, 1122, 1069, 0, 0, 1, 0, 1, 0, 1, 2]),
 (16, [566, 33, 0, 1, 0, 1354, 968, 0, 1, 1, 3, 1, 1, 0, 1]),
 (16, [513, 11, 1, 0, 1, 1015, 1103, 0, 1, 0, 4, 0, 1, 2, 2]),
 (12, [1729, 108, 0, 1, 1, 513, 1943, 0, 0, 1, 2, 1, 1, 2, 2]),
 (12, [1114, 21, 1, 1, 0, 704, 1426, 0, 0, 1, 4, 0, 2, 2, 1]),
 (12, [1067, 58, 0, 1, 0, 929, 1523, 0, 0, 0, 0, 1, 0, 0, 0]),
 (12, [975, 92, 0, 0, 1, 1549, 1825, 1, 1, 2, 4, 1, 2, 0, 0]),
 (12, [680, 38, 0, 0, 0, 1538, 1821, 0, 0, 0, 3, 1, 0, 2, 2])]
scored
[(12, [680, 38, 0, 0, 0, 1538, 1821, 0, 0, 0, 3, 1, 0, 2, 2]),
 (12, [975, 92, 0, 0, 1, 1549, 1825, 1, 1, 2, 4, 1, 2, 0, 0]),
 (12, [1067, 58, 0, 1, 0, 929, 1523, 0, 0, 0, 0, 1, 0, 0, 0]),
 (12, [1114, 21, 1, 1, 0, 704, 1426, 0, 0, 1, 4, 0, 2, 2, 1]),
 (12, [1729, 108, 0, 1, 1, 513, 1943, 0, 0, 1, 2, 1, 1, 2, 2]),
 (16, [513, 11, 1, 0, 1, 1015, 1103, 0, 1, 0, 4, 0, 1, 2, 2]),
 (16, [566, 33, 0, 1, 0, 1354, 968, 0, 1, 1, 3, 1, 1, 0, 1]),
 (16, [635, 38, 1, 1, 1, 1122, 1069, 0, 0, 1, 0, 1, 0, 1, 2]),
 (16, [740, 31, 1, 0, 1, 1943, 1526, 0, 0, 1, 3, 1, 0, 2, 0]),
 (16, [851, 30, 0, 1, 0, 1917, 1454, 0, 0, 1, 1, 0, 1, 0, 0]),
 (16, [874, 104, 0, 0, 0, 835, 593, 0, 0, 0, 0, 1, 2, 0, 0]),
 (16, [1039, 74, 0, 0, 0, 1922, 1255, 0, 1, 2, 1, 0, 0, 0, 1]),
 (16, [1238, 91, 0, 0, 1, 1140, 1143, 1, 1, 0, 3, 0, 1, 1, 2]),
 (16, [1270, 108, 0, 0, 0, 1058, 1488, 0, 0, 0, 2, 1, 1, 1, 2]),
 (16, [1313, 103, 1, 1, 0, 1313, 867, 1, 0, 2, 3, 0, 2, 0, 0]),
 (16, [1404, 62, 1, 0, 1, 556, 817, 0, 0, 1, 4, 1, 1, 1, 1]),
 (16, [1460, 29, 1, 1, 1, 868, 1537, 1, 0, 2, 2, 0, 0, 0, 0]),
 (16, [1500, 101, 1, 0, 1, 1591, 876, 1, 0, 0, 4, 0, 0, 1, 2]),
 (16, [1627, 13, 1, 1, 1, 902, 1192, 0, 1, 0, 4, 0, 0, 0, 0]),
 (16, [1917, 19, 0, 1, 1, 987, 559, 0, 1, 1, 3, 0, 1, 0, 1]),
 (16, [1963, 69, 0, 0, 1, 1827, 516, 1, 1, 2, 4, 1, 0, 1, 2]),
 (16, [1972, 84, 0, 0, 0, 1504, 1689, 1, 1, 0, 3, 0, 0, 1, 2]),
 (33, [1842, 93, 0, 1, 0, 1064, 1609, 0, 0, 1, 2, 1, 0, 2, 1]),
 (999, [609, 45, 1, 1, 0, 1336, 1475, 0, 1, 1, 5, 1, 1, 1, 2]),
 (999, [679, 25, 0, 1, 1, 1919, 1447, 0, 0, 3, 0, 1, 2, 1, 2]),
 (999, [745, 90, 0, 1, 1, 572, 706, 1, 0, 2, 5, 1, 1, 2, 1]),
 (999, [1270, 45, 0, 0, 0, 1069, 1902, 0, 1, 3, 3, 1, 2, 1, 0]),
 (999, [1439, 38, 0, 1, 0, 1096, 1228, 1, 0, 3, 3, 0, 0, 2, 1]),
 (999, [1504, 48, 0, 0, 0, 1530, 1355, 1, 1, 3, 4, 0, 2, 2, 0]),
 (999, [1603, 90, 0, 0, 1, 776, 1555, 0, 1, 2, 5, 1, 0, 2, 0]),
 (999, [1632, 93, 0, 0, 0, 616, 1966, 0, 1, 0, 5, 0, 2, 2, 1]),
 (999, [1782, 25, 1, 0, 1, 640, 645, 1, 0, 2, 5, 0, 1, 2, 1])]
Selected
[(16, [635, 38, 1, 1, 1, 1122, 1069, 0, 0, 1, 0, 1, 0, 1, 2]),
 (12, [1067, 58, 0, 1, 0, 929, 1523, 0, 0, 0, 0, 1, 0, 0, 0]),
 (16, [851, 30, 0, 1, 0, 1917, 1454, 0, 0, 1, 1, 0, 1, 0, 0]),
 (16, [740, 31, 1, 0, 1, 1943, 1526, 0, 0, 1, 3, 1, 0, 2, 0]),
 (12, [680, 38, 0, 0, 0, 1538, 1821, 0, 0, 0, 3, 1, 0, 2, 2]),
 (12, [680, 38, 0, 0, 0, 1538, 1821, 0, 0, 0, 3, 1, 0, 2, 2]),
 (12, [1114, 21, 1, 1, 0, 704, 1426, 0, 0, 1, 4, 0, 2, 2, 1]),
 (16, [740, 31, 1, 0, 1, 1943, 1526, 0, 0, 1, 3, 1, 0, 2, 0]),
 (12, [1729, 108, 0, 1, 1, 513, 1943, 0, 0, 1, 2, 1, 1, 2, 2]),
 (12, [1729, 108, 0, 1, 1, 513, 1943, 0, 0, 1, 2, 1, 1, 2, 2]),
 (12, [1729, 108, 0, 1, 1, 513, 1943, 0, 0, 1, 2, 1, 1, 2, 2]),
 (16, [566, 33, 0, 1, 0, 1354, 968, 0, 1, 1, 3, 1, 1, 0, 1]),
 (12, [1067, 58, 0, 1, 0, 929, 1523, 0, 0, 0, 0, 1, 0, 0, 0]),
 (16, [1238, 91, 0, 0, 1, 1140, 1143, 1, 1, 0, 3, 0, 1, 1, 2]),
 (12, [680, 38, 0, 0, 0, 1538, 1821, 0, 0, 0, 3, 1, 0, 2, 2]),
 (12, [1067, 58, 0, 1, 0, 929, 1523, 0, 0, 0, 0, 1, 0, 0, 0]),
 (16, [513, 11, 1, 0, 1, 1015, 1103, 0, 1, 0, 4, 0, 1, 2, 2]),
 (12, [1067, 58, 0, 1, 0, 929, 1523, 0, 0, 0, 0, 1, 0, 0, 0]),
 (16, [1500, 101, 1, 0, 1, 1591, 876, 1, 0, 0, 4, 0, 0, 1, 2]),
 (12, [1067, 58, 0, 1, 0, 929, 1523, 0, 0, 0, 0, 1, 0, 0, 0]),
 (12, [1067, 58, 0, 1, 0, 929, 1523, 0, 0, 0, 0, 1, 0, 0, 0]),
 (12, [1067, 58, 0, 1, 0, 929, 1523, 0, 0, 0, 0, 1, 0, 0, 0]),
 (12, [975, 92, 0, 0, 1, 1549, 1825, 1, 1, 2, 4, 1, 2, 0, 0]),
 (12, [1067, 58, 0, 1, 0, 929, 1523, 0, 0, 0, 0, 1, 0, 0, 0]),
 (12, [975, 92, 0, 0, 1, 1549, 1825, 1, 1, 2, 4, 1, 2, 0, 0]),
 (16, [1270, 108, 0, 0, 0, 1058, 1488, 0, 0, 0, 2, 1, 1, 1, 2]),
 (12, [1067, 58, 0, 1, 0, 929, 1523, 0, 0, 0, 0, 1, 0, 0, 0])]
population
[(999, [1782, 25, 1, 0, 1, 640, 645, 1, 0, 2, 5, 0, 1, 2, 1]),
 (999, [1632, 93, 0, 0, 0, 616, 1966, 0, 1, 0, 5, 0, 2, 2, 1]),
 (999, [1603, 90, 0, 0, 1, 776, 1555, 0, 1, 2, 5, 1, 0, 2, 0]),
 (999, [1504, 48, 0, 0, 0, 1530, 1355, 1, 1, 3, 4, 0, 2, 2, 0]),
 (999, [1439, 38, 0, 1, 0, 1096, 1228, 1, 0, 3, 3, 0, 0, 2, 1]),
 (999, [1270, 45, 0, 0, 0, 1069, 1902, 0, 1, 3, 3, 1, 2, 1, 0]),
 (999, [745, 90, 0, 1, 1, 572, 706, 1, 0, 2, 5, 1, 1, 2, 1]),
 (999, [679, 25, 0, 1, 1, 1919, 1447, 0, 0, 3, 0, 1, 2, 1, 2]),
 (999, [609, 45, 1, 1, 0, 1336, 1475, 0, 1, 1, 5, 1, 1, 1, 2]),
 (33, [1842, 93, 0, 1, 0, 1064, 1609, 0, 0, 1, 2, 1, 0, 2, 1]),
 (16, [1972, 84, 0, 0, 0, 1504, 1689, 1, 1, 0, 3, 0, 0, 1, 2]),
 (16, [1963, 69, 0, 0, 1, 1827, 516, 1, 1, 2, 4, 1, 0, 1, 2]),
 (16, [1917, 19, 0, 1, 1, 987, 559, 0, 1, 1, 3, 0, 1, 0, 1]),
 (16, [1627, 13, 1, 1, 1, 902, 1192, 0, 1, 0, 4, 0, 0, 0, 0]),
 (16, [1500, 101, 1, 0, 1, 1591, 876, 1, 0, 0, 4, 0, 0, 1, 2]),
 (16, [1460, 29, 1, 1, 1, 868, 1537, 1, 0, 2, 2, 0, 0, 0, 0]),
 (16, [1404, 62, 1, 0, 1, 556, 817, 0, 0, 1, 4, 1, 1, 1, 1]),
 (16, [1313, 103, 1, 1, 0, 1313, 867, 1, 0, 2, 3, 0, 2, 0, 0]),
 (16, [1270, 108, 0, 0, 0, 1058, 1488, 0, 0, 0, 2, 1, 1, 1, 2]),
 (16, [1238, 91, 0, 0, 1, 1140, 1143, 1, 1, 0, 3, 0, 1, 1, 2]),
 (16, [1039, 74, 0, 0, 0, 1922, 1255, 0, 1, 2, 1, 0, 0, 0, 1]),
 (16, [874, 104, 0, 0, 0, 835, 593, 0, 0, 0, 0, 1, 2, 0, 0]),
 (16, [851, 30, 0, 1, 0, 1917, 1454, 0, 0, 1, 1, 0, 1, 0, 0]),
 (16, [740, 31, 1, 0, 1, 1943, 1526, 0, 0, 1, 3, 1, 0, 2, 0]),
 (16, [635, 38, 1, 1, 1, 1122, 1069, 0, 0, 1, 0, 1, 0, 1, 2]),
 (16, [566, 33, 0, 1, 0, 1354, 968, 0, 1, 1, 3, 1, 1, 0, 1]),
 (16, [513, 11, 1, 0, 1, 1015, 1103, 0, 1, 0, 4, 0, 1, 2, 2]),
 (12, [1729, 108, 0, 1, 1, 513, 1943, 0, 0, 1, 2, 1, 1, 2, 2]),
 (12, [1114, 21, 1, 1, 0, 704, 1426, 0, 0, 1, 4, 0, 2, 2, 1]),
 (12, [1067, 58, 0, 1, 0, 929, 1523, 0, 0, 0, 0, 1, 0, 0, 0]),
 (12, [975, 92, 0, 0, 1, 1549, 1825, 1, 1, 2, 4, 1, 2, 0, 0]),
 (12, [680, 38, 0, 0, 0, 1538, 1821, 0, 0, 0, 3, 1, 0, 2, 2])]
scored
[(12, [680, 38, 0, 0, 0, 1538, 1821, 0, 0, 0, 3, 1, 0, 2, 2]),
 (12, [975, 92, 0, 0, 1, 1549, 1825, 1, 1, 2, 4, 1, 2, 0, 0]),
 (12, [1067, 58, 0, 1, 0, 929, 1523, 0, 0, 0, 0, 1, 0, 0, 0]),
 (12, [1114, 21, 1, 1, 0, 704, 1426, 0, 0, 1, 4, 0, 2, 2, 1]),
 (12, [1729, 108, 0, 1, 1, 513, 1943, 0, 0, 1, 2, 1, 1, 2, 2]),
 (16, [513, 11, 1, 0, 1, 1015, 1103, 0, 1, 0, 4, 0, 1, 2, 2]),
 (16, [566, 33, 0, 1, 0, 1354, 968, 0, 1, 1, 3, 1, 1, 0, 1]),
 (16, [635, 38, 1, 1, 1, 1122, 1069, 0, 0, 1, 0, 1, 0, 1, 2]),
 (16, [740, 31, 1, 0, 1, 1943, 1526, 0, 0, 1, 3, 1, 0, 2, 0]),
 (16, [851, 30, 0, 1, 0, 1917, 1454, 0, 0, 1, 1, 0, 1, 0, 0]),
 (16, [874, 104, 0, 0, 0, 835, 593, 0, 0, 0, 0, 1, 2, 0, 0]),
 (16, [1039, 74, 0, 0, 0, 1922, 1255, 0, 1, 2, 1, 0, 0, 0, 1]),
 (16, [1238, 91, 0, 0, 1, 1140, 1143, 1, 1, 0, 3, 0, 1, 1, 2]),
 (16, [1270, 108, 0, 0, 0, 1058, 1488, 0, 0, 0, 2, 1, 1, 1, 2]),
 (16, [1313, 103, 1, 1, 0, 1313, 867, 1, 0, 2, 3, 0, 2, 0, 0]),
 (16, [1404, 62, 1, 0, 1, 556, 817, 0, 0, 1, 4, 1, 1, 1, 1]),
 (16, [1460, 29, 1, 1, 1, 868, 1537, 1, 0, 2, 2, 0, 0, 0, 0]),
 (16, [1500, 101, 1, 0, 1, 1591, 876, 1, 0, 0, 4, 0, 0, 1, 2]),
 (16, [1627, 13, 1, 1, 1, 902, 1192, 0, 1, 0, 4, 0, 0, 0, 0]),
 (16, [1917, 19, 0, 1, 1, 987, 559, 0, 1, 1, 3, 0, 1, 0, 1]),
 (16, [1963, 69, 0, 0, 1, 1827, 516, 1, 1, 2, 4, 1, 0, 1, 2]),
 (16, [1972, 84, 0, 0, 0, 1504, 1689, 1, 1, 0, 3, 0, 0, 1, 2]),
 (33, [1842, 93, 0, 1, 0, 1064, 1609, 0, 0, 1, 2, 1, 0, 2, 1]),
 (999, [609, 45, 1, 1, 0, 1336, 1475, 0, 1, 1, 5, 1, 1, 1, 2]),
 (999, [679, 25, 0, 1, 1, 1919, 1447, 0, 0, 3, 0, 1, 2, 1, 2]),
 (999, [745, 90, 0, 1, 1, 572, 706, 1, 0, 2, 5, 1, 1, 2, 1]),
 (999, [1270, 45, 0, 0, 0, 1069, 1902, 0, 1, 3, 3, 1, 2, 1, 0]),
 (999, [1439, 38, 0, 1, 0, 1096, 1228, 1, 0, 3, 3, 0, 0, 2, 1]),
 (999, [1504, 48, 0, 0, 0, 1530, 1355, 1, 1, 3, 4, 0, 2, 2, 0]),
 (999, [1603, 90, 0, 0, 1, 776, 1555, 0, 1, 2, 5, 1, 0, 2, 0]),
 (999, [1632, 93, 0, 0, 0, 616, 1966, 0, 1, 0, 5, 0, 2, 2, 1]),
 (999, [1782, 25, 1, 0, 1, 640, 645, 1, 0, 2, 5, 0, 1, 2, 1])]
Selected
[(12, [1729, 108, 0, 1, 1, 513, 1943, 0, 0, 1, 2, 1, 1, 2, 2]),
 (16, [851, 30, 0, 1, 0, 1917, 1454, 0, 0, 1, 1, 0, 1, 0, 0]),
 (12, [1729, 108, 0, 1, 1, 513, 1943, 0, 0, 1, 2, 1, 1, 2, 2]),
 (16, [635, 38, 1, 1, 1, 1122, 1069, 0, 0, 1, 0, 1, 0, 1, 2]),
 (12, [680, 38, 0, 0, 0, 1538, 1821, 0, 0, 0, 3, 1, 0, 2, 2]),
 (12, [1729, 108, 0, 1, 1, 513, 1943, 0, 0, 1, 2, 1, 1, 2, 2]),
 (16, [851, 30, 0, 1, 0, 1917, 1454, 0, 0, 1, 1, 0, 1, 0, 0]),
 (12, [975, 92, 0, 0, 1, 1549, 1825, 1, 1, 2, 4, 1, 2, 0, 0]),
 (12, [1114, 21, 1, 1, 0, 704, 1426, 0, 0, 1, 4, 0, 2, 2, 1]),
 (16, [513, 11, 1, 0, 1, 1015, 1103, 0, 1, 0, 4, 0, 1, 2, 2]),
 (16, [513, 11, 1, 0, 1, 1015, 1103, 0, 1, 0, 4, 0, 1, 2, 2]),
 (12, [1067, 58, 0, 1, 0, 929, 1523, 0, 0, 0, 0, 1, 0, 0, 0]),
 (12, [680, 38, 0, 0, 0, 1538, 1821, 0, 0, 0, 3, 1, 0, 2, 2]),
 (12, [680, 38, 0, 0, 0, 1538, 1821, 0, 0, 0, 3, 1, 0, 2, 2]),
 (16, [635, 38, 1, 1, 1, 1122, 1069, 0, 0, 1, 0, 1, 0, 1, 2]),
 (16, [1917, 19, 0, 1, 1, 987, 559, 0, 1, 1, 3, 0, 1, 0, 1]),
 (12, [1114, 21, 1, 1, 0, 704, 1426, 0, 0, 1, 4, 0, 2, 2, 1]),
 (16, [1313, 103, 1, 1, 0, 1313, 867, 1, 0, 2, 3, 0, 2, 0, 0]),
 (16, [1270, 108, 0, 0, 0, 1058, 1488, 0, 0, 0, 2, 1, 1, 1, 2]),
 (16, [635, 38, 1, 1, 1, 1122, 1069, 0, 0, 1, 0, 1, 0, 1, 2]),
 (12, [1114, 21, 1, 1, 0, 704, 1426, 0, 0, 1, 4, 0, 2, 2, 1]),
 (12, [1067, 58, 0, 1, 0, 929, 1523, 0, 0, 0, 0, 1, 0, 0, 0]),
 (16, [566, 33, 0, 1, 0, 1354, 968, 0, 1, 1, 3, 1, 1, 0, 1]),
 (16, [635, 38, 1, 1, 1, 1122, 1069, 0, 0, 1, 0, 1, 0, 1, 2]),
 (16, [874, 104, 0, 0, 0, 835, 593, 0, 0, 0, 0, 1, 2, 0, 0]),
 (16, [1313, 103, 1, 1, 0, 1313, 867, 1, 0, 2, 3, 0, 2, 0, 0]),
 (16, [635, 38, 1, 1, 1, 1122, 1069, 0, 0, 1, 0, 1, 0, 1, 2])]
population
[(999, [1782, 25, 1, 0, 1, 640, 645, 1, 0, 2, 5, 0, 1, 2, 1]),
 (999, [1632, 93, 0, 0, 0, 616, 1966, 0, 1, 0, 5, 0, 2, 2, 1]),
 (999, [1603, 90, 0, 0, 1, 776, 1555, 0, 1, 2, 5, 1, 0, 2, 0]),
 (999, [1504, 48, 0, 0, 0, 1530, 1355, 1, 1, 3, 4, 0, 2, 2, 0]),
 (999, [1439, 38, 0, 1, 0, 1096, 1228, 1, 0, 3, 3, 0, 0, 2, 1]),
 (999, [1270, 45, 0, 0, 0, 1069, 1902, 0, 1, 3, 3, 1, 2, 1, 0]),
 (999, [745, 90, 0, 1, 1, 572, 706, 1, 0, 2, 5, 1, 1, 2, 1]),
 (999, [679, 25, 0, 1, 1, 1919, 1447, 0, 0, 3, 0, 1, 2, 1, 2]),
 (999, [609, 45, 1, 1, 0, 1336, 1475, 0, 1, 1, 5, 1, 1, 1, 2]),
 (33, [1842, 93, 0, 1, 0, 1064, 1609, 0, 0, 1, 2, 1, 0, 2, 1]),
 (16, [1972, 84, 0, 0, 0, 1504, 1689, 1, 1, 0, 3, 0, 0, 1, 2]),
 (16, [1963, 69, 0, 0, 1, 1827, 516, 1, 1, 2, 4, 1, 0, 1, 2]),
 (16, [1917, 19, 0, 1, 1, 987, 559, 0, 1, 1, 3, 0, 1, 0, 1]),
 (16, [1627, 13, 1, 1, 1, 902, 1192, 0, 1, 0, 4, 0, 0, 0, 0]),
 (16, [1500, 101, 1, 0, 1, 1591, 876, 1, 0, 0, 4, 0, 0, 1, 2]),
 (16, [1460, 29, 1, 1, 1, 868, 1537, 1, 0, 2, 2, 0, 0, 0, 0]),
 (16, [1404, 62, 1, 0, 1, 556, 817, 0, 0, 1, 4, 1, 1, 1, 1]),
 (16, [1313, 103, 1, 1, 0, 1313, 867, 1, 0, 2, 3, 0, 2, 0, 0]),
 (16, [1270, 108, 0, 0, 0, 1058, 1488, 0, 0, 0, 2, 1, 1, 1, 2]),
 (16, [1238, 91, 0, 0, 1, 1140, 1143, 1, 1, 0, 3, 0, 1, 1, 2]),
 (16, [1039, 74, 0, 0, 0, 1922, 1255, 0, 1, 2, 1, 0, 0, 0, 1]),
 (16, [874, 104, 0, 0, 0, 835, 593, 0, 0, 0, 0, 1, 2, 0, 0]),
 (16, [851, 30, 0, 1, 0, 1917, 1454, 0, 0, 1, 1, 0, 1, 0, 0]),
 (16, [740, 31, 1, 0, 1, 1943, 1526, 0, 0, 1, 3, 1, 0, 2, 0]),
 (16, [635, 38, 1, 1, 1, 1122, 1069, 0, 0, 1, 0, 1, 0, 1, 2]),
 (16, [566, 33, 0, 1, 0, 1354, 968, 0, 1, 1, 3, 1, 1, 0, 1]),
 (16, [513, 11, 1, 0, 1, 1015, 1103, 0, 1, 0, 4, 0, 1, 2, 2]),
 (12, [1729, 108, 0, 1, 1, 513, 1943, 0, 0, 1, 2, 1, 1, 2, 2]),
 (12, [1114, 21, 1, 1, 0, 704, 1426, 0, 0, 1, 4, 0, 2, 2, 1]),
 (12, [1067, 58, 0, 1, 0, 929, 1523, 0, 0, 0, 0, 1, 0, 0, 0]),
 (12, [975, 92, 0, 0, 1, 1549, 1825, 1, 1, 2, 4, 1, 2, 0, 0]),
 (12, [680, 38, 0, 0, 0, 1538, 1821, 0, 0, 0, 3, 1, 0, 2, 2])]
scored
[(12, [680, 38, 0, 0, 0, 1538, 1821, 0, 0, 0, 3, 1, 0, 2, 2]),
 (12, [975, 92, 0, 0, 1, 1549, 1825, 1, 1, 2, 4, 1, 2, 0, 0]),
 (12, [1067, 58, 0, 1, 0, 929, 1523, 0, 0, 0, 0, 1, 0, 0, 0]),
 (12, [1114, 21, 1, 1, 0, 704, 1426, 0, 0, 1, 4, 0, 2, 2, 1]),
 (12, [1729, 108, 0, 1, 1, 513, 1943, 0, 0, 1, 2, 1, 1, 2, 2]),
 (16, [513, 11, 1, 0, 1, 1015, 1103, 0, 1, 0, 4, 0, 1, 2, 2]),
 (16, [566, 33, 0, 1, 0, 1354, 968, 0, 1, 1, 3, 1, 1, 0, 1]),
 (16, [635, 38, 1, 1, 1, 1122, 1069, 0, 0, 1, 0, 1, 0, 1, 2]),
 (16, [740, 31, 1, 0, 1, 1943, 1526, 0, 0, 1, 3, 1, 0, 2, 0]),
 (16, [851, 30, 0, 1, 0, 1917, 1454, 0, 0, 1, 1, 0, 1, 0, 0]),
 (16, [874, 104, 0, 0, 0, 835, 593, 0, 0, 0, 0, 1, 2, 0, 0]),
 (16, [1039, 74, 0, 0, 0, 1922, 1255, 0, 1, 2, 1, 0, 0, 0, 1]),
 (16, [1238, 91, 0, 0, 1, 1140, 1143, 1, 1, 0, 3, 0, 1, 1, 2]),
 (16, [1270, 108, 0, 0, 0, 1058, 1488, 0, 0, 0, 2, 1, 1, 1, 2]),
 (16, [1313, 103, 1, 1, 0, 1313, 867, 1, 0, 2, 3, 0, 2, 0, 0]),
 (16, [1404, 62, 1, 0, 1, 556, 817, 0, 0, 1, 4, 1, 1, 1, 1]),
 (16, [1460, 29, 1, 1, 1, 868, 1537, 1, 0, 2, 2, 0, 0, 0, 0]),
 (16, [1500, 101, 1, 0, 1, 1591, 876, 1, 0, 0, 4, 0, 0, 1, 2]),
 (16, [1627, 13, 1, 1, 1, 902, 1192, 0, 1, 0, 4, 0, 0, 0, 0]),
 (16, [1917, 19, 0, 1, 1, 987, 559, 0, 1, 1, 3, 0, 1, 0, 1]),
 (16, [1963, 69, 0, 0, 1, 1827, 516, 1, 1, 2, 4, 1, 0, 1, 2]),
 (16, [1972, 84, 0, 0, 0, 1504, 1689, 1, 1, 0, 3, 0, 0, 1, 2]),
 (33, [1842, 93, 0, 1, 0, 1064, 1609, 0, 0, 1, 2, 1, 0, 2, 1]),
 (999, [609, 45, 1, 1, 0, 1336, 1475, 0, 1, 1, 5, 1, 1, 1, 2]),
 (999, [679, 25, 0, 1, 1, 1919, 1447, 0, 0, 3, 0, 1, 2, 1, 2]),
 (999, [745, 90, 0, 1, 1, 572, 706, 1, 0, 2, 5, 1, 1, 2, 1]),
 (999, [1270, 45, 0, 0, 0, 1069, 1902, 0, 1, 3, 3, 1, 2, 1, 0]),
 (999, [1439, 38, 0, 1, 0, 1096, 1228, 1, 0, 3, 3, 0, 0, 2, 1]),
 (999, [1504, 48, 0, 0, 0, 1530, 1355, 1, 1, 3, 4, 0, 2, 2, 0]),
 (999, [1603, 90, 0, 0, 1, 776, 1555, 0, 1, 2, 5, 1, 0, 2, 0]),
 (999, [1632, 93, 0, 0, 0, 616, 1966, 0, 1, 0, 5, 0, 2, 2, 1]),
 (999, [1782, 25, 1, 0, 1, 640, 645, 1, 0, 2, 5, 0, 1, 2, 1])]
Selected
[(16, [635, 38, 1, 1, 1, 1122, 1069, 0, 0, 1, 0, 1, 0, 1, 2]),
 (12, [680, 38, 0, 0, 0, 1538, 1821, 0, 0, 0, 3, 1, 0, 2, 2]),
 (16, [1500, 101, 1, 0, 1, 1591, 876, 1, 0, 0, 4, 0, 0, 1, 2]),
 (16, [635, 38, 1, 1, 1, 1122, 1069, 0, 0, 1, 0, 1, 0, 1, 2]),
 (16, [1039, 74, 0, 0, 0, 1922, 1255, 0, 1, 2, 1, 0, 0, 0, 1]),
 (12, [680, 38, 0, 0, 0, 1538, 1821, 0, 0, 0, 3, 1, 0, 2, 2]),
 (12, [680, 38, 0, 0, 0, 1538, 1821, 0, 0, 0, 3, 1, 0, 2, 2]),
 (16, [874, 104, 0, 0, 0, 835, 593, 0, 0, 0, 0, 1, 2, 0, 0]),
 (12, [975, 92, 0, 0, 1, 1549, 1825, 1, 1, 2, 4, 1, 2, 0, 0]),
 (12, [1067, 58, 0, 1, 0, 929, 1523, 0, 0, 0, 0, 1, 0, 0, 0]),
 (12, [680, 38, 0, 0, 0, 1538, 1821, 0, 0, 0, 3, 1, 0, 2, 2]),
 (12, [680, 38, 0, 0, 0, 1538, 1821, 0, 0, 0, 3, 1, 0, 2, 2]),
 (12, [680, 38, 0, 0, 0, 1538, 1821, 0, 0, 0, 3, 1, 0, 2, 2]),
 (16, [513, 11, 1, 0, 1, 1015, 1103, 0, 1, 0, 4, 0, 1, 2, 2]),
 (16, [1039, 74, 0, 0, 0, 1922, 1255, 0, 1, 2, 1, 0, 0, 0, 1]),
 (12, [680, 38, 0, 0, 0, 1538, 1821, 0, 0, 0, 3, 1, 0, 2, 2]),
 (12, [680, 38, 0, 0, 0, 1538, 1821, 0, 0, 0, 3, 1, 0, 2, 2]),
 (12, [975, 92, 0, 0, 1, 1549, 1825, 1, 1, 2, 4, 1, 2, 0, 0]),
 (16, [513, 11, 1, 0, 1, 1015, 1103, 0, 1, 0, 4, 0, 1, 2, 2]),
 (16, [1404, 62, 1, 0, 1, 556, 817, 0, 0, 1, 4, 1, 1, 1, 1]),
 (12, [1114, 21, 1, 1, 0, 704, 1426, 0, 0, 1, 4, 0, 2, 2, 1]),
 (12, [1729, 108, 0, 1, 1, 513, 1943, 0, 0, 1, 2, 1, 1, 2, 2]),
 (12, [680, 38, 0, 0, 0, 1538, 1821, 0, 0, 0, 3, 1, 0, 2, 2]),
 (16, [513, 11, 1, 0, 1, 1015, 1103, 0, 1, 0, 4, 0, 1, 2, 2]),
 (16, [513, 11, 1, 0, 1, 1015, 1103, 0, 1, 0, 4, 0, 1, 2, 2]),
 (16, [513, 11, 1, 0, 1, 1015, 1103, 0, 1, 0, 4, 0, 1, 2, 2]),
 (16, [851, 30, 0, 1, 0, 1917, 1454, 0, 0, 1, 1, 0, 1, 0, 0])]
population
[(999, [1782, 25, 1, 0, 1, 640, 645, 1, 0, 2, 5, 0, 1, 2, 1]),
 (999, [1632, 93, 0, 0, 0, 616, 1966, 0, 1, 0, 5, 0, 2, 2, 1]),
 (999, [1603, 90, 0, 0, 1, 776, 1555, 0, 1, 2, 5, 1, 0, 2, 0]),
 (999, [1504, 48, 0, 0, 0, 1530, 1355, 1, 1, 3, 4, 0, 2, 2, 0]),
 (999, [1439, 38, 0, 1, 0, 1096, 1228, 1, 0, 3, 3, 0, 0, 2, 1]),
 (999, [1270, 45, 0, 0, 0, 1069, 1902, 0, 1, 3, 3, 1, 2, 1, 0]),
 (999, [745, 90, 0, 1, 1, 572, 706, 1, 0, 2, 5, 1, 1, 2, 1]),
 (999, [679, 25, 0, 1, 1, 1919, 1447, 0, 0, 3, 0, 1, 2, 1, 2]),
 (999, [609, 45, 1, 1, 0, 1336, 1475, 0, 1, 1, 5, 1, 1, 1, 2]),
 (33, [1842, 93, 0, 1, 0, 1064, 1609, 0, 0, 1, 2, 1, 0, 2, 1]),
 (16, [1972, 84, 0, 0, 0, 1504, 1689, 1, 1, 0, 3, 0, 0, 1, 2]),
 (16, [1963, 69, 0, 0, 1, 1827, 516, 1, 1, 2, 4, 1, 0, 1, 2]),
 (16, [1917, 19, 0, 1, 1, 987, 559, 0, 1, 1, 3, 0, 1, 0, 1]),
 (16, [1627, 13, 1, 1, 1, 902, 1192, 0, 1, 0, 4, 0, 0, 0, 0]),
 (16, [1500, 101, 1, 0, 1, 1591, 876, 1, 0, 0, 4, 0, 0, 1, 2]),
 (16, [1460, 29, 1, 1, 1, 868, 1537, 1, 0, 2, 2, 0, 0, 0, 0]),
 (16, [1404, 62, 1, 0, 1, 556, 817, 0, 0, 1, 4, 1, 1, 1, 1]),
 (16, [1313, 103, 1, 1, 0, 1313, 867, 1, 0, 2, 3, 0, 2, 0, 0]),
 (16, [1270, 108, 0, 0, 0, 1058, 1488, 0, 0, 0, 2, 1, 1, 1, 2]),
 (16, [1238, 91, 0, 0, 1, 1140, 1143, 1, 1, 0, 3, 0, 1, 1, 2]),
 (16, [1039, 74, 0, 0, 0, 1922, 1255, 0, 1, 2, 1, 0, 0, 0, 1]),
 (16, [874, 104, 0, 0, 0, 835, 593, 0, 0, 0, 0, 1, 2, 0, 0]),
 (16, [851, 30, 0, 1, 0, 1917, 1454, 0, 0, 1, 1, 0, 1, 0, 0]),
 (16, [740, 31, 1, 0, 1, 1943, 1526, 0, 0, 1, 3, 1, 0, 2, 0]),
 (16, [635, 38, 1, 1, 1, 1122, 1069, 0, 0, 1, 0, 1, 0, 1, 2]),
 (16, [566, 33, 0, 1, 0, 1354, 968, 0, 1, 1, 3, 1, 1, 0, 1]),
 (16, [513, 11, 1, 0, 1, 1015, 1103, 0, 1, 0, 4, 0, 1, 2, 2]),
 (12, [1729, 108, 0, 1, 1, 513, 1943, 0, 0, 1, 2, 1, 1, 2, 2]),
 (12, [1114, 21, 1, 1, 0, 704, 1426, 0, 0, 1, 4, 0, 2, 2, 1]),
 (12, [1067, 58, 0, 1, 0, 929, 1523, 0, 0, 0, 0, 1, 0, 0, 0]),
 (12, [975, 92, 0, 0, 1, 1549, 1825, 1, 1, 2, 4, 1, 2, 0, 0]),
 (12, [680, 38, 0, 0, 0, 1538, 1821, 0, 0, 0, 3, 1, 0, 2, 2])]
scored
[(12, [680, 38, 0, 0, 0, 1538, 1821, 0, 0, 0, 3, 1, 0, 2, 2]),
 (12, [975, 92, 0, 0, 1, 1549, 1825, 1, 1, 2, 4, 1, 2, 0, 0]),
 (12, [1067, 58, 0, 1, 0, 929, 1523, 0, 0, 0, 0, 1, 0, 0, 0]),
 (12, [1114, 21, 1, 1, 0, 704, 1426, 0, 0, 1, 4, 0, 2, 2, 1]),
 (12, [1729, 108, 0, 1, 1, 513, 1943, 0, 0, 1, 2, 1, 1, 2, 2]),
 (16, [513, 11, 1, 0, 1, 1015, 1103, 0, 1, 0, 4, 0, 1, 2, 2]),
 (16, [566, 33, 0, 1, 0, 1354, 968, 0, 1, 1, 3, 1, 1, 0, 1]),
 (16, [635, 38, 1, 1, 1, 1122, 1069, 0, 0, 1, 0, 1, 0, 1, 2]),
 (16, [740, 31, 1, 0, 1, 1943, 1526, 0, 0, 1, 3, 1, 0, 2, 0]),
 (16, [851, 30, 0, 1, 0, 1917, 1454, 0, 0, 1, 1, 0, 1, 0, 0]),
 (16, [874, 104, 0, 0, 0, 835, 593, 0, 0, 0, 0, 1, 2, 0, 0]),
 (16, [1039, 74, 0, 0, 0, 1922, 1255, 0, 1, 2, 1, 0, 0, 0, 1]),
 (16, [1238, 91, 0, 0, 1, 1140, 1143, 1, 1, 0, 3, 0, 1, 1, 2]),
 (16, [1270, 108, 0, 0, 0, 1058, 1488, 0, 0, 0, 2, 1, 1, 1, 2]),
 (16, [1313, 103, 1, 1, 0, 1313, 867, 1, 0, 2, 3, 0, 2, 0, 0]),
 (16, [1404, 62, 1, 0, 1, 556, 817, 0, 0, 1, 4, 1, 1, 1, 1]),
 (16, [1460, 29, 1, 1, 1, 868, 1537, 1, 0, 2, 2, 0, 0, 0, 0]),
 (16, [1500, 101, 1, 0, 1, 1591, 876, 1, 0, 0, 4, 0, 0, 1, 2]),
 (16, [1627, 13, 1, 1, 1, 902, 1192, 0, 1, 0, 4, 0, 0, 0, 0]),
 (16, [1917, 19, 0, 1, 1, 987, 559, 0, 1, 1, 3, 0, 1, 0, 1]),
 (16, [1963, 69, 0, 0, 1, 1827, 516, 1, 1, 2, 4, 1, 0, 1, 2]),
 (16, [1972, 84, 0, 0, 0, 1504, 1689, 1, 1, 0, 3, 0, 0, 1, 2]),
 (33, [1842, 93, 0, 1, 0, 1064, 1609, 0, 0, 1, 2, 1, 0, 2, 1]),
 (999, [609, 45, 1, 1, 0, 1336, 1475, 0, 1, 1, 5, 1, 1, 1, 2]),
 (999, [679, 25, 0, 1, 1, 1919, 1447, 0, 0, 3, 0, 1, 2, 1, 2]),
 (999, [745, 90, 0, 1, 1, 572, 706, 1, 0, 2, 5, 1, 1, 2, 1]),
 (999, [1270, 45, 0, 0, 0, 1069, 1902, 0, 1, 3, 3, 1, 2, 1, 0]),
 (999, [1439, 38, 0, 1, 0, 1096, 1228, 1, 0, 3, 3, 0, 0, 2, 1]),
 (999, [1504, 48, 0, 0, 0, 1530, 1355, 1, 1, 3, 4, 0, 2, 2, 0]),
 (999, [1603, 90, 0, 0, 1, 776, 1555, 0, 1, 2, 5, 1, 0, 2, 0]),
 (999, [1632, 93, 0, 0, 0, 616, 1966, 0, 1, 0, 5, 0, 2, 2, 1]),
 (999, [1782, 25, 1, 0, 1, 640, 645, 1, 0, 2, 5, 0, 1, 2, 1])]
Selected
[(16, [566, 33, 0, 1, 0, 1354, 968, 0, 1, 1, 3, 1, 1, 0, 1]),
 (16, [513, 11, 1, 0, 1, 1015, 1103, 0, 1, 0, 4, 0, 1, 2, 2]),
 (12, [680, 38, 0, 0, 0, 1538, 1821, 0, 0, 0, 3, 1, 0, 2, 2]),
 (16, [1917, 19, 0, 1, 1, 987, 559, 0, 1, 1, 3, 0, 1, 0, 1]),
 (12, [975, 92, 0, 0, 1, 1549, 1825, 1, 1, 2, 4, 1, 2, 0, 0]),
 (16, [513, 11, 1, 0, 1, 1015, 1103, 0, 1, 0, 4, 0, 1, 2, 2]),
 (16, [566, 33, 0, 1, 0, 1354, 968, 0, 1, 1, 3, 1, 1, 0, 1]),
 (12, [975, 92, 0, 0, 1, 1549, 1825, 1, 1, 2, 4, 1, 2, 0, 0]),
 (16, [635, 38, 1, 1, 1, 1122, 1069, 0, 0, 1, 0, 1, 0, 1, 2]),
 (16, [513, 11, 1, 0, 1, 1015, 1103, 0, 1, 0, 4, 0, 1, 2, 2]),
 (12, [1114, 21, 1, 1, 0, 704, 1426, 0, 0, 1, 4, 0, 2, 2, 1]),
 (12, [1729, 108, 0, 1, 1, 513, 1943, 0, 0, 1, 2, 1, 1, 2, 2]),
 (12, [1067, 58, 0, 1, 0, 929, 1523, 0, 0, 0, 0, 1, 0, 0, 0]),
 (16, [1270, 108, 0, 0, 0, 1058, 1488, 0, 0, 0, 2, 1, 1, 1, 2]),
 (12, [680, 38, 0, 0, 0, 1538, 1821, 0, 0, 0, 3, 1, 0, 2, 2]),
 (16, [1313, 103, 1, 1, 0, 1313, 867, 1, 0, 2, 3, 0, 2, 0, 0]),
 (16, [1039, 74, 0, 0, 0, 1922, 1255, 0, 1, 2, 1, 0, 0, 0, 1]),
 (12, [680, 38, 0, 0, 0, 1538, 1821, 0, 0, 0, 3, 1, 0, 2, 2]),
 (16, [851, 30, 0, 1, 0, 1917, 1454, 0, 0, 1, 1, 0, 1, 0, 0]),
 (16, [740, 31, 1, 0, 1, 1943, 1526, 0, 0, 1, 3, 1, 0, 2, 0]),
 (12, [680, 38, 0, 0, 0, 1538, 1821, 0, 0, 0, 3, 1, 0, 2, 2]),
 (16, [851, 30, 0, 1, 0, 1917, 1454, 0, 0, 1, 1, 0, 1, 0, 0]),
 (16, [1313, 103, 1, 1, 0, 1313, 867, 1, 0, 2, 3, 0, 2, 0, 0]),
 (12, [1729, 108, 0, 1, 1, 513, 1943, 0, 0, 1, 2, 1, 1, 2, 2]),
 (16, [635, 38, 1, 1, 1, 1122, 1069, 0, 0, 1, 0, 1, 0, 1, 2]),
 (12, [1729, 108, 0, 1, 1, 513, 1943, 0, 0, 1, 2, 1, 1, 2, 2]),
 (12, [680, 38, 0, 0, 0, 1538, 1821, 0, 0, 0, 3, 1, 0, 2, 2])]
population
[(999, [1782, 25, 1, 0, 1, 640, 645, 1, 0, 2, 5, 0, 1, 2, 1]),
 (999, [1632, 93, 0, 0, 0, 616, 1966, 0, 1, 0, 5, 0, 2, 2, 1]),
 (999, [1603, 90, 0, 0, 1, 776, 1555, 0, 1, 2, 5, 1, 0, 2, 0]),
 (999, [1504, 48, 0, 0, 0, 1530, 1355, 1, 1, 3, 4, 0, 2, 2, 0]),
 (999, [1439, 38, 0, 1, 0, 1096, 1228, 1, 0, 3, 3, 0, 0, 2, 1]),
 (999, [1270, 45, 0, 0, 0, 1069, 1902, 0, 1, 3, 3, 1, 2, 1, 0]),
 (999, [745, 90, 0, 1, 1, 572, 706, 1, 0, 2, 5, 1, 1, 2, 1]),
 (999, [679, 25, 0, 1, 1, 1919, 1447, 0, 0, 3, 0, 1, 2, 1, 2]),
 (999, [609, 45, 1, 1, 0, 1336, 1475, 0, 1, 1, 5, 1, 1, 1, 2]),
 (33, [1842, 93, 0, 1, 0, 1064, 1609, 0, 0, 1, 2, 1, 0, 2, 1]),
 (16, [1972, 84, 0, 0, 0, 1504, 1689, 1, 1, 0, 3, 0, 0, 1, 2]),
 (16, [1963, 69, 0, 0, 1, 1827, 516, 1, 1, 2, 4, 1, 0, 1, 2]),
 (16, [1917, 19, 0, 1, 1, 987, 559, 0, 1, 1, 3, 0, 1, 0, 1]),
 (16, [1627, 13, 1, 1, 1, 902, 1192, 0, 1, 0, 4, 0, 0, 0, 0]),
 (16, [1500, 101, 1, 0, 1, 1591, 876, 1, 0, 0, 4, 0, 0, 1, 2]),
 (16, [1460, 29, 1, 1, 1, 868, 1537, 1, 0, 2, 2, 0, 0, 0, 0]),
 (16, [1404, 62, 1, 0, 1, 556, 817, 0, 0, 1, 4, 1, 1, 1, 1]),
 (16, [1313, 103, 1, 1, 0, 1313, 867, 1, 0, 2, 3, 0, 2, 0, 0]),
 (16, [1270, 108, 0, 0, 0, 1058, 1488, 0, 0, 0, 2, 1, 1, 1, 2]),
 (16, [1238, 91, 0, 0, 1, 1140, 1143, 1, 1, 0, 3, 0, 1, 1, 2]),
 (16, [1039, 74, 0, 0, 0, 1922, 1255, 0, 1, 2, 1, 0, 0, 0, 1]),
 (16, [874, 104, 0, 0, 0, 835, 593, 0, 0, 0, 0, 1, 2, 0, 0]),
 (16, [851, 30, 0, 1, 0, 1917, 1454, 0, 0, 1, 1, 0, 1, 0, 0]),
 (16, [740, 31, 1, 0, 1, 1943, 1526, 0, 0, 1, 3, 1, 0, 2, 0]),
 (16, [635, 38, 1, 1, 1, 1122, 1069, 0, 0, 1, 0, 1, 0, 1, 2]),
 (16, [566, 33, 0, 1, 0, 1354, 968, 0, 1, 1, 3, 1, 1, 0, 1]),
 (16, [513, 11, 1, 0, 1, 1015, 1103, 0, 1, 0, 4, 0, 1, 2, 2]),
 (12, [1729, 108, 0, 1, 1, 513, 1943, 0, 0, 1, 2, 1, 1, 2, 2]),
 (12, [1114, 21, 1, 1, 0, 704, 1426, 0, 0, 1, 4, 0, 2, 2, 1]),
 (12, [1067, 58, 0, 1, 0, 929, 1523, 0, 0, 0, 0, 1, 0, 0, 0]),
 (12, [975, 92, 0, 0, 1, 1549, 1825, 1, 1, 2, 4, 1, 2, 0, 0]),
 (12, [680, 38, 0, 0, 0, 1538, 1821, 0, 0, 0, 3, 1, 0, 2, 2])]
scored
[(12, [680, 38, 0, 0, 0, 1538, 1821, 0, 0, 0, 3, 1, 0, 2, 2]),
 (12, [975, 92, 0, 0, 1, 1549, 1825, 1, 1, 2, 4, 1, 2, 0, 0]),
 (12, [1067, 58, 0, 1, 0, 929, 1523, 0, 0, 0, 0, 1, 0, 0, 0]),
 (12, [1114, 21, 1, 1, 0, 704, 1426, 0, 0, 1, 4, 0, 2, 2, 1]),
 (12, [1729, 108, 0, 1, 1, 513, 1943, 0, 0, 1, 2, 1, 1, 2, 2]),
 (16, [513, 11, 1, 0, 1, 1015, 1103, 0, 1, 0, 4, 0, 1, 2, 2]),
 (16, [566, 33, 0, 1, 0, 1354, 968, 0, 1, 1, 3, 1, 1, 0, 1]),
 (16, [635, 38, 1, 1, 1, 1122, 1069, 0, 0, 1, 0, 1, 0, 1, 2]),
 (16, [740, 31, 1, 0, 1, 1943, 1526, 0, 0, 1, 3, 1, 0, 2, 0]),
 (16, [851, 30, 0, 1, 0, 1917, 1454, 0, 0, 1, 1, 0, 1, 0, 0]),
 (16, [874, 104, 0, 0, 0, 835, 593, 0, 0, 0, 0, 1, 2, 0, 0]),
 (16, [1039, 74, 0, 0, 0, 1922, 1255, 0, 1, 2, 1, 0, 0, 0, 1]),
 (16, [1238, 91, 0, 0, 1, 1140, 1143, 1, 1, 0, 3, 0, 1, 1, 2]),
 (16, [1270, 108, 0, 0, 0, 1058, 1488, 0, 0, 0, 2, 1, 1, 1, 2]),
 (16, [1313, 103, 1, 1, 0, 1313, 867, 1, 0, 2, 3, 0, 2, 0, 0]),
 (16, [1404, 62, 1, 0, 1, 556, 817, 0, 0, 1, 4, 1, 1, 1, 1]),
 (16, [1460, 29, 1, 1, 1, 868, 1537, 1, 0, 2, 2, 0, 0, 0, 0]),
 (16, [1500, 101, 1, 0, 1, 1591, 876, 1, 0, 0, 4, 0, 0, 1, 2]),
 (16, [1627, 13, 1, 1, 1, 902, 1192, 0, 1, 0, 4, 0, 0, 0, 0]),
 (16, [1917, 19, 0, 1, 1, 987, 559, 0, 1, 1, 3, 0, 1, 0, 1]),
 (16, [1963, 69, 0, 0, 1, 1827, 516, 1, 1, 2, 4, 1, 0, 1, 2]),
 (16, [1972, 84, 0, 0, 0, 1504, 1689, 1, 1, 0, 3, 0, 0, 1, 2]),
 (33, [1842, 93, 0, 1, 0, 1064, 1609, 0, 0, 1, 2, 1, 0, 2, 1]),
 (999, [609, 45, 1, 1, 0, 1336, 1475, 0, 1, 1, 5, 1, 1, 1, 2]),
 (999, [679, 25, 0, 1, 1, 1919, 1447, 0, 0, 3, 0, 1, 2, 1, 2]),
 (999, [745, 90, 0, 1, 1, 572, 706, 1, 0, 2, 5, 1, 1, 2, 1]),
 (999, [1270, 45, 0, 0, 0, 1069, 1902, 0, 1, 3, 3, 1, 2, 1, 0]),
 (999, [1439, 38, 0, 1, 0, 1096, 1228, 1, 0, 3, 3, 0, 0, 2, 1]),
 (999, [1504, 48, 0, 0, 0, 1530, 1355, 1, 1, 3, 4, 0, 2, 2, 0]),
 (999, [1603, 90, 0, 0, 1, 776, 1555, 0, 1, 2, 5, 1, 0, 2, 0]),
 (999, [1632, 93, 0, 0, 0, 616, 1966, 0, 1, 0, 5, 0, 2, 2, 1]),
 (999, [1782, 25, 1, 0, 1, 640, 645, 1, 0, 2, 5, 0, 1, 2, 1])]
Selected
[(12, [680, 38, 0, 0, 0, 1538, 1821, 0, 0, 0, 3, 1, 0, 2, 2]),
 (16, [566, 33, 0, 1, 0, 1354, 968, 0, 1, 1, 3, 1, 1, 0, 1]),
 (16, [874, 104, 0, 0, 0, 835, 593, 0, 0, 0, 0, 1, 2, 0, 0]),
 (12, [975, 92, 0, 0, 1, 1549, 1825, 1, 1, 2, 4, 1, 2, 0, 0]),
 (12, [1729, 108, 0, 1, 1, 513, 1943, 0, 0, 1, 2, 1, 1, 2, 2]),
 (12, [680, 38, 0, 0, 0, 1538, 1821, 0, 0, 0, 3, 1, 0, 2, 2]),
 (12, [1729, 108, 0, 1, 1, 513, 1943, 0, 0, 1, 2, 1, 1, 2, 2]),
 (12, [1067, 58, 0, 1, 0, 929, 1523, 0, 0, 0, 0, 1, 0, 0, 0]),
 (12, [1067, 58, 0, 1, 0, 929, 1523, 0, 0, 0, 0, 1, 0, 0, 0]),
 (16, [1313, 103, 1, 1, 0, 1313, 867, 1, 0, 2, 3, 0, 2, 0, 0]),
 (16, [566, 33, 0, 1, 0, 1354, 968, 0, 1, 1, 3, 1, 1, 0, 1]),
 (16, [635, 38, 1, 1, 1, 1122, 1069, 0, 0, 1, 0, 1, 0, 1, 2]),
 (12, [1067, 58, 0, 1, 0, 929, 1523, 0, 0, 0, 0, 1, 0, 0, 0]),
 (12, [1729, 108, 0, 1, 1, 513, 1943, 0, 0, 1, 2, 1, 1, 2, 2]),
 (12, [1067, 58, 0, 1, 0, 929, 1523, 0, 0, 0, 0, 1, 0, 0, 0]),
 (16, [1238, 91, 0, 0, 1, 1140, 1143, 1, 1, 0, 3, 0, 1, 1, 2]),
 (12, [1114, 21, 1, 1, 0, 704, 1426, 0, 0, 1, 4, 0, 2, 2, 1]),
 (16, [566, 33, 0, 1, 0, 1354, 968, 0, 1, 1, 3, 1, 1, 0, 1]),
 (16, [1500, 101, 1, 0, 1, 1591, 876, 1, 0, 0, 4, 0, 0, 1, 2]),
 (16, [874, 104, 0, 0, 0, 835, 593, 0, 0, 0, 0, 1, 2, 0, 0]),
 (12, [975, 92, 0, 0, 1, 1549, 1825, 1, 1, 2, 4, 1, 2, 0, 0]),
 (12, [1114, 21, 1, 1, 0, 704, 1426, 0, 0, 1, 4, 0, 2, 2, 1]),
 (12, [1729, 108, 0, 1, 1, 513, 1943, 0, 0, 1, 2, 1, 1, 2, 2]),
 (12, [1114, 21, 1, 1, 0, 704, 1426, 0, 0, 1, 4, 0, 2, 2, 1]),
 (16, [1039, 74, 0, 0, 0, 1922, 1255, 0, 1, 2, 1, 0, 0, 0, 1]),
 (12, [975, 92, 0, 0, 1, 1549, 1825, 1, 1, 2, 4, 1, 2, 0, 0]),
 (12, [680, 38, 0, 0, 0, 1538, 1821, 0, 0, 0, 3, 1, 0, 2, 2])]
population
[(999, [1782, 25, 1, 0, 1, 640, 645, 1, 0, 2, 5, 0, 1, 2, 1]),
 (999, [1632, 93, 0, 0, 0, 616, 1966, 0, 1, 0, 5, 0, 2, 2, 1]),
 (999, [1603, 90, 0, 0, 1, 776, 1555, 0, 1, 2, 5, 1, 0, 2, 0]),
 (999, [1504, 48, 0, 0, 0, 1530, 1355, 1, 1, 3, 4, 0, 2, 2, 0]),
 (999, [1439, 38, 0, 1, 0, 1096, 1228, 1, 0, 3, 3, 0, 0, 2, 1]),
 (999, [1270, 45, 0, 0, 0, 1069, 1902, 0, 1, 3, 3, 1, 2, 1, 0]),
 (999, [745, 90, 0, 1, 1, 572, 706, 1, 0, 2, 5, 1, 1, 2, 1]),
 (999, [679, 25, 0, 1, 1, 1919, 1447, 0, 0, 3, 0, 1, 2, 1, 2]),
 (999, [609, 45, 1, 1, 0, 1336, 1475, 0, 1, 1, 5, 1, 1, 1, 2]),
 (33, [1842, 93, 0, 1, 0, 1064, 1609, 0, 0, 1, 2, 1, 0, 2, 1]),
 (16, [1972, 84, 0, 0, 0, 1504, 1689, 1, 1, 0, 3, 0, 0, 1, 2]),
 (16, [1963, 69, 0, 0, 1, 1827, 516, 1, 1, 2, 4, 1, 0, 1, 2]),
 (16, [1917, 19, 0, 1, 1, 987, 559, 0, 1, 1, 3, 0, 1, 0, 1]),
 (16, [1627, 13, 1, 1, 1, 902, 1192, 0, 1, 0, 4, 0, 0, 0, 0]),
 (16, [1500, 101, 1, 0, 1, 1591, 876, 1, 0, 0, 4, 0, 0, 1, 2]),
 (16, [1460, 29, 1, 1, 1, 868, 1537, 1, 0, 2, 2, 0, 0, 0, 0]),
 (16, [1404, 62, 1, 0, 1, 556, 817, 0, 0, 1, 4, 1, 1, 1, 1]),
 (16, [1313, 103, 1, 1, 0, 1313, 867, 1, 0, 2, 3, 0, 2, 0, 0]),
 (16, [1270, 108, 0, 0, 0, 1058, 1488, 0, 0, 0, 2, 1, 1, 1, 2]),
 (16, [1238, 91, 0, 0, 1, 1140, 1143, 1, 1, 0, 3, 0, 1, 1, 2]),
 (16, [1039, 74, 0, 0, 0, 1922, 1255, 0, 1, 2, 1, 0, 0, 0, 1]),
 (16, [874, 104, 0, 0, 0, 835, 593, 0, 0, 0, 0, 1, 2, 0, 0]),
 (16, [851, 30, 0, 1, 0, 1917, 1454, 0, 0, 1, 1, 0, 1, 0, 0]),
 (16, [740, 31, 1, 0, 1, 1943, 1526, 0, 0, 1, 3, 1, 0, 2, 0]),
 (16, [635, 38, 1, 1, 1, 1122, 1069, 0, 0, 1, 0, 1, 0, 1, 2]),
 (16, [566, 33, 0, 1, 0, 1354, 968, 0, 1, 1, 3, 1, 1, 0, 1]),
 (16, [513, 11, 1, 0, 1, 1015, 1103, 0, 1, 0, 4, 0, 1, 2, 2]),
 (12, [1729, 108, 0, 1, 1, 513, 1943, 0, 0, 1, 2, 1, 1, 2, 2]),
 (12, [1114, 21, 1, 1, 0, 704, 1426, 0, 0, 1, 4, 0, 2, 2, 1]),
 (12, [1067, 58, 0, 1, 0, 929, 1523, 0, 0, 0, 0, 1, 0, 0, 0]),
 (12, [975, 92, 0, 0, 1, 1549, 1825, 1, 1, 2, 4, 1, 2, 0, 0]),
 (12, [680, 38, 0, 0, 0, 1538, 1821, 0, 0, 0, 3, 1, 0, 2, 2])]
scored
[(12, [680, 38, 0, 0, 0, 1538, 1821, 0, 0, 0, 3, 1, 0, 2, 2]),
 (12, [975, 92, 0, 0, 1, 1549, 1825, 1, 1, 2, 4, 1, 2, 0, 0]),
 (12, [1067, 58, 0, 1, 0, 929, 1523, 0, 0, 0, 0, 1, 0, 0, 0]),
 (12, [1114, 21, 1, 1, 0, 704, 1426, 0, 0, 1, 4, 0, 2, 2, 1]),
 (12, [1729, 108, 0, 1, 1, 513, 1943, 0, 0, 1, 2, 1, 1, 2, 2]),
 (16, [513, 11, 1, 0, 1, 1015, 1103, 0, 1, 0, 4, 0, 1, 2, 2]),
 (16, [566, 33, 0, 1, 0, 1354, 968, 0, 1, 1, 3, 1, 1, 0, 1]),
 (16, [635, 38, 1, 1, 1, 1122, 1069, 0, 0, 1, 0, 1, 0, 1, 2]),
 (16, [740, 31, 1, 0, 1, 1943, 1526, 0, 0, 1, 3, 1, 0, 2, 0]),
 (16, [851, 30, 0, 1, 0, 1917, 1454, 0, 0, 1, 1, 0, 1, 0, 0]),
 (16, [874, 104, 0, 0, 0, 835, 593, 0, 0, 0, 0, 1, 2, 0, 0]),
 (16, [1039, 74, 0, 0, 0, 1922, 1255, 0, 1, 2, 1, 0, 0, 0, 1]),
 (16, [1238, 91, 0, 0, 1, 1140, 1143, 1, 1, 0, 3, 0, 1, 1, 2]),
 (16, [1270, 108, 0, 0, 0, 1058, 1488, 0, 0, 0, 2, 1, 1, 1, 2]),
 (16, [1313, 103, 1, 1, 0, 1313, 867, 1, 0, 2, 3, 0, 2, 0, 0]),
 (16, [1404, 62, 1, 0, 1, 556, 817, 0, 0, 1, 4, 1, 1, 1, 1]),
 (16, [1460, 29, 1, 1, 1, 868, 1537, 1, 0, 2, 2, 0, 0, 0, 0]),
 (16, [1500, 101, 1, 0, 1, 1591, 876, 1, 0, 0, 4, 0, 0, 1, 2]),
 (16, [1627, 13, 1, 1, 1, 902, 1192, 0, 1, 0, 4, 0, 0, 0, 0]),
 (16, [1917, 19, 0, 1, 1, 987, 559, 0, 1, 1, 3, 0, 1, 0, 1]),
 (16, [1963, 69, 0, 0, 1, 1827, 516, 1, 1, 2, 4, 1, 0, 1, 2]),
 (16, [1972, 84, 0, 0, 0, 1504, 1689, 1, 1, 0, 3, 0, 0, 1, 2]),
 (33, [1842, 93, 0, 1, 0, 1064, 1609, 0, 0, 1, 2, 1, 0, 2, 1]),
 (999, [609, 45, 1, 1, 0, 1336, 1475, 0, 1, 1, 5, 1, 1, 1, 2]),
 (999, [679, 25, 0, 1, 1, 1919, 1447, 0, 0, 3, 0, 1, 2, 1, 2]),
 (999, [745, 90, 0, 1, 1, 572, 706, 1, 0, 2, 5, 1, 1, 2, 1]),
 (999, [1270, 45, 0, 0, 0, 1069, 1902, 0, 1, 3, 3, 1, 2, 1, 0]),
 (999, [1439, 38, 0, 1, 0, 1096, 1228, 1, 0, 3, 3, 0, 0, 2, 1]),
 (999, [1504, 48, 0, 0, 0, 1530, 1355, 1, 1, 3, 4, 0, 2, 2, 0]),
 (999, [1603, 90, 0, 0, 1, 776, 1555, 0, 1, 2, 5, 1, 0, 2, 0]),
 (999, [1632, 93, 0, 0, 0, 616, 1966, 0, 1, 0, 5, 0, 2, 2, 1]),
 (999, [1782, 25, 1, 0, 1, 640, 645, 1, 0, 2, 5, 0, 1, 2, 1])]
Selected
[(16, [513, 11, 1, 0, 1, 1015, 1103, 0, 1, 0, 4, 0, 1, 2, 2]),
 (16, [1270, 108, 0, 0, 0, 1058, 1488, 0, 0, 0, 2, 1, 1, 1, 2]),
 (16, [635, 38, 1, 1, 1, 1122, 1069, 0, 0, 1, 0, 1, 0, 1, 2]),
 (16, [1039, 74, 0, 0, 0, 1922, 1255, 0, 1, 2, 1, 0, 0, 0, 1]),
 (12, [1114, 21, 1, 1, 0, 704, 1426, 0, 0, 1, 4, 0, 2, 2, 1]),
 (16, [1313, 103, 1, 1, 0, 1313, 867, 1, 0, 2, 3, 0, 2, 0, 0]),
 (16, [635, 38, 1, 1, 1, 1122, 1069, 0, 0, 1, 0, 1, 0, 1, 2]),
 (12, [1067, 58, 0, 1, 0, 929, 1523, 0, 0, 0, 0, 1, 0, 0, 0]),
 (12, [680, 38, 0, 0, 0, 1538, 1821, 0, 0, 0, 3, 1, 0, 2, 2]),
 (16, [566, 33, 0, 1, 0, 1354, 968, 0, 1, 1, 3, 1, 1, 0, 1]),
 (12, [1114, 21, 1, 1, 0, 704, 1426, 0, 0, 1, 4, 0, 2, 2, 1]),
 (12, [975, 92, 0, 0, 1, 1549, 1825, 1, 1, 2, 4, 1, 2, 0, 0]),
 (12, [1729, 108, 0, 1, 1, 513, 1943, 0, 0, 1, 2, 1, 1, 2, 2]),
 (12, [975, 92, 0, 0, 1, 1549, 1825, 1, 1, 2, 4, 1, 2, 0, 0]),
 (16, [635, 38, 1, 1, 1, 1122, 1069, 0, 0, 1, 0, 1, 0, 1, 2]),
 (12, [1114, 21, 1, 1, 0, 704, 1426, 0, 0, 1, 4, 0, 2, 2, 1]),
 (12, [680, 38, 0, 0, 0, 1538, 1821, 0, 0, 0, 3, 1, 0, 2, 2]),
 (16, [1039, 74, 0, 0, 0, 1922, 1255, 0, 1, 2, 1, 0, 0, 0, 1]),
 (16, [740, 31, 1, 0, 1, 1943, 1526, 0, 0, 1, 3, 1, 0, 2, 0]),
 (16, [740, 31, 1, 0, 1, 1943, 1526, 0, 0, 1, 3, 1, 0, 2, 0]),
 (16, [566, 33, 0, 1, 0, 1354, 968, 0, 1, 1, 3, 1, 1, 0, 1]),
 (12, [1729, 108, 0, 1, 1, 513, 1943, 0, 0, 1, 2, 1, 1, 2, 2]),
 (12, [975, 92, 0, 0, 1, 1549, 1825, 1, 1, 2, 4, 1, 2, 0, 0]),
 (12, [1067, 58, 0, 1, 0, 929, 1523, 0, 0, 0, 0, 1, 0, 0, 0]),
 (16, [874, 104, 0, 0, 0, 835, 593, 0, 0, 0, 0, 1, 2, 0, 0]),
 (12, [1067, 58, 0, 1, 0, 929, 1523, 0, 0, 0, 0, 1, 0, 0, 0]),
 (16, [740, 31, 1, 0, 1, 1943, 1526, 0, 0, 1, 3, 1, 0, 2, 0])]
population
[(999, [1782, 25, 1, 0, 1, 640, 645, 1, 0, 2, 5, 0, 1, 2, 1]),
 (999, [1632, 93, 0, 0, 0, 616, 1966, 0, 1, 0, 5, 0, 2, 2, 1]),
 (999, [1603, 90, 0, 0, 1, 776, 1555, 0, 1, 2, 5, 1, 0, 2, 0]),
 (999, [1504, 48, 0, 0, 0, 1530, 1355, 1, 1, 3, 4, 0, 2, 2, 0]),
 (999, [1439, 38, 0, 1, 0, 1096, 1228, 1, 0, 3, 3, 0, 0, 2, 1]),
 (999, [1270, 45, 0, 0, 0, 1069, 1902, 0, 1, 3, 3, 1, 2, 1, 0]),
 (999, [745, 90, 0, 1, 1, 572, 706, 1, 0, 2, 5, 1, 1, 2, 1]),
 (999, [679, 25, 0, 1, 1, 1919, 1447, 0, 0, 3, 0, 1, 2, 1, 2]),
 (999, [609, 45, 1, 1, 0, 1336, 1475, 0, 1, 1, 5, 1, 1, 1, 2]),
 (33, [1842, 93, 0, 1, 0, 1064, 1609, 0, 0, 1, 2, 1, 0, 2, 1]),
 (16, [1972, 84, 0, 0, 0, 1504, 1689, 1, 1, 0, 3, 0, 0, 1, 2]),
 (16, [1963, 69, 0, 0, 1, 1827, 516, 1, 1, 2, 4, 1, 0, 1, 2]),
 (16, [1917, 19, 0, 1, 1, 987, 559, 0, 1, 1, 3, 0, 1, 0, 1]),
 (16, [1627, 13, 1, 1, 1, 902, 1192, 0, 1, 0, 4, 0, 0, 0, 0]),
 (16, [1500, 101, 1, 0, 1, 1591, 876, 1, 0, 0, 4, 0, 0, 1, 2]),
 (16, [1460, 29, 1, 1, 1, 868, 1537, 1, 0, 2, 2, 0, 0, 0, 0]),
 (16, [1404, 62, 1, 0, 1, 556, 817, 0, 0, 1, 4, 1, 1, 1, 1]),
 (16, [1313, 103, 1, 1, 0, 1313, 867, 1, 0, 2, 3, 0, 2, 0, 0]),
 (16, [1270, 108, 0, 0, 0, 1058, 1488, 0, 0, 0, 2, 1, 1, 1, 2]),
 (16, [1238, 91, 0, 0, 1, 1140, 1143, 1, 1, 0, 3, 0, 1, 1, 2]),
 (16, [1039, 74, 0, 0, 0, 1922, 1255, 0, 1, 2, 1, 0, 0, 0, 1]),
 (16, [874, 104, 0, 0, 0, 835, 593, 0, 0, 0, 0, 1, 2, 0, 0]),
 (16, [851, 30, 0, 1, 0, 1917, 1454, 0, 0, 1, 1, 0, 1, 0, 0]),
 (16, [740, 31, 1, 0, 1, 1943, 1526, 0, 0, 1, 3, 1, 0, 2, 0]),
 (16, [635, 38, 1, 1, 1, 1122, 1069, 0, 0, 1, 0, 1, 0, 1, 2]),
 (16, [566, 33, 0, 1, 0, 1354, 968, 0, 1, 1, 3, 1, 1, 0, 1]),
 (16, [513, 11, 1, 0, 1, 1015, 1103, 0, 1, 0, 4, 0, 1, 2, 2]),
 (12, [1729, 108, 0, 1, 1, 513, 1943, 0, 0, 1, 2, 1, 1, 2, 2]),
 (12, [1114, 21, 1, 1, 0, 704, 1426, 0, 0, 1, 4, 0, 2, 2, 1]),
 (12, [1067, 58, 0, 1, 0, 929, 1523, 0, 0, 0, 0, 1, 0, 0, 0]),
 (12, [975, 92, 0, 0, 1, 1549, 1825, 1, 1, 2, 4, 1, 2, 0, 0]),
 (12, [680, 38, 0, 0, 0, 1538, 1821, 0, 0, 0, 3, 1, 0, 2, 2])]
scored
[(12, [680, 38, 0, 0, 0, 1538, 1821, 0, 0, 0, 3, 1, 0, 2, 2]),
 (12, [975, 92, 0, 0, 1, 1549, 1825, 1, 1, 2, 4, 1, 2, 0, 0]),
 (12, [1067, 58, 0, 1, 0, 929, 1523, 0, 0, 0, 0, 1, 0, 0, 0]),
 (12, [1114, 21, 1, 1, 0, 704, 1426, 0, 0, 1, 4, 0, 2, 2, 1]),
 (12, [1729, 108, 0, 1, 1, 513, 1943, 0, 0, 1, 2, 1, 1, 2, 2]),
 (16, [513, 11, 1, 0, 1, 1015, 1103, 0, 1, 0, 4, 0, 1, 2, 2]),
 (16, [566, 33, 0, 1, 0, 1354, 968, 0, 1, 1, 3, 1, 1, 0, 1]),
 (16, [635, 38, 1, 1, 1, 1122, 1069, 0, 0, 1, 0, 1, 0, 1, 2]),
 (16, [740, 31, 1, 0, 1, 1943, 1526, 0, 0, 1, 3, 1, 0, 2, 0]),
 (16, [851, 30, 0, 1, 0, 1917, 1454, 0, 0, 1, 1, 0, 1, 0, 0]),
 (16, [874, 104, 0, 0, 0, 835, 593, 0, 0, 0, 0, 1, 2, 0, 0]),
 (16, [1039, 74, 0, 0, 0, 1922, 1255, 0, 1, 2, 1, 0, 0, 0, 1]),
 (16, [1238, 91, 0, 0, 1, 1140, 1143, 1, 1, 0, 3, 0, 1, 1, 2]),
 (16, [1270, 108, 0, 0, 0, 1058, 1488, 0, 0, 0, 2, 1, 1, 1, 2]),
 (16, [1313, 103, 1, 1, 0, 1313, 867, 1, 0, 2, 3, 0, 2, 0, 0]),
 (16, [1404, 62, 1, 0, 1, 556, 817, 0, 0, 1, 4, 1, 1, 1, 1]),
 (16, [1460, 29, 1, 1, 1, 868, 1537, 1, 0, 2, 2, 0, 0, 0, 0]),
 (16, [1500, 101, 1, 0, 1, 1591, 876, 1, 0, 0, 4, 0, 0, 1, 2]),
 (16, [1627, 13, 1, 1, 1, 902, 1192, 0, 1, 0, 4, 0, 0, 0, 0]),
 (16, [1917, 19, 0, 1, 1, 987, 559, 0, 1, 1, 3, 0, 1, 0, 1]),
 (16, [1963, 69, 0, 0, 1, 1827, 516, 1, 1, 2, 4, 1, 0, 1, 2]),
 (16, [1972, 84, 0, 0, 0, 1504, 1689, 1, 1, 0, 3, 0, 0, 1, 2]),
 (33, [1842, 93, 0, 1, 0, 1064, 1609, 0, 0, 1, 2, 1, 0, 2, 1]),
 (999, [609, 45, 1, 1, 0, 1336, 1475, 0, 1, 1, 5, 1, 1, 1, 2]),
 (999, [679, 25, 0, 1, 1, 1919, 1447, 0, 0, 3, 0, 1, 2, 1, 2]),
 (999, [745, 90, 0, 1, 1, 572, 706, 1, 0, 2, 5, 1, 1, 2, 1]),
 (999, [1270, 45, 0, 0, 0, 1069, 1902, 0, 1, 3, 3, 1, 2, 1, 0]),
 (999, [1439, 38, 0, 1, 0, 1096, 1228, 1, 0, 3, 3, 0, 0, 2, 1]),
 (999, [1504, 48, 0, 0, 0, 1530, 1355, 1, 1, 3, 4, 0, 2, 2, 0]),
 (999, [1603, 90, 0, 0, 1, 776, 1555, 0, 1, 2, 5, 1, 0, 2, 0]),
 (999, [1632, 93, 0, 0, 0, 616, 1966, 0, 1, 0, 5, 0, 2, 2, 1]),
 (999, [1782, 25, 1, 0, 1, 640, 645, 1, 0, 2, 5, 0, 1, 2, 1])]
Selected
[(12, [1114, 21, 1, 1, 0, 704, 1426, 0, 0, 1, 4, 0, 2, 2, 1]),
 (12, [975, 92, 0, 0, 1, 1549, 1825, 1, 1, 2, 4, 1, 2, 0, 0]),
 (12, [1114, 21, 1, 1, 0, 704, 1426, 0, 0, 1, 4, 0, 2, 2, 1]),
 (12, [680, 38, 0, 0, 0, 1538, 1821, 0, 0, 0, 3, 1, 0, 2, 2]),
 (16, [1460, 29, 1, 1, 1, 868, 1537, 1, 0, 2, 2, 0, 0, 0, 0]),
 (12, [680, 38, 0, 0, 0, 1538, 1821, 0, 0, 0, 3, 1, 0, 2, 2]),
 (12, [680, 38, 0, 0, 0, 1538, 1821, 0, 0, 0, 3, 1, 0, 2, 2]),
 (12, [1067, 58, 0, 1, 0, 929, 1523, 0, 0, 0, 0, 1, 0, 0, 0]),
 (12, [680, 38, 0, 0, 0, 1538, 1821, 0, 0, 0, 3, 1, 0, 2, 2]),
 (16, [851, 30, 0, 1, 0, 1917, 1454, 0, 0, 1, 1, 0, 1, 0, 0]),
 (16, [513, 11, 1, 0, 1, 1015, 1103, 0, 1, 0, 4, 0, 1, 2, 2]),
 (12, [680, 38, 0, 0, 0, 1538, 1821, 0, 0, 0, 3, 1, 0, 2, 2]),
 (12, [1067, 58, 0, 1, 0, 929, 1523, 0, 0, 0, 0, 1, 0, 0, 0]),
 (12, [1729, 108, 0, 1, 1, 513, 1943, 0, 0, 1, 2, 1, 1, 2, 2]),
 (12, [1067, 58, 0, 1, 0, 929, 1523, 0, 0, 0, 0, 1, 0, 0, 0]),
 (16, [566, 33, 0, 1, 0, 1354, 968, 0, 1, 1, 3, 1, 1, 0, 1]),
 (12, [680, 38, 0, 0, 0, 1538, 1821, 0, 0, 0, 3, 1, 0, 2, 2]),
 (12, [680, 38, 0, 0, 0, 1538, 1821, 0, 0, 0, 3, 1, 0, 2, 2]),
 (16, [513, 11, 1, 0, 1, 1015, 1103, 0, 1, 0, 4, 0, 1, 2, 2]),
 (16, [1404, 62, 1, 0, 1, 556, 817, 0, 0, 1, 4, 1, 1, 1, 1]),
 (16, [513, 11, 1, 0, 1, 1015, 1103, 0, 1, 0, 4, 0, 1, 2, 2]),
 (12, [1067, 58, 0, 1, 0, 929, 1523, 0, 0, 0, 0, 1, 0, 0, 0]),
 (12, [1114, 21, 1, 1, 0, 704, 1426, 0, 0, 1, 4, 0, 2, 2, 1]),
 (16, [635, 38, 1, 1, 1, 1122, 1069, 0, 0, 1, 0, 1, 0, 1, 2]),
 (16, [851, 30, 0, 1, 0, 1917, 1454, 0, 0, 1, 1, 0, 1, 0, 0]),
 (16, [1238, 91, 0, 0, 1, 1140, 1143, 1, 1, 0, 3, 0, 1, 1, 2]),
 (12, [975, 92, 0, 0, 1, 1549, 1825, 1, 1, 2, 4, 1, 2, 0, 0])]

Poblacin de 32 individuos durante 15 generaciones
Poblacin inicial:
[(999, [1782, 25, 1, 0, 1, 640, 645, 1, 0, 2, 5, 0, 1, 2, 1]),
 (999, [1632, 93, 0, 0, 0, 616, 1966, 0, 1, 0, 5, 0, 2, 2, 1]),
 (999, [1603, 90, 0, 0, 1, 776, 1555, 0, 1, 2, 5, 1, 0, 2, 0]),
 (999, [1504, 48, 0, 0, 0, 1530, 1355, 1, 1, 3, 4, 0, 2, 2, 0]),
 (999, [1439, 38, 0, 1, 0, 1096, 1228, 1, 0, 3, 3, 0, 0, 2, 1]),
 (999, [1270, 45, 0, 0, 0, 1069, 1902, 0, 1, 3, 3, 1, 2, 1, 0]),
 (999, [745, 90, 0, 1, 1, 572, 706, 1, 0, 2, 5, 1, 1, 2, 1]),
 (999, [679, 25, 0, 1, 1, 1919, 1447, 0, 0, 3, 0, 1, 2, 1, 2]),
 (999, [609, 45, 1, 1, 0, 1336, 1475, 0, 1, 1, 5, 1, 1, 1, 2]),
 (33, [1842, 93, 0, 1, 0, 1064, 1609, 0, 0, 1, 2, 1, 0, 2, 1]),
 (16, [1972, 84, 0, 0, 0, 1504, 1689, 1, 1, 0, 3, 0, 0, 1, 2]),
 (16, [1963, 69, 0, 0, 1, 1827, 516, 1, 1, 2, 4, 1, 0, 1, 2]),
 (16, [1917, 19, 0, 1, 1, 987, 559, 0, 1, 1, 3, 0, 1, 0, 1]),
 (16, [1627, 13, 1, 1, 1, 902, 1192, 0, 1, 0, 4, 0, 0, 0, 0]),
 (16, [1500, 101, 1, 0, 1, 1591, 876, 1, 0, 0, 4, 0, 0, 1, 2]),
 (16, [1460, 29, 1, 1, 1, 868, 1537, 1, 0, 2, 2, 0, 0, 0, 0]),
 (16, [1404, 62, 1, 0, 1, 556, 817, 0, 0, 1, 4, 1, 1, 1, 1]),
 (16, [1313, 103, 1, 1, 0, 1313, 867, 1, 0, 2, 3, 0, 2, 0, 0]),
 (16, [1270, 108, 0, 0, 0, 1058, 1488, 0, 0, 0, 2, 1, 1, 1, 2]),
 (16, [1238, 91, 0, 0, 1, 1140, 1143, 1, 1, 0, 3, 0, 1, 1, 2]),
 (16, [1039, 74, 0, 0, 0, 1922, 1255, 0, 1, 2, 1, 0, 0, 0, 1]),
 (16, [874, 104, 0, 0, 0, 835, 593, 0, 0, 0, 0, 1, 2, 0, 0]),
 (16, [851, 30, 0, 1, 0, 1917, 1454, 0, 0, 1, 1, 0, 1, 0, 0]),
 (16, [740, 31, 1, 0, 1, 1943, 1526, 0, 0, 1, 3, 1, 0, 2, 0]),
 (16, [635, 38, 1, 1, 1, 1122, 1069, 0, 0, 1, 0, 1, 0, 1, 2]),
 (16, [566, 33, 0, 1, 0, 1354, 968, 0, 1, 1, 3, 1, 1, 0, 1]),
 (16, [513, 11, 1, 0, 1, 1015, 1103, 0, 1, 0, 4, 0, 1, 2, 2]),
 (12, [1729, 108, 0, 1, 1, 513, 1943, 0, 0, 1, 2, 1, 1, 2, 2]),
 (12, [1114, 21, 1, 1, 0, 704, 1426, 0, 0, 1, 4, 0, 2, 2, 1]),
 (12, [1067, 58, 0, 1, 0, 929, 1523, 0, 0, 0, 0, 1, 0, 0, 0]),
 (12, [975, 92, 0, 0, 1, 1549, 1825, 1, 1, 2, 4, 1, 2, 0, 0]),
 (12, [680, 38, 0, 0, 0, 1538, 1821, 0, 0, 0, 3, 1, 0, 2, 2])]
Poblacin final:
[(999, [1782, 25, 1, 0, 1, 640, 645, 1, 0, 2, 5, 0, 1, 2, 1]),
 (999, [1632, 93, 0, 0, 0, 616, 1966, 0, 1, 0, 5, 0, 2, 2, 1]),
 (999, [1603, 90, 0, 0, 1, 776, 1555, 0, 1, 2, 5, 1, 0, 2, 0]),
 (999, [1504, 48, 0, 0, 0, 1530, 1355, 1, 1, 3, 4, 0, 2, 2, 0]),
 (999, [1439, 38, 0, 1, 0, 1096, 1228, 1, 0, 3, 3, 0, 0, 2, 1]),
 (999, [1270, 45, 0, 0, 0, 1069, 1902, 0, 1, 3, 3, 1, 2, 1, 0]),
 (999, [745, 90, 0, 1, 1, 572, 706, 1, 0, 2, 5, 1, 1, 2, 1]),
 (999, [679, 25, 0, 1, 1, 1919, 1447, 0, 0, 3, 0, 1, 2, 1, 2]),
 (999, [609, 45, 1, 1, 0, 1336, 1475, 0, 1, 1, 5, 1, 1, 1, 2]),
 (33, [1842, 93, 0, 1, 0, 1064, 1609, 0, 0, 1, 2, 1, 0, 2, 1]),
 (16, [1972, 84, 0, 0, 0, 1504, 1689, 1, 1, 0, 3, 0, 0, 1, 2]),
 (16, [1963, 69, 0, 0, 1, 1827, 516, 1, 1, 2, 4, 1, 0, 1, 2]),
 (16, [1917, 19, 0, 1, 1, 987, 559, 0, 1, 1, 3, 0, 1, 0, 1]),
 (16, [1627, 13, 1, 1, 1, 902, 1192, 0, 1, 0, 4, 0, 0, 0, 0]),
 (16, [1500, 101, 1, 0, 1, 1591, 876, 1, 0, 0, 4, 0, 0, 1, 2]),
 (16, [1460, 29, 1, 1, 1, 868, 1537, 1, 0, 2, 2, 0, 0, 0, 0]),
 (16, [1404, 62, 1, 0, 1, 556, 817, 0, 0, 1, 4, 1, 1, 1, 1]),
 (16, [1313, 103, 1, 1, 0, 1313, 867, 1, 0, 2, 3, 0, 2, 0, 0]),
 (16, [1270, 108, 0, 0, 0, 1058, 1488, 0, 0, 0, 2, 1, 1, 1, 2]),
 (16, [1238, 91, 0, 0, 1, 1140, 1143, 1, 1, 0, 3, 0, 1, 1, 2]),
 (16, [1039, 74, 0, 0, 0, 1922, 1255, 0, 1, 2, 1, 0, 0, 0, 1]),
 (16, [874, 104, 0, 0, 0, 835, 593, 0, 0, 0, 0, 1, 2, 0, 0]),
 (16, [851, 30, 0, 1, 0, 1917, 1454, 0, 0, 1, 1, 0, 1, 0, 0]),
 (16, [740, 31, 1, 0, 1, 1943, 1526, 0, 0, 1, 3, 1, 0, 2, 0]),
 (16, [635, 38, 1, 1, 1, 1122, 1069, 0, 0, 1, 0, 1, 0, 1, 2]),
 (16, [566, 33, 0, 1, 0, 1354, 968, 0, 1, 1, 3, 1, 1, 0, 1]),
 (16, [513, 11, 1, 0, 1, 1015, 1103, 0, 1, 0, 4, 0, 1, 2, 2]),
 (12, [1729, 108, 0, 1, 1, 513, 1943, 0, 0, 1, 2, 1, 1, 2, 2]),
 (12, [1114, 21, 1, 1, 0, 704, 1426, 0, 0, 1, 4, 0, 2, 2, 1]),
 (12, [1067, 58, 0, 1, 0, 929, 1523, 0, 0, 0, 0, 1, 0, 0, 0]),
 (12, [975, 92, 0, 0, 1, 1549, 1825, 1, 1, 2, 4, 1, 2, 0, 0]),
 (12, [680, 38, 0, 0, 0, 1538, 1821, 0, 0, 0, 3, 1, 0, 2, 2])]
Elapsed time is 861.522679 seconds.
