 * Manually resetting nginx to stopped state
 * Manually resetting nginx to stopped state
 * Manually resetting nginx to stopped state
 * Manually resetting nginx to stopped state
 * Manually resetting nginx to stopped state
 * Manually resetting nginx to stopped state
 * Manually resetting nginx to stopped state
 * Manually resetting nginx to stopped state
 * Manually resetting nginx to stopped state
 * Manually resetting nginx to stopped state
 * Manually resetting nginx to stopped state
 * Manually resetting nginx to stopped state
 * Manually resetting nginx to stopped state
 * Manually resetting nginx to stopped state
 * Manually resetting nginx to stopped state
 * Manually resetting nginx to stopped state
 * Manually resetting nginx to stopped state
 * Manually resetting nginx to stopped state
 * Manually resetting nginx to stopped state
 * Manually resetting nginx to stopped state
genes: 15
individuals : 32
pressure: 5
mutation_chance: 0
generations: 15
crossover_type: 1
mutation_type_random: 0
Alerts:
35
Alerts:
35
Alerts:
35
Alerts:
35
Alerts:
35
Alerts:
35
Alerts:
35
Alerts:
35
Alerts:
35
Alerts:
35
Alerts:
35
Alerts:
35
Alerts:
35
Alerts:
35
Alerts:
35
Alerts:
35
Alerts:
35
Alerts:
35
Alerts:
35
Alerts:
35

Población de 32 individuos durante 15 generaciones
Población inicial:
[(999, [2041, 112, 1, 0, 0, 1991, 1977, 0, 0, 1, 5, 0, 1, 0, 2]),
 (999, [1976, 77, 0, 0, 1, 1279, 1859, 0, 1, 3, 5, 1, 0, 2, 1]),
 (999, [1821, 111, 1, 1, 0, 1879, 1328, 0, 0, 3, 3, 1, 2, 2, 0]),
 (999, [1807, 15, 1, 0, 1, 817, 628, 0, 0, 3, 1, 0, 1, 1, 0]),
 (999, [1518, 42, 0, 1, 0, 1662, 1110, 0, 1, 3, 2, 0, 0, 1, 2]),
 (999, [1467, 59, 0, 1, 0, 1581, 1423, 0, 1, 3, 0, 0, 2, 1, 2]),
 (999, [1441, 75, 1, 1, 0, 1734, 1325, 1, 1, 3, 4, 1, 2, 0, 0]),
 (999, [1224, 87, 1, 0, 0, 1131, 1142, 1, 1, 2, 5, 0, 0, 1, 0]),
 (999, [1080, 104, 0, 1, 0, 1776, 1500, 1, 1, 1, 5, 0, 2, 0, 1]),
 (999, [1021, 98, 1, 0, 0, 918, 1262, 0, 1, 0, 5, 0, 2, 2, 2]),
 (999, [813, 24, 1, 0, 1, 938, 715, 1, 1, 3, 0, 1, 0, 2, 1]),
 (999, [550, 114, 0, 1, 0, 727, 764, 1, 0, 3, 1, 0, 2, 2, 2]),
 (35, [2048, 33, 0, 1, 0, 1195, 523, 1, 1, 0, 1, 0, 2, 0, 1]),
 (35, [1987, 13, 0, 0, 1, 1679, 779, 0, 1, 0, 4, 1, 1, 2, 0]),
 (35, [1771, 87, 1, 1, 0, 1105, 1986, 1, 0, 1, 4, 0, 0, 1, 0]),
 (35, [1733, 77, 1, 1, 1, 1495, 1500, 0, 0, 1, 1, 0, 0, 0, 0]),
 (35, [1722, 48, 1, 1, 1, 647, 1701, 1, 0, 1, 0, 0, 2, 2, 2]),
 (35, [1594, 54, 0, 1, 1, 1059, 1647, 1, 1, 2, 3, 1, 2, 0, 2]),
 (35, [1581, 31, 0, 0, 0, 1297, 762, 1, 1, 1, 2, 0, 0, 2, 2]),
 (35, [1510, 118, 0, 0, 0, 824, 771, 1, 1, 1, 2, 1, 2, 0, 1]),
 (35, [1447, 92, 0, 0, 1, 1006, 1165, 0, 0, 0, 2, 0, 1, 2, 2]),
 (35, [1386, 90, 1, 0, 1, 1432, 1627, 1, 1, 1, 0, 0, 0, 2, 0]),
 (35, [1379, 40, 1, 0, 0, 765, 1874, 0, 0, 0, 1, 1, 1, 1, 0]),
 (35, [1367, 110, 0, 0, 0, 807, 1221, 0, 0, 1, 2, 0, 2, 2, 2]),
 (35, [1310, 88, 1, 1, 0, 670, 1780, 0, 1, 1, 2, 1, 1, 1, 0]),
 (35, [1257, 79, 1, 0, 0, 1339, 838, 0, 1, 2, 3, 1, 2, 2, 2]),
 (35, [1141, 64, 1, 0, 0, 1798, 1794, 1, 0, 2, 0, 0, 1, 2, 2]),
 (35, [1098, 97, 1, 0, 1, 1605, 716, 0, 1, 0, 2, 1, 1, 0, 0]),
 (35, [1050, 95, 1, 0, 1, 1644, 1249, 0, 1, 0, 0, 0, 0, 2, 1]),
 (35, [734, 35, 1, 1, 0, 661, 1827, 0, 0, 0, 1, 1, 1, 1, 0]),
 (35, [667, 53, 1, 1, 0, 1801, 757, 1, 1, 0, 1, 1, 2, 1, 2]),
 (35, [611, 46, 0, 0, 0, 861, 1757, 0, 1, 1, 3, 1, 1, 2, 1])]
Población final:
[(999, [2041, 112, 1, 0, 0, 1991, 1977, 0, 0, 1, 5, 0, 1, 0, 2]),
 (999, [1976, 77, 0, 0, 1, 1279, 1859, 0, 1, 3, 5, 1, 0, 2, 1]),
 (999, [1821, 111, 1, 1, 0, 1879, 1328, 0, 0, 3, 3, 1, 2, 2, 0]),
 (999, [1807, 15, 1, 0, 1, 817, 628, 0, 0, 3, 1, 0, 1, 1, 0]),
 (999, [1518, 42, 0, 1, 0, 1662, 1110, 0, 1, 3, 2, 0, 0, 1, 2]),
 (999, [1467, 59, 0, 1, 0, 1581, 1423, 0, 1, 3, 0, 0, 2, 1, 2]),
 (999, [1441, 75, 1, 1, 0, 1734, 1325, 1, 1, 3, 4, 1, 2, 0, 0]),
 (999, [1224, 87, 1, 0, 0, 1131, 1142, 1, 1, 2, 5, 0, 0, 1, 0]),
 (999, [1080, 104, 0, 1, 0, 1776, 1500, 1, 1, 1, 5, 0, 2, 0, 1]),
 (999, [1021, 98, 1, 0, 0, 918, 1262, 0, 1, 0, 5, 0, 2, 2, 2]),
 (999, [813, 24, 1, 0, 1, 938, 715, 1, 1, 3, 0, 1, 0, 2, 1]),
 (999, [550, 114, 0, 1, 0, 727, 764, 1, 0, 3, 1, 0, 2, 2, 2]),
 (35, [2048, 33, 0, 1, 0, 1195, 523, 1, 1, 0, 1, 0, 2, 0, 1]),
 (35, [1987, 13, 0, 0, 1, 1679, 779, 0, 1, 0, 4, 1, 1, 2, 0]),
 (35, [1771, 87, 1, 1, 0, 1105, 1986, 1, 0, 1, 4, 0, 0, 1, 0]),
 (35, [1733, 77, 1, 1, 1, 1495, 1500, 0, 0, 1, 1, 0, 0, 0, 0]),
 (35, [1722, 48, 1, 1, 1, 647, 1701, 1, 0, 1, 0, 0, 2, 2, 2]),
 (35, [1594, 54, 0, 1, 1, 1059, 1647, 1, 1, 2, 3, 1, 2, 0, 2]),
 (35, [1581, 31, 0, 0, 0, 1297, 762, 1, 1, 1, 2, 0, 0, 2, 2]),
 (35, [1510, 118, 0, 0, 0, 824, 771, 1, 1, 1, 2, 1, 2, 0, 1]),
 (35, [1447, 92, 0, 0, 1, 1006, 1165, 0, 0, 0, 2, 0, 1, 2, 2]),
 (35, [1386, 90, 1, 0, 1, 1432, 1627, 1, 1, 1, 0, 0, 0, 2, 0]),
 (35, [1379, 40, 1, 0, 0, 765, 1874, 0, 0, 0, 1, 1, 1, 1, 0]),
 (35, [1367, 110, 0, 0, 0, 807, 1221, 0, 0, 1, 2, 0, 2, 2, 2]),
 (35, [1310, 88, 1, 1, 0, 670, 1780, 0, 1, 1, 2, 1, 1, 1, 0]),
 (35, [1257, 79, 1, 0, 0, 1339, 838, 0, 1, 2, 3, 1, 2, 2, 2]),
 (35, [1141, 64, 1, 0, 0, 1798, 1794, 1, 0, 2, 0, 0, 1, 2, 2]),
 (35, [1098, 97, 1, 0, 1, 1605, 716, 0, 1, 0, 2, 1, 1, 0, 0]),
 (35, [1050, 95, 1, 0, 1, 1644, 1249, 0, 1, 0, 0, 0, 0, 2, 1]),
 (35, [734, 35, 1, 1, 0, 661, 1827, 0, 0, 0, 1, 1, 1, 1, 0]),
 (35, [667, 53, 1, 1, 0, 1801, 757, 1, 1, 0, 1, 1, 2, 1, 2]),
 (35, [611, 46, 0, 0, 0, 861, 1757, 0, 1, 1, 3, 1, 1, 2, 1])]
Elapsed time is 2087.023541 seconds.
