 * Manually resetting nginx to stopped state
 * Manually resetting nginx to stopped state
 * Manually resetting nginx to stopped state
 * Manually resetting nginx to stopped state
 * Manually resetting nginx to stopped state
 * Manually resetting nginx to stopped state
 * Manually resetting nginx to stopped state
 * Manually resetting nginx to stopped state
 * Manually resetting nginx to stopped state
 * Manually resetting nginx to stopped state
 * Manually resetting nginx to stopped state
 * Manually resetting nginx to stopped state
 * Manually resetting nginx to stopped state
 * Manually resetting nginx to stopped state
 * Manually resetting nginx to stopped state
 * Manually resetting nginx to stopped state
 * Manually resetting nginx to stopped state
 * Manually resetting nginx to stopped state
genes: 15
individuals : 32
pressure: 5
mutation_chance: 0
generations: 15
crossover_type: 2
mutation_type_random: 0
Alerts:
35
Alerts:
35
Alerts:
35
Alerts:
35
Alerts:
35
Alerts:
35
Alerts:
35
Alerts:
35
Alerts:
35
Alerts:
35
Alerts:
35
Alerts:
35
Alerts:
35
Alerts:
35
Alerts:
35
Alerts:
35
Alerts:
35
Alerts:
35

Población de 32 individuos durante 15 generaciones
Población inicial:
[(999, [1980, 101, 0, 1, 1, 1527, 1643, 0, 1, 0, 5, 0, 2, 1, 2]),
 (999, [1956, 11, 0, 0, 1, 1727, 1598, 1, 0, 0, 5, 0, 1, 0, 2]),
 (999, [1818, 14, 0, 0, 0, 719, 989, 1, 1, 3, 5, 0, 2, 2, 1]),
 (999, [1736, 92, 0, 0, 0, 904, 594, 1, 0, 0, 5, 1, 0, 2, 1]),
 (999, [1648, 111, 0, 0, 1, 869, 713, 0, 0, 3, 3, 1, 1, 1, 0]),
 (999, [1581, 105, 0, 1, 1, 1657, 1452, 0, 1, 3, 4, 0, 0, 0, 2]),
 (999, [1272, 78, 0, 0, 0, 1992, 2012, 1, 1, 3, 0, 1, 1, 2, 1]),
 (999, [1221, 43, 0, 0, 0, 1520, 2032, 1, 1, 3, 2, 0, 1, 2, 0]),
 (999, [1040, 101, 0, 0, 0, 996, 1258, 1, 1, 2, 5, 0, 2, 1, 2]),
 (999, [921, 94, 0, 1, 0, 1864, 1177, 1, 1, 3, 2, 1, 2, 0, 0]),
 (999, [804, 55, 0, 0, 0, 1286, 1353, 1, 0, 1, 5, 0, 0, 2, 1]),
 (999, [735, 63, 1, 1, 1, 1436, 1524, 1, 1, 3, 4, 0, 0, 0, 0]),
 (999, [620, 52, 0, 0, 0, 1370, 804, 1, 0, 2, 5, 1, 0, 1, 0]),
 (999, [554, 25, 0, 0, 0, 1386, 790, 1, 0, 3, 5, 1, 2, 2, 2]),
 (35, [1956, 71, 0, 0, 1, 1188, 1698, 0, 0, 0, 0, 0, 1, 2, 0]),
 (35, [1852, 89, 0, 0, 0, 1109, 1549, 0, 0, 0, 1, 0, 0, 1, 2]),
 (35, [1814, 46, 0, 0, 0, 1845, 1970, 1, 0, 1, 2, 0, 0, 0, 1]),
 (35, [1779, 52, 1, 0, 0, 1300, 1004, 0, 0, 1, 4, 1, 0, 0, 1]),
 (35, [1636, 101, 1, 0, 0, 2027, 1891, 0, 0, 0, 3, 0, 0, 2, 2]),
 (35, [1589, 43, 1, 0, 0, 690, 655, 1, 1, 0, 4, 1, 1, 2, 0]),
 (35, [1511, 79, 0, 0, 1, 1599, 1164, 0, 0, 1, 1, 0, 0, 0, 2]),
 (35, [1458, 50, 0, 1, 1, 747, 1237, 0, 1, 0, 3, 0, 0, 1, 0]),
 (35, [1415, 112, 1, 1, 1, 1879, 1108, 0, 1, 1, 0, 0, 0, 1, 1]),
 (35, [1163, 80, 1, 0, 0, 853, 517, 1, 0, 2, 1, 0, 1, 1, 0]),
 (35, [1131, 78, 0, 0, 1, 1377, 751, 1, 1, 2, 0, 1, 1, 1, 2]),
 (35, [1070, 116, 1, 1, 1, 1402, 902, 0, 0, 1, 0, 0, 1, 1, 1]),
 (35, [1070, 10, 1, 0, 0, 1609, 642, 1, 1, 0, 0, 1, 2, 0, 2]),
 (35, [992, 106, 0, 0, 1, 1358, 1685, 0, 1, 1, 0, 1, 2, 0, 2]),
 (35, [845, 108, 0, 1, 1, 1338, 639, 1, 1, 1, 0, 0, 2, 1, 0]),
 (35, [779, 28, 0, 0, 1, 1614, 891, 1, 0, 2, 4, 1, 2, 1, 1]),
 (35, [676, 80, 0, 1, 1, 772, 1261, 1, 1, 1, 2, 0, 0, 0, 0]),
 (35, [533, 80, 0, 1, 0, 880, 1811, 0, 0, 0, 2, 0, 0, 0, 2])]
Población final:
[(999, [1980, 101, 0, 1, 1, 1527, 1643, 0, 1, 0, 5, 0, 2, 1, 2]),
 (999, [1956, 11, 0, 0, 1, 1727, 1598, 1, 0, 0, 5, 0, 1, 0, 2]),
 (999, [1818, 14, 0, 0, 0, 719, 989, 1, 1, 3, 5, 0, 2, 2, 1]),
 (999, [1736, 92, 0, 0, 0, 904, 594, 1, 0, 0, 5, 1, 0, 2, 1]),
 (999, [1648, 111, 0, 0, 1, 869, 713, 0, 0, 3, 3, 1, 1, 1, 0]),
 (999, [1581, 105, 0, 1, 1, 1657, 1452, 0, 1, 3, 4, 0, 0, 0, 2]),
 (999, [1272, 78, 0, 0, 0, 1992, 2012, 1, 1, 3, 0, 1, 1, 2, 1]),
 (999, [1221, 43, 0, 0, 0, 1520, 2032, 1, 1, 3, 2, 0, 1, 2, 0]),
 (999, [1040, 101, 0, 0, 0, 996, 1258, 1, 1, 2, 5, 0, 2, 1, 2]),
 (999, [921, 94, 0, 1, 0, 1864, 1177, 1, 1, 3, 2, 1, 2, 0, 0]),
 (999, [804, 55, 0, 0, 0, 1286, 1353, 1, 0, 1, 5, 0, 0, 2, 1]),
 (999, [735, 63, 1, 1, 1, 1436, 1524, 1, 1, 3, 4, 0, 0, 0, 0]),
 (999, [620, 52, 0, 0, 0, 1370, 804, 1, 0, 2, 5, 1, 0, 1, 0]),
 (999, [554, 25, 0, 0, 0, 1386, 790, 1, 0, 3, 5, 1, 2, 2, 2]),
 (35, [1956, 71, 0, 0, 1, 1188, 1698, 0, 0, 0, 0, 0, 1, 2, 0]),
 (35, [1852, 89, 0, 0, 0, 1109, 1549, 0, 0, 0, 1, 0, 0, 1, 2]),
 (35, [1814, 46, 0, 0, 0, 1845, 1970, 1, 0, 1, 2, 0, 0, 0, 1]),
 (35, [1779, 52, 1, 0, 0, 1300, 1004, 0, 0, 1, 4, 1, 0, 0, 1]),
 (35, [1636, 101, 1, 0, 0, 2027, 1891, 0, 0, 0, 3, 0, 0, 2, 2]),
 (35, [1589, 43, 1, 0, 0, 690, 655, 1, 1, 0, 4, 1, 1, 2, 0]),
 (35, [1511, 79, 0, 0, 1, 1599, 1164, 0, 0, 1, 1, 0, 0, 0, 2]),
 (35, [1458, 50, 0, 1, 1, 747, 1237, 0, 1, 0, 3, 0, 0, 1, 0]),
 (35, [1415, 112, 1, 1, 1, 1879, 1108, 0, 1, 1, 0, 0, 0, 1, 1]),
 (35, [1163, 80, 1, 0, 0, 853, 517, 1, 0, 2, 1, 0, 1, 1, 0]),
 (35, [1131, 78, 0, 0, 1, 1377, 751, 1, 1, 2, 0, 1, 1, 1, 2]),
 (35, [1070, 116, 1, 1, 1, 1402, 902, 0, 0, 1, 0, 0, 1, 1, 1]),
 (35, [1070, 10, 1, 0, 0, 1609, 642, 1, 1, 0, 0, 1, 2, 0, 2]),
 (35, [992, 106, 0, 0, 1, 1358, 1685, 0, 1, 1, 0, 1, 2, 0, 2]),
 (35, [845, 108, 0, 1, 1, 1338, 639, 1, 1, 1, 0, 0, 2, 1, 0]),
 (35, [779, 28, 0, 0, 1, 1614, 891, 1, 0, 2, 4, 1, 2, 1, 1]),
 (35, [676, 80, 0, 1, 1, 772, 1261, 1, 1, 1, 2, 0, 0, 0, 0]),
 (35, [533, 80, 0, 1, 0, 880, 1811, 0, 0, 0, 2, 0, 0, 0, 2])]
Elapsed time is 1846.743716 seconds.
