 * Manually resetting nginx to stopped state
 * Manually resetting nginx to stopped state
 * Manually resetting nginx to stopped state
 * Manually resetting nginx to stopped state
 * Manually resetting nginx to stopped state
 * Manually resetting nginx to stopped state
 * Manually resetting nginx to stopped state
 * Manually resetting nginx to stopped state
 * Manually resetting nginx to stopped state
 * Manually resetting nginx to stopped state
 * Manually resetting nginx to stopped state
 * Manually resetting nginx to stopped state
 * Manually resetting nginx to stopped state
 * Manually resetting nginx to stopped state
 * Manually resetting nginx to stopped state
 * Manually resetting nginx to stopped state
 * Manually resetting nginx to stopped state
 * Manually resetting nginx to stopped state
 * Manually resetting nginx to stopped state
 * Manually resetting nginx to stopped state
 * Manually resetting nginx to stopped state
 * Manually resetting nginx to stopped state
genes: 15
individuals : 32
pressure: 5
mutation_chance: 0
generations: 15
crossover_type: 1
mutation_type_random: 1
Alerts:
35
Alerts:
35
Alerts:
35
Alerts:
35
Alerts:
35
Alerts:
35
Alerts:
35
Alerts:
35
Alerts:
35
Alerts:
35
Alerts:
35
Alerts:
35
Alerts:
35
Alerts:
35
Alerts:
35
Alerts:
35
Alerts:
35
Alerts:
35
Alerts:
35
Alerts:
35
Alerts:
35
Alerts:
35

Población de 32 individuos durante 15 generaciones
Población inicial:
[(999, [1894, 43, 1, 0, 0, 628, 1469, 1, 1, 3, 0, 0, 0, 2, 0]),
 (999, [1886, 62, 1, 0, 0, 1231, 1130, 1, 0, 2, 5, 0, 0, 2, 0]),
 (999, [1769, 77, 1, 1, 1, 797, 1683, 1, 1, 0, 5, 1, 1, 0, 0]),
 (999, [1565, 38, 0, 1, 0, 1891, 1018, 0, 0, 3, 5, 0, 1, 0, 1]),
 (999, [1010, 71, 0, 1, 1, 1463, 1437, 0, 1, 2, 5, 1, 0, 0, 2]),
 (999, [1007, 116, 0, 0, 1, 1811, 1229, 0, 1, 1, 5, 0, 0, 0, 1]),
 (999, [828, 98, 0, 1, 0, 677, 1083, 0, 0, 3, 3, 0, 2, 1, 1]),
 (999, [782, 60, 0, 0, 1, 1226, 1511, 1, 1, 3, 1, 1, 1, 0, 0]),
 (999, [629, 21, 1, 1, 0, 1467, 1638, 1, 0, 1, 5, 1, 0, 1, 2]),
 (999, [595, 64, 0, 1, 1, 2017, 621, 0, 1, 3, 2, 1, 1, 2, 1]),
 (35, [1930, 30, 1, 1, 1, 1519, 1458, 1, 1, 1, 2, 0, 0, 0, 2]),
 (35, [1902, 36, 0, 1, 1, 1128, 1835, 0, 0, 0, 4, 0, 2, 0, 1]),
 (35, [1901, 114, 1, 0, 0, 1180, 1083, 1, 1, 0, 4, 0, 0, 1, 1]),
 (35, [1888, 107, 0, 1, 0, 707, 684, 1, 1, 0, 2, 0, 1, 1, 1]),
 (35, [1857, 95, 1, 1, 1, 758, 1082, 0, 1, 0, 2, 1, 1, 0, 2]),
 (35, [1789, 108, 1, 0, 0, 765, 1685, 1, 0, 0, 1, 1, 2, 1, 1]),
 (35, [1711, 82, 1, 1, 0, 1298, 1405, 1, 1, 2, 3, 1, 0, 1, 2]),
 (35, [1709, 13, 0, 1, 0, 1502, 2020, 0, 1, 1, 3, 0, 1, 0, 0]),
 (35, [1423, 97, 0, 0, 1, 1456, 1847, 1, 0, 2, 1, 0, 0, 2, 2]),
 (35, [1343, 63, 1, 0, 0, 1799, 2031, 1, 1, 0, 4, 1, 1, 1, 2]),
 (35, [1327, 43, 1, 1, 0, 662, 1360, 1, 0, 1, 0, 0, 1, 1, 2]),
 (35, [1139, 33, 0, 1, 1, 1200, 938, 0, 0, 2, 1, 0, 1, 1, 0]),
 (35, [1118, 20, 1, 0, 1, 1271, 518, 0, 0, 1, 1, 0, 0, 1, 0]),
 (35, [1060, 60, 0, 1, 0, 742, 1037, 1, 1, 0, 4, 1, 1, 1, 0]),
 (35, [873, 86, 0, 1, 1, 1441, 889, 1, 1, 1, 1, 1, 0, 2, 2]),
 (35, [764, 20, 0, 1, 0, 595, 579, 0, 0, 2, 2, 1, 2, 1, 1]),
 (35, [722, 116, 0, 0, 1, 1642, 1900, 0, 0, 0, 1, 1, 0, 1, 2]),
 (35, [710, 66, 1, 0, 0, 725, 1633, 0, 0, 2, 4, 1, 1, 2, 1]),
 (35, [630, 85, 0, 1, 1, 623, 701, 0, 0, 1, 0, 0, 1, 2, 2]),
 (35, [630, 57, 1, 0, 1, 609, 1197, 1, 0, 1, 2, 1, 2, 1, 0]),
 (35, [541, 16, 1, 0, 0, 891, 1376, 1, 1, 0, 2, 1, 2, 0, 2]),
 (35, [530, 118, 1, 0, 0, 778, 586, 0, 1, 1, 3, 0, 2, 2, 2])]
Población final:
[(999, [1894, 43, 1, 0, 0, 628, 1469, 1, 1, 3, 0, 0, 0, 2, 0]),
 (999, [1886, 62, 1, 0, 0, 1231, 1130, 1, 0, 2, 5, 0, 0, 2, 0]),
 (999, [1769, 77, 1, 1, 1, 797, 1683, 1, 1, 0, 5, 1, 1, 0, 0]),
 (999, [1565, 38, 0, 1, 0, 1891, 1018, 0, 0, 3, 5, 0, 1, 0, 1]),
 (999, [1010, 71, 0, 1, 1, 1463, 1437, 0, 1, 2, 5, 1, 0, 0, 2]),
 (999, [1007, 116, 0, 0, 1, 1811, 1229, 0, 1, 1, 5, 0, 0, 0, 1]),
 (999, [828, 98, 0, 1, 0, 677, 1083, 0, 0, 3, 3, 0, 2, 1, 1]),
 (999, [782, 60, 0, 0, 1, 1226, 1511, 1, 1, 3, 1, 1, 1, 0, 0]),
 (999, [629, 21, 1, 1, 0, 1467, 1638, 1, 0, 1, 5, 1, 0, 1, 2]),
 (999, [595, 64, 0, 1, 1, 2017, 621, 0, 1, 3, 2, 1, 1, 2, 1]),
 (35, [1930, 30, 1, 1, 1, 1519, 1458, 1, 1, 1, 2, 0, 0, 0, 2]),
 (35, [1902, 36, 0, 1, 1, 1128, 1835, 0, 0, 0, 4, 0, 2, 0, 1]),
 (35, [1901, 114, 1, 0, 0, 1180, 1083, 1, 1, 0, 4, 0, 0, 1, 1]),
 (35, [1888, 107, 0, 1, 0, 707, 684, 1, 1, 0, 2, 0, 1, 1, 1]),
 (35, [1857, 95, 1, 1, 1, 758, 1082, 0, 1, 0, 2, 1, 1, 0, 2]),
 (35, [1789, 108, 1, 0, 0, 765, 1685, 1, 0, 0, 1, 1, 2, 1, 1]),
 (35, [1711, 82, 1, 1, 0, 1298, 1405, 1, 1, 2, 3, 1, 0, 1, 2]),
 (35, [1709, 13, 0, 1, 0, 1502, 2020, 0, 1, 1, 3, 0, 1, 0, 0]),
 (35, [1423, 97, 0, 0, 1, 1456, 1847, 1, 0, 2, 1, 0, 0, 2, 2]),
 (35, [1343, 63, 1, 0, 0, 1799, 2031, 1, 1, 0, 4, 1, 1, 1, 2]),
 (35, [1327, 43, 1, 1, 0, 662, 1360, 1, 0, 1, 0, 0, 1, 1, 2]),
 (35, [1139, 33, 0, 1, 1, 1200, 938, 0, 0, 2, 1, 0, 1, 1, 0]),
 (35, [1118, 20, 1, 0, 1, 1271, 518, 0, 0, 1, 1, 0, 0, 1, 0]),
 (35, [1060, 60, 0, 1, 0, 742, 1037, 1, 1, 0, 4, 1, 1, 1, 0]),
 (35, [873, 86, 0, 1, 1, 1441, 889, 1, 1, 1, 1, 1, 0, 2, 2]),
 (35, [764, 20, 0, 1, 0, 595, 579, 0, 0, 2, 2, 1, 2, 1, 1]),
 (35, [722, 116, 0, 0, 1, 1642, 1900, 0, 0, 0, 1, 1, 0, 1, 2]),
 (35, [710, 66, 1, 0, 0, 725, 1633, 0, 0, 2, 4, 1, 1, 2, 1]),
 (35, [630, 85, 0, 1, 1, 623, 701, 0, 0, 1, 0, 0, 1, 2, 2]),
 (35, [630, 57, 1, 0, 1, 609, 1197, 1, 0, 1, 2, 1, 2, 1, 0]),
 (35, [541, 16, 1, 0, 0, 891, 1376, 1, 1, 0, 2, 1, 2, 0, 2]),
 (35, [530, 118, 1, 0, 0, 778, 586, 0, 1, 1, 3, 0, 2, 2, 2])]
Elapsed time is 2253.231986 seconds.
