 * Manually resetting nginx to stopped state
 * Manually resetting nginx to stopped state
 * Manually resetting nginx to stopped state
 * Manually resetting nginx to stopped state
 * Manually resetting nginx to stopped state
 * Manually resetting nginx to stopped state
 * Manually resetting nginx to stopped state
 * Manually resetting nginx to stopped state
 * Manually resetting nginx to stopped state
 * Manually resetting nginx to stopped state
 * Manually resetting nginx to stopped state
 * Manually resetting nginx to stopped state
 * Manually resetting nginx to stopped state
 * Manually resetting nginx to stopped state
 * Manually resetting nginx to stopped state
genes: 15
individuals : 32
pressure: 5
mutation_chance: 0
generations: 15
crossover_type: 2
mutation_type_random: 0
Alerts:
35
Alerts:
35
Alerts:
35
Alerts:
35
Alerts:
35
Alerts:
35
Alerts:
35
Alerts:
35
Alerts:
35
Alerts:
35
Alerts:
35
Alerts:
35
Alerts:
35
Alerts:
35
Alerts:
35

Población de 32 individuos durante 15 generaciones
Población inicial:
[(999, [1932, 114, 0, 0, 0, 1115, 1603, 0, 1, 3, 2, 1, 1, 0, 0]),
 (999, [1862, 109, 1, 0, 1, 1112, 2046, 0, 0, 1, 5, 0, 2, 1, 1]),
 (999, [1795, 35, 0, 1, 1, 1835, 1583, 1, 0, 2, 5, 1, 2, 0, 0]),
 (999, [1610, 35, 1, 0, 0, 1633, 1515, 1, 1, 3, 4, 1, 1, 2, 2]),
 (999, [1580, 14, 0, 1, 1, 1222, 888, 1, 1, 2, 5, 1, 1, 2, 1]),
 (999, [1541, 22, 0, 1, 0, 1236, 2026, 1, 0, 3, 5, 1, 2, 0, 2]),
 (999, [1424, 99, 1, 1, 1, 1562, 1753, 0, 1, 3, 1, 0, 2, 1, 0]),
 (999, [1351, 24, 0, 1, 0, 1139, 1705, 0, 1, 3, 3, 0, 1, 1, 2]),
 (999, [1233, 113, 1, 1, 1, 724, 1910, 0, 0, 3, 1, 1, 0, 0, 2]),
 (999, [1219, 22, 0, 1, 1, 770, 1113, 0, 0, 3, 0, 0, 1, 2, 0]),
 (999, [1153, 105, 1, 0, 0, 1496, 1371, 0, 0, 2, 5, 1, 1, 0, 0]),
 (999, [1145, 51, 1, 1, 0, 1206, 1761, 1, 0, 3, 2, 1, 2, 1, 2]),
 (999, [1108, 101, 0, 1, 0, 1062, 949, 0, 0, 2, 5, 0, 1, 1, 1]),
 (999, [829, 114, 0, 0, 0, 1513, 2043, 0, 0, 3, 4, 0, 2, 1, 2]),
 (999, [813, 87, 0, 0, 0, 1743, 2023, 1, 1, 3, 1, 0, 0, 1, 2]),
 (999, [771, 97, 1, 0, 1, 1256, 1439, 1, 1, 2, 5, 0, 2, 1, 1]),
 (999, [737, 83, 0, 0, 1, 1177, 865, 0, 0, 3, 3, 0, 2, 2, 2]),
 (35, [1982, 25, 0, 0, 1, 1802, 1165, 0, 1, 0, 4, 0, 0, 2, 0]),
 (35, [1900, 98, 0, 0, 0, 673, 733, 1, 1, 0, 3, 1, 2, 0, 2]),
 (35, [1896, 17, 1, 0, 0, 1670, 1625, 1, 0, 0, 2, 1, 2, 1, 2]),
 (35, [1842, 41, 0, 1, 1, 1274, 548, 1, 0, 1, 0, 0, 1, 0, 0]),
 (35, [1833, 71, 1, 1, 1, 1644, 1650, 1, 1, 2, 1, 0, 0, 2, 1]),
 (35, [1821, 78, 0, 0, 1, 1553, 1305, 1, 1, 1, 0, 0, 1, 0, 2]),
 (35, [1819, 96, 1, 0, 0, 1796, 590, 1, 1, 2, 0, 1, 1, 2, 1]),
 (35, [1783, 52, 1, 1, 1, 1782, 1799, 0, 1, 1, 4, 1, 0, 1, 1]),
 (35, [1700, 37, 0, 0, 0, 1441, 978, 0, 1, 2, 2, 0, 2, 1, 1]),
 (35, [1647, 93, 1, 1, 1, 917, 1239, 1, 1, 1, 4, 0, 1, 2, 1]),
 (35, [1484, 21, 1, 1, 1, 566, 1013, 0, 1, 2, 3, 0, 1, 1, 1]),
 (35, [1452, 97, 0, 1, 0, 916, 700, 1, 1, 0, 3, 0, 1, 1, 0]),
 (35, [1212, 45, 1, 1, 1, 1748, 1852, 0, 0, 0, 1, 1, 0, 0, 0]),
 (35, [790, 75, 0, 1, 0, 981, 862, 1, 1, 2, 3, 0, 0, 0, 0]),
 (35, [564, 104, 0, 0, 0, 1105, 1969, 1, 1, 1, 1, 1, 0, 0, 2])]
Población final:
[(999, [1932, 114, 0, 0, 0, 1115, 1603, 0, 1, 3, 2, 1, 1, 0, 0]),
 (999, [1862, 109, 1, 0, 1, 1112, 2046, 0, 0, 1, 5, 0, 2, 1, 1]),
 (999, [1795, 35, 0, 1, 1, 1835, 1583, 1, 0, 2, 5, 1, 2, 0, 0]),
 (999, [1610, 35, 1, 0, 0, 1633, 1515, 1, 1, 3, 4, 1, 1, 2, 2]),
 (999, [1580, 14, 0, 1, 1, 1222, 888, 1, 1, 2, 5, 1, 1, 2, 1]),
 (999, [1541, 22, 0, 1, 0, 1236, 2026, 1, 0, 3, 5, 1, 2, 0, 2]),
 (999, [1424, 99, 1, 1, 1, 1562, 1753, 0, 1, 3, 1, 0, 2, 1, 0]),
 (999, [1351, 24, 0, 1, 0, 1139, 1705, 0, 1, 3, 3, 0, 1, 1, 2]),
 (999, [1233, 113, 1, 1, 1, 724, 1910, 0, 0, 3, 1, 1, 0, 0, 2]),
 (999, [1219, 22, 0, 1, 1, 770, 1113, 0, 0, 3, 0, 0, 1, 2, 0]),
 (999, [1153, 105, 1, 0, 0, 1496, 1371, 0, 0, 2, 5, 1, 1, 0, 0]),
 (999, [1145, 51, 1, 1, 0, 1206, 1761, 1, 0, 3, 2, 1, 2, 1, 2]),
 (999, [1108, 101, 0, 1, 0, 1062, 949, 0, 0, 2, 5, 0, 1, 1, 1]),
 (999, [829, 114, 0, 0, 0, 1513, 2043, 0, 0, 3, 4, 0, 2, 1, 2]),
 (999, [813, 87, 0, 0, 0, 1743, 2023, 1, 1, 3, 1, 0, 0, 1, 2]),
 (999, [771, 97, 1, 0, 1, 1256, 1439, 1, 1, 2, 5, 0, 2, 1, 1]),
 (999, [737, 83, 0, 0, 1, 1177, 865, 0, 0, 3, 3, 0, 2, 2, 2]),
 (35, [1982, 25, 0, 0, 1, 1802, 1165, 0, 1, 0, 4, 0, 0, 2, 0]),
 (35, [1900, 98, 0, 0, 0, 673, 733, 1, 1, 0, 3, 1, 2, 0, 2]),
 (35, [1896, 17, 1, 0, 0, 1670, 1625, 1, 0, 0, 2, 1, 2, 1, 2]),
 (35, [1842, 41, 0, 1, 1, 1274, 548, 1, 0, 1, 0, 0, 1, 0, 0]),
 (35, [1833, 71, 1, 1, 1, 1644, 1650, 1, 1, 2, 1, 0, 0, 2, 1]),
 (35, [1821, 78, 0, 0, 1, 1553, 1305, 1, 1, 1, 0, 0, 1, 0, 2]),
 (35, [1819, 96, 1, 0, 0, 1796, 590, 1, 1, 2, 0, 1, 1, 2, 1]),
 (35, [1783, 52, 1, 1, 1, 1782, 1799, 0, 1, 1, 4, 1, 0, 1, 1]),
 (35, [1700, 37, 0, 0, 0, 1441, 978, 0, 1, 2, 2, 0, 2, 1, 1]),
 (35, [1647, 93, 1, 1, 1, 917, 1239, 1, 1, 1, 4, 0, 1, 2, 1]),
 (35, [1484, 21, 1, 1, 1, 566, 1013, 0, 1, 2, 3, 0, 1, 1, 1]),
 (35, [1452, 97, 0, 1, 0, 916, 700, 1, 1, 0, 3, 0, 1, 1, 0]),
 (35, [1212, 45, 1, 1, 1, 1748, 1852, 0, 0, 0, 1, 1, 0, 0, 0]),
 (35, [790, 75, 0, 1, 0, 981, 862, 1, 1, 2, 3, 0, 0, 0, 0]),
 (35, [564, 104, 0, 0, 0, 1105, 1969, 1, 1, 1, 1, 1, 0, 0, 2])]
Elapsed time is 1541.650529 seconds.
