 * Manually resetting nginx to stopped state
 * Manually resetting nginx to stopped state
 * Manually resetting nginx to stopped state
 * Manually resetting nginx to stopped state
 * Manually resetting nginx to stopped state
 * Manually resetting nginx to stopped state
 * Manually resetting nginx to stopped state
 * Manually resetting nginx to stopped state
 * Manually resetting nginx to stopped state
 * Manually resetting nginx to stopped state
 * Manually resetting nginx to stopped state
 * Manually resetting nginx to stopped state
 * Manually resetting nginx to stopped state
 * Manually resetting nginx to stopped state
 * Manually resetting nginx to stopped state
 * Manually resetting nginx to stopped state
 * Manually resetting nginx to stopped state
 * Manually resetting nginx to stopped state
 * Manually resetting nginx to stopped state
 * Manually resetting nginx to stopped state
 * Manually resetting nginx to stopped state
genes: 15
individuals : 32
pressure: 5
mutation_chance: 0
generations: 15
crossover_type: 1
mutation_type_random: 1
Alerts:
35
Alerts:
35
Alerts:
35
Alerts:
35
Alerts:
35
Alerts:
35
Alerts:
35
Alerts:
35
Alerts:
35
Alerts:
35
Alerts:
35
Alerts:
35
Alerts:
35
Alerts:
35
Alerts:
35
Alerts:
35
Alerts:
35
Alerts:
35
Alerts:
35
Alerts:
35
Alerts:
35

Población de 32 individuos durante 15 generaciones
Población inicial:
[(999, [2046, 78, 0, 1, 1, 580, 1679, 0, 1, 3, 5, 0, 2, 0, 1]),
 (999, [1892, 83, 1, 1, 0, 1736, 1186, 1, 1, 3, 4, 0, 0, 0, 1]),
 (999, [1818, 28, 1, 0, 1, 1925, 1817, 0, 1, 3, 4, 0, 0, 2, 1]),
 (999, [1713, 103, 0, 1, 1, 1992, 1537, 0, 1, 3, 0, 0, 1, 1, 1]),
 (999, [1620, 11, 1, 0, 0, 768, 1011, 0, 1, 3, 3, 1, 2, 2, 0]),
 (999, [1463, 114, 0, 0, 1, 1637, 1207, 1, 0, 3, 2, 1, 0, 2, 1]),
 (999, [1215, 63, 1, 0, 0, 1469, 1613, 1, 1, 3, 0, 1, 2, 0, 0]),
 (999, [997, 74, 1, 0, 0, 606, 531, 1, 0, 3, 2, 1, 0, 1, 2]),
 (999, [874, 35, 1, 0, 0, 1036, 1246, 0, 0, 3, 5, 0, 2, 2, 2]),
 (999, [821, 95, 1, 1, 0, 837, 1395, 1, 0, 3, 3, 1, 2, 1, 2]),
 (999, [623, 52, 0, 1, 1, 1894, 575, 1, 0, 3, 2, 0, 2, 1, 1]),
 (35, [2010, 49, 1, 0, 1, 963, 1210, 1, 1, 0, 1, 0, 0, 2, 0]),
 (35, [1891, 57, 0, 1, 0, 586, 587, 1, 1, 1, 4, 0, 0, 2, 0]),
 (35, [1805, 75, 1, 1, 1, 1442, 1674, 0, 0, 2, 2, 0, 0, 2, 0]),
 (35, [1718, 31, 0, 0, 0, 848, 1254, 0, 0, 2, 2, 0, 1, 0, 0]),
 (35, [1693, 108, 1, 0, 1, 1433, 1945, 0, 0, 2, 0, 0, 0, 1, 1]),
 (35, [1688, 43, 0, 0, 1, 639, 1227, 0, 1, 2, 3, 1, 0, 0, 2]),
 (35, [1654, 45, 1, 0, 0, 778, 878, 1, 1, 2, 2, 1, 0, 2, 1]),
 (35, [1633, 110, 1, 1, 0, 1863, 747, 0, 0, 0, 4, 0, 0, 0, 0]),
 (35, [1621, 38, 0, 0, 0, 713, 768, 0, 0, 2, 0, 1, 2, 1, 2]),
 (35, [1224, 21, 0, 0, 1, 1960, 797, 0, 0, 0, 3, 1, 2, 2, 0]),
 (35, [1203, 74, 1, 1, 1, 1061, 695, 1, 0, 2, 4, 0, 1, 0, 2]),
 (35, [1147, 112, 0, 0, 1, 1582, 570, 0, 1, 0, 1, 1, 1, 0, 2]),
 (35, [1039, 50, 0, 0, 1, 1897, 1756, 1, 0, 1, 3, 0, 0, 2, 2]),
 (35, [1033, 41, 0, 1, 1, 1434, 948, 0, 0, 1, 4, 0, 0, 0, 2]),
 (35, [907, 55, 0, 0, 1, 1263, 820, 0, 1, 1, 0, 1, 0, 0, 2]),
 (35, [584, 35, 1, 0, 1, 1173, 987, 0, 0, 0, 4, 0, 1, 2, 2]),
 (35, [578, 103, 1, 1, 0, 610, 1782, 0, 1, 2, 3, 0, 0, 0, 1]),
 (35, [533, 39, 0, 0, 1, 1790, 1523, 1, 0, 1, 0, 0, 0, 0, 2]),
 (35, [528, 98, 0, 0, 0, 939, 1747, 0, 0, 1, 3, 0, 0, 2, 2]),
 (35, [521, 31, 0, 0, 1, 1690, 1596, 1, 1, 0, 1, 0, 1, 0, 2]),
 (35, [517, 16, 0, 1, 1, 817, 1848, 0, 0, 0, 1, 1, 0, 2, 1])]
Población final:
[(999, [2046, 78, 0, 1, 1, 580, 1679, 0, 1, 3, 5, 0, 2, 0, 1]),
 (999, [1892, 83, 1, 1, 0, 1736, 1186, 1, 1, 3, 4, 0, 0, 0, 1]),
 (999, [1818, 28, 1, 0, 1, 1925, 1817, 0, 1, 3, 4, 0, 0, 2, 1]),
 (999, [1713, 103, 0, 1, 1, 1992, 1537, 0, 1, 3, 0, 0, 1, 1, 1]),
 (999, [1620, 11, 1, 0, 0, 768, 1011, 0, 1, 3, 3, 1, 2, 2, 0]),
 (999, [1463, 114, 0, 0, 1, 1637, 1207, 1, 0, 3, 2, 1, 0, 2, 1]),
 (999, [1215, 63, 1, 0, 0, 1469, 1613, 1, 1, 3, 0, 1, 2, 0, 0]),
 (999, [997, 74, 1, 0, 0, 606, 531, 1, 0, 3, 2, 1, 0, 1, 2]),
 (999, [874, 35, 1, 0, 0, 1036, 1246, 0, 0, 3, 5, 0, 2, 2, 2]),
 (999, [821, 95, 1, 1, 0, 837, 1395, 1, 0, 3, 3, 1, 2, 1, 2]),
 (999, [623, 52, 0, 1, 1, 1894, 575, 1, 0, 3, 2, 0, 2, 1, 1]),
 (35, [2010, 49, 1, 0, 1, 963, 1210, 1, 1, 0, 1, 0, 0, 2, 0]),
 (35, [1891, 57, 0, 1, 0, 586, 587, 1, 1, 1, 4, 0, 0, 2, 0]),
 (35, [1805, 75, 1, 1, 1, 1442, 1674, 0, 0, 2, 2, 0, 0, 2, 0]),
 (35, [1718, 31, 0, 0, 0, 848, 1254, 0, 0, 2, 2, 0, 1, 0, 0]),
 (35, [1693, 108, 1, 0, 1, 1433, 1945, 0, 0, 2, 0, 0, 0, 1, 1]),
 (35, [1688, 43, 0, 0, 1, 639, 1227, 0, 1, 2, 3, 1, 0, 0, 2]),
 (35, [1654, 45, 1, 0, 0, 778, 878, 1, 1, 2, 2, 1, 0, 2, 1]),
 (35, [1633, 110, 1, 1, 0, 1863, 747, 0, 0, 0, 4, 0, 0, 0, 0]),
 (35, [1621, 38, 0, 0, 0, 713, 768, 0, 0, 2, 0, 1, 2, 1, 2]),
 (35, [1224, 21, 0, 0, 1, 1960, 797, 0, 0, 0, 3, 1, 2, 2, 0]),
 (35, [1203, 74, 1, 1, 1, 1061, 695, 1, 0, 2, 4, 0, 1, 0, 2]),
 (35, [1147, 112, 0, 0, 1, 1582, 570, 0, 1, 0, 1, 1, 1, 0, 2]),
 (35, [1039, 50, 0, 0, 1, 1897, 1756, 1, 0, 1, 3, 0, 0, 2, 2]),
 (35, [1033, 41, 0, 1, 1, 1434, 948, 0, 0, 1, 4, 0, 0, 0, 2]),
 (35, [907, 55, 0, 0, 1, 1263, 820, 0, 1, 1, 0, 1, 0, 0, 2]),
 (35, [584, 35, 1, 0, 1, 1173, 987, 0, 0, 0, 4, 0, 1, 2, 2]),
 (35, [578, 103, 1, 1, 0, 610, 1782, 0, 1, 2, 3, 0, 0, 0, 1]),
 (35, [533, 39, 0, 0, 1, 1790, 1523, 1, 0, 1, 0, 0, 0, 0, 2]),
 (35, [528, 98, 0, 0, 0, 939, 1747, 0, 0, 1, 3, 0, 0, 2, 2]),
 (35, [521, 31, 0, 0, 1, 1690, 1596, 1, 1, 0, 1, 0, 1, 0, 2]),
 (35, [517, 16, 0, 1, 1, 817, 1848, 0, 0, 0, 1, 1, 0, 2, 1])]
Elapsed time is 2172.131769 seconds.
