 * Manually resetting nginx to stopped state
 * Manually resetting nginx to stopped state
 * Manually resetting nginx to stopped state
 * Manually resetting nginx to stopped state
 * Manually resetting nginx to stopped state
 * Manually resetting nginx to stopped state
 * Manually resetting nginx to stopped state
 * Manually resetting nginx to stopped state
 * Manually resetting nginx to stopped state
 * Manually resetting nginx to stopped state
 * Manually resetting nginx to stopped state
 * Manually resetting nginx to stopped state
 * Manually resetting nginx to stopped state
 * Manually resetting nginx to stopped state
 * Manually resetting nginx to stopped state
 * Manually resetting nginx to stopped state
 * Manually resetting nginx to stopped state
 * Manually resetting nginx to stopped state
 * Manually resetting nginx to stopped state
 * Manually resetting nginx to stopped state
 * Manually resetting nginx to stopped state
 * Manually resetting nginx to stopped state
genes: 15
individuals : 32
pressure: 5
mutation_chance: 0
generations: 15
crossover_type: 2
mutation_type_random: 0
Alerts:
35
Alerts:
35
Alerts:
35
Alerts:
35
Alerts:
35
Alerts:
35
Alerts:
35
Alerts:
35
Alerts:
35
Alerts:
35
Alerts:
35
Alerts:
35
Alerts:
35
Alerts:
35
Alerts:
35
Alerts:
35
Alerts:
35
Alerts:
35
Alerts:
35
Alerts:
35
Alerts:
35
Alerts:
35

Población de 32 individuos durante 15 generaciones
Población inicial:
[(999, [1859, 59, 1, 0, 0, 942, 699, 1, 1, 3, 4, 1, 1, 1, 1]),
 (999, [1615, 103, 0, 1, 0, 1659, 1900, 1, 1, 0, 5, 1, 1, 2, 1]),
 (999, [1569, 24, 0, 1, 0, 680, 1123, 1, 0, 3, 0, 1, 2, 1, 1]),
 (999, [1030, 33, 0, 0, 0, 829, 599, 1, 0, 3, 5, 0, 1, 0, 0]),
 (999, [975, 54, 1, 1, 1, 639, 1705, 0, 1, 3, 1, 1, 2, 1, 1]),
 (999, [907, 40, 1, 0, 1, 1146, 1753, 0, 0, 3, 0, 0, 2, 1, 1]),
 (999, [846, 24, 0, 1, 1, 579, 1548, 0, 0, 3, 0, 0, 0, 1, 0]),
 (999, [804, 16, 0, 1, 1, 1744, 1503, 1, 0, 3, 1, 1, 0, 0, 2]),
 (999, [641, 71, 1, 1, 0, 1311, 827, 0, 0, 3, 4, 0, 2, 2, 0]),
 (999, [589, 21, 0, 1, 1, 1458, 1438, 1, 1, 3, 0, 1, 0, 0, 2]),
 (35, [2008, 107, 1, 0, 0, 526, 1166, 0, 0, 2, 0, 1, 0, 0, 0]),
 (35, [1986, 51, 1, 1, 1, 1585, 1696, 0, 1, 0, 4, 0, 1, 1, 0]),
 (35, [1949, 100, 1, 0, 0, 1924, 1160, 1, 1, 2, 3, 1, 2, 0, 0]),
 (35, [1948, 108, 0, 0, 1, 1426, 794, 0, 1, 2, 2, 0, 0, 0, 1]),
 (35, [1944, 73, 1, 0, 1, 1309, 1595, 1, 1, 2, 3, 0, 1, 2, 1]),
 (35, [1918, 82, 0, 1, 0, 1456, 1371, 0, 1, 2, 1, 0, 2, 1, 0]),
 (35, [1903, 53, 1, 0, 1, 1622, 1310, 1, 1, 0, 3, 1, 0, 0, 0]),
 (35, [1779, 74, 0, 1, 1, 679, 1886, 0, 1, 2, 0, 1, 2, 2, 0]),
 (35, [1710, 64, 0, 1, 0, 1935, 930, 1, 0, 0, 1, 1, 1, 1, 2]),
 (35, [1544, 14, 0, 1, 1, 527, 1555, 0, 1, 0, 2, 0, 2, 0, 2]),
 (35, [1506, 66, 1, 1, 1, 2046, 614, 0, 0, 2, 2, 0, 1, 1, 0]),
 (35, [1441, 75, 0, 0, 0, 1157, 1631, 0, 0, 1, 1, 0, 1, 0, 0]),
 (35, [1402, 55, 0, 1, 0, 1827, 1425, 0, 0, 1, 1, 1, 1, 0, 0]),
 (35, [1385, 68, 0, 1, 1, 1479, 1247, 1, 0, 0, 0, 0, 1, 1, 0]),
 (35, [1133, 74, 1, 0, 1, 1072, 1148, 1, 1, 2, 1, 1, 1, 0, 0]),
 (35, [1062, 25, 1, 1, 0, 1251, 697, 0, 1, 0, 1, 0, 0, 2, 2]),
 (35, [1048, 14, 1, 1, 1, 1412, 2014, 1, 1, 1, 4, 1, 0, 1, 1]),
 (35, [896, 104, 1, 0, 0, 949, 2027, 0, 1, 0, 2, 1, 2, 1, 1]),
 (35, [706, 62, 0, 1, 0, 852, 799, 1, 0, 1, 3, 0, 0, 2, 0]),
 (35, [654, 67, 0, 1, 1, 1147, 940, 1, 1, 1, 3, 1, 2, 2, 1]),
 (35, [576, 93, 0, 1, 0, 588, 905, 1, 0, 0, 0, 1, 0, 2, 0]),
 (35, [560, 107, 1, 0, 0, 1136, 1498, 1, 0, 1, 4, 0, 1, 0, 1])]
Población final:
[(999, [1859, 59, 1, 0, 0, 942, 699, 1, 1, 3, 4, 1, 1, 1, 1]),
 (999, [1615, 103, 0, 1, 0, 1659, 1900, 1, 1, 0, 5, 1, 1, 2, 1]),
 (999, [1569, 24, 0, 1, 0, 680, 1123, 1, 0, 3, 0, 1, 2, 1, 1]),
 (999, [1030, 33, 0, 0, 0, 829, 599, 1, 0, 3, 5, 0, 1, 0, 0]),
 (999, [975, 54, 1, 1, 1, 639, 1705, 0, 1, 3, 1, 1, 2, 1, 1]),
 (999, [907, 40, 1, 0, 1, 1146, 1753, 0, 0, 3, 0, 0, 2, 1, 1]),
 (999, [846, 24, 0, 1, 1, 579, 1548, 0, 0, 3, 0, 0, 0, 1, 0]),
 (999, [804, 16, 0, 1, 1, 1744, 1503, 1, 0, 3, 1, 1, 0, 0, 2]),
 (999, [641, 71, 1, 1, 0, 1311, 827, 0, 0, 3, 4, 0, 2, 2, 0]),
 (999, [589, 21, 0, 1, 1, 1458, 1438, 1, 1, 3, 0, 1, 0, 0, 2]),
 (35, [2008, 107, 1, 0, 0, 526, 1166, 0, 0, 2, 0, 1, 0, 0, 0]),
 (35, [1986, 51, 1, 1, 1, 1585, 1696, 0, 1, 0, 4, 0, 1, 1, 0]),
 (35, [1949, 100, 1, 0, 0, 1924, 1160, 1, 1, 2, 3, 1, 2, 0, 0]),
 (35, [1948, 108, 0, 0, 1, 1426, 794, 0, 1, 2, 2, 0, 0, 0, 1]),
 (35, [1944, 73, 1, 0, 1, 1309, 1595, 1, 1, 2, 3, 0, 1, 2, 1]),
 (35, [1918, 82, 0, 1, 0, 1456, 1371, 0, 1, 2, 1, 0, 2, 1, 0]),
 (35, [1903, 53, 1, 0, 1, 1622, 1310, 1, 1, 0, 3, 1, 0, 0, 0]),
 (35, [1779, 74, 0, 1, 1, 679, 1886, 0, 1, 2, 0, 1, 2, 2, 0]),
 (35, [1710, 64, 0, 1, 0, 1935, 930, 1, 0, 0, 1, 1, 1, 1, 2]),
 (35, [1544, 14, 0, 1, 1, 527, 1555, 0, 1, 0, 2, 0, 2, 0, 2]),
 (35, [1506, 66, 1, 1, 1, 2046, 614, 0, 0, 2, 2, 0, 1, 1, 0]),
 (35, [1441, 75, 0, 0, 0, 1157, 1631, 0, 0, 1, 1, 0, 1, 0, 0]),
 (35, [1402, 55, 0, 1, 0, 1827, 1425, 0, 0, 1, 1, 1, 1, 0, 0]),
 (35, [1385, 68, 0, 1, 1, 1479, 1247, 1, 0, 0, 0, 0, 1, 1, 0]),
 (35, [1133, 74, 1, 0, 1, 1072, 1148, 1, 1, 2, 1, 1, 1, 0, 0]),
 (35, [1062, 25, 1, 1, 0, 1251, 697, 0, 1, 0, 1, 0, 0, 2, 2]),
 (35, [1048, 14, 1, 1, 1, 1412, 2014, 1, 1, 1, 4, 1, 0, 1, 1]),
 (35, [896, 104, 1, 0, 0, 949, 2027, 0, 1, 0, 2, 1, 2, 1, 1]),
 (35, [706, 62, 0, 1, 0, 852, 799, 1, 0, 1, 3, 0, 0, 2, 0]),
 (35, [654, 67, 0, 1, 1, 1147, 940, 1, 1, 1, 3, 1, 2, 2, 1]),
 (35, [576, 93, 0, 1, 0, 588, 905, 1, 0, 0, 0, 1, 0, 2, 0]),
 (35, [560, 107, 1, 0, 0, 1136, 1498, 1, 0, 1, 4, 0, 1, 0, 1])]
Elapsed time is 1107.016758 seconds.
