 * Manually resetting nginx to stopped state
 * Manually resetting nginx to stopped state
 * Manually resetting nginx to stopped state
 * Manually resetting nginx to stopped state
 * Manually resetting nginx to stopped state
 * Manually resetting nginx to stopped state
 * Manually resetting nginx to stopped state
 * Manually resetting nginx to stopped state
 * Manually resetting nginx to stopped state
 * Manually resetting nginx to stopped state
 * Manually resetting nginx to stopped state
 * Manually resetting nginx to stopped state
 * Manually resetting nginx to stopped state
 * Manually resetting nginx to stopped state
 * Manually resetting nginx to stopped state
 * Manually resetting nginx to stopped state
 * Manually resetting nginx to stopped state
genes: 15
individuals : 32
pressure: 5
mutation_chance: 0
generations: 15
crossover_type: 2
mutation_type_random: 0
Alerts:
35
Alerts:
35
Alerts:
35
Alerts:
35
Alerts:
35
Alerts:
35
Alerts:
35
Alerts:
35
Alerts:
35
Alerts:
35
Alerts:
35
Alerts:
35
Alerts:
35
Alerts:
35
Alerts:
35
Alerts:
35
Alerts:
35

Población de 32 individuos durante 15 generaciones
Población inicial:
[(999, [1990, 70, 1, 0, 1, 711, 937, 1, 0, 3, 5, 1, 1, 0, 0]),
 (999, [1738, 69, 1, 0, 1, 555, 1481, 1, 0, 3, 3, 1, 0, 2, 0]),
 (999, [1614, 88, 1, 0, 0, 1441, 943, 1, 0, 0, 5, 0, 1, 0, 2]),
 (999, [1232, 104, 0, 1, 0, 719, 2037, 1, 0, 3, 3, 0, 1, 0, 2]),
 (999, [1170, 111, 1, 1, 1, 2022, 1908, 1, 1, 3, 2, 0, 1, 0, 1]),
 (999, [1111, 113, 1, 0, 0, 1089, 1966, 1, 0, 3, 1, 0, 0, 2, 2]),
 (999, [1044, 106, 0, 0, 1, 1827, 2017, 1, 0, 3, 5, 0, 2, 2, 1]),
 (999, [973, 27, 1, 1, 0, 1497, 1025, 0, 1, 3, 3, 0, 0, 1, 1]),
 (999, [925, 18, 0, 1, 0, 1099, 1301, 1, 0, 1, 5, 1, 1, 0, 1]),
 (999, [921, 27, 0, 1, 1, 877, 1725, 0, 0, 3, 4, 0, 0, 1, 0]),
 (999, [912, 87, 0, 1, 1, 1168, 1953, 1, 0, 1, 5, 0, 1, 0, 1]),
 (999, [837, 88, 1, 1, 1, 1337, 1811, 1, 0, 2, 5, 1, 0, 1, 2]),
 (999, [733, 119, 0, 0, 1, 1363, 1187, 1, 0, 3, 0, 0, 1, 2, 1]),
 (999, [626, 97, 1, 0, 0, 1542, 1300, 0, 1, 3, 5, 0, 1, 0, 0]),
 (999, [556, 37, 1, 1, 1, 1515, 1589, 1, 1, 2, 5, 1, 2, 1, 0]),
 (35, [1873, 74, 1, 1, 1, 1082, 1955, 0, 0, 0, 0, 1, 1, 1, 2]),
 (35, [1856, 98, 0, 1, 0, 1134, 1493, 0, 1, 2, 3, 0, 0, 1, 2]),
 (35, [1773, 45, 1, 0, 1, 1499, 917, 1, 1, 0, 1, 0, 2, 0, 0]),
 (35, [1699, 59, 0, 0, 0, 1130, 2039, 0, 0, 2, 3, 1, 2, 1, 1]),
 (35, [1691, 26, 0, 0, 1, 1863, 755, 0, 1, 1, 1, 1, 0, 1, 2]),
 (35, [1503, 100, 1, 1, 1, 1076, 1042, 0, 1, 0, 2, 1, 1, 1, 1]),
 (35, [1441, 53, 1, 0, 1, 1603, 966, 0, 0, 2, 3, 1, 2, 2, 0]),
 (35, [1437, 109, 1, 0, 1, 1157, 1350, 1, 1, 0, 4, 0, 2, 1, 1]),
 (35, [1420, 81, 1, 1, 0, 1722, 1220, 0, 0, 1, 4, 0, 0, 0, 2]),
 (35, [1376, 79, 1, 0, 0, 1104, 1743, 0, 1, 1, 3, 1, 2, 2, 2]),
 (35, [894, 15, 1, 0, 0, 1701, 1879, 0, 0, 1, 0, 0, 0, 0, 1]),
 (35, [886, 104, 0, 0, 0, 1340, 1973, 0, 1, 1, 1, 0, 0, 2, 1]),
 (35, [796, 68, 1, 0, 1, 2039, 1879, 1, 1, 1, 1, 1, 0, 2, 2]),
 (35, [645, 106, 0, 0, 1, 653, 639, 1, 0, 2, 4, 0, 2, 0, 2]),
 (35, [623, 19, 0, 0, 1, 1343, 1651, 1, 1, 2, 4, 1, 2, 0, 0]),
 (35, [613, 102, 0, 1, 0, 1691, 1428, 0, 0, 1, 1, 0, 1, 0, 0]),
 (35, [591, 92, 1, 1, 1, 761, 1937, 1, 1, 2, 2, 0, 2, 1, 1])]
Población final:
[(999, [1990, 70, 1, 0, 1, 711, 937, 1, 0, 3, 5, 1, 1, 0, 0]),
 (999, [1738, 69, 1, 0, 1, 555, 1481, 1, 0, 3, 3, 1, 0, 2, 0]),
 (999, [1614, 88, 1, 0, 0, 1441, 943, 1, 0, 0, 5, 0, 1, 0, 2]),
 (999, [1232, 104, 0, 1, 0, 719, 2037, 1, 0, 3, 3, 0, 1, 0, 2]),
 (999, [1170, 111, 1, 1, 1, 2022, 1908, 1, 1, 3, 2, 0, 1, 0, 1]),
 (999, [1111, 113, 1, 0, 0, 1089, 1966, 1, 0, 3, 1, 0, 0, 2, 2]),
 (999, [1044, 106, 0, 0, 1, 1827, 2017, 1, 0, 3, 5, 0, 2, 2, 1]),
 (999, [973, 27, 1, 1, 0, 1497, 1025, 0, 1, 3, 3, 0, 0, 1, 1]),
 (999, [925, 18, 0, 1, 0, 1099, 1301, 1, 0, 1, 5, 1, 1, 0, 1]),
 (999, [921, 27, 0, 1, 1, 877, 1725, 0, 0, 3, 4, 0, 0, 1, 0]),
 (999, [912, 87, 0, 1, 1, 1168, 1953, 1, 0, 1, 5, 0, 1, 0, 1]),
 (999, [837, 88, 1, 1, 1, 1337, 1811, 1, 0, 2, 5, 1, 0, 1, 2]),
 (999, [733, 119, 0, 0, 1, 1363, 1187, 1, 0, 3, 0, 0, 1, 2, 1]),
 (999, [626, 97, 1, 0, 0, 1542, 1300, 0, 1, 3, 5, 0, 1, 0, 0]),
 (999, [556, 37, 1, 1, 1, 1515, 1589, 1, 1, 2, 5, 1, 2, 1, 0]),
 (35, [1873, 74, 1, 1, 1, 1082, 1955, 0, 0, 0, 0, 1, 1, 1, 2]),
 (35, [1856, 98, 0, 1, 0, 1134, 1493, 0, 1, 2, 3, 0, 0, 1, 2]),
 (35, [1773, 45, 1, 0, 1, 1499, 917, 1, 1, 0, 1, 0, 2, 0, 0]),
 (35, [1699, 59, 0, 0, 0, 1130, 2039, 0, 0, 2, 3, 1, 2, 1, 1]),
 (35, [1691, 26, 0, 0, 1, 1863, 755, 0, 1, 1, 1, 1, 0, 1, 2]),
 (35, [1503, 100, 1, 1, 1, 1076, 1042, 0, 1, 0, 2, 1, 1, 1, 1]),
 (35, [1441, 53, 1, 0, 1, 1603, 966, 0, 0, 2, 3, 1, 2, 2, 0]),
 (35, [1437, 109, 1, 0, 1, 1157, 1350, 1, 1, 0, 4, 0, 2, 1, 1]),
 (35, [1420, 81, 1, 1, 0, 1722, 1220, 0, 0, 1, 4, 0, 0, 0, 2]),
 (35, [1376, 79, 1, 0, 0, 1104, 1743, 0, 1, 1, 3, 1, 2, 2, 2]),
 (35, [894, 15, 1, 0, 0, 1701, 1879, 0, 0, 1, 0, 0, 0, 0, 1]),
 (35, [886, 104, 0, 0, 0, 1340, 1973, 0, 1, 1, 1, 0, 0, 2, 1]),
 (35, [796, 68, 1, 0, 1, 2039, 1879, 1, 1, 1, 1, 1, 0, 2, 2]),
 (35, [645, 106, 0, 0, 1, 653, 639, 1, 0, 2, 4, 0, 2, 0, 2]),
 (35, [623, 19, 0, 0, 1, 1343, 1651, 1, 1, 2, 4, 1, 2, 0, 0]),
 (35, [613, 102, 0, 1, 0, 1691, 1428, 0, 0, 1, 1, 0, 1, 0, 0]),
 (35, [591, 92, 1, 1, 1, 761, 1937, 1, 1, 2, 2, 0, 2, 1, 1])]
Elapsed time is 1716.588135 seconds.
