 * Manually resetting nginx to stopped state
 * Manually resetting nginx to stopped state
 * Manually resetting nginx to stopped state
 * Manually resetting nginx to stopped state
 * Manually resetting nginx to stopped state
 * Manually resetting nginx to stopped state
 * Manually resetting nginx to stopped state
 * Manually resetting nginx to stopped state
 * Manually resetting nginx to stopped state
 * Manually resetting nginx to stopped state
 * Manually resetting nginx to stopped state
 * Manually resetting nginx to stopped state
 * Manually resetting nginx to stopped state
 * Manually resetting nginx to stopped state
 * Manually resetting nginx to stopped state
 * Manually resetting nginx to stopped state
 * Manually resetting nginx to stopped state
 * Manually resetting nginx to stopped state
genes: 15
individuals : 32
pressure: 5
mutation_chance: 0
generations: 15
crossover_type: 2
mutation_type_random: 1
Alerts:
35
Alerts:
35
Alerts:
35
Alerts:
35
Alerts:
35
Alerts:
35
Alerts:
35
Alerts:
35
Alerts:
35
Alerts:
35
Alerts:
35
Alerts:
35
Alerts:
35
Alerts:
35
Alerts:
35
Alerts:
35
Alerts:
35
Alerts:
35

Población de 32 individuos durante 15 generaciones
Población inicial:
[(999, [1981, 67, 0, 1, 0, 1926, 1469, 1, 0, 1, 5, 0, 0, 1, 0]),
 (999, [1855, 49, 0, 1, 1, 1755, 1057, 1, 1, 3, 3, 0, 2, 2, 1]),
 (999, [1648, 63, 0, 1, 1, 815, 1106, 0, 1, 1, 5, 1, 2, 1, 2]),
 (999, [1635, 29, 0, 0, 0, 1548, 734, 1, 0, 3, 5, 1, 1, 2, 0]),
 (999, [1306, 66, 0, 0, 0, 749, 1604, 1, 1, 2, 5, 1, 0, 1, 0]),
 (999, [1298, 21, 1, 0, 1, 851, 1817, 0, 1, 3, 0, 1, 1, 0, 1]),
 (999, [1254, 82, 0, 0, 0, 2044, 872, 0, 0, 3, 0, 1, 2, 1, 0]),
 (999, [1243, 43, 1, 1, 0, 1486, 513, 0, 0, 2, 5, 0, 0, 1, 1]),
 (999, [1044, 63, 0, 0, 1, 530, 795, 0, 1, 3, 3, 1, 1, 2, 2]),
 (999, [1001, 102, 1, 1, 0, 736, 691, 1, 1, 1, 5, 0, 2, 2, 1]),
 (999, [980, 56, 0, 0, 1, 572, 546, 0, 1, 0, 5, 1, 2, 0, 1]),
 (999, [867, 99, 0, 0, 0, 1666, 1288, 1, 1, 0, 5, 1, 1, 2, 2]),
 (999, [745, 96, 1, 0, 1, 1485, 2030, 1, 0, 3, 0, 1, 0, 1, 0]),
 (999, [729, 61, 0, 1, 0, 1586, 569, 0, 1, 2, 5, 1, 0, 0, 2]),
 (35, [1971, 119, 0, 1, 0, 1942, 526, 0, 0, 0, 3, 0, 2, 2, 1]),
 (35, [1856, 97, 1, 0, 0, 1230, 1851, 0, 1, 0, 4, 1, 2, 2, 2]),
 (35, [1806, 120, 1, 1, 0, 1882, 1842, 0, 1, 0, 4, 1, 1, 1, 1]),
 (35, [1797, 87, 1, 0, 1, 1457, 623, 0, 0, 1, 2, 0, 2, 0, 1]),
 (35, [1622, 96, 1, 1, 0, 1177, 1257, 0, 0, 0, 4, 0, 2, 2, 2]),
 (35, [1521, 119, 1, 0, 1, 1586, 990, 0, 1, 0, 2, 0, 1, 2, 0]),
 (35, [1514, 10, 1, 1, 0, 1911, 1673, 1, 1, 2, 2, 0, 1, 0, 1]),
 (35, [1512, 41, 1, 1, 0, 1913, 913, 1, 1, 0, 4, 1, 0, 0, 1]),
 (35, [1450, 24, 0, 0, 1, 1329, 1887, 0, 0, 0, 1, 1, 0, 1, 2]),
 (35, [1429, 17, 1, 1, 1, 2045, 1358, 1, 1, 1, 2, 1, 1, 0, 1]),
 (35, [1426, 38, 1, 0, 1, 1933, 1670, 1, 1, 0, 0, 1, 0, 1, 0]),
 (35, [1377, 115, 0, 1, 1, 1245, 907, 1, 0, 2, 4, 1, 0, 0, 0]),
 (35, [1350, 91, 1, 1, 0, 902, 794, 0, 0, 2, 3, 1, 1, 2, 1]),
 (35, [792, 103, 1, 1, 1, 1287, 715, 0, 1, 1, 0, 1, 0, 0, 2]),
 (35, [710, 120, 0, 1, 0, 693, 1486, 0, 1, 2, 4, 0, 0, 1, 2]),
 (35, [690, 71, 1, 0, 1, 1036, 1996, 0, 1, 1, 4, 1, 0, 2, 2]),
 (35, [530, 70, 0, 1, 0, 1534, 1119, 1, 0, 1, 1, 1, 1, 1, 1]),
 (35, [518, 118, 0, 0, 1, 1451, 1786, 0, 0, 2, 1, 1, 1, 0, 2])]
Población final:
[(999, [1981, 67, 0, 1, 0, 1926, 1469, 1, 0, 1, 5, 0, 0, 1, 0]),
 (999, [1855, 49, 0, 1, 1, 1755, 1057, 1, 1, 3, 3, 0, 2, 2, 1]),
 (999, [1648, 63, 0, 1, 1, 815, 1106, 0, 1, 1, 5, 1, 2, 1, 2]),
 (999, [1635, 29, 0, 0, 0, 1548, 734, 1, 0, 3, 5, 1, 1, 2, 0]),
 (999, [1306, 66, 0, 0, 0, 749, 1604, 1, 1, 2, 5, 1, 0, 1, 0]),
 (999, [1298, 21, 1, 0, 1, 851, 1817, 0, 1, 3, 0, 1, 1, 0, 1]),
 (999, [1254, 82, 0, 0, 0, 2044, 872, 0, 0, 3, 0, 1, 2, 1, 0]),
 (999, [1243, 43, 1, 1, 0, 1486, 513, 0, 0, 2, 5, 0, 0, 1, 1]),
 (999, [1044, 63, 0, 0, 1, 530, 795, 0, 1, 3, 3, 1, 1, 2, 2]),
 (999, [1001, 102, 1, 1, 0, 736, 691, 1, 1, 1, 5, 0, 2, 2, 1]),
 (999, [980, 56, 0, 0, 1, 572, 546, 0, 1, 0, 5, 1, 2, 0, 1]),
 (999, [867, 99, 0, 0, 0, 1666, 1288, 1, 1, 0, 5, 1, 1, 2, 2]),
 (999, [745, 96, 1, 0, 1, 1485, 2030, 1, 0, 3, 0, 1, 0, 1, 0]),
 (999, [729, 61, 0, 1, 0, 1586, 569, 0, 1, 2, 5, 1, 0, 0, 2]),
 (35, [1971, 119, 0, 1, 0, 1942, 526, 0, 0, 0, 3, 0, 2, 2, 1]),
 (35, [1856, 97, 1, 0, 0, 1230, 1851, 0, 1, 0, 4, 1, 2, 2, 2]),
 (35, [1806, 120, 1, 1, 0, 1882, 1842, 0, 1, 0, 4, 1, 1, 1, 1]),
 (35, [1797, 87, 1, 0, 1, 1457, 623, 0, 0, 1, 2, 0, 2, 0, 1]),
 (35, [1622, 96, 1, 1, 0, 1177, 1257, 0, 0, 0, 4, 0, 2, 2, 2]),
 (35, [1521, 119, 1, 0, 1, 1586, 990, 0, 1, 0, 2, 0, 1, 2, 0]),
 (35, [1514, 10, 1, 1, 0, 1911, 1673, 1, 1, 2, 2, 0, 1, 0, 1]),
 (35, [1512, 41, 1, 1, 0, 1913, 913, 1, 1, 0, 4, 1, 0, 0, 1]),
 (35, [1450, 24, 0, 0, 1, 1329, 1887, 0, 0, 0, 1, 1, 0, 1, 2]),
 (35, [1429, 17, 1, 1, 1, 2045, 1358, 1, 1, 1, 2, 1, 1, 0, 1]),
 (35, [1426, 38, 1, 0, 1, 1933, 1670, 1, 1, 0, 0, 1, 0, 1, 0]),
 (35, [1377, 115, 0, 1, 1, 1245, 907, 1, 0, 2, 4, 1, 0, 0, 0]),
 (35, [1350, 91, 1, 1, 0, 902, 794, 0, 0, 2, 3, 1, 1, 2, 1]),
 (35, [792, 103, 1, 1, 1, 1287, 715, 0, 1, 1, 0, 1, 0, 0, 2]),
 (35, [710, 120, 0, 1, 0, 693, 1486, 0, 1, 2, 4, 0, 0, 1, 2]),
 (35, [690, 71, 1, 0, 1, 1036, 1996, 0, 1, 1, 4, 1, 0, 2, 2]),
 (35, [530, 70, 0, 1, 0, 1534, 1119, 1, 0, 1, 1, 1, 1, 1, 1]),
 (35, [518, 118, 0, 0, 1, 1451, 1786, 0, 0, 2, 1, 1, 1, 0, 2])]
Elapsed time is 1848.801599 seconds.
