 * Manually resetting nginx to stopped state
 * Manually resetting nginx to stopped state
 * Manually resetting nginx to stopped state
 * Manually resetting nginx to stopped state
 * Manually resetting nginx to stopped state
 * Manually resetting nginx to stopped state
 * Manually resetting nginx to stopped state
 * Manually resetting nginx to stopped state
 * Manually resetting nginx to stopped state
 * Manually resetting nginx to stopped state
 * Manually resetting nginx to stopped state
 * Manually resetting nginx to stopped state
 * Manually resetting nginx to stopped state
 * Manually resetting nginx to stopped state
 * Manually resetting nginx to stopped state
 * Manually resetting nginx to stopped state
 * Manually resetting nginx to stopped state
 * Manually resetting nginx to stopped state
 * Manually resetting nginx to stopped state
 * Manually resetting nginx to stopped state
 * Manually resetting nginx to stopped state
 * Manually resetting nginx to stopped state
 * Manually resetting nginx to stopped state
genes: 15
individuals : 32
pressure: 5
mutation_chance: 0
generations: 15
crossover_type: 2
mutation_type_random: 0
Alerts:
35
Alerts:
33
Alerts:
34
Alerts:
35
Alerts:
35
Alerts:
35
Alerts:
33
Alerts:
34
Alerts:
35
Alerts:
33
Alerts:
35
Alerts:
35
Alerts:
33
Alerts:
33
Alerts:
35
Alerts:
34
Alerts:
34
Alerts:
33
Alerts:
33
Alerts:
35
Alerts:
35
Alerts:
33
Alerts:
35

Población de 32 individuos durante 15 generaciones
Población inicial:
[(999, [1813, 25, 0, 1, 0, 602, 1251, 0, 1, 3, 5, 0, 0, 1, 2]),
 (999, [1621, 28, 0, 1, 1, 1463, 744, 1, 1, 3, 0, 1, 1, 0, 0]),
 (999, [1614, 43, 0, 1, 0, 1416, 972, 1, 1, 0, 5, 0, 0, 2, 2]),
 (999, [1042, 80, 1, 0, 1, 1554, 1833, 1, 0, 3, 0, 1, 1, 0, 1]),
 (999, [1031, 102, 0, 0, 0, 1799, 839, 1, 1, 3, 2, 1, 1, 0, 2]),
 (999, [858, 19, 1, 0, 1, 1036, 844, 1, 1, 3, 3, 0, 0, 0, 0]),
 (999, [758, 89, 1, 1, 1, 1598, 1128, 0, 0, 3, 2, 1, 1, 0, 2]),
 (999, [739, 58, 0, 0, 1, 1633, 951, 0, 1, 3, 3, 1, 0, 0, 2]),
 (999, [718, 72, 0, 1, 0, 1639, 2023, 0, 1, 3, 0, 1, 0, 1, 1]),
 (35, [1839, 116, 0, 1, 0, 1438, 593, 1, 1, 2, 2, 1, 1, 1, 1]),
 (35, [1821, 83, 0, 1, 0, 1078, 1411, 1, 1, 0, 1, 1, 1, 1, 0]),
 (35, [1534, 44, 1, 1, 1, 913, 1396, 1, 0, 1, 2, 1, 0, 2, 0]),
 (35, [1159, 106, 1, 1, 1, 1341, 1829, 1, 1, 2, 0, 1, 1, 1, 0]),
 (35, [951, 117, 0, 0, 1, 1706, 794, 0, 0, 2, 1, 1, 2, 0, 0]),
 (35, [926, 25, 0, 0, 1, 988, 1720, 1, 1, 0, 2, 1, 1, 2, 2]),
 (35, [905, 29, 1, 1, 1, 1282, 1017, 1, 0, 1, 2, 1, 1, 0, 1]),
 (35, [853, 42, 1, 1, 1, 865, 1560, 1, 1, 0, 4, 0, 2, 2, 0]),
 (35, [836, 70, 0, 1, 1, 851, 1976, 0, 1, 2, 3, 0, 0, 1, 1]),
 (35, [711, 90, 0, 0, 1, 1606, 1505, 1, 0, 0, 3, 1, 0, 0, 2]),
 (35, [512, 85, 0, 1, 1, 1743, 1561, 0, 0, 2, 3, 1, 1, 1, 1]),
 (34, [1231, 58, 0, 1, 0, 1656, 845, 1, 0, 0, 2, 0, 1, 0, 2]),
 (34, [1128, 34, 1, 0, 0, 1746, 808, 0, 0, 1, 2, 1, 0, 0, 0]),
 (34, [938, 19, 1, 1, 0, 1551, 1921, 0, 1, 2, 1, 1, 0, 1, 0]),
 (34, [857, 85, 1, 1, 0, 1397, 1775, 0, 0, 1, 3, 1, 2, 0, 0]),
 (33, [2018, 21, 0, 0, 0, 621, 1506, 1, 0, 2, 0, 1, 0, 2, 1]),
 (33, [1877, 55, 0, 1, 0, 1586, 1405, 1, 1, 0, 3, 1, 0, 1, 2]),
 (33, [1859, 87, 1, 0, 0, 1574, 1806, 1, 1, 2, 4, 0, 0, 0, 1]),
 (33, [1685, 86, 0, 1, 0, 1863, 1191, 0, 0, 1, 4, 1, 2, 2, 0]),
 (33, [1663, 63, 1, 1, 0, 1037, 1258, 1, 0, 2, 2, 0, 2, 1, 1]),
 (33, [1522, 29, 1, 1, 0, 1024, 543, 1, 1, 2, 0, 0, 1, 2, 1]),
 (33, [1490, 28, 0, 1, 0, 1878, 864, 1, 1, 2, 3, 1, 0, 1, 2]),
 (33, [725, 89, 1, 0, 0, 1344, 1073, 0, 0, 1, 4, 0, 2, 0, 0])]
Población final:
[(999, [1813, 25, 0, 1, 0, 602, 1251, 0, 1, 3, 5, 0, 0, 1, 2]),
 (999, [1621, 28, 0, 1, 1, 1463, 744, 1, 1, 3, 0, 1, 1, 0, 0]),
 (999, [1614, 43, 0, 1, 0, 1416, 972, 1, 1, 0, 5, 0, 0, 2, 2]),
 (999, [1042, 80, 1, 0, 1, 1554, 1833, 1, 0, 3, 0, 1, 1, 0, 1]),
 (999, [1031, 102, 0, 0, 0, 1799, 839, 1, 1, 3, 2, 1, 1, 0, 2]),
 (999, [858, 19, 1, 0, 1, 1036, 844, 1, 1, 3, 3, 0, 0, 0, 0]),
 (999, [758, 89, 1, 1, 1, 1598, 1128, 0, 0, 3, 2, 1, 1, 0, 2]),
 (999, [739, 58, 0, 0, 1, 1633, 951, 0, 1, 3, 3, 1, 0, 0, 2]),
 (999, [718, 72, 0, 1, 0, 1639, 2023, 0, 1, 3, 0, 1, 0, 1, 1]),
 (35, [1839, 116, 0, 1, 0, 1438, 593, 1, 1, 2, 2, 1, 1, 1, 1]),
 (35, [1821, 83, 0, 1, 0, 1078, 1411, 1, 1, 0, 1, 1, 1, 1, 0]),
 (35, [1534, 44, 1, 1, 1, 913, 1396, 1, 0, 1, 2, 1, 0, 2, 0]),
 (35, [1159, 106, 1, 1, 1, 1341, 1829, 1, 1, 2, 0, 1, 1, 1, 0]),
 (35, [951, 117, 0, 0, 1, 1706, 794, 0, 0, 2, 1, 1, 2, 0, 0]),
 (35, [926, 25, 0, 0, 1, 988, 1720, 1, 1, 0, 2, 1, 1, 2, 2]),
 (35, [905, 29, 1, 1, 1, 1282, 1017, 1, 0, 1, 2, 1, 1, 0, 1]),
 (35, [853, 42, 1, 1, 1, 865, 1560, 1, 1, 0, 4, 0, 2, 2, 0]),
 (35, [836, 70, 0, 1, 1, 851, 1976, 0, 1, 2, 3, 0, 0, 1, 1]),
 (35, [711, 90, 0, 0, 1, 1606, 1505, 1, 0, 0, 3, 1, 0, 0, 2]),
 (35, [512, 85, 0, 1, 1, 1743, 1561, 0, 0, 2, 3, 1, 1, 1, 1]),
 (34, [1231, 58, 0, 1, 0, 1656, 845, 1, 0, 0, 2, 0, 1, 0, 2]),
 (34, [1128, 34, 1, 0, 0, 1746, 808, 0, 0, 1, 2, 1, 0, 0, 0]),
 (34, [938, 19, 1, 1, 0, 1551, 1921, 0, 1, 2, 1, 1, 0, 1, 0]),
 (34, [857, 85, 1, 1, 0, 1397, 1775, 0, 0, 1, 3, 1, 2, 0, 0]),
 (33, [2018, 21, 0, 0, 0, 621, 1506, 1, 0, 2, 0, 1, 0, 2, 1]),
 (33, [1877, 55, 0, 1, 0, 1586, 1405, 1, 1, 0, 3, 1, 0, 1, 2]),
 (33, [1859, 87, 1, 0, 0, 1574, 1806, 1, 1, 2, 4, 0, 0, 0, 1]),
 (33, [1685, 86, 0, 1, 0, 1863, 1191, 0, 0, 1, 4, 1, 2, 2, 0]),
 (33, [1663, 63, 1, 1, 0, 1037, 1258, 1, 0, 2, 2, 0, 2, 1, 1]),
 (33, [1522, 29, 1, 1, 0, 1024, 543, 1, 1, 2, 0, 0, 1, 2, 1]),
 (33, [1490, 28, 0, 1, 0, 1878, 864, 1, 1, 2, 3, 1, 0, 1, 2]),
 (33, [725, 89, 1, 0, 0, 1344, 1073, 0, 0, 1, 4, 0, 2, 0, 0])]
Elapsed time is 904.853109 seconds.
