 * Manually resetting nginx to stopped state
 * Manually resetting nginx to stopped state
 * Manually resetting nginx to stopped state
 * Manually resetting nginx to stopped state
 * Manually resetting nginx to stopped state
 * Manually resetting nginx to stopped state
 * Manually resetting nginx to stopped state
 * Manually resetting nginx to stopped state
 * Manually resetting nginx to stopped state
 * Manually resetting nginx to stopped state
 * Manually resetting nginx to stopped state
 * Manually resetting nginx to stopped state
 * Manually resetting nginx to stopped state
 * Manually resetting nginx to stopped state
 * Manually resetting nginx to stopped state
 * Manually resetting nginx to stopped state
 * Manually resetting nginx to stopped state
genes: 15
individuals : 32
pressure: 5
mutation_chance: 0
generations: 15
crossover_type: 1
mutation_type_random: 1
Alerts:
3
Alerts:
35
Alerts:
35
Alerts:
35
Alerts:
33
Alerts:
33
Alerts:
35
Alerts:
35
Alerts:
35
Alerts:
35
Alerts:
33
Alerts:
35
Alerts:
35
Alerts:
35
Alerts:
35
Alerts:
35
Alerts:
35

Población de 32 individuos durante 15 generaciones
Población inicial:
[(999, [1863, 101, 0, 1, 0, 1750, 1580, 1, 0, 2, 5, 1, 1, 0, 0]),
 (999, [1721, 28, 1, 1, 1, 1005, 663, 1, 1, 3, 5, 1, 1, 0, 0]),
 (999, [1713, 19, 0, 1, 1, 1043, 1701, 0, 1, 3, 3, 1, 1, 1, 1]),
 (999, [1646, 104, 1, 0, 0, 1608, 1879, 1, 1, 1, 5, 1, 2, 0, 0]),
 (999, [1507, 56, 0, 0, 0, 1938, 1837, 0, 0, 3, 4, 0, 2, 0, 1]),
 (999, [1406, 13, 0, 0, 1, 1183, 618, 1, 0, 2, 5, 1, 1, 1, 0]),
 (999, [1287, 90, 0, 1, 1, 1146, 1409, 0, 0, 2, 5, 0, 0, 2, 0]),
 (999, [1156, 20, 0, 1, 1, 1135, 1071, 0, 0, 2, 5, 1, 2, 2, 1]),
 (999, [1057, 102, 0, 1, 1, 1275, 1666, 1, 1, 3, 2, 0, 0, 2, 1]),
 (999, [944, 37, 0, 0, 1, 1105, 740, 1, 0, 3, 5, 0, 2, 1, 0]),
 (999, [786, 66, 0, 0, 0, 858, 774, 1, 0, 1, 5, 0, 2, 2, 1]),
 (999, [660, 50, 0, 1, 1, 1678, 1256, 0, 1, 0, 5, 1, 1, 1, 1]),
 (999, [593, 55, 0, 0, 0, 1528, 1523, 1, 1, 3, 3, 1, 2, 2, 2]),
 (999, [551, 86, 0, 0, 0, 1492, 536, 1, 0, 3, 4, 1, 2, 2, 0]),
 (999, [539, 86, 0, 1, 0, 1233, 1755, 0, 0, 3, 4, 1, 0, 1, 2]),
 (35, [1973, 78, 1, 0, 1, 1635, 532, 1, 0, 1, 3, 1, 1, 1, 0]),
 (35, [1957, 22, 1, 0, 1, 1452, 1821, 0, 0, 1, 4, 0, 2, 1, 0]),
 (35, [1947, 17, 1, 0, 1, 909, 1249, 0, 1, 1, 0, 0, 2, 2, 0]),
 (35, [1888, 43, 0, 0, 1, 2037, 1329, 0, 0, 0, 2, 1, 0, 2, 2]),
 (35, [1826, 105, 1, 1, 1, 1369, 881, 1, 1, 0, 1, 1, 1, 2, 0]),
 (35, [1776, 93, 1, 0, 1, 564, 1574, 1, 1, 0, 1, 1, 2, 1, 1]),
 (35, [1653, 28, 1, 1, 1, 967, 1175, 1, 1, 1, 1, 1, 2, 1, 2]),
 (35, [1470, 92, 0, 1, 0, 1783, 1511, 1, 1, 0, 0, 1, 2, 0, 2]),
 (35, [1354, 73, 1, 0, 1, 1900, 603, 0, 1, 0, 0, 0, 1, 1, 2]),
 (35, [1265, 102, 0, 0, 1, 1170, 1454, 1, 1, 2, 4, 0, 0, 0, 1]),
 (35, [1162, 69, 1, 1, 1, 1478, 749, 1, 0, 1, 3, 1, 1, 0, 1]),
 (35, [993, 99, 1, 1, 0, 1876, 685, 0, 0, 1, 4, 0, 0, 2, 1]),
 (35, [746, 34, 0, 1, 1, 1299, 889, 0, 0, 2, 3, 0, 0, 2, 2]),
 (33, [1270, 112, 1, 0, 0, 1789, 1521, 0, 0, 0, 3, 1, 1, 1, 1]),
 (33, [743, 90, 0, 0, 0, 1454, 1609, 0, 0, 2, 0, 0, 1, 1, 0]),
 (33, [738, 109, 0, 0, 0, 1891, 1873, 0, 1, 1, 4, 1, 0, 1, 2]),
 (3, [686, 50, 0, 0, 0, 1822, 760, 1, 0, 0, 2, 0, 2, 2, 1])]
Población final:
[(999, [1863, 101, 0, 1, 0, 1750, 1580, 1, 0, 2, 5, 1, 1, 0, 0]),
 (999, [1721, 28, 1, 1, 1, 1005, 663, 1, 1, 3, 5, 1, 1, 0, 0]),
 (999, [1713, 19, 0, 1, 1, 1043, 1701, 0, 1, 3, 3, 1, 1, 1, 1]),
 (999, [1646, 104, 1, 0, 0, 1608, 1879, 1, 1, 1, 5, 1, 2, 0, 0]),
 (999, [1507, 56, 0, 0, 0, 1938, 1837, 0, 0, 3, 4, 0, 2, 0, 1]),
 (999, [1406, 13, 0, 0, 1, 1183, 618, 1, 0, 2, 5, 1, 1, 1, 0]),
 (999, [1287, 90, 0, 1, 1, 1146, 1409, 0, 0, 2, 5, 0, 0, 2, 0]),
 (999, [1156, 20, 0, 1, 1, 1135, 1071, 0, 0, 2, 5, 1, 2, 2, 1]),
 (999, [1057, 102, 0, 1, 1, 1275, 1666, 1, 1, 3, 2, 0, 0, 2, 1]),
 (999, [944, 37, 0, 0, 1, 1105, 740, 1, 0, 3, 5, 0, 2, 1, 0]),
 (999, [786, 66, 0, 0, 0, 858, 774, 1, 0, 1, 5, 0, 2, 2, 1]),
 (999, [660, 50, 0, 1, 1, 1678, 1256, 0, 1, 0, 5, 1, 1, 1, 1]),
 (999, [593, 55, 0, 0, 0, 1528, 1523, 1, 1, 3, 3, 1, 2, 2, 2]),
 (999, [551, 86, 0, 0, 0, 1492, 536, 1, 0, 3, 4, 1, 2, 2, 0]),
 (999, [539, 86, 0, 1, 0, 1233, 1755, 0, 0, 3, 4, 1, 0, 1, 2]),
 (35, [1973, 78, 1, 0, 1, 1635, 532, 1, 0, 1, 3, 1, 1, 1, 0]),
 (35, [1957, 22, 1, 0, 1, 1452, 1821, 0, 0, 1, 4, 0, 2, 1, 0]),
 (35, [1947, 17, 1, 0, 1, 909, 1249, 0, 1, 1, 0, 0, 2, 2, 0]),
 (35, [1888, 43, 0, 0, 1, 2037, 1329, 0, 0, 0, 2, 1, 0, 2, 2]),
 (35, [1826, 105, 1, 1, 1, 1369, 881, 1, 1, 0, 1, 1, 1, 2, 0]),
 (35, [1776, 93, 1, 0, 1, 564, 1574, 1, 1, 0, 1, 1, 2, 1, 1]),
 (35, [1653, 28, 1, 1, 1, 967, 1175, 1, 1, 1, 1, 1, 2, 1, 2]),
 (35, [1470, 92, 0, 1, 0, 1783, 1511, 1, 1, 0, 0, 1, 2, 0, 2]),
 (35, [1354, 73, 1, 0, 1, 1900, 603, 0, 1, 0, 0, 0, 1, 1, 2]),
 (35, [1265, 102, 0, 0, 1, 1170, 1454, 1, 1, 2, 4, 0, 0, 0, 1]),
 (35, [1162, 69, 1, 1, 1, 1478, 749, 1, 0, 1, 3, 1, 1, 0, 1]),
 (35, [993, 99, 1, 1, 0, 1876, 685, 0, 0, 1, 4, 0, 0, 2, 1]),
 (35, [746, 34, 0, 1, 1, 1299, 889, 0, 0, 2, 3, 0, 0, 2, 2]),
 (33, [1270, 112, 1, 0, 0, 1789, 1521, 0, 0, 0, 3, 1, 1, 1, 1]),
 (33, [743, 90, 0, 0, 0, 1454, 1609, 0, 0, 2, 0, 0, 1, 1, 0]),
 (33, [738, 109, 0, 0, 0, 1891, 1873, 0, 1, 1, 4, 1, 0, 1, 2]),
 (3, [686, 50, 0, 0, 0, 1822, 760, 1, 0, 0, 2, 0, 2, 2, 1])]
Elapsed time is 764.165291 seconds.
