 * Manually resetting nginx to stopped state
 * Manually resetting nginx to stopped state
 * Manually resetting nginx to stopped state
 * Manually resetting nginx to stopped state
 * Manually resetting nginx to stopped state
 * Manually resetting nginx to stopped state
 * Manually resetting nginx to stopped state
 * Manually resetting nginx to stopped state
 * Manually resetting nginx to stopped state
 * Manually resetting nginx to stopped state
 * Manually resetting nginx to stopped state
 * Manually resetting nginx to stopped state
 * Manually resetting nginx to stopped state
 * Manually resetting nginx to stopped state
 * Manually resetting nginx to stopped state
 * Manually resetting nginx to stopped state
 * Manually resetting nginx to stopped state
 * Manually resetting nginx to stopped state
 * Manually resetting nginx to stopped state
 * Manually resetting nginx to stopped state
genes: 15
individuals : 32
pressure: 5
mutation_chance: 0
generations: 15
crossover_type: 1
mutation_type_random: 1
Alerts:
35
Alerts:
35
Alerts:
35
Alerts:
35
Alerts:
35
Alerts:
35
Alerts:
35
Alerts:
35
Alerts:
35
Alerts:
35
Alerts:
35
Alerts:
35
Alerts:
35
Alerts:
35
Alerts:
35
Alerts:
35
Alerts:
35
Alerts:
35
Alerts:
35
Alerts:
35

Población de 32 individuos durante 15 generaciones
Población inicial:
[(999, [2034, 98, 0, 1, 1, 1012, 1098, 0, 0, 3, 5, 0, 0, 2, 1]),
 (999, [1902, 14, 1, 1, 1, 532, 1565, 1, 1, 2, 5, 1, 0, 1, 0]),
 (999, [1754, 43, 1, 0, 0, 1724, 1730, 0, 1, 3, 0, 0, 0, 1, 1]),
 (999, [1679, 73, 0, 1, 1, 848, 615, 0, 1, 3, 1, 1, 1, 1, 2]),
 (999, [1482, 85, 0, 1, 1, 713, 1358, 1, 0, 3, 0, 1, 2, 1, 2]),
 (999, [1346, 94, 0, 1, 0, 1505, 1536, 0, 1, 3, 4, 0, 1, 2, 1]),
 (999, [1238, 118, 0, 0, 1, 1108, 1764, 0, 1, 2, 5, 0, 1, 1, 2]),
 (999, [1217, 71, 0, 1, 1, 976, 1770, 1, 0, 1, 5, 1, 0, 2, 1]),
 (999, [1187, 35, 1, 1, 1, 996, 1938, 1, 1, 1, 5, 0, 1, 2, 1]),
 (999, [929, 64, 1, 1, 0, 1066, 600, 1, 0, 3, 3, 1, 2, 1, 2]),
 (999, [744, 119, 0, 1, 1, 1365, 1506, 1, 1, 3, 3, 1, 2, 1, 2]),
 (999, [568, 114, 1, 0, 1, 1494, 671, 0, 0, 3, 1, 0, 2, 2, 0]),
 (35, [1884, 84, 0, 1, 1, 1269, 1271, 0, 0, 0, 1, 0, 1, 0, 0]),
 (35, [1878, 113, 1, 0, 1, 801, 1971, 1, 0, 0, 0, 1, 2, 1, 1]),
 (35, [1844, 67, 0, 1, 0, 985, 1217, 0, 1, 2, 0, 1, 2, 1, 1]),
 (35, [1820, 11, 0, 1, 0, 606, 828, 0, 1, 0, 2, 1, 2, 2, 0]),
 (35, [1633, 69, 0, 1, 0, 1834, 1566, 0, 0, 0, 4, 1, 0, 1, 0]),
 (35, [1503, 33, 1, 1, 0, 954, 724, 0, 1, 1, 0, 1, 2, 0, 1]),
 (35, [1383, 67, 1, 0, 0, 870, 831, 0, 0, 1, 0, 0, 2, 1, 0]),
 (35, [1195, 52, 0, 1, 0, 1452, 1455, 1, 0, 0, 2, 1, 2, 2, 1]),
 (35, [1114, 27, 1, 0, 1, 1767, 1221, 1, 0, 0, 4, 1, 2, 0, 2]),
 (35, [980, 70, 1, 1, 0, 1915, 930, 1, 0, 1, 2, 0, 1, 2, 1]),
 (35, [924, 69, 0, 1, 0, 550, 1604, 1, 0, 0, 0, 0, 0, 1, 1]),
 (35, [918, 67, 0, 1, 1, 750, 1156, 1, 0, 1, 4, 0, 0, 1, 2]),
 (35, [869, 77, 1, 0, 1, 589, 1864, 0, 0, 0, 3, 0, 1, 1, 1]),
 (35, [868, 39, 0, 1, 0, 980, 1269, 1, 0, 1, 3, 1, 1, 2, 0]),
 (35, [788, 23, 1, 1, 0, 997, 613, 1, 1, 2, 0, 0, 0, 2, 0]),
 (35, [781, 58, 1, 0, 1, 1231, 1554, 1, 1, 2, 0, 1, 0, 2, 0]),
 (35, [689, 18, 0, 1, 1, 1026, 1229, 1, 1, 2, 2, 1, 2, 0, 1]),
 (35, [667, 86, 1, 0, 1, 1461, 923, 0, 0, 0, 1, 0, 0, 1, 1]),
 (35, [649, 113, 1, 0, 1, 517, 1204, 1, 1, 1, 4, 0, 0, 0, 0]),
 (35, [622, 77, 0, 0, 0, 1077, 1678, 1, 1, 1, 2, 1, 0, 2, 1])]
Población final:
[(999, [2034, 98, 0, 1, 1, 1012, 1098, 0, 0, 3, 5, 0, 0, 2, 1]),
 (999, [1902, 14, 1, 1, 1, 532, 1565, 1, 1, 2, 5, 1, 0, 1, 0]),
 (999, [1754, 43, 1, 0, 0, 1724, 1730, 0, 1, 3, 0, 0, 0, 1, 1]),
 (999, [1679, 73, 0, 1, 1, 848, 615, 0, 1, 3, 1, 1, 1, 1, 2]),
 (999, [1482, 85, 0, 1, 1, 713, 1358, 1, 0, 3, 0, 1, 2, 1, 2]),
 (999, [1346, 94, 0, 1, 0, 1505, 1536, 0, 1, 3, 4, 0, 1, 2, 1]),
 (999, [1238, 118, 0, 0, 1, 1108, 1764, 0, 1, 2, 5, 0, 1, 1, 2]),
 (999, [1217, 71, 0, 1, 1, 976, 1770, 1, 0, 1, 5, 1, 0, 2, 1]),
 (999, [1187, 35, 1, 1, 1, 996, 1938, 1, 1, 1, 5, 0, 1, 2, 1]),
 (999, [929, 64, 1, 1, 0, 1066, 600, 1, 0, 3, 3, 1, 2, 1, 2]),
 (999, [744, 119, 0, 1, 1, 1365, 1506, 1, 1, 3, 3, 1, 2, 1, 2]),
 (999, [568, 114, 1, 0, 1, 1494, 671, 0, 0, 3, 1, 0, 2, 2, 0]),
 (35, [1884, 84, 0, 1, 1, 1269, 1271, 0, 0, 0, 1, 0, 1, 0, 0]),
 (35, [1878, 113, 1, 0, 1, 801, 1971, 1, 0, 0, 0, 1, 2, 1, 1]),
 (35, [1844, 67, 0, 1, 0, 985, 1217, 0, 1, 2, 0, 1, 2, 1, 1]),
 (35, [1820, 11, 0, 1, 0, 606, 828, 0, 1, 0, 2, 1, 2, 2, 0]),
 (35, [1633, 69, 0, 1, 0, 1834, 1566, 0, 0, 0, 4, 1, 0, 1, 0]),
 (35, [1503, 33, 1, 1, 0, 954, 724, 0, 1, 1, 0, 1, 2, 0, 1]),
 (35, [1383, 67, 1, 0, 0, 870, 831, 0, 0, 1, 0, 0, 2, 1, 0]),
 (35, [1195, 52, 0, 1, 0, 1452, 1455, 1, 0, 0, 2, 1, 2, 2, 1]),
 (35, [1114, 27, 1, 0, 1, 1767, 1221, 1, 0, 0, 4, 1, 2, 0, 2]),
 (35, [980, 70, 1, 1, 0, 1915, 930, 1, 0, 1, 2, 0, 1, 2, 1]),
 (35, [924, 69, 0, 1, 0, 550, 1604, 1, 0, 0, 0, 0, 0, 1, 1]),
 (35, [918, 67, 0, 1, 1, 750, 1156, 1, 0, 1, 4, 0, 0, 1, 2]),
 (35, [869, 77, 1, 0, 1, 589, 1864, 0, 0, 0, 3, 0, 1, 1, 1]),
 (35, [868, 39, 0, 1, 0, 980, 1269, 1, 0, 1, 3, 1, 1, 2, 0]),
 (35, [788, 23, 1, 1, 0, 997, 613, 1, 1, 2, 0, 0, 0, 2, 0]),
 (35, [781, 58, 1, 0, 1, 1231, 1554, 1, 1, 2, 0, 1, 0, 2, 0]),
 (35, [689, 18, 0, 1, 1, 1026, 1229, 1, 1, 2, 2, 1, 2, 0, 1]),
 (35, [667, 86, 1, 0, 1, 1461, 923, 0, 0, 0, 1, 0, 0, 1, 1]),
 (35, [649, 113, 1, 0, 1, 517, 1204, 1, 1, 1, 4, 0, 0, 0, 0]),
 (35, [622, 77, 0, 0, 0, 1077, 1678, 1, 1, 1, 2, 1, 0, 2, 1])]
Elapsed time is 2086.879758 seconds.
