 * Manually resetting nginx to stopped state
 * Manually resetting nginx to stopped state
 * Manually resetting nginx to stopped state
 * Manually resetting nginx to stopped state
 * Manually resetting nginx to stopped state
 * Manually resetting nginx to stopped state
 * Manually resetting nginx to stopped state
 * Manually resetting nginx to stopped state
 * Manually resetting nginx to stopped state
 * Manually resetting nginx to stopped state
 * Manually resetting nginx to stopped state
 * Manually resetting nginx to stopped state
 * Manually resetting nginx to stopped state
 * Manually resetting nginx to stopped state
 * Manually resetting nginx to stopped state
 * Manually resetting nginx to stopped state
 * Manually resetting nginx to stopped state
genes: 15
individuals : 32
pressure: 5
mutation_chance: 0
generations: 15
crossover_type: 2
mutation_type_random: 1
Alerts:
35
Alerts:
35
Alerts:
34
Alerts:
35
Alerts:
34
Alerts:
35
Alerts:
35
Alerts:
33
Alerts:
33
Alerts:
35
Alerts:
34
Alerts:
35
Alerts:
35
Alerts:
35
Alerts:
35
Alerts:
35
Alerts:
35

Población de 32 individuos durante 15 generaciones
Población inicial:
[(999, [1992, 25, 0, 0, 1, 1560, 969, 1, 0, 3, 5, 1, 2, 0, 0]),
 (999, [1932, 47, 0, 1, 1, 1896, 964, 0, 0, 3, 4, 1, 2, 2, 0]),
 (999, [1867, 48, 0, 0, 1, 707, 1391, 1, 0, 3, 1, 0, 1, 2, 1]),
 (999, [1847, 81, 0, 1, 1, 1365, 920, 0, 1, 3, 1, 1, 1, 2, 1]),
 (999, [1742, 40, 0, 0, 1, 1989, 512, 1, 0, 3, 0, 1, 1, 0, 2]),
 (999, [1561, 92, 1, 1, 1, 1752, 2015, 1, 1, 3, 3, 0, 2, 1, 1]),
 (999, [1541, 67, 0, 0, 1, 1966, 667, 1, 0, 3, 2, 1, 2, 1, 1]),
 (999, [1501, 23, 0, 0, 0, 1195, 1538, 1, 0, 3, 4, 1, 2, 2, 2]),
 (999, [1351, 38, 0, 0, 0, 1997, 842, 0, 1, 3, 0, 1, 0, 1, 0]),
 (999, [1265, 37, 0, 1, 1, 646, 981, 1, 1, 3, 5, 0, 2, 2, 0]),
 (999, [1170, 120, 0, 1, 0, 701, 1490, 0, 0, 3, 2, 0, 2, 2, 0]),
 (999, [1156, 26, 1, 0, 0, 669, 1310, 1, 1, 3, 1, 1, 0, 0, 0]),
 (999, [830, 10, 1, 0, 1, 2020, 765, 1, 0, 3, 2, 1, 1, 0, 0]),
 (999, [783, 100, 0, 0, 1, 1648, 1612, 0, 0, 3, 0, 1, 0, 1, 2]),
 (999, [749, 105, 0, 1, 0, 1892, 803, 1, 0, 2, 5, 1, 2, 2, 2]),
 (35, [2027, 104, 0, 1, 1, 1792, 1298, 0, 1, 1, 1, 0, 0, 0, 0]),
 (35, [1907, 49, 1, 0, 1, 1699, 1206, 0, 0, 2, 1, 0, 0, 1, 1]),
 (35, [1826, 67, 0, 1, 1, 1069, 923, 1, 1, 0, 0, 1, 2, 1, 2]),
 (35, [1803, 60, 1, 1, 1, 1234, 1467, 1, 0, 0, 3, 0, 1, 1, 2]),
 (35, [1777, 48, 1, 0, 1, 513, 1818, 0, 0, 0, 4, 1, 1, 0, 2]),
 (35, [1684, 17, 0, 1, 1, 1802, 1366, 0, 1, 1, 3, 0, 2, 1, 1]),
 (35, [1671, 96, 0, 0, 1, 860, 1555, 1, 0, 0, 3, 0, 1, 0, 1]),
 (35, [1284, 41, 1, 0, 1, 1065, 871, 0, 0, 0, 0, 1, 2, 2, 2]),
 (35, [1169, 112, 0, 1, 1, 1014, 549, 1, 1, 1, 0, 0, 1, 0, 0]),
 (35, [835, 104, 1, 0, 1, 1623, 1585, 0, 1, 2, 4, 1, 0, 0, 0]),
 (35, [825, 83, 1, 0, 1, 571, 1856, 0, 0, 2, 3, 1, 1, 1, 1]),
 (35, [615, 29, 1, 0, 1, 1979, 1791, 1, 1, 1, 3, 0, 0, 0, 1]),
 (34, [1714, 59, 0, 1, 0, 582, 1642, 0, 1, 1, 0, 0, 0, 0, 1]),
 (34, [1454, 112, 1, 0, 0, 1796, 940, 0, 1, 0, 2, 1, 1, 1, 1]),
 (34, [1136, 88, 0, 0, 0, 1093, 1805, 0, 0, 0, 4, 1, 2, 1, 0]),
 (33, [1346, 17, 0, 0, 0, 1613, 1423, 1, 1, 0, 3, 0, 1, 2, 0]),
 (33, [1292, 37, 1, 1, 0, 1440, 1811, 0, 0, 0, 0, 1, 1, 2, 2])]
Población final:
[(999, [1992, 25, 0, 0, 1, 1560, 969, 1, 0, 3, 5, 1, 2, 0, 0]),
 (999, [1932, 47, 0, 1, 1, 1896, 964, 0, 0, 3, 4, 1, 2, 2, 0]),
 (999, [1867, 48, 0, 0, 1, 707, 1391, 1, 0, 3, 1, 0, 1, 2, 1]),
 (999, [1847, 81, 0, 1, 1, 1365, 920, 0, 1, 3, 1, 1, 1, 2, 1]),
 (999, [1742, 40, 0, 0, 1, 1989, 512, 1, 0, 3, 0, 1, 1, 0, 2]),
 (999, [1561, 92, 1, 1, 1, 1752, 2015, 1, 1, 3, 3, 0, 2, 1, 1]),
 (999, [1541, 67, 0, 0, 1, 1966, 667, 1, 0, 3, 2, 1, 2, 1, 1]),
 (999, [1501, 23, 0, 0, 0, 1195, 1538, 1, 0, 3, 4, 1, 2, 2, 2]),
 (999, [1351, 38, 0, 0, 0, 1997, 842, 0, 1, 3, 0, 1, 0, 1, 0]),
 (999, [1265, 37, 0, 1, 1, 646, 981, 1, 1, 3, 5, 0, 2, 2, 0]),
 (999, [1170, 120, 0, 1, 0, 701, 1490, 0, 0, 3, 2, 0, 2, 2, 0]),
 (999, [1156, 26, 1, 0, 0, 669, 1310, 1, 1, 3, 1, 1, 0, 0, 0]),
 (999, [830, 10, 1, 0, 1, 2020, 765, 1, 0, 3, 2, 1, 1, 0, 0]),
 (999, [783, 100, 0, 0, 1, 1648, 1612, 0, 0, 3, 0, 1, 0, 1, 2]),
 (999, [749, 105, 0, 1, 0, 1892, 803, 1, 0, 2, 5, 1, 2, 2, 2]),
 (35, [2027, 104, 0, 1, 1, 1792, 1298, 0, 1, 1, 1, 0, 0, 0, 0]),
 (35, [1907, 49, 1, 0, 1, 1699, 1206, 0, 0, 2, 1, 0, 0, 1, 1]),
 (35, [1826, 67, 0, 1, 1, 1069, 923, 1, 1, 0, 0, 1, 2, 1, 2]),
 (35, [1803, 60, 1, 1, 1, 1234, 1467, 1, 0, 0, 3, 0, 1, 1, 2]),
 (35, [1777, 48, 1, 0, 1, 513, 1818, 0, 0, 0, 4, 1, 1, 0, 2]),
 (35, [1684, 17, 0, 1, 1, 1802, 1366, 0, 1, 1, 3, 0, 2, 1, 1]),
 (35, [1671, 96, 0, 0, 1, 860, 1555, 1, 0, 0, 3, 0, 1, 0, 1]),
 (35, [1284, 41, 1, 0, 1, 1065, 871, 0, 0, 0, 0, 1, 2, 2, 2]),
 (35, [1169, 112, 0, 1, 1, 1014, 549, 1, 1, 1, 0, 0, 1, 0, 0]),
 (35, [835, 104, 1, 0, 1, 1623, 1585, 0, 1, 2, 4, 1, 0, 0, 0]),
 (35, [825, 83, 1, 0, 1, 571, 1856, 0, 0, 2, 3, 1, 1, 1, 1]),
 (35, [615, 29, 1, 0, 1, 1979, 1791, 1, 1, 1, 3, 0, 0, 0, 1]),
 (34, [1714, 59, 0, 1, 0, 582, 1642, 0, 1, 1, 0, 0, 0, 0, 1]),
 (34, [1454, 112, 1, 0, 0, 1796, 940, 0, 1, 0, 2, 1, 1, 1, 1]),
 (34, [1136, 88, 0, 0, 0, 1093, 1805, 0, 0, 0, 4, 1, 2, 1, 0]),
 (33, [1346, 17, 0, 0, 0, 1613, 1423, 1, 1, 0, 3, 0, 1, 2, 0]),
 (33, [1292, 37, 1, 1, 0, 1440, 1811, 0, 0, 0, 0, 1, 1, 2, 2])]
Elapsed time is 762.275343 seconds.
