 * Manually resetting nginx to stopped state
 * Manually resetting nginx to stopped state
 * Manually resetting nginx to stopped state
 * Manually resetting nginx to stopped state
 * Manually resetting nginx to stopped state
 * Manually resetting nginx to stopped state
 * Manually resetting nginx to stopped state
 * Manually resetting nginx to stopped state
 * Manually resetting nginx to stopped state
 * Manually resetting nginx to stopped state
 * Manually resetting nginx to stopped state
 * Manually resetting nginx to stopped state
 * Manually resetting nginx to stopped state
 * Manually resetting nginx to stopped state
 * Manually resetting nginx to stopped state
 * Manually resetting nginx to stopped state
 * Manually resetting nginx to stopped state
genes: 15
individuals : 32
pressure: 5
mutation_chance: 0
generations: 15
crossover_type: 2
mutation_type_random: 1
Alerts:
35
Alerts:
35
Alerts:
35
Alerts:
35
Alerts:
34
Alerts:
35
Alerts:
35
Alerts:
35
Alerts:
35
Alerts:
35
Alerts:
35
Alerts:
35
Alerts:
35
Alerts:
35
Alerts:
33
Alerts:
35
Alerts:
35

Población de 32 individuos durante 15 generaciones
Población inicial:
[(999, [1827, 116, 1, 1, 1, 1906, 567, 0, 0, 3, 4, 0, 1, 0, 1]),
 (999, [1742, 85, 1, 0, 0, 1780, 1179, 0, 0, 3, 5, 0, 2, 0, 0]),
 (999, [1713, 10, 1, 1, 1, 1937, 655, 1, 0, 0, 5, 0, 0, 1, 2]),
 (999, [1658, 47, 0, 0, 1, 583, 758, 1, 1, 3, 3, 1, 2, 0, 2]),
 (999, [1600, 69, 1, 1, 0, 642, 1277, 0, 0, 3, 0, 0, 0, 2, 1]),
 (999, [1481, 87, 1, 0, 0, 792, 961, 0, 0, 3, 0, 1, 0, 0, 1]),
 (999, [1459, 81, 1, 1, 0, 521, 1764, 0, 1, 3, 3, 1, 1, 1, 1]),
 (999, [1390, 86, 0, 0, 1, 1613, 2039, 0, 0, 3, 4, 0, 2, 1, 1]),
 (999, [1271, 77, 0, 1, 1, 1329, 973, 0, 0, 2, 5, 0, 2, 2, 0]),
 (999, [1245, 116, 1, 1, 1, 544, 646, 1, 1, 3, 2, 0, 0, 1, 2]),
 (999, [1038, 107, 0, 0, 0, 1938, 1323, 0, 0, 3, 5, 1, 1, 1, 1]),
 (999, [1023, 90, 1, 0, 1, 683, 738, 1, 0, 3, 0, 1, 2, 0, 0]),
 (999, [1014, 104, 1, 1, 1, 711, 1804, 0, 1, 3, 3, 0, 0, 0, 2]),
 (999, [677, 21, 0, 1, 0, 1043, 657, 0, 0, 3, 0, 1, 2, 2, 1]),
 (999, [550, 83, 1, 1, 1, 1366, 1073, 1, 0, 3, 2, 1, 0, 2, 0]),
 (35, [2034, 118, 1, 0, 1, 733, 1337, 1, 0, 0, 1, 1, 1, 0, 1]),
 (35, [1875, 48, 1, 1, 1, 563, 614, 0, 1, 2, 3, 0, 0, 1, 1]),
 (35, [1824, 44, 0, 1, 1, 1539, 1090, 1, 1, 0, 0, 1, 2, 1, 2]),
 (35, [1658, 113, 0, 1, 1, 1875, 960, 0, 1, 0, 4, 0, 1, 2, 1]),
 (35, [1596, 118, 1, 0, 1, 1725, 778, 1, 1, 2, 1, 1, 0, 1, 2]),
 (35, [1572, 108, 1, 0, 1, 1749, 1846, 1, 0, 0, 2, 1, 0, 1, 2]),
 (35, [1448, 73, 1, 1, 0, 1681, 1817, 0, 0, 2, 2, 1, 2, 2, 1]),
 (35, [1164, 101, 0, 0, 1, 1995, 1232, 0, 0, 0, 3, 0, 2, 1, 1]),
 (35, [997, 70, 0, 1, 0, 1715, 1618, 1, 0, 2, 1, 0, 1, 0, 1]),
 (35, [925, 88, 0, 0, 1, 2014, 1186, 1, 0, 0, 2, 0, 0, 0, 1]),
 (35, [814, 39, 0, 1, 1, 757, 1682, 0, 0, 2, 2, 0, 1, 2, 2]),
 (35, [661, 24, 0, 0, 0, 1478, 1850, 1, 1, 1, 0, 0, 1, 0, 0]),
 (35, [632, 90, 0, 1, 1, 620, 940, 1, 1, 0, 4, 1, 0, 0, 2]),
 (35, [616, 20, 1, 1, 1, 1055, 667, 0, 0, 1, 1, 0, 1, 2, 2]),
 (35, [564, 79, 0, 0, 1, 927, 1376, 0, 1, 0, 2, 0, 2, 1, 1]),
 (34, [1393, 81, 1, 0, 0, 993, 1147, 0, 0, 2, 1, 1, 2, 1, 1]),
 (33, [998, 76, 1, 1, 0, 1112, 1230, 1, 1, 2, 1, 0, 1, 1, 2])]
Población final:
[(999, [1827, 116, 1, 1, 1, 1906, 567, 0, 0, 3, 4, 0, 1, 0, 1]),
 (999, [1742, 85, 1, 0, 0, 1780, 1179, 0, 0, 3, 5, 0, 2, 0, 0]),
 (999, [1713, 10, 1, 1, 1, 1937, 655, 1, 0, 0, 5, 0, 0, 1, 2]),
 (999, [1658, 47, 0, 0, 1, 583, 758, 1, 1, 3, 3, 1, 2, 0, 2]),
 (999, [1600, 69, 1, 1, 0, 642, 1277, 0, 0, 3, 0, 0, 0, 2, 1]),
 (999, [1481, 87, 1, 0, 0, 792, 961, 0, 0, 3, 0, 1, 0, 0, 1]),
 (999, [1459, 81, 1, 1, 0, 521, 1764, 0, 1, 3, 3, 1, 1, 1, 1]),
 (999, [1390, 86, 0, 0, 1, 1613, 2039, 0, 0, 3, 4, 0, 2, 1, 1]),
 (999, [1271, 77, 0, 1, 1, 1329, 973, 0, 0, 2, 5, 0, 2, 2, 0]),
 (999, [1245, 116, 1, 1, 1, 544, 646, 1, 1, 3, 2, 0, 0, 1, 2]),
 (999, [1038, 107, 0, 0, 0, 1938, 1323, 0, 0, 3, 5, 1, 1, 1, 1]),
 (999, [1023, 90, 1, 0, 1, 683, 738, 1, 0, 3, 0, 1, 2, 0, 0]),
 (999, [1014, 104, 1, 1, 1, 711, 1804, 0, 1, 3, 3, 0, 0, 0, 2]),
 (999, [677, 21, 0, 1, 0, 1043, 657, 0, 0, 3, 0, 1, 2, 2, 1]),
 (999, [550, 83, 1, 1, 1, 1366, 1073, 1, 0, 3, 2, 1, 0, 2, 0]),
 (35, [2034, 118, 1, 0, 1, 733, 1337, 1, 0, 0, 1, 1, 1, 0, 1]),
 (35, [1875, 48, 1, 1, 1, 563, 614, 0, 1, 2, 3, 0, 0, 1, 1]),
 (35, [1824, 44, 0, 1, 1, 1539, 1090, 1, 1, 0, 0, 1, 2, 1, 2]),
 (35, [1658, 113, 0, 1, 1, 1875, 960, 0, 1, 0, 4, 0, 1, 2, 1]),
 (35, [1596, 118, 1, 0, 1, 1725, 778, 1, 1, 2, 1, 1, 0, 1, 2]),
 (35, [1572, 108, 1, 0, 1, 1749, 1846, 1, 0, 0, 2, 1, 0, 1, 2]),
 (35, [1448, 73, 1, 1, 0, 1681, 1817, 0, 0, 2, 2, 1, 2, 2, 1]),
 (35, [1164, 101, 0, 0, 1, 1995, 1232, 0, 0, 0, 3, 0, 2, 1, 1]),
 (35, [997, 70, 0, 1, 0, 1715, 1618, 1, 0, 2, 1, 0, 1, 0, 1]),
 (35, [925, 88, 0, 0, 1, 2014, 1186, 1, 0, 0, 2, 0, 0, 0, 1]),
 (35, [814, 39, 0, 1, 1, 757, 1682, 0, 0, 2, 2, 0, 1, 2, 2]),
 (35, [661, 24, 0, 0, 0, 1478, 1850, 1, 1, 1, 0, 0, 1, 0, 0]),
 (35, [632, 90, 0, 1, 1, 620, 940, 1, 1, 0, 4, 1, 0, 0, 2]),
 (35, [616, 20, 1, 1, 1, 1055, 667, 0, 0, 1, 1, 0, 1, 2, 2]),
 (35, [564, 79, 0, 0, 1, 927, 1376, 0, 1, 0, 2, 0, 2, 1, 1]),
 (34, [1393, 81, 1, 0, 0, 993, 1147, 0, 0, 2, 1, 1, 2, 1, 1]),
 (33, [998, 76, 1, 1, 0, 1112, 1230, 1, 1, 2, 1, 0, 1, 1, 2])]
Elapsed time is 818.073357 seconds.
