genes: 15
individuals : 32
pressure: 5
mutation_chance: 0
generations: 15
crossover_type: 2
mutation_type_random: 1

Población de 32 individuos durante 15 generaciones
Población inicial:
[(999, [1948, 87, 0, 0, 0, 1214, 1238, 0, 1, 1, 5, 1, 2, 2, 1]),
 (999, [1907, 51, 1, 0, 0, 1506, 1436, 0, 1, 1, 5, 0, 0, 0, 1]),
 (999, [1638, 95, 0, 1, 1, 835, 573, 0, 0, 3, 2, 1, 0, 2, 1]),
 (999, [1460, 111, 0, 1, 1, 1649, 1489, 1, 1, 3, 1, 0, 0, 0, 2]),
 (999, [1430, 78, 1, 0, 0, 863, 1100, 0, 0, 0, 5, 1, 2, 2, 2]),
 (999, [1200, 15, 1, 1, 0, 1888, 550, 1, 0, 3, 2, 0, 2, 2, 1]),
 (999, [1066, 79, 0, 1, 1, 1493, 665, 0, 0, 3, 0, 1, 0, 2, 1]),
 (999, [929, 116, 0, 1, 0, 1053, 749, 0, 0, 3, 0, 0, 2, 0, 2]),
 (999, [775, 32, 0, 1, 0, 1357, 1503, 0, 0, 3, 5, 1, 1, 2, 2]),
 (999, [767, 22, 1, 1, 0, 1999, 811, 1, 0, 3, 1, 1, 2, 1, 2]),
 (999, [591, 49, 0, 1, 1, 1629, 727, 0, 1, 3, 0, 1, 0, 0, 1]),
 (16, [1551, 11, 0, 1, 1, 1383, 1007, 1, 0, 0, 0, 1, 1, 2, 0]),
 (16, [1220, 19, 0, 0, 1, 1147, 918, 1, 0, 2, 3, 1, 2, 1, 1]),
 (16, [1193, 28, 1, 0, 1, 852, 1899, 1, 1, 1, 2, 0, 0, 2, 1]),
 (16, [1139, 92, 0, 1, 0, 1103, 539, 0, 1, 1, 0, 1, 1, 2, 0]),
 (16, [804, 45, 1, 1, 0, 617, 1991, 1, 1, 0, 2, 1, 0, 1, 2]),
 (16, [701, 19, 1, 0, 0, 1837, 1288, 0, 0, 0, 4, 1, 1, 1, 0]),
 (12, [1988, 42, 0, 1, 1, 1693, 864, 1, 1, 0, 0, 0, 1, 2, 2]),
 (12, [1926, 77, 1, 1, 0, 972, 548, 1, 1, 0, 1, 1, 0, 0, 1]),
 (12, [1858, 105, 0, 1, 1, 2019, 1589, 1, 1, 0, 2, 0, 0, 1, 2]),
 (12, [1820, 26, 0, 0, 1, 946, 1631, 1, 0, 0, 4, 0, 2, 2, 0]),
 (12, [1695, 95, 0, 1, 0, 838, 1993, 0, 1, 0, 4, 0, 0, 1, 0]),
 (12, [1655, 50, 0, 1, 0, 1991, 773, 0, 0, 1, 1, 1, 0, 0, 1]),
 (12, [1602, 115, 1, 1, 0, 1526, 1003, 1, 1, 1, 2, 0, 0, 2, 0]),
 (12, [1477, 23, 1, 1, 0, 906, 1582, 1, 1, 1, 0, 0, 1, 1, 0]),
 (12, [1419, 26, 0, 1, 1, 855, 1800, 1, 1, 2, 0, 1, 2, 0, 0]),
 (12, [1292, 59, 0, 1, 1, 543, 1727, 0, 0, 0, 4, 1, 0, 2, 0]),
 (12, [1282, 21, 0, 1, 0, 1892, 1098, 1, 1, 2, 3, 1, 2, 2, 1]),
 (12, [1072, 73, 0, 0, 1, 881, 1693, 0, 1, 1, 0, 1, 2, 2, 2]),
 (12, [965, 27, 0, 0, 1, 1408, 1651, 0, 0, 2, 3, 1, 2, 0, 0]),
 (12, [847, 115, 1, 1, 1, 715, 1249, 0, 0, 1, 2, 0, 0, 0, 0]),
 (12, [755, 81, 1, 0, 1, 1887, 1197, 1, 0, 0, 1, 0, 2, 2, 0])]
Población final:
[(16, [524, 44, 0, 0, 0, 715, 530, 0, 0, 0, 0, 0, 2, 0, 0]),
 (16, [524, 44, 0, 0, 0, 715, 530, 0, 0, 0, 0, 0, 2, 0, 0]),
 (16, [524, 44, 0, 0, 0, 715, 530, 0, 0, 0, 0, 0, 1, 0, 0]),
 (12, [524, 44, 0, 0, 0, 715, 530, 0, 0, 0, 0, 0, 2, 0, 0]),
 (12, [524, 44, 0, 0, 0, 715, 530, 0, 0, 1, 0, 0, 2, 0, 0]),
 (12, [524, 44, 0, 0, 0, 715, 530, 0, 0, 1, 0, 0, 0, 0, 0]),
 (12, [524, 44, 0, 0, 0, 715, 530, 0, 0, 1, 0, 0, 1, 0, 0]),
 (12, [524, 44, 0, 0, 0, 715, 530, 0, 0, 1, 1, 0, 1, 0, 0]),
 (12, [524, 44, 0, 0, 0, 715, 530, 0, 0, 1, 3, 0, 1, 0, 0]),
 (12, [524, 44, 0, 0, 0, 715, 530, 0, 0, 0, 0, 0, 2, 2, 0]),
 (12, [524, 44, 0, 0, 0, 715, 530, 0, 0, 0, 3, 0, 2, 0, 0]),
 (12, [524, 44, 0, 0, 0, 715, 530, 0, 0, 0, 4, 0, 2, 0, 0]),
 (12, [524, 44, 0, 0, 0, 715, 530, 0, 0, 0, 0, 0, 2, 1, 0]),
 (12, [524, 44, 0, 0, 0, 715, 530, 0, 0, 0, 0, 0, 2, 0, 0]),
 (12, [524, 44, 0, 0, 0, 715, 530, 0, 0, 0, 0, 0, 2, 0, 0]),
 (12, [524, 44, 0, 0, 0, 715, 530, 0, 0, 0, 0, 0, 2, 0, 0]),
 (12, [524, 44, 0, 0, 0, 715, 530, 0, 0, 0, 0, 0, 2, 0, 0]),
 (12, [524, 44, 1, 0, 0, 715, 530, 0, 0, 0, 0, 0, 2, 0, 0]),
 (12, [524, 44, 0, 0, 0, 715, 530, 0, 0, 0, 0, 0, 2, 0, 0]),
 (12, [524, 44, 0, 0, 0, 715, 530, 0, 0, 0, 0, 0, 0, 0, 0]),
 (12, [524, 44, 0, 0, 0, 715, 530, 0, 0, 0, 0, 0, 2, 0, 0]),
 (12, [524, 44, 0, 0, 0, 715, 530, 1, 0, 0, 0, 0, 2, 0, 0]),
 (12, [524, 44, 0, 0, 0, 715, 530, 0, 0, 0, 0, 0, 2, 1, 0]),
 (12, [524, 44, 0, 0, 0, 715, 530, 0, 0, 0, 0, 0, 2, 0, 0]),
 (12, [524, 44, 0, 0, 0, 715, 530, 0, 0, 0, 0, 0, 2, 0, 0]),
 (12, [524, 44, 0, 0, 0, 715, 530, 0, 0, 0, 0, 0, 2, 0, 0]),
 (12, [524, 44, 0, 0, 0, 715, 530, 0, 0, 0, 0, 0, 2, 0, 0]),
 (12, [524, 44, 0, 0, 0, 715, 530, 0, 0, 0, 0, 0, 2, 0, 0]),
 (12, [524, 44, 0, 0, 0, 715, 530, 0, 0, 0, 0, 0, 1, 0, 0]),
 (12, [524, 44, 0, 0, 0, 715, 530, 0, 0, 0, 0, 0, 1, 0, 0]),
 (12, [524, 44, 0, 0, 0, 715, 530, 0, 0, 0, 0, 0, 1, 0, 0]),
 (12, [524, 44, 0, 0, 0, 715, 530, 0, 0, 0, 0, 0, 1, 0, 0])]
Elapsed time is 7144.583777 seconds.
