genes: 15
individuals : 32
pressure: 5
mutation_chance: 0
generations: 15
crossover_type: 1
mutation_type_random: 0
Población de 32 individuos durante 15 generaciones
Población inicial:
[(999, [1815, 16, 0, 1, 0, 1970, 1581, 1, 0, 0, 5, 0, 1, 2, 2]),
 (999, [1786, 78, 0, 1, 1, 1859, 559, 0, 0, 3, 2, 1, 1, 1, 2]),
 (999, [1446, 116, 0, 0, 1, 1544, 1498, 1, 0, 3, 1, 1, 1, 0, 0]),
 (999, [1403, 47, 1, 0, 0, 914, 2041, 0, 1, 2, 5, 0, 2, 0, 1]),
 (999, [1329, 27, 0, 1, 0, 834, 1586, 0, 0, 1, 5, 0, 1, 0, 1]),
 (999, [968, 81, 1, 0, 1, 1708, 1444, 0, 1, 2, 5, 0, 1, 2, 1]),
 (999, [827, 29, 0, 1, 1, 667, 867, 1, 1, 3, 2, 0, 0, 2, 0]),
 (999, [790, 64, 1, 1, 0, 1386, 875, 0, 0, 2, 5, 1, 1, 1, 0]),
 (999, [733, 30, 0, 1, 0, 1781, 1871, 1, 0, 3, 2, 1, 1, 2, 2]),
 (999, [592, 80, 0, 0, 0, 1683, 2004, 1, 1, 1, 5, 1, 1, 0, 0]),
 (16, [1718, 41, 0, 1, 1, 1698, 833, 0, 0, 1, 3, 0, 0, 0, 1]),
 (16, [1633, 114, 1, 1, 1, 1830, 566, 1, 1, 0, 2, 1, 0, 2, 0]),
 (16, [1519, 85, 1, 0, 0, 846, 2015, 1, 1, 2, 3, 1, 2, 2, 2]),
 (16, [1020, 76, 0, 0, 0, 1393, 1726, 0, 0, 1, 2, 0, 1, 0, 0]),
 (16, [633, 20, 1, 1, 1, 2033, 1320, 1, 1, 0, 3, 0, 1, 2, 0]),
 (16, [596, 62, 0, 0, 0, 517, 1127, 1, 0, 2, 3, 1, 0, 2, 1]),
 (12, [1825, 62, 0, 0, 0, 1753, 1493, 1, 1, 0, 3, 0, 2, 1, 1]),
 (12, [1782, 28, 1, 1, 0, 1146, 675, 1, 0, 0, 1, 0, 0, 1, 2]),
 (12, [1721, 65, 1, 0, 0, 537, 996, 1, 0, 1, 3, 0, 1, 2, 0]),
 (12, [1627, 31, 1, 1, 1, 1448, 863, 0, 1, 0, 2, 1, 1, 0, 1]),
 (12, [1626, 85, 0, 1, 0, 1167, 1213, 1, 0, 0, 0, 0, 2, 0, 1]),
 (12, [1609, 79, 1, 1, 0, 589, 1238, 0, 1, 2, 4, 1, 0, 1, 0]),
 (12, [1556, 104, 1, 1, 1, 1153, 616, 1, 1, 0, 0, 0, 2, 0, 0]),
 (12, [1277, 107, 0, 1, 1, 1248, 1833, 0, 1, 0, 3, 0, 2, 2, 0]),
 (12, [1241, 108, 0, 0, 0, 1913, 1815, 1, 1, 1, 4, 0, 2, 2, 2]),
 (12, [1110, 56, 1, 0, 0, 1990, 1836, 0, 0, 1, 3, 0, 1, 0, 0]),
 (12, [1061, 82, 1, 1, 0, 1142, 1771, 0, 1, 0, 3, 1, 0, 1, 1]),
 (12, [884, 23, 1, 0, 1, 1050, 1417, 0, 0, 0, 4, 1, 1, 0, 1]),
 (12, [822, 100, 0, 0, 1, 1406, 1406, 1, 0, 2, 3, 0, 1, 1, 0]),
 (12, [684, 105, 0, 1, 0, 546, 1208, 0, 0, 2, 0, 1, 1, 2, 2]),
 (12, [601, 45, 0, 0, 1, 783, 1406, 1, 0, 2, 1, 1, 0, 0, 1]),
 (12, [555, 75, 1, 1, 0, 1955, 759, 0, 1, 0, 0, 0, 2, 2, 2])]
Población final:
[(16, [552, 73, -1, 0, 0, 1954, 759, -1, 1, 0, 3, 0, 1, 1, 0]),
 (16, [552, 73, -1, 0, 0, 1954, 759, -1, 1, 0, 0, 0, 1, 1, 0]),
 (16, [552, 73, -1, 0, 0, 1954, 759, -1, 1, 0, 0, 0, 1, 1, 0]),
 (16, [551, 74, -1, 0, 0, 1954, 759, 0, 1, 2, 3, 0, 1, 1, 0]),
 (16, [551, 74, -1, 0, 0, 1954, 759, 0, 0, 0, 3, 0, 1, 1, 0]),
 (16, [551, 74, -1, 0, 0, 1954, 759, 0, 0, 0, 0, 0, 1, 1, 0]),
 (16, [551, 74, -1, 0, 0, 1954, 759, 0, 0, 0, 0, 0, 1, 1, 0]),
 (16, [551, 74, -1, 0, 0, 1954, 759, 1, 0, 0, 0, 0, 1, 1, 0]),
 (12, [552, 74, -1, 0, 0, 1955, 759, 0, 1, 2, 3, 0, 1, 1, 0]),
 (12, [552, 73, -1, 0, 0, 1954, 759, -1, 1, 0, 3, 0, 1, 1, 0]),
 (12, [552, 73, -1, 0, 0, 1954, 759, -1, 1, 0, 0, 0, 1, 1, 0]),
 (12, [552, 73, -1, 0, 0, 1954, 759, -1, 1, 0, 0, 0, 1, 1, 0]),
 (12, [551, 74, -1, 0, 0, 1955, 759, 0, 1, 2, 3, 0, 1, 1, 0]),
 (12, [551, 74, -1, 0, 0, 1954, 759, 0, 1, 2, 3, 0, 1, 1, 0]),
 (12, [551, 74, -1, 0, 0, 1954, 759, 0, 1, 2, 3, 0, 1, 1, 0]),
 (12, [551, 74, -1, 1, 0, 1954, 759, 0, 1, 2, 3, 0, 1, 1, 0]),
 (12, [551, 74, -1, 0, 0, 1954, 759, 0, 1, 2, 3, 0, 1, 1, 0]),
 (12, [551, 74, -1, 0, 0, 1954, 759, 0, 1, 3, 3, 0, 1, 1, 0]),
 (12, [551, 74, -1, 0, 0, 1954, 759, 0, 1, 2, 3, 0, 1, 1, 0]),
 (12, [551, 74, -1, 0, 0, 1954, 759, 0, 1, 2, 3, 0, 1, 1, 0]),
 (12, [551, 74, -1, 0, 0, 1954, 759, -1, 1, 2, 3, 0, 1, 1, 0]),
 (12, [551, 74, -1, 0, 0, 1954, 759, 0, 1, 2, 3, 0, 1, 1, 0]),
 (12, [551, 74, -1, 0, -1, 1954, 759, 0, 0, 0, 3, 0, 1, 1, 0]),
 (12, [551, 74, 0, 0, 0, 1954, 759, 0, 0, 0, 0, 0, 1, 1, 0]),
 (12, [551, 74, -1, 0, 0, 1954, 759, 0, 0, 0, 0, 0, 1, 1, 0]),
 (12, [551, 74, -1, 0, 0, 1954, 759, 0, 0, 0, 0, 0, 1, 1, 0]),
 (12, [551, 74, -1, 0, 0, 1954, 759, 0, 0, 0, 0, 0, 1, 1, 0]),
 (12, [551, 74, -1, 0, 0, 1954, 759, 0, 0, 0, 0, 0, 1, 1, 0]),
 (12, [551, 74, -1, 0, 0, 1954, 759, 0, 0, 0, 0, 0, 1, 1, 0]),
 (12, [551, 74, -1, 0, 0, 1954, 759, 0, 0, 0, 0, 0, 1, 1, 0]),
 (12, [551, 74, -1, 0, 0, 1954, 759, 0, 0, 0, 0, 0, 1, 1, 0]),
 (12, [551, 73, -1, 0, 0, 1954, 759, -1, 1, 0, 0, 0, 1, 1, 0])]
Elapsed time is 7092.451519 seconds.
