genes: 13
individuals : 32
pressure: 5
mutation_chance: 0
generations: 15
crossover_type: 2
mutation_type_random: 1

Población de 32 individuos durante 15 generaciones
Población inicial:
[(999, [1994, 94, 0, 1, 1, 1648, 787, 0, 0, 1, 3, 1, 1]),
 (999, [1736, 17, 1, 0, 1, 1832, 1941, 1, 0, 1, 3, 1, 2]),
 (999, [1678, 111, 1, 1, 1, 786, 873, 0, 0, 3, 5, 1, 1]),
 (999, [1650, 15, 0, 0, 1, 663, 1636, 1, 0, 1, 4, 1, 0]),
 (999, [1630, 102, 0, 0, 1, 1671, 1759, 0, 1, 2, 5, 1, 2]),
 (999, [1480, 45, 1, 0, 1, 1257, 1275, 0, 0, 1, 4, 0, 0]),
 (999, [1462, 55, 1, 0, 1, 1376, 1949, 1, 0, 3, 0, 1, 2]),
 (999, [1394, 64, 1, 1, 0, 1848, 954, 1, 0, 3, 0, 1, 2]),
 (999, [1349, 46, 1, 0, 1, 1275, 1842, 0, 1, 1, 5, 0, 2]),
 (999, [1336, 114, 0, 0, 0, 1382, 726, 0, 1, 2, 5, 1, 1]),
 (999, [1240, 36, 1, 0, 1, 2033, 1150, 0, 0, 1, 0, 1, 2]),
 (999, [1218, 11, 0, 0, 0, 1210, 693, 0, 0, 1, 3, 1, 2]),
 (999, [1166, 76, 0, 1, 0, 760, 580, 0, 0, 3, 1, 1, 0]),
 (999, [1038, 75, 1, 0, 1, 1136, 1181, 0, 1, 1, 2, 1, 1]),
 (999, [945, 18, 0, 1, 1, 800, 1886, 1, 1, 0, 5, 1, 2]),
 (999, [881, 60, 1, 1, 1, 622, 2027, 0, 1, 1, 2, 0, 0]),
 (999, [837, 72, 1, 0, 1, 2021, 1429, 1, 0, 3, 2, 1, 2]),
 (999, [566, 31, 0, 0, 1, 1384, 1611, 1, 0, 0, 5, 1, 0]),
 (4, [1977, 22, 0, 0, 0, 1215, 1263, 0, 1, 2, 3, 1, 0]),
 (4, [1818, 91, 0, 0, 0, 1836, 1489, 0, 0, 2, 2, 0, 1]),
 (4, [1813, 84, 0, 0, 0, 1912, 678, 1, 1, 0, 0, 1, 0]),
 (4, [1528, 77, 1, 0, 1, 1574, 1349, 1, 0, 2, 3, 0, 0]),
 (4, [1477, 78, 0, 0, 1, 727, 1659, 1, 1, 2, 1, 0, 1]),
 (4, [1407, 105, 0, 1, 1, 639, 1997, 1, 0, 2, 4, 0, 1]),
 (4, [1386, 120, 1, 0, 0, 707, 987, 0, 0, 0, 0, 1, 1]),
 (4, [1313, 107, 0, 0, 0, 1367, 1579, 0, 1, 0, 1, 0, 2]),
 (4, [1305, 23, 1, 1, 1, 588, 2025, 1, 0, 2, 0, 1, 0]),
 (4, [1287, 77, 0, 1, 0, 1487, 1998, 1, 1, 2, 2, 0, 0]),
 (4, [1119, 46, 0, 0, 0, 660, 1915, 1, 1, 2, 4, 1, 2]),
 (4, [1051, 100, 0, 1, 0, 1733, 559, 1, 1, 0, 4, 1, 2]),
 (4, [577, 100, 1, 0, 1, 1489, 963, 0, 1, 2, 0, 0, 1]),
 (4, [517, 79, 0, 0, 0, 547, 716, 0, 1, 0, 0, 1, 2])]
Población final:
[(4, [517, 35, 0, 0, 0, 547, 568, 0, 0, 1, 0, 0, 0]),
 (4, [517, 35, 0, 1, 0, 547, 568, 0, 0, 0, 0, 0, 0]),
 (4, [517, 35, 0, 1, 0, 547, 568, 0, 0, 0, 0, 0, 0]),
 (4, [517, 35, 0, 0, 0, 547, 568, 0, 0, 1, 0, 0, 0]),
 (4, [517, 35, 0, 0, 0, 1140, 568, 0, 0, 0, 0, 0, 0]),
 (4, [517, 35, 0, 0, 0, 547, 568, 0, 0, 0, 0, 0, 0]),
 (4, [517, 35, 0, 0, 0, 547, 568, 0, 0, 0, 0, 0, 0]),
 (4, [517, 35, 0, 0, 0, 547, 568, 0, 0, 0, 0, 0, 0]),
 (4, [517, 35, 0, 0, 0, 547, 703, 0, 0, 0, 0, 0, 0]),
 (4, [517, 35, 0, 0, 0, 547, 568, 0, 0, 0, 0, 0, 0]),
 (4, [517, 35, 0, 0, 0, 547, 568, 0, 0, 0, 0, 0, 0]),
 (4, [517, 35, 0, 0, 0, 547, 568, 0, 0, 0, 0, 0, 0]),
 (4, [517, 35, 0, 0, 0, 547, 1034, 0, 0, 0, 0, 0, 0]),
 (4, [517, 35, 0, 0, 0, 547, 568, 0, 0, 0, 0, 0, 0]),
 (4, [517, 35, 0, 0, 0, 547, 568, 0, 0, 0, 0, 0, 0]),
 (4, [517, 35, 0, 0, 0, 547, 568, 0, 0, 0, 0, 0, 0]),
 (4, [517, 35, 1, 0, 0, 547, 568, 0, 0, 0, 0, 0, 0]),
 (4, [517, 35, 0, 0, 0, 547, 568, 0, 0, 0, 0, 0, 0]),
 (4, [517, 35, 0, 0, 0, 547, 568, 0, 0, 0, 0, 0, 0]),
 (4, [517, 35, 0, 0, 0, 547, 568, 0, 0, 2, 0, 0, 0]),
 (4, [517, 35, 0, 0, 0, 547, 568, 0, 0, 0, 0, 0, 0]),
 (4, [517, 35, 0, 0, 0, 547, 568, 0, 0, 0, 0, 0, 0]),
 (4, [517, 35, 0, 0, 0, 547, 568, 0, 0, 0, 0, 0, 0]),
 (4, [517, 35, 0, 0, 0, 547, 568, 0, 0, 0, 0, 0, 0]),
 (4, [517, 35, 0, 0, 0, 547, 568, 0, 0, 0, 0, 0, 0]),
 (4, [517, 35, 0, 0, 0, 547, 568, 0, 0, 0, 0, 0, 0]),
 (4, [517, 35, 0, 0, 0, 547, 568, 0, 0, 0, 0, 0, 0]),
 (4, [517, 35, 0, 0, 0, 547, 568, 0, 0, 0, 0, 0, 0]),
 (4, [517, 35, 0, 0, 0, 547, 568, 0, 0, 0, 0, 0, 0]),
 (4, [517, 35, 0, 0, 0, 547, 568, 0, 0, 0, 0, 0, 0]),
 (4, [517, 35, 0, 0, 0, 547, 568, 0, 0, 0, 0, 0, 0]),
 (4, [517, 35, 0, 0, 0, 547, 568, 0, 0, 0, 0, 0, 0])]
Elapsed time is 6372.307441 seconds.
