genes: 15
individuals : 32
pressure: 5
mutation_chance: 0
generations: 15
crossover_type: 2
mutation_type_random: 1Población de 32 individuos durante 15 generaciones
Población inicial:
[(999, [1990, 16, 0, 0, 0, 767, 834, 0, 0, 3, 0, 0, 0, 0, 0]),
 (999, [1391, 27, 1, 1, 1, 1087, 1185, 1, 0, 3, 0, 0, 2, 0, 0]),
 (999, [1148, 65, 1, 0, 0, 1801, 597, 1, 1, 3, 2, 1, 2, 0, 0]),
 (999, [1129, 104, 1, 0, 0, 573, 1359, 0, 1, 0, 5, 1, 1, 1, 0]),
 (999, [1007, 80, 0, 1, 1, 1597, 968, 1, 1, 1, 5, 0, 2, 2, 1]),
 (999, [784, 81, 1, 1, 0, 1802, 1814, 0, 1, 0, 5, 1, 1, 2, 1]),
 (999, [780, 74, 1, 0, 1, 715, 1589, 0, 0, 3, 3, 0, 2, 1, 2]),
 (999, [691, 77, 0, 1, 1, 1751, 1033, 1, 1, 3, 0, 0, 2, 0, 0]),
 (14, [2012, 109, 1, 0, 0, 955, 518, 1, 0, 1, 3, 1, 2, 2, 2]),
 (14, [1981, 68, 0, 0, 0, 1369, 1943, 1, 1, 0, 4, 1, 0, 0, 0]),
 (14, [1781, 68, 1, 1, 1, 880, 1241, 0, 1, 1, 1, 1, 1, 1, 2]),
 (14, [1755, 105, 0, 1, 1, 1135, 1952, 1, 1, 0, 1, 1, 2, 0, 2]),
 (14, [1753, 39, 1, 0, 1, 798, 1926, 1, 1, 2, 4, 1, 1, 0, 0]),
 (14, [1295, 102, 1, 0, 0, 1711, 1036, 1, 0, 0, 4, 1, 0, 0, 0]),
 (14, [1244, 53, 1, 0, 0, 1333, 1106, 1, 0, 0, 1, 1, 1, 1, 2]),
 (14, [1200, 14, 0, 1, 0, 1495, 1408, 1, 0, 2, 1, 1, 1, 0, 2]),
 (14, [963, 99, 0, 1, 0, 1620, 1089, 1, 1, 2, 0, 1, 1, 0, 2]),
 (14, [802, 108, 1, 0, 1, 1393, 1038, 1, 1, 2, 2, 1, 1, 0, 0]),
 (14, [700, 54, 1, 1, 1, 1312, 760, 0, 1, 0, 3, 1, 1, 1, 0]),
 (14, [565, 83, 0, 1, 1, 1708, 1803, 1, 1, 2, 4, 1, 0, 2, 0]),
 (14, [565, 68, 0, 1, 0, 1295, 1440, 0, 0, 1, 2, 1, 2, 0, 2]),
 (11, [1955, 50, 1, 0, 1, 1266, 707, 0, 0, 0, 2, 0, 1, 0, 2]),
 (11, [1878, 94, 0, 1, 0, 1157, 1401, 0, 0, 1, 3, 0, 1, 1, 1]),
 (11, [1675, 87, 0, 1, 1, 896, 913, 0, 1, 1, 0, 0, 2, 2, 0]),
 (11, [1520, 14, 1, 1, 1, 582, 1442, 0, 1, 0, 2, 0, 0, 0, 0]),
 (11, [1145, 15, 0, 1, 0, 1715, 1166, 0, 0, 1, 4, 0, 0, 2, 2]),
 (11, [1108, 97, 1, 0, 0, 934, 711, 1, 1, 0, 4, 0, 2, 2, 1]),
 (11, [1042, 91, 0, 1, 0, 1470, 725, 0, 1, 0, 4, 0, 0, 2, 2]),
 (11, [922, 34, 0, 1, 0, 1904, 735, 0, 0, 0, 0, 0, 2, 1, 0]),
 (11, [896, 85, 0, 0, 0, 729, 1109, 0, 1, 2, 1, 0, 1, 0, 2]),
 (11, [773, 96, 1, 0, 1, 1691, 823, 1, 0, 1, 1, 1, 2, 1, 0]),
 (11, [738, 67, 1, 0, 1, 1045, 2032, 0, 0, 2, 4, 0, 0, 1, 2])]
Población final:
[(11, [533, 10, 1, 0, 0, 729, 1109, 0, 0, 0, 1, 0, 1, 1, 0]),
 (11, [533, 10, 1, 0, 1, 729, 1109, 0, 0, 0, 1, 0, 1, 1, 0]),
 (11, [533, 10, 1, 0, 0, 729, 1109, 0, 0, 0, 1, 0, 1, 1, 2]),
 (11, [533, 10, 1, 0, 0, 729, 1109, 0, 0, 0, 1, 1, 1, 1, 0]),
 (11, [533, 10, 1, 0, 0, 729, 1109, 0, 0, 0, 1, 1, 1, 1, 0]),
 (11, [533, 10, 1, 0, 0, 729, 1109, 0, 0, 0, 1, 1, 1, 1, 0]),
 (11, [533, 10, 1, 0, 0, 729, 1109, 0, 0, 0, 1, 0, 1, 1, 0]),
 (11, [533, 88, 1, 0, 0, 729, 1109, 0, 0, 0, 1, 0, 1, 1, 0]),
 (11, [533, 10, 1, 0, 0, 729, 1109, 0, 0, 0, 1, 0, 1, 1, 0]),
 (11, [533, 10, 1, 0, 0, 729, 1109, 0, 0, 0, 1, 0, 1, 1, 2]),
 (11, [533, 60, 1, 0, 0, 729, 1109, 0, 0, 0, 1, 0, 1, 1, 0]),
 (11, [533, 10, 1, 0, 0, 729, 1109, 0, 0, 0, 1, 0, 1, 1, 0]),
 (11, [533, 10, 1, 0, 0, 814, 1109, 0, 0, 0, 1, 0, 1, 1, 0]),
 (11, [533, 10, 1, 0, 0, 729, 1109, 1, 0, 0, 1, 0, 1, 1, 0]),
 (11, [533, 10, 1, 0, 0, 729, 1109, 0, 0, 0, 1, 0, 1, 1, 0]),
 (11, [533, 10, 1, 0, 0, 729, 1109, 0, 0, 0, 1, 0, 0, 1, 0]),
 (11, [533, 10, 1, 1, 0, 729, 1109, 0, 0, 0, 1, 0, 0, 1, 0]),
 (11, [533, 10, 1, 0, 0, 729, 1109, 0, 0, 0, 1, 0, 0, 1, 0]),
 (11, [533, 10, 1, 0, 0, 729, 1109, 0, 0, 0, 1, 0, 0, 1, 0]),
 (11, [533, 10, 0, 0, 0, 729, 1109, 0, 0, 0, 1, 0, 0, 1, 0]),
 (11, [533, 10, 1, 0, 0, 1015, 1109, 0, 0, 0, 1, 0, 0, 1, 0]),
 (11, [533, 10, 1, 0, 0, 729, 979, 0, 1, 0, 1, 0, 1, 1, 0]),
 (11, [533, 10, 1, 0, 0, 729, 979, 0, 0, 0, 1, 0, 1, 1, 0]),
 (11, [533, 10, 1, 0, 0, 729, 979, 0, 0, 0, 1, 0, 2, 1, 0]),
 (11, [533, 10, 1, 0, 0, 729, 979, 0, 0, 0, 1, 0, 1, 1, 0]),
 (11, [533, 10, 1, 0, 0, 729, 979, 0, 0, 0, 1, 0, 1, 1, 0]),
 (11, [533, 10, 1, 0, 0, 729, 979, 0, 0, 0, 1, 0, 1, 1, 0]),
 (11, [533, 10, 1, 0, 0, 729, 979, 0, 0, 0, 1, 0, 1, 1, 0]),
 (11, [533, 10, 1, 0, 0, 729, 979, 0, 0, 0, 1, 0, 1, 1, 0]),
 (11, [533, 10, 1, 0, 0, 729, 979, 0, 0, 0, 1, 0, 1, 1, 0]),
 (11, [533, 10, 1, 0, 0, 729, 979, 0, 0, 0, 1, 0, 1, 1, 0]),
 (11, [533, 10, 1, 0, 0, 729, 979, 0, 0, 0, 1, 0, 0, 1, 0])]
Elapsed time is 4955.337149 seconds.
