genes: 15
individuals : 32
pressure: 5
mutation_chance: 0
generations: 15
crossover_type: 2
mutation_type_random: 0
Población de 32 individuos durante 15 generaciones
Población inicial:
[(999, [1793, 69, 1, 1, 0, 751, 803, 1, 0, 0, 5, 0, 1, 1, 0]),
 (999, [1581, 26, 0, 1, 0, 625, 1419, 1, 1, 3, 0, 0, 0, 2, 1]),
 (999, [1291, 85, 1, 1, 0, 1382, 1687, 0, 1, 0, 5, 1, 1, 2, 2]),
 (999, [1086, 75, 0, 0, 0, 1793, 703, 1, 1, 3, 0, 1, 0, 0, 2]),
 (999, [945, 14, 0, 0, 1, 1564, 704, 1, 1, 3, 4, 0, 0, 1, 1]),
 (999, [589, 34, 1, 0, 0, 662, 1279, 1, 1, 3, 4, 0, 2, 0, 2]),
 (999, [518, 76, 0, 1, 0, 1089, 1706, 1, 0, 3, 4, 1, 0, 1, 2]),
 (14, [1839, 19, 0, 1, 0, 1397, 521, 1, 0, 1, 4, 1, 1, 1, 1]),
 (14, [1834, 63, 1, 1, 0, 1200, 980, 0, 0, 1, 3, 1, 0, 1, 0]),
 (14, [1733, 71, 0, 1, 1, 1542, 1181, 0, 0, 0, 3, 1, 1, 0, 1]),
 (14, [1390, 70, 0, 0, 1, 1025, 1551, 1, 0, 0, 4, 1, 1, 0, 2]),
 (14, [1317, 119, 0, 1, 1, 692, 980, 1, 1, 0, 1, 1, 0, 0, 0]),
 (14, [1290, 30, 1, 0, 0, 1397, 1199, 1, 0, 2, 4, 1, 2, 0, 0]),
 (14, [1195, 86, 1, 0, 0, 2026, 1558, 0, 1, 2, 1, 1, 0, 2, 1]),
 (14, [1130, 115, 1, 1, 0, 577, 1619, 0, 1, 1, 1, 1, 0, 0, 1]),
 (14, [1094, 83, 0, 1, 1, 1612, 1546, 1, 1, 2, 3, 1, 1, 1, 1]),
 (14, [989, 54, 0, 0, 0, 562, 833, 0, 1, 2, 2, 1, 2, 0, 1]),
 (14, [935, 106, 1, 1, 1, 1869, 1607, 1, 0, 0, 1, 1, 0, 2, 1]),
 (14, [866, 116, 0, 1, 1, 1326, 1340, 1, 0, 2, 3, 1, 2, 0, 0]),
 (14, [735, 115, 1, 0, 0, 856, 931, 1, 1, 0, 2, 1, 0, 0, 1]),
 (14, [664, 11, 0, 0, 1, 1303, 1327, 1, 0, 2, 2, 1, 1, 0, 2]),
 (11, [2038, 27, 1, 1, 1, 1621, 1462, 0, 1, 0, 3, 0, 2, 2, 1]),
 (11, [1768, 94, 1, 1, 1, 535, 1293, 0, 0, 2, 4, 0, 0, 0, 0]),
 (11, [1764, 39, 1, 1, 0, 1641, 1028, 0, 1, 1, 1, 0, 1, 1, 2]),
 (11, [1728, 74, 1, 0, 0, 1736, 1626, 1, 0, 2, 0, 0, 0, 1, 0]),
 (11, [1596, 112, 1, 1, 0, 635, 1506, 0, 0, 1, 2, 0, 2, 0, 1]),
 (11, [1433, 63, 0, 0, 0, 792, 2031, 0, 1, 0, 2, 0, 1, 2, 2]),
 (11, [1417, 61, 0, 0, 0, 1416, 1101, 1, 1, 2, 1, 0, 1, 0, 2]),
 (11, [1409, 39, 1, 1, 1, 1162, 1104, -1, 1, 1, 2, 0, 2, 0, 2]),
 (11, [1014, 50, 1, 0, 0, 549, 1366, 1, 0, 2, 0, 0, 1, 1, 0]),
 (11, [849, 84, 0, 0, 1, 1213, 1370, 0, 0, 0, 1, 0, 0, 0, 2]),
 (11, [554, 42, 0, 1, 1, 1359, 1781, 1, 0, 2, 2, 0, 2, 0, 2])]
Población final:
[(11, [551, 40, -2, 0, 1, 1358, 1781, 1, 0, 2, 2, 0, 1, 0, 2]),
 (11, [551, 40, -2, 0, 1, 1358, 1781, 1, 0, 2, 2, 0, 1, 0, 2]),
 (11, [551, 41, -2, 0, 1, 1358, 1781, 1, 0, 2, 2, 0, 1, 0, 2]),
 (11, [551, 40, -2, 0, 1, 1358, 1781, 1, 0, 2, 2, 0, 1, 0, 2]),
 (11, [551, 40, -2, 0, 1, 1358, 1781, 1, 0, 2, 2, 0, 1, 0, 3]),
 (11, [551, 40, -2, 1, 1, 1358, 1781, 1, 0, 2, 2, 0, 1, 0, 2]),
 (11, [551, 40, -2, 0, 1, 1358, 1781, 1, 0, 2, 2, 0, 1, 0, 2]),
 (11, [551, 40, -2, 0, 1, 1358, 1781, 1, 0, 2, 2, 0, 1, 0, 2]),
 (11, [551, 40, -2, 0, 1, 1358, 1781, 1, 0, 2, 2, 0, 1, 0, 2]),
 (11, [551, 40, -2, 0, 1, 1358, 1781, 1, 0, 2, 2, 0, 1, 0, 1]),
 (11, [551, 40, -2, 0, 1, 1358, 1781, 1, 0, 2, 2, 0, 1, 0, 2]),
 (11, [551, 40, -2, 0, 1, 1358, 1781, 1, 0, 2, 2, 0, 1, 0, 2]),
 (11, [551, 40, -2, 0, 1, 1358, 1781, 1, 0, 2, 3, 0, 1, 0, 2]),
 (11, [551, 40, -2, 0, 0, 1358, 1781, 1, 0, 2, 2, 0, 1, 0, 2]),
 (11, [551, 40, -2, 0, 1, 1358, 1781, 1, 0, 2, 2, 0, 1, 0, 2]),
 (11, [551, 40, -2, 0, 1, 1358, 1781, 0, 0, 2, 2, 0, 1, 0, 2]),
 (11, [551, 40, -2, 0, 1, 1358, 1781, 1, 0, 2, 2, 0, 1, 0, 2]),
 (11, [551, 40, -2, 0, 1, 1358, 1781, 1, 0, 2, 1, 0, 1, 0, 2]),
 (11, [551, 40, -2, 0, 1, 1358, 1781, 1, 0, 2, 2, 0, 1, 0, 3]),
 (11, [551, 40, -2, 0, 1, 1358, 1781, 1, 0, 2, 2, 0, 1, 0, 2]),
 (11, [551, 40, -2, 0, 1, 1358, 1781, 1, 0, 2, 2, 0, 1, 0, 2]),
 (11, [551, 40, -2, 0, 1, 1358, 1781, 1, 0, 2, 2, 0, 1, 0, 2]),
 (11, [551, 40, -2, 0, 1, 1358, 1781, 1, 0, 2, 2, 0, 1, 0, 2]),
 (11, [551, 40, -2, 0, 1, 1358, 1781, 1, 0, 2, 2, 0, 1, 0, 2]),
 (11, [551, 40, -2, 0, 1, 1358, 1780, 1, 0, 2, 2, 0, 1, 0, 2]),
 (11, [551, 40, -2, 0, 1, 1358, 1780, 1, 0, 2, 2, 0, 1, 0, 2]),
 (11, [551, 40, -2, 0, 1, 1358, 1780, 1, 0, 2, 2, 0, 1, 0, 2]),
 (11, [551, 40, -2, 0, 1, 1358, 1780, 1, 0, 2, 2, 0, 1, 0, 2]),
 (11, [551, 40, -2, 0, 1, 1358, 1780, 1, 0, 2, 2, 0, 1, 0, 2]),
 (11, [551, 40, -2, 0, 1, 1358, 1780, 1, 0, 2, 2, 0, 1, 0, 2]),
 (11, [551, 40, -2, 0, 1, 1358, 1780, 1, 0, 2, 2, 0, 1, 0, 2]),
 (11, [551, 40, -2, 0, 1, 1358, 1780, 1, 0, 2, 2, 0, 1, 0, 2])]
Elapsed time is 4969.275199 seconds.
