genes: 15
individuals : 32
pressure: 5
mutation_chance: 0
generations: 15
crossover_type: 1
mutation_type_random: 0

Población de 32 individuos durante 15 generaciones
Población inicial:
[(999, [1792, 14, 1, 0, 0, 1180, 1326, 0, 0, 3, 4, 0, 2, 2, 2]),
 (999, [1701, 118, 0, 1, 1, 665, 1443, 0, 0, 0, 5, 1, 0, 1, 2]),
 (999, [1588, 37, 1, 0, 0, 1232, 976, 0, 1, 1, 5, 1, 2, 1, 0]),
 (999, [1492, 45, 1, 1, 1, 685, 1513, 1, 0, 1, 5, 0, 2, 2, 2]),
 (999, [808, 51, 1, 0, 0, 705, 639, 1, 1, 3, 5, 0, 2, 2, 0]),
 (999, [776, 62, 0, 1, 1, 656, 542, 0, 1, 2, 5, 1, 0, 2, 1]),
 (14, [2036, 24, 0, 0, 0, 1234, 1519, 1, 1, 0, 3, 1, 0, 2, 1]),
 (14, [1787, 29, 0, 1, 1, 1018, 2040, 1, 0, 1, 0, 1, 0, 0, 2]),
 (14, [1702, 65, 0, 1, 0, 1963, 593, 1, 1, 0, 4, 1, 0, 0, 0]),
 (14, [1576, 69, 0, 1, 1, 786, 667, 1, 0, 0, 1, 1, 1, 2, 1]),
 (14, [1232, 106, 1, 0, 1, 1922, 1320, 1, 1, 0, 0, 1, 2, 1, 0]),
 (14, [1230, 114, 0, 0, 0, 1477, 1101, 0, 0, 2, 4, 1, 1, 1, 0]),
 (14, [1193, 108, 0, 1, 1, 1590, 668, 1, 1, 0, 2, 1, 2, 2, 2]),
 (14, [1068, 106, 1, 0, 1, 947, 958, 0, 1, 2, 1, 1, 1, 0, 1]),
 (14, [995, 28, 1, 1, 1, 1865, 1041, 0, 0, 1, 3, 1, 0, 2, 1]),
 (14, [981, 47, 1, 1, 1, 2002, 1732, 0, 1, 1, 1, 1, 0, 2, 1]),
 (14, [763, 89, 0, 0, 0, 1941, 659, 0, 0, 1, 1, 1, 0, 2, 1]),
 (14, [749, 77, 0, 0, 0, 1538, 603, 0, 1, 1, 3, 1, 0, 0, 1]),
 (14, [712, 51, 1, 0, 0, 2030, 1345, 1, 0, 1, 0, 1, 0, 0, 0]),
 (14, [534, 76, 0, 0, 0, 1328, 1479, 0, 0, 2, 3, 1, 2, 2, 0]),
 (11, [1907, 30, 1, 1, 0, 1794, 1943, 1, 0, 2, 3, 0, 2, 0, 1]),
 (11, [1825, 32, 0, 1, 1, 1698, 734, 1, 0, 0, 4, 0, 2, 1, 2]),
 (11, [1719, 18, 1, 1, 0, 1145, 1341, 1, 1, 1, 1, 0, 2, 2, 0]),
 (11, [1450, 101, 1, 0, 0, 1334, 1792, 1, 1, 2, 4, 0, 1, 1, 2]),
 (11, [1402, 55, 0, 0, 1, 1522, 1428, 0, 0, 0, 3, 0, 2, 0, 2]),
 (11, [1310, 77, 0, 0, 0, 1609, 1299, 1, 0, 0, 1, 0, 1, 0, 0]),
 (11, [1216, 87, 0, 1, 1, 967, 1629, 0, 0, 1, 4, 0, 2, 1, 1]),
 (11, [1125, 64, 0, 0, 1, 1716, 1748, 1, 0, 2, 4, 0, 0, 0, 1]),
 (11, [1059, 26, 0, 1, 1, 1490, 1171, 0, 1, 2, 0, 0, 2, 0, 0]),
 (11, [922, 53, 1, -1, 1, 1403, 1026, 0, 1, 1, 2, 0, 0, 2, 0]),
 (11, [850, 68, 1, 0, 1, 720, 629, 0, 1, 0, 1, 0, 2, 0, 2]),
 (11, [700, 76, 0, 0, 1, 1668, 1777, 1, 0, 1, 2, 0, 0, 1, 2])]
Población final:
[(11, [698, 75, -1, -1, 1, 1668, 1170, 0, -1, 0, 2, 0, 0, 2, 2]),
 (11, [698, 75, -1, -1, 1, 1668, 1170, 0, -1, 0, 2, 0, 0, 1, 2]),
 (11, [698, 75, -1, -1, 1, 1668, 1170, 0, -1, 0, 2, 0, 0, 1, 2]),
 (11, [698, 75, -1, -1, 1, 1668, 1170, 0, -1, 0, 2, 0, 0, 1, 2]),
 (11, [698, 75, -1, -1, 1, 1668, 1170, 0, -2, 0, 2, 0, 0, 1, 2]),
 (11, [698, 75, -1, -1, 1, 1668, 1170, 0, -2, 0, 2, 0, 0, 1, 2]),
 (11, [698, 75, -1, 0, 1, 1668, 1170, 0, -2, 0, 2, 0, 0, 1, 2]),
 (11, [698, 74, -1, -1, 1, 1668, 1170, 0, -2, 0, 2, 0, 0, 1, 2]),
 (11, [698, 75, -1, -1, 1, 1668, 1170, 0, -2, 0, 2, 0, 0, 1, 2]),
 (11, [698, 75, -1, -1, 1, 1668, 1170, 0, -2, 0, 2, -1, 0, 1, 2]),
 (11, [698, 75, -1, -1, 1, 1667, 1170, 0, -1, 1, 2, 0, 0, 1, 2]),
 (11, [698, 75, -1, -1, 1, 1667, 1170, 0, -1, 0, 2, 0, 0, 1, 2]),
 (11, [698, 75, -1, -1, 1, 1667, 1170, 0, -1, 0, 2, 0, 0, 1, 2]),
 (11, [698, 75, -1, -1, 1, 1667, 1170, 0, -1, 0, 2, 0, 0, 1, 2]),
 (11, [698, 75, -1, -1, 1, 1667, 1170, 0, -1, 0, 2, 0, 0, 1, 2]),
 (11, [698, 76, -1, -1, 0, 1668, 1170, 0, -1, 0, 2, 0, 0, 1, 2]),
 (11, [698, 75, -1, -1, 0, 1668, 1170, 0, -1, 0, 2, 0, 0, 1, 2]),
 (11, [698, 75, -1, -1, 0, 1668, 1170, 0, -1, 0, 2, 0, 0, 0, 2]),
 (11, [698, 75, -1, -1, 0, 1668, 1170, 0, -1, 0, 2, 0, 0, 1, 2]),
 (11, [698, 75, -2, -1, 0, 1668, 1170, 0, -1, 0, 2, 0, 0, 1, 2]),
 (11, [698, 75, -1, -1, 0, 1668, 1170, 0, -1, 0, 2, 0, 0, 1, 2]),
 (11, [699, 75, -1, -1, 0, 1668, 1170, 0, -1, 0, 2, 0, 0, 1, 2]),
 (11, [698, 75, -1, -1, 0, 1668, 1170, 0, -1, 0, 2, 0, 0, 1, 2]),
 (11, [698, 74, -1, -1, 1, 1668, 1169, 0, -1, 0, 2, 0, 0, 1, 2]),
 (11, [698, 74, -1, -1, 1, 1668, 1170, 0, -1, 0, 2, 0, 0, 1, 2]),
 (11, [698, 74, -1, -1, 1, 1668, 1170, 0, -1, 0, 2, 0, 0, 1, 2]),
 (11, [698, 74, -1, -1, 1, 1668, 1170, 0, -1, 0, 2, 0, 0, 1, 2]),
 (11, [698, 74, -1, -1, 1, 1668, 1170, 0, -2, 0, 2, 0, 0, 1, 2]),
 (11, [698, 74, -1, -1, 0, 1668, 1170, 0, -1, 0, 2, 0, 0, 1, 2]),
 (11, [697, 75, -1, -1, 1, 1668, 1170, 0, -1, 0, 2, 0, 0, 1, 2]),
 (11, [697, 75, -1, -1, 1, 1668, 1170, 0, -1, 0, 2, 0, 0, 1, 2]),
 (11, [697, 75, -1, -1, 1, 1667, 1170, 0, -1, 0, 2, 0, 0, 1, 2])]
Elapsed time is 4985.120587 seconds.
