genes: 15
individuals : 16
pressure: 5
mutation_chance: 0
generations: 15
crossover_type: 1
mutation_type_random: 1

Población de 16 individuos durante 15 generaciones
Población inicial:
[(999, [1835, 37, 1, 0, 0, 1259, 1850, 0, 1, 3, 4, 0, 1, 2, 2]),
 (999, [1439, 39, 0, 1, 1, 1126, 833, 1, 0, 3, 5, 0, 2, 1, 1]),
 (999, [1221, 50, 0, 0, 1, 1969, 1778, 0, 0, 2, 5, 0, 2, 2, 2]),
 (999, [1041, 113, 0, 1, 0, 1122, 1438, 0, 1, 3, 0, 0, 2, 2, 0]),
 (999, [1028, 29, 0, 0, 1, 1604, 831, 1, 0, 1, 5, 1, 0, 2, 1]),
 (999, [796, 46, 1, 1, 1, 1239, 1424, 0, 0, 3, 1, 0, 0, 2, 2]),
 (999, [596, 63, 1, 1, 0, 679, 2024, 0, 0, 3, 2, 0, 2, 1, 1]),
 (16, [1844, 67, 1, 0, 1, 1076, 1172, 0, 1, 0, 0, 0, 1, 2, 0]),
 (16, [1405, 34, 1, 0, 1, 1874, 1750, 0, 0, 0, 4, 1, 2, 1, 0]),
 (16, [1239, 59, 1, 0, 0, 1330, 1600, 0, 0, 2, 0, 1, 1, 0, 0]),
 (16, [936, 69, 1, 0, 0, 606, 1780, 0, 0, 0, 3, 0, 1, 2, 2]),
 (16, [556, 12, 1, 1, 1, 1885, 1015, 1, 1, 1, 1, 0, 1, 2, 1]),
 (16, [555, 47, 0, 0, 1, 1804, 1451, 0, 0, 1, 3, 1, 2, 1, 2]),
 (12, [1736, 45, 1, 1, 1, 1761, 1565, 1, 0, 2, 2, 0, 2, 2, 0]),
 (12, [1601, 107, 1, 0, 0, 1919, 978, 1, 0, 1, 0, 0, 2, 1, 2]),
 (12, [671, 62, 1, 1, 1, 1252, 755, 1, 0, 1, 3, 1, 2, 2, 2])]
Población final:
[(16, [556, 12, 0, 0, 0, 1885, 1015, 0, 0, 1, 3, 1, 2, 1, 2]),
 (16, [556, 12, 0, 0, 1, 1885, 1015, 0, 0, 1, 1, 1, 2, 1, 2]),
 (16, [556, 12, 0, 0, 1, 1885, 1015, 0, 0, 1, 3, 1, 2, 1, 2]),
 (16, [556, 12, 0, 0, 1, 1885, 1015, 0, 0, 1, 3, 1, 2, 1, 2]),
 (16, [556, 12, 0, 0, 1, 1885, 1015, 0, 0, 1, 3, 1, 2, 1, 0]),
 (16, [556, 12, 0, 0, 1, 1885, 1015, 0, 0, 1, 3, 1, 1, 1, 2]),
 (12, [556, 12, 0, 0, 1, 1885, 1015, 0, 0, 1, 3, 1, 2, 1, 2]),
 (12, [556, 12, 0, 0, 1, 1885, 1015, 0, 0, 1, 3, 1, 2, 1, 2]),
 (12, [556, 12, 0, 0, 1, 1885, 1015, 0, 0, 1, 3, 1, 2, 1, 2]),
 (12, [556, 12, 0, 0, 1, 1885, 1015, 0, 0, 1, 3, 1, 2, 1, 0]),
 (12, [556, 12, 0, 0, 1, 1885, 1015, 0, 0, 1, 3, 1, 2, 1, 0]),
 (12, [556, 12, 0, 0, 1, 1885, 1015, 0, 0, 1, 3, 1, 2, 1, 0]),
 (12, [556, 12, 0, 0, 1, 1885, 1015, 0, 0, 1, 3, 1, 1, 1, 2]),
 (12, [556, 12, 0, 0, 1, 1885, 1015, 0, 0, 1, 3, 1, 1, 1, 2]),
 (12, [556, 12, 0, 0, 1, 1885, 1015, 0, 0, 1, 3, 1, 1, 1, 2]),
 (12, [556, 12, 0, 0, 1, 1885, 1015, 0, 0, 1, 3, 0, 2, 1, 2])]
Elapsed time is 3205.909483 seconds.
