genes: 13
individuals : 16
pressure: 5
mutation_chance: 0
generations: 15
crossover_type: 1
mutation_type_random: 0

Población de 16 individuos durante 15 generaciones
Población inicial:
[(999, [1647, 79, 0, 1, 0, 1654, 1219, 1, 0, 3, 0, 1, 0]),
 (999, [1612, 56, 0, 0, 0, 1196, 1550, 0, 0, 3, 3, 1, 0]),
 (999, [1501, 53, 1, 0, 0, 692, 883, 1, 0, 3, 5, 1, 2]),
 (999, [1410, 29, 0, 0, 0, 1164, 980, 1, 0, 3, 2, 0, 0]),
 (999, [1350, 29, 0, 0, 1, 1185, 1861, 1, 1, 3, 0, 1, 2]),
 (999, [1282, 35, 1, 1, 0, 800, 971, 0, 0, 3, 3, 1, 2]),
 (999, [1272, 119, 1, 1, 1, 633, 816, 0, 0, 3, 3, 0, 0]),
 (999, [961, 116, 0, 0, 0, 2008, 1536, 0, 1, 1, 1, 0, 2]),
 (999, [687, 41, 0, 1, 0, 1458, 1796, 0, 0, 3, 0, 0, 2]),
 (4, [1564, 71, 1, 1, 0, 1840, 1634, 0, 1, 2, 0, 1, 0]),
 (4, [1462, 36, 1, 0, 1, 715, 1666, 1, 0, 2, 0, 0, 1]),
 (4, [1387, 86, 1, 1, 1, 1317, 1382, 1, 0, 0, 1, 1, 0]),
 (4, [1317, 102, 0, 1, 0, 1653, 997, 0, 1, 0, 0, 0, 0]),
 (4, [1098, 57, 1, 1, 0, 1788, 701, 1, 1, 2, 1, 0, 0]),
 (4, [714, 50, 0, 0, 1, 1634, 1555, 0, 0, 2, 2, 1, 1]),
 (4, [652, 105, 0, 0, 0, 1704, 918, 0, 1, 2, 0, 1, 1])]
Población final:
[(4, [652, 103, -2, -1, 0, 1704, 917, 0, 0, 2, 0, 1, 1]),
 (4, [652, 103, -1, -1, 0, 1704, 917, 0, 0, 2, 0, 1, 1]),
 (4, [652, 103, -1, 0, 0, 1704, 917, 0, 0, 2, 0, 1, 1]),
 (4, [652, 102, -1, -1, 0, 1704, 917, 0, 0, 2, 0, 1, 1]),
 (4, [653, 103, -1, -1, 0, 1704, 917, 0, 0, 2, 0, 1, 1]),
 (4, [652, 103, -1, -1, 0, 1704, 917, 0, 0, 2, 0, 2, 1]),
 (4, [652, 103, -1, -1, 0, 1704, 917, 0, 0, 2, 0, 1, 1]),
 (4, [652, 103, -1, -1, 0, 1704, 917, 0, 0, 2, 0, 1, 1]),
 (4, [652, 103, -1, -1, 0, 1704, 917, 0, 0, 2, 0, 1, 1]),
 (4, [652, 103, -1, -1, 0, 1704, 917, 0, 0, 2, 0, 1, 0]),
 (4, [652, 102, -1, -1, 0, 1704, 917, 0, 0, 2, 0, 1, 0]),
 (4, [652, 103, -1, -1, 0, 1704, 917, 0, 0, 2, 0, 1, 0]),
 (4, [652, 103, -1, -1, 0, 1704, 917, 0, 0, 2, 0, 1, 0]),
 (4, [652, 103, -1, -1, 0, 1704, 917, 0, 0, 2, 0, 1, 0]),
 (4, [652, 103, -1, -1, 0, 1704, 917, 0, 0, 2, 0, 1, 0]),
 (4, [652, 103, -1, -1, 0, 1704, 917, 0, 0, 2, 0, 1, 0])]
Elapsed time is 2566.505165 seconds.
