genes: 15
individuals : 32
pressure: 5
mutation_chance: 0
generations: 15
crossover_type: 2
mutation_type_random: 1
Población de 32 individuos durante 15 generaciones
Población inicial:
[(999, [1843, 88, 0, 1, 1, 965, 609, 1, 1, 3, 4, 0, 1, 2, 2]),
 (999, [1832, 107, 0, 0, 1, 1525, 1090, 1, 1, 0, 5, 1, 1, 0, 0]),
 (999, [1768, 36, 1, 1, 1, 1780, 629, 1, 1, 3, 4, 0, 0, 0, 1]),
 (999, [1727, 83, 1, 0, 1, 566, 1288, 0, 1, 3, 5, 0, 0, 0, 0]),
 (999, [1615, 102, 1, 1, 0, 830, 935, 1, 1, 0, 5, 0, 2, 1, 1]),
 (999, [1384, 55, 1, 0, 1, 884, 1247, 1, 1, 3, 0, 1, 1, 2, 0]),
 (999, [1231, 11, 0, 0, 0, 1931, 1224, 0, 0, 3, 5, 1, 2, 1, 0]),
 (999, [1163, 23, 1, 0, 1, 1167, 1484, 1, 1, 3, 2, 0, 2, 2, 2]),
 (999, [1053, 64, 0, 0, 1, 1247, 561, 1, 0, 0, 5, 0, 0, 0, 2]),
 (999, [872, 94, 1, 0, 0, 983, 998, 0, 0, 1, 5, 0, 1, 1, 2]),
 (999, [561, 87, 0, 1, 1, 817, 1683, 0, 0, 2, 5, 1, 1, 1, 2]),
 (14, [1858, 85, 1, 0, 1, 1868, 875, 0, 1, 2, 4, 1, 1, 1, 1]),
 (14, [1818, 94, 0, 1, 0, 1607, 1011, 0, 1, 2, 4, 1, 2, 2, 1]),
 (14, [1770, 34, 0, 0, 1, 520, 1133, 1, 1, 2, 4, 1, 2, 2, 1]),
 (14, [1623, 28, 0, 1, 1, 776, 1558, 1, 0, 0, 2, 1, 0, 2, 2]),
 (14, [1580, 22, 1, 0, 0, 1126, 1457, 1, 1, 1, 4, 1, 2, 2, 1]),
 (14, [995, 27, 0, 0, 0, 702, 1330, 0, 0, 0, 4, 1, 0, 1, 1]),
 (14, [984, 73, 0, 0, 1, 521, 883, 0, 0, 2, 0, 1, 1, 2, 1]),
 (14, [915, 98, 1, 1, 0, 1668, 1724, 1, 1, 0, 0, 1, 0, 1, 0]),
 (14, [692, 44, 0, 1, 0, 812, 1433, 0, 1, 0, 1, 1, 1, 0, 2]),
 (14, [660, 64, 0, 1, 0, 1164, 1608, 0, 0, 0, 4, 1, 0, 2, 0]),
 (14, [543, 53, 1, 0, 1, 895, 1989, 0, 0, 2, 0, 1, 1, 0, 1]),
 (11, [1832, 63, 1, 1, 0, 1294, 1217, 0, 0, 1, 1, 0, 1, 2, 1]),
 (11, [1098, 42, 1, 1, 1, 1714, 996, 1, 0, 1, 1, 0, 0, 1, 1]),
 (11, [1076, 54, 1, 1, 0, 1522, 1875, 1, 0, 2, 3, 0, 1, 1, 0]),
 (11, [1038, 74, 0, 1, 1, 985, 963, 1, 0, 0, 2, 0, 1, 1, 2]),
 (11, [1017, 79, 0, 1, 1, 1942, 1887, 0, 1, 0, 2, 0, 1, 0, 0]),
 (11, [990, 77, 0, 1, 0, 1455, 1409, 1, 1, 2, 1, 0, 2, 2, 0]),
 (11, [838, 37, 1, 1, 0, 1032, 997, 0, 0, 2, 4, 0, 2, 2, 2]),
 (11, [734, 104, 1, 0, 0, 1439, 1946, 1, 1, 2, 0, 0, 1, 1, 1]),
 (11, [692, 102, 1, 0, 1, 1359, 1032, 1, 0, 0, 1, 0, 1, 1, 1]),
 (11, [535, 25, 0, 1, 1, 628, 1318, 0, 0, 0, 0, 0, 1, 0, 0])]
Población final:
[(11, [535, 71, 0, 0, 0, 596, 920, 0, 0, 0, 4, 0, 0, 0, 0]),
 (11, [535, 15, 0, 0, 0, 596, 920, 0, 0, 0, 4, 0, 0, 1, 0]),
 (11, [535, 15, 0, 0, 0, 596, 920, 0, 0, 0, 4, 0, 0, 0, 0]),
 (11, [1738, 15, 0, 0, 0, 596, 920, 0, 0, 0, 4, 0, 0, 0, 0]),
 (11, [535, 15, 0, 0, 0, 596, 920, 0, 0, 0, 4, 0, 0, 0, 0]),
 (11, [535, 15, 0, 0, 0, 596, 920, 1, 0, 0, 4, 0, 0, 0, 0]),
 (11, [535, 15, 0, 0, 0, 594, 997, 0, 0, 0, 4, 0, 0, 0, 0]),
 (11, [535, 15, 0, 0, 0, 594, 997, 1, 0, 0, 4, 0, 0, 0, 0]),
 (11, [535, 15, 0, 0, 0, 594, 997, 0, 0, 0, 4, 0, 0, 0, 0]),
 (11, [535, 15, 0, 0, 0, 594, 997, 0, 0, 0, 4, 0, 0, 0, 0]),
 (11, [535, 15, 0, 0, 0, 594, 997, 0, 0, 0, 4, 0, 0, 0, 0]),
 (11, [535, 15, 0, 0, 0, 594, 997, 0, 0, 0, 4, 0, 0, 0, 0]),
 (11, [535, 15, 0, 0, 0, 594, 997, 0, 0, 0, 4, 0, 0, 0, 0]),
 (11, [535, 15, 0, 1, 0, 594, 997, 0, 0, 0, 4, 0, 0, 0, 0]),
 (11, [535, 15, 0, 0, 0, 594, 997, 0, 0, 0, 4, 0, 0, 0, 0]),
 (11, [535, 15, 0, 0, 0, 594, 997, 0, 0, 0, 4, 0, 0, 0, 0]),
 (11, [535, 15, 0, 0, 0, 594, 997, 0, 0, 0, 4, 0, 0, 0, 0]),
 (11, [535, 15, 0, 0, 0, 594, 997, 0, 0, 0, 4, 0, 0, 0, 2]),
 (11, [535, 15, 0, 0, 0, 594, 997, 0, 0, 0, 4, 0, 0, 0, 0]),
 (11, [535, 15, 0, 0, 0, 594, 997, 0, 0, 0, 4, 0, 0, 0, 0]),
 (11, [535, 15, 0, 0, 0, 594, 997, 0, 0, 0, 4, 0, 0, 0, 0]),
 (11, [535, 15, 0, 0, 0, 594, 997, 0, 0, 0, 4, 0, 0, 0, 0]),
 (11, [535, 15, 0, 0, 0, 594, 997, 0, 0, 0, 4, 0, 0, 0, 0]),
 (11, [535, 15, 0, 1, 0, 594, 997, 0, 0, 0, 4, 0, 0, 0, 0]),
 (11, [535, 15, 0, 0, 0, 594, 997, 0, 0, 0, 4, 0, 0, 0, 0]),
 (11, [535, 15, 0, 0, 0, 594, 997, 0, 0, 0, 4, 0, 0, 0, 0]),
 (11, [535, 15, 0, 0, 1, 594, 997, 0, 0, 0, 4, 0, 0, 0, 0]),
 (11, [535, 15, 0, 0, 0, 594, 997, 0, 0, 0, 4, 0, 0, 0, 0]),
 (11, [535, 15, 0, 0, 0, 594, 997, 0, 0, 0, 4, 0, 0, 0, 0]),
 (11, [535, 15, 0, 0, 0, 594, 997, 0, 0, 0, 4, 0, 0, 0, 0]),
 (11, [535, 15, 0, 0, 0, 594, 997, 0, 0, 0, 4, 0, 0, 0, 0]),
 (11, [535, 15, 0, 0, 0, 594, 920, 0, 0, 0, 4, 0, 0, 0, 0])]
Elapsed time is 4907.268414 seconds.
