genes: 15
individuals : 32
pressure: 5
mutation_chance: 0
generations: 15
crossover_type: 1
mutation_type_random: 1Población de 32 individuos durante 15 generaciones
Población inicial:
[(999, [2013, 65, 0, 1, 0, 1195, 1984, 0, 1, 3, 1, 0, 0, 0, 0]),
 (999, [2006, 48, 1, 1, 1, 1058, 782, 1, 1, 2, 5, 1, 2, 1, 2]),
 (999, [2001, 113, 0, 1, 1, 1089, 542, 1, 0, 3, 5, 1, 1, 1, 1]),
 (999, [1942, 83, 1, 1, 0, 866, 1775, 0, 0, 2, 5, 0, 0, 1, 1]),
 (999, [1803, 75, 1, 1, 1, 1513, 2021, 0, 1, 3, 1, 0, 2, 0, 1]),
 (999, [1686, 84, 0, 1, 0, 748, 1037, 1, 1, 3, 4, 0, 0, 0, 1]),
 (999, [1662, 100, 1, 0, 0, 1674, 1717, 1, 1, 1, 5, 0, 0, 0, 0]),
 (999, [1475, 56, 0, 0, 1, 909, 915, 1, 0, 0, 5, 0, 1, 1, 0]),
 (999, [1352, 40, 1, 1, 0, 1364, 1832, 0, 0, 3, 3, 0, 0, 0, 0]),
 (999, [1352, 18, 1, 0, 1, 1215, 697, 1, 1, 3, 1, 0, 2, 2, 0]),
 (999, [1075, 65, 1, 1, 0, 1920, 702, 1, 0, 3, 5, 0, 2, 1, 0]),
 (999, [917, 31, 1, 1, 0, 641, 1486, 1, 1, 3, 3, 1, 2, 2, 0]),
 (999, [915, 23, 1, 1, 0, 1388, 1162, 0, 1, 3, 3, 0, 2, 1, 1]),
 (999, [840, 32, 0, 0, 1, 723, 1992, 0, 1, 3, 5, 0, 2, 2, 2]),
 (999, [632, 75, 0, 0, 1, 979, 837, 0, 0, 1, 5, 0, 2, 1, 2]),
 (999, [559, 42, 0, 1, 0, 1139, 1667, 1, 1, 3, 0, 0, 2, 1, 2]),
 (14, [1663, 107, 1, 1, 1, 1099, 1470, 1, 0, 2, 3, 1, 0, 2, 2]),
 (14, [1460, 34, 0, 1, 1, 1260, 1443, 1, 0, 2, 2, 1, 2, 1, 2]),
 (14, [1318, 99, 0, 0, 1, 1954, 1360, 0, 1, 0, 3, 1, 2, 2, 1]),
 (14, [1213, 43, 0, 1, 0, 1320, 1908, 1, 1, 2, 4, 1, 1, 1, 2]),
 (14, [682, 105, 1, 1, 0, 581, 1991, 1, 0, 2, 2, 1, 2, 0, 1]),
 (11, [1698, 42, 0, 1, 0, 1921, 1450, 0, 1, 2, 3, 0, 1, 0, 1]),
 (11, [1634, 96, 0, 1, 1, 877, 657, 1, 1, 1, 1, 0, 0, 1, 1]),
 (11, [1529, 15, 0, 1, 1, 732, 1701, 1, 0, 0, 0, 0, 2, 2, 2]),
 (11, [1517, 28, 1, 1, 1, 1062, 806, 0, 1, 1, 3, 0, 0, 2, 1]),
 (11, [1479, 52, 1, 1, 0, 1608, 675, 0, 0, 1, 2, 0, 1, 0, 1]),
 (11, [1423, 78, 1, 0, 1, 717, 1500, 1, 1, 2, 2, 0, 0, 0, 1]),
 (11, [1143, 44, 1, 1, 1, 1603, 1332, 0, 0, 2, 2, 0, 2, 0, 0]),
 (11, [1041, 107, 1, 0, 1, 1635, 1061, 0, 1, 0, 4, 0, 2, 2, 0]),
 (11, [988, 70, 1, 0, 0, 1122, 1457, 0, 0, 2, 3, 0, 1, 0, 1]),
 (11, [934, 77, 0, 0, 0, 1799, 617, 0, 0, 2, 3, 0, 0, 2, 1]),
 (11, [528, 101, 1, 1, 1, 1443, 1925, 1, 0, 0, 3, 0, 2, 2, 0])]
Población final:
[(11, [528, 10, 0, 0, 0, 1346, 763, 0, 0, 2, 2, 0, 2, 1, 1]),
 (11, [528, 10, 0, 0, 0, 1346, 763, 0, 0, 2, 2, 0, 2, 0, 0]),
 (11, [528, 10, 0, 0, 0, 1346, 740, 0, 0, 2, 2, 0, 2, 0, 1]),
 (11, [528, 10, 0, 0, 0, 1346, 763, 0, 0, 2, 2, 0, 2, 0, 1]),
 (11, [528, 10, 0, 0, 0, 1346, 763, 0, 0, 2, 2, 0, 2, 0, 1]),
 (11, [528, 10, 0, 0, 0, 1346, 763, 0, 0, 2, 2, 0, 2, 0, 1]),
 (11, [528, 10, 0, 0, 0, 1346, 763, 0, 0, 2, 2, 0, 2, 0, 1]),
 (11, [528, 10, 0, 0, 0, 1346, 763, 0, 0, 2, 2, 0, 2, 0, 1]),
 (11, [528, 10, 0, 0, 0, 1346, 763, 0, 0, 2, 2, 0, 2, 0, 1]),
 (11, [528, 10, 0, 0, 0, 1346, 763, 0, 0, 2, 2, 0, 2, 0, 0]),
 (11, [528, 10, 0, 0, 0, 1346, 763, 0, 0, 2, 2, 0, 2, 0, 0]),
 (11, [528, 10, 0, 0, 0, 1346, 763, 0, 0, 2, 2, 0, 2, 0, 0]),
 (11, [528, 10, 0, 0, 0, 1346, 763, 0, 0, 2, 2, 0, 1, 0, 0]),
 (11, [528, 10, 0, 0, 0, 1346, 763, 0, 0, 2, 2, 0, 2, 0, 0]),
 (11, [528, 10, 0, 0, 0, 1346, 1022, 0, 0, 2, 2, 0, 2, 0, 0]),
 (11, [528, 10, 0, 0, 0, 1346, 763, 0, 0, 2, 2, 1, 2, 0, 0]),
 (11, [528, 10, 0, 0, 0, 1346, 763, 0, 0, 2, 2, 0, 2, 0, 0]),
 (11, [580, 10, 0, 0, 0, 1346, 763, 0, 0, 2, 2, 0, 2, 0, 0]),
 (11, [528, 10, 0, 0, 0, 1346, 763, 0, 0, 2, 2, 0, 2, 0, 0]),
 (11, [528, 10, 0, 0, 0, 1346, 763, 0, 1, 2, 2, 0, 2, 0, 0]),
 (11, [528, 10, 0, 0, 0, 1346, 763, 0, 0, 2, 2, 0, 0, 0, 0]),
 (11, [528, 10, 0, 0, 0, 1346, 763, 0, 0, 2, 2, 0, 2, 0, 0]),
 (11, [528, 10, 0, 0, 0, 1346, 763, 0, 0, 2, 2, 0, 2, 0, 0]),
 (11, [528, 10, 0, 0, 0, 1346, 763, 0, 0, 2, 2, 0, 2, 0, 0]),
 (11, [528, 10, 0, 0, 0, 1346, 763, 0, 0, 2, 2, 0, 1, 0, 0]),
 (11, [528, 10, 1, 0, 0, 1346, 763, 0, 0, 2, 2, 0, 2, 0, 0]),
 (11, [528, 10, 0, 0, 0, 1346, 763, 0, 0, 2, 2, 0, 2, 0, 0]),
 (11, [528, 10, 0, 0, 0, 1346, 763, 0, 0, 2, 2, 0, 2, 0, 0]),
 (11, [528, 10, 0, 0, 0, 1346, 763, 0, 0, 2, 2, 0, 2, 0, 0]),
 (11, [528, 10, 0, 0, 0, 1346, 763, 0, 0, 2, 2, 0, 2, 0, 0]),
 (11, [528, 10, 0, 0, 0, 1346, 763, 0, 0, 2, 2, 0, 2, 0, 0]),
 (11, [528, 10, 0, 0, 0, 1346, 763, 0, 0, 2, 2, 0, 2, 0, 0])]
Elapsed time is 4855.518281 seconds.
