genes: 15
individuals : 16
pressure: 5
mutation_chance: 0
generations: 15
crossover_type: 1
mutation_type_random: 0

Población de 16 individuos durante 15 generaciones
Población inicial:
[(999, [2016, 20, 1, 0, 1, 1297, 1340, 0, 0, 3, 2, 0, 1, 0, 2]),
 (999, [1547, 57, 0, 0, 1, 1216, 1922, 1, 1, 3, 0, 1, 0, 1, 1]),
 (999, [1532, 73, 0, 0, 0, 918, 1375, 1, 1, 3, 2, 0, 1, 0, 0]),
 (999, [1102, 87, 1, 0, 1, 1646, 1664, 1, 1, 2, 5, 0, 2, 1, 1]),
 (999, [955, 72, 1, 0, 0, 602, 1365, 0, 1, 1, 5, 1, 0, 0, 2]),
 (999, [869, 62, 1, 1, 0, 1635, 694, 0, 1, 3, 5, 1, 0, 1, 1]),
 (14, [1769, 59, 0, 0, 1, 1341, 609, 1, 1, 1, 2, 1, 0, 0, 1]),
 (14, [1429, 70, 0, 1, 1, 633, 1473, 0, 0, 0, 0, 1, 2, 0, 0]),
 (14, [1358, 32, 1, 1, 1, 1238, 1661, 0, 1, 1, 2, 1, 1, 1, 1]),
 (14, [903, 93, 1, 1, 0, 1596, 1987, 1, 0, 2, 0, 1, 1, 0, 0]),
 (14, [517, 100, 1, 1, 0, 1926, 2003, 1, 1, 2, 0, 1, 2, 1, 2]),
 (11, [2040, 44, 0, 1, 0, 1318, 1631, 1, 0, 2, 3, 0, 1, 0, 1]),
 (11, [1862, 44, 1, 1, 0, 788, 1282, 1, 0, 2, 1, 0, 0, 2, 0]),
 (11, [1517, 39, 0, 1, 0, 1203, 1438, 1, 1, 2, 3, 0, 2, 0, 2]),
 (11, [1354, 90, 0, 1, 0, 1282, 1770, 0, 0, 2, 1, 0, 2, 2, 2]),
 (11, [680, 120, 1, 0, 0, 1765, 1527, 1, 1, 1, 2, 0, 2, -1, 2])]
Población final:
[(999, [680, 89, 0, 1, -1, 1282, 1770, 0, 0, 0, 0, 0, 2, 2, 0]),
 (999, [680, 89, 0, 1, -1, 1282, 1770, 0, -1, 1, 1, 0, 2, 2, -1]),
 (11, [680, 89, 0, 1, 0, 1282, 1770, 0, 0, 0, 0, 0, 2, 2, 0]),
 (11, [680, 89, 0, 1, 0, 1282, 1770, 0, 0, 1, 0, 0, 2, 3, 0]),
 (11, [680, 89, 0, 1, 0, 1282, 1770, 0, -1, 1, 1, 0, 2, 2, 0]),
 (11, [680, 89, 0, 1, 0, 1282, 1770, 0, -1, 1, 1, 0, 2, 2, 0]),
 (11, [680, 89, 0, 1, 0, 1282, 1770, 0, -1, 1, 1, 0, 1, 2, 0]),
 (11, [680, 89, 0, 1, 0, 1282, 1770, 0, -1, 1, 1, 0, 2, 2, 0]),
 (11, [680, 89, 0, 1, 0, 1282, 1770, 0, -1, 1, 1, 0, 2, 2, 0]),
 (11, [680, 89, 0, 1, 0, 1282, 1769, 0, -1, 1, 1, 0, 2, 2, 0]),
 (11, [680, 89, 0, 2, 0, 1282, 1770, 0, -1, 1, 1, 0, 2, 2, -1]),
 (11, [680, 89, 0, 1, 0, 1282, 1770, 0, -1, 1, 1, 0, 2, 2, -1]),
 (11, [680, 89, 0, 1, 0, 1282, 1770, 0, -1, 1, 0, 0, 2, 2, 0]),
 (11, [680, 89, 0, 1, 0, 1282, 1770, 0, -1, 1, 0, 0, 2, 2, 0]),
 (11, [680, 89, 0, 1, 0, 1282, 1770, 0, -1, 1, 0, 0, 2, 2, 0]),
 (11, [680, 89, 0, 1, -1, 1282, 1770, 0, 0, 1, 0, 0, 2, 2, 0])]
Elapsed time is 1851.271980 seconds.
