genes: 13
individuals : 32
pressure: 5
mutation_chance: 0
generations: 15
crossover_type: 1
mutation_type_random: 1

Población de 32 individuos durante 15 generaciones
Población inicial:
[(999, [1992, 80, 0, 0, 0, 1994, 1339, 1, 0, 3, 5, 0, 0]),
 (999, [1986, 26, 1, 1, 1, 2025, 866, 1, 1, 3, 4, 0, 0]),
 (999, [1902, 62, 1, 1, 1, 1783, 779, 1, 0, 0, 5, 1, 2]),
 (999, [1846, 103, 1, 0, 0, 609, 1726, 0, 0, 3, 4, 1, 2]),
 (999, [1547, 49, 0, 1, 1, 1146, 1916, 1, 0, 1, 4, 1, 0]),
 (999, [1437, 102, 0, 0, 1, 1855, 1261, 1, 0, 1, 4, 1, 0]),
 (999, [1402, 21, 0, 1, 1, 543, 1831, 0, 0, 3, 1, 1, 1]),
 (999, [1357, 102, 1, 1, 0, 1021, 1369, 1, 0, 3, 4, 1, 1]),
 (999, [1289, 99, 0, 1, 0, 543, 591, 1, 1, 1, 3, 1, 1]),
 (999, [1208, 102, 0, 0, 1, 528, 1805, 1, 0, 1, 4, 1, 1]),
 (999, [1175, 114, 1, 0, 1, 1948, 971, 0, 1, 0, 5, 1, 1]),
 (999, [928, 29, 1, 0, 1, 1969, 1482, 0, 1, 3, 4, 0, 2]),
 (999, [918, 24, 1, 1, 1, 1123, 692, 1, 0, 3, 2, 0, 2]),
 (999, [846, 37, 1, 0, 0, 1468, 1617, 0, 0, 3, 0, 0, 2]),
 (999, [768, 17, 1, 1, 0, 1732, 1856, 0, 1, 1, 2, 0, 2]),
 (999, [698, 117, 1, 1, 0, 1048, 809, 1, 0, 1, 4, 1, 1]),
 (999, [668, 113, 1, 0, 0, 2031, 727, 0, 0, 0, 5, 1, 1]),
 (999, [642, 18, 1, 1, 1, 989, 1553, 1, 0, 3, 5, 1, 2]),
 (999, [625, 57, 1, 0, 1, 787, 773, 0, 0, 3, 0, 0, 0]),
 (999, [537, 111, 1, 1, 0, 1216, 1119, 0, 1, 2, 5, 1, 2]),
 (4, [1988, 54, 1, 0, 0, 1701, 630, 0, 1, 2, 1, 1, 1]),
 (4, [1956, 56, 1, 1, 0, 1860, 1041, 1, 0, 0, 2, 1, 1]),
 (4, [1553, 114, 0, 0, 0, 762, 1594, 0, 0, 2, 1, 1, 0]),
 (4, [1377, 57, 0, 0, 0, 927, 1961, 1, 0, 2, 1, 0, 2]),
 (4, [1271, 65, 1, 0, 1, 721, 1515, 0, 0, 0, 3, 0, 1]),
 (4, [962, 16, 1, 0, 0, 1377, 975, 1, 0, 0, 1, 1, 2]),
 (4, [946, 95, 0, 1, 0, 982, 1830, 1, 0, 0, 3, 1, 1]),
 (4, [915, 105, 1, 0, 0, 1606, 1376, 0, 1, 0, 0, 0, 0]),
 (4, [880, 84, 1, 1, 0, 1298, 1432, 1, 1, 2, 4, 1, 1]),
 (4, [641, 118, 1, 0, 0, 1880, 1905, 0, 1, 0, 1, 0, 0]),
 (4, [599, 63, 1, 1, 0, 1080, 1086, 1, 1, 0, 2, 0, 0]),
 (4, [569, 31, 1, 0, 1, 1314, 1040, 0, 1, 0, 1, 1, 1])]
Población final:
[(4, [526, 14, 0, 0, 0, 847, 801, 0, 1, 0, 4, 1, 1]),
 (4, [526, 14, 0, 0, 0, 847, 801, 0, 1, 0, 4, 1, 2]),
 (4, [526, 14, 0, 0, 0, 847, 801, 0, 1, 0, 4, 1, 1]),
 (4, [526, 14, 0, 0, 0, 847, 801, 0, 1, 0, 4, 1, 1]),
 (4, [526, 14, 0, 0, 0, 847, 801, 0, 1, 0, 4, 1, 1]),
 (4, [526, 14, 0, 0, 0, 847, 801, 0, 1, 0, 4, 1, 1]),
 (4, [526, 14, 0, 0, 0, 847, 801, 0, 1, 0, 4, 1, 1]),
 (4, [526, 14, 1, 0, 0, 847, 801, 0, 1, 0, 1, 1, 1]),
 (4, [526, 14, 0, 0, 0, 847, 801, 0, 1, 0, 1, 1, 1]),
 (4, [526, 14, 1, 0, 0, 847, 801, 0, 1, 0, 1, 1, 1]),
 (4, [526, 14, 0, 0, 0, 847, 801, 0, 1, 0, 1, 1, 1]),
 (4, [526, 14, 0, 0, 0, 847, 801, 0, 0, 0, 1, 1, 1]),
 (4, [526, 14, 0, 0, 0, 847, 801, 0, 1, 0, 1, 1, 1]),
 (4, [526, 14, 0, 0, 0, 847, 801, 0, 1, 0, 0, 1, 1]),
 (4, [526, 14, 0, 0, 0, 847, 801, 0, 1, 0, 1, 1, 1]),
 (4, [526, 14, 0, 0, 0, 847, 801, 0, 1, 0, 1, 1, 1]),
 (4, [526, 14, 0, 0, 0, 847, 801, 0, 1, 0, 1, 1, 1]),
 (4, [526, 14, 0, 0, 0, 847, 801, 0, 1, 0, 4, 1, 1]),
 (4, [526, 14, 0, 0, 0, 847, 801, 0, 1, 0, 1, 1, 1]),
 (4, [526, 14, 0, 0, 0, 847, 801, 0, 1, 0, 1, 1, 1]),
 (4, [526, 14, 0, 0, 0, 847, 801, 0, 1, 3, 1, 1, 1]),
 (4, [526, 14, 0, 0, 0, 847, 801, 0, 1, 0, 1, 1, 0]),
 (4, [526, 14, 0, 0, 0, 847, 801, 0, 1, 0, 1, 1, 1]),
 (4, [1584, 14, 0, 0, 0, 847, 801, 0, 0, 0, 4, 1, 1]),
 (4, [526, 14, 0, 0, 0, 847, 801, 0, 0, 0, 4, 1, 1]),
 (4, [526, 14, 0, 0, 0, 847, 801, 0, 1, 0, 4, 1, 1]),
 (4, [526, 14, 0, 0, 0, 847, 801, 0, 0, 0, 4, 1, 1]),
 (4, [526, 14, 0, 0, 0, 847, 801, 0, 0, 0, 4, 1, 1]),
 (4, [526, 14, 0, 0, 0, 847, 801, 0, 0, 0, 4, 1, 1]),
 (4, [526, 14, 0, 0, 0, 847, 801, 0, 0, 0, 4, 1, 1]),
 (4, [526, 14, 0, 0, 0, 847, 801, 0, 0, 0, 1, 1, 1]),
 (4, [526, 14, 0, 0, 0, 847, 801, 0, 0, 0, 1, 1, 1])]
Elapsed time is 6124.716501 seconds.
