genes: 13
individuals : 16
pressure: 5
mutation_chance: 0
generations: 15
crossover_type: 1
mutation_type_random: 1

Población de 16 individuos durante 15 generaciones
Población inicial:
[(999, [1974, 108, 0, 0, 1, 1487, 515, 0, 1, 2, 5, 1, 1]),
 (999, [1844, 57, 0, 0, 1, 1807, 1979, 0, 0, 1, 4, 1, 2]),
 (999, [1679, 11, 1, 1, 1, 1475, 1128, 1, 0, 3, 3, 0, 2]),
 (999, [1658, 58, 1, 0, 0, 1980, 1172, 1, 1, 3, 2, 0, 0]),
 (999, [1504, 76, 1, 0, 1, 1757, 699, 0, 0, 1, 1, 0, 2]),
 (999, [1333, 120, 0, 0, 0, 846, 1482, 1, 0, 1, 3, 0, 0]),
 (999, [1033, 20, 1, 1, 0, 1575, 1902, 0, 1, 1, 0, 0, 0]),
 (999, [959, 34, 0, 1, 1, 1315, 1071, 1, 1, 3, 1, 0, 1]),
 (4, [2018, 93, 0, 0, 0, 1705, 1691, 1, 0, 0, 2, 0, 1]),
 (4, [1751, 75, 0, 0, 1, 1135, 1557, 0, 1, 2, 2, 0, 0]),
 (4, [1746, 60, 0, 1, 1, 655, 1392, 1, 0, 2, 4, 0, 2]),
 (4, [794, 81, 1, 1, 0, 675, 1264, 0, 1, 2, 3, 0, 0]),
 (4, [1154, 118, 1, 0, 1, 1506, 1993, 0, 0, 2, 0, 1, 2]),
 (4, [934, 96, 1, 1, 0, 1482, 547, 1, 1, 0, 4, 0, 2]),
 (4, [580, 51, 0, 1, 0, 853, 1594, 1, 0, 2, 2, 0, 2]),
 (4, [555, 68, 0, 0, 1, 1024, 1802, 0, 1, 2, 4, 1, 0])]
Población final:
[(4, [555, 12, 0, 0, 1, 853, 1064, 0, 0, 0, 2, 0, 2]),
 (4, [555, 12, 0, 0, 0, 853, 1064, 0, 0, 0, 2, 0, 2]),
 (4, [555, 12, 0, 0, 0, 853, 1064, 0, 0, 0, 2, 0, 2]),
 (4, [555, 12, 0, 1, 0, 853, 1064, 0, 0, 0, 2, 0, 2]),
 (4, [555, 12, 0, 0, 0, 853, 1064, 0, 0, 0, 2, 0, 2]),
 (4, [869, 12, 0, 0, 0, 853, 1064, 0, 0, 0, 2, 0, 2]),
 (4, [555, 12, 0, 0, 0, 853, 1064, 0, 0, 0, 2, 0, 2]),
 (4, [555, 12, 0, 0, 0, 853, 1425, 0, 0, 0, 2, 0, 2]),
 (4, [555, 12, 0, 0, 0, 853, 1064, 0, 0, 0, 2, 0, 2]),
 (4, [555, 12, 0, 0, 0, 853, 1064, 0, 0, 0, 2, 0, 2]),
 (4, [555, 12, 0, 0, 0, 853, 1064, 0, 1, 0, 2, 0, 2]),
 (4, [555, 12, 0, 0, 0, 853, 1064, 0, 0, 0, 2, 0, 2]),
 (4, [555, 12, 0, 0, 0, 853, 1064, 0, 0, 0, 2, 0, 2]),
 (4, [555, 12, 0, 0, 0, 853, 1064, 0, 0, 0, 2, 0, 2]),
 (4, [555, 12, 0, 0, 0, 853, 1064, 0, 0, 0, 2, 0, 2]),
 (4, [555, 12, 0, 0, 0, 853, 1064, 0, 0, 0, 2, 0, 2])]
Elapsed time is 2633.262982 seconds.
