genes: 15
individuals : 16
pressure: 5
mutation_chance: 0
generations: 15
crossover_type: 1
mutation_type_random: 0

Población de 16 individuos durante 15 generaciones
Población inicial:
[(999, [1302, 107, 0, 0, 0, 733, 1772, 1, 0, 3, 4, 0, 2, 2, 1]),
 (999, [1296, 95, 0, 1, 1, 593, 1106, 0, 0, 0, 5, 1, 0, 0, 2]),
 (999, [1243, 30, 1, 0, 1, 1133, 608, 0, 0, 3, 1, 0, 1, 1, 1]),
 (999, [785, 115, 1, 0, 1, 1154, 648, 0, 0, 1, 5, 1, 0, 1, 2]),
 (16, [1989, 76, 0, 1, 0, 1920, 1069, 1, 0, 1, 1, 0, 1, 0, 0]),
 (16, [1944, 53, 0, 0, 0, 551, 1873, 0, 0, 1, 1, 0, 1, 1, 2]),
 (16, [1803, 104, 0, 1, 0, 1448, 1951, 0, 0, 0, 2, 0, 1, 2, 0]),
 (16, [1740, 70, 1, 0, 1, 1986, 735, 1, 1, 2, 4, 0, 1, 2, 0]),
 (16, [1566, 100, 1, 1, 1, 1946, 1774, 0, 0, 2, 1, 0, 1, 1, 1]),
 (16, [1561, 71, 0, 1, 0, 835, 1034, 1, 1, 0, 1, 1, 0, 1, 2]),
 (16, [1311, 50, 1, 0, 0, 1439, 1888, 1, 1, 1, 4, 0, 1, 2, 2]),
 (16, [786, 98, 0, 0, 1, 1553, 2041, 0, 1, 1, 2, 1, 2, 0, 1]),
 (12, [1970, 39, 0, 1, 1, 1867, 1109, 0, 1, 0, 2, 0, 0, 1, 1]),
 (12, [1048, 83, 1, 0, 1, 1549, 1565, 1, 0, 1, 2, 0, 1, 0, 0]),
 (12, [1047, 50, 0, 1, 0, 1838, 1177, 1, 1, 0, 2, 1, 2, 2, 3]),
 (12, [773, 106, 1, 0, 0, 1771, 1498, 1, 0, 1, 0, 0, 2, 2, 2])]
Población final:
[(16, [773, 105, 0, -1, 1, 1867, 1109, 0, 1, 0, 2, 0, 0, 1, 1]),
 (16, [773, 105, 0, -1, 1, 1867, 1109, 0, 1, 0, 2, 0, 0, 1, 1]),
 (12, [773, 105, 0, -1, 1, 1867, 1109, 0, 1, -1, 2, 0, 0, 1, 1]),
 (12, [773, 105, 0, -1, 1, 1867, 1109, 0, 1, 0, 2, 0, 0, 1, 1]),
 (12, [773, 105, 0, -1, 1, 1867, 1109, 0, 1, 0, 2, 0, 0, 1, 1]),
 (12, [773, 105, 0, -1, 0, 1867, 1109, 0, 1, 0, 2, 0, 0, 1, 1]),
 (12, [773, 105, 0, -1, 1, 1867, 1110, 0, 1, 0, 2, 0, 0, 1, 1]),
 (12, [773, 105, 0, -1, 1, 1867, 1109, 0, 1, 0, 2, 0, 0, 1, 1]),
 (12, [773, 105, 0, -1, 1, 1867, 1109, 0, 1, 0, 2, 0, 0, 1, 1]),
 (12, [773, 106, 0, -1, 1, 1867, 1109, 0, 1, 0, 2, 0, 0, 1, 1]),
 (12, [773, 105, 0, -1, 1, 1867, 1109, 0, 1, 0, 2, 0, 0, 1, 1]),
 (12, [773, 105, 0, -1, 1, 1867, 1109, 0, 1, 0, 2, 0, 0, 1, 1]),
 (12, [773, 105, 0, -1, 1, 1867, 1109, 0, 1, 0, 2, 0, 0, 1, 1]),
 (12, [773, 105, 0, -1, 1, 1867, 1109, 0, 1, 0, 2, 0, 0, 1, 1]),
 (12, [773, 105, 0, -1, 1, 1867, 1109, 0, 1, 0, 2, 0, 0, 1, 1]),
 (12, [773, 105, 0, -1, 1, 1867, 1109, 0, 0, 0, 2, 0, 0, 1, 1])]
Elapsed time is 3364.724735 seconds.
