genes: 15
individuals : 32
pressure: 5
mutation_chance: 0
generations: 15
crossover_type: 1
mutation_type_random: 1

Población de 32 individuos durante 15 generaciones
Población inicial:
[(999, [1876, 112, 0, 1, 1, 563, 1154, 0, 1, 1, 5, 0, 1, 2, 1]),
 (999, [1874, 72, 0, 1, 1, 661, 853, 1, 0, 3, 4, 0, 2, 1, 1]),
 (999, [1730, 10, 0, 1, 1, 1208, 942, 1, 0, 0, 5, 0, 0, 2, 1]),
 (999, [1711, 12, 0, 0, 1, 1505, 837, 0, 1, 3, 1, 1, 0, 2, 1]),
 (999, [1626, 79, 0, 0, 0, 729, 1351, 0, 0, 3, 2, 0, 2, 0, 2]),
 (999, [1421, 52, 0, 0, 0, 1184, 1553, 0, 1, 0, 5, 1, 1, 0, 0]),
 (999, [1380, 105, 1, 0, 0, 1375, 590, 1, 1, 3, 4, 0, 1, 0, 0]),
 (999, [1209, 86, 1, 0, 0, 1927, 1768, 0, 0, 3, 5, 0, 2, 2, 0]),
 (999, [1199, 87, 0, 0, 1, 1642, 1888, 1, 1, 0, 5, 1, 1, 2, 1]),
 (999, [1010, 114, 0, 0, 1, 1941, 1123, 0, 0, 2, 5, 0, 2, 0, 0]),
 (999, [1008, 95, 1, 1, 1, 811, 1520, 0, 0, 0, 5, 1, 1, 0, 2]),
 (999, [747, 50, 1, 1, 0, 1695, 2009, 0, 1, 0, 5, 1, 0, 2, 2]),
 (999, [742, 41, 0, 1, 0, 869, 1052, 0, 1, 3, 3, 0, 1, 2, 2]),
 (16, [1041, 115, 1, 1, 0, 930, 1360, 1, 1, 2, 0, 0, 1, 1, 2]),
 (16, [1026, 41, 0, 1, 0, 1707, 2024, 0, 1, 0, 1, 1, 2, 0, 2]),
 (16, [590, 52, 0, 1, 1, 1992, 1877, 0, 0, 1, 1, 1, 0, 1, 0]),
 (12, [1855, 110, 1, 0, 1, 1235, 951, 1, 0, 2, 3, 1, 1, 0, 2]),
 (12, [1853, 42, 0, 1, 0, 706, 1715, 0, 1, 1, 3, 1, 1, 0, 0]),
 (12, [1846, 47, 0, 1, 1, 1784, 1906, 0, 1, 2, 3, 0, 1, 0, 2]),
 (12, [1805, 90, 0, 1, 1, 580, 1527, 1, 1, 1, 3, 1, 2, 1, 0]),
 (12, [1779, 10, 0, 0, 0, 951, 1012, 0, 0, 1, 2, 0, 1, 2, 2]),
 (12, [1638, 78, 1, 1, 0, 738, 1621, 0, 0, 2, 2, 1, 0, 2, 1]),
 (12, [1606, 33, 1, 0, 0, 1074, 1655, 0, 1, 0, 1, 0, 1, 0, 1]),
 (12, [1462, 74, 0, 0, 1, 1497, 859, 1, 1, 0, 0, 1, 0, 1, 1]),
 (12, [1446, 86, 1, 0, 1, 1653, 1446, 0, 0, 2, 2, 0, 0, 1, 0]),
 (12, [1394, 47, 0, 1, 0, 935, 1839, 0, 1, 1, 4, 0, 1, 1, 1]),
 (12, [1246, 49, 0, 0, 1, 1729, 540, 0, 1, 2, 4, 1, 2, 2, 2]),
 (12, [1238, 95, 0, 1, 1, 612, 669, 0, 0, 2, 1, 0, 0, 2, 2]),
 (12, [1218, 53, 0, 0, 0, 870, 2013, 0, 1, 1, 1, 0, 0, 2, 0]),
 (12, [1176, 45, 0, 0, 1, 1816, 821, 0, 0, 0, 2, 0, 0, 2, 0]),
 (12, [750, 55, 0, 0, 1, 981, 547, 0, 1, 2, 0, 1, 2, 1, 0]),
 (12, [520, 49, 0, 0, 1, 1710, 1915, 0, 0, 2, 2, 1, 1, 0, 2])]
Población final:
[(16, [520, 31, 0, 0, 0, 527, 821, 0, 0, 0, 1, 0, 0, 0, 0]),
 (16, [520, 31, 0, 0, 0, 527, 821, 0, 0, 0, 1, 0, 0, 0, 0]),
 (16, [520, 31, 0, 0, 0, 527, 821, 0, 0, 0, 1, 0, 0, 0, 0]),
 (12, [520, 31, 0, 0, 0, 527, 821, 0, 0, 0, 1, 1, 0, 0, 0]),
 (12, [520, 31, 0, 0, 0, 527, 821, 0, 0, 0, 1, 0, 0, 2, 0]),
 (12, [520, 31, 0, 0, 0, 527, 821, 0, 0, 1, 1, 0, 0, 0, 0]),
 (12, [520, 31, 0, 0, 0, 527, 821, 0, 0, 0, 1, 0, 0, 0, 0]),
 (12, [520, 31, 0, 0, 1, 527, 821, 0, 0, 0, 1, 0, 0, 0, 0]),
 (12, [520, 31, 0, 0, 0, 527, 821, 0, 0, 0, 1, 0, 0, 0, 0]),
 (12, [520, 31, 0, 0, 0, 527, 821, 0, 0, 0, 1, 0, 0, 0, 0]),
 (12, [1263, 31, 0, 0, 0, 527, 821, 0, 0, 0, 1, 0, 0, 0, 0]),
 (12, [520, 31, 0, 0, 0, 527, 821, 0, 0, 0, 1, 0, 0, 0, 0]),
 (12, [520, 31, 0, 0, 0, 527, 821, 0, 0, 0, 1, 0, 0, 0, 0]),
 (12, [520, 31, 0, 0, 0, 527, 821, 0, 0, 0, 1, 0, 0, 0, 0]),
 (12, [520, 31, 0, 0, 0, 527, 821, 0, 0, 0, 1, 0, 0, 0, 0]),
 (12, [520, 31, 0, 0, 0, 1018, 821, 0, 0, 0, 1, 0, 0, 0, 0]),
 (12, [860, 31, 0, 0, 0, 527, 821, 0, 0, 0, 1, 0, 0, 0, 0]),
 (12, [520, 84, 0, 0, 0, 527, 821, 0, 0, 0, 1, 0, 0, 0, 0]),
 (12, [520, 31, 0, 0, 0, 527, 821, 0, 0, 1, 1, 0, 0, 0, 0]),
 (12, [520, 31, 0, 0, 0, 527, 821, 0, 0, 0, 1, 0, 0, 0, 0]),
 (12, [520, 31, 0, 0, 0, 527, 821, 0, 0, 0, 1, 0, 0, 0, 0]),
 (12, [520, 31, 0, 0, 0, 527, 821, 0, 0, 0, 1, 0, 0, 0, 0]),
 (12, [520, 31, 0, 0, 0, 527, 821, 0, 0, 0, 1, 1, 0, 0, 0]),
 (12, [520, 31, 0, 0, 0, 527, 821, 0, 0, 3, 1, 0, 0, 0, 0]),
 (12, [520, 31, 0, 0, 0, 527, 864, 0, 0, 0, 1, 0, 0, 0, 0]),
 (12, [520, 31, 0, 0, 0, 527, 821, 0, 0, 0, 1, 0, 0, 0, 0]),
 (12, [520, 31, 0, 0, 0, 527, 821, 0, 0, 0, 1, 0, 0, 0, 0]),
 (12, [520, 31, 0, 0, 0, 527, 821, 0, 0, 0, 1, 0, 0, 0, 0]),
 (12, [520, 31, 0, 0, 0, 527, 821, 0, 0, 0, 0, 0, 0, 0, 0]),
 (12, [520, 31, 0, 0, 0, 527, 821, 0, 0, 0, 0, 0, 0, 0, 0]),
 (12, [520, 31, 0, 0, 0, 527, 821, 0, 0, 0, 0, 0, 0, 0, 0]),
 (12, [520, 31, 0, 0, 0, 527, 821, 0, 0, 0, 0, 0, 0, 0, 0])]
Elapsed time is 7115.053722 seconds.
