genes: 15
individuals : 16
pressure: 5
mutation_chance: 0
generations: 15
crossover_type: 1
mutation_type_random: 0

Población de 16 individuos durante 15 generaciones
Población inicial:
[(999, [1643, 14, 0, 0, 1, 516, 800, 0, 1, 3, 2, 0, 2, 2, 0]),
 (999, [1469, 44, 0, 1, 1, 1866, 1010, 0, 1, 3, 4, 0, 0, 2, 0]),
 (999, [1457, 96, 0, 0, 1, 995, 896, 0, 0, 2, 5, 1, 2, 1, 2]),
 (999, [1160, 56, 1, 0, 0, 1922, 1055, 0, 0, 3, 4, 0, 2, 2, 2]),
 (999, [709, 45, 1, 1, 0, 636, 891, 1, 1, 0, 5, 0, 0, 2, 2]),
 (999, [522, 84, 1, 0, 0, 1212, 1444, 1, 1, 3, 2, 0, 2, 1, 1]),
 (12, [1883, 53, 1, 1, 0, 1100, 1056, 1, 1, 0, 1, 1, 2, 1, 0]),
 (12, [1600, 38, 0, 1, 0, 1823, 1881, 0, 0, 0, 3, 1, 2, 2, 2]),
 (12, [1537, 28, 0, 0, 0, 1362, 1127, 1, 1, 1, 0, 1, 2, 1, 2]),
 (12, [1458, 48, 0, 0, 1, 1991, 1022, 0, 1, 0, 3, 1, 2, 1, 0]),
 (12, [1338, 83, 1, 0, 0, 1590, 1696, 0, 1, 1, 1, 0, 2, 2, 1]),
 (12, [1044, 34, 1, 1, 0, 740, 1905, 1, 1, 2, 4, 0, 0, 1, 0]),
 (12, [909, 78, 1, 0, 1, 1419, 1163, 0, 1, 2, 4, 1, 0, 2, 0]),
 (12, [799, 60, 0, 1, 0, 1421, 1229, 1, 1, 1, 3, 0, 1, 2, 1]),
 (12, [608, 108, 0, 0, 0, 1861, 755, 1, 1, 0, 3, 1, 1, 2, 0]),
 (12, [571, 14, 1, 0, 1, 1706, 591, 1, 1, 2, 4, 1, 2, 0, 2])]
Población final:
[(16, [571, 13, 1, 0, 1, 1706, 590, 1, 1, 0, 3, 1, 1, 2, 0]),
 (16, [571, 13, 1, 0, 1, 1706, 590, 1, 0, 0, 3, 1, 1, 2, 0]),
 (16, [571, 13, 1, 0, 1, 1706, 590, 1, 1, 0, 3, 1, 1, 2, 0]),
 (16, [571, 13, 1, 0, 1, 1706, 590, 1, 1, 0, 3, 1, 0, 2, 0]),
 (16, [571, 13, 1, 0, 1, 1706, 590, 1, 0, -1, 3, 1, 1, 2, 0]),
 (12, [571, 12, 1, 0, 1, 1706, 591, 1, 0, 0, 3, 1, 1, 2, 0]),
 (12, [571, 13, 1, 0, 1, 1706, 590, 1, 1, 0, 3, 1, 1, 2, 0]),
 (12, [571, 13, 1, -1, 1, 1706, 590, 1, 1, 0, 3, 1, 1, 2, 0]),
 (12, [571, 13, 1, 0, 1, 1706, 590, 1, 1, 0, 3, 1, 1, 2, 0]),
 (12, [571, 13, 1, 0, 1, 1706, 590, 1, 1, 0, 3, 1, 1, 2, 0]),
 (12, [571, 13, 1, 0, 1, 1706, 590, 1, 1, 0, 3, 1, 1, 2, 0]),
 (12, [571, 13, 1, 0, 1, 1706, 590, 1, 1, 0, 3, 1, 1, 2, 0]),
 (12, [571, 13, 1, 0, 1, 1706, 590, 1, 1, 0, 3, 1, 1, 2, 0]),
 (12, [571, 13, 1, 0, 1, 1706, 590, 1, 1, 0, 3, 1, 1, 2, 0]),
 (12, [571, 13, 1, 0, 1, 1706, 590, 1, 1, 0, 3, 1, 1, 2, 0]),
 (12, [571, 13, 1, 0, 1, 1706, 590, 1, 1, 0, 3, 1, 1, 2, 0])]
Elapsed time is 3582.119650 seconds.
