genes: 15
individuals : 32
pressure: 5
mutation_chance: 0
generations: 15
crossover_type: 2
mutation_type_random: 0
Población de 32 individuos durante 15 generaciones
Población inicial:
[(999, [2036, 95, 1, 0, 1, 635, 1146, 1, 1, 1, 5, 1, 1, 2, 2]),
 (999, [1852, 69, 0, 0, 0, 1751, 1936, 1, 1, 2, 5, 1, 1, 2, 2]),
 (999, [1502, 27, 1, 1, 0, 670, 895, 1, 0, 2, 5, 0, 2, 1, 2]),
 (999, [1424, 118, 0, 1, 0, 1463, 1679, 0, 1, 3, 4, 1, 1, 0, 2]),
 (999, [1410, 75, 1, 0, 0, 1092, 2048, 0, 0, 2, 5, 0, 0, 1, 2]),
 (999, [1330, 96, 1, 0, 0, 1170, 523, 1, 0, 2, 5, 1, 2, 1, 0]),
 (999, [1136, 42, 0, 0, 1, 1267, 1458, 1, 1, 2, 5, 0, 2, 1, 0]),
 (999, [990, 59, 0, 0, 0, 1023, 1897, 1, 0, 0, 5, 1, 0, 2, 1]),
 (999, [927, 18, 1, 0, 0, 1109, 1591, 0, 1, 0, 5, 1, 1, 1, 2]),
 (999, [915, 17, 1, 0, 1, 1932, 1187, 1, 1, 3, 3, 0, 0, 0, 2]),
 (999, [877, 87, 0, 0, 0, 1853, 1290, 0, 1, 0, 5, 0, 1, 2, 0]),
 (999, [827, 89, 1, 1, 0, 737, 1632, 0, 0, 3, 2, 0, 1, 0, 0]),
 (999, [539, 85, 0, 1, 1, 1308, 987, 0, 0, 3, 1, 0, 0, 2, 1]),
 (16, [1993, 41, 1, 0, 0, 1564, 1879, 1, 1, 2, 4, 1, 2, 2, 0]),
 (16, [1903, 43, 1, 0, 1, 1081, 1555, 0, 1, 2, 3, 0, 1, 1, 1]),
 (16, [652, 57, 1, 1, 0, 1270, 1499, 0, 0, 0, 2, 1, 0, 1, 1]),
 (12, [2035, 30, 0, 0, 1, 898, 1481, 0, 1, 2, 0, 1, 0, 1, 1]),
 (12, [1998, 67, 1, 1, 1, 1039, 1292, 0, 1, 2, 1, 0, 2, 2, 1]),
 (12, [1855, 109, 1, 0, 1, 565, 916, 1, 1, 1, 4, 1, 2, 0, 2]),
 (12, [1789, 52, 1, 0, 0, 1016, 660, 1, 1, 0, 1, 1, 1, 1, 0]),
 (12, [1785, 11, 1, 1, 1, 1207, 2026, 1, 1, 1, 0, 1, 2, 0, 0]),
 (12, [1772, 45, 0, 1, 0, 945, 1840, 1, 1, 2, 4, 0, 1, 0, 1]),
 (12, [1760, 62, 0, 0, 0, 1751, 1390, 0, 1, 0, 4, 0, 2, 2, 0]),
 (12, [1395, 60, 0, 1, 1, 1954, 1889, 0, 0, 1, 0, 1, 1, 0, 0]),
 (12, [1294, 97, 1, 0, 0, 844, 1325, 0, 1, 0, 1, 1, 0, 2, 2]),
 (12, [1153, 109, 0, 1, 0, 913, 1354, 0, 0, 1, 2, 1, 0, 0, 2]),
 (12, [1012, 21, 1, 0, 0, 1916, 1352, 0, 1, 1, 3, 1, 0, 1, 2]),
 (12, [970, 57, -1, 1, 0, 1396, 1849, 1, 1, 0, 2, 0, 1, 0, 1]),
 (12, [892, 23, 0, 0, 1, 964, 1042, 1, 1, 2, 4, 2, 0, 1, 1]),
 (12, [785, 42, 1, 0, 1, 765, 1647, 2, 0, 1, 4, 0, 1, 2, 1]),
 (12, [557, 83, 0, 1, 0, 886, 1209, 0, 1, 2, 3, 1, 0, 2, 1]),
 (12, [536, 19, 0, 1, 0, 1863, 980, 0, 0, 0, 0, 0, 0, 1, 1])]
Población final:
[(16, [535, 15, 0, 0, 0, 964, 1042, 1, 0, 0, 0, 0, 0, 1, 1]),
 (16, [535, 15, 0, 0, 0, 964, 1042, 1, 0, 0, 0, 0, 0, 1, 1]),
 (16, [535, 15, 1, 0, 0, 964, 1042, 1, 0, 0, 0, 0, 0, 1, 1]),
 (16, [535, 15, 0, 0, 0, 964, 1042, 1, -1, 0, 0, 0, 0, 1, 1]),
 (12, [536, 19, 0, 0, 0, 964, 1042, 1, 0, 0, 0, 0, 0, 1, 1]),
 (12, [536, 19, -1, 0, 0, 964, 1042, 1, 0, 0, 0, 0, 0, 1, 1]),
 (12, [536, 19, 0, 0, 0, 964, 1042, 1, 0, 0, 0, 0, 0, 1, 1]),
 (12, [536, 17, 0, 0, 0, 964, 1042, 1, 0, 0, 0, 0, 0, 0, 1]),
 (12, [535, 17, 0, 0, 0, 964, 1042, 1, 0, 0, 0, 0, 0, 2, 1]),
 (12, [535, 17, 0, 0, 0, 964, 1042, 1, -1, 0, 0, 0, 0, 1, 1]),
 (12, [535, 17, 0, 0, 0, 964, 1042, 1, 0, 0, 0, 0, 0, 0, 1]),
 (12, [535, 17, 0, 0, 0, 964, 1042, 1, 0, 0, 0, 0, 0, 1, 0]),
 (12, [535, 15, 0, 0, 0, 964, 1042, 1, 0, 0, 0, 0, 0, 1, 1]),
 (12, [535, 15, 0, 0, 0, 964, 1042, 1, 0, 0, 0, 0, 0, 1, 1]),
 (12, [535, 15, 0, 0, 0, 964, 1042, 1, 0, 0, 0, 0, 0, 1, 1]),
 (12, [535, 15, 0, 0, 0, 964, 1042, 1, 0, 0, 0, 0, 0, 1, 1]),
 (12, [535, 15, 0, 0, 0, 964, 1042, 1, 0, 0, 0, 0, 0, 1, 1]),
 (12, [535, 15, 0, 0, 0, 964, 1042, 1, 0, 0, 0, 0, 0, 1, 1]),
 (12, [535, 15, 0, 0, 0, 964, 1042, 1, 0, 0, 0, 0, 0, 1, 1]),
 (12, [535, 15, 0, 0, 0, 964, 1042, 1, 0, 0, 0, 0, 0, 0, 1]),
 (12, [535, 15, 0, 0, 0, 964, 1042, 1, 0, 0, 0, 0, 0, 1, 1]),
 (12, [535, 15, 0, 0, 0, 964, 1042, 1, 0, 0, 0, 0, 0, 1, 1]),
 (12, [535, 15, 0, 0, 0, 964, 1042, 1, 0, 0, 0, 0, 0, 1, 1]),
 (12, [535, 16, 0, 0, 0, 964, 1042, 1, -1, 0, 0, 0, 0, 1, 1]),
 (12, [535, 15, 0, 0, 0, 964, 1042, 1, -1, 0, 0, 0, 0, 1, 1]),
 (12, [535, 15, 0, 0, 0, 964, 1042, 1, -1, 0, 0, 0, 0, 1, 1]),
 (12, [535, 16, 0, 0, 0, 964, 1042, 1, -1, 0, 0, 0, 0, 1, 1]),
 (12, [535, 15, 0, 0, 0, 964, 1042, 1, -1, 0, 0, 0, 0, 1, 1]),
 (12, [535, 15, 0, 0, 0, 964, 1042, 1, -1, 0, 0, 0, 0, 1, 1]),
 (12, [535, 15, 0, 0, 0, 964, 1042, 1, -1, 0, 0, 0, 0, 1, 1]),
 (6, [536, 19, 0, 0, 0, 964, 1042, 1, 0, 0, 0, 0, 0, 1, 1]),
 (6, [535, 17, 0, 0, 0, 964, 1042, 1, 0, 0, 0, 0, 0, 1, 1])]
Elapsed time is 6730.652601 seconds.
