genes: 13
individuals : 16
pressure: 5
mutation_chance: 0
generations: 15
crossover_type: 2
mutation_type_random: 1

Población de 16 individuos durante 15 generaciones
Población inicial:
[(999, [1984, 33, 1, 1, 0, 1886, 1547, 0, 0, 0, 5, 0, 2]),
 (999, [1846, 76, 0, 0, 1, 1023, 734, 1, 0, 3, 5, 0, 0]),
 (999, [1801, 12, 0, 1, 0, 772, 1984, 0, 0, 3, 3, 1, 2]),
 (999, [1777, 14, 0, 1, 0, 1509, 855, 0, 1, 3, 1, 1, 2]),
 (999, [1655, 118, 1, 0, 0, 1504, 1024, 0, 0, 1, 1, 0, 0]),
 (999, [1502, 105, 0, 1, 0, 1464, 1067, 1, 1, 2, 5, 0, 2]),
 (4, [2045, 54, 1, 1, 0, 1039, 1130, 0, 0, 2, 2, 0, 1]),
 (4, [1682, 118, 1, 1, 0, 1295, 1937, 1, 0, 2, 3, 0, 2]),
 (4, [1677, 93, 0, 1, 1, 876, 534, 0, 1, 2, 4, 0, 1]),
 (4, [1593, 80, 0, 0, 0, 1914, 818, 0, 0, 0, 4, 1, 1]),
 (4, [1492, 15, 0, 1, 0, 1550, 522, 1, 1, 0, 3, 0, 2]),
 (4, [1444, 19, 1, 1, 1, 814, 1437, 1, 1, 2, 0, 1, 2]),
 (4, [1295, 33, 0, 1, 0, 1196, 1217, 0, 0, 2, 2, 1, 2]),
 (4, [1062, 44, 0, 1, 0, 1444, 788, 1, 0, 2, 4, 1, 2]),
 (4, [981, 105, 0, 1, 0, 980, 1514, 1, 0, 0, 1, 1, 0]),
 (4, [897, 101, 1, 0, 1, 917, 1779, 1, 1, 2, 4, 1, 2])]
Población final:
[(4, [794, 27, 0, 0, 0, 1444, 788, 0, 0, 2, 4, 1, 2]),
 (4, [794, 27, 0, 0, 0, 1444, 788, 0, 0, 2, 4, 1, 2]),
 (4, [794, 27, 0, 0, 1, 1444, 788, 0, 0, 2, 4, 1, 2]),
 (4, [794, 27, 0, 0, 0, 1444, 788, 0, 0, 2, 4, 1, 2]),
 (4, [794, 27, 0, 0, 0, 1444, 788, 0, 0, 2, 4, 1, 2]),
 (4, [794, 27, 0, 0, 0, 1444, 788, 0, 0, 2, 5, 1, 2]),
 (4, [602, 48, 0, 0, 0, 1444, 788, 0, 0, 2, 4, 1, 2]),
 (4, [602, 48, 0, 0, 0, 1444, 788, 0, 0, 2, 4, 1, 2]),
 (4, [602, 48, 0, 0, 0, 1444, 788, 0, 0, 2, 4, 1, 2]),
 (4, [602, 48, 0, 0, 0, 1444, 1790, 0, 0, 2, 4, 1, 2]),
 (4, [602, 48, 0, 0, 0, 1444, 788, 0, 0, 2, 4, 1, 2]),
 (4, [602, 48, 0, 0, 0, 1444, 788, 0, 0, 2, 4, 1, 2]),
 (4, [602, 48, 0, 0, 0, 1444, 788, 0, 0, 2, 4, 1, 2]),
 (4, [602, 48, 0, 0, 0, 1444, 788, 0, 0, 2, 4, 1, 2]),
 (4, [602, 48, 0, 0, 0, 1444, 788, 0, 0, 2, 4, 1, 2]),
 (4, [602, 48, 0, 0, 0, 1444, 788, 0, 0, 2, 4, 1, 2])]
Elapsed time is 2654.804120 seconds.
