genes: 15
individuals : 32
pressure: 5
mutation_chance: 0
generations: 15
crossover_type: 1
mutation_type_random: 1
Población de 32 individuos durante 15 generaciones
Población inicial:
[(999, [1981, 95, 0, 0, 1, 1584, 1839, 0, 1, 2, 5, 1, 1, 1, 1]),
 (999, [1752, 28, 0, 0, 1, 627, 1624, 0, 0, 3, 5, 1, 0, 2, 1]),
 (999, [1743, 101, 1, 1, 0, 1557, 1727, 0, 1, 3, 4, 0, 1, 1, 1]),
 (999, [1588, 36, 1, 0, 1, 754, 1478, 1, 1, 3, 0, 1, 1, 2, 0]),
 (999, [1490, 108, 0, 1, 1, 619, 583, 1, 0, 2, 5, 0, 1, 0, 0]),
 (999, [1470, 100, 1, 0, 0, 1159, 1416, 1, 1, 3, 0, 0, 1, 2, 1]),
 (999, [1422, 29, 0, 1, 0, 670, 1512, 1, 0, 3, 1, 1, 0, 2, 0]),
 (999, [1140, 39, 1, 1, 0, 1205, 1794, 0, 0, 3, 1, 1, 1, 2, 0]),
 (999, [913, 19, 0, 0, 1, 1097, 635, 0, 0, 1, 5, 0, 0, 1, 0]),
 (999, [878, 98, 0, 1, 1, 1377, 1816, 0, 0, 3, 3, 0, 0, 1, 1]),
 (999, [845, 59, 0, 1, 1, 1620, 1375, 1, 0, 3, 2, 0, 0, 0, 2]),
 (999, [632, 51, 1, 1, 1, 1604, 916, 0, 1, 3, 1, 0, 1, 1, 0]),
 (999, [627, 54, 1, 1, 0, 1795, 1608, 0, 0, 1, 5, 0, 0, 0, 2]),
 (999, [619, 97, 0, 0, 0, 1368, 1911, 0, 1, 3, 4, 0, 2, 2, 0]),
 (14, [1957, 114, 0, 1, 0, 1336, 887, 1, 1, 1, 2, 1, 2, 2, 1]),
 (14, [1824, 27, 0, 1, 0, 1899, 1689, 0, 1, 1, 2, 1, 2, 1, 1]),
 (14, [1622, 99, 0, 1, 0, 1282, 554, 0, 1, 0, 2, 1, 2, 1, 2]),
 (14, [1222, 52, 1, 1, 1, 1781, 1478, 0, 0, 0, 4, 1, 0, 2, 0]),
 (14, [1220, 14, 1, 1, 1, 962, 1852, 0, 1, 1, 0, 1, 0, 0, 1]),
 (14, [649, 90, 0, 0, 0, 1646, 1101, 1, 1, 0, 3, 1, 1, 1, 1]),
 (14, [602, 81, 0, 0, 0, 1008, 1717, 0, 0, 1, 1, 1, 0, 2, 2]),
 (14, [522, 116, 1, 0, 1, 773, 680, 0, 1, 1, 1, 1, 2, 2, 0]),
 (11, [1882, 12, 1, 0, 0, 1502, 1468, 1, 1, 0, 4, 0, 0, 0, 1]),
 (11, [1495, 25, 0, 1, 1, 618, 1471, 1, 0, 0, 2, 0, 1, 2, 2]),
 (11, [1364, 96, 1, 0, 0, 1341, 1489, 0, 1, 2, 3, 0, 0, 1, 1]),
 (11, [1311, 25, 1, 0, 0, 918, 1155, 1, 1, 0, 4, 0, 2, 2, 1]),
 (11, [1287, 78, 1, 0, 1, 1270, 758, 0, 0, 2, 4, 0, 1, 0, 2]),
 (11, [1246, 89, 1, 1, 0, 1852, 1671, 1, 0, 1, 1, 0, 1, 0, 2]),
 (11, [1122, 50, 0, 1, 0, 595, 1405, 0, 0, 0, 0, 1, 2, 2, 0]),
 (11, [1103, 106, 0, 1, 0, 596, 1576, 1, 0, 2, 0, 0, 2, 1, 0]),
 (11, [1062, 54, 0, 0, 1, 1940, 1595, 1, 0, 0, 4, 0, 0, 2, 1]),
 (11, [637, 49, 1, 0, 0, 1897, 851, 1, 0, 2, 3, 0, 1, 0, 0])]
Población final:
[(11, [539, 18, 0, 0, 0, 595, 851, 0, 0, 2, 0, 0, 0, 0, 0]),
 (11, [539, 18, 0, 1, 0, 595, 851, 0, 0, 0, 0, 0, 0, 0, 0]),
 (11, [539, 18, 0, 0, 0, 595, 851, 0, 0, 0, 0, 0, 0, 0, 0]),
 (11, [539, 18, 0, 0, 0, 595, 851, 0, 0, 0, 0, 0, 0, 0, 0]),
 (11, [539, 18, 0, 0, 0, 595, 851, 0, 0, 3, 0, 0, 0, 0, 0]),
 (11, [539, 18, 0, 0, 0, 595, 851, 0, 0, 0, 0, 0, 0, 0, 0]),
 (11, [539, 18, 0, 0, 0, 595, 851, 0, 0, 0, 0, 0, 0, 0, 0]),
 (11, [539, 18, 0, 0, 0, 595, 851, 0, 0, 0, 0, 0, 0, 0, 0]),
 (11, [539, 18, 0, 0, 0, 595, 851, 0, 0, 0, 0, 0, 0, 0, 0]),
 (11, [539, 18, 0, 0, 1, 595, 851, 0, 0, 0, 0, 0, 0, 0, 0]),
 (11, [539, 18, 0, 1, 0, 595, 851, 0, 0, 0, 0, 0, 0, 0, 0]),
 (11, [539, 18, 0, 0, 0, 595, 851, 0, 0, 0, 0, 0, 0, 0, 1]),
 (11, [539, 18, 0, 0, 0, 595, 851, 0, 0, 0, 0, 0, 0, 0, 0]),
 (11, [539, 18, 0, 0, 0, 595, 851, 0, 0, 0, 0, 0, 0, 0, 0]),
 (11, [539, 18, 1, 0, 0, 595, 851, 0, 0, 0, 0, 0, 0, 0, 0]),
 (11, [539, 18, 0, 0, 0, 595, 851, 0, 0, 0, 0, 0, 0, 0, 0]),
 (11, [539, 18, 0, 0, 0, 595, 851, 0, 0, 0, 0, 0, 1, 0, 0]),
 (11, [539, 18, 0, 0, 0, 595, 851, 0, 0, 0, 0, 1, 0, 0, 0]),
 (11, [539, 18, 0, 0, 0, 2019, 851, 0, 0, 0, 0, 0, 0, 0, 0]),
 (11, [539, 18, 0, 0, 0, 595, 851, 0, 0, 0, 0, 0, 0, 0, 0]),
 (11, [539, 18, 0, 0, 0, 595, 851, 0, 0, 0, 0, 0, 0, 0, 2]),
 (11, [539, 18, 0, 0, 0, 595, 851, 0, 0, 0, 0, 0, 0, 0, 0]),
 (11, [539, 18, 0, 0, 0, 595, 851, 0, 0, 0, 0, 0, 0, 0, 1]),
 (11, [539, 18, 0, 0, 0, 595, 851, 0, 0, 0, 0, 0, 0, 1, 0]),
 (11, [539, 18, 0, 0, 1, 595, 851, 0, 0, 0, 0, 0, 0, 0, 0]),
 (11, [539, 18, 0, 0, 0, 595, 851, 0, 0, 0, 0, 0, 0, 0, 0]),
 (11, [539, 18, 0, 0, 0, 595, 851, 0, 0, 0, 0, 0, 0, 0, 0]),
 (11, [539, 18, 0, 0, 0, 595, 851, 0, 0, 0, 0, 0, 0, 0, 0]),
 (11, [539, 18, 0, 0, 0, 595, 851, 0, 0, 0, 0, 0, 0, 0, 0]),
 (11, [539, 18, 0, 0, 0, 595, 851, 0, 0, 0, 0, 0, 0, 0, 0]),
 (11, [539, 18, 0, 0, 0, 595, 851, 0, 0, 0, 0, 0, 0, 0, 0]),
 (11, [539, 18, 0, 0, 0, 595, 851, 0, 0, 0, 0, 0, 0, 0, 0])]
Elapsed time is 4872.687624 seconds.
