genes: 15
individuals : 32
pressure: 5
mutation_chance: 0
generations: 15
crossover_type: 1
mutation_type_random: 0

Población de 32 individuos durante 15 generaciones
Población inicial:
[(999, [1844, 104, 0, 0, 0, 679, 697, 1, 0, 3, 5, 0, 2, 1, 2]),
 (999, [1816, 91, 0, 1, 0, 597, 877, 0, 0, 3, 4, 0, 1, 0, 2]),
 (999, [1751, 56, 0, 0, 1, 959, 1489, 1, 1, 3, 5, 1, 2, 1, 0]),
 (999, [1735, 107, 1, 1, 1, 1647, 569, 0, 0, 1, 5, 1, 2, 2, 1]),
 (999, [1548, 68, 0, 1, 0, 530, 1734, 1, 0, 3, 1, 0, 2, 1, 2]),
 (999, [1505, 18, 1, 0, 1, 562, 776, 0, 1, 1, 5, 0, 2, 2, 0]),
 (999, [1488, 30, 1, 0, 0, 1933, 1696, 1, 0, 3, 0, 0, 0, 1, 2]),
 (999, [1467, 64, 1, 1, 1, 566, 820, 1, 0, 0, 5, 0, 2, 0, 1]),
 (999, [1436, 113, 0, 0, 0, 1622, 1975, 1, 0, 3, 2, 0, 1, 1, 0]),
 (999, [1331, 59, 0, 0, 1, 1734, 705, 1, 1, 3, 2, 0, 2, 1, 0]),
 (999, [1062, 49, 1, 1, 0, 756, 630, 0, 0, 1, 5, 1, 1, 0, 0]),
 (999, [918, 35, 0, 0, 1, 1147, 1532, 1, 0, 3, 0, 0, 0, 0, 0]),
 (999, [789, 79, 1, 1, 0, 663, 1291, 1, 0, 3, 1, 0, 1, 2, 1]),
 (999, [758, 26, 0, 1, 0, 655, 1431, 0, 1, 3, 2, 1, 1, 0, 0]),
 (999, [725, 50, 1, 0, 0, 1456, 1604, 0, 1, 3, 2, 0, 0, 2, 1]),
 (999, [652, 40, 1, 0, 0, 1833, 1016, 1, 1, 3, 4, 0, 1, 0, 0]),
 (16, [2020, 79, 1, 1, 1, 1100, 1214, 0, 1, 0, 1, 0, 2, 0, 2]),
 (16, [1974, 98, 1, 1, 0, 579, 1185, 0, 0, 1, 3, 1, 1, 1, 0]),
 (16, [1157, 96, 1, 1, 0, 531, 1916, 0, 0, 2, 4, 1, 1, 2, 0]),
 (16, [1121, 108, 0, 0, 1, 1632, 544, 1, 1, 0, 0, 0, 0, 1, 0]),
 (16, [1046, 101, 1, 1, 1, 1584, 1732, 1, 0, 2, 3, 1, 0, 1, 0]),
 (12, [2008, 97, 1, 1, 1, 1949, 890, 1, 1, 0, 0, 0, 0, 2, 2]),
 (12, [1971, 50, 0, 0, 1, 1058, 525, 1, 1, 1, 0, 0, 1, 0, 1]),
 (12, [1846, 114, 0, 0, 1, 901, 1257, 0, 1, 0, 1, 0, 2, 1, 0]),
 (12, [1704, 86, 0, 1, 1, 1146, 1102, 0, 1, 1, 0, 1, 0, 0, 2]),
 (12, [1521, 33, 1, 1, 1, 903, 1397, 1, 1, 1, 2, 0, 1, 1, 2]),
 (12, [1489, 28, 1, 1, 0, 1626, 602, 1, 1, 0, 2, 1, 1, 2, 0]),
 (12, [1189, 68, 0, 1, 0, 790, 1632, 0, 0, 0, 0, 1, 0, 0, 0]),
 (12, [1092, 65, 0, 1, 1, 1789, 1674, 0, 0, 2, 3, 1, 1, 1, 0]),
 (12, [796, 91, 0, 1, 0, 568, 921, 0, 2, 2, 0, 1, 1, 0, 1]),
 (12, [791, 64, 0, 0, 0, 1327, 1410, 0, 0, 1, 1, 1, 0, 0, 2]),
 (12, [528, 70, 0, 1, 0, 1464, 2013, 0, 0, 1, 1, 1, 2, 2, 0])]
Población final:
[(16, [526, 69, -1, -1, 0, 1327, 920, 0, 1, 2, 0, 1, 0, 0, -1]),
 (16, [526, 69, -1, -1, 1, 1327, 920, 0, 1, 2, 0, 0, 0, 0, -1]),
 (16, [526, 69, -1, -1, 0, 1327, 920, 0, 1, 2, 0, 0, 0, 0, -1]),
 (16, [526, 69, -1, -1, 0, 1327, 920, -1, 1, 1, 0, 1, 0, 0, -1]),
 (16, [526, 69, -1, -2, 0, 1327, 920, 1, 1, 2, 0, 1, 0, 0, -1]),
 (12, [526, 69, -1, -1, 0, 1327, 920, 0, 1, 2, 0, 1, 0, 0, -1]),
 (12, [526, 69, -1, -1, 0, 1327, 920, 0, 1, 2, 0, 1, 0, 0, -1]),
 (12, [526, 69, -1, -1, 0, 1327, 920, 0, 1, 2, 0, 1, 0, 0, -1]),
 (12, [526, 69, -1, -1, 0, 1327, 920, 0, 1, 2, 0, 1, 0, 0, -1]),
 (12, [526, 69, -1, -1, 0, 1327, 920, 0, 1, 2, 0, 1, 0, 0, -1]),
 (12, [526, 69, -1, -1, 0, 1327, 920, 0, 1, 2, 0, 0, 0, 0, -1]),
 (12, [526, 69, -1, -1, 0, 1327, 920, 0, 1, 2, 0, 0, 0, 0, -1]),
 (12, [526, 69, -1, 0, 0, 1327, 920, 0, 1, 2, 0, 0, 0, 0, -1]),
 (12, [526, 69, -1, -1, 0, 1327, 920, 0, 1, 2, 0, 0, 0, -1, -1]),
 (12, [526, 69, -1, -1, -1, 1327, 920, 0, 1, 2, 0, 0, 0, 0, -1]),
 (12, [526, 70, -1, -1, 0, 1327, 920, 0, 1, 2, 0, 0, 0, 0, -1]),
 (12, [526, 68, -1, -1, 0, 1327, 920, 0, 1, 2, 0, 0, 0, 0, -1]),
 (12, [526, 69, -1, -1, 0, 1327, 920, 0, 2, 2, 0, 0, 0, 0, -1]),
 (12, [526, 69, -1, -1, 0, 1327, 920, 0, 1, 2, 0, 0, 0, 0, -1]),
 (12, [526, 69, -1, -1, 0, 1327, 920, 0, 1, 2, 0, 0, 0, 1, -1]),
 (12, [526, 69, -1, -1, 0, 1327, 920, -1, 1, 2, 0, 0, 0, 0, -1]),
 (12, [526, 69, -1, -1, 0, 1327, 920, -1, 1, 1, 0, 1, 0, 0, -1]),
 (12, [526, 69, -1, -1, 0, 1327, 920, -1, 1, 2, 0, 1, 0, 0, -1]),
 (12, [526, 69, -1, -1, 0, 1327, 920, -1, 1, 1, 0, 1, 0, 0, -1]),
 (12, [526, 69, -1, -1, 0, 1327, 920, -1, 0, 1, 0, 1, 0, 0, -1]),
 (12, [526, 69, -1, -1, 0, 1327, 920, -1, 1, 1, 0, 1, 0, 0, -1]),
 (12, [526, 69, -1, -1, 0, 1327, 920, -1, 1, 2, 0, 1, 0, 0, -1]),
 (12, [526, 69, -1, -1, 0, 1327, 920, -1, 1, 1, 0, 0, 0, 0, -1]),
 (12, [526, 69, -1, -1, 0, 1327, 920, -1, 1, 1, 0, 0, 0, 0, -1]),
 (12, [526, 69, -1, -2, 0, 1327, 920, 0, 1, 2, 0, 1, 0, 0, -1]),
 (12, [526, 69, -1, -2, 0, 1327, 920, 0, 1, 2, 0, 1, 0, 0, -1]),
 (12, [526, 69, -1, -2, 0, 1327, 920, 0, 1, 2, 0, 1, 0, 0, -1])]
Elapsed time is 6994.515778 seconds.
