genes: 15
individuals : 16
pressure: 5
mutation_chance: 0
generations: 15
crossover_type: 1
mutation_type_random: 0
Población de 16 individuos durante 15 generaciones
Población inicial:
[(999, [1947, 65, 1, 1, 0, 1796, 2013, 1, 0, 0, 5, 0, 0, 2, 1]),
 (999, [1717, 99, 0, 0, 0, 1183, 1097, 0, 1, 0, 5, 1, 0, 2, 1]),
 (999, [1471, 80, 1, 0, 1, 1759, 1006, 0, 0, 1, 5, 0, 0, 1, 2]),
 (999, [1347, 28, 1, 0, 0, 913, 846, 0, 1, 3, 2, 0, 0, 0, 0]),
 (999, [1257, 112, 1, 0, 0, 961, 1918, 1, 1, 0, 5, 0, 1, 0, 1]),
 (999, [1045, 25, 0, 0, 0, 1886, 1259, 0, 1, 3, 2, 0, 1, 1, 0]),
 (999, [678, 98, 1, 1, 0, 918, 1796, 1, 0, 0, 5, 0, 0, 2, 0]),
 (16, [1972, 81, 0, 1, 1, 559, 833, 0, 1, 2, 4, 0, 2, 1, 0]),
 (16, [1081, 45, 0, 0, 1, 1418, 1067, 1, 0, 1, 4, 1, 1, 1, 2]),
 (16, [693, 68, 1, 0, 0, 964, 1974, 1, 0, 0, 1, 0, 1, 2, 1]),
 (16, [637, 50, 1, 1, 1, 1905, 753, 1, 0, 0, 1, 1, 1, 0, 1]),
 (12, [2038, 44, 1, 0, 1, 746, 764, 0, 0, 0, 1, 1, 1, 1, 0]),
 (12, [1396, 50, 1, 1, 1, 1148, 996, 1, 1, 2, 1, 0, 2, 2, 2]),
 (12, [1326, 55, 0, 0, 0, 977, 1061, 1, 0, 1, 0, 1, 2, 2, 0]),
 (12, [1029, 56, 0, 0, 1, 937, 2007, 1, 1, 0, 0, 1, 1, 2, 0]),
 (12, [595, 97, 0, 0, 0, 1394, 834, 0, 0, 1, 1, 1, 1, 0, 0])]
Población final:
[(999, [594, 97, 0, 0, -1, 937, 1061, 0, 0, 0, 0, 1, 1, 2, 0]),
 (999, [594, 97, 0, 0, -1, 937, 1061, 0, 0, 0, 0, 1, 0, 2, 0]),
 (999, [593, 97, 0, 0, -1, 937, 1061, 0, 0, 0, 0, 1, 0, 2, 0]),
 (16, [594, 97, 0, 0, 0, 937, 1060, 1, 0, 0, 0, 1, 0, 2, 0]),
 (16, [594, 97, 0, 0, 0, 937, 1060, 1, 0, 0, 0, 1, 0, 2, 0]),
 (12, [594, 97, 0, 0, 0, 936, 1060, 1, 0, 0, 0, 1, 0, 2, 0]),
 (12, [594, 97, 0, 0, 0, 937, 1060, 1, 0, 0, 0, 1, 0, 2, 0]),
 (12, [594, 97, 0, 0, 0, 937, 1060, 1, 0, 0, 0, 1, 0, 2, 0]),
 (12, [594, 97, 0, 0, 0, 937, 1060, 1, 0, 0, 0, 1, 0, 2, 0]),
 (12, [595, 97, 0, 0, 0, 937, 1060, 1, 0, 0, 0, 1, 0, 2, 0]),
 (12, [594, 97, 0, 1, 0, 937, 1060, 1, 0, 0, 0, 1, 0, 2, 0]),
 (12, [594, 97, 0, 0, 0, 936, 1061, 0, 0, 0, 0, 1, 1, 2, 0]),
 (12, [594, 97, 0, 0, 0, 936, 1061, 0, 0, 0, 0, 1, 0, 2, 0]),
 (12, [594, 97, 0, 0, 0, 936, 1061, 0, 0, 0, 0, 1, 0, 2, 0]),
 (12, [594, 97, 0, 0, 0, 936, 1061, 0, 0, 0, 0, 1, 0, 2, 0]),
 (12, [594, 97, 0, 0, -1, 937, 1061, 0, 0, 0, 0, 1, 0, 2, 0])]
Elapsed time is 2783.514938 seconds.
