genes: 15
individuals : 16
pressure: 5
mutation_chance: 0
generations: 15
crossover_type: 2
mutation_type_random: 0

Población de 16 individuos durante 15 generaciones
Población inicial:
[(999, [1492, 61, 1, 0, 1, 2047, 864, 0, 0, 3, 2, 1, 2, 1, 2]),
 (999, [1389, 65, 0, 0, 0, 749, 1370, 0, 0, 1, 5, 0, 2, 2, 2]),
 (999, [1376, 11, 1, 1, 1, 1063, 1672, 1, 1, 3, 0, 0, 0, 0, 0]),
 (999, [1289, 62, 0, 0, 1, 1663, 1803, 1, 1, 3, 5, 0, 1, 1, 1]),
 (999, [1077, 79, 0, 1, 0, 835, 1557, 0, 0, 3, 3, 0, 1, 0, 0]),
 (16, [1200, 75, 0, 0, 0, 815, 1630, 0, 0, 2, 1, 0, 1, 1, 2]),
 (16, [1170, 46, 1, 1, 1, 1792, 923, 1, 1, 2, 3, 0, 1, 1, 1]),
 (16, [1066, 90, 0, 1, 0, 1697, 1676, 0, 0, 1, 2, 1, 2, 1, 0]),
 (16, [657, 85, 1, 1, 0, 1419, 1517, 0, 1, 0, 2, 0, 2, 1, 1]),
 (12, [1954, 109, 0, 1, 1, 562, 1316, 1, 0, 2, 1, 0, 2, 1, 0]),
 (12, [1850, 47, 1, 0, 1, 1751, 1640, 1, 1, 0, 3, 1, 2, 2, 2]),
 (12, [1839, 30, 1, 0, 0, 1813, 960, 1, 1, 1, 1, 1, 0, 1, 0]),
 (12, [1769, 30, 0, 1, 1, 1333, 1086, 0, 1, 0, 1, 1, 0, 0, 2]),
 (12, [1578, 81, 0, 1, 1, 1643, 1982, 0, 1, 2, 3, 0, 1, 2, 1]),
 (12, [1353, 110, 0, 1, 1, 1923, 1483, 0, 1, 0, 0, 0, 2, 2, 2]),
 (12, [870, 13, 0, 0, 0, 833, 812, 0, 1, 1, 2, 0, 2, 2, 0])]
Población final:
[(16, [869, 13, 0, 0, 0, 832, 812, 0, 1, 0, 0, 0, 0, 2, 0]),
 (16, [869, 13, 0, 0, 0, 832, 812, 0, 1, 0, 1, 0, 0, 2, 0]),
 (16, [869, 13, 0, 0, 0, 832, 812, 0, 1, 0, 1, 0, -1, 2, 0]),
 (16, [869, 13, 0, 0, 0, 832, 812, 0, 1, 0, 1, -1, 0, 2, 0]),
 (12, [869, 13, 0, 0, 0, 832, 812, 0, 1, 0, 1, 0, 0, 2, 0]),
 (12, [869, 13, 0, 0, 0, 832, 812, 0, 1, 0, 1, 0, 0, 2, 0]),
 (12, [869, 13, 1, 0, 0, 832, 812, 0, 1, 0, 1, 0, 0, 2, 0]),
 (12, [869, 13, 0, 0, 0, 832, 812, 0, 1, 0, 1, 0, 0, 2, 0]),
 (12, [869, 13, 0, 0, 0, 832, 812, 0, 1, 0, 1, 0, 0, 2, 0]),
 (12, [869, 13, 0, 0, 0, 832, 813, 0, 1, 0, 1, -1, 0, 2, 0]),
 (12, [869, 13, 0, 0, 0, 832, 811, 0, 1, 0, 1, 0, 0, 2, 0]),
 (12, [869, 13, 0, 0, 0, 832, 811, 0, 1, 0, 1, 0, 0, 2, 0]),
 (12, [869, 13, 0, 0, 0, 832, 811, 0, 1, 0, 1, 0, 0, 2, 0]),
 (12, [869, 13, 0, 0, 0, 832, 811, 0, 1, 0, 1, 0, 0, 2, 0]),
 (12, [869, 13, 0, 0, 0, 832, 811, 0, 1, 0, 1, 0, 0, 2, 0]),
 (12, [869, 13, 0, 0, 0, 832, 811, 0, 1, 0, 1, -1, 0, 2, 0])]
Elapsed time is 3251.133171 seconds.
