genes: 15
individuals : 32
pressure: 5
mutation_chance: 0
generations: 15
crossover_type: 2
mutation_type_random: 1Población de 32 individuos durante 15 generaciones
Población inicial:
[(999, [1803, 64, 1, 0, 1, 1313, 1426, 1, 0, 1, 5, 1, 2, 2, 0]),
 (999, [1493, 102, 1, 1, 1, 1529, 786, 1, 1, 3, 2, 1, 0, 2, 0]),
 (999, [1471, 116, 1, 0, 1, 1433, 1502, 1, 0, 2, 5, 0, 1, 2, 2]),
 (999, [1313, 117, 0, 1, 0, 1485, 2021, 1, 0, 2, 5, 0, 2, 1, 0]),
 (999, [1193, 60, 0, 0, 1, 1180, 794, 1, 1, 3, 2, 1, 2, 1, 2]),
 (999, [1155, 105, 1, 0, 1, 1231, 1203, 0, 1, 3, 0, 0, 0, 2, 0]),
 (999, [990, 20, 1, 0, 0, 2048, 1342, 1, 1, 3, 4, 1, 2, 0, 0]),
 (999, [829, 102, 0, 1, 0, 1027, 1507, 0, 1, 3, 5, 0, 0, 0, 0]),
 (999, [824, 102, 0, 1, 0, 1792, 1551, 0, 1, 3, 4, 0, 0, 2, 0]),
 (999, [706, 100, 0, 1, 1, 1029, 1826, 0, 1, 3, 5, 1, 1, 2, 1]),
 (999, [656, 109, 0, 0, 0, 540, 1943, 0, 0, 3, 4, 0, 1, 0, 1]),
 (999, [540, 119, 0, 1, 1, 541, 1865, 1, 1, 0, 5, 0, 1, 2, 2]),
 (14, [1956, 103, 1, 0, 1, 1696, 1162, 0, 1, 1, 3, 1, 1, 2, 0]),
 (14, [1832, 70, 0, 1, 0, 1378, 909, 1, 0, 1, 0, 1, 1, 0, 2]),
 (14, [1290, 96, 1, 0, 1, 1850, 1828, 1, 1, 0, 1, 1, 0, 2, 0]),
 (14, [1268, 114, 1, 0, 1, 1466, 683, 1, 0, 1, 4, 1, 1, 1, 1]),
 (14, [1233, 10, 1, 0, 1, 1259, 1800, 0, 0, 2, 3, 1, 0, 0, 0]),
 (14, [1093, 99, 0, 0, 1, 1238, 982, 0, 1, 0, 1, 1, 1, 2, 0]),
 (14, [1091, 106, 0, 0, 1, 1325, 1279, 0, 1, 1, 2, 1, 2, 1, 0]),
 (14, [1008, 41, 0, 1, 0, 522, 908, 1, 1, 0, 2, 1, 0, 2, 1]),
 (14, [947, 114, 1, 1, 1, 534, 1657, 1, 1, 1, 1, 1, 0, 0, 0]),
 (14, [664, 66, 0, 0, 1, 1706, 1598, 1, 0, 1, 3, 1, 0, 1, 2]),
 (11, [2038, 37, 0, 0, 0, 528, 658, 0, 0, 2, 3, 0, 2, 1, 2]),
 (11, [1849, 82, 1, 1, 0, 1761, 1339, 0, 0, 2, 3, 0, 2, 1, 2]),
 (11, [1643, 38, 0, 0, 1, 575, 1468, 0, 0, 1, 2, 0, 1, 1, 0]),
 (11, [1570, 102, 1, 0, 1, 589, 1281, 0, 0, 0, 0, 0, 1, 0, 2]),
 (11, [1493, 73, 0, 1, 0, 1532, 694, 1, 1, 1, 0, 0, 0, 1, 2]),
 (11, [1444, 20, 1, 1, 1, 1049, 1388, 1, 0, 1, 1, 0, 1, 1, 1]),
 (11, [1146, 59, 0, 0, 1, 1110, 1467, 0, 0, 1, 2, 0, 2, 2, 0]),
 (11, [1072, 23, 0, 1, 1, 1529, 1039, 1, 1, 1, 1, 0, 1, 2, 2]),
 (11, [901, 52, 1, 1, 0, 1135, 1654, 1, 0, 2, 3, 0, 0, 2, 1]),
 (11, [672, 20, 1, 0, 1, 1640, 754, 1, 1, 1, 1, 0, 2, 0, 2])]
Población final:
[(11, [664, 14, 0, 0, 1, 1135, 754, 0, 0, 0, 1, 0, 2, 0, 0]),
 (11, [664, 14, 0, 0, 0, 1135, 754, 0, 0, 2, 1, 0, 2, 0, 0]),
 (11, [664, 14, 0, 0, 0, 1135, 754, 0, 0, 0, 1, 0, 2, 0, 0]),
 (11, [664, 14, 0, 0, 0, 1135, 754, 0, 0, 0, 1, 0, 1, 0, 0]),
 (11, [664, 14, 0, 0, 0, 1135, 754, 0, 0, 0, 1, 0, 2, 0, 0]),
 (11, [664, 14, 0, 0, 0, 1135, 754, 0, 0, 0, 1, 0, 2, 0, 0]),
 (11, [664, 14, 0, 0, 0, 1135, 754, 0, 0, 0, 1, 0, 0, 0, 0]),
 (11, [664, 14, 0, 0, 0, 1679, 754, 0, 0, 0, 1, 0, 2, 0, 0]),
 (11, [664, 14, 0, 0, 0, 1135, 754, 0, 0, 0, 1, 0, 2, 0, 0]),
 (11, [664, 14, 0, 0, 0, 1135, 754, 0, 0, 0, 1, 0, 2, 0, 1]),
 (11, [664, 14, 0, 0, 0, 1135, 754, 0, 0, 0, 1, 0, 2, 0, 0]),
 (11, [664, 14, 0, 0, 0, 1135, 754, 1, 0, 0, 1, 0, 2, 0, 0]),
 (11, [664, 14, 0, 0, 0, 1135, 754, 0, 0, 0, 1, 0, 2, 0, 0]),
 (11, [664, 14, 0, 0, 0, 1135, 754, 0, 0, 0, 1, 0, 2, 0, 0]),
 (11, [1717, 14, 0, 0, 0, 1135, 754, 0, 0, 0, 1, 0, 2, 0, 0]),
 (11, [664, 14, 0, 0, 0, 1135, 754, 0, 0, 0, 1, 0, 2, 0, 0]),
 (11, [664, 14, 0, 0, 0, 1135, 754, 0, 0, 0, 1, 0, 2, 0, 0]),
 (11, [664, 14, 0, 0, 0, 1135, 754, 0, 0, 0, 1, 0, 2, 0, 0]),
 (11, [664, 14, 0, 0, 0, 1135, 754, 0, 0, 0, 1, 0, 2, 0, 0]),
 (11, [664, 14, 0, 0, 0, 1135, 754, 0, 0, 0, 1, 0, 2, 0, 0]),
 (11, [1473, 14, 0, 0, 0, 1135, 754, 0, 0, 0, 1, 0, 2, 0, 0]),
 (11, [1518, 14, 0, 0, 0, 1135, 754, 0, 0, 0, 1, 0, 2, 0, 0]),
 (11, [664, 14, 0, 0, 0, 1135, 754, 0, 0, 0, 1, 0, 2, 0, 0]),
 (11, [664, 14, 0, 0, 0, 1135, 754, 0, 0, 0, 1, 0, 2, 0, 0]),
 (11, [664, 14, 0, 0, 0, 1135, 754, 0, 1, 0, 1, 0, 2, 0, 0]),
 (11, [664, 14, 0, 0, 0, 1135, 754, 0, 0, 0, 1, 0, 2, 2, 0]),
 (11, [664, 14, 1, 0, 0, 1135, 754, 0, 0, 0, 1, 0, 2, 0, 0]),
 (11, [664, 14, 0, 0, 0, 1135, 754, 0, 0, 0, 1, 0, 2, 0, 0]),
 (11, [664, 14, 0, 0, 0, 1135, 754, 0, 0, 0, 1, 0, 2, 0, 0]),
 (11, [664, 14, 0, 0, 0, 1135, 754, 0, 0, 0, 1, 0, 2, 0, 0]),
 (11, [664, 14, 0, 0, 0, 1135, 754, 0, 0, 0, 1, 0, 2, 0, 0]),
 (11, [664, 14, 0, 0, 0, 1135, 754, 0, 0, 0, 1, 0, 2, 0, 0])]
Elapsed time is 4899.296315 seconds.
