 * Manually resetting nginx to stopped state
 * Manually resetting nginx to stopped state
 * Manually resetting nginx to stopped state
 * Manually resetting nginx to stopped state
 * Manually resetting nginx to stopped state
 * Manually resetting nginx to stopped state
 * Manually resetting nginx to stopped state
 * Manually resetting nginx to stopped state
 * Manually resetting nginx to stopped state
 * Manually resetting nginx to stopped state
 * Manually resetting nginx to stopped state
 * Manually resetting nginx to stopped state
 * Manually resetting nginx to stopped state
 * Manually resetting nginx to stopped state
 * Manually resetting nginx to stopped state
 * Manually resetting nginx to stopped state
genes: 15
individuals : 32
pressure: 5
mutation_chance: 0
generations: 15
crossover_type: 1
mutation_type_random: 1
Alerts:
35
Alerts:
35
Alerts:
35
Alerts:
35
Alerts:
35
Alerts:
35
Alerts:
35
Alerts:
35
Alerts:
35
Alerts:
35
Alerts:
35
Alerts:
35
Alerts:
35
Alerts:
35
Alerts:
35
Alerts:
35

Población de 32 individuos durante 15 generaciones
Población inicial:
[(999, [1963, 70, 0, 0, 1, 1489, 1905, 1, 1, 3, 0, 0, 1, 2, 1]),
 (999, [1781, 75, 0, 0, 0, 855, 1965, 0, 1, 3, 4, 1, 2, 0, 2]),
 (999, [1712, 84, 0, 1, 0, 1423, 715, 1, 0, 3, 5, 1, 0, 2, 1]),
 (999, [1698, 101, 1, 1, 1, 1525, 1314, 1, 1, 3, 2, 1, 0, 1, 1]),
 (999, [1519, 119, 1, 1, 1, 1356, 1105, 0, 0, 3, 5, 0, 2, 2, 0]),
 (999, [1297, 103, 0, 0, 0, 1758, 905, 0, 1, 3, 4, 1, 2, 2, 0]),
 (999, [1156, 104, 1, 1, 1, 1076, 1723, 0, 1, 1, 5, 1, 0, 2, 0]),
 (999, [1099, 112, 0, 0, 0, 1630, 1697, 0, 0, 1, 5, 1, 0, 1, 1]),
 (999, [1076, 100, 0, 1, 1, 1774, 1390, 0, 1, 3, 2, 0, 1, 2, 2]),
 (999, [918, 63, 1, 1, 0, 1857, 1822, 1, 0, 3, 2, 1, 2, 2, 1]),
 (999, [748, 31, 1, 1, 1, 1209, 1782, 0, 0, 3, 4, 0, 2, 0, 1]),
 (999, [733, 71, 1, 1, 0, 1376, 580, 1, 1, 3, 1, 1, 0, 2, 1]),
 (999, [622, 82, 1, 1, 0, 1967, 846, 1, 1, 3, 0, 0, 0, 2, 2]),
 (999, [612, 69, 1, 0, 0, 1482, 1391, 0, 1, 3, 2, 1, 1, 1, 1]),
 (999, [525, 61, 1, 0, 0, 716, 643, 0, 0, 1, 5, 1, 1, 1, 1]),
 (999, [521, 83, 1, 1, 0, 967, 1296, 1, 1, 2, 5, 0, 1, 2, 1]),
 (35, [2007, 103, 0, 0, 1, 1018, 986, 1, 0, 2, 2, 0, 1, 0, 1]),
 (35, [2000, 69, 0, 0, 1, 1480, 1385, 1, 1, 1, 2, 0, 1, 1, 2]),
 (35, [1664, 100, 0, 0, 0, 1589, 1209, 1, 1, 0, 2, 1, 0, 2, 0]),
 (35, [1638, 67, 0, 0, 0, 1455, 1711, 0, 0, 0, 0, 0, 0, 2, 1]),
 (35, [1513, 66, 1, 1, 0, 982, 1165, 0, 1, 1, 3, 0, 2, 1, 0]),
 (35, [1451, 46, 1, 0, 1, 1373, 2037, 0, 0, 1, 2, 1, 1, 1, 0]),
 (35, [1371, 38, 1, 0, 1, 1782, 999, 0, 1, 1, 0, 0, 2, 0, 2]),
 (35, [1199, 15, 1, 1, 1, 1650, 995, 0, 1, 0, 0, 1, 2, 1, 1]),
 (35, [1096, 109, 1, 1, 1, 1484, 545, 0, 0, 1, 0, 0, 1, 0, 0]),
 (35, [1074, 36, 0, 0, 0, 1577, 1658, 0, 0, 0, 1, 1, 0, 0, 1]),
 (35, [983, 111, 0, 1, 1, 1413, 1818, 0, 1, 2, 2, 0, 1, 2, 2]),
 (35, [970, 50, 0, 1, 1, 1651, 571, 0, 1, 0, 2, 1, 0, 2, 2]),
 (35, [845, 90, 1, 1, 1, 839, 1499, 0, 1, 1, 1, 1, 2, 2, 1]),
 (35, [830, 46, 1, 0, 0, 1192, 1262, 1, 0, 1, 2, 1, 0, 2, 1]),
 (35, [750, 104, 1, 1, 0, 1406, 1779, 1, 0, 2, 2, 0, 1, 2, 0]),
 (35, [580, 15, 1, 0, 1, 1206, 1249, 1, 0, 1, 2, 0, 1, 0, 2])]
Población final:
[(999, [1963, 70, 0, 0, 1, 1489, 1905, 1, 1, 3, 0, 0, 1, 2, 1]),
 (999, [1781, 75, 0, 0, 0, 855, 1965, 0, 1, 3, 4, 1, 2, 0, 2]),
 (999, [1712, 84, 0, 1, 0, 1423, 715, 1, 0, 3, 5, 1, 0, 2, 1]),
 (999, [1698, 101, 1, 1, 1, 1525, 1314, 1, 1, 3, 2, 1, 0, 1, 1]),
 (999, [1519, 119, 1, 1, 1, 1356, 1105, 0, 0, 3, 5, 0, 2, 2, 0]),
 (999, [1297, 103, 0, 0, 0, 1758, 905, 0, 1, 3, 4, 1, 2, 2, 0]),
 (999, [1156, 104, 1, 1, 1, 1076, 1723, 0, 1, 1, 5, 1, 0, 2, 0]),
 (999, [1099, 112, 0, 0, 0, 1630, 1697, 0, 0, 1, 5, 1, 0, 1, 1]),
 (999, [1076, 100, 0, 1, 1, 1774, 1390, 0, 1, 3, 2, 0, 1, 2, 2]),
 (999, [918, 63, 1, 1, 0, 1857, 1822, 1, 0, 3, 2, 1, 2, 2, 1]),
 (999, [748, 31, 1, 1, 1, 1209, 1782, 0, 0, 3, 4, 0, 2, 0, 1]),
 (999, [733, 71, 1, 1, 0, 1376, 580, 1, 1, 3, 1, 1, 0, 2, 1]),
 (999, [622, 82, 1, 1, 0, 1967, 846, 1, 1, 3, 0, 0, 0, 2, 2]),
 (999, [612, 69, 1, 0, 0, 1482, 1391, 0, 1, 3, 2, 1, 1, 1, 1]),
 (999, [525, 61, 1, 0, 0, 716, 643, 0, 0, 1, 5, 1, 1, 1, 1]),
 (999, [521, 83, 1, 1, 0, 967, 1296, 1, 1, 2, 5, 0, 1, 2, 1]),
 (35, [2007, 103, 0, 0, 1, 1018, 986, 1, 0, 2, 2, 0, 1, 0, 1]),
 (35, [2000, 69, 0, 0, 1, 1480, 1385, 1, 1, 1, 2, 0, 1, 1, 2]),
 (35, [1664, 100, 0, 0, 0, 1589, 1209, 1, 1, 0, 2, 1, 0, 2, 0]),
 (35, [1638, 67, 0, 0, 0, 1455, 1711, 0, 0, 0, 0, 0, 0, 2, 1]),
 (35, [1513, 66, 1, 1, 0, 982, 1165, 0, 1, 1, 3, 0, 2, 1, 0]),
 (35, [1451, 46, 1, 0, 1, 1373, 2037, 0, 0, 1, 2, 1, 1, 1, 0]),
 (35, [1371, 38, 1, 0, 1, 1782, 999, 0, 1, 1, 0, 0, 2, 0, 2]),
 (35, [1199, 15, 1, 1, 1, 1650, 995, 0, 1, 0, 0, 1, 2, 1, 1]),
 (35, [1096, 109, 1, 1, 1, 1484, 545, 0, 0, 1, 0, 0, 1, 0, 0]),
 (35, [1074, 36, 0, 0, 0, 1577, 1658, 0, 0, 0, 1, 1, 0, 0, 1]),
 (35, [983, 111, 0, 1, 1, 1413, 1818, 0, 1, 2, 2, 0, 1, 2, 2]),
 (35, [970, 50, 0, 1, 1, 1651, 571, 0, 1, 0, 2, 1, 0, 2, 2]),
 (35, [845, 90, 1, 1, 1, 839, 1499, 0, 1, 1, 1, 1, 2, 2, 1]),
 (35, [830, 46, 1, 0, 0, 1192, 1262, 1, 0, 1, 2, 1, 0, 2, 1]),
 (35, [750, 104, 1, 1, 0, 1406, 1779, 1, 0, 2, 2, 0, 1, 2, 0]),
 (35, [580, 15, 1, 0, 1, 1206, 1249, 1, 0, 1, 2, 0, 1, 0, 2])]
Elapsed time is 809.206670 seconds.
