genes: 15
individuals : 16
pressure: 5
mutation_chance: 0
generations: 15
crossover_type: 1
mutation_type_random: 0

Población de 16 individuos durante 15 generaciones
Población inicial:
[(999, [1700, 117, 0, 0, 1, 1197, 1305, 0, 1, 3, 5, 0, 2, 2, 1]),
 (999, [1592, 115, 0, 0, 1, 1695, 2008, 0, 1, 3, 2, 0, 0, 0, 1]),
 (999, [1534, 58, 0, 0, 0, 1055, 557, 1, 1, 3, 4, 0, 1, 2, 1]),
 (999, [1411, 45, 0, 0, 0, 1843, 1958, 1, 1, 3, 2, 1, 1, 1, 0]),
 (999, [1393, 82, 1, 0, 1, 1480, 942, 1, 1, 0, 5, 0, 2, 1, 1]),
 (14, [1916, 58, 0, 0, 1, 1770, 1017, 1, 0, 2, 1, 1, 1, 1, 1]),
 (14, [1716, 14, 1, 1, 1, 1442, 2026, 1, 0, 2, 2, 1, 2, 2, 2]),
 (14, [1407, 38, 0, 0, 1, 1128, 1752, 0, 0, 1, 4, 1, 2, 0, 2]),
 (14, [1373, 42, 1, 0, 1, 852, 1332, 1, 0, 0, 4, 1, 0, 0, 1]),
 (14, [1274, 34, 0, 1, 1, 866, 1918, 1, 0, 1, 2, 1, 0, 1, 0]),
 (14, [1232, 96, 1, 1, 0, 1486, 1020, 1, 0, 1, 3, 1, 2, 0, 2]),
 (14, [903, 51, 0, 1, 0, 1615, 1313, 0, 1, 1, 4, 1, 2, 2, 0]),
 (11, [1704, 34, 1, 1, 0, 989, 725, 0, 0, 2, 0, 0, 1, 2, 1]),
 (11, [1561, 28, 0, 0, 0, 1410, 1157, 1, 0, 0, 2, 0, 2, 0, 1]),
 (11, [1313, 29, 1, 1, 1, 1851, 1461, 0, 1, 1, 4, 0, 0, 2, 1]),
 (11, [910, 118, 1, 0, 1, 769, 712, 0, 0, 1, 2, 0, 1, 1, 0])]
Población final:
[(11, [903, 33, 0, 0, 0, 769, 712, 0, 0, 0, 2, 0, 0, 2, 1]),
 (11, [902, 33, 0, 0, 0, 769, 712, 0, 0, 0, 2, 0, 0, 2, 1]),
 (11, [902, 33, 0, 0, 0, 769, 712, 0, 0, 0, 2, 0, 0, 2, 1]),
 (11, [902, 33, 0, 0, 0, 769, 712, 0, 0, 0, 2, 0, 0, 2, 2]),
 (11, [902, 33, 0, 0, 0, 769, 712, 0, 0, 0, 2, 0, 0, 2, 1]),
 (11, [902, 33, 0, 0, 0, 769, 712, 0, 0, 0, 2, 0, 1, 2, 1]),
 (11, [902, 33, 0, 0, 0, 769, 712, 0, 0, 0, 3, 0, 0, 2, 1]),
 (11, [902, 33, 0, 0, 0, 770, 712, 0, 0, 0, 2, 0, 0, 2, 1]),
 (11, [902, 32, 1, 0, 0, 769, 711, 0, 0, 0, 2, 0, 0, 2, 1]),
 (11, [902, 32, 1, 0, 0, 769, 712, 0, 0, 0, 2, 0, 0, 2, 1]),
 (11, [901, 33, 1, 0, 0, 769, 712, 0, 0, 0, 2, 0, 0, 2, 1]),
 (11, [901, 33, 1, 0, 0, 769, 712, 0, 0, 0, 2, 0, 0, 2, 1]),
 (11, [901, 33, 1, 0, 0, 769, 712, 0, 0, 0, 2, 0, 0, 2, 1]),
 (11, [901, 33, 1, 0, 0, 769, 712, 0, 0, 0, 2, 0, 0, 2, 1]),
 (11, [901, 33, 1, 0, 0, 769, 712, 0, 0, 0, 2, 0, 0, 2, 1]),
 (11, [901, 33, 1, 0, 0, 769, 712, 0, 0, 0, 2, 0, 0, 2, 1])]
Elapsed time is 2034.650715 seconds.
