genes: 15
individuals : 32
pressure: 5
mutation_chance: 0
generations: 15
crossover_type: 1
mutation_type_random: 0Población de 32 individuos durante 15 generaciones
Población inicial:
[(999, [2004, 35, 0, 1, 1, 930, 1345, 0, 0, 3, 1, 0, 1, 2, 2]),
 (999, [1974, 65, 0, 1, 0, 668, 1868, 0, 0, 3, 0, 0, 2, 2, 2]),
 (999, [1731, 96, 1, 0, 1, 812, 1697, 0, 0, 3, 2, 1, 1, 0, 1]),
 (999, [1723, 73, 0, 0, 1, 578, 1493, 1, 0, 3, 2, 0, 0, 2, 0]),
 (999, [1711, 35, 1, 0, 1, 775, 1883, 1, 0, 3, 4, 1, 2, 2, 0]),
 (999, [1415, 105, 0, 1, 0, 1451, 1219, 0, 0, 3, 1, 0, 0, 0, 2]),
 (999, [1371, 104, 0, 0, 0, 1041, 2023, 1, 1, 3, 2, 0, 2, 2, 2]),
 (999, [1049, 47, 0, 0, 0, 1698, 2041, 1, 1, 3, 1, 1, 0, 1, 1]),
 (999, [927, 35, 1, 1, 1, 1056, 655, 1, 0, 1, 5, 0, 2, 1, 0]),
 (999, [696, 63, 0, 0, 0, 747, 1274, 0, 0, 0, 5, 1, 1, 2, 1]),
 (999, [695, 70, 1, 1, 0, 1058, 602, 0, 0, 3, 2, 1, 0, 0, 0]),
 (14, [1999, 76, 1, 0, 0, 1179, 694, 1, 1, 1, 0, 1, 0, 1, 1]),
 (14, [1967, 48, 1, 1, 0, 978, 1554, 0, 0, 2, 0, 1, 0, 2, 2]),
 (14, [1962, 71, 0, 0, 1, 626, 640, 1, 0, 2, 4, 1, 2, 0, 2]),
 (14, [1900, 80, 0, 1, 1, 1625, 1199, 0, 1, 2, 3, 1, 0, 0, 0]),
 (14, [1890, 103, 1, 1, 0, 1689, 1903, 0, 1, 1, 1, 1, 2, 2, 0]),
 (14, [1812, 45, 1, 1, 1, 1058, 1348, 0, 1, 1, 3, 1, 1, 0, 1]),
 (14, [1782, 106, 0, 0, 1, 593, 605, 0, 1, 2, 3, 1, 2, 0, 2]),
 (14, [1617, 79, 0, 0, 1, 979, 712, 1, 0, 2, 4, 1, 2, 0, 0]),
 (14, [1615, 18, 0, 1, 1, 2022, 1272, 0, 1, 0, 1, 1, 1, 0, 2]),
 (14, [1490, 61, 0, 1, 1, 712, 1988, 0, 0, 0, 2, 1, 0, 2, 1]),
 (14, [1272, 103, 0, 1, 0, 1172, 1749, 0, 0, 2, 3, 1, 1, 1, 0]),
 (14, [1171, 44, 0, 1, 0, 1671, 1118, 1, 1, 0, 0, 1, 2, 0, 2]),
 (14, [1079, 51, 0, 0, 0, 1303, 1029, 0, 0, 1, 2, 1, 1, 0, 0]),
 (14, [714, 114, 0, 1, 0, 1821, 1954, 0, 0, 1, 4, 1, 0, 2, 0]),
 (14, [628, 14, 1, 1, 1, 1239, 1452, 1, 0, 1, 1, 1, 2, 2, 0]),
 (11, [1544, 118, 0, 1, 0, 1342, 1199, 1, 1, 2, 0, 0, 2, 0, 2]),
 (11, [1406, 44, 1, 1, 1, 1920, 852, 0, 1, 1, 1, 0, 2, 0, 2]),
 (11, [1204, 87, 0, 1, 1, 1908, 1886, 0, 1, 0, 3, 0, 2, 1, 0]),
 (11, [999, 59, 1, 0, 0, 799, 1378, 1, 1, 2, 4, 0, 2, 2, 1]),
 (11, [667, 96, 1, 1, 1, 569, 1918, 1, 1, 0, 3, 0, 0, 2, 0]),
 (11, [539, 34, 0, 0, 0, 1761, 1377, 1, -1, 0, 2, 0, 2, 0, 2])]
Población final:
[(11, [537, 32, 0, -1, 0, 1761, 1377, 1, 0, 0, 0, 0, 2, 0, 2]),
 (11, [537, 32, 0, -1, 0, 1760, 1377, 1, 0, 0, -1, 0, 2, 0, 2]),
 (11, [537, 32, 0, -1, 0, 1760, 1377, 1, 0, 0, 0, 0, 2, 0, 1]),
 (11, [537, 32, 0, -1, 0, 1760, 1377, 1, 0, 0, 0, 0, 2, 0, 1]),
 (11, [537, 32, 0, -2, 0, 1760, 1377, 1, 0, 0, 0, 0, 2, 0, 1]),
 (11, [537, 32, 0, -1, 0, 1760, 1377, 1, 0, 0, 0, 0, 2, 0, 1]),
 (11, [537, 32, 0, -1, 0, 1760, 1377, 1, 0, 0, 0, 0, 2, 0, 1]),
 (11, [537, 32, 0, -1, 0, 1760, 1377, 1, -2, 0, 0, 0, 2, 0, 2]),
 (11, [537, 32, 0, -1, 0, 1760, 1377, 1, -1, 0, 0, 0, 2, 0, 2]),
 (11, [537, 33, 0, -1, 0, 1760, 1377, 1, -1, 0, 0, 0, 2, 0, 2]),
 (11, [537, 32, 0, -1, 0, 1760, 1377, 1, -1, 0, 0, 0, 2, 0, 2]),
 (11, [537, 32, 0, -1, 0, 1760, 1377, 1, -1, 0, 0, 0, 2, 0, 2]),
 (11, [537, 32, 0, -1, 0, 1760, 1377, 1, -1, -1, 0, 0, 2, 0, 2]),
 (11, [537, 32, 0, -1, 0, 1760, 1377, 1, -1, 0, 0, 0, 2, 0, 2]),
 (11, [536, 32, 0, -1, 0, 1760, 1377, 1, -1, 0, 0, 0, 2, 0, 2]),
 (11, [537, 32, 0, -1, 0, 1760, 1377, 1, -1, 0, 0, 0, 2, 0, 2]),
 (11, [537, 32, 0, -1, 0, 1760, 1377, 1, -1, 0, 0, 0, 2, 0, 2]),
 (11, [537, 32, 0, -1, 0, 1760, 1377, 1, -1, 0, 0, 0, 2, 1, 2]),
 (11, [537, 32, 0, -1, 0, 1760, 1377, 1, -1, 0, 0, 0, 2, 0, 2]),
 (11, [537, 32, 0, -1, 0, 1760, 1377, 1, -1, 0, 0, 0, 2, 0, 2]),
 (11, [537, 32, 0, -1, 0, 1760, 1377, 0, -1, 0, 0, 0, 2, 0, 1]),
 (11, [537, 32, 0, -1, 0, 1760, 1377, 1, -1, 0, 0, 0, 2, 0, 1]),
 (11, [537, 32, 0, -1, 0, 1760, 1377, 1, -1, 0, 0, 0, 2, 0, 1]),
 (11, [537, 32, 0, -1, 0, 1760, 1377, 1, -1, 0, 0, 0, 2, -1, 1]),
 (11, [537, 32, 0, -1, 0, 1760, 1377, 1, -1, 0, 0, 0, 2, 0, 1]),
 (11, [537, 32, 0, -1, 0, 1760, 1377, 1, -1, 0, 0, 0, 2, 0, 1]),
 (11, [537, 32, 0, -1, 0, 1760, 1377, 1, -1, 0, 0, 0, 2, 0, 1]),
 (11, [537, 32, 0, -1, 0, 1760, 1377, 1, -1, 0, 0, 0, 2, 0, 1]),
 (11, [537, 32, 0, -1, 0, 1760, 1377, 1, -1, 0, 0, 0, 2, 0, 1]),
 (11, [537, 32, 0, -1, 0, 1760, 1377, 1, -1, 0, 0, 0, 2, 0, 1]),
 (11, [537, 32, 0, -1, 0, 1760, 1377, 1, -1, 0, 0, 0, 2, 0, 1]),
 (11, [537, 32, 0, -1, 0, 1760, 1377, 1, -1, 0, 0, 0, 2, 0, 1])]
Elapsed time is 4617.009896 seconds.
