genes: 15
individuals : 32
pressure: 5
mutation_chance: 0
generations: 15
crossover_type: 1
mutation_type_random: 1Población de 32 individuos durante 15 generaciones
Población inicial:
[(999, [2044, 42, 0, 0, 1, 1769, 1197, 0, 0, 1, 5, 1, 0, 1, 2]),
 (999, [1849, 108, 1, 0, 0, 628, 1097, 1, 1, 0, 5, 0, 2, 2, 1]),
 (999, [1833, 64, 0, 0, 1, 1431, 786, 1, 0, 3, 4, 1, 2, 0, 1]),
 (999, [1792, 104, 0, 1, 1, 1164, 1408, 0, 1, 2, 5, 1, 1, 2, 2]),
 (999, [1739, 68, 1, 1, 0, 1668, 1249, 1, 0, 3, 2, 1, 1, 0, 0]),
 (999, [1509, 61, 0, 0, 1, 1422, 1311, 0, 0, 3, 1, 1, 0, 1, 0]),
 (999, [1353, 49, 0, 0, 0, 1254, 763, 1, 1, 3, 0, 0, 1, 2, 1]),
 (999, [1348, 75, 0, 1, 1, 624, 1245, 1, 1, 3, 5, 0, 0, 2, 2]),
 (999, [1247, 19, 0, 0, 1, 1932, 1241, 0, 0, 2, 5, 0, 0, 1, 2]),
 (999, [1117, 64, 0, 1, 0, 824, 978, 0, 1, 3, 5, 1, 2, 2, 1]),
 (999, [1035, 20, 0, 0, 1, 1600, 956, 0, 1, 0, 5, 1, 2, 1, 1]),
 (999, [899, 53, 1, 1, 1, 2009, 1423, 1, 0, 3, 3, 0, 0, 1, 0]),
 (999, [865, 119, 1, 1, 1, 1667, 559, 1, 0, 3, 2, 1, 1, 0, 0]),
 (999, [834, 73, 1, 1, 0, 842, 1329, 1, 1, 3, 2, 0, 2, 2, 1]),
 (999, [615, 118, 0, 0, 0, 1212, 1161, 1, 0, 0, 5, 1, 1, 1, 1]),
 (999, [547, 86, 0, 0, 1, 1170, 661, 1, 1, 3, 2, 0, 0, 2, 1]),
 (16, [1701, 109, 1, 0, 0, 930, 961, 0, 0, 0, 3, 0, 2, 2, 1]),
 (16, [1019, 87, 1, 1, 1, 911, 1016, 0, 0, 1, 0, 1, 2, 1, 2]),
 (12, [2016, 117, 1, 1, 0, 531, 1755, 1, 1, 2, 2, 1, 0, 2, 1]),
 (12, [1789, 118, 1, 0, 1, 1960, 762, 0, 1, 2, 1, 1, 2, 0, 0]),
 (12, [1789, 10, 1, 1, 0, 1540, 2028, 1, 1, 0, 0, 0, 0, 2, 2]),
 (12, [1764, 72, 1, 0, 0, 1462, 1787, 0, 1, 2, 4, 0, 0, 2, 1]),
 (12, [1729, 34, 1, 0, 1, 596, 1832, 1, 1, 2, 1, 1, 2, 1, 2]),
 (12, [1682, 98, 1, 1, 0, 1025, 1086, 1, 1, 2, 4, 0, 0, 0, 2]),
 (12, [1443, 74, 0, 0, 1, 917, 1722, 0, 1, 2, 1, 1, 2, 2, 1]),
 (12, [1367, 40, 1, 1, 1, 1920, 1280, 1, 1, 0, 2, 1, 0, 1, 0]),
 (12, [1181, 91, 0, 1, 1, 891, 1390, 0, 1, 0, 2, 0, 2, 2, 1]),
 (12, [1119, 63, 1, 1, 0, 1995, 1260, 1, 1, 0, 3, 0, 1, 1, 0]),
 (12, [1061, 81, 1, 0, 1, 1026, 1229, 1, 1, 1, 1, 1, 0, 0, 0]),
 (12, [988, 99, 0, 0, 0, 1077, 1443, 0, 1, 1, 3, 1, 1, 2, 0]),
 (12, [804, 109, 1, 1, 0, 1094, 1064, 1, 0, 2, 4, 0, 2, 1, 1]),
 (12, [624, 24, 0, 1, 1, 1661, 1655, 1, 0, 2, 3, 0, 2, 1, 0])]
Población final:
[(16, [624, 21, 0, 0, 0, 959, 1442, 0, 0, 1, 0, 0, 2, 1, 0]),
 (16, [624, 21, 0, 0, 0, 959, 1442, 0, 0, 1, 0, 0, 2, 1, 0]),
 (16, [624, 21, 0, 0, 0, 959, 1442, 0, 0, 1, 0, 0, 0, 1, 0]),
 (12, [624, 110, 0, 0, 0, 959, 1443, 0, 0, 1, 0, 0, 2, 1, 0]),
 (12, [624, 21, 0, 0, 0, 959, 1443, 0, 0, 1, 0, 0, 2, 1, 0]),
 (12, [624, 21, 0, 0, 0, 959, 1443, 0, 0, 1, 0, 0, 2, 1, 0]),
 (12, [624, 21, 0, 0, 0, 959, 1443, 0, 0, 1, 0, 0, 2, 1, 0]),
 (12, [624, 21, 0, 0, 0, 959, 1443, 0, 0, 1, 0, 0, 0, 1, 0]),
 (12, [624, 21, 0, 0, 0, 1276, 1443, 0, 0, 0, 3, 0, 0, 1, 0]),
 (12, [624, 21, 0, 0, 1, 959, 1443, 0, 0, 0, 3, 0, 0, 1, 0]),
 (12, [624, 21, 0, 0, 0, 959, 1443, 0, 0, 0, 3, 0, 0, 1, 0]),
 (12, [624, 21, 0, 0, 0, 959, 1443, 0, 0, 2, 0, 0, 2, 1, 0]),
 (12, [624, 21, 0, 1, 0, 959, 1443, 0, 0, 0, 0, 0, 2, 1, 0]),
 (12, [624, 21, 0, 0, 0, 959, 1442, 0, 0, 1, 0, 0, 2, 1, 1]),
 (12, [624, 21, 0, 0, 0, 959, 1442, 0, 0, 1, 0, 0, 2, 1, 0]),
 (12, [624, 21, 0, 0, 0, 959, 1442, 0, 1, 1, 0, 0, 2, 1, 0]),
 (12, [624, 21, 0, 0, 0, 959, 1442, 0, 0, 1, 0, 0, 2, 1, 0]),
 (12, [624, 21, 0, 0, 0, 959, 1442, 0, 0, 1, 0, 0, 2, 1, 0]),
 (12, [624, 21, 0, 0, 0, 959, 1442, 1, 0, 1, 0, 0, 2, 1, 0]),
 (12, [624, 21, 0, 0, 0, 959, 1442, 0, 0, 1, 0, 0, 2, 1, 0]),
 (12, [624, 21, 0, 0, 0, 959, 1442, 0, 0, 1, 0, 0, 2, 1, 0]),
 (12, [624, 21, 0, 0, 0, 959, 1442, 0, 0, 1, 0, 0, 2, 1, 0]),
 (12, [624, 21, 0, 0, 0, 959, 1092, 0, 0, 1, 0, 0, 2, 1, 0]),
 (12, [624, 21, 0, 0, 0, 959, 1442, 0, 0, 1, 0, 0, 2, 1, 0]),
 (12, [624, 21, 0, 0, 0, 959, 1442, 0, 0, 1, 0, 0, 2, 1, 0]),
 (12, [624, 21, 0, 0, 0, 959, 1442, 0, 0, 1, 0, 0, 2, 1, 0]),
 (12, [624, 21, 0, 0, 0, 959, 1442, 0, 0, 1, 0, 1, 2, 1, 0]),
 (12, [624, 21, 0, 0, 0, 959, 1442, 0, 0, 1, 0, 0, 2, 1, 0]),
 (12, [624, 21, 0, 0, 0, 959, 1442, 0, 0, 1, 0, 0, 2, 1, 0]),
 (12, [624, 21, 0, 0, 0, 959, 1442, 0, 0, 0, 3, 0, 0, 1, 0]),
 (12, [624, 21, 0, 0, 0, 959, 1442, 0, 0, 0, 3, 0, 0, 1, 0]),
 (6, [624, 21, 0, 0, 0, 959, 1443, 0, 0, 1, 0, 0, 2, 1, 0])]
Elapsed time is 7058.731025 seconds.
