genes: 15
individuals : 32
pressure: 5
mutation_chance: 0
generations: 15
crossover_type: 1
mutation_type_random: 0

Población de 32 individuos durante 15 generaciones
Población inicial:
[(999, [1997, 94, 1, 0, 0, 1256, 1224, 1, 0, 3, 3, 1, 2, 2, 1]),
 (999, [1712, 63, 1, 0, 0, 1479, 1610, 0, 1, 2, 5, 1, 0, 0, 1]),
 (999, [1632, 118, 1, 1, 0, 1083, 1580, 1, 1, 3, 0, 1, 1, 2, 1]),
 (999, [1446, 28, 0, 0, 0, 533, 1321, 0, 0, 3, 2, 0, 0, 1, 2]),
 (999, [1298, 97, 0, 1, 1, 1055, 892, 1, 1, 3, 4, 0, 2, 0, 0]),
 (999, [1032, 70, 0, 0, 1, 1346, 1114, 0, 0, 3, 3, 0, 0, 1, 1]),
 (999, [1001, 90, 0, 1, 1, 1654, 716, 0, 1, 0, 5, 1, 0, 1, 1]),
 (999, [978, 98, 1, 1, 0, 837, 1843, 0, 1, 3, 5, 0, 1, 0, 2]),
 (999, [861, 88, 0, 0, 1, 1512, 862, 0, 1, 1, 5, 0, 2, 1, 0]),
 (999, [772, 91, 0, 1, 0, 1661, 1915, 0, 1, 3, 3, 0, 0, 0, 2]),
 (999, [729, 56, 0, 1, 1, 1377, 1886, 0, 0, 3, 3, 0, 0, 1, 2]),
 (16, [1373, 24, 1, 0, 0, 1904, 852, 0, 1, 1, 0, 0, 1, 0, 1]),
 (16, [1273, 40, 0, 1, 1, 872, 1429, 0, 1, 0, 0, 1, 2, 1, 2]),
 (16, [1253, 111, 1, 1, 0, 1070, 1456, 0, 0, 1, 2, 1, 2, 1, 1]),
 (12, [1934, 12, 0, 1, 0, 1720, 1508, 0, 1, 0, 4, 1, 2, 0, 1]),
 (12, [1931, 74, 1, 0, 0, 1072, 1492, 1, 1, 2, 0, 1, 2, 1, 2]),
 (12, [1883, 30, 0, 0, 0, 727, 968, 0, 1, 1, 1, 1, 1, 1, 1]),
 (12, [1876, 84, 0, 1, 1, 1860, 1028, 0, 0, 0, 1, 1, 0, 1, 2]),
 (12, [1842, 78, 1, 0, 0, 607, 1921, 1, 0, 0, 4, 1, 1, 2, 2]),
 (12, [1752, 79, 1, 0, 1, 1910, 1088, 0, 1, 0, 1, 1, 2, 0, 0]),
 (12, [1749, 18, 1, 0, 0, 979, 1479, 0, 0, 0, 2, 1, 0, 1, 1]),
 (12, [1675, 10, 0, 0, 0, 757, 1885, 0, 1, 2, 4, 1, 0, 0, 2]),
 (12, [1598, 30, 1, 0, 0, 1544, 968, 0, 0, 1, 3, 0, 1, 0, 0]),
 (12, [1199, 98, 1, 0, 1, 743, 2030, 0, 1, 0, 1, 1, 1, 2, 2]),
 (12, [1178, 29, 0, 1, 0, 886, 945, 1, 1, 0, 0, 0, 0, 1, 0]),
 (12, [1134, 18, 0, 1, 1, 1266, 1793, 0, 1, 1, 4, 1, 2, 1, 2]),
 (12, [883, 10, 1, 0, 1, 603, 596, 0, 1, 2, 3, 0, 2, 0, 0]),
 (12, [860, 104, 0, 1, 0, 1110, 996, 1, 0, 0, 3, 1, 2, 1, 0]),
 (12, [780, 20, 0, 0, 1, 1358, 1679, 1, 1, 0, 0, 0, 1, 2, 0]),
 (12, [777, 38, 1, 0, 1, 573, 1529, 1, 1, 1, 3, 1, 0, 0, 0]),
 (12, [634, 100, 0, 0, 1, 1988, 599, 0, 0, 0, 2, 0, 2, 0, 0]),
 (12, [516, 47, 0, 0, 1, 1828, 1363, 0, 1, 1, 3, 1, 0, 1, 2])]
Población final:
[(16, [513, 46, 0, 0, 0, 1110, 993, 0, -1, 0, 3, 1, 1, 2, 0]),
 (16, [513, 46, 0, 0, 0, 1110, 993, 0, -1, 0, 3, 1, 1, 2, 0]),
 (12, [514, 46, 0, 0, 0, 1110, 993, 1, -1, 0, 3, 1, 1, 1, 0]),
 (12, [514, 46, 0, 0, 0, 1110, 993, 1, -1, 0, 3, 1, 1, 2, 0]),
 (12, [514, 46, 0, 0, 0, 1110, 993, 1, -1, 0, 3, 1, 1, 2, -1]),
 (12, [514, 46, 0, 0, 0, 1110, 993, 0, -2, 0, 3, 1, 1, 2, 0]),
 (12, [514, 46, 0, 0, 0, 1110, 993, 0, -1, 0, 3, 1, 1, 2, 1]),
 (12, [513, 46, 0, 0, 0, 1110, 993, 0, -1, -1, 3, 1, 1, 2, 0]),
 (12, [513, 46, 0, 0, 0, 1110, 993, 0, -1, 0, 4, 1, 1, 2, 0]),
 (12, [513, 46, 0, 0, 0, 1110, 993, 0, -1, 0, 3, 1, 1, 2, 0]),
 (12, [513, 46, 0, 0, 0, 1110, 993, 0, -1, 0, 3, 1, 0, 2, 0]),
 (12, [513, 45, 0, 0, 0, 1110, 993, 1, -1, 0, 3, 1, 1, 2, 0]),
 (12, [513, 45, 0, 0, 0, 1110, 993, 1, -1, 0, 3, 1, 1, 2, -1]),
 (12, [513, 45, 0, 0, 0, 1110, 993, 1, -1, 0, 3, 1, 1, 2, 0]),
 (12, [513, 45, 0, 0, 0, 1110, 993, 1, -1, 0, 3, 1, 1, 2, 0]),
 (12, [513, 45, 0, 0, 0, 1110, 994, 0, -1, 0, 3, 1, 1, 2, 0]),
 (12, [513, 45, 0, 0, 0, 1110, 992, 0, -1, 0, 3, 1, 1, 2, 0]),
 (12, [513, 45, -1, 0, 0, 1110, 993, 0, -1, 0, 3, 1, 1, 2, 0]),
 (12, [513, 45, 0, 0, 0, 1110, 993, 0, -1, 0, 3, 1, 1, 2, 0]),
 (12, [513, 45, 0, 0, 0, 1110, 993, 0, -1, 0, 3, 1, 1, 2, 0]),
 (12, [513, 45, 0, 0, 0, 1110, 993, 0, -1, 0, 3, 1, 1, 2, 0]),
 (12, [513, 45, 0, 0, 0, 1110, 993, 0, -1, -1, 3, 1, 1, 2, 0]),
 (12, [513, 45, 0, 0, 0, 1110, 993, 0, -1, 0, 3, 1, 2, 2, 0]),
 (12, [513, 45, 0, 0, 0, 1110, 993, 0, -1, 0, 3, 1, 1, 2, 0]),
 (12, [513, 45, 0, 0, 0, 1110, 993, 0, -1, -1, 3, 1, 1, 2, 0]),
 (12, [513, 45, 0, 0, 0, 1110, 993, 0, -1, 0, 3, 1, 1, 2, 0]),
 (12, [513, 45, 0, 0, 0, 1110, 993, 0, -1, 0, 3, 1, 0, 2, 0]),
 (12, [513, 45, 0, 0, 0, 1110, 993, 0, -1, 0, 3, 1, 1, 2, 0]),
 (12, [513, 45, 0, 0, 0, 1110, 993, 0, -1, 0, 3, 1, 1, 2, 0]),
 (12, [513, 45, 0, 0, 0, 1110, 993, 0, -1, 0, 3, 1, 1, 2, 0]),
 (6, [514, 46, 0, 0, 0, 1110, 993, 1, -1, 0, 3, 1, 1, 2, 0]),
 (6, [513, 46, 0, 0, 0, 1110, 993, 0, -1, 0, 3, 1, 1, 2, 0])]
Elapsed time is 6686.925555 seconds.
