 * Manually resetting nginx to stopped state
 * Manually resetting nginx to stopped state
 * Manually resetting nginx to stopped state
 * Manually resetting nginx to stopped state
 * Manually resetting nginx to stopped state
 * Manually resetting nginx to stopped state
 * Manually resetting nginx to stopped state
 * Manually resetting nginx to stopped state
 * Manually resetting nginx to stopped state
 * Manually resetting nginx to stopped state
 * Manually resetting nginx to stopped state
 * Manually resetting nginx to stopped state
 * Manually resetting nginx to stopped state
 * Manually resetting nginx to stopped state
 * Manually resetting nginx to stopped state
 * Manually resetting nginx to stopped state
 * Manually resetting nginx to stopped state
 * Manually resetting nginx to stopped state
 * Manually resetting nginx to stopped state
 * Manually resetting nginx to stopped state
 * Manually resetting nginx to stopped state
 * Manually resetting nginx to stopped state
 * Manually resetting nginx to stopped state
 * Manually resetting nginx to stopped state
genes: 15
individuals : 32
pressure: 5
mutation_chance: 0
generations: 15
crossover_type: 2
mutation_type_random: 1
Alerts:
35
Alerts:
35
Alerts:
35
Alerts:
35
Alerts:
35
Alerts:
35
Alerts:
35
Alerts:
35
Alerts:
35
Alerts:
35
Alerts:
35
Alerts:
35
Alerts:
35
Alerts:
35
Alerts:
35
Alerts:
35
Alerts:
35
Alerts:
35
Alerts:
35
Alerts:
35
Alerts:
35
Alerts:
35
Alerts:
35
Alerts:
35

Población de 32 individuos durante 15 generaciones
Población inicial:
[(999, [2012, 100, 0, 0, 0, 1125, 685, 1, 0, 3, 1, 1, 0, 2, 2]),
 (999, [1701, 24, 1, 1, 0, 1265, 848, 1, 1, 1, 5, 0, 1, 0, 1]),
 (999, [1601, 91, 0, 0, 0, 1107, 842, 1, 0, 0, 5, 1, 0, 1, 0]),
 (999, [1449, 119, 1, 0, 0, 1809, 966, 1, 0, 2, 5, 0, 2, 0, 2]),
 (999, [1259, 10, 0, 1, 0, 945, 1766, 0, 0, 3, 4, 0, 1, 2, 0]),
 (999, [891, 103, 1, 0, 0, 682, 637, 0, 1, 3, 4, 1, 1, 0, 0]),
 (999, [882, 27, 0, 0, 0, 1944, 1720, 0, 0, 2, 5, 0, 2, 1, 2]),
 (999, [729, 67, 1, 1, 1, 1663, 1926, 0, 0, 0, 5, 1, 2, 0, 1]),
 (35, [2039, 111, 0, 0, 0, 1311, 630, 0, 0, 0, 3, 1, 0, 1, 2]),
 (35, [2034, 20, 1, 0, 1, 1510, 1107, 1, 1, 1, 1, 1, 1, 2, 0]),
 (35, [1947, 88, 0, 0, 1, 1854, 1777, 1, 0, 1, 4, 1, 0, 0, 2]),
 (35, [1931, 28, 0, 0, 1, 833, 528, 1, 1, 2, 3, 1, 2, 0, 1]),
 (35, [1819, 59, 0, 1, 0, 1421, 1604, 1, 1, 2, 1, 0, 0, 2, 2]),
 (35, [1802, 20, 1, 0, 1, 1558, 1665, 1, 1, 0, 0, 0, 0, 2, 0]),
 (35, [1736, 67, 1, 0, 0, 1761, 1234, 1, 0, 2, 0, 0, 1, 1, 2]),
 (35, [1701, 113, 0, 0, 0, 1488, 1758, 0, 0, 2, 3, 1, 2, 0, 0]),
 (35, [1631, 34, 1, 0, 1, 1671, 1245, 1, 1, 2, 0, 1, 2, 2, 0]),
 (35, [1625, 69, 1, 1, 1, 648, 1308, 1, 0, 0, 2, 1, 2, 0, 0]),
 (35, [1617, 55, 1, 1, 0, 1454, 1523, 1, 0, 1, 4, 0, 0, 2, 1]),
 (35, [1606, 56, 0, 1, 0, 1838, 2024, 0, 0, 0, 3, 1, 2, 2, 1]),
 (35, [1524, 30, 0, 1, 0, 1494, 997, 1, 1, 0, 0, 0, 0, 2, 2]),
 (35, [1482, 92, 0, 0, 0, 1605, 870, 0, 0, 2, 1, 0, 0, 2, 1]),
 (35, [1368, 108, 0, 1, 1, 1195, 1541, 0, 1, 2, 0, 1, 1, 0, 2]),
 (35, [1208, 110, 0, 1, 1, 1949, 1330, 0, 0, 2, 3, 0, 1, 2, 2]),
 (35, [1041, 39, 1, 1, 0, 1074, 552, 1, 0, 2, 0, 0, 2, 0, 1]),
 (35, [993, 47, 0, 0, 1, 1021, 628, 0, 1, 0, 1, 0, 1, 2, 1]),
 (35, [878, 119, 0, 1, 1, 1659, 1030, 1, 1, 0, 2, 1, 2, 0, 1]),
 (35, [671, 20, 1, 1, 0, 855, 2013, 1, 0, 1, 1, 1, 0, 1, 0]),
 (35, [637, 43, 1, 1, 1, 1055, 726, 0, 0, 2, 1, 1, 0, 0, 2]),
 (35, [622, 44, 0, 0, 1, 811, 915, 1, 0, 2, 0, 1, 2, 2, 2]),
 (35, [602, 108, 1, 0, 1, 1101, 1130, 0, 1, 1, 4, 0, 0, 1, 1]),
 (35, [576, 23, 0, 1, 1, 883, 1919, 0, 0, 1, 1, 0, 1, 2, 1])]
Población final:
[(999, [2012, 100, 0, 0, 0, 1125, 685, 1, 0, 3, 1, 1, 0, 2, 2]),
 (999, [1701, 24, 1, 1, 0, 1265, 848, 1, 1, 1, 5, 0, 1, 0, 1]),
 (999, [1601, 91, 0, 0, 0, 1107, 842, 1, 0, 0, 5, 1, 0, 1, 0]),
 (999, [1449, 119, 1, 0, 0, 1809, 966, 1, 0, 2, 5, 0, 2, 0, 2]),
 (999, [1259, 10, 0, 1, 0, 945, 1766, 0, 0, 3, 4, 0, 1, 2, 0]),
 (999, [891, 103, 1, 0, 0, 682, 637, 0, 1, 3, 4, 1, 1, 0, 0]),
 (999, [882, 27, 0, 0, 0, 1944, 1720, 0, 0, 2, 5, 0, 2, 1, 2]),
 (999, [729, 67, 1, 1, 1, 1663, 1926, 0, 0, 0, 5, 1, 2, 0, 1]),
 (35, [2039, 111, 0, 0, 0, 1311, 630, 0, 0, 0, 3, 1, 0, 1, 2]),
 (35, [2034, 20, 1, 0, 1, 1510, 1107, 1, 1, 1, 1, 1, 1, 2, 0]),
 (35, [1947, 88, 0, 0, 1, 1854, 1777, 1, 0, 1, 4, 1, 0, 0, 2]),
 (35, [1931, 28, 0, 0, 1, 833, 528, 1, 1, 2, 3, 1, 2, 0, 1]),
 (35, [1819, 59, 0, 1, 0, 1421, 1604, 1, 1, 2, 1, 0, 0, 2, 2]),
 (35, [1802, 20, 1, 0, 1, 1558, 1665, 1, 1, 0, 0, 0, 0, 2, 0]),
 (35, [1736, 67, 1, 0, 0, 1761, 1234, 1, 0, 2, 0, 0, 1, 1, 2]),
 (35, [1701, 113, 0, 0, 0, 1488, 1758, 0, 0, 2, 3, 1, 2, 0, 0]),
 (35, [1631, 34, 1, 0, 1, 1671, 1245, 1, 1, 2, 0, 1, 2, 2, 0]),
 (35, [1625, 69, 1, 1, 1, 648, 1308, 1, 0, 0, 2, 1, 2, 0, 0]),
 (35, [1617, 55, 1, 1, 0, 1454, 1523, 1, 0, 1, 4, 0, 0, 2, 1]),
 (35, [1606, 56, 0, 1, 0, 1838, 2024, 0, 0, 0, 3, 1, 2, 2, 1]),
 (35, [1524, 30, 0, 1, 0, 1494, 997, 1, 1, 0, 0, 0, 0, 2, 2]),
 (35, [1482, 92, 0, 0, 0, 1605, 870, 0, 0, 2, 1, 0, 0, 2, 1]),
 (35, [1368, 108, 0, 1, 1, 1195, 1541, 0, 1, 2, 0, 1, 1, 0, 2]),
 (35, [1208, 110, 0, 1, 1, 1949, 1330, 0, 0, 2, 3, 0, 1, 2, 2]),
 (35, [1041, 39, 1, 1, 0, 1074, 552, 1, 0, 2, 0, 0, 2, 0, 1]),
 (35, [993, 47, 0, 0, 1, 1021, 628, 0, 1, 0, 1, 0, 1, 2, 1]),
 (35, [878, 119, 0, 1, 1, 1659, 1030, 1, 1, 0, 2, 1, 2, 0, 1]),
 (35, [671, 20, 1, 1, 0, 855, 2013, 1, 0, 1, 1, 1, 0, 1, 0]),
 (35, [637, 43, 1, 1, 1, 1055, 726, 0, 0, 2, 1, 1, 0, 0, 2]),
 (35, [622, 44, 0, 0, 1, 811, 915, 1, 0, 2, 0, 1, 2, 2, 2]),
 (35, [602, 108, 1, 0, 1, 1101, 1130, 0, 1, 1, 4, 0, 0, 1, 1]),
 (35, [576, 23, 0, 1, 1, 883, 1919, 0, 0, 1, 1, 0, 1, 2, 1])]
Elapsed time is 2466.079327 seconds.
