genes: 15
individuals : 16
pressure: 5
mutation_chance: 0
generations: 15
crossover_type: 2
mutation_type_random: 0

Población de 16 individuos durante 15 generaciones
Población inicial:
[(999, [1639, 14, 0, 0, 0, 747, 1358, 1, 1, 3, 5, 1, 0, 1, 1]),
 (999, [1004, 19, 1, 1, 1, 533, 2045, 1, 1, 3, 5, 1, 2, 1, 2]),
 (999, [1001, 103, 1, 1, 0, 531, 1306, 0, 0, 2, 5, 1, 0, 2, 2]),
 (999, [962, 61, 0, 1, 0, 1162, 1636, 1, 1, 1, 5, 1, 0, 2, 1]),
 (999, [512, 76, 0, 1, 1, 1172, 1989, 0, 1, 1, 5, 1, 1, 2, 1]),
 (16, [1854, 93, 1, 0, 1, 1398, 871, 0, 0, 0, 0, 0, 2, 2, 0]),
 (16, [1366, 81, 0, 0, 0, 1018, 1977, 0, 0, 0, 3, 1, 1, 1, 0]),
 (16, [1082, 59, 1, 0, 1, 1610, 1299, 0, 0, 1, 0, 1, 0, 0, 2]),
 (16, [1060, 31, 0, 0, 1, 1069, 989, 1, 1, 0, 3, 0, 0, 2, 2]),
 (16, [747, 66, 1, 1, 1, 1581, 1148, 1, 1, 1, 2, 1, 1, 2, 1]),
 (16, [670, 69, 0, 0, 0, 1030, 532, 1, 0, 1, 3, 0, 0, 1, 2]),
 (16, [665, 96, 0, 0, 1, 1752, 1312, 1, 0, 0, 1, 1, 2, 2, 0]),
 (16, [625, 53, 0, 1, 0, 826, 1667, 0, 0, 1, 3, 0, 2, 1, 1]),
 (12, [1748, 70, 1, 1, 1, 1876, 711, 1, 0, 1, 2, 1, 2, 1, 1]),
 (12, [1720, 50, 0, 1, 0, 1961, 782, 0, 1, 0, 2, 1, 0, 1, 2]),
 (12, [689, 44, 0, 0, 0, 813, 1249, 0, 1, 0, 3, 1, 0, 1, 2])]
Población final:
[(16, [665, 44, 0, 0, 0, 813, 710, 1, 1, 0, 3, 1, 0, 0, 0]),
 (16, [665, 44, -1, 0, 0, 813, 710, 1, 1, 0, 3, 1, 0, 1, 0]),
 (16, [665, 44, -1, 0, 0, 813, 710, 1, 1, 0, 2, 1, 0, 1, 0]),
 (16, [665, 44, -1, 0, 0, 813, 710, 1, 1, 0, 3, 1, 0, 1, -1]),
 (16, [665, 44, -1, 0, 0, 813, 710, 2, 1, 0, 3, 1, 0, 1, 0]),
 (16, [665, 44, -1, 0, 0, 813, 710, 1, 1, 0, 4, 1, 0, 1, 0]),
 (12, [665, 44, 0, 0, 0, 813, 710, 1, -1, 0, 3, 1, 0, 0, 0]),
 (12, [665, 44, -1, 0, 0, 813, 710, 1, 1, 0, 3, 2, 0, 1, 0]),
 (12, [665, 44, -1, 0, 0, 813, 710, 1, 1, 0, 3, 1, 0, 1, 0]),
 (12, [664, 44, -1, 0, 0, 813, 710, 1, 1, 0, 3, 1, 0, 1, 0]),
 (12, [665, 44, -1, 0, -1, 813, 710, 1, 1, 0, 3, 1, 0, 1, 0]),
 (12, [665, 44, -1, 0, 0, 813, 710, 1, 1, 0, 3, 1, 0, 1, 0]),
 (12, [665, 44, -1, 0, 0, 813, 710, 1, 1, 0, 3, 1, 0, 1, 0]),
 (12, [665, 44, -1, 0, 0, 813, 710, 1, 1, 0, 3, 1, 0, 1, 0]),
 (12, [665, 44, -1, 0, 0, 813, 710, 1, 1, 0, 3, 1, 0, 1, 0]),
 (12, [665, 44, -1, 0, 0, 813, 710, 1, 1, 0, 3, 1, 0, 1, 0])]
Elapsed time is 3118.803820 seconds.
