genes: 13
individuals : 16
pressure: 5
mutation_chance: 0
generations: 15
crossover_type: 2
mutation_type_random: 1

Población de 16 individuos durante 15 generaciones
Población inicial:
[(999, [2038, 33, 0, 0, 0, 1677, 948, 0, 0, 3, 1, 1, 2]),
 (999, [1999, 61, 1, 0, 1, 1227, 1947, 0, 1, 2, 5, 1, 1]),
 (999, [1922, 93, 0, 0, 1, 1778, 1833, 1, 1, 3, 1, 0, 0]),
 (999, [1617, 41, 1, 1, 1, 1683, 971, 0, 0, 1, 3, 1, 0]),
 (999, [1370, 101, 1, 0, 0, 584, 624, 1, 1, 1, 3, 1, 0]),
 (999, [1296, 30, 1, 1, 0, 670, 1001, 0, 1, 3, 0, 1, 2]),
 (999, [1071, 80, 1, 1, 0, 1163, 1831, 1, 0, 3, 0, 0, 0]),
 (999, [959, 42, 1, 1, 0, 943, 1238, 1, 0, 3, 1, 0, 2]),
 (999, [957, 112, 0, 0, 1, 628, 1481, 1, 0, 3, 0, 0, 0]),
 (999, [727, 95, 0, 1, 0, 656, 1754, 0, 1, 3, 1, 0, 0]),
 (999, [725, 93, 1, 1, 0, 1003, 1875, 0, 1, 3, 2, 0, 0]),
 (4, [2037, 71, 0, 1, 1, 1822, 1006, 0, 0, 2, 2, 0, 1]),
 (4, [1568, 51, 1, 1, 1, 1492, 536, 1, 1, 0, 0, 0, 1]),
 (4, [1478, 18, 1, 1, 1, 1915, 765, 1, 0, 0, 4, 0, 1]),
 (4, [948, 72, 1, 0, 1, 1971, 1108, 1, 1, 2, 4, 0, 2]),
 (4, [793, 109, 1, 1, 1, 595, 1022, 1, 0, 0, 4, 0, 2])]
Población final:
[(4, [750, 25, 0, 0, 1, 595, 1022, 1, 0, 0, 4, 0, 2]),
 (4, [750, 25, 0, 0, 1, 595, 1022, 1, 0, 0, 4, 0, 2]),
 (4, [750, 32, 0, 0, 1, 595, 1022, 1, 0, 0, 4, 0, 2]),
 (4, [750, 25, 0, 0, 1, 595, 1022, 1, 0, 0, 4, 0, 2]),
 (4, [750, 25, 0, 0, 1, 595, 1022, 1, 0, 0, 4, 0, 2]),
 (4, [750, 25, 0, 0, 1, 595, 1022, 1, 0, 0, 0, 0, 2]),
 (4, [750, 25, 0, 0, 1, 595, 1022, 1, 0, 0, 4, 0, 2]),
 (4, [750, 25, 1, 0, 1, 595, 1022, 1, 0, 0, 4, 0, 2]),
 (4, [750, 25, 0, 0, 0, 595, 1022, 1, 0, 3, 4, 0, 2]),
 (4, [750, 25, 0, 0, 0, 595, 1022, 1, 0, 0, 4, 0, 2]),
 (4, [750, 25, 0, 0, 0, 595, 1022, 1, 0, 0, 4, 0, 2]),
 (4, [750, 25, 0, 0, 0, 595, 1022, 1, 0, 0, 4, 0, 2]),
 (4, [750, 25, 0, 0, 0, 595, 1022, 1, 0, 0, 4, 0, 2]),
 (4, [750, 25, 0, 0, 0, 595, 1022, 1, 0, 0, 4, 0, 2]),
 (4, [750, 25, 0, 0, 0, 595, 1022, 1, 0, 0, 4, 0, 2]),
 (4, [750, 25, 0, 0, 0, 595, 1022, 1, 0, 0, 4, 0, 2])]
Elapsed time is 2586.702870 seconds.
