genes: 15
individuals : 16
pressure: 5
mutation_chance: 0
generations: 15
crossover_type: 2
mutation_type_random: 0

Población de 16 individuos durante 15 generaciones
Población inicial:
[(999, [1962, 24, 0, 0, 0, 1078, 550, 0, 0, 3, 2, 1, 1, 2, 2]),
 (999, [1762, 21, 1, 1, 0, 1488, 1663, 1, 1, 3, 4, 0, 2, 1, 1]),
 (999, [1729, 82, 0, 1, 0, 945, 915, 1, 0, 3, 0, 1, 2, 2, 0]),
 (999, [1510, 114, 1, 0, 1, 1131, 1804, 0, 0, 3, 3, 1, 2, 2, 1]),
 (999, [1488, 102, 1, 1, 0, 1652, 836, 1, 0, 2, 5, 0, 2, 0, 1]),
 (999, [1457, 19, 0, 1, 1, 1431, 1137, 0, 1, 3, 4, 0, 0, 1, 1]),
 (999, [1345, 12, 0, 0, 0, 1683, 992, 1, 0, 3, 3, 1, 0, 1, 0]),
 (999, [1193, 28, 1, 0, 0, 2032, 599, 1, 1, 1, 5, 1, 0, 2, 1]),
 (999, [895, 98, 1, 0, 1, 1608, 1108, 0, 0, 2, 5, 1, 0, 2, 2]),
 (999, [750, 96, 1, 0, 0, 1218, 1992, 1, 1, 3, 3, 1, 0, 2, 2]),
 (14, [2026, 116, 1, 0, 1, 1173, 1286, 0, 1, 0, 4, 1, 0, 1, 0]),
 (14, [1285, 73, 0, 0, 1, 1503, 2042, 0, 0, 0, 3, 1, 0, 2, 1]),
 (14, [1264, 84, 0, 1, 1, 1836, 680, 1, 1, 1, 0, 1, 2, 2, 0]),
 (11, [1597, 14, 0, 0, 0, 1999, 1540, 1, 1, 1, 4, 0, 0, 1, 0]),
 (11, [1363, 26, 0, 0, 0, 1152, 1920, 1, 1, 2, 3, 0, 1, 1, 2]),
 (11, [1209, 17, 0, 0, 0, 1143, 593, 0, 0, 0, 2, 0, 2, 2, 2])]
Población final:
[(999, [1209, 17, -1, 0, 0, 1143, 591, 0, 0, -1, 2, 0, 1, 2, 1]),
 (999, [1209, 17, -1, 0, 0, 1143, 591, -1, 0, -1, 2, 0, 1, 2, 1]),
 (999, [1209, 16, -1, 0, -1, 1143, 591, -1, 0, -1, 2, 0, 1, 2, 1]),
 (999, [1208, 17, -1, 0, 0, 1143, 591, 0, 0, -1, 2, -1, 1, 2, 1]),
 (999, [1208, 17, -1, 0, 0, 1143, 591, 0, 0, -1, 2, 0, 1, 2, 1]),
 (999, [1208, 17, -2, 0, 0, 1143, 591, -1, -1, -1, 2, 0, 1, 2, 1]),
 (11, [1209, 17, -1, 0, 0, 1143, 591, 0, -1, 0, 2, 0, 1, 2, 1]),
 (11, [1209, 17, -2, 0, 0, 1143, 591, -1, 0, -1, 2, 0, 1, 2, 1]),
 (11, [1209, 17, -1, 0, 0, 1143, 591, -1, -1, 0, 2, 0, 1, 2, 1]),
 (11, [1209, 17, -1, 0, 0, 1143, 591, -1, -1, 0, 2, 0, 1, 2, 1]),
 (11, [1209, 17, -1, 1, 0, 1143, 591, -1, -1, 0, 2, 0, 1, 2, 1]),
 (11, [1209, 16, -1, 0, 0, 1143, 591, -1, 0, 0, 2, 0, 1, 2, 1]),
 (11, [1209, 16, -1, 0, 0, 1143, 591, -1, 0, 0, 2, 0, 1, 2, 1]),
 (11, [1209, 16, -1, 0, 0, 1143, 591, -1, 0, 0, 2, 0, 1, 2, 1]),
 (11, [1208, 17, -1, 0, 0, 1143, 591, 0, 0, -1, 2, 0, 1, 2, 1]),
 (11, [1208, 17, -1, 0, 0, 1143, 591, 0, -1, 0, 2, 0, 1, 2, 1])]
Elapsed time is 1864.965121 seconds.
