genes: 15
individuals : 32
pressure: 5
mutation_chance: 0
generations: 15
crossover_type: 1
mutation_type_random: 1Población de 32 individuos durante 15 generaciones
Población inicial:
[(999, [1963, 104, 1, 1, 0, 1153, 1415, 0, 0, 3, 5, 0, 0, 0, 2]),
 (999, [1962, 31, 0, 1, 1, 957, 1996, 1, 0, 1, 5, 1, 0, 1, 2]),
 (999, [1817, 118, 1, 0, 0, 1715, 664, 0, 1, 3, 4, 1, 1, 1, 0]),
 (999, [1727, 114, 0, 0, 1, 1459, 1788, 1, 1, 1, 5, 0, 1, 1, 1]),
 (999, [1401, 34, 0, 0, 1, 869, 1222, 1, 0, 2, 5, 1, 2, 1, 1]),
 (999, [1382, 96, 0, 0, 0, 1746, 1771, 0, 1, 3, 4, 1, 2, 2, 0]),
 (999, [1382, 19, 0, 1, 0, 1933, 1783, 0, 1, 3, 3, 1, 0, 1, 0]),
 (999, [879, 74, 0, 1, 1, 1854, 1213, 1, 1, 0, 5, 1, 2, 1, 2]),
 (14, [1775, 52, 0, 0, 0, 970, 1517, 0, 1, 1, 2, 1, 0, 1, 1]),
 (14, [1608, 50, 0, 0, 0, 982, 882, 1, 0, 1, 3, 1, 0, 1, 1]),
 (14, [1387, 104, 1, 1, 1, 1275, 1630, 0, 1, 0, 3, 1, 2, 0, 1]),
 (14, [1231, 37, 1, 1, 1, 1069, 822, 0, 1, 2, 1, 1, 1, 0, 2]),
 (14, [1201, 105, 1, 0, 0, 1204, 748, 0, 1, 2, 3, 1, 2, 0, 0]),
 (14, [1106, 12, 1, 1, 0, 1639, 1082, 0, 1, 1, 4, 1, 1, 2, 1]),
 (14, [1072, 73, 0, 0, 1, 1542, 1239, 0, 0, 2, 4, 1, 0, 2, 1]),
 (14, [1060, 116, 1, 0, 0, 1431, 1679, 0, 0, 2, 1, 1, 2, 1, 0]),
 (14, [923, 100, 1, 1, 0, 889, 765, 0, 1, 1, 3, 1, 2, 0, 2]),
 (14, [893, 61, 0, 0, 0, 1354, 903, 0, 0, 1, 4, 1, 2, 2, 1]),
 (14, [794, 39, 1, 1, 1, 1841, 1639, 1, 1, 0, 2, 1, 0, 1, 1]),
 (14, [770, 25, 0, 0, 1, 1026, 2031, 1, 0, 1, 2, 1, 2, 0, 0]),
 (14, [595, 23, 0, 0, 0, 551, 2046, 0, 1, 0, 4, 1, 0, 2, 2]),
 (14, [556, 93, 1, 1, 1, 722, 1752, 1, 0, 2, 1, 1, 2, 0, 0]),
 (14, [531, 73, 0, 1, 0, 907, 1040, 1, 0, 1, 0, 1, 0, 1, 0]),
 (11, [2013, 81, 0, 1, 1, 970, 2005, 1, 0, 1, 4, 0, 1, 0, 1]),
 (11, [1838, 58, 1, 0, 0, 1288, 780, 1, 0, 0, 0, 0, 0, 0, 2]),
 (11, [1829, 44, 1, 1, 0, 869, 1535, 1, 1, 2, 4, 0, 2, 2, 1]),
 (11, [1538, 58, 0, 0, 0, 1189, 1135, 1, 1, 1, 1, 0, 0, 0, 0]),
 (11, [999, 54, 0, 0, 0, 1855, 893, 0, 1, 2, 4, 0, 0, 2, 0]),
 (11, [928, 33, 1, 1, 0, 1933, 1027, 0, 0, 2, 1, 0, 2, 1, 1]),
 (11, [781, 54, 1, 1, 0, 1955, 1816, 0, 0, 2, 1, 0, 2, 1, 1]),
 (11, [672, 54, 0, 0, 0, 866, 1555, 1, 0, 2, 0, 0, 1, 0, 2]),
 (11, [647, 18, 0, 0, 1, 1810, 567, 1, 1, 0, 4, 0, 0, 1, 1])]
Población final:
[(11, [514, 18, 0, 1, 0, 623, 567, 0, 0, 0, 0, 0, 0, 1, 0]),
 (11, [514, 18, 0, 0, 0, 623, 567, 0, 1, 0, 0, 0, 0, 1, 0]),
 (11, [514, 18, 0, 0, 0, 623, 567, 0, 0, 0, 0, 0, 0, 1, 0]),
 (11, [514, 18, 0, 0, 0, 623, 567, 0, 0, 0, 0, 0, 0, 1, 0]),
 (11, [514, 18, 0, 0, 0, 623, 567, 0, 0, 0, 0, 0, 0, 1, 0]),
 (11, [514, 18, 0, 0, 0, 623, 567, 0, 0, 0, 0, 0, 0, 1, 0]),
 (11, [514, 18, 0, 0, 0, 623, 567, 0, 0, 0, 0, 0, 0, 1, 1]),
 (11, [514, 18, 0, 0, 0, 623, 567, 0, 0, 0, 0, 0, 0, 1, 0]),
 (11, [514, 18, 0, 0, 0, 623, 567, 0, 0, 0, 0, 0, 0, 1, 0]),
 (11, [514, 18, 1, 0, 0, 623, 567, 0, 0, 0, 0, 0, 0, 1, 0]),
 (11, [514, 18, 0, 0, 0, 623, 567, 0, 0, 0, 0, 0, 0, 1, 0]),
 (11, [514, 18, 0, 0, 0, 623, 567, 0, 0, 0, 0, 0, 0, 1, 0]),
 (11, [514, 18, 0, 0, 0, 623, 567, 0, 0, 0, 0, 0, 0, 1, 0]),
 (11, [514, 18, 0, 0, 0, 623, 567, 0, 0, 0, 0, 0, 0, 1, 0]),
 (11, [514, 18, 1, 0, 0, 623, 567, 0, 0, 0, 0, 0, 0, 1, 0]),
 (11, [514, 18, 0, 0, 0, 623, 912, 0, 0, 0, 0, 0, 0, 1, 0]),
 (11, [514, 18, 0, 0, 0, 623, 567, 0, 0, 0, 0, 0, 0, 1, 0]),
 (11, [514, 18, 0, 0, 0, 623, 567, 0, 1, 0, 0, 0, 0, 1, 0]),
 (11, [514, 18, 0, 0, 0, 623, 567, 0, 0, 0, 0, 0, 0, 1, 0]),
 (11, [514, 72, 0, 0, 0, 623, 567, 0, 0, 0, 0, 0, 0, 1, 0]),
 (11, [514, 18, 0, 0, 0, 623, 567, 0, 0, 0, 0, 1, 0, 1, 0]),
 (11, [514, 18, 0, 0, 0, 623, 567, 0, 0, 0, 0, 0, 0, 1, 0]),
 (11, [514, 18, 0, 0, 0, 623, 567, 0, 0, 0, 0, 0, 0, 1, 0]),
 (11, [514, 18, 0, 0, 0, 623, 567, 0, 0, 0, 0, 0, 0, 1, 0]),
 (11, [1269, 18, 0, 0, 0, 623, 567, 0, 0, 0, 0, 0, 0, 1, 0]),
 (11, [514, 15, 0, 0, 0, 623, 567, 0, 0, 0, 0, 0, 0, 1, 0]),
 (11, [514, 15, 0, 0, 0, 623, 567, 1, 0, 0, 0, 0, 0, 1, 0]),
 (11, [514, 15, 0, 0, 0, 623, 567, 0, 0, 0, 0, 0, 0, 1, 0]),
 (11, [514, 15, 0, 0, 0, 623, 567, 0, 0, 0, 0, 0, 0, 1, 0]),
 (11, [514, 15, 0, 0, 0, 623, 567, 0, 0, 0, 0, 0, 0, 1, 0]),
 (11, [514, 15, 0, 0, 0, 623, 567, 0, 0, 0, 0, 0, 0, 1, 0]),
 (11, [514, 15, 0, 0, 0, 623, 567, 0, 0, 0, 0, 0, 0, 1, 0])]
Elapsed time is 4944.004471 seconds.
