genes: 15
individuals : 16
pressure: 5
mutation_chance: 0
generations: 15
crossover_type: 1
mutation_type_random: 0

Población de 16 individuos durante 15 generaciones
Población inicial:
[(999, [1782, 89, 0, 0, 0, 2034, 1794, 0, 1, 0, 5, 1, 2, 0, 1]),
 (999, [1329, 81, 1, 0, 0, 1811, 1922, 0, 0, 2, 5, 0, 0, 2, 1]),
 (999, [1045, 106, 1, 0, 1, 699, 1481, 1, 1, 3, 5, 1, 1, 0, 2]),
 (999, [883, 49, 0, 0, 0, 1942, 603, 1, 0, 0, 5, 0, 1, 2, 1]),
 (999, [709, 49, 1, 0, 1, 1504, 729, 1, 0, 2, 5, 1, 2, 2, 1]),
 (999, [655, 64, 0, 1, 0, 582, 1228, 1, 0, 2, 5, 1, 2, 0, 2]),
 (999, [514, 98, 1, 0, 1, 912, 636, 1, 0, 3, 0, 1, 0, 0, 0]),
 (14, [1405, 69, 0, 0, 1, 1440, 1189, 1, 1, 1, 0, 1, 0, 1, 2]),
 (14, [1282, 14, 0, 1, 0, 1028, 616, 1, 0, 1, 1, 1, 1, 2, 0]),
 (14, [1138, 116, 0, 1, 0, 1499, 1705, 0, 1, 0, 4, 1, 1, 1, 0]),
 (14, [921, 31, 1, 0, 1, 1532, 634, 0, 0, 2, 3, 1, 2, 2, 0]),
 (11, [1515, 25, 0, 0, 0, 1666, 849, 1, 1, 1, 3, 0, 2, 0, 1]),
 (11, [1343, 94, 1, 1, 0, 876, 1513, 0, 1, 2, 1, 0, 0, 0, 1]),
 (11, [1243, 16, 0, 1, 0, 524, 1425, 1, 1, 0, 1, 0, 0, 0, 0]),
 (11, [994, 31, 0, 1, 0, 675, 1267, 1, 0, 1, 1, -1, 2, 1, 1]),
 (11, [726, 22, 1, 1, 1, 713, 1901, 1, 0, 1, 4, 0, 1, 1, 2])]
Población final:
[(11, [725, 16, 0, 1, 0, 674, 1266, 1, 1, 0, 1, 0, -1, 0, -1]),
 (11, [725, 16, 0, 0, 0, 675, 1266, 1, 1, 0, 2, 0, 0, 0, -1]),
 (11, [725, 16, 0, 0, 0, 675, 1266, 1, 1, 0, 1, 0, 0, 0, -1]),
 (11, [725, 16, 0, 0, 0, 675, 1266, 1, 1, 0, 1, 0, 0, -1, -1]),
 (11, [725, 16, 0, 0, 0, 675, 1266, 0, 1, 0, 1, 0, 0, 0, -1]),
 (11, [725, 16, 0, 0, 0, 675, 1266, 2, 1, 0, 1, 0, 0, 0, -1]),
 (11, [725, 16, 0, 0, 0, 675, 1266, 1, 1, 0, 1, 0, -1, 0, -1]),
 (11, [725, 16, 0, 0, 0, 675, 1265, 1, 1, 0, 1, 0, 0, 0, -1]),
 (11, [725, 16, 0, 0, 0, 675, 1265, 1, 1, 0, 1, 0, 0, 0, -1]),
 (11, [725, 16, 0, 0, 0, 675, 1265, 1, 1, 0, 1, 0, 0, -1, -1]),
 (11, [725, 16, 0, 0, 0, 675, 1265, 1, 1, 0, 1, 0, 0, 0, -1]),
 (11, [725, 16, 0, 0, 0, 674, 1266, 1, 1, 0, 1, 0, 0, 0, -1]),
 (11, [725, 16, -1, 1, 0, 674, 1266, 1, 1, 0, 1, 0, 0, 0, -1]),
 (11, [725, 16, -1, 1, 0, 674, 1266, 1, 1, 0, 1, 0, -1, 0, -1]),
 (11, [725, 16, -1, 0, 0, 675, 1266, 1, 1, 0, 1, 0, 0, 0, -1]),
 (11, [725, 15, 0, 1, 0, 674, 1266, 1, 1, 0, 1, 0, -1, 0, -1])]
Elapsed time is 2009.553403 seconds.
