genes: 15
individuals : 16
pressure: 5
mutation_chance: 0
generations: 15
crossover_type: 2
mutation_type_random: 0Población de 16 individuos durante 15 generaciones
Población inicial:
[(999, [2041, 24, 0, 1, 1, 1792, 1812, 1, 1, 3, 5, 1, 2, 0, 2]),
 (999, [1225, 115, 1, 0, 0, 581, 897, 0, 0, 1, 5, 0, 2, 2, 2]),
 (999, [1177, 35, 0, 1, 1, 691, 674, 0, 0, 3, 1, 1, 0, 1, 1]),
 (16, [1546, 81, 1, 0, 0, 1785, 1728, 0, 1, 0, 3, 1, 1, 0, 1]),
 (16, [1180, 116, 1, 1, 0, 1294, 1003, 0, 1, 2, 3, 0, 2, 0, 0]),
 (16, [1142, 68, 0, 0, 1, 1625, 1933, 1, 1, 2, 4, 1, 2, 1, 0]),
 (16, [857, 21, 1, 1, 1, 1156, 888, 0, 0, 1, 1, 0, 2, 0, 1]),
 (16, [651, 91, 1, 1, 0, 1723, 977, 0, 1, 0, 3, 0, 2, 1, 1]),
 (16, [590, 85, 0, 0, 0, 1344, 1017, 1, 1, 1, 3, 0, 2, 1, 0]),
 (12, [1797, 51, 0, 1, 0, 1642, 1146, 1, 1, 2, 2, 1, 2, 0, 2]),
 (12, [1659, 78, 0, 1, 0, 2029, 1707, 1, 1, 1, 0, 1, 2, 0, 1]),
 (12, [1614, 110, 0, 1, 0, 527, 1243, 1, -1, 0, 3, 1, 1, 1, 1]),
 (12, [1302, 43, 0, 1, 1, 1870, 1615, 1, 0, 0, 3, -1, 1, 1, 2]),
 (12, [1261, 33, 0, 0, 0, 1151, 1427, 0, 1, 2, 4, 0, 0, 1, 2]),
 (12, [992, 52, 0, 0, 1, 1402, 794, 0, 1, 2, 2, 0, 1, 0, 2]),
 (12, [929, 52, 1, 1, 0, 1107, 898, 1, 1, 0, 0, 1, 1, 1, 2])]
Población final:
[(999, [929, 50, 1, 1, 0, 1107, 898, 1, 1, 0, -1, 1, 1, 1, 2]),
 (16, [929, 50, 1, 1, 0, 1107, 898, 1, 1, 0, 0, 1, 0, 1, 2]),
 (16, [930, 50, 1, 1, 0, 1107, 898, 1, 1, 0, 0, 1, 1, 1, 2]),
 (16, [929, 50, 1, 1, 0, 1107, 898, 1, 1, 0, 0, 1, 1, 1, 2]),
 (16, [929, 50, 1, 1, 0, 1107, 897, 1, 1, 0, 0, 1, 1, 1, 2]),
 (16, [929, 50, 1, 1, 0, 1107, 897, 1, 1, 0, 0, 1, 1, 1, 2]),
 (12, [929, 50, 1, 1, 1, 1107, 898, 1, 1, 0, 0, 1, 1, 1, 2]),
 (12, [929, 51, 1, 1, 0, 1107, 898, 1, 1, 0, 0, 1, 1, 1, 2]),
 (12, [929, 50, 1, 1, 0, 1107, 898, 1, 1, 0, 0, 1, 1, 1, 2]),
 (12, [929, 50, 1, 1, 0, 1107, 898, 1, 1, 0, -1, 1, 1, 1, 3]),
 (12, [929, 50, 1, 1, 0, 1107, 897, 1, 1, 0, 0, 1, 1, 1, 2]),
 (12, [929, 50, 1, 1, 0, 1107, 897, 1, 1, 0, 0, 1, 1, 1, 2]),
 (12, [929, 50, 1, 1, 0, 1107, 897, 1, 1, 0, 0, 1, 1, 1, 2]),
 (12, [929, 50, 1, 0, 0, 1107, 898, 1, 1, 0, 0, 1, 1, 1, 2]),
 (12, [929, 50, 1, 0, 0, 1107, 898, 1, 1, 0, 0, 1, 1, 1, 2]),
 (12, [929, 50, 1, 0, 0, 1107, 898, 1, 1, 0, 0, 1, 1, 1, 2])]
Elapsed time is 2866.298232 seconds.
