genes: 13
individuals : 32
pressure: 5
mutation_chance: 0
generations: 15
crossover_type: 1
mutation_type_random: 0

Población de 32 individuos durante 15 generaciones
Población inicial:
[(999, [2037, 119, 1, 0, 1, 1264, 698, 1, 1, 1, 2, 1, 2]),
 (999, [1772, 49, 1, 1, 1, 1100, 1803, 1, 1, 3, 5, 0, 2]),
 (999, [1723, 89, 1, 1, 0, 1315, 695, 0, 1, 3, 4, 0, 0]),
 (999, [1709, 66, 0, 0, 1, 1849, 1263, 1, 0, 1, 4, 1, 2]),
 (999, [1655, 72, 0, 1, 1, 1869, 778, 1, 1, 3, 5, 0, 0]),
 (999, [1610, 75, 1, 0, 1, 1333, 620, 1, 0, 3, 5, 0, 0]),
 (999, [1558, 62, 1, 1, 0, 1277, 1902, 1, 0, 3, 5, 0, 0]),
 (999, [1545, 24, 0, 0, 0, 1080, 889, 1, 1, 1, 4, 1, 0]),
 (999, [1431, 58, 0, 1, 0, 652, 1456, 1, 1, 3, 0, 1, 0]),
 (999, [1268, 35, 1, 0, 1, 1921, 1740, 0, 0, 3, 3, 0, 1]),
 (999, [1188, 16, 1, 0, 0, 1516, 1969, 1, 1, 3, 2, 0, 0]),
 (999, [994, 110, 1, 0, 0, 1475, 790, 0, 0, 3, 0, 1, 0]),
 (999, [817, 110, 0, 1, 1, 813, 1861, 0, 1, 3, 0, 1, 1]),
 (999, [693, 119, 0, 1, 1, 915, 1854, 0, 1, 3, 5, 1, 2]),
 (999, [639, 22, 0, 0, 1, 1437, 577, 0, 0, 1, 4, 1, 1]),
 (999, [636, 57, 0, 1, 0, 1608, 1912, 0, 1, 0, 5, 1, 0]),
 (999, [530, 63, 0, 0, 1, 1428, 549, 0, 0, 2, 5, 0, 2]),
 (4, [1712, 62, 1, 0, 1, 1282, 660, 1, 0, 2, 3, 1, 0]),
 (4, [1661, 88, 1, 0, 0, 1431, 1651, 1, 0, 2, 2, 0, 0]),
 (4, [1568, 120, 1, 1, 1, 655, 1333, 1, 1, 0, 4, 0, 1]),
 (4, [1565, 24, 1, 1, 1, 1142, 1086, 0, 1, 2, 2, 0, 2]),
 (4, [1452, 45, 1, 1, 0, 2006, 1650, 0, 0, 0, 1, 0, 0]),
 (4, [1420, 44, 1, 1, 1, 1788, 1701, 1, 1, 0, 3, 0, 1]),
 (4, [1397, 41, 0, 1, 0, 1867, 1024, 0, 0, 2, 4, 0, 0]),
 (4, [1314, 50, 1, 0, 0, 1516, 1927, 0, 0, 0, 4, 1, 0]),
 (4, [1197, 117, 1, 1, 0, 1867, 1206, 1, 1, 2, 0, 1, 1]),
 (4, [1127, 109, 1, 0, 1, 1470, 630, 0, 1, 0, 2, 1, 1]),
 (4, [946, 39, 1, 1, 1, 898, 1483, 1, 0, 0, 3, 1, 0]),
 (4, [926, 25, 0, 0, 1, 1313, 1610, 0, 0, -1, 4, 0, 2]),
 (4, [693, 65, 1, 0, 1, 1596, 2001, 0, 0, 2, 4, 0, 1]),
 (4, [692, 73, 0, 1, 1, 549, 1119, 1, 0, 2, 4, 1, 1]),
 (4, [655, 16, 1, 0, 1, 1288, 1763, 1, 0, 0, 4, 1, 0])]
Población final:
[(4, [650, 14, 1, 0, 1, 1287, 1763, 1, 0, 0, 4, 0, 0]),
 (4, [650, 14, 0, 0, 1, 1287, 1763, 1, 0, 0, 4, 0, 0]),
 (4, [650, 14, 1, 0, 1, 1287, 1763, 1, 0, 0, 4, 0, 1]),
 (4, [650, 14, 1, 0, 1, 1287, 1763, 1, -1, 0, 4, 0, 0]),
 (4, [650, 14, 1, 0, 1, 1287, 1763, 0, -1, 0, 4, 0, 0]),
 (4, [650, 14, 1, 0, 1, 1287, 1762, 1, -1, 0, 4, 0, 0]),
 (4, [650, 14, 1, 0, 1, 1287, 1763, 1, -1, 0, 4, 0, 0]),
 (4, [650, 14, 1, 0, 1, 1287, 1763, 1, -1, 0, 4, 0, 0]),
 (4, [650, 14, 1, 0, 1, 1287, 1763, 1, -1, 0, 4, 0, 0]),
 (4, [650, 14, 1, 0, 1, 1287, 1763, 1, -1, 1, 4, 0, 0]),
 (4, [650, 14, 1, 0, 1, 1287, 1763, 1, -1, 0, 4, 0, 0]),
 (4, [650, 14, 1, 0, 1, 1287, 1763, 1, -1, 0, 4, 0, 0]),
 (4, [650, 14, 1, 0, 1, 1287, 1763, 1, -1, 0, 4, 0, 0]),
 (4, [650, 14, 1, 0, 1, 1287, 1763, 1, -1, 0, 4, 0, 0]),
 (4, [650, 14, 1, 1, 1, 1287, 1763, 1, -1, 0, 4, 0, 0]),
 (4, [650, 14, 1, 0, 2, 1287, 1763, 1, -1, 0, 4, 0, 0]),
 (4, [650, 14, 1, 0, 1, 1287, 1763, 1, -1, 0, 4, 0, 0]),
 (4, [650, 14, 1, -1, 1, 1287, 1763, 1, -1, 0, 4, 0, 0]),
 (4, [650, 14, 1, 0, 1, 1287, 1763, 1, -1, 0, 4, 0, 0]),
 (4, [650, 14, 1, 0, 2, 1287, 1763, 1, -1, 0, 4, 0, 0]),
 (4, [650, 14, 1, 0, 1, 1287, 1763, 1, -1, 0, 4, 0, 0]),
 (4, [650, 13, 1, 0, 1, 1287, 1763, 1, -1, 0, 4, 0, 0]),
 (4, [650, 14, 1, 0, 1, 1287, 1763, 1, 0, 0, 4, 0, 0]),
 (4, [650, 14, 1, 0, 1, 1287, 1763, 1, -1, 0, 4, 0, 0]),
 (4, [650, 14, 1, 0, 1, 1287, 1763, 1, -1, 0, 4, 0, 0]),
 (4, [650, 14, 1, 0, 1, 1287, 1763, 1, -1, 0, 4, 0, 0]),
 (4, [650, 14, 1, 0, 1, 1287, 1763, 1, -1, 0, 4, 0, 0]),
 (4, [650, 14, 1, 0, 1, 1287, 1763, 1, -1, 0, 4, 0, 0]),
 (4, [650, 14, 1, 0, 1, 1287, 1763, 1, -1, 0, 4, 0, 0]),
 (4, [650, 14, 1, 0, 1, 1287, 1763, 1, -1, 0, 4, 0, 0]),
 (4, [650, 14, 1, 0, 1, 1287, 1763, 1, -1, 0, 4, 0, 0]),
 (4, [650, 14, 1, 0, 1, 1287, 1763, 1, -1, 0, 4, 0, 0])]
Elapsed time is 7301.944949 seconds.
