genes: 15
individuals : 32
pressure: 5
mutation_chance: 0
generations: 15
crossover_type: 2
mutation_type_random: 1

Población de 32 individuos durante 15 generaciones
Población inicial:
[(999, [2018, 44, 1, 0, 0, 1848, 582, 0, 1, 1, 5, 0, 0, 2, 0]),
 (999, [2016, 72, 1, 1, 0, 978, 1278, 0, 0, 3, 4, 1, 1, 2, 1]),
 (999, [1960, 45, 1, 1, 1, 1941, 1808, 1, 1, 3, 0, 0, 0, 2, 2]),
 (999, [1847, 96, 0, 1, 1, 1172, 1547, 1, 1, 3, 0, 1, 0, 1, 1]),
 (999, [1761, 53, 0, 1, 1, 697, 1645, 0, 1, 3, 3, 0, 0, 0, 1]),
 (999, [1548, 26, 1, 0, 1, 548, 782, 0, 1, 2, 5, 1, 2, 1, 0]),
 (999, [1537, 95, 1, 0, 0, 1020, 1547, 1, 0, 1, 5, 1, 2, 1, 2]),
 (999, [1499, 43, 1, 1, 1, 1342, 771, 1, 0, 3, 4, 1, 1, 0, 1]),
 (999, [1295, 42, 1, 1, 1, 531, 1955, 1, 0, 1, 5, 0, 1, 0, 1]),
 (999, [1164, 101, 1, 1, 1, 1419, 659, 0, 0, 3, 0, 1, 0, 2, 1]),
 (999, [1116, 10, 0, 1, 0, 1238, 633, 0, 1, 2, 5, 1, 1, 1, 2]),
 (999, [1001, 105, 0, 1, 1, 1611, 1563, 0, 0, 3, 5, 0, 1, 0, 2]),
 (999, [958, 48, 1, 1, 0, 1975, 842, 0, 1, 3, 5, 1, 1, 1, 1]),
 (999, [695, 105, 0, 1, 0, 738, 1868, 0, 1, 0, 5, 0, 1, 2, 0]),
 (999, [679, 10, 0, 1, 0, 1528, 1961, 0, 0, 3, 3, 1, 1, 2, 2]),
 (999, [648, 115, 0, 1, 1, 1458, 1203, 1, 1, 3, 0, 0, 2, 0, 1]),
 (14, [2039, 46, 0, 0, 1, 1020, 1357, 1, 1, 1, 4, 1, 0, 2, 1]),
 (14, [1548, 12, 0, 0, 0, 1860, 1434, 1, 0, 1, 0, 1, 1, 1, 1]),
 (14, [1281, 95, 0, 0, 0, 1386, 597, 0, 0, 0, 1, 1, 1, 2, 1]),
 (14, [1220, 12, 0, 0, 1, 1098, 801, 1, 0, 0, 4, 1, 0, 1, 0]),
 (14, [1052, 96, 1, 0, 0, 926, 935, 1, 1, 2, 1, 1, 2, 1, 1]),
 (14, [782, 43, 0, 0, 0, 1352, 1445, 0, 1, 1, 2, 1, 0, 0, 2]),
 (14, [561, 109, 1, 1, 0, 1562, 1291, 0, 1, 1, 3, 1, 2, 2, 0]),
 (14, [543, 29, 0, 1, 0, 1150, 883, 1, 1, 2, 2, 1, 2, 2, 0]),
 (11, [1748, 108, 1, 1, 1, 1879, 769, 1, 1, 1, 0, 0, 2, 2, 0]),
 (11, [1353, 24, 1, 1, 0, 604, 1001, 1, 0, 1, 3, 0, 1, 2, 2]),
 (11, [1064, 39, 1, 0, 0, 1618, 1199, 0, 0, 2, 3, 0, 0, 2, 1]),
 (11, [867, 77, 1, 0, 0, 1544, 1068, 1, 1, 0, 4, 0, 0, 2, 1]),
 (11, [852, 10, 0, 1, 0, 1470, 1056, 0, 1, 1, 4, 0, 2, 2, 2]),
 (11, [761, 60, 0, 0, 1, 995, 1948, 1, 1, 1, 0, 0, 0, 2, 0]),
 (11, [642, 63, 1, 0, 0, 1330, 1530, 0, 1, 2, 4, 0, 1, 0, 0]),
 (11, [557, 63, 0, 1, 0, 847, 1688, 0, 0, 1, 5, 0, 2, 2, 1])]
Población final:
[(11, [542, 18, 0, 0, 0, 847, 556, 0, 0, 0, 0, 0, 0, 1, 1]),
 (11, [542, 18, 0, 0, 0, 847, 556, 0, 0, 0, 0, 0, 0, 1, 1]),
 (11, [542, 18, 0, 0, 0, 847, 556, 0, 0, 0, 0, 0, 0, 1, 1]),
 (11, [542, 18, 0, 0, 0, 847, 556, 0, 0, 0, 0, 0, 0, 1, 1]),
 (11, [542, 18, 0, 0, 0, 847, 556, 0, 0, 0, 0, 0, 0, 1, 1]),
 (11, [542, 44, 0, 0, 0, 847, 556, 0, 0, 0, 0, 0, 0, 1, 1]),
 (11, [542, 18, 0, 0, 0, 847, 556, 0, 0, 0, 0, 0, 0, 1, 1]),
 (11, [542, 18, 0, 0, 0, 847, 556, 0, 0, 0, 0, 0, 0, 1, 1]),
 (11, [542, 18, 0, 0, 0, 847, 556, 0, 1, 0, 0, 0, 0, 1, 1]),
 (11, [542, 18, 0, 0, 0, 847, 556, 0, 0, 0, 0, 0, 0, 1, 1]),
 (11, [542, 18, 0, 0, 0, 847, 556, 0, 0, 0, 0, 0, 0, 2, 1]),
 (11, [542, 18, 0, 0, 0, 847, 556, 0, 0, 0, 0, 1, 0, 1, 1]),
 (11, [542, 18, 1, 0, 0, 847, 556, 0, 0, 0, 0, 0, 0, 1, 1]),
 (11, [542, 18, 0, 0, 0, 847, 556, 1, 0, 0, 0, 0, 0, 1, 1]),
 (11, [542, 18, 0, 0, 0, 847, 556, 0, 0, 0, 0, 0, 0, 1, 1]),
 (11, [542, 18, 0, 0, 0, 847, 556, 0, 0, 0, 0, 0, 0, 1, 1]),
 (11, [542, 18, 0, 0, 0, 847, 556, 0, 0, 0, 0, 0, 0, 2, 1]),
 (11, [542, 18, 0, 0, 0, 847, 556, 0, 0, 0, 3, 0, 0, 0, 1]),
 (11, [542, 18, 0, 0, 0, 847, 556, 0, 0, 0, 0, 0, 0, 0, 1]),
 (11, [542, 18, 0, 0, 0, 847, 865, 0, 0, 0, 0, 0, 0, 0, 1]),
 (11, [542, 18, 0, 0, 0, 847, 556, 0, 0, 0, 0, 0, 0, 0, 1]),
 (11, [542, 18, 0, 0, 0, 847, 556, 0, 0, 0, 0, 0, 0, 0, 1]),
 (11, [542, 100, 0, 0, 0, 847, 556, 0, 0, 0, 0, 0, 0, 0, 1]),
 (11, [542, 18, 0, 0, 0, 847, 556, 0, 0, 0, 0, 0, 0, 1, 1]),
 (11, [542, 18, 0, 0, 0, 847, 556, 0, 0, 0, 0, 0, 0, 0, 1]),
 (11, [542, 18, 0, 0, 0, 847, 556, 0, 0, 0, 0, 0, 0, 0, 1]),
 (11, [542, 18, 0, 0, 1, 847, 556, 0, 0, 0, 0, 0, 0, 0, 1]),
 (11, [542, 18, 0, 0, 0, 847, 556, 0, 0, 0, 0, 0, 0, 0, 1]),
 (11, [542, 18, 0, 0, 0, 847, 556, 0, 0, 0, 0, 0, 0, 0, 1]),
 (11, [542, 18, 0, 0, 0, 847, 556, 0, 0, 0, 0, 0, 0, 0, 1]),
 (11, [542, 18, 0, 0, 0, 847, 556, 0, 0, 0, 0, 0, 0, 0, 1]),
 (11, [542, 18, 0, 0, 0, 847, 556, 0, 0, 0, 0, 0, 0, 0, 1])]
Elapsed time is 4847.440248 seconds.
