 * Manually resetting nginx to stopped state
 * Manually resetting nginx to stopped state
 * Manually resetting nginx to stopped state
 * Manually resetting nginx to stopped state
 * Manually resetting nginx to stopped state
 * Manually resetting nginx to stopped state
 * Manually resetting nginx to stopped state
 * Manually resetting nginx to stopped state
 * Manually resetting nginx to stopped state
 * Manually resetting nginx to stopped state
 * Manually resetting nginx to stopped state
 * Manually resetting nginx to stopped state
 * Manually resetting nginx to stopped state
 * Manually resetting nginx to stopped state
 * Manually resetting nginx to stopped state
 * Manually resetting nginx to stopped state
 * Manually resetting nginx to stopped state
 * Manually resetting nginx to stopped state
 * Manually resetting nginx to stopped state
genes: 15
individuals : 32
pressure: 5
mutation_chance: 0
generations: 15
crossover_type: 1
mutation_type_random: 1
Alerts:
35
Alerts:
35
Alerts:
35
Alerts:
35
Alerts:
35
Alerts:
35
Alerts:
35
Alerts:
35
Alerts:
35
Alerts:
35
Alerts:
35
Alerts:
35
Alerts:
35
Alerts:
35
Alerts:
35
Alerts:
35
Alerts:
35
Alerts:
35
Alerts:
35

Población de 32 individuos durante 15 generaciones
Población inicial:
[(999, [1934, 63, 0, 0, 1, 1129, 1406, 0, 1, 3, 1, 0, 1, 0, 2]),
 (999, [1724, 20, 0, 1, 0, 1169, 966, 0, 0, 3, 1, 0, 1, 2, 1]),
 (999, [1710, 95, 0, 1, 1, 1055, 1721, 0, 0, 3, 3, 1, 1, 1, 2]),
 (999, [1700, 51, 1, 0, 1, 553, 1183, 0, 1, 3, 0, 1, 0, 2, 0]),
 (999, [1511, 32, 1, 1, 1, 1808, 1639, 1, 0, 3, 2, 1, 1, 0, 0]),
 (999, [1382, 108, 1, 1, 0, 1040, 1982, 1, 1, 3, 0, 0, 2, 1, 0]),
 (999, [1250, 39, 0, 0, 0, 724, 1749, 0, 0, 0, 5, 0, 1, 0, 0]),
 (999, [1044, 26, 0, 1, 1, 552, 665, 0, 1, 0, 5, 0, 2, 0, 0]),
 (999, [1019, 81, 0, 1, 0, 1773, 1826, 1, 1, 2, 5, 0, 2, 0, 0]),
 (999, [820, 39, 1, 1, 1, 913, 1413, 1, 1, 3, 2, 0, 0, 1, 2]),
 (999, [761, 62, 0, 0, 1, 1186, 590, 0, 0, 1, 5, 0, 2, 2, 0]),
 (999, [722, 64, 0, 0, 1, 1017, 1479, 0, 0, 3, 5, 1, 2, 1, 1]),
 (999, [720, 35, 0, 0, 1, 1958, 1219, 0, 0, 3, 5, 0, 0, 1, 1]),
 (35, [1989, 110, 0, 1, 1, 531, 1344, 0, 0, 0, 4, 0, 1, 0, 2]),
 (35, [1910, 76, 1, 1, 1, 1818, 1656, 1, 0, 0, 3, 0, 2, 2, 1]),
 (35, [1899, 12, 0, 0, 1, 1386, 1649, 1, 0, 2, 2, 1, 2, 0, 2]),
 (35, [1801, 53, 1, 1, 1, 667, 1067, 1, 0, 1, 1, 1, 1, 2, 0]),
 (35, [1696, 25, 1, 1, 0, 1094, 517, 1, 0, 0, 4, 0, 0, 0, 0]),
 (35, [1677, 19, 0, 1, 1, 1768, 1384, 1, 0, 2, 1, 0, 2, 1, 1]),
 (35, [1516, 62, 1, 0, 1, 2042, 856, 1, 0, 2, 3, 1, 2, 0, 2]),
 (35, [1108, 63, 1, 1, 0, 1384, 798, 0, 0, 1, 1, 0, 1, 1, 2]),
 (35, [1012, 105, 1, 0, 1, 1309, 768, 0, 0, 1, 2, 0, 1, 2, 1]),
 (35, [988, 20, 1, 1, 1, 1923, 1839, 0, 0, 1, 2, 1, 1, 2, 2]),
 (35, [938, 108, 1, 0, 0, 872, 837, 1, 0, 2, 1, 0, 2, 1, 0]),
 (35, [890, 69, 0, 0, 0, 1528, 1330, 0, 0, 0, 3, 1, 1, 1, 0]),
 (35, [882, 100, 1, 1, 0, 1303, 940, 0, 1, 0, 4, 1, 2, 0, 0]),
 (35, [854, 14, 1, 0, 0, 1092, 1712, 0, 1, 1, 0, 1, 2, 0, 2]),
 (35, [850, 10, 0, 1, 1, 771, 1314, 1, 0, 0, 3, 1, 2, 1, 0]),
 (35, [760, 102, 0, 1, 0, 1725, 897, 1, 0, 1, 3, 0, 0, 2, 0]),
 (35, [612, 99, 0, 0, 0, 815, 975, 1, 0, 1, 3, 0, 2, 0, 1]),
 (35, [565, 23, 0, 0, 0, 1123, 1226, 0, 1, 0, 2, 0, 2, 0, 2]),
 (35, [513, 108, 0, 0, 1, 1441, 840, 1, 1, 1, 1, 1, 1, 1, 0])]
Población final:
[(999, [1934, 63, 0, 0, 1, 1129, 1406, 0, 1, 3, 1, 0, 1, 0, 2]),
 (999, [1724, 20, 0, 1, 0, 1169, 966, 0, 0, 3, 1, 0, 1, 2, 1]),
 (999, [1710, 95, 0, 1, 1, 1055, 1721, 0, 0, 3, 3, 1, 1, 1, 2]),
 (999, [1700, 51, 1, 0, 1, 553, 1183, 0, 1, 3, 0, 1, 0, 2, 0]),
 (999, [1511, 32, 1, 1, 1, 1808, 1639, 1, 0, 3, 2, 1, 1, 0, 0]),
 (999, [1382, 108, 1, 1, 0, 1040, 1982, 1, 1, 3, 0, 0, 2, 1, 0]),
 (999, [1250, 39, 0, 0, 0, 724, 1749, 0, 0, 0, 5, 0, 1, 0, 0]),
 (999, [1044, 26, 0, 1, 1, 552, 665, 0, 1, 0, 5, 0, 2, 0, 0]),
 (999, [1019, 81, 0, 1, 0, 1773, 1826, 1, 1, 2, 5, 0, 2, 0, 0]),
 (999, [820, 39, 1, 1, 1, 913, 1413, 1, 1, 3, 2, 0, 0, 1, 2]),
 (999, [761, 62, 0, 0, 1, 1186, 590, 0, 0, 1, 5, 0, 2, 2, 0]),
 (999, [722, 64, 0, 0, 1, 1017, 1479, 0, 0, 3, 5, 1, 2, 1, 1]),
 (999, [720, 35, 0, 0, 1, 1958, 1219, 0, 0, 3, 5, 0, 0, 1, 1]),
 (35, [1989, 110, 0, 1, 1, 531, 1344, 0, 0, 0, 4, 0, 1, 0, 2]),
 (35, [1910, 76, 1, 1, 1, 1818, 1656, 1, 0, 0, 3, 0, 2, 2, 1]),
 (35, [1899, 12, 0, 0, 1, 1386, 1649, 1, 0, 2, 2, 1, 2, 0, 2]),
 (35, [1801, 53, 1, 1, 1, 667, 1067, 1, 0, 1, 1, 1, 1, 2, 0]),
 (35, [1696, 25, 1, 1, 0, 1094, 517, 1, 0, 0, 4, 0, 0, 0, 0]),
 (35, [1677, 19, 0, 1, 1, 1768, 1384, 1, 0, 2, 1, 0, 2, 1, 1]),
 (35, [1516, 62, 1, 0, 1, 2042, 856, 1, 0, 2, 3, 1, 2, 0, 2]),
 (35, [1108, 63, 1, 1, 0, 1384, 798, 0, 0, 1, 1, 0, 1, 1, 2]),
 (35, [1012, 105, 1, 0, 1, 1309, 768, 0, 0, 1, 2, 0, 1, 2, 1]),
 (35, [988, 20, 1, 1, 1, 1923, 1839, 0, 0, 1, 2, 1, 1, 2, 2]),
 (35, [938, 108, 1, 0, 0, 872, 837, 1, 0, 2, 1, 0, 2, 1, 0]),
 (35, [890, 69, 0, 0, 0, 1528, 1330, 0, 0, 0, 3, 1, 1, 1, 0]),
 (35, [882, 100, 1, 1, 0, 1303, 940, 0, 1, 0, 4, 1, 2, 0, 0]),
 (35, [854, 14, 1, 0, 0, 1092, 1712, 0, 1, 1, 0, 1, 2, 0, 2]),
 (35, [850, 10, 0, 1, 1, 771, 1314, 1, 0, 0, 3, 1, 2, 1, 0]),
 (35, [760, 102, 0, 1, 0, 1725, 897, 1, 0, 1, 3, 0, 0, 2, 0]),
 (35, [612, 99, 0, 0, 0, 815, 975, 1, 0, 1, 3, 0, 2, 0, 1]),
 (35, [565, 23, 0, 0, 0, 1123, 1226, 0, 1, 0, 2, 0, 2, 0, 2]),
 (35, [513, 108, 0, 0, 1, 1441, 840, 1, 1, 1, 1, 1, 1, 1, 0])]
Elapsed time is 1949.219900 seconds.
