genes: 15
individuals : 16
pressure: 5
mutation_chance: 0
generations: 15
crossover_type: 1
mutation_type_random: 0
Población de 16 individuos durante 15 generaciones
Población inicial:
[(999, [1998, 50, 0, 1, 1, 1154, 766, 0, 1, 1, 5, 1, 0, 0, 0]),
 (999, [1953, 34, 0, 1, 0, 1300, 1899, 0, 0, 3, 2, 1, 0, 1, 2]),
 (999, [1891, 112, 0, 1, 1, 767, 1882, 1, 1, 3, 3, 1, 0, 0, 1]),
 (999, [1773, 87, 0, 1, 0, 1502, 767, 0, 0, 3, 0, 1, 0, 1, 0]),
 (999, [1337, 81, 1, 0, 1, 1923, 874, 0, 1, 3, 3, 0, 1, 0, 2]),
 (999, [1015, 26, 1, 0, 1, 762, 1380, 0, 1, 3, 1, 0, 2, 0, 2]),
 (999, [990, 61, 1, 1, 1, 2002, 1229, 1, 1, 3, 5, 1, 2, 1, 2]),
 (999, [840, 41, 1, 1, 0, 1312, 616, 1, 0, 1, 5, 0, 2, 1, 0]),
 (999, [768, 21, 0, 1, 0, 1965, 1040, 1, 0, 3, 3, 1, 0, 1, 2]),
 (999, [675, 94, 0, 1, 0, 1819, 753, 1, 1, 0, 5, 0, 1, 2, 1]),
 (14, [1477, 117, 0, 0, 1, 1875, 1821, 0, 1, 1, 3, 1, 1, 2, 1]),
 (14, [794, 120, 0, 1, 0, 1863, 1431, 1, 0, 1, 2, 1, 0, 1, 1]),
 (14, [576, 44, 1, 0, 0, 1866, 1073, 1, 1, 0, 3, 1, 1, 2, 1]),
 (11, [1902, 113, 1, 0, 1, 1482, 1811, 0, 1, 1, 4, 0, 2, 1, 0]),
 (11, [1547, 19, 1, -1, 0, 1560, 710, 1, 1, 0, 4, 0, 1, 2, 2]),
 (11, [1262, 43, 0, 1, 1, 1238, 577, 1, 1, 0, 0, 0, 1, 2, 0])]
Población final:
[(11, [792, 120, -1, 1, 1, 1238, 575, 1, 1, 0, 0, 0, 1, 2, 2]),
 (11, [792, 120, -1, 1, 1, 1238, 576, 1, 1, 0, 0, 0, 1, 2, 2]),
 (11, [792, 120, -1, 1, 1, 1238, 576, 1, 1, 0, 0, 0, 1, 2, 2]),
 (11, [792, 120, -1, 1, 1, 1238, 576, 1, 1, 0, 0, 0, 1, 2, 2]),
 (11, [792, 120, -1, 0, 1, 1238, 576, 1, 2, 0, 0, 0, 1, 2, 2]),
 (11, [792, 120, -1, 0, 1, 1238, 576, 1, 1, 0, 0, 0, 1, 2, 2]),
 (11, [792, 120, -1, 0, 1, 1238, 576, 1, 1, 0, 0, 0, 1, 1, 2]),
 (11, [792, 120, -1, 0, 1, 1238, 576, 1, 1, 0, 0, 0, 1, 2, 2]),
 (11, [792, 120, -1, 0, 1, 1238, 576, 1, 2, 0, 0, 0, 1, 2, 2]),
 (11, [792, 120, -1, 0, 1, 1239, 576, 1, 1, 0, 0, 0, 1, 2, 2]),
 (11, [792, 120, -1, 0, 1, 1238, 576, 1, 1, 0, 0, 0, 1, 2, 2]),
 (11, [792, 120, -1, 0, 1, 1238, 576, 1, 1, 0, 0, 0, 1, 2, 2]),
 (11, [792, 119, -1, 1, 1, 1238, 576, 1, 1, 0, 0, 0, 1, 2, 2]),
 (11, [792, 119, -1, 1, 1, 1238, 576, 1, 1, 0, 0, 0, 1, 2, 2]),
 (11, [792, 119, -1, 1, 1, 1238, 576, 1, 1, 0, 0, 0, 1, 2, 2]),
 (11, [792, 119, -1, 0, 1, 1238, 576, 1, 1, 0, 0, 0, 1, 2, 2])]
Elapsed time is 1882.856576 seconds.
