genes: 15
individuals : 16
pressure: 5
mutation_chance: 0
generations: 15
crossover_type: 1
mutation_type_random: 1Población de 16 individuos durante 15 generaciones
Población inicial:
[(999, [1775, 46, 0, 1, 0, 969, 1756, 0, 1, 3, 4, 1, 1, 1, 2]),
 (999, [1623, 49, 0, 0, 1, 1533, 1693, 1, 1, 3, 2, 0, 0, 1, 2]),
 (999, [1156, 111, 0, 0, 0, 1265, 1759, 1, 1, 1, 5, 0, 1, 2, 2]),
 (999, [1067, 97, 1, 0, 0, 972, 1003, 1, 0, 0, 5, 1, 1, 2, 2]),
 (999, [658, 64, 0, 1, 1, 757, 1717, 0, 0, 3, 4, 0, 1, 0, 0]),
 (16, [1935, 118, 0, 1, 1, 1335, 1764, 0, 1, 1, 4, 1, 2, 1, 2]),
 (16, [1839, 114, 1, 0, 1, 1807, 1011, 0, 1, 2, 2, 0, 1, 0, 2]),
 (16, [1452, 41, 0, 1, 0, 1456, 1663, 1, 0, 0, 3, 0, 0, 0, 1]),
 (16, [1279, 87, 0, 1, 0, 1173, 1399, 1, 0, 2, 0, 1, 0, 2, 1]),
 (12, [1865, 41, 1, 1, 1, 647, 1589, 1, 0, 0, 4, 1, 0, 2, 2]),
 (12, [1618, 100, 0, 0, 1, 1932, 648, 0, 0, 2, 3, 0, 0, 2, 0]),
 (12, [1615, 35, 0, 1, 1, 1758, 1858, 0, 0, 1, 4, 0, 2, 1, 0]),
 (12, [1427, 41, 0, 1, 1, 1566, 1757, 0, 1, 3, 2, 0, 2, 2, 0]),
 (12, [1427, 18, 0, 0, 1, 552, 1333, 0, 1, 1, 1, 0, 1, 2, 0]),
 (12, [1130, 47, 1, 1, 0, 1340, 2037, 0, 0, 0, 2, 0, 0, 0, 0]),
 (12, [635, 34, 0, 1, 1, 1293, 656, 0, 1, 0, 4, 0, 2, 1, 0])]
Población final:
[(16, [635, 29, 0, 0, 1, 1293, 656, 0, 1, 0, 4, 0, 1, 2, 0]),
 (16, [635, 29, 0, 0, 1, 1293, 656, 0, 1, 0, 4, 0, 1, 2, 0]),
 (16, [635, 29, 0, 0, 1, 1293, 656, 0, 1, 0, 4, 0, 1, 2, 0]),
 (16, [635, 29, 0, 0, 1, 1293, 656, 0, 1, 0, 4, 0, 0, 2, 0]),
 (16, [635, 29, 0, 0, 1, 1293, 656, 0, 1, 0, 4, 0, 1, 2, 0]),
 (16, [635, 29, 0, 0, 1, 1293, 656, 0, 1, 0, 4, 0, 1, 0, 0]),
 (12, [635, 29, 0, 0, 1, 1293, 656, 0, 0, 0, 4, 0, 1, 2, 0]),
 (12, [635, 29, 0, 0, 1, 1293, 656, 0, 1, 0, 4, 0, 1, 2, 0]),
 (12, [635, 29, 0, 0, 1, 1293, 656, 0, 1, 0, 4, 0, 1, 2, 0]),
 (12, [635, 29, 0, 0, 1, 1293, 656, 0, 1, 0, 4, 0, 1, 2, 0]),
 (12, [635, 29, 0, 0, 1, 1293, 656, 0, 1, 0, 4, 0, 1, 0, 0]),
 (12, [635, 29, 0, 0, 1, 1293, 656, 0, 1, 0, 4, 0, 1, 0, 0]),
 (12, [635, 29, 0, 0, 1, 1293, 656, 0, 1, 0, 4, 0, 1, 0, 0]),
 (12, [635, 29, 0, 0, 1, 1293, 656, 0, 1, 0, 4, 0, 1, 0, 0]),
 (12, [635, 29, 0, 0, 1, 1293, 656, 0, 1, 0, 4, 0, 1, 0, 0]),
 (6, [635, 29, 0, 0, 1, 1293, 656, 0, 1, 0, 4, 0, 1, 2, 0])]
Elapsed time is 3201.113786 seconds.
