genes: 15
individuals : 16
pressure: 5
mutation_chance: 0
generations: 15
crossover_type: 2
mutation_type_random: 0
Población de 16 individuos durante 15 generaciones
Población inicial:
[(999, [2023, 35, 1, 1, 1, 1429, 521, 1, 1, 3, 5, 1, 1, 1, 0]),
 (999, [1327, 91, 0, 0, 1, 1528, 536, 0, 0, 1, 5, 1, 1, 0, 1]),
 (999, [956, 33, 1, 0, 0, 1071, 1756, 1, 1, 2, 5, 1, 1, 1, 1]),
 (999, [687, 27, 1, 1, 1, 1333, 1237, 0, 1, 3, 3, 0, 0, 2, 0]),
 (16, [1981, 22, 1, 0, 1, 854, 1373, 1, 1, 1, 0, 0, 0, 0, 0]),
 (16, [1729, 14, 0, 0, 0, 881, 1759, 1, 1, 2, 1, 0, 1, 1, 2]),
 (16, [1302, 120, 0, 1, 0, 868, 1405, 0, 0, 2, 4, 0, 0, 2, 1]),
 (16, [1259, 38, 0, 1, 0, 731, 1396, 0, 0, 1, 3, 1, 1, 2, 2]),
 (16, [842, 77, 0, 0, 1, 897, 1655, 1, 0, 1, 4, 0, 1, 2, 2]),
 (16, [716, 70, 0, 0, 0, 1939, 1005, 1, 0, 2, 3, 1, 2, 2, 2]),
 (16, [566, 62, 0, 1, 0, 1778, 1753, 1, 0, 2, 3, 1, 0, 2, 0]),
 (12, [1857, 91, 0, 1, 0, 1010, 672, 1, 1, 2, 0, 0, 2, 2, 1]),
 (12, [1341, 43, 1, 0, 1, 1938, 1285, 1, 1, 1, 1, 1, 1, 0, 2]),
 (12, [1336, 51, 0, 1, 0, 864, 563, 0, 1, 2, 0, 1, 0, 2, 0]),
 (12, [658, 104, 0, 0, 0, 1378, 1614, 1, 0, 0, 2, 0, 2, 0, 2]),
 (12, [651, 18, 0, 1, 0, 935, 737, 1, 1, 0, 2, 0, 0, 2, 1])]
Población final:
[(16, [651, 17, -1, 1, 0, 935, 737, 0, 1, 0, 2, 0, 0, 2, 1]),
 (16, [651, 17, -1, 1, 0, 935, 737, 0, 1, 0, 2, 0, 0, 2, 1]),
 (16, [651, 17, -1, 1, 0, 935, 737, 0, 1, 0, 2, 0, 0, 2, 1]),
 (16, [651, 17, -1, 1, 0, 935, 738, 0, 1, 0, 2, 0, 0, 2, 1]),
 (12, [650, 17, -1, 1, 0, 935, 737, 0, 1, 0, 2, 0, 0, 2, 1]),
 (12, [651, 17, -1, 1, 0, 935, 737, -1, 1, 0, 2, 0, 0, 2, 1]),
 (12, [651, 17, -1, 1, 0, 935, 738, 0, 1, 0, 2, 0, 0, 2, 1]),
 (12, [651, 17, -1, 1, 0, 935, 737, 0, 1, 0, 2, 0, 0, 2, 1]),
 (12, [651, 17, -1, 1, 0, 935, 737, 0, 1, 0, 2, 0, 0, 2, 1]),
 (12, [651, 17, -1, 2, 0, 935, 737, 0, 1, 0, 2, 0, 0, 2, 1]),
 (12, [651, 17, -1, 1, 0, 935, 737, 0, 1, 0, 2, 0, 0, 2, 1]),
 (12, [651, 17, -1, 1, 0, 935, 737, 0, 1, 0, 2, 0, 0, 2, 1]),
 (12, [651, 17, -1, 1, 0, 935, 737, 0, 1, 0, 2, 0, 0, 2, 1]),
 (12, [651, 17, -1, 1, 0, 935, 737, 0, 1, 0, 2, 0, 0, 2, 1]),
 (12, [651, 17, -1, 1, 0, 935, 737, 0, 1, 0, 2, 0, 0, 2, 1]),
 (12, [651, 17, -1, 1, 0, 935, 737, 0, 1, 0, 2, 0, 0, 2, 1])]
Elapsed time is 3064.235097 seconds.
