genes: 15
individuals : 16
pressure: 5
mutation_chance: 0
generations: 15
crossover_type: 2
mutation_type_random: 0
Población de 16 individuos durante 15 generaciones
Población inicial:
[(999, [1968, 49, 0, 1, 0, 1160, 1092, 1, 1, 3, 2, 0, 2, 2, 1]),
 (999, [1807, 87, 0, 1, 0, 1231, 1496, 1, 0, 3, 2, 1, 1, 1, 0]),
 (999, [1498, 12, 0, 0, 0, 1845, 722, 1, 1, 3, 2, 1, 2, 1, 2]),
 (999, [1492, 113, 1, 0, 0, 683, 1545, 0, 1, 0, 5, 0, 2, 0, 1]),
 (999, [1424, 85, 0, 1, 1, 1415, 808, 0, 0, 3, 2, 0, 2, 1, 2]),
 (999, [1017, 119, 0, 1, 0, 998, 1259, 1, 0, 3, 4, 0, 0, 2, 0]),
 (14, [1927, 90, 0, 0, 0, 1720, 1564, 0, 1, 2, 3, 1, 2, 0, 2]),
 (14, [1027, 84, 1, 0, 0, 1238, 1571, 1, 0, 2, 3, 1, 1, 2, 0]),
 (14, [995, 70, 0, 0, 0, 555, 1939, 0, 1, 2, 1, 1, 0, 0, 2]),
 (11, [2004, 10, 0, 1, 1, 655, 1232, 0, 1, 0, 2, 0, 2, 0, 2]),
 (11, [1664, 85, 1, 0, 1, 1401, 1605, 0, 1, 1, 3, 0, 1, 0, 1]),
 (11, [1658, 40, 2, 1, 1, 1155, 897, 1, 0, 2, 1, 0, 1, 1, 1]),
 (11, [1337, 59, 1, 1, 0, 1388, 1350, 1, 0, 0, 1, 0, 1, 0, 1]),
 (11, [867, 118, 1, 0, 1, 1444, 2044, 0, 0, 2, 0, 0, 0, 2, 1]),
 (11, [646, 80, 2, 1, 0, 1171, 966, 0, 0, 2, 3, 0, 0, 0, 0]),
 (11, [572, 10, 1, 0, 0, 1072, 701, 0, 0, 0, 4, 0, 1, 1, 2])]
Población final:
[(14, [570, 10, 0, -1, 0, 1072, 700, -1, 0, 0, 2, -1, 0, 0, 2]),
 (11, [570, 10, 0, -1, 0, 1073, 701, 0, 0, 0, 2, 0, 0, 0, 2]),
 (11, [570, 10, 0, -1, 0, 1072, 701, 0, 0, 0, 2, 0, 0, 0, 2]),
 (11, [570, 10, 0, -1, 0, 1072, 701, 0, 0, 0, 2, 0, 0, 0, 2]),
 (11, [570, 10, 0, 0, 0, 1072, 701, 0, 0, 0, 2, -1, 0, 0, 2]),
 (11, [570, 10, 0, -1, 0, 1072, 701, 0, -1, 0, 2, 0, 0, 0, 2]),
 (11, [570, 10, 0, -1, 0, 1072, 701, 0, -1, 0, 2, 0, 0, 0, 2]),
 (11, [570, 10, 0, -1, 0, 1072, 700, 0, -1, 0, 2, 0, 0, 0, 2]),
 (11, [570, 10, 0, -1, 0, 1072, 701, -1, 0, 0, 2, 0, 0, 0, 2]),
 (11, [570, 10, 0, -1, 0, 1072, 701, -1, 0, 0, 2, 0, 0, 0, 2]),
 (11, [570, 10, 0, -1, 0, 1072, 701, -1, 0, 0, 2, 0, 0, 0, 2]),
 (11, [570, 10, 0, -1, 0, 1072, 701, -1, 0, 0, 2, 0, 0, 0, 2]),
 (11, [570, 10, 0, -1, 0, 1072, 701, -1, -1, 0, 2, 0, 0, 0, 2]),
 (11, [570, 10, 0, -1, 0, 1072, 700, -1, 0, 0, 2, 0, 0, 0, 2]),
 (11, [570, 10, 0, -1, 0, 1072, 700, -1, 0, 0, 2, 0, 0, 0, 2]),
 (11, [570, 10, 0, -1, 0, 1072, 700, -1, 0, 0, 2, 0, 0, 0, 2])]
Elapsed time is 1965.510055 seconds.
