 * Manually resetting nginx to stopped state
 * Manually resetting nginx to stopped state
 * Manually resetting nginx to stopped state
 * Manually resetting nginx to stopped state
 * Manually resetting nginx to stopped state
 * Manually resetting nginx to stopped state
 * Manually resetting nginx to stopped state
 * Manually resetting nginx to stopped state
 * Manually resetting nginx to stopped state
 * Manually resetting nginx to stopped state
 * Manually resetting nginx to stopped state
 * Manually resetting nginx to stopped state
 * Manually resetting nginx to stopped state
 * Manually resetting nginx to stopped state
 * Manually resetting nginx to stopped state
 * Manually resetting nginx to stopped state
 * Manually resetting nginx to stopped state
 * Manually resetting nginx to stopped state
 * Manually resetting nginx to stopped state
 * Manually resetting nginx to stopped state
genes: 15
individuals : 32
pressure: 5
mutation_chance: 0
generations: 15
crossover_type: 2
mutation_type_random: 0
Alerts:
34
Alerts:
35
Alerts:
34
Alerts:
33
Alerts:
35
Alerts:
35
Alerts:
34
Alerts:
33
Alerts:
35
Alerts:
34
Alerts:
35
Alerts:
35
Alerts:
34
Alerts:
34
Alerts:
33
Alerts:
35
Alerts:
35
Alerts:
34
Alerts:
35
Alerts:
35

Población de 32 individuos durante 15 generaciones
Población inicial:
[(999, [2040, 71, 0, 1, 0, 1149, 1760, 0, 0, 3, 0, 0, 0, 0, 0]),
 (999, [1980, 93, 0, 0, 0, 1109, 1631, 0, 0, 3, 0, 1, 2, 1, 0]),
 (999, [1832, 32, 1, 0, 1, 553, 848, 1, 0, 1, 5, 1, 1, 1, 1]),
 (999, [1745, 60, 1, 0, 0, 1611, 615, 1, 0, 3, 2, 1, 0, 0, 1]),
 (999, [1660, 89, 1, 0, 0, 712, 811, 1, 0, 3, 1, 1, 1, 0, 0]),
 (999, [1554, 12, 1, 1, 0, 1707, 1912, 0, 0, 3, 5, 1, 0, 2, 0]),
 (999, [1397, 115, 1, 0, 0, 1544, 1134, 0, 1, 3, 4, 0, 1, 0, 1]),
 (999, [1246, 27, 1, 1, 0, 1768, 871, 0, 1, 3, 3, 0, 0, 2, 0]),
 (999, [1172, 72, 0, 1, 1, 1796, 2046, 1, 0, 3, 4, 1, 0, 0, 2]),
 (999, [1033, 108, 0, 0, 0, 607, 1153, 1, 1, 2, 5, 0, 0, 0, 0]),
 (999, [878, 109, 0, 0, 1, 567, 809, 1, 0, 3, 3, 0, 1, 0, 0]),
 (999, [759, 52, 1, 0, 1, 1030, 1115, 0, 0, 3, 2, 0, 1, 1, 1]),
 (35, [1984, 55, 0, 0, 1, 1339, 840, 0, 1, 0, 2, 0, 1, 2, 2]),
 (35, [1953, 92, 0, 0, 1, 1243, 840, 0, 0, 2, 2, 0, 1, 1, 1]),
 (35, [1810, 94, 1, 0, 1, 652, 1692, 1, 0, 2, 2, 0, 2, 0, 2]),
 (35, [1638, 100, 1, 0, 1, 1203, 1190, 1, 1, 2, 0, 0, 2, 1, 0]),
 (35, [1572, 94, 1, 1, 1, 896, 722, 1, 1, 1, 4, 1, 2, 1, 1]),
 (35, [1492, 32, 0, 1, 1, 1881, 562, 0, 1, 2, 1, 0, 2, 2, 2]),
 (35, [1321, 24, 0, 0, 1, 764, 1228, 0, 1, 1, 4, 0, 2, 1, 2]),
 (35, [1289, 117, 0, 1, 1, 1536, 2017, 0, 1, 0, 2, 0, 2, 2, 2]),
 (35, [750, 22, 0, 0, 1, 1985, 685, 1, 0, 2, 0, 0, 2, 2, 0]),
 (35, [601, 71, 0, 0, 1, 885, 1513, 0, 0, 2, 1, 1, 2, 2, 2]),
 (34, [1978, 30, 0, 1, 0, 704, 1055, 1, 1, 1, 4, 1, 0, 1, 0]),
 (34, [1684, 103, 0, 0, 0, 1608, 1995, 1, 0, 0, 4, 1, 1, 2, 2]),
 (34, [1513, 105, 0, 0, 0, 1179, 1778, 0, 0, 2, 1, 1, 0, 2, 2]),
 (34, [1302, 32, 0, 1, 0, 1645, 1106, 0, 0, 2, 1, 1, 2, 1, 2]),
 (34, [1100, 37, 0, 0, 0, 1688, 573, 0, 0, 0, 2, 1, 1, 0, 0]),
 (34, [765, 24, 0, 1, 0, 1895, 574, 0, 1, 1, 0, 1, 0, 1, 2]),
 (34, [628, 90, 1, 1, 0, 804, 902, 1, 0, 2, 2, 1, 0, 0, 0]),
 (33, [1607, 16, 0, 1, 0, 540, 1259, 1, 1, 2, 1, 1, 0, 0, 2]),
 (33, [1445, 56, 1, 0, 0, 1966, 866, 1, 1, 0, 1, 1, 0, 1, 2]),
 (33, [1425, 82, 1, 1, 0, 808, 785, 0, 0, 0, 3, 1, 2, 1, 0])]
Población final:
[(999, [2040, 71, 0, 1, 0, 1149, 1760, 0, 0, 3, 0, 0, 0, 0, 0]),
 (999, [1980, 93, 0, 0, 0, 1109, 1631, 0, 0, 3, 0, 1, 2, 1, 0]),
 (999, [1832, 32, 1, 0, 1, 553, 848, 1, 0, 1, 5, 1, 1, 1, 1]),
 (999, [1745, 60, 1, 0, 0, 1611, 615, 1, 0, 3, 2, 1, 0, 0, 1]),
 (999, [1660, 89, 1, 0, 0, 712, 811, 1, 0, 3, 1, 1, 1, 0, 0]),
 (999, [1554, 12, 1, 1, 0, 1707, 1912, 0, 0, 3, 5, 1, 0, 2, 0]),
 (999, [1397, 115, 1, 0, 0, 1544, 1134, 0, 1, 3, 4, 0, 1, 0, 1]),
 (999, [1246, 27, 1, 1, 0, 1768, 871, 0, 1, 3, 3, 0, 0, 2, 0]),
 (999, [1172, 72, 0, 1, 1, 1796, 2046, 1, 0, 3, 4, 1, 0, 0, 2]),
 (999, [1033, 108, 0, 0, 0, 607, 1153, 1, 1, 2, 5, 0, 0, 0, 0]),
 (999, [878, 109, 0, 0, 1, 567, 809, 1, 0, 3, 3, 0, 1, 0, 0]),
 (999, [759, 52, 1, 0, 1, 1030, 1115, 0, 0, 3, 2, 0, 1, 1, 1]),
 (35, [1984, 55, 0, 0, 1, 1339, 840, 0, 1, 0, 2, 0, 1, 2, 2]),
 (35, [1953, 92, 0, 0, 1, 1243, 840, 0, 0, 2, 2, 0, 1, 1, 1]),
 (35, [1810, 94, 1, 0, 1, 652, 1692, 1, 0, 2, 2, 0, 2, 0, 2]),
 (35, [1638, 100, 1, 0, 1, 1203, 1190, 1, 1, 2, 0, 0, 2, 1, 0]),
 (35, [1572, 94, 1, 1, 1, 896, 722, 1, 1, 1, 4, 1, 2, 1, 1]),
 (35, [1492, 32, 0, 1, 1, 1881, 562, 0, 1, 2, 1, 0, 2, 2, 2]),
 (35, [1321, 24, 0, 0, 1, 764, 1228, 0, 1, 1, 4, 0, 2, 1, 2]),
 (35, [1289, 117, 0, 1, 1, 1536, 2017, 0, 1, 0, 2, 0, 2, 2, 2]),
 (35, [750, 22, 0, 0, 1, 1985, 685, 1, 0, 2, 0, 0, 2, 2, 0]),
 (35, [601, 71, 0, 0, 1, 885, 1513, 0, 0, 2, 1, 1, 2, 2, 2]),
 (34, [1978, 30, 0, 1, 0, 704, 1055, 1, 1, 1, 4, 1, 0, 1, 0]),
 (34, [1684, 103, 0, 0, 0, 1608, 1995, 1, 0, 0, 4, 1, 1, 2, 2]),
 (34, [1513, 105, 0, 0, 0, 1179, 1778, 0, 0, 2, 1, 1, 0, 2, 2]),
 (34, [1302, 32, 0, 1, 0, 1645, 1106, 0, 0, 2, 1, 1, 2, 1, 2]),
 (34, [1100, 37, 0, 0, 0, 1688, 573, 0, 0, 0, 2, 1, 1, 0, 0]),
 (34, [765, 24, 0, 1, 0, 1895, 574, 0, 1, 1, 0, 1, 0, 1, 2]),
 (34, [628, 90, 1, 1, 0, 804, 902, 1, 0, 2, 2, 1, 0, 0, 0]),
 (33, [1607, 16, 0, 1, 0, 540, 1259, 1, 1, 2, 1, 1, 0, 0, 2]),
 (33, [1445, 56, 1, 0, 0, 1966, 866, 1, 1, 0, 1, 1, 0, 1, 2]),
 (33, [1425, 82, 1, 1, 0, 808, 785, 0, 0, 0, 3, 1, 2, 1, 0])]
Elapsed time is 862.750658 seconds.
