genes: 15
individuals : 32
pressure: 5
mutation_chance: 0
generations: 15
crossover_type: 2
mutation_type_random: 1
Población de 32 individuos durante 15 generaciones
Población inicial:
[(999, [1761, 108, 0, 0, 0, 1659, 712, 1, 1, 3, 3, 0, 0, 1, 2]),
 (999, [1580, 16, 0, 0, 0, 1755, 1400, 1, 0, 3, 0, 0, 1, 1, 0]),
 (999, [1267, 82, 1, 0, 1, 1906, 923, 1, 0, 3, 1, 1, 1, 2, 0]),
 (999, [1181, 39, 0, 0, 1, 1965, 1797, 0, 1, 3, 3, 0, 2, 2, 1]),
 (999, [1080, 82, 0, 0, 1, 1045, 1930, 1, 1, 3, 5, 1, 1, 0, 0]),
 (999, [956, 10, 0, 1, 0, 592, 1727, 0, 1, 3, 0, 1, 2, 0, 0]),
 (999, [826, 48, 0, 0, 0, 804, 1515, 0, 1, 3, 5, 1, 2, 1, 0]),
 (999, [798, 100, 0, 0, 0, 1538, 1093, 0, 0, 3, 4, 1, 1, 1, 1]),
 (999, [789, 107, 1, 1, 1, 807, 1618, 1, 1, 3, 1, 0, 0, 0, 2]),
 (999, [628, 116, 0, 1, 1, 1420, 1783, 0, 0, 2, 5, 1, 2, 0, 0]),
 (999, [564, 90, 1, 0, 1, 1604, 1791, 1, 1, 3, 1, 1, 2, 0, 2]),
 (16, [1798, 47, 0, 0, 0, 757, 1874, 0, 0, 2, 3, 1, 1, 2, 0]),
 (16, [1642, 10, 0, 1, 0, 1255, 1348, 0, 1, 1, 2, 0, 0, 0, 1]),
 (16, [1475, 10, 1, 1, 0, 1738, 1739, 0, 0, 0, 3, 1, 1, 0, 2]),
 (16, [1389, 25, 0, 1, 1, 721, 654, 1, 1, 1, 4, 1, 1, 2, 1]),
 (12, [1901, 54, 0, 1, 1, 692, 522, 0, 1, 1, 0, 1, 1, 2, 2]),
 (12, [1893, 60, 0, 1, 1, 1664, 1614, 1, 0, 0, 2, 0, 0, 2, 2]),
 (12, [1804, 35, 1, 1, 0, 1263, 1034, 1, 0, 2, 1, 1, 2, 1, 2]),
 (12, [1695, 115, 0, 0, 1, 1010, 1780, 0, 0, 2, 0, 1, 0, 2, 1]),
 (12, [1416, 43, 0, 1, 0, 861, 1955, 1, 1, 0, 0, 0, 0, 1, 1]),
 (12, [1398, 48, 0, 1, 1, 2012, 966, 0, 1, 2, 2, 1, 2, 2, 0]),
 (12, [1372, 86, 1, 0, 0, 1309, 726, 0, 1, 2, 0, 0, 0, 2, 2]),
 (12, [1371, 60, 0, 0, 1, 1605, 1598, 1, 1, 0, 1, 0, 2, 2, 2]),
 (12, [1334, 18, 1, 0, 1, 1384, 2045, 1, 1, 1, 1, 0, 1, 0, 2]),
 (12, [1275, 15, 1, 1, 1, 1567, 1075, 0, 0, 2, 2, 0, 0, 2, 0]),
 (12, [1154, 32, 0, 0, 1, 1259, 1188, 0, 1, 1, 0, 0, 2, 1, 0]),
 (12, [1107, 97, 1, 1, 0, 1628, 1265, 1, 0, 2, 4, 0, 2, 1, 1]),
 (12, [1098, 79, 0, 1, 0, 1559, 1938, 0, 0, 1, 2, 1, 0, 0, 1]),
 (12, [895, 63, 1, 0, 1, 1660, 1239, 1, 0, 0, 0, 0, 2, 1, 1]),
 (12, [862, 104, 0, 0, 0, 974, 2042, 1, 0, 1, 1, 0, 2, 1, 1]),
 (12, [749, 74, 1, 1, 1, 531, 1118, 1, 1, 2, 1, 1, 0, 2, 2]),
 (12, [706, 79, 0, 1, 0, 1341, 977, 1, 0, 2, 1, 0, 2, 1, 1])]
Población final:
[(16, [527, 10, 0, 0, 0, 569, 834, 1, 0, 1, 0, 0, 2, 0, 1]),
 (16, [527, 10, 0, 0, 0, 569, 834, 1, 0, 1, 0, 0, 2, 0, 1]),
 (16, [1460, 10, 0, 0, 0, 569, 834, 1, 0, 1, 0, 0, 0, 0, 1]),
 (16, [527, 10, 0, 0, 0, 569, 834, 1, 0, 1, 0, 0, 0, 0, 1]),
 (16, [527, 10, 0, 0, 0, 569, 834, 1, 0, 1, 0, 0, 0, 0, 1]),
 (12, [527, 10, 0, 0, 0, 569, 834, 1, 0, 1, 0, 0, 2, 0, 1]),
 (12, [527, 10, 0, 0, 0, 1726, 834, 1, 0, 1, 0, 0, 2, 0, 1]),
 (12, [527, 10, 0, 0, 0, 569, 834, 1, 0, 1, 0, 0, 2, 0, 1]),
 (12, [527, 10, 0, 0, 0, 569, 834, 1, 0, 1, 0, 0, 2, 0, 1]),
 (12, [527, 10, 0, 0, 0, 569, 834, 1, 0, 1, 0, 0, 2, 0, 1]),
 (12, [527, 10, 0, 1, 0, 569, 834, 1, 0, 1, 0, 0, 2, 0, 1]),
 (12, [527, 10, 0, 0, 0, 569, 2035, 1, 0, 1, 0, 0, 2, 0, 1]),
 (12, [527, 10, 0, 0, 0, 569, 834, 1, 0, 1, 0, 0, 2, 0, 1]),
 (12, [527, 10, 0, 0, 0, 569, 834, 1, 0, 1, 0, 0, 2, 0, 1]),
 (12, [527, 10, 0, 0, 0, 569, 834, 1, 0, 1, 0, 0, 2, 0, 1]),
 (12, [527, 10, 0, 0, 0, 569, 834, 1, 0, 1, 0, 1, 2, 0, 1]),
 (12, [527, 10, 0, 0, 0, 569, 834, 1, 0, 1, 0, 0, 2, 0, 1]),
 (12, [527, 10, 0, 0, 0, 569, 834, 1, 0, 1, 0, 0, 2, 0, 1]),
 (12, [527, 10, 0, 0, 0, 569, 834, 1, 0, 1, 0, 0, 2, 0, 1]),
 (12, [527, 10, 0, 0, 0, 569, 834, 1, 0, 1, 0, 0, 2, 0, 1]),
 (12, [527, 10, 0, 0, 0, 569, 834, 1, 0, 1, 0, 0, 2, 0, 1]),
 (12, [527, 10, 0, 0, 0, 569, 834, 1, 0, 1, 0, 0, 2, 0, 1]),
 (12, [527, 10, 0, 0, 0, 569, 834, 1, 0, 1, 0, 0, 2, 0, 1]),
 (12, [527, 10, 0, 0, 0, 569, 834, 1, 0, 1, 0, 0, 2, 0, 1]),
 (12, [527, 10, 0, 0, 0, 569, 834, 1, 0, 0, 0, 0, 2, 0, 1]),
 (12, [527, 10, 0, 0, 0, 569, 834, 1, 0, 1, 2, 0, 2, 0, 1]),
 (12, [527, 10, 0, 0, 0, 1961, 834, 1, 0, 1, 0, 0, 0, 0, 1]),
 (12, [527, 10, 0, 0, 0, 569, 834, 1, 0, 1, 0, 0, 0, 0, 1]),
 (12, [527, 10, 0, 0, 0, 569, 834, 1, 0, 1, 0, 0, 0, 0, 1]),
 (12, [527, 10, 0, 0, 0, 569, 834, 1, 0, 1, 0, 0, 0, 0, 1]),
 (12, [527, 10, 0, 0, 0, 569, 834, 1, 0, 1, 0, 0, 0, 0, 1]),
 (12, [527, 10, 0, 0, 0, 569, 834, 1, 0, 1, 0, 0, 0, 0, 1])]
Elapsed time is 7143.233979 seconds.
