genes: 15
individuals : 16
pressure: 5
mutation_chance: 0
generations: 15
crossover_type: 2
mutation_type_random: 0

Población de 16 individuos durante 15 generaciones
Población inicial:
[(999, [1599, 104, 1, 1, 0, 550, 663, 1, 0, 3, 3, 0, 2, 1, 1]),
 (999, [1423, 68, 0, 1, 0, 810, 1172, 0, 1, 2, 5, 1, 2, 2, 1]),
 (999, [1326, 34, 1, 0, 0, 1002, 706, 0, 0, 3, 1, 1, 2, 2, 1]),
 (999, [1240, 21, 0, 0, 1, 1094, 1236, 1, 1, 2, 5, 0, 2, 1, 1]),
 (14, [2007, 53, 1, 1, 1, 1923, 1459, 0, 0, 1, 3, 1, 2, 0, 0]),
 (14, [1754, 86, 0, 0, 0, 1890, 1790, 1, 0, 2, 0, 1, 0, 0, 0]),
 (14, [1574, 114, 1, 1, 1, 1923, 1306, 0, 0, 1, 0, 1, 2, 2, 1]),
 (14, [1519, 108, 0, 1, 1, 688, 1592, 1, 0, 2, 2, 1, 0, 2, 1]),
 (14, [1253, 17, 1, 0, 1, 669, 1593, 1, 1, 2, 0, 1, 0, 0, 1]),
 (14, [1024, 51, 1, 0, 0, 522, 1669, 1, 1, 1, 0, 1, 0, 1, 0]),
 (14, [598, 103, 1, 1, 0, 667, 688, 0, 0, 1, 0, 1, 1, 0, 2]),
 (11, [1735, 75, 1, 0, 0, 1573, 1575, 1, 0, 1, 4, 0, 2, 1, 1]),
 (11, [1252, 19, 0, 1, 1, 1462, 2005, 1, 1, 0, 3, 0, 0, 0, 1]),
 (11, [1168, 99, 1, 1, 1, 2012, 556, 1, 0, 0, 2, 0, 1, 0, 1]),
 (11, [836, 45, 0, 1, 1, 1839, 764, 0, 1, 2, 4, 0, 2, 0, 0]),
 (11, [541, 64, 0, 0, 1, 643, 640, 0, 1, 1, 4, 0, 2, 0, 0])]
Población final:
[(11, [539, 64, -2, -1, 1, 643, 640, 0, 1, 1, 4, 0, 2, 0, 0]),
 (11, [539, 64, -2, -1, 1, 643, 640, 0, 1, 1, 4, 0, 1, 0, 0]),
 (11, [539, 64, -2, -1, 1, 643, 640, 0, 1, 1, 4, 0, 2, 0, 0]),
 (11, [539, 64, -2, -1, 1, 643, 640, 0, 1, 0, 4, 0, 2, 0, 0]),
 (11, [538, 64, -2, 0, 1, 643, 640, 0, 1, 1, 4, 0, 2, 0, 0]),
 (11, [538, 64, -1, 0, 1, 643, 640, 0, 1, 1, 4, 0, 2, 0, 0]),
 (11, [538, 64, -2, 0, 1, 643, 640, 0, 1, 1, 4, 0, 2, -1, 0]),
 (11, [538, 65, -2, 0, 1, 643, 640, 0, 1, 1, 4, 0, 2, 0, 0]),
 (11, [538, 64, -2, 0, 1, 643, 639, 0, 1, 1, 4, 0, 2, 0, 0]),
 (11, [537, 64, -2, 0, 1, 643, 640, 0, 1, 1, 4, 0, 2, 0, 0]),
 (11, [538, 64, -2, 0, 1, 643, 640, 0, 2, 1, 4, 0, 2, 0, 0]),
 (11, [538, 64, -2, 0, 1, 643, 640, 0, 1, 1, 4, 0, 2, 0, 0]),
 (11, [538, 64, -2, 0, 1, 643, 640, 0, 1, 1, 4, 0, 2, 0, 0]),
 (11, [538, 64, -2, 0, 1, 643, 640, 0, 1, 1, 3, 0, 2, 0, 0]),
 (11, [538, 64, -2, 0, 1, 643, 640, 0, 1, 1, 3, 0, 2, 0, 0]),
 (11, [538, 64, -2, 0, 1, 643, 640, 0, 1, 1, 3, 0, 2, 0, 0])]
Elapsed time is 2048.139774 seconds.
