genes: 13
individuals : 16
pressure: 5
mutation_chance: 0
generations: 15
crossover_type: 1
mutation_type_random: 1

Población de 16 individuos durante 15 generaciones
Población inicial:
[(999, [2042, 93, 0, 1, 0, 745, 1642, 0, 0, 1, 3, 1, 2]),
 (999, [2038, 25, 0, 1, 0, 1785, 1658, 1, 0, 3, 1, 0, 2]),
 (999, [1853, 39, 0, 1, 1, 911, 1362, 1, 0, 3, 2, 1, 2]),
 (999, [1104, 51, 1, 1, 0, 1418, 1324, 0, 0, 1, 0, 1, 2]),
 (999, [1035, 33, 1, 0, 0, 824, 1554, 1, 0, 3, 2, 1, 2]),
 (999, [933, 117, 0, 1, 1, 869, 578, 0, 1, 3, 1, 0, 1]),
 (999, [884, 74, 1, 0, 0, 1747, 1445, 1, 1, 1, 5, 0, 2]),
 (999, [867, 46, 0, 1, 1, 1760, 1231, 0, 0, 1, 0, 1, 0]),
 (999, [684, 107, 0, 1, 1, 687, 1132, 1, 0, 3, 1, 1, 0]),
 (4, [2033, 87, 0, 1, 0, 996, 1634, 1, 0, 0, 1, 0, 1]),
 (4, [1814, 43, 0, 1, 1, 1801, 2045, 0, 1, 2, 1, 0, 0]),
 (4, [1440, 28, 1, 1, 1, 596, 1566, 1, 0, 2, 0, 1, 1]),
 (4, [1353, 56, 0, 0, 0, 927, 1610, 0, 1, 2, 3, 0, 2]),
 (4, [1007, 43, 1, 0, 1, 898, 1567, 0, 0, 0, 0, 0, 2]),
 (4, [968, 24, 1, 0, 0, 1372, 771, 0, 0, 2, 4, 0, 2]),
 (4, [648, 72, 1, 0, 1, 1484, 1676, 1, 1, 2, 3, 1, 1])]
Población final:
[(4, [648, 40, 0, 0, 0, 514, 1676, 0, 0, 2, 4, 0, 0]),
 (4, [648, 40, 0, 0, 0, 514, 1676, 0, 0, 2, 4, 0, 1]),
 (4, [648, 40, 0, 0, 0, 514, 1676, 0, 0, 2, 4, 0, 1]),
 (4, [648, 40, 0, 0, 0, 514, 1676, 0, 0, 2, 4, 0, 1]),
 (4, [648, 40, 0, 0, 0, 514, 1676, 0, 0, 2, 4, 0, 1]),
 (4, [648, 40, 0, 0, 0, 514, 1588, 0, 0, 2, 4, 0, 1]),
 (4, [648, 40, 0, 0, 0, 514, 1676, 0, 0, 2, 4, 0, 1]),
 (4, [648, 40, 0, 0, 0, 514, 1676, 0, 0, 2, 4, 0, 1]),
 (4, [648, 40, 0, 0, 0, 514, 1676, 0, 0, 2, 4, 0, 1]),
 (4, [648, 40, 0, 0, 0, 514, 1676, 0, 0, 2, 4, 0, 1]),
 (4, [648, 40, 0, 0, 0, 514, 1676, 0, 0, 2, 4, 0, 1]),
 (4, [648, 40, 0, 0, 0, 514, 1676, 0, 0, 2, 4, 0, 1]),
 (4, [648, 40, 0, 0, 0, 514, 1676, 0, 0, 2, 4, 0, 0]),
 (4, [648, 40, 0, 0, 0, 514, 1676, 0, 0, 2, 4, 0, 0]),
 (4, [648, 40, 0, 0, 0, 514, 1676, 0, 0, 2, 4, 0, 0]),
 (4, [648, 40, 0, 0, 0, 514, 1676, 0, 0, 2, 4, 0, 0])]
Elapsed time is 2614.911536 seconds.
