genes: 15
individuals : 32
pressure: 5
mutation_chance: 0
generations: 15
crossover_type: 2
mutation_type_random: 1Población de 32 individuos durante 15 generaciones
Población inicial:
[(999, [1747, 99, 0, 0, 1, 820, 1418, 1, 1, 3, 4, 1, 0, 2, 2]),
 (999, [1734, 39, 0, 0, 0, 633, 1074, 1, 1, 3, 4, 0, 0, 0, 0]),
 (999, [1726, 103, 0, 0, 1, 1200, 1619, 0, 1, 3, 4, 0, 2, 2, 0]),
 (999, [1720, 89, 1, 1, 1, 1574, 1084, 1, 1, 3, 0, 0, 0, 0, 0]),
 (999, [1696, 116, 1, 1, 0, 1142, 1702, 1, 0, 3, 4, 1, 1, 0, 0]),
 (999, [1684, 22, 0, 0, 1, 1716, 730, 1, 0, 3, 1, 1, 0, 0, 1]),
 (999, [1361, 66, 0, 0, 0, 1685, 1490, 0, 1, 3, 3, 1, 1, 2, 1]),
 (999, [1347, 47, 1, 0, 0, 1081, 1819, 1, 1, 3, 0, 0, 0, 1, 0]),
 (999, [1152, 60, 0, 1, 0, 1557, 1619, 0, 1, 0, 5, 0, 1, 1, 0]),
 (999, [1144, 115, 1, 0, 1, 580, 1134, 1, 0, 0, 5, 1, 0, 2, 0]),
 (999, [688, 102, 1, 1, 1, 1509, 1700, 1, 1, 3, 1, 1, 1, 0, 2]),
 (999, [551, 30, 0, 0, 0, 791, 1132, 1, 1, 1, 5, 0, 2, 0, 2]),
 (14, [1829, 37, 1, 0, 0, 1776, 1853, 1, 0, 2, 4, 1, 0, 1, 0]),
 (14, [1578, 99, 0, 1, 1, 1855, 1324, 1, 1, 2, 4, 1, 1, 0, 2]),
 (14, [1415, 119, 0, 0, 1, 674, 878, 0, 0, 1, 3, 1, 0, 2, 1]),
 (14, [1411, 65, 1, 1, 1, 734, 1004, 1, 0, 0, 4, 1, 0, 0, 2]),
 (14, [1230, 22, 1, 1, 0, 2028, 622, 1, 1, 2, 1, 1, 1, 2, 2]),
 (14, [1085, 111, 0, 0, 1, 661, 1662, 1, 1, 1, 4, 1, 0, 1, 1]),
 (14, [926, 84, 0, 0, 1, 515, 1992, 0, 1, 2, 2, 1, 2, 2, 2]),
 (14, [924, 28, 0, 1, 0, 1100, 587, 1, 1, 2, 3, 1, 0, 1, 1]),
 (14, [844, 52, 1, 0, 0, 1496, 812, 0, 1, 1, 4, 1, 0, 1, 2]),
 (14, [828, 81, 1, 1, 1, 1374, 604, 1, 0, 0, 0, 1, 0, 0, 2]),
 (14, [574, 32, 0, 0, 1, 877, 1550, 1, 0, 0, 1, 1, 2, 1, 0]),
 (11, [1607, 117, 0, 1, 0, 1143, 1027, 0, 0, 1, 0, 0, 0, 2, 2]),
 (11, [1322, 42, 1, 0, 0, 1841, 1958, 1, 1, 2, 2, 0, 1, 0, 1]),
 (11, [1130, 118, 1, 0, 1, 870, 1931, 1, 0, 2, 1, 0, 0, 0, 2]),
 (11, [913, 109, 1, 0, 0, 1496, 1090, 1, 1, 2, 3, 0, 1, 0, 1]),
 (11, [886, 92, 0, 0, 1, 1764, 1933, 0, 0, 2, 1, 0, 1, 1, 0]),
 (11, [780, 110, 1, 0, 0, 1820, 1748, 0, 1, 1, 0, 0, 2, 1, 1]),
 (11, [770, 42, 0, 1, 0, 1605, 1955, 0, 1, 1, 0, 0, 1, 1, 1]),
 (11, [666, 114, 0, 0, 0, 605, 770, 0, 1, 0, 2, 0, 1, 1, 0]),
 (11, [663, 82, 0, 1, 0, 1226, 1221, 1, 0, 1, 3, 0, 2, 1, 1])]
Población final:
[(11, [513, 14, 0, 0, 0, 1179, 858, 0, 0, 0, 0, 1, 0, 1, 1]),
 (11, [513, 14, 0, 0, 0, 1179, 858, 0, 0, 0, 0, 0, 0, 1, 1]),
 (11, [513, 14, 0, 0, 0, 1179, 858, 0, 0, 0, 0, 1, 0, 1, 1]),
 (11, [513, 14, 0, 0, 0, 1179, 858, 0, 0, 0, 0, 0, 0, 1, 1]),
 (11, [513, 14, 0, 0, 0, 1179, 858, 0, 0, 0, 0, 0, 0, 1, 1]),
 (11, [513, 14, 0, 0, 0, 1179, 858, 0, 0, 0, 0, 0, 0, 1, 1]),
 (11, [513, 14, 0, 0, 0, 1179, 858, 1, 0, 0, 0, 0, 0, 1, 1]),
 (11, [513, 14, 0, 0, 0, 1179, 858, 0, 0, 0, 0, 0, 0, 1, 1]),
 (11, [513, 14, 0, 0, 0, 1179, 858, 0, 0, 0, 0, 0, 0, 1, 1]),
 (11, [513, 14, 0, 0, 0, 1179, 858, 0, 0, 0, 0, 0, 0, 1, 1]),
 (11, [513, 14, 0, 0, 0, 1179, 858, 0, 0, 0, 0, 0, 0, 2, 1]),
 (11, [513, 14, 0, 0, 0, 1179, 858, 0, 0, 0, 2, 0, 0, 1, 1]),
 (11, [513, 14, 0, 0, 0, 1179, 858, 1, 0, 0, 0, 0, 0, 1, 1]),
 (11, [513, 14, 0, 0, 0, 1179, 858, 0, 0, 0, 2, 0, 0, 1, 1]),
 (11, [513, 14, 0, 0, 0, 1179, 858, 0, 0, 0, 0, 0, 0, 1, 1]),
 (11, [513, 14, 0, 0, 0, 1179, 858, 0, 0, 0, 0, 0, 0, 1, 1]),
 (11, [513, 14, 0, 0, 0, 1179, 858, 0, 0, 0, 0, 0, 0, 1, 1]),
 (11, [513, 14, 0, 0, 0, 1199, 858, 0, 0, 0, 0, 0, 0, 1, 1]),
 (11, [513, 14, 0, 0, 0, 1179, 858, 0, 0, 0, 4, 0, 0, 1, 1]),
 (11, [513, 14, 0, 0, 0, 1179, 858, 0, 0, 0, 0, 0, 0, 1, 1]),
 (11, [513, 14, 0, 0, 0, 1179, 858, 0, 0, 0, 0, 1, 0, 1, 1]),
 (11, [513, 14, 0, 0, 0, 1179, 858, 0, 0, 0, 0, 0, 0, 1, 1]),
 (11, [513, 14, 0, 0, 0, 1179, 858, 0, 0, 0, 0, 0, 0, 1, 1]),
 (11, [513, 14, 0, 0, 0, 1179, 858, 1, 0, 0, 0, 0, 0, 1, 1]),
 (11, [513, 14, 0, 0, 0, 1179, 858, 0, 0, 0, 0, 0, 0, 1, 1]),
 (11, [513, 14, 0, 0, 0, 1179, 858, 0, 0, 0, 0, 0, 0, 1, 1]),
 (11, [513, 14, 0, 0, 0, 1179, 858, 0, 0, 0, 0, 0, 0, 1, 1]),
 (11, [513, 14, 0, 0, 0, 1179, 858, 0, 0, 0, 0, 0, 0, 1, 1]),
 (11, [513, 14, 0, 0, 0, 1179, 858, 0, 0, 0, 0, 0, 0, 1, 1]),
 (11, [513, 14, 0, 0, 0, 1179, 858, 0, 0, 0, 0, 0, 0, 1, 1]),
 (11, [513, 14, 0, 0, 0, 1179, 858, 0, 0, 0, 0, 0, 0, 1, 1]),
 (11, [513, 14, 0, 0, 0, 1179, 858, 0, 0, 0, 0, 0, 0, 1, 1])]
Elapsed time is 4895.734927 seconds.
