genes: 15
individuals : 32
pressure: 5
mutation_chance: 0
generations: 15
crossover_type: 1
mutation_type_random: 0

Población de 32 individuos durante 15 generaciones
Población inicial:
[(999, [1997, 27, 0, 1, 0, 1967, 1506, 0, 0, 3, 4, 0, 2, 2, 1]),
 (999, [1961, 114, 1, 1, 1, 1253, 697, 0, 0, 3, 3, 1, 1, 0, 1]),
 (999, [1830, 17, 1, 1, 1, 985, 1710, 0, 0, 1, 5, 1, 2, 0, 0]),
 (999, [1568, 64, 1, 0, 1, 1540, 1862, 0, 1, 0, 5, 1, 2, 1, 1]),
 (999, [1479, 106, 0, 1, 1, 974, 1762, 1, 1, 3, 3, 0, 0, 1, 2]),
 (999, [1417, 81, 0, 0, 1, 1107, 530, 1, 1, 3, 4, 0, 0, 2, 2]),
 (999, [1327, 87, 1, 0, 0, 1236, 1998, 0, 0, 3, 0, 1, 0, 2, 0]),
 (999, [1246, 65, 1, 0, 0, 1282, 1869, 1, 0, 2, 5, 0, 1, 1, 0]),
 (999, [1114, 37, 1, 0, 0, 1316, 1647, 0, 1, 3, 1, 0, 1, 0, 0]),
 (999, [893, 34, 1, 0, 0, 1904, 1123, 0, 0, 3, 0, 1, 0, 1, 1]),
 (999, [846, 62, 0, 1, 0, 1048, 941, 1, 1, 2, 5, 1, 2, 2, 2]),
 (999, [690, 85, 1, 0, 0, 1650, 1128, 0, 0, 3, 0, 1, 1, 1, 1]),
 (999, [598, 47, 0, 0, 0, 572, 1507, 1, 1, 3, 1, 1, 0, 0, 1]),
 (14, [1649, 54, 0, 1, 1, 1954, 1138, 0, 1, 0, 2, 1, 0, 1, 0]),
 (14, [1555, 25, 1, 0, 1, 1369, 1045, 1, 1, 2, 1, 1, 0, 2, 2]),
 (14, [1541, 61, 1, 1, 0, 1727, 1620, 1, 0, 2, 0, 1, 1, 2, 1]),
 (14, [1332, 93, 0, 1, 1, 1448, 1199, 0, 1, 2, 0, 1, 0, 2, 2]),
 (14, [1319, 78, 0, 0, 0, 788, 1372, 1, 0, 0, 3, 1, 0, 0, 2]),
 (14, [1303, 95, 1, 1, 0, 699, 1613, 0, 0, 1, 2, 1, 0, 0, 2]),
 (14, [1225, 31, 1, 1, 0, 1655, 667, 1, 0, 1, 2, 1, 1, 2, 2]),
 (14, [1034, 39, 0, 1, 1, 603, 1689, 0, 1, 1, 0, 1, 2, 2, 0]),
 (14, [999, 66, 1, 1, 1, 903, 1258, 0, 0, 1, 3, 1, 2, 2, 1]),
 (14, [945, 94, 1, 0, 0, 1198, 1054, 1, 1, 0, 2, 1, 1, 0, 0]),
 (14, [918, 101, 1, 1, 0, 884, 837, 1, 0, 0, 0, 1, 0, 2, 2]),
 (14, [809, 15, 0, 1, 0, 1434, 1530, 0, 1, 2, 3, 1, 2, 1, 1]),
 (11, [1660, 94, 0, 1, 1, 1357, 884, 1, 0, 2, 2, 0, 0, 2, 0]),
 (11, [1641, 62, 0, 0, 1, 1514, 1192, 1, 0, 2, 1, 0, 0, 2, 1]),
 (11, [1538, 30, 1, 0, 0, 1330, 1705, 1, 0, 0, 1, 0, 2, 2, 0]),
 (11, [1313, 23, 1, 1, 1, 1414, 1131, 1, 1, 0, 2, 0, 2, 2, 1]),
 (11, [1185, 65, 1, 0, 1, 631, 1591, 0, 0, 0, 2, 0, 1, 0, 1]),
 (11, [909, 48, 0, 0, 1, 1133, 1694, 1, 0, 0, 1, 0, 0, 2, 1]),
 (11, [649, 70, 0, 1, 1, 2005, 756, 1, 0, 1, 1, 0, 1, 1, 2])]
Población final:
[(11, [646, 64, 1, 0, 1, 627, 1591, 0, 0, 0, 1, 0, 1, 2, 0]),
 (11, [646, 64, 1, 0, 1, 628, 1591, 0, 0, 0, 1, 0, 1, 2, 0]),
 (11, [646, 64, 1, 0, 1, 628, 1591, 0, 0, 0, 1, 0, 1, 2, 0]),
 (11, [646, 64, 1, 0, 1, 628, 1591, 0, 0, 0, 1, 0, 1, 2, 0]),
 (11, [646, 64, 1, 0, 1, 628, 1591, 0, 0, 0, 1, 0, 1, 2, 0]),
 (11, [646, 64, 1, 0, 0, 629, 1591, 0, 0, 1, 1, 0, 1, 2, 0]),
 (11, [646, 64, 1, 0, 0, 629, 1591, 1, 0, 0, 1, 0, 1, 2, 0]),
 (11, [646, 64, 1, 0, 0, 629, 1591, 0, 0, 0, 1, 0, 1, 2, 0]),
 (11, [646, 64, 1, 0, 0, 629, 1591, 0, 0, 0, 1, 0, 1, 2, 0]),
 (11, [646, 64, 1, 0, 1, 629, 1591, 0, 0, 0, 1, 0, 1, 2, 0]),
 (11, [646, 64, 1, 0, 0, 629, 1591, 0, 0, 0, 1, 0, 1, 2, 0]),
 (11, [646, 64, 1, 0, 0, 629, 1591, 0, 0, 0, 1, 0, 1, 2, 0]),
 (11, [646, 64, 1, 0, 0, 629, 1591, 0, 0, 0, 1, 0, 1, 2, 0]),
 (11, [646, 64, 1, 0, 0, 629, 1591, 0, 0, 0, 1, 0, 1, 2, 0]),
 (11, [646, 64, 1, 0, 0, 629, 1591, 0, 0, 0, 1, 0, 1, 2, 0]),
 (11, [646, 64, 1, 0, 0, 629, 1591, 0, 0, 0, 1, 0, 1, 2, 0]),
 (11, [646, 64, 1, 0, 0, 629, 1591, 0, 0, 0, 1, 0, 1, 2, 0]),
 (11, [646, 64, 1, 0, 0, 629, 1591, 0, 0, 0, 1, 0, 1, 2, 0]),
 (11, [646, 64, 1, 0, 0, 629, 1591, 0, 0, 0, 1, 0, 1, 2, 0]),
 (11, [646, 64, 1, 0, 0, 629, 1591, 0, 0, 0, 1, 0, 1, 2, 0]),
 (11, [646, 64, 1, 0, 0, 629, 1591, 0, 0, 0, 1, 0, 1, 2, 0]),
 (11, [646, 64, 1, 0, 0, 629, 1591, 0, -1, 0, 1, 0, 1, 2, 0]),
 (11, [646, 64, 2, 0, 0, 629, 1591, 0, 0, 0, 1, 0, 1, 2, 0]),
 (11, [646, 64, 1, 0, 0, 629, 1591, 0, -1, 0, 1, 0, 1, 2, 0]),
 (11, [647, 64, 1, 0, 0, 629, 1591, 0, 0, 0, 1, 0, 1, 2, 0]),
 (11, [646, 64, 1, 0, 1, 629, 1591, 0, 0, 0, 1, 0, 1, 2, 0]),
 (11, [646, 64, 1, 0, 0, 629, 1591, 0, 0, 0, 1, 1, 1, 2, 0]),
 (11, [646, 64, 1, 0, 0, 629, 1591, 0, 0, 0, 1, 0, 1, 2, 0]),
 (11, [646, 64, 1, 0, 0, 629, 1591, 0, 0, 0, 1, 0, 1, 2, 0]),
 (11, [646, 64, 1, 0, 0, 629, 1591, 0, 0, 0, 1, 0, 1, 2, 0]),
 (11, [646, 64, 1, 0, 0, 629, 1591, 0, 0, 0, 1, 0, 1, 2, 0]),
 (11, [646, 64, 1, 0, 0, 629, 1591, 0, 0, 0, 1, 0, 1, 2, 0])]
Elapsed time is 4897.272000 seconds.
