 * Manually resetting nginx to stopped state
 * Manually resetting nginx to stopped state
 * Manually resetting nginx to stopped state
 * Manually resetting nginx to stopped state
 * Manually resetting nginx to stopped state
 * Manually resetting nginx to stopped state
 * Manually resetting nginx to stopped state
 * Manually resetting nginx to stopped state
 * Manually resetting nginx to stopped state
 * Manually resetting nginx to stopped state
 * Manually resetting nginx to stopped state
 * Manually resetting nginx to stopped state
 * Manually resetting nginx to stopped state
 * Manually resetting nginx to stopped state
 * Manually resetting nginx to stopped state
 * Manually resetting nginx to stopped state
 * Manually resetting nginx to stopped state
 * Manually resetting nginx to stopped state
 * Manually resetting nginx to stopped state
genes: 15
individuals : 32
pressure: 5
mutation_chance: 0
generations: 15
crossover_type: 1
mutation_type_random: 0
Alerts:
35
Alerts:
35
Alerts:
35
Alerts:
35
Alerts:
35
Alerts:
35
Alerts:
35
Alerts:
35
Alerts:
35
Alerts:
35
Alerts:
35
Alerts:
35
Alerts:
35
Alerts:
35
Alerts:
35
Alerts:
35
Alerts:
35
Alerts:
35
Alerts:
35

Población de 32 individuos durante 15 generaciones
Población inicial:
[(999, [2038, 113, 0, 1, 1, 1198, 1146, 0, 0, 2, 5, 0, 0, 1, 1]),
 (999, [1724, 10, 1, 0, 1, 1578, 888, 1, 0, 3, 3, 0, 0, 1, 0]),
 (999, [1625, 45, 1, 1, 1, 867, 1427, 0, 0, 3, 1, 1, 2, 0, 0]),
 (999, [1493, 106, 1, 0, 0, 1190, 1667, 1, 0, 2, 5, 0, 2, 2, 2]),
 (999, [1407, 96, 1, 0, 1, 837, 716, 0, 1, 3, 3, 1, 2, 0, 1]),
 (999, [1264, 106, 0, 1, 0, 894, 1825, 1, 0, 3, 5, 0, 2, 2, 0]),
 (999, [1208, 74, 0, 1, 0, 1745, 649, 1, 1, 3, 0, 1, 1, 1, 2]),
 (999, [1136, 26, 0, 1, 0, 977, 1427, 1, 0, 3, 0, 0, 2, 1, 2]),
 (999, [1018, 28, 1, 1, 0, 1654, 1258, 0, 0, 1, 5, 1, 1, 1, 1]),
 (999, [781, 42, 1, 1, 0, 775, 870, 1, 0, 1, 5, 0, 0, 1, 1]),
 (999, [669, 50, 0, 0, 0, 1949, 1290, 1, 0, 3, 1, 1, 1, 1, 1]),
 (999, [627, 13, 0, 0, 0, 625, 1733, 0, 1, 3, 1, 1, 2, 1, 2]),
 (999, [601, 27, 1, 1, 1, 1572, 616, 1, 0, 2, 5, 1, 1, 2, 0]),
 (35, [2031, 104, 1, 0, 1, 1254, 590, 1, 1, 0, 3, 0, 2, 1, 0]),
 (35, [1936, 110, 1, 1, 1, 672, 776, 1, 0, 1, 4, 0, 1, 0, 2]),
 (35, [1848, 109, 0, 1, 1, 1220, 1362, 0, 0, 1, 0, 0, 0, 0, 0]),
 (35, [1725, 79, 0, 0, 0, 1306, 719, 1, 1, 2, 1, 1, 1, 1, 1]),
 (35, [1614, 34, 1, 1, 1, 1293, 909, 1, 1, 0, 4, 1, 0, 0, 0]),
 (35, [1527, 36, 1, 1, 0, 1127, 1475, 0, 0, 0, 2, 0, 2, 0, 2]),
 (35, [1454, 26, 0, 1, 0, 940, 764, 0, 0, 1, 4, 0, 2, 0, 0]),
 (35, [1269, 32, 1, 0, 0, 966, 708, 0, 0, 0, 1, 1, 2, 0, 0]),
 (35, [1117, 119, 1, 0, 1, 2028, 1748, 0, 0, 2, 0, 1, 0, 0, 0]),
 (35, [1054, 54, 0, 1, 1, 1775, 1200, 0, 1, 2, 2, 0, 2, 1, 0]),
 (35, [980, 24, 1, 0, 0, 1557, 1854, 1, 1, 1, 1, 0, 0, 0, 2]),
 (35, [923, 99, 0, 1, 0, 1833, 1646, 1, 1, 1, 4, 1, 1, 0, 1]),
 (35, [905, 52, 0, 0, 0, 1397, 1670, 0, 0, 0, 2, 0, 2, 2, 2]),
 (35, [816, 106, 1, 1, 0, 2046, 1988, 0, 1, 0, 1, 1, 1, 2, 2]),
 (35, [767, 75, 0, 0, 0, 1784, 936, 0, 1, 2, 4, 0, 2, 0, 1]),
 (35, [761, 22, 1, 0, 1, 558, 927, 0, 1, 1, 2, 1, 0, 1, 0]),
 (35, [685, 33, 0, 0, 1, 1337, 1474, 1, 1, 0, 4, 1, 2, 0, 0]),
 (35, [668, 78, 0, 1, 1, 1463, 767, 1, 0, 1, 1, 0, 2, 2, 2]),
 (35, [619, 35, 1, 0, 1, 1822, 667, 1, 1, 0, 2, 1, 1, 1, 2])]
Población final:
[(999, [2038, 113, 0, 1, 1, 1198, 1146, 0, 0, 2, 5, 0, 0, 1, 1]),
 (999, [1724, 10, 1, 0, 1, 1578, 888, 1, 0, 3, 3, 0, 0, 1, 0]),
 (999, [1625, 45, 1, 1, 1, 867, 1427, 0, 0, 3, 1, 1, 2, 0, 0]),
 (999, [1493, 106, 1, 0, 0, 1190, 1667, 1, 0, 2, 5, 0, 2, 2, 2]),
 (999, [1407, 96, 1, 0, 1, 837, 716, 0, 1, 3, 3, 1, 2, 0, 1]),
 (999, [1264, 106, 0, 1, 0, 894, 1825, 1, 0, 3, 5, 0, 2, 2, 0]),
 (999, [1208, 74, 0, 1, 0, 1745, 649, 1, 1, 3, 0, 1, 1, 1, 2]),
 (999, [1136, 26, 0, 1, 0, 977, 1427, 1, 0, 3, 0, 0, 2, 1, 2]),
 (999, [1018, 28, 1, 1, 0, 1654, 1258, 0, 0, 1, 5, 1, 1, 1, 1]),
 (999, [781, 42, 1, 1, 0, 775, 870, 1, 0, 1, 5, 0, 0, 1, 1]),
 (999, [669, 50, 0, 0, 0, 1949, 1290, 1, 0, 3, 1, 1, 1, 1, 1]),
 (999, [627, 13, 0, 0, 0, 625, 1733, 0, 1, 3, 1, 1, 2, 1, 2]),
 (999, [601, 27, 1, 1, 1, 1572, 616, 1, 0, 2, 5, 1, 1, 2, 0]),
 (35, [2031, 104, 1, 0, 1, 1254, 590, 1, 1, 0, 3, 0, 2, 1, 0]),
 (35, [1936, 110, 1, 1, 1, 672, 776, 1, 0, 1, 4, 0, 1, 0, 2]),
 (35, [1848, 109, 0, 1, 1, 1220, 1362, 0, 0, 1, 0, 0, 0, 0, 0]),
 (35, [1725, 79, 0, 0, 0, 1306, 719, 1, 1, 2, 1, 1, 1, 1, 1]),
 (35, [1614, 34, 1, 1, 1, 1293, 909, 1, 1, 0, 4, 1, 0, 0, 0]),
 (35, [1527, 36, 1, 1, 0, 1127, 1475, 0, 0, 0, 2, 0, 2, 0, 2]),
 (35, [1454, 26, 0, 1, 0, 940, 764, 0, 0, 1, 4, 0, 2, 0, 0]),
 (35, [1269, 32, 1, 0, 0, 966, 708, 0, 0, 0, 1, 1, 2, 0, 0]),
 (35, [1117, 119, 1, 0, 1, 2028, 1748, 0, 0, 2, 0, 1, 0, 0, 0]),
 (35, [1054, 54, 0, 1, 1, 1775, 1200, 0, 1, 2, 2, 0, 2, 1, 0]),
 (35, [980, 24, 1, 0, 0, 1557, 1854, 1, 1, 1, 1, 0, 0, 0, 2]),
 (35, [923, 99, 0, 1, 0, 1833, 1646, 1, 1, 1, 4, 1, 1, 0, 1]),
 (35, [905, 52, 0, 0, 0, 1397, 1670, 0, 0, 0, 2, 0, 2, 2, 2]),
 (35, [816, 106, 1, 1, 0, 2046, 1988, 0, 1, 0, 1, 1, 1, 2, 2]),
 (35, [767, 75, 0, 0, 0, 1784, 936, 0, 1, 2, 4, 0, 2, 0, 1]),
 (35, [761, 22, 1, 0, 1, 558, 927, 0, 1, 1, 2, 1, 0, 1, 0]),
 (35, [685, 33, 0, 0, 1, 1337, 1474, 1, 1, 0, 4, 1, 2, 0, 0]),
 (35, [668, 78, 0, 1, 1, 1463, 767, 1, 0, 1, 1, 0, 2, 2, 2]),
 (35, [619, 35, 1, 0, 1, 1822, 667, 1, 1, 0, 2, 1, 1, 1, 2])]
Elapsed time is 967.019720 seconds.
