genes: 15
individuals : 32
pressure: 5
mutation_chance: 0
generations: 15
crossover_type: 2
mutation_type_random: 0
Población de 32 individuos durante 15 generaciones
Población inicial:
[(999, [2021, 105, 0, 1, 1, 1281, 744, 1, 0, 2, 5, 0, 0, 1, 2]),
 (999, [2002, 23, 1, 0, 0, 934, 1184, 1, 1, 3, 1, 0, 0, 0, 2]),
 (999, [1341, 66, 0, 0, 0, 2001, 2029, 0, 1, 3, 2, 1, 0, 1, 1]),
 (999, [786, 105, 0, 1, 0, 1131, 1210, 0, 0, 3, 1, 0, 0, 2, 2]),
 (999, [751, 45, 0, 0, 1, 1869, 557, 0, 0, 3, 5, 0, 0, 0, 2]),
 (999, [570, 52, 1, 1, 1, 1454, 549, 1, 1, 3, 0, 1, 2, 2, 0]),
 (16, [1831, 26, 1, 0, 1, 1090, 1846, 1, 1, 0, 3, 0, 1, 0, 2]),
 (16, [1524, 89, 0, 1, 1, 1974, 1049, 1, 1, 0, 3, 0, 2, 0, 0]),
 (16, [1497, 38, 0, 1, 0, 1073, 1929, 0, 1, 2, 4, 0, 1, 2, 0]),
 (16, [1296, 40, 0, 1, 0, 1323, 1325, 1, 1, 0, 0, 0, 2, 1, 0]),
 (16, [984, 22, 0, 1, 1, 1601, 799, 1, 1, 2, 0, 0, 1, 2, 0]),
 (16, [982, 110, 1, 0, 1, 887, 1565, 0, 1, 1, 1, 0, 0, 1, 0]),
 (16, [967, 61, 1, 0, 1, 1529, 891, 0, 1, 0, 4, 0, 2, 0, 2]),
 (16, [711, 70, 0, 0, 1, 1129, 1994, 1, 0, 1, 3, 0, 1, 0, 0]),
 (12, [2023, 95, 0, 0, 0, 1919, 2045, 1, 0, 2, 0, 1, 1, 2, 0]),
 (12, [2010, 114, 0, 0, 0, 1485, 1811, 0, 0, 2, 1, 0, 2, 0, 2]),
 (12, [1958, 67, 0, 1, 1, 1169, 2008, 0, 0, 2, 4, 1, 0, 1, 2]),
 (12, [1867, 65, 0, 1, 0, 1717, 1949, 1, 0, 2, 4, 0, 1, 0, 0]),
 (12, [1865, 106, 0, 0, 0, 1898, 1335, 1, 1, 1, 0, 1, 2, 2, 2]),
 (12, [1790, 120, 1, 1, 1, 1977, 1149, 0, 0, 2, 3, 1, 0, 2, 0]),
 (12, [1771, 34, 1, 0, 0, 810, 866, 1, 1, 0, 0, 1, 1, 2, 1]),
 (12, [1737, 85, 0, 0, 0, 1258, 1160, 1, 0, 1, 3, 1, 2, 1, 2]),
 (12, [1580, 94, 1, 1, 0, 1729, 926, 0, 1, 1, 1, 0, 2, 2, 0]),
 (12, [1534, 10, 1, 0, 1, 1300, 1532, 0, 0, 2, 4, 0, 2, 2, 1]),
 (12, [1444, 77, 1, 0, 1, 1177, 1800, 0, 0, 0, 4, 0, 1, 1, 0]),
 (12, [1422, 27, 1, 1, 1, 622, 700, 0, 0, 2, 3, 1, 0, 2, 2]),
 (12, [1361, 85, 0, 0, 1, 1598, 787, 0, 0, 0, 0, 1, 2, 2, 2]),
 (12, [1355, 113, 1, 0, 1, 1591, 748, 0, 1, 2, 3, 0, 2, 1, 2]),
 (12, [658, 28, 1, 0, 1, 692, 1811, 1, 1, 1, 1, 0, 1, 1, 2]),
 (12, [558, 105, 0, 0, 0, 1213, 1266, 1, 1, 1, 0, 1, 2, 2, 2]),
 (12, [531, 40, 1, 1, 0, 1055, 1072, 0, 1, 2, 4, 0, 2, 2, 1]),
 (12, [521, 105, 1, 0, 1, 560, 1139, 0, 0, 1, 1, 0, 0, 0, 2])]
Población final:
[(16, [518, 38, 0, 0, 0, 1055, 1072, 0, 0, 1, 1, 0, 0, 0, 2]),
 (12, [518, 38, 0, 0, 0, 1055, 1072, 0, 1, 1, 1, 0, 0, 0, 2]),
 (12, [518, 38, 0, 0, 0, 1055, 1072, 0, 1, 1, 1, 0, 0, 0, 2]),
 (12, [518, 38, 0, 0, 0, 1055, 1072, 0, 1, 1, 1, 0, 0, 0, 1]),
 (12, [518, 38, 0, 0, 0, 1055, 1072, 0, 1, 1, 1, 0, 0, 0, 2]),
 (12, [518, 38, 0, 0, 0, 1055, 1072, 0, 1, 1, 1, 0, 0, -1, 2]),
 (12, [518, 38, 0, 0, 0, 1055, 1073, 0, 1, 1, 1, 0, 0, 0, 2]),
 (12, [518, 38, 0, 0, 0, 1055, 1072, 0, 1, 1, 1, 0, 0, 0, 2]),
 (12, [518, 38, 0, 0, 0, 1055, 1072, 0, 1, 1, 1, 0, 0, 0, 2]),
 (12, [518, 38, 0, 0, 0, 1055, 1072, 0, 1, 1, 1, 0, 0, 0, 2]),
 (12, [518, 38, 0, 0, 0, 1055, 1072, 0, 1, 1, 1, 0, 0, -1, 2]),
 (12, [518, 38, 0, 0, 0, 1055, 1072, 0, 1, 1, 1, 0, 0, 0, 2]),
 (12, [518, 38, 0, 0, 0, 1055, 1072, 0, 1, 1, 1, 0, 0, 0, 2]),
 (12, [518, 38, 0, 0, 0, 1055, 1072, 0, 1, 1, 1, 0, 0, 0, 2]),
 (12, [518, 37, 0, 0, 0, 1055, 1072, 0, 1, 1, 1, 0, 0, 0, 2]),
 (12, [518, 38, 0, 0, 0, 1055, 1073, 0, 1, 1, 1, 0, 0, 0, 2]),
 (12, [518, 38, 0, 0, 0, 1055, 1072, 0, 1, 1, 0, 0, 0, 0, 2]),
 (12, [518, 38, 0, 0, 0, 1055, 1072, 0, 1, 1, 1, 0, 0, 0, 2]),
 (12, [518, 38, 0, 0, 0, 1055, 1072, 0, 1, 1, 1, 0, 0, 0, 2]),
 (12, [518, 38, 0, 0, 0, 1055, 1072, 0, 1, 1, 1, 0, 0, 0, 2]),
 (12, [518, 38, 0, 0, 0, 1055, 1072, 0, 1, 1, 1, 0, 0, 0, 2]),
 (12, [518, 38, 0, 0, 0, 1055, 1072, 0, 1, 1, 1, 0, -1, 0, 2]),
 (12, [518, 38, 0, 1, 0, 1055, 1072, 0, 1, 1, 1, 0, 0, 0, 2]),
 (12, [518, 38, 0, 0, 0, 1055, 1072, 0, 0, 1, 1, 0, 0, 0, 2]),
 (12, [518, 38, 0, 0, 0, 1055, 1072, 0, 0, 1, 1, 0, 0, 0, 2]),
 (12, [518, 38, 0, 0, 0, 1055, 1072, 0, 0, 1, 1, 0, 0, 0, 2]),
 (12, [518, 38, 0, 0, 0, 1055, 1072, 0, 0, 1, 1, 0, 0, -1, 2]),
 (12, [518, 38, 0, 0, 0, 1055, 1072, 0, 0, 1, 1, 0, 0, 0, 2]),
 (12, [518, 38, 0, 0, 0, 1055, 1072, 0, 0, 1, 1, 0, 0, 0, 2]),
 (12, [518, 38, 0, 0, 0, 1054, 1072, 0, 1, 1, 1, 0, 0, 0, 2]),
 (12, [518, 38, 0, 0, 0, 1054, 1072, 0, 1, 1, 1, 0, 0, 0, 2]),
 (12, [518, 38, 0, 0, 0, 1054, 1072, 0, 1, 1, 1, 0, 0, 0, 2])]
Elapsed time is 7092.044195 seconds.
