genes: 15
individuals : 16
pressure: 5
mutation_chance: 0
generations: 15
crossover_type: 2
mutation_type_random: 0

Población de 16 individuos durante 15 generaciones
Población inicial:
[(999, [1854, 41, 1, 1, 1, 534, 634, 0, 1, 2, 5, 1, 2, 2, 2]),
 (999, [1737, 29, 1, 0, 1, 933, 1681, 1, 0, 2, 5, 1, 1, 1, 2]),
 (999, [665, 113, 0, 1, 1, 624, 643, 1, 1, 3, 1, 0, 1, 0, 2]),
 (999, [655, 113, 1, 1, 0, 1826, 1381, 0, 1, 3, 1, 0, 0, 0, 1]),
 (999, [558, 72, 0, 0, 1, 1496, 1186, 0, 1, 3, 3, 1, 1, 1, 2]),
 (14, [2036, 70, 0, 0, 0, 1791, 720, 1, 0, 2, 3, 1, 0, 2, 2]),
 (14, [1491, 41, 0, 0, 0, 1127, 1758, 1, 1, 1, 3, 1, 2, 0, 2]),
 (14, [1215, 101, 1, 1, 1, 1459, 512, 0, 0, 0, 2, 1, 0, 0, 0]),
 (14, [996, 105, 0, 1, 0, 628, 893, 1, 0, 1, 4, 1, 0, 0, 1]),
 (14, [791, 83, 0, 1, 1, 1166, 1820, 1, 0, 0, 2, 1, 2, 0, 2]),
 (14, [616, 61, 1, 0, 0, 1069, 1418, 0, 0, 0, 1, 1, 1, 2, 2]),
 (14, [528, 44, 0, 1, 1, 1296, 1759, 0, 0, 0, 3, 1, 1, 1, 0]),
 (11, [1524, 21, 1, 1, 1, 1823, 729, 1, 1, 1, 1, 0, 0, 0, 1]),
 (11, [1509, 18, 0, 0, 1, 1256, 1993, 1, 0, 0, 2, 0, 0, 0, 0]),
 (11, [822, 97, 0, 1, 0, 566, 1510, 0, 0, 2, 1, 0, 2, 1, 2]),
 (11, [804, 98, 1, 1, 0, 1282, 951, 1, 1, 2, 0, 0, 2, 1, 1])]
Población final:
[(14, [803, 97, 1, -1, 0, 1256, 1992, 1, 0, 2, 0, -1, 2, 1, 1]),
 (14, [803, 97, 1, -1, 0, 1256, 1992, 1, 0, 2, 0, -1, 2, 1, 0]),
 (11, [803, 97, 1, -1, 0, 1256, 1992, 1, 0, 2, 0, 0, 2, 1, 1]),
 (11, [803, 97, 1, -1, -1, 1256, 1992, 1, 0, 2, 0, 0, 2, 1, 1]),
 (11, [803, 97, 1, 0, 0, 1256, 1992, 1, 0, 2, 0, 0, 2, 1, 1]),
 (11, [803, 97, 1, -1, 0, 1256, 1993, 1, 0, 2, 0, 0, 2, 1, 1]),
 (11, [803, 97, 1, -1, 0, 1256, 1992, 1, 0, 2, 0, 0, 2, 1, 1]),
 (11, [803, 98, 1, -1, 0, 1256, 1992, 1, 0, 2, 0, 0, 2, 1, 1]),
 (11, [803, 97, 1, -1, 0, 1256, 1992, 1, 0, 2, 0, 0, 2, 1, 1]),
 (11, [803, 97, 1, -1, 0, 1256, 1992, 1, 0, 2, 0, 0, 2, 1, 1]),
 (11, [803, 97, 1, -1, 0, 1256, 1992, 1, 0, 2, 0, 0, 2, 1, 1]),
 (11, [803, 97, 1, -1, 0, 1256, 1992, 1, 0, 2, 0, 0, 2, 1, 1]),
 (11, [803, 97, 1, -1, 0, 1256, 1992, 1, 0, 2, 0, 0, 2, 1, 1]),
 (11, [803, 97, 1, -1, 0, 1256, 1992, 1, 0, 2, 0, 0, 2, 1, 1]),
 (11, [803, 97, 1, -1, 0, 1256, 1992, 1, 0, 2, 0, 0, 2, 1, 1]),
 (11, [803, 97, 1, -1, 0, 1256, 1992, 1, 0, 2, 0, -1, 2, 1, 1])]
Elapsed time is 2035.696637 seconds.
