 * Manually resetting nginx to stopped state
 * Manually resetting nginx to stopped state
 * Manually resetting nginx to stopped state
 * Manually resetting nginx to stopped state
 * Manually resetting nginx to stopped state
 * Manually resetting nginx to stopped state
 * Manually resetting nginx to stopped state
 * Manually resetting nginx to stopped state
 * Manually resetting nginx to stopped state
 * Manually resetting nginx to stopped state
 * Manually resetting nginx to stopped state
 * Manually resetting nginx to stopped state
 * Manually resetting nginx to stopped state
 * Manually resetting nginx to stopped state
 * Manually resetting nginx to stopped state
 * Manually resetting nginx to stopped state
 * Manually resetting nginx to stopped state
 * Manually resetting nginx to stopped state
 * Manually resetting nginx to stopped state
genes: 15
individuals : 32
pressure: 5
mutation_chance: 0
generations: 15
crossover_type: 2
mutation_type_random: 1
Alerts:
35
Alerts:
35
Alerts:
35
Alerts:
35
Alerts:
35
Alerts:
35
Alerts:
35
Alerts:
35
Alerts:
35
Alerts:
35
Alerts:
35
Alerts:
35
Alerts:
35
Alerts:
35
Alerts:
35
Alerts:
35
Alerts:
35
Alerts:
35
Alerts:
35

Población de 32 individuos durante 15 generaciones
Población inicial:
[(999, [1947, 70, 0, 0, 1, 870, 992, 1, 0, 3, 1, 1, 1, 2, 0]),
 (999, [1871, 65, 0, 0, 0, 1925, 1625, 1, 0, 3, 1, 1, 2, 0, 2]),
 (999, [1830, 104, 0, 0, 1, 1312, 841, 1, 0, 3, 5, 0, 1, 2, 1]),
 (999, [1669, 56, 0, 1, 1, 812, 1323, 0, 0, 3, 0, 1, 2, 2, 2]),
 (999, [1575, 117, 1, 1, 1, 860, 1996, 0, 1, 0, 5, 1, 1, 0, 2]),
 (999, [1505, 25, 1, 1, 0, 1311, 1407, 1, 1, 3, 3, 0, 0, 0, 1]),
 (999, [1348, 71, 1, 0, 0, 1102, 1896, 1, 1, 3, 2, 0, 2, 2, 0]),
 (999, [1163, 96, 0, 0, 0, 1441, 1830, 1, 1, 3, 3, 1, 1, 1, 0]),
 (999, [1021, 20, 0, 0, 1, 640, 1544, 0, 1, 2, 5, 0, 2, 0, 0]),
 (999, [953, 81, 1, 0, 1, 1746, 1871, 0, 1, 3, 3, 1, 1, 0, 0]),
 (999, [898, 39, 1, 1, 1, 1168, 1819, 0, 0, 1, 5, 1, 2, 0, 1]),
 (999, [727, 78, 0, 0, 0, 1338, 1099, 1, 0, 3, 5, 0, 2, 1, 1]),
 (999, [642, 106, 0, 1, 1, 915, 2035, 1, 0, 3, 4, 0, 2, 2, 1]),
 (35, [2030, 99, 0, 0, 1, 1820, 1080, 1, 1, 1, 1, 1, 2, 0, 1]),
 (35, [2030, 27, 0, 1, 0, 1624, 2040, 0, 1, 2, 0, 0, 0, 1, 1]),
 (35, [1864, 20, 1, 0, 1, 1314, 747, 0, 1, 1, 2, 0, 2, 1, 2]),
 (35, [1854, 53, 1, 0, 1, 2039, 1706, 0, 1, 0, 3, 0, 2, 0, 2]),
 (35, [1760, 85, 1, 0, 0, 1394, 1279, 1, 1, 1, 3, 0, 0, 2, 1]),
 (35, [1732, 24, 0, 0, 1, 699, 1831, 0, 0, 1, 1, 0, 2, 0, 1]),
 (35, [1729, 103, 1, 0, 1, 1565, 1262, 1, 1, 1, 4, 1, 0, 0, 2]),
 (35, [1335, 13, 0, 0, 0, 930, 764, 0, 0, 1, 0, 1, 1, 1, 1]),
 (35, [1141, 117, 0, 1, 1, 783, 1706, 0, 0, 1, 1, 0, 0, 2, 0]),
 (35, [1138, 50, 1, 1, 1, 711, 1796, 1, 1, 2, 2, 0, 1, 2, 2]),
 (35, [946, 29, 0, 1, 1, 1330, 1874, 0, 1, 2, 4, 0, 2, 1, 1]),
 (35, [921, 101, 1, 0, 0, 1282, 876, 1, 1, 0, 3, 0, 1, 0, 0]),
 (35, [797, 103, 0, 0, 0, 2025, 954, 0, 1, 0, 3, 1, 1, 1, 2]),
 (35, [781, 50, 1, 1, 1, 623, 1858, 0, 1, 2, 3, 1, 1, 0, 2]),
 (35, [765, 107, 1, 0, 1, 687, 561, 1, 1, 0, 2, 1, 1, 1, 0]),
 (35, [738, 30, 1, 0, 0, 1907, 721, 1, 1, 2, 2, 0, 0, 2, 0]),
 (35, [714, 80, 0, 0, 1, 1858, 559, 0, 1, 0, 2, 0, 2, 2, 0]),
 (35, [538, 36, 1, 1, 1, 1105, 1459, 1, 0, 2, 2, 0, 1, 2, 1]),
 (35, [528, 111, 0, 0, 0, 732, 841, 0, 0, 0, 4, 1, 1, 2, 2])]
Población final:
[(999, [1947, 70, 0, 0, 1, 870, 992, 1, 0, 3, 1, 1, 1, 2, 0]),
 (999, [1871, 65, 0, 0, 0, 1925, 1625, 1, 0, 3, 1, 1, 2, 0, 2]),
 (999, [1830, 104, 0, 0, 1, 1312, 841, 1, 0, 3, 5, 0, 1, 2, 1]),
 (999, [1669, 56, 0, 1, 1, 812, 1323, 0, 0, 3, 0, 1, 2, 2, 2]),
 (999, [1575, 117, 1, 1, 1, 860, 1996, 0, 1, 0, 5, 1, 1, 0, 2]),
 (999, [1505, 25, 1, 1, 0, 1311, 1407, 1, 1, 3, 3, 0, 0, 0, 1]),
 (999, [1348, 71, 1, 0, 0, 1102, 1896, 1, 1, 3, 2, 0, 2, 2, 0]),
 (999, [1163, 96, 0, 0, 0, 1441, 1830, 1, 1, 3, 3, 1, 1, 1, 0]),
 (999, [1021, 20, 0, 0, 1, 640, 1544, 0, 1, 2, 5, 0, 2, 0, 0]),
 (999, [953, 81, 1, 0, 1, 1746, 1871, 0, 1, 3, 3, 1, 1, 0, 0]),
 (999, [898, 39, 1, 1, 1, 1168, 1819, 0, 0, 1, 5, 1, 2, 0, 1]),
 (999, [727, 78, 0, 0, 0, 1338, 1099, 1, 0, 3, 5, 0, 2, 1, 1]),
 (999, [642, 106, 0, 1, 1, 915, 2035, 1, 0, 3, 4, 0, 2, 2, 1]),
 (35, [2030, 99, 0, 0, 1, 1820, 1080, 1, 1, 1, 1, 1, 2, 0, 1]),
 (35, [2030, 27, 0, 1, 0, 1624, 2040, 0, 1, 2, 0, 0, 0, 1, 1]),
 (35, [1864, 20, 1, 0, 1, 1314, 747, 0, 1, 1, 2, 0, 2, 1, 2]),
 (35, [1854, 53, 1, 0, 1, 2039, 1706, 0, 1, 0, 3, 0, 2, 0, 2]),
 (35, [1760, 85, 1, 0, 0, 1394, 1279, 1, 1, 1, 3, 0, 0, 2, 1]),
 (35, [1732, 24, 0, 0, 1, 699, 1831, 0, 0, 1, 1, 0, 2, 0, 1]),
 (35, [1729, 103, 1, 0, 1, 1565, 1262, 1, 1, 1, 4, 1, 0, 0, 2]),
 (35, [1335, 13, 0, 0, 0, 930, 764, 0, 0, 1, 0, 1, 1, 1, 1]),
 (35, [1141, 117, 0, 1, 1, 783, 1706, 0, 0, 1, 1, 0, 0, 2, 0]),
 (35, [1138, 50, 1, 1, 1, 711, 1796, 1, 1, 2, 2, 0, 1, 2, 2]),
 (35, [946, 29, 0, 1, 1, 1330, 1874, 0, 1, 2, 4, 0, 2, 1, 1]),
 (35, [921, 101, 1, 0, 0, 1282, 876, 1, 1, 0, 3, 0, 1, 0, 0]),
 (35, [797, 103, 0, 0, 0, 2025, 954, 0, 1, 0, 3, 1, 1, 1, 2]),
 (35, [781, 50, 1, 1, 1, 623, 1858, 0, 1, 2, 3, 1, 1, 0, 2]),
 (35, [765, 107, 1, 0, 1, 687, 561, 1, 1, 0, 2, 1, 1, 1, 0]),
 (35, [738, 30, 1, 0, 0, 1907, 721, 1, 1, 2, 2, 0, 0, 2, 0]),
 (35, [714, 80, 0, 0, 1, 1858, 559, 0, 1, 0, 2, 0, 2, 2, 0]),
 (35, [538, 36, 1, 1, 1, 1105, 1459, 1, 0, 2, 2, 0, 1, 2, 1]),
 (35, [528, 111, 0, 0, 0, 732, 841, 0, 0, 0, 4, 1, 1, 2, 2])]
Elapsed time is 960.854994 seconds.
