genes: 15
individuals : 32
pressure: 5
mutation_chance: 0
generations: 15
crossover_type: 2
mutation_type_random: 0

Población de 32 individuos durante 15 generaciones
Población inicial:
[(999, [1933, 72, 0, 0, 1, 1903, 889, 0, 1, 3, 4, 1, 0, 0, 1]),
 (999, [1896, 75, 1, 1, 1, 970, 1327, 0, 1, 2, 5, 1, 0, 2, 0]),
 (999, [1819, 116, 1, 0, 0, 1539, 1065, 1, 0, 3, 1, 1, 2, 2, 0]),
 (999, [1799, 87, 1, 0, 1, 1591, 1021, 0, 0, 3, 5, 0, 1, 1, 2]),
 (999, [1583, 72, 0, 1, 0, 1981, 1410, 1, 1, 2, 5, 1, 1, 2, 0]),
 (999, [1475, 112, 0, 1, 0, 1092, 1010, 1, 0, 3, 3, 0, 1, 1, 1]),
 (999, [1379, 57, 1, 0, 0, 1441, 1880, 1, 0, 3, 0, 0, 0, 0, 0]),
 (999, [1363, 59, 0, 1, 1, 1351, 591, 1, 0, 0, 5, 1, 0, 2, 1]),
 (999, [1309, 108, 0, 1, 0, 709, 1145, 1, 0, 3, 2, 1, 1, 2, 2]),
 (999, [1059, 76, 0, 1, 1, 535, 570, 0, 1, 2, 5, 0, 2, 2, 2]),
 (999, [886, 66, 1, 0, 0, 861, 823, 0, 0, 0, 5, 1, 2, 0, 0]),
 (999, [808, 58, 0, 1, 0, 1616, 926, 0, 0, 3, 5, 0, 1, 1, 2]),
 (999, [758, 68, 0, 0, 0, 1878, 1749, 1, 1, 3, 2, 1, 1, 0, 0]),
 (999, [643, 110, 0, 1, 0, 914, 1795, 1, 0, 3, 4, 0, 0, 1, 2]),
 (14, [1731, 120, 1, 0, 1, 1933, 1603, 0, 0, 2, 4, 1, 1, 1, 2]),
 (14, [1624, 106, 1, 0, 0, 1153, 560, 1, 0, 1, 4, 1, 1, 2, 0]),
 (14, [1597, 82, 0, 1, 0, 1206, 931, 1, 1, 0, 4, 1, 0, 0, 0]),
 (14, [1478, 75, 0, 0, 1, 1906, 694, 1, 0, 2, 0, 1, 0, 0, 2]),
 (14, [1333, 119, 0, 1, 0, 1814, 1007, 1, 0, 1, 1, 1, 0, 2, 2]),
 (14, [1196, 26, 1, 1, 0, 1977, 947, 0, 1, 0, 3, 1, 1, 1, 1]),
 (14, [1156, 17, 1, 1, 1, 892, 967, 1, 1, 1, 0, 1, 2, 1, 0]),
 (14, [1103, 54, 0, 0, 1, 998, 904, 0, 1, 2, 1, 1, 1, 0, 1]),
 (11, [1977, 90, 0, 1, 1, 861, 1213, 1, 1, 1, 3, 0, 1, 0, 0]),
 (11, [1825, 67, 0, 0, 1, 1395, 522, 0, 1, 2, 4, 0, 0, 2, 0]),
 (11, [1644, 45, 1, 1, 1, 1382, 1315, 0, 1, 1, 2, 0, 2, 2, 1]),
 (11, [1625, 99, 0, 1, 1, 1811, 964, 0, 1, 2, 0, 0, 2, 2, 2]),
 (11, [1614, 78, 1, 1, 0, 2032, 628, 0, 1, 2, 4, 0, 1, 1, 1]),
 (11, [1089, 73, 1, 0, 1, 2001, 1105, 0, 1, 2, 2, 0, 1, 0, 0]),
 (11, [960, 21, 0, 0, 0, 1712, 1781, 0, 1, 2, 1, 0, 2, 2, 0]),
 (11, [793, 43, 1, 1, 0, 1099, 1811, 1, 1, 1, 1, 0, 0, 1, 2]),
 (11, [656, 60, 1, 1, 0, 690, 886, 0, 0, 0, 0, 0, 0, 2, 0]),
 (11, [581, 12, 0, 0, 1, 1536, 1489, 0, 0, 2, 0, 0, 0, 1, 2])]
Población final:
[(11, [580, 11, -1, -2, 1, 1535, 1489, 0, 0, 0, 1, 0, 0, 1, 2]),
 (11, [580, 11, -1, -3, 1, 1535, 1489, 0, 1, 2, 1, 0, 0, 1, 2]),
 (11, [580, 11, -1, -3, 1, 1535, 1489, 0, 1, 0, 1, 0, 0, 1, 2]),
 (11, [580, 11, -1, -3, 1, 1535, 1489, 0, 1, 0, 1, 0, 0, 1, 2]),
 (11, [580, 11, -1, -3, 1, 1535, 1489, 0, 1, 1, 1, 0, 0, 1, 2]),
 (11, [580, 11, -1, -3, 1, 1535, 1489, 0, 0, 1, 1, 0, 0, 1, 2]),
 (11, [580, 11, -1, -3, 1, 1535, 1489, 0, 0, 1, 1, 0, 0, 1, 1]),
 (11, [580, 11, -1, -3, 1, 1535, 1489, 0, 0, 1, 1, 0, 0, 1, 2]),
 (11, [580, 11, -1, -3, 1, 1535, 1489, 0, 0, 1, 1, 0, 0, 1, 2]),
 (11, [580, 11, -1, -3, 1, 1535, 1489, 0, 0, 0, 1, 0, 0, 1, 2]),
 (11, [580, 11, -1, -3, 1, 1535, 1489, 0, 0, 0, 1, 0, 0, 1, 2]),
 (11, [580, 11, -1, -3, 1, 1535, 1489, 0, 0, 0, 1, 0, 0, 1, 2]),
 (11, [580, 11, -1, -3, 1, 1535, 1489, 0, 0, 0, 1, 0, 0, 1, 2]),
 (11, [580, 10, -1, -3, 1, 1535, 1489, 0, 0, 0, 1, 0, 0, 1, 2]),
 (11, [580, 10, -1, -3, 1, 1535, 1489, 0, 0, 0, 1, 0, 0, 1, 2]),
 (11, [580, 11, -1, -3, 1, 1535, 1489, 0, 0, 0, 1, 0, 0, 1, 2]),
 (11, [580, 11, -1, -3, 1, 1535, 1489, 0, 0, 0, 1, 0, 0, 1, 2]),
 (11, [580, 11, -1, -3, 1, 1535, 1489, 0, 0, 0, 1, 0, 0, 1, 2]),
 (11, [580, 11, -1, -3, 1, 1535, 1489, 0, 0, 0, 2, 0, 0, 1, 2]),
 (11, [580, 11, -1, -3, 1, 1535, 1489, 0, 0, 0, 1, 0, 1, 1, 2]),
 (11, [580, 11, -1, -4, 1, 1535, 1489, 0, 1, 0, 1, 0, 0, 1, 2]),
 (11, [580, 11, -1, -4, 1, 1535, 1489, 0, 1, 0, 2, 0, 0, 1, 2]),
 (11, [580, 11, -1, -4, 1, 1535, 1489, 0, 1, 0, 1, 0, 0, 1, 2]),
 (11, [580, 11, -1, -4, 1, 1535, 1489, 0, 1, 0, 1, 1, 0, 1, 2]),
 (11, [580, 11, -1, -4, 0, 1535, 1489, 0, 0, 1, 1, 0, 0, 1, 2]),
 (11, [579, 11, -2, -2, 1, 1535, 1489, 0, 0, 1, 1, 0, 0, 1, 2]),
 (11, [580, 11, -2, -2, 1, 1535, 1489, 0, 0, 0, 1, 0, 0, 1, 2]),
 (11, [580, 11, -2, -2, 1, 1535, 1489, 0, 0, 0, 1, 0, 0, 1, 2]),
 (11, [580, 11, -2, -2, 1, 1535, 1489, 0, 0, 0, 1, 0, 0, 1, 2]),
 (11, [580, 11, -2, -2, 1, 1535, 1489, 0, 0, 0, 1, 0, 0, 1, 2]),
 (11, [580, 11, -2, -2, 1, 1535, 1489, 0, 0, 0, 1, 0, 0, 1, 2]),
 (11, [580, 11, -2, -3, 1, 1535, 1489, 0, 0, 0, 1, 0, 0, 1, 2])]
Elapsed time is 4879.764437 seconds.
