genes: 15
individuals : 16
pressure: 5
mutation_chance: 0
generations: 15
crossover_type: 1
mutation_type_random: 0
Población de 16 individuos durante 15 generaciones
Población inicial:
[(999, [1805, 109, 1, 0, 1, 536, 1221, 1, 1, 3, 4, 1, 1, 2, 2]),
 (999, [1759, 19, 1, 0, 1, 573, 1050, 1, 0, 3, 3, 0, 2, 1, 1]),
 (999, [1742, 56, 1, 0, 0, 1592, 853, 0, 0, 3, 5, 0, 0, 0, 2]),
 (999, [1737, 66, 0, 1, 1, 1125, 762, 1, 1, 3, 4, 0, 0, 1, 0]),
 (999, [1649, 43, 0, 1, 0, 874, 1875, 0, 1, 3, 2, 1, 1, 0, 2]),
 (999, [1298, 19, 0, 1, 0, 1322, 1672, 1, 0, 0, 5, 1, 2, 1, 0]),
 (16, [1642, 74, 1, 1, 0, 1261, 788, 0, 1, 2, 0, 0, 1, 1, 2]),
 (16, [1153, 31, 0, 1, 0, 1408, 789, 0, 0, 0, 4, 0, 1, 2, 1]),
 (16, [1036, 13, 1, 0, 1, 1884, 1150, 1, 1, 0, 4, 1, 1, 1, 2]),
 (16, [588, 70, 0, 1, 1, 1914, 899, 0, 1, 2, 0, 0, 2, 2, 1]),
 (16, [527, 116, 0, 1, 1, 959, 560, 0, 1, 2, 0, 0, 0, 2, 0]),
 (12, [1828, 111, 1, 1, 1, 1777, 688, 0, 1, 1, 2, 0, 1, 2, 0]),
 (12, [1736, 53, 0, 0, 0, 968, 590, 1, 0, 0, 3, 0, 1, 1, 2]),
 (12, [1591, 97, 1, 1, 0, 1493, 1688, 0, 0, -1, 1, 1, 0, 2, 1]),
 (12, [930, 31, 1, 1, 0, 717, 1707, 0, 0, 1, 1, 1, 1, 0, 0]),
 (12, [750, 21, 1, 0, 0, 1708, 1464, 0, 0, 1, 3, 0, 2, 1, 2])]
Población final:
[(999, [748, 21, 0, 0, -1, 1708, 1707, -1, 0, 1, 1, 0, 0, 0, 2]),
 (999, [748, 21, 0, 0, -1, 1708, 1707, -1, 0, 1, 1, 0, 0, 0, 2]),
 (999, [748, 21, 0, 0, -1, 1708, 1707, -1, 0, 1, 1, 0, 0, 0, 0]),
 (999, [748, 21, 0, 0, -1, 1708, 1707, -1, 0, 1, 1, 0, 0, 0, -1]),
 (999, [748, 21, 0, 0, -1, 1708, 1707, -1, 0, 1, 1, 0, 0, 0, 0]),
 (16, [748, 21, 0, 0, 0, 1708, 1707, -1, 0, 1, 1, 0, 0, 0, 0]),
 (12, [748, 21, 0, 0, 0, 1708, 1707, -1, 0, 1, 1, 0, 0, 0, 2]),
 (12, [748, 21, 0, 0, 0, 1708, 1707, -1, 0, 1, 1, 0, 0, 0, 2]),
 (12, [748, 21, 0, 0, 0, 1708, 1707, -1, 0, 1, 1, 0, 0, 0, 0]),
 (12, [748, 21, 0, 0, 0, 1708, 1707, 0, 0, 1, 1, 0, 0, 0, 0]),
 (12, [748, 21, 0, 0, -1, 1708, 1707, -1, 0, 1, 1, 0, 0, 0, 2]),
 (12, [748, 21, 0, -1, 0, 1708, 1707, -1, 0, 1, 1, 0, 0, 0, 2]),
 (12, [748, 21, 0, -1, 0, 1708, 1707, -1, 0, 1, 1, 0, 0, 0, 2]),
 (12, [748, 21, 0, -1, 0, 1708, 1707, -1, 0, 1, 1, 0, 0, 0, 2]),
 (12, [748, 21, 0, -1, 0, 1708, 1707, -1, 0, 1, 1, 0, 0, 0, 0]),
 (12, [748, 21, 0, -1, 0, 1708, 1707, -1, 0, 1, 1, 0, 0, 0, 0])]
Elapsed time is 2895.475595 seconds.
