genes: 15
individuals : 16
pressure: 5
mutation_chance: 0
generations: 15
crossover_type: 1
mutation_type_random: 1
Población de 16 individuos durante 15 generaciones
Población inicial:
[(999, [1433, 15, 1, 0, 1, 1169, 2045, 1, 1, 3, 5, 0, 1, 1, 1]),
 (999, [1266, 26, 0, 0, 0, 881, 1223, 0, 1, 2, 5, 1, 0, 0, 0]),
 (999, [1010, 51, 0, 0, 0, 1373, 1308, 0, 1, 3, 0, 0, 0, 0, 2]),
 (999, [874, 42, 0, 1, 1, 1521, 1827, 0, 0, 3, 0, 1, 2, 2, 0]),
 (999, [651, 11, 1, 0, 1, 1894, 1521, 0, 0, 3, 5, 0, 2, 0, 1]),
 (999, [627, 28, 1, 1, 0, 731, 1777, 1, 0, 3, 2, 1, 2, 1, 2]),
 (16, [1484, 52, 1, 1, 0, 737, 1973, 1, 0, 0, 3, 0, 1, 2, 2]),
 (16, [1072, 52, 1, 1, 0, 856, 524, 1, 1, 2, 0, 0, 2, 1, 0]),
 (16, [736, 107, 0, 1, 1, 1759, 527, 0, 0, 0, 0, 0, 0, 2, 0]),
 (12, [1793, 45, 0, 1, 1, 810, 678, 0, 1, 2, 4, 1, 0, 1, 2]),
 (12, [1774, 16, 0, 0, 1, 776, 535, 0, 1, 2, 0, 1, 2, 2, 1]),
 (12, [1465, 26, 0, 0, 1, 762, 1470, 1, 0, 2, 0, 1, 0, 1, 1]),
 (12, [1368, 10, 1, 0, 0, 1816, 878, 0, 1, 0, 2, 1, 0, 0, 2]),
 (12, [1366, 115, 0, 0, 1, 1467, 1756, 0, 0, 1, 4, 1, 0, 0, 2]),
 (12, [1277, 11, 1, 0, 0, 1042, 1042, 0, 0, 1, 0, 0, 2, 2, 2]),
 (12, [968, 55, 1, 0, 0, 1030, 1083, 0, 1, 0, 4, 1, 0, 2, 2])]
Población final:
[(16, [777, 48, 1, 0, 0, 1030, 1083, 0, 0, 0, 4, 1, 0, 0, 2]),
 (16, [777, 48, 1, 0, 0, 1030, 1083, 0, 0, 0, 3, 1, 0, 0, 2]),
 (16, [777, 48, 1, 0, 0, 1030, 1083, 0, 0, 0, 1, 1, 0, 0, 2]),
 (12, [1293, 48, 1, 0, 0, 1030, 1083, 0, 0, 0, 4, 1, 0, 0, 2]),
 (12, [777, 48, 1, 0, 0, 1030, 1083, 0, 0, 0, 4, 1, 0, 1, 2]),
 (12, [777, 48, 1, 0, 0, 1030, 1083, 0, 0, 0, 4, 1, 0, 0, 2]),
 (12, [1986, 48, 1, 0, 0, 1030, 1083, 0, 0, 0, 4, 1, 0, 0, 2]),
 (12, [777, 48, 1, 0, 0, 1030, 1083, 0, 0, 0, 4, 0, 0, 0, 2]),
 (12, [777, 48, 1, 0, 0, 1030, 1083, 0, 0, 0, 4, 1, 0, 0, 2]),
 (12, [777, 48, 1, 0, 0, 1030, 1083, 0, 0, 0, 4, 1, 0, 0, 1]),
 (12, [777, 48, 1, 0, 0, 1030, 1083, 0, 0, 0, 3, 1, 0, 0, 2]),
 (12, [777, 48, 1, 0, 0, 1030, 1083, 0, 0, 0, 3, 1, 0, 0, 2]),
 (12, [777, 48, 1, 0, 0, 1030, 1083, 0, 0, 0, 3, 1, 0, 0, 2]),
 (12, [777, 48, 1, 0, 0, 1030, 1083, 0, 0, 0, 3, 1, 0, 0, 2]),
 (12, [777, 48, 1, 0, 0, 1030, 1083, 0, 0, 0, 3, 1, 0, 0, 2]),
 (12, [777, 48, 1, 0, 0, 1030, 1083, 0, 0, 0, 3, 1, 0, 0, 2])]
Elapsed time is 3200.665416 seconds.
