genes: 15
individuals : 16
pressure: 5
mutation_chance: 0
generations: 15
crossover_type: 1
mutation_type_random: 1

Población de 16 individuos durante 15 generaciones
Población inicial:
[(999, [1943, 25, 1, 1, 0, 1453, 1544, 1, 0, 1, 5, 0, 0, 2, 1]),
 (999, [1769, 109, 0, 0, 0, 1176, 622, 0, 0, 3, 1, 0, 1, 2, 2]),
 (999, [1421, 14, 1, 1, 0, 1206, 1571, 1, 1, 2, 5, 0, 2, 1, 0]),
 (999, [852, 118, 0, 1, 1, 1065, 1311, 1, 1, 3, 3, 0, 2, 1, 1]),
 (999, [847, 106, 1, 0, 1, 1060, 1007, 0, 0, 3, 3, 0, 1, 0, 1]),
 (999, [542, 106, 1, 1, 0, 1433, 2015, 1, 0, 3, 0, 0, 1, 2, 1]),
 (999, [532, 29, 1, 1, 0, 1346, 673, 0, 0, 0, 5, 1, 1, 0, 2]),
 (14, [1429, 52, 0, 1, 1, 740, 2022, 1, 1, 2, 0, 1, 0, 2, 0]),
 (14, [1334, 98, 1, 1, 1, 1955, 1662, 0, 1, 0, 0, 1, 0, 1, 0]),
 (14, [1275, 51, 1, 0, 1, 712, 1444, 0, 0, 2, 4, 1, 1, 1, 1]),
 (14, [1148, 76, 0, 0, 0, 780, 1854, 0, 1, 2, 4, 1, 0, 1, 2]),
 (14, [1022, 10, 1, 1, 0, 1258, 891, 1, 1, 1, 4, 1, 2, 1, 0]),
 (11, [1908, 78, 1, 0, 0, 1357, 787, 1, 1, 2, 3, 0, 2, 0, 0]),
 (11, [1224, 58, 0, 1, 1, 1026, 1975, 0, 1, 1, 0, 0, 2, 2, 0]),
 (11, [861, 17, 1, 0, 0, 1002, 773, 0, 0, 0, 2, 0, 2, 1, 2]),
 (11, [797, 26, 1, 0, 1, 1518, 974, 0, 1, 1, 0, 0, 1, 0, 2])]
Población final:
[(11, [565, 17, 1, 0, 0, 1002, 974, 0, 0, 0, 2, 0, 1, 0, 2]),
 (11, [565, 17, 0, 0, 0, 1002, 974, 0, 0, 0, 2, 0, 1, 0, 2]),
 (11, [565, 17, 0, 0, 0, 1002, 974, 0, 0, 0, 2, 0, 1, 0, 2]),
 (11, [565, 17, 0, 0, 0, 1002, 974, 0, 0, 0, 2, 0, 1, 0, 1]),
 (11, [565, 17, 0, 0, 0, 1002, 974, 0, 0, 0, 2, 0, 1, 0, 1]),
 (11, [565, 17, 0, 0, 0, 1002, 974, 0, 0, 1, 2, 0, 1, 0, 1]),
 (11, [565, 17, 0, 0, 0, 1002, 974, 0, 0, 0, 2, 0, 1, 0, 1]),
 (11, [1958, 17, 0, 0, 0, 1002, 974, 0, 0, 0, 2, 0, 1, 0, 1]),
 (11, [565, 17, 0, 0, 0, 1002, 974, 0, 0, 0, 2, 0, 1, 0, 1]),
 (11, [565, 17, 0, 0, 0, 1002, 974, 0, 0, 0, 2, 0, 1, 0, 1]),
 (11, [565, 17, 0, 1, 0, 1002, 974, 0, 0, 0, 2, 0, 1, 0, 1]),
 (11, [565, 17, 0, 0, 0, 1002, 974, 0, 0, 0, 2, 0, 1, 0, 1]),
 (11, [565, 17, 0, 0, 0, 1002, 974, 0, 0, 0, 2, 0, 0, 0, 2]),
 (11, [565, 17, 0, 0, 0, 1002, 974, 0, 0, 0, 2, 0, 0, 0, 2]),
 (11, [565, 17, 0, 0, 0, 1002, 974, 0, 0, 0, 2, 0, 0, 0, 2]),
 (11, [565, 17, 0, 0, 0, 1002, 974, 0, 0, 0, 2, 0, 0, 0, 2])]
Elapsed time is 2010.801429 seconds.
