genes: 15
individuals : 16
pressure: 5
mutation_chance: 0
generations: 15
crossover_type: 1
mutation_type_random: 0

Población de 16 individuos durante 15 generaciones
Población inicial:
[(999, [1755, 35, 0, 0, 0, 737, 1765, 0, 0, 0, 5, 1, 1, 0, 2]),
 (999, [1650, 115, 0, 1, 1, 639, 1691, 0, 1, 1, 5, 0, 1, 2, 2]),
 (999, [1321, 87, 0, 0, 1, 1768, 513, 1, 0, 3, 3, 1, 1, 1, 0]),
 (999, [1118, 56, 1, 1, 0, 1694, 686, 1, 0, 0, 5, 1, 1, 2, 0]),
 (999, [1065, 83, 0, 1, 1, 1512, 575, 1, 1, 3, 2, 1, 1, 2, 2]),
 (999, [1034, 119, 0, 1, 1, 537, 1405, 0, 1, 3, 2, 1, 0, 2, 1]),
 (999, [998, 112, 1, 0, 1, 1874, 1448, 0, 0, 2, 5, 1, 1, 2, 2]),
 (999, [539, 52, 0, 0, 1, 1978, 702, 0, 1, 3, 5, 1, 2, 0, 2]),
 (16, [1730, 68, 0, 0, 0, 1325, 1697, 0, 1, 0, 4, 1, 1, 0, 1]),
 (16, [815, 19, 0, 0, 1, 1813, 694, 1, 1, 2, 4, 0, 0, 1, 0]),
 (12, [1949, 80, 1, 1, 1, 1505, 1131, 0, 0, 0, 3, 1, 2, 2, 2]),
 (12, [1853, 101, 1, 1, 1, 530, 1611, 1, 0, 2, 0, 1, 1, 1, 2]),
 (12, [1717, 61, 0, 1, 0, 522, 722, 1, 1, 1, 2, 1, 2, 0, 1]),
 (12, [1448, 110, 0, 0, 1, 789, 1049, 1, 1, 0, 4, 0, 0, 1, 1]),
 (12, [1215, 110, 0, 1, 0, 1563, 1600, 0, 0, 1, 1, 1, 0, 2, 1]),
 (12, [1145, 75, 1, 0, 1, 2041, 1464, 1, 0, 0, 4, 1, 0, 1, 2])]
Población final:
[(16, [1145, 75, 1, 0, 0, 522, 722, 1, 1, 1, 1, 1, 2, 0, 1]),
 (16, [1145, 76, 0, 0, 0, 522, 722, 1, 1, 1, 1, 1, 1, 0, 1]),
 (16, [1145, 75, 0, 0, 0, 521, 722, 1, 1, 1, 1, 1, 1, 0, 1]),
 (16, [1145, 74, 1, 0, 0, 522, 722, 1, 1, 1, 0, 1, 2, 0, 1]),
 (16, [1145, 74, 1, 0, 0, 522, 722, 1, 1, 1, 1, 1, 2, 0, 1]),
 (12, [1145, 75, 0, 0, 0, 522, 722, 1, 1, 1, 1, 1, 2, 0, 1]),
 (12, [1145, 74, 0, 0, 0, 522, 722, 1, 1, 1, 1, 1, 1, 0, 1]),
 (12, [1145, 75, 0, 0, 0, 522, 722, 1, 1, 1, 1, 1, 1, 0, 1]),
 (12, [1145, 75, 0, 0, 0, 522, 722, 1, 1, 1, 1, 1, 1, 0, 1]),
 (12, [1145, 75, 0, 0, 0, 522, 722, 1, 1, 1, 1, 0, 2, 0, 1]),
 (12, [1145, 74, 1, 0, 0, 522, 722, 1, 1, 1, 1, 1, 2, 0, 0]),
 (12, [1145, 74, 1, 0, 0, 522, 722, 1, 1, 1, 1, 1, 2, 0, 1]),
 (12, [1145, 74, 1, 0, 0, 522, 722, 1, 1, 1, 1, 1, 1, 0, 1]),
 (12, [1145, 74, 1, 0, 0, 522, 722, 1, 1, 1, 1, 1, 1, 0, 1]),
 (12, [1144, 75, 0, 0, 0, 522, 722, 1, 1, 1, 1, 1, 2, 0, 1]),
 (12, [1144, 75, 0, 0, 0, 522, 722, 1, 1, 1, 1, 1, 1, 0, 1])]
Elapsed time is 3112.689923 seconds.
