genes: 15
individuals : 32
pressure: 5
mutation_chance: 0
generations: 15
crossover_type: 1
mutation_type_random: 0Población de 32 individuos durante 15 generaciones
Población inicial:
[(999, [1708, 32, 0, 0, 1, 1137, 1286, 1, 0, 3, 0, 0, 2, 1, 0]),
 (999, [1391, 101, 0, 0, 1, 1130, 1205, 0, 1, 3, 3, 1, 0, 0, 2]),
 (999, [1330, 65, 0, 1, 1, 1767, 546, 1, 1, 2, 5, 1, 0, 0, 1]),
 (999, [1167, 41, 0, 1, 1, 591, 1818, 1, 0, 3, 3, 1, 1, 1, 1]),
 (999, [1118, 85, 0, 1, 1, 775, 1161, 0, 1, 0, 5, 0, 1, 0, 1]),
 (999, [883, 69, 0, 1, 1, 1354, 1044, 0, 1, 3, 5, 1, 0, 1, 2]),
 (999, [833, 35, 0, 1, 0, 1599, 1803, 1, 0, 3, 4, 0, 0, 2, 0]),
 (999, [754, 27, 1, 1, 0, 1148, 1059, 0, 0, 3, 5, 0, 2, 0, 1]),
 (999, [698, 36, 0, 1, 1, 696, 1711, 1, 1, 1, 5, 1, 0, 2, 2]),
 (999, [617, 23, 0, 0, 0, 1487, 1081, 1, 1, 2, 5, 0, 1, 1, 1]),
 (999, [518, 70, 1, 1, 0, 925, 852, 1, 1, 2, 5, 0, 2, 2, 0]),
 (12, [1923, 64, 1, 1, 1, 1989, 1284, 1, 1, 0, 1, 1, 2, 1, 1]),
 (12, [1922, 84, 0, 1, 0, 557, 868, 0, 1, 1, 1, 0, 0, 2, 1]),
 (12, [1779, 117, 1, 1, 1, 1439, 1136, 0, 0, 0, 0, 0, 1, 1, 2]),
 (12, [1713, 20, 0, 0, 1, 1063, 794, 0, 1, 1, 3, 1, 1, 2, 2]),
 (12, [1652, 56, 1, 0, 0, 1112, 1380, 1, 0, 0, 1, 1, 0, 0, 1]),
 (12, [1284, 119, 1, 0, 0, 1941, 602, 0, 0, 2, 0, 0, 0, 1, 2]),
 (12, [1256, 71, 1, 1, 1, 2007, 1425, 1, 0, 2, 1, 0, 2, 1, 0]),
 (12, [1192, 106, 0, 1, 1, 1514, 1529, 0, 1, 1, 4, 1, 1, 1, 1]),
 (12, [1064, 86, 1, 0, 0, 1508, 717, 1, 1, 2, 0, 0, 2, 0, 0]),
 (12, [1018, 50, 0, 1, 0, 1980, 1927, 1, 0, 0, 1, 0, 1, 0, 2]),
 (12, [1000, 18, 0, 1, 0, 1238, 1612, 1, 0, 0, 2, 1, 0, 1, 1]),
 (12, [967, 72, 0, 1, 0, 514, 1438, 1, 0, 0, 4, 1, 0, 1, 2]),
 (12, [948, 20, 1, 0, 0, 857, 1828, 1, 1, 2, 4, 1, 0, 2, 1]),
 (12, [947, 72, 1, 0, 0, 1658, 1816, 1, 1, 2, 3, 1, 1, 1, 1]),
 (12, [914, 51, 1, 0, 1, 1010, 1491, 0, 1, 0, 0, 0, 1, 1, 2]),
 (12, [796, 66, 1, 1, 1, 732, 678, 1, 1, 1, 0, 1, 2, 2, 1]),
 (12, [772, 23, 0, 0, 1, 1973, 989, 0, 1, 0, 2, 0, 1, 2, 1]),
 (12, [712, 120, 0, 1, 1, 871, 1573, 0, 1, 1, 4, 1, 2, 1, 0]),
 (12, [526, 16, 1, 1, 0, 1513, 1901, 1, 0, 0, 0, 0, 2, -1, 0]),
 (12, [516, 76, 1, 0, 0, 892, 1728, 1, -1, 0, 4, 0, 0, 2, 1]),
 (12, [512, 35, 1, 1, 1, 676, 853, 0, 0, 2, 0, 1, 1, 2, 1])]
Población final:
[(16, [507, 35, 0, 1, 1, 675, 853, -1, 1, 0, 4, 0, 0, 2, 1]),
 (16, [507, 35, 0, 1, 1, 675, 853, -1, 0, 0, 4, 0, 0, 2, 1]),
 (16, [507, 35, 0, 1, 1, 675, 853, -1, 0, 1, 4, 0, 0, 2, 1]),
 (16, [507, 35, 0, 1, 1, 675, 853, -1, 0, 0, 4, 0, -1, 2, 1]),
 (12, [507, 35, 0, 1, 1, 675, 853, -1, 0, 0, 4, 0, 0, 2, 1]),
 (12, [507, 35, 0, 1, 1, 675, 853, -1, 0, 0, 4, 0, 0, 2, 1]),
 (12, [507, 35, 0, 1, 1, 675, 853, -1, 0, -1, 4, 0, 0, 2, 1]),
 (12, [507, 35, 0, 2, 1, 675, 853, -1, 0, 0, 4, 0, 0, 2, 1]),
 (12, [507, 35, 0, 1, 1, 675, 853, -1, 0, 0, 4, 0, 0, 2, 1]),
 (12, [507, 34, 0, 1, 1, 675, 853, -1, 0, 0, 4, 0, 0, 2, 1]),
 (12, [507, 35, 0, 1, 1, 675, 853, -1, 0, 0, 5, 0, 0, 2, 1]),
 (12, [507, 35, 0, 1, 1, 675, 853, -1, 0, 0, 4, 0, 0, 2, 1]),
 (12, [507, 36, 0, 1, 1, 675, 853, -1, 0, 0, 4, 0, 0, 2, 1]),
 (12, [507, 35, 0, 1, 1, 675, 853, -1, 0, 0, 4, 0, 0, 2, 2]),
 (12, [507, 35, 0, 1, 1, 674, 853, -1, 0, 0, 4, 0, 0, 2, 1]),
 (12, [507, 35, 0, 1, 1, 675, 853, -1, 0, 0, 4, -1, 0, 2, 1]),
 (12, [507, 35, 0, 1, 1, 675, 853, -1, 0, 0, 4, 0, 0, 2, 1]),
 (12, [507, 35, 0, 2, 1, 675, 853, -1, 0, 0, 4, 0, 0, 2, 1]),
 (12, [507, 35, 0, 1, 1, 675, 853, -1, 0, 0, 4, 0, 0, 2, 1]),
 (12, [507, 35, 0, 2, 1, 675, 853, -1, 0, 0, 4, 0, 0, 2, 1]),
 (12, [506, 35, 0, 1, 1, 675, 853, -1, 0, 0, 4, 0, 0, 2, 1]),
 (12, [507, 35, 0, 1, 1, 675, 853, -1, 0, 0, 4, 0, 0, 2, 1]),
 (12, [507, 35, 0, 1, 1, 675, 853, -1, 0, 0, 4, 0, 0, 2, 1]),
 (12, [507, 35, 0, 1, 1, 675, 853, -1, 0, 0, 4, 0, 0, 2, 1]),
 (12, [507, 35, 0, 1, 1, 675, 853, -1, 0, 0, 4, 0, -1, 2, 1]),
 (12, [507, 35, 0, 1, 1, 675, 852, -1, 0, 0, 4, 0, -1, 2, 1]),
 (12, [507, 35, 0, 1, 1, 675, 853, -1, 0, 0, 4, 0, -1, 2, 1]),
 (12, [507, 35, 0, 1, 1, 675, 853, -1, 0, 0, 4, 0, -1, 2, 1]),
 (12, [507, 35, 0, 1, 1, 675, 853, -1, 0, 0, 4, 0, -1, 2, 1]),
 (12, [507, 35, 0, 1, 1, 675, 853, -1, 0, 0, 4, 0, -1, 2, 1]),
 (12, [507, 35, 0, 1, 1, 675, 853, -1, 0, 0, 4, 0, -1, 2, 1]),
 (12, [507, 35, 0, 1, 1, 675, 853, -1, 0, 0, 4, 0, -1, 2, 1])]
Elapsed time is 6988.280621 seconds.
