genes: 15
individuals : 32
pressure: 5
mutation_chance: 0
generations: 15
crossover_type: 1
mutation_type_random: 0
Población de 32 individuos durante 15 generaciones
Población inicial:
[(999, [1349, 91, 1, 0, 1, 1790, 1444, 1, 1, 3, 0, 0, 2, 0, 1]),
 (999, [1194, 36, 0, 1, 1, 885, 984, 1, 1, 3, 1, 1, 0, 0, 1]),
 (999, [663, 102, 1, 0, 0, 725, 704, 0, 1, 3, 5, 0, 0, 0, 1]),
 (999, [645, 61, 0, 0, 0, 1528, 1569, 0, 1, 3, 1, 0, 0, 0, 0]),
 (14, [1934, 103, 1, 1, 1, 931, 1964, 1, 0, 1, 2, 1, 2, 1, 2]),
 (14, [1813, 94, 0, 1, 1, 1848, 1646, 0, 1, 2, 4, 1, 1, 0, 2]),
 (14, [1787, 35, 1, 0, 1, 1861, 1776, 0, 1, 2, 2, 1, 1, 1, 2]),
 (14, [1635, 31, 0, 1, 0, 1740, 1408, 0, 0, 1, 3, 1, 1, 1, 0]),
 (14, [1475, 48, 1, 1, 1, 1348, 1972, 1, 0, 0, 2, 1, 0, 0, 0]),
 (14, [1423, 16, 0, 1, 0, 716, 1930, 1, 1, 0, 0, 1, 2, 2, 0]),
 (14, [1395, 52, 1, 1, 1, 1614, 1635, 0, 0, 1, 1, 1, 0, 2, 2]),
 (14, [1389, 93, 0, 1, 1, 1013, 1822, 0, 0, 0, 4, 1, 0, 0, 0]),
 (14, [1383, 33, 0, 0, 0, 837, 1460, 0, 0, 1, 0, 1, 0, 0, 0]),
 (14, [1201, 72, 1, 1, 1, 621, 533, 1, 1, 0, 0, 1, 2, 1, 0]),
 (14, [1069, 98, 1, 1, 1, 1821, 835, 1, 0, 1, 3, 1, 2, 2, 1]),
 (14, [943, 30, 1, 1, 1, 2029, 1833, 1, 1, 1, 2, 1, 1, 0, 2]),
 (14, [881, 71, 0, 0, 1, 1818, 1343, 1, 1, 2, 4, 1, 0, 2, 0]),
 (14, [859, 114, 1, 0, 1, 1503, 1679, 1, 0, 0, 1, 1, 0, 1, 2]),
 (14, [853, 114, 0, 0, 1, 1275, 1426, 1, 0, 2, 4, 1, 1, 2, 1]),
 (14, [828, 120, 0, 1, 1, 1713, 1278, 0, 0, 0, 4, 1, 2, 0, 1]),
 (14, [732, 112, 0, 0, 1, 1700, 913, 1, 1, 0, 0, 1, 0, 0, 1]),
 (14, [715, 72, 0, 1, 1, 656, 1903, 0, 0, 0, 3, 1, 2, 2, 1]),
 (14, [629, 78, 0, 1, 1, 1602, 1454, 1, 1, 2, 4, 1, 0, 0, 2]),
 (14, [629, 28, 0, 0, 1, 1947, 1812, 1, 1, 2, 3, 1, 2, 2, 0]),
 (14, [618, 76, 0, 0, 0, 1573, 1823, 1, 1, 0, 0, 1, 2, 0, 1]),
 (11, [1949, 31, 0, 0, 1, 992, 1807, 1, 0, 2, 1, 0, 2, 0, 0]),
 (11, [1737, 102, 0, 0, 1, 2038, 776, 0, 1, 0, 2, 0, 1, 2, 1]),
 (11, [1651, 37, 0, 0, 0, 1342, 1815, 0, 1, 2, 1, 0, 1, 1, 0]),
 (11, [1631, 87, 1, 0, 0, 1407, 661, 1, 0, 0, 4, 0, 0, 1, 2]),
 (11, [1385, 37, 1, 1, 0, 827, 1475, 1, 0, 1, 1, 0, 2, 1, 2]),
 (11, [1323, 97, 0, 0, 0, 688, 648, 0, 0, 0, 4, 0, 2, 1, 0]),
 (11, [1165, 114, 1, 1, 0, 843, 1988, 1, 0, 2, 0, 0, 0, 0, 0])]
Población final:
[(11, [1162, 96, 0, 0, 0, 687, 648, -2, 0, 0, 4, 0, 0, 0, 0]),
 (11, [1162, 96, 0, 0, 0, 686, 648, -2, 0, 0, 4, 0, 0, -1, 0]),
 (11, [1162, 96, 0, 0, 0, 686, 648, -2, 0, 0, 4, 0, 0, -2, 0]),
 (11, [1162, 96, 0, 0, 0, 686, 648, -2, 0, 0, 4, 0, 0, -1, 0]),
 (11, [1162, 96, 0, -1, 0, 687, 648, -1, 0, 0, 4, 0, 0, -2, 0]),
 (11, [1162, 96, -1, 0, 0, 687, 648, -2, 0, 0, 4, 0, 0, 0, 0]),
 (11, [1162, 96, -1, 0, 0, 687, 647, -2, 0, 0, 4, 0, 0, 0, 0]),
 (11, [1162, 96, -1, 0, 0, 686, 648, -2, 0, 0, 4, 0, 0, -1, 0]),
 (11, [1162, 95, 0, 0, 0, 687, 648, -1, 0, 0, 4, 0, 0, -1, 0]),
 (11, [1162, 95, 0, 0, 0, 687, 648, -2, 0, 0, 4, 0, 0, 0, 0]),
 (11, [1162, 95, 0, 0, 1, 687, 648, -2, 0, 0, 4, 0, 0, 0, 0]),
 (11, [1162, 95, 0, 0, 0, 688, 648, -2, 0, 0, 4, 0, 0, 0, 0]),
 (11, [1162, 95, 0, 0, 0, 687, 648, -3, 0, 0, 4, 0, 0, 0, 0]),
 (11, [1162, 95, 0, 0, 0, 687, 648, -2, 0, 0, 4, 0, 0, 0, 0]),
 (11, [1162, 95, 0, 0, 0, 687, 648, -2, 0, 0, 4, 0, 0, -1, 0]),
 (11, [1162, 95, 0, 0, 0, 687, 647, -2, 0, 0, 4, 0, 0, -1, 0]),
 (11, [1162, 95, 0, 0, 0, 687, 648, -2, 0, 0, 4, 0, 0, -1, 0]),
 (11, [1162, 95, 0, 0, 0, 687, 648, -2, 0, 0, 4, 0, 0, -1, 0]),
 (11, [1162, 95, 0, 1, 0, 687, 648, -2, 0, 0, 4, 0, 0, -1, 0]),
 (11, [1162, 95, 0, 0, 0, 687, 648, -2, 0, 0, 4, 0, 0, -1, 0]),
 (11, [1162, 95, 0, 0, 0, 687, 648, -2, 0, 0, 4, 0, 0, -1, 0]),
 (11, [1161, 96, 0, 0, 0, 687, 648, -1, 1, 0, 4, 0, 0, -1, 0]),
 (11, [1161, 96, 0, 0, 0, 686, 648, -1, 0, 0, 4, 0, 0, -1, 0]),
 (11, [1161, 96, 0, 0, 0, 686, 648, -2, 0, 0, 4, 0, 0, 0, 0]),
 (11, [1161, 96, 0, 0, 0, 686, 648, -2, 0, 0, 4, 0, 0, 0, 0]),
 (11, [1161, 96, 0, 0, 0, 687, 648, -2, 0, 0, 4, 0, 0, 0, 0]),
 (11, [1161, 96, 0, 0, -1, 686, 648, -2, 0, 0, 4, 0, 0, -1, 0]),
 (11, [1161, 96, 0, 0, 0, 686, 648, -2, 0, 0, 4, 0, 0, -1, 0]),
 (11, [1161, 96, 0, -1, 0, 687, 648, -1, 0, 0, 4, 0, 0, 0, 0]),
 (11, [1161, 96, 0, -1, 0, 687, 648, -1, 0, 0, 4, 0, 0, -1, 0]),
 (11, [1161, 96, 0, -1, 0, 687, 648, -1, 0, 0, 4, 0, 0, -1, 0]),
 (11, [1161, 96, 0, -1, 0, 687, 648, -1, 0, 0, 4, 0, 0, -1, 0])]
Elapsed time is 4547.410000 seconds.
