genes: 15
individuals : 16
pressure: 5
mutation_chance: 0
generations: 15
crossover_type: 2
mutation_type_random: 1
Población de 16 individuos durante 15 generaciones
Población inicial:
[(999, [1995, 117, 1, 1, 1, 2019, 1826, 1, 1, 3, 3, 1, 1, 2, 1]),
 (999, [1846, 27, 1, 1, 1, 597, 1878, 0, 1, 3, 2, 1, 1, 0, 1]),
 (999, [1822, 57, 1, 1, 0, 532, 908, 0, 1, 3, 1, 1, 2, 1, 1]),
 (999, [1580, 36, 1, 1, 1, 1419, 951, 0, 1, 3, 3, 0, 1, 0, 2]),
 (999, [1547, 48, 0, 0, 0, 1544, 1130, 1, 0, 3, 3, 0, 0, 0, 2]),
 (999, [976, 101, 1, 1, 1, 1102, 1208, 1, 1, 1, 5, 0, 0, 2, 0]),
 (999, [858, 48, 0, 1, 1, 966, 876, 1, 0, 3, 5, 0, 1, 2, 0]),
 (999, [813, 49, 0, 1, 0, 1940, 596, 1, 1, 3, 1, 1, 2, 2, 0]),
 (999, [773, 102, 1, 1, 0, 837, 1775, 1, 0, 3, 1, 0, 1, 1, 0]),
 (999, [570, 13, 1, 0, 0, 1297, 1661, 1, 0, 3, 4, 1, 0, 0, 1]),
 (16, [1716, 109, 0, 0, 1, 874, 747, 1, 1, 2, 4, 1, 1, 1, 0]),
 (16, [1419, 31, 1, 1, 0, 1897, 1146, 0, 0, 1, 1, 0, 2, 1, 0]),
 (12, [1958, 37, 1, 1, 0, 1130, 556, 0, 0, 1, 0, 0, 2, 0, 2]),
 (12, [1727, 57, 1, 0, 1, 1407, 1932, 1, 0, 2, 4, 1, 2, 1, 0]),
 (12, [1062, 109, 1, 1, 0, 1349, 1391, 0, 0, 0, 1, 0, 2, 1, 2]),
 (12, [675, 93, 0, 0, 1, 1042, 1510, 1, 1, 2, 2, 1, 2, 0, 2])]
Población final:
[(16, [675, 73, 0, 0, 0, 631, 1391, 1, 0, 2, 2, 0, 1, 0, 2]),
 (16, [675, 73, 0, 0, 0, 631, 1391, 1, 0, 2, 2, 0, 1, 0, 2]),
 (16, [675, 47, 0, 0, 0, 631, 1391, 1, 0, 2, 2, 0, 1, 0, 2]),
 (16, [675, 47, 0, 0, 0, 631, 1391, 1, 0, 2, 2, 0, 1, 0, 2]),
 (12, [675, 73, 0, 0, 0, 1976, 1391, 1, 0, 2, 2, 0, 1, 0, 2]),
 (12, [675, 73, 0, 0, 0, 631, 1391, 1, 0, 2, 2, 0, 1, 0, 2]),
 (12, [675, 73, 0, 0, 0, 631, 1391, 1, 0, 2, 2, 0, 1, 0, 2]),
 (12, [957, 73, 0, 0, 0, 631, 1391, 1, 0, 2, 2, 0, 1, 0, 2]),
 (12, [675, 73, 0, 0, 0, 631, 1391, 1, 0, 2, 2, 0, 1, 0, 2]),
 (12, [675, 73, 0, 0, 0, 631, 1391, 1, 0, 2, 2, 0, 1, 0, 2]),
 (12, [675, 47, 0, 0, 0, 631, 1391, 1, 0, 2, 2, 0, 1, 0, 2]),
 (12, [675, 47, 0, 0, 0, 631, 1391, 1, 0, 2, 2, 0, 1, 0, 2]),
 (12, [675, 47, 0, 0, 0, 631, 1391, 1, 0, 2, 2, 0, 1, 0, 2]),
 (12, [675, 47, 0, 0, 0, 631, 1391, 1, 0, 2, 2, 0, 1, 0, 2]),
 (12, [675, 47, 0, 0, 0, 631, 1391, 1, 0, 2, 2, 0, 1, 0, 2]),
 (12, [675, 47, 0, 0, 0, 631, 1391, 1, 0, 2, 2, 0, 1, 0, 2])]
Elapsed time is 3107.597040 seconds.
