genes: 15
individuals : 32
pressure: 5
mutation_chance: 0
generations: 15
crossover_type: 1
mutation_type_random: 1

Población de 32 individuos durante 15 generaciones
Población inicial:
[(999, [1918, 94, 1, 0, 0, 683, 1896, 0, 1, 3, 1, 0, 2, 1, 1]),
 (999, [1896, 41, 0, 0, 1, 1576, 1858, 0, 1, 3, 1, 0, 2, 0, 1]),
 (999, [1891, 81, 1, 0, 0, 1041, 1971, 0, 1, 1, 5, 1, 0, 1, 2]),
 (999, [1654, 54, 1, 1, 1, 2024, 1634, 0, 1, 2, 5, 0, 0, 2, 0]),
 (999, [1641, 84, 0, 0, 1, 584, 557, 0, 0, 3, 0, 0, 2, 0, 2]),
 (999, [1466, 34, 0, 0, 1, 1735, 1240, 1, 1, 3, 1, 0, 0, 0, 2]),
 (999, [1095, 30, 0, 0, 0, 987, 1314, 0, 1, 1, 5, 1, 0, 0, 0]),
 (999, [1094, 82, 0, 1, 1, 799, 1442, 1, 1, 3, 5, 1, 0, 2, 0]),
 (999, [879, 91, 1, 0, 1, 786, 1835, 0, 1, 3, 2, 1, 2, 0, 0]),
 (999, [750, 14, 0, 1, 1, 1549, 1265, 0, 0, 3, 5, 0, 0, 0, 1]),
 (999, [635, 109, 0, 0, 0, 1085, 1744, 0, 0, 3, 3, 1, 2, 1, 1]),
 (16, [1710, 24, 0, 0, 1, 560, 1090, 1, 1, 1, 4, 0, 0, 1, 2]),
 (16, [1111, 52, 0, 1, 0, 1671, 1183, 0, 0, 2, 4, 0, 0, 2, 1]),
 (16, [625, 113, 1, 1, 1, 1023, 669, 1, 0, 1, 4, 1, 1, 1, 2]),
 (16, [596, 110, 0, 1, 0, 1139, 1424, 1, 0, 1, 2, 1, 0, 1, 1]),
 (12, [2042, 95, 1, 0, 0, 780, 1115, 0, 1, 1, 0, 0, 0, 2, 1]),
 (12, [2024, 30, 0, 1, 0, 1859, 852, 1, 0, 1, 0, 1, 1, 1, 0]),
 (12, [1721, 92, 0, 1, 1, 578, 566, 0, 0, 2, 0, 0, 1, 1, 1]),
 (12, [1623, 109, 1, 1, 0, 1485, 912, 1, 1, 2, 0, 1, 1, 2, 1]),
 (12, [1321, 55, 1, 0, 1, 1859, 576, 0, 1, 2, 3, 1, 1, 0, 1]),
 (12, [1280, 89, 1, 1, 1, 564, 1538, 1, 1, 1, 0, 0, 1, 2, 0]),
 (12, [1259, 18, 0, 1, 0, 1840, 1620, 0, 1, 2, 2, 1, 0, 0, 0]),
 (12, [1201, 56, 0, 1, 0, 1692, 578, 0, 0, 2, 2, 1, 0, 2, 0]),
 (12, [1153, 47, 0, 0, 0, 1136, 861, 0, 1, 0, 3, 0, 2, 1, 2]),
 (12, [1057, 112, 0, 0, 0, 1034, 1164, 1, 0, 2, 4, 1, 0, 2, 0]),
 (12, [943, 42, 1, 0, 0, 885, 1996, 0, 0, 0, 2, 0, 2, 0, 2]),
 (12, [841, 26, 1, 1, 0, 1295, 1394, 1, 1, 1, 2, 0, 0, 1, 1]),
 (12, [701, 27, 0, 1, 0, 996, 850, 1, 1, 2, 1, 0, 2, 1, 0]),
 (12, [690, 60, 1, 1, 1, 1635, 1765, 1, 0, 0, 0, 0, 0, 0, 0]),
 (12, [560, 55, 1, 0, 1, 615, 1997, 0, 0, 1, 1, 1, 2, 0, 2]),
 (12, [538, 15, 1, 0, 0, 928, 1487, 0, 1, 2, 4, 0, 1, 0, 1]),
 (12, [537, 93, 1, 0, 1, 1506, 1576, 1, 1, 0, 4, 1, 2, 1, 2])]
Población final:
[(16, [537, 23, 0, 0, 0, 694, 726, 0, 1, 2, 2, 0, 1, 0, 0]),
 (16, [537, 23, 0, 0, 0, 694, 726, 0, 0, 3, 2, 0, 1, 0, 0]),
 (16, [537, 23, 0, 0, 0, 694, 726, 0, 0, 2, 2, 0, 1, 0, 0]),
 (16, [537, 23, 0, 0, 0, 694, 726, 0, 0, 2, 2, 0, 1, 0, 0]),
 (12, [537, 23, 0, 0, 0, 694, 726, 0, 1, 2, 2, 1, 1, 0, 0]),
 (12, [537, 23, 0, 0, 0, 694, 726, 0, 1, 2, 2, 0, 1, 0, 0]),
 (12, [537, 23, 0, 0, 0, 694, 713, 0, 1, 2, 2, 0, 1, 0, 0]),
 (12, [537, 23, 0, 0, 0, 694, 726, 0, 1, 2, 2, 0, 1, 0, 0]),
 (12, [537, 23, 0, 0, 0, 694, 726, 0, 1, 0, 2, 0, 1, 0, 0]),
 (12, [537, 23, 0, 0, 0, 694, 726, 0, 1, 2, 2, 0, 1, 0, 0]),
 (12, [537, 23, 0, 0, 0, 694, 1895, 0, 1, 2, 2, 0, 1, 0, 0]),
 (12, [537, 23, 0, 0, 0, 694, 726, 0, 1, 2, 2, 1, 1, 0, 0]),
 (12, [537, 23, 1, 0, 0, 694, 726, 0, 1, 2, 2, 0, 1, 0, 0]),
 (12, [537, 23, 0, 0, 0, 694, 726, 0, 1, 2, 2, 0, 1, 0, 0]),
 (12, [537, 23, 0, 0, 0, 694, 726, 0, 1, 2, 2, 0, 1, 0, 0]),
 (12, [537, 23, 0, 0, 0, 694, 726, 0, 1, 2, 2, 0, 1, 0, 0]),
 (12, [537, 23, 1, 0, 0, 694, 726, 0, 1, 2, 2, 0, 1, 0, 0]),
 (12, [537, 23, 0, 0, 0, 694, 726, 0, 1, 2, 2, 0, 1, 0, 0]),
 (12, [537, 23, 0, 0, 0, 694, 726, 0, 1, 2, 2, 0, 1, 0, 0]),
 (12, [537, 23, 0, 0, 0, 694, 726, 0, 1, 2, 2, 0, 1, 0, 0]),
 (12, [537, 23, 1, 0, 0, 694, 726, 0, 1, 2, 2, 0, 1, 0, 0]),
 (12, [537, 23, 0, 0, 0, 694, 726, 0, 1, 2, 2, 0, 1, 0, 0]),
 (12, [537, 23, 0, 0, 0, 694, 726, 0, 1, 2, 2, 0, 1, 0, 0]),
 (12, [537, 23, 0, 0, 0, 694, 726, 0, 1, 2, 2, 0, 1, 0, 0]),
 (12, [537, 23, 0, 0, 0, 694, 726, 0, 1, 2, 2, 1, 1, 0, 0]),
 (12, [1552, 23, 0, 0, 0, 694, 726, 0, 1, 2, 2, 0, 1, 0, 0]),
 (12, [537, 23, 0, 0, 0, 694, 726, 1, 1, 2, 2, 0, 1, 0, 0]),
 (12, [537, 23, 0, 0, 0, 694, 726, 0, 0, 2, 2, 0, 1, 0, 0]),
 (12, [537, 23, 0, 0, 0, 694, 726, 0, 0, 2, 2, 0, 1, 0, 0]),
 (12, [537, 23, 0, 0, 0, 694, 726, 0, 0, 2, 2, 0, 1, 0, 0]),
 (12, [537, 23, 0, 0, 0, 694, 726, 0, 0, 2, 2, 0, 1, 0, 0]),
 (12, [537, 23, 0, 0, 0, 694, 726, 0, 0, 2, 2, 0, 1, 0, 0])]
Elapsed time is 7146.381858 seconds.
