genes: 15
individuals : 32
pressure: 5
mutation_chance: 0
generations: 15
crossover_type: 1
mutation_type_random: 1
Población de 32 individuos durante 15 generaciones
Población inicial:
[(999, [1596, 39, 0, 1, 1, 1875, 648, 1, 0, 3, 5, 0, 0, 1, 1]),
 (999, [1541, 50, 0, 1, 1, 839, 1787, 1, 1, 3, 4, 1, 1, 0, 1]),
 (999, [1157, 67, 1, 1, 0, 1200, 1665, 0, 1, 3, 0, 0, 1, 2, 1]),
 (999, [1153, 112, 0, 0, 0, 798, 1006, 0, 0, 3, 1, 1, 2, 0, 2]),
 (999, [1106, 65, 0, 1, 0, 1963, 1558, 1, 0, 3, 3, 1, 2, 2, 1]),
 (999, [1048, 23, 0, 1, 1, 921, 879, 1, 1, 3, 5, 1, 0, 1, 2]),
 (999, [719, 99, 0, 1, 0, 1209, 1698, 0, 0, 2, 5, 0, 1, 1, 0]),
 (999, [714, 76, 1, 0, 1, 623, 1292, 1, 1, 2, 5, 1, 1, 1, 0]),
 (999, [691, 97, 0, 1, 1, 751, 776, 0, 0, 3, 3, 1, 1, 2, 1]),
 (999, [514, 55, 0, 0, 0, 1104, 1066, 1, 1, 3, 0, 1, 0, 0, 0]),
 (14, [2001, 67, 0, 1, 0, 2027, 640, 1, 1, 0, 4, 1, 1, 2, 1]),
 (14, [1447, 84, 1, 1, 0, 1995, 854, 0, 0, 1, 2, 1, 2, 0, 2]),
 (14, [1358, 15, 1, 1, 1, 1182, 1022, 1, 1, 0, 2, 1, 0, 2, 1]),
 (14, [1288, 62, 1, 1, 0, 1484, 813, 1, 0, 1, 0, 1, 2, 0, 0]),
 (14, [1123, 116, 0, 0, 1, 1046, 2029, 0, 1, 2, 4, 1, 2, 1, 1]),
 (14, [945, 70, 0, 0, 0, 1860, 531, 1, 1, 2, 2, 1, 2, 0, 1]),
 (14, [876, 30, 1, 0, 1, 2017, 1044, 1, 0, 1, 0, 1, 1, 1, 2]),
 (14, [613, 73, 0, 0, 0, 1259, 1320, 1, 1, 0, 3, 1, 1, 2, 0]),
 (14, [533, 37, 1, 0, 1, 663, 1398, 1, 0, 2, 2, 1, 2, 0, 2]),
 (14, [529, 50, 1, 1, 1, 1697, 2038, 0, 1, 0, 1, 1, 0, 2, 0]),
 (11, [1990, 42, 1, 1, 0, 1482, 805, 0, 1, 0, 1, 0, 0, 0, 0]),
 (11, [1570, 67, 0, 0, 0, 671, 618, 0, 0, 0, 2, 0, 1, 1, 2]),
 (11, [1486, 92, 1, 1, 1, 1393, 939, 0, 0, 1, 2, 0, 0, 1, 2]),
 (11, [1267, 17, 0, 1, 1, 650, 802, 0, 0, 2, 4, 0, 2, 0, 0]),
 (11, [1247, 41, 0, 0, 1, 1582, 774, 1, 1, 0, 0, 0, 0, 0, 0]),
 (11, [1221, 71, 1, 0, 0, 818, 1242, 1, 0, 0, 3, 0, 1, 0, 1]),
 (11, [1198, 103, 0, 1, 1, 1659, 1677, 1, 0, 2, 1, 0, 0, 0, 2]),
 (11, [1033, 19, 0, 1, 0, 928, 1022, 1, 0, 1, 0, 0, 1, 1, 2]),
 (11, [902, 79, 0, 1, 0, 1753, 2012, 0, 0, 0, 0, 0, 1, 2, 2]),
 (11, [898, 11, 0, 0, 0, 2000, 921, 1, 1, 0, 0, 0, 1, 2, 0]),
 (11, [747, 57, 1, 1, 0, 1293, 1068, 1, 0, 1, 1, 0, 0, 1, 0]),
 (11, [671, 71, 1, 1, 0, 874, 1003, 1, 0, 1, 3, 0, 0, 1, 2])]
Población final:
[(11, [516, 37, 0, 0, 0, 562, 1792, 1, 0, 0, 0, 0, 0, 1, 2]),
 (11, [516, 37, 0, 0, 0, 562, 851, 1, 0, 0, 0, 0, 0, 1, 2]),
 (11, [516, 37, 0, 0, 0, 562, 851, 1, 0, 0, 0, 0, 0, 1, 2]),
 (11, [516, 37, 0, 0, 0, 1597, 851, 1, 0, 0, 0, 0, 0, 1, 2]),
 (11, [516, 37, 0, 0, 0, 1992, 851, 1, 0, 0, 0, 0, 0, 1, 2]),
 (11, [516, 37, 0, 1, 0, 562, 851, 1, 0, 0, 0, 0, 0, 1, 2]),
 (11, [516, 37, 1, 0, 0, 562, 851, 1, 0, 0, 0, 0, 0, 1, 2]),
 (11, [516, 37, 0, 0, 0, 562, 851, 1, 0, 0, 0, 0, 1, 1, 2]),
 (11, [1633, 37, 0, 0, 0, 562, 851, 1, 0, 0, 0, 0, 0, 1, 2]),
 (11, [516, 37, 0, 0, 0, 562, 851, 1, 0, 2, 0, 0, 0, 1, 2]),
 (11, [1223, 37, 0, 0, 0, 562, 851, 1, 0, 0, 0, 0, 0, 1, 2]),
 (11, [516, 37, 0, 0, 0, 562, 851, 1, 0, 3, 0, 0, 0, 1, 1]),
 (11, [516, 37, 0, 0, 1, 562, 851, 1, 0, 0, 0, 0, 0, 1, 1]),
 (11, [516, 37, 0, 0, 0, 562, 851, 1, 0, 0, 0, 0, 2, 1, 1]),
 (11, [516, 37, 0, 0, 0, 562, 851, 1, 0, 0, 0, 0, 0, 1, 1]),
 (11, [516, 37, 0, 0, 0, 562, 851, 1, 0, 0, 0, 0, 0, 1, 1]),
 (11, [516, 37, 0, 0, 0, 562, 851, 0, 0, 0, 0, 0, 1, 1, 2]),
 (11, [516, 104, 0, 0, 0, 562, 851, 0, 0, 0, 0, 0, 0, 1, 2]),
 (11, [516, 37, 0, 0, 0, 562, 851, 0, 0, 0, 0, 0, 0, 1, 2]),
 (11, [516, 37, 0, 0, 0, 562, 851, 0, 0, 0, 0, 1, 0, 1, 2]),
 (11, [516, 37, 0, 0, 0, 562, 851, 0, 0, 0, 0, 0, 0, 1, 2]),
 (11, [516, 37, 0, 0, 0, 1107, 851, 0, 0, 0, 0, 0, 0, 1, 2]),
 (11, [516, 37, 0, 0, 0, 562, 851, 0, 0, 0, 0, 1, 0, 1, 2]),
 (11, [516, 37, 0, 0, 0, 562, 851, 0, 0, 0, 0, 0, 0, 1, 2]),
 (11, [516, 37, 0, 0, 0, 562, 851, 0, 0, 0, 0, 0, 0, 1, 2]),
 (11, [516, 37, 0, 0, 0, 562, 851, 0, 0, 0, 0, 0, 1, 1, 1]),
 (11, [516, 37, 0, 0, 0, 562, 650, 1, 0, 0, 0, 0, 1, 0, 2]),
 (11, [516, 37, 0, 0, 0, 562, 650, 1, 0, 0, 0, 0, 1, 1, 2]),
 (11, [516, 37, 0, 0, 0, 562, 650, 1, 0, 0, 0, 0, 1, 1, 2]),
 (11, [516, 37, 0, 0, 0, 562, 650, 1, 0, 0, 0, 0, 1, 1, 2]),
 (11, [516, 37, 0, 0, 0, 562, 650, 1, 0, 0, 0, 0, 0, 1, 2]),
 (11, [516, 37, 0, 0, 0, 562, 650, 1, 0, 0, 0, 0, 0, 1, 1])]
Elapsed time is 4918.117387 seconds.
