genes: 15
individuals : 32
pressure: 5
mutation_chance: 0
generations: 15
crossover_type: 1
mutation_type_random: 1

Población de 32 individuos durante 15 generaciones
Población inicial:
[(999, [1845, 59, 1, 1, 0, 1522, 1772, 0, 1, 1, 5, 0, 2, 2, 2]),
 (999, [1800, 90, 0, 0, 1, 618, 1544, 0, 0, 3, 0, 0, 0, 2, 2]),
 (999, [1771, 114, 1, 0, 0, 1501, 1938, 0, 1, 3, 4, 1, 2, 1, 2]),
 (999, [1736, 18, 0, 0, 0, 1529, 627, 1, 1, 3, 3, 1, 1, 1, 0]),
 (999, [1369, 19, 0, 1, 1, 748, 1573, 1, 1, 3, 0, 0, 0, 2, 1]),
 (999, [1312, 75, 1, 0, 1, 931, 1182, 1, 0, 3, 1, 1, 1, 1, 2]),
 (999, [1263, 93, 1, 0, 1, 685, 621, 0, 0, 3, 4, 0, 1, 0, 2]),
 (999, [991, 63, 0, 0, 1, 1459, 1915, 0, 0, 3, 2, 0, 0, 0, 1]),
 (999, [794, 69, 0, 0, 1, 1073, 1052, 0, 0, 3, 0, 1, 1, 0, 0]),
 (999, [791, 20, 1, 1, 0, 1335, 617, 1, 1, 3, 0, 0, 2, 1, 1]),
 (999, [741, 110, 0, 1, 1, 1568, 1538, 0, 1, 1, 5, 1, 2, 1, 1]),
 (999, [729, 69, 0, 0, 0, 726, 650, 0, 0, 1, 5, 1, 0, 0, 1]),
 (999, [656, 73, 0, 1, 1, 1888, 1805, 0, 1, 3, 1, 1, 1, 1, 2]),
 (999, [545, 91, 0, 0, 0, 617, 1175, 0, 0, 3, 2, 0, 2, 1, 2]),
 (999, [543, 52, 1, 0, 0, 1201, 1238, 0, 1, 3, 0, 0, 2, 0, 0]),
 (14, [1567, 46, 0, 0, 1, 759, 1489, 0, 1, 2, 4, 1, 2, 0, 1]),
 (14, [1533, 102, 0, 0, 0, 565, 1512, 0, 0, 2, 1, 1, 1, 2, 0]),
 (14, [1324, 29, 1, 0, 1, 1274, 1889, 0, 1, 2, 2, 1, 0, 1, 1]),
 (14, [1110, 29, 0, 1, 1, 1679, 1105, 1, 0, 2, 1, 1, 0, 2, 0]),
 (14, [910, 98, 1, 1, 0, 601, 1489, 1, 0, 1, 4, 1, 2, 0, 0]),
 (14, [826, 11, 0, 1, 1, 1745, 1778, 0, 0, 2, 1, 1, 1, 0, 0]),
 (14, [819, 116, 1, 1, 0, 1237, 782, 0, 1, 0, 4, 1, 0, 1, 1]),
 (14, [606, 18, 1, 0, 1, 666, 1367, 1, 0, 0, 3, 1, 0, 2, 1]),
 (14, [572, 16, 0, 0, 0, 1096, 1899, 0, 0, 1, 0, 1, 1, 0, 1]),
 (14, [513, 94, 0, 0, 0, 1199, 1710, 0, 1, 2, 3, 1, 2, 1, 1]),
 (11, [1943, 69, 1, 0, 0, 1434, 574, 0, 0, 2, 3, 0, 1, 1, 2]),
 (11, [1851, 91, 1, 1, 1, 1771, 1979, 0, 1, 0, 1, 0, 0, 2, 2]),
 (11, [1699, 26, 1, 1, 0, 1303, 1697, 1, 0, 0, 2, 0, 1, 0, 0]),
 (11, [1663, 104, 0, 1, 1, 1740, 1797, 1, 0, 0, 0, 0, 0, 2, 1]),
 (11, [1450, 114, 1, 1, 0, 1465, 1344, 0, 1, 1, 0, 0, 0, 1, 0]),
 (11, [1117, 66, 1, 1, 1, 883, 864, 0, 0, 2, 2, 0, 1, 2, 2]),
 (11, [849, 66, 0, 0, 1, 1843, 2020, 0, 0, 0, 3, 0, 2, 2, 0])]
Población final:
[(11, [723, 13, 0, 0, 0, 956, 1058, 0, 0, 1, 0, 0, 0, 0, 0]),
 (11, [723, 13, 0, 0, 0, 956, 1058, 0, 1, 1, 0, 0, 0, 0, 0]),
 (11, [723, 13, 0, 0, 0, 956, 1058, 0, 0, 1, 0, 0, 0, 0, 0]),
 (11, [723, 13, 0, 0, 0, 956, 1058, 0, 0, 1, 0, 0, 0, 0, 0]),
 (11, [723, 13, 0, 0, 0, 956, 1058, 0, 0, 1, 0, 0, 0, 0, 0]),
 (11, [723, 13, 0, 0, 0, 956, 1058, 0, 0, 1, 1, 0, 0, 0, 0]),
 (11, [723, 13, 0, 0, 0, 956, 1058, 0, 0, 1, 0, 0, 0, 0, 0]),
 (11, [723, 13, 0, 0, 0, 956, 1058, 0, 0, 1, 0, 0, 0, 0, 0]),
 (11, [723, 13, 0, 0, 0, 956, 1058, 0, 0, 1, 0, 0, 0, 0, 0]),
 (11, [723, 13, 0, 0, 0, 956, 1058, 0, 0, 1, 0, 0, 0, 0, 0]),
 (11, [723, 13, 0, 0, 0, 956, 1058, 0, 0, 1, 0, 0, 0, 0, 0]),
 (11, [723, 13, 0, 0, 0, 956, 1058, 0, 0, 1, 0, 0, 0, 0, 0]),
 (11, [723, 13, 0, 0, 0, 956, 1058, 0, 0, 1, 4, 0, 0, 0, 0]),
 (11, [723, 13, 0, 0, 0, 956, 1058, 0, 0, 1, 0, 0, 0, 0, 0]),
 (11, [723, 13, 0, 0, 0, 956, 1058, 0, 0, 1, 0, 0, 0, 0, 0]),
 (11, [723, 13, 0, 0, 0, 1921, 1058, 0, 0, 1, 0, 0, 0, 0, 0]),
 (11, [723, 13, 0, 0, 0, 956, 1058, 0, 0, 1, 0, 0, 0, 0, 0]),
 (11, [1823, 13, 0, 0, 0, 956, 1058, 0, 0, 1, 0, 0, 0, 0, 0]),
 (11, [723, 13, 0, 0, 0, 956, 1058, 0, 0, 1, 0, 0, 0, 0, 0]),
 (11, [723, 13, 0, 0, 0, 956, 1058, 0, 0, 1, 0, 0, 0, 0, 0]),
 (11, [723, 13, 0, 0, 0, 956, 1058, 0, 0, 1, 0, 0, 2, 0, 0]),
 (11, [723, 13, 0, 0, 0, 956, 1058, 0, 0, 1, 0, 0, 0, 0, 0]),
 (11, [723, 13, 0, 0, 0, 956, 978, 0, 0, 1, 0, 0, 0, 0, 0]),
 (11, [723, 13, 0, 0, 0, 956, 1058, 0, 0, 1, 0, 0, 0, 0, 0]),
 (11, [723, 13, 0, 0, 0, 956, 1058, 0, 0, 1, 0, 0, 0, 0, 0]),
 (11, [723, 13, 0, 0, 0, 956, 1058, 0, 0, 1, 0, 0, 0, 0, 0]),
 (11, [723, 13, 0, 0, 0, 956, 1058, 0, 0, 0, 0, 0, 0, 0, 0]),
 (11, [723, 13, 0, 0, 0, 956, 1058, 0, 0, 1, 0, 0, 0, 0, 0]),
 (11, [723, 13, 0, 0, 0, 956, 1058, 0, 0, 1, 0, 0, 0, 0, 0]),
 (11, [723, 13, 0, 0, 0, 956, 1058, 0, 0, 1, 0, 0, 0, 0, 0]),
 (11, [723, 13, 0, 0, 0, 956, 1058, 0, 0, 1, 0, 0, 0, 0, 0]),
 (11, [723, 13, 0, 0, 0, 956, 1058, 0, 0, 1, 0, 0, 0, 0, 0])]
Elapsed time is 4867.990164 seconds.
