 * Manually resetting nginx to stopped state
 * Manually resetting nginx to stopped state
 * Manually resetting nginx to stopped state
 * Manually resetting nginx to stopped state
 * Manually resetting nginx to stopped state
 * Manually resetting nginx to stopped state
 * Manually resetting nginx to stopped state
 * Manually resetting nginx to stopped state
 * Manually resetting nginx to stopped state
 * Manually resetting nginx to stopped state
 * Manually resetting nginx to stopped state
 * Manually resetting nginx to stopped state
 * Manually resetting nginx to stopped state
 * Manually resetting nginx to stopped state
 * Manually resetting nginx to stopped state
 * Manually resetting nginx to stopped state
genes: 15
individuals : 32
pressure: 5
mutation_chance: 0
generations: 15
crossover_type: 2
mutation_type_random: 1
Alerts:
35
Alerts:
35
Alerts:
35
Alerts:
35
Alerts:
35
Alerts:
35
Alerts:
35
Alerts:
35
Alerts:
35
Alerts:
35
Alerts:
35
Alerts:
35
Alerts:
35
Alerts:
35
Alerts:
35
Alerts:
35

Población de 32 individuos durante 15 generaciones
Población inicial:
[(999, [1729, 29, 0, 0, 1, 963, 895, 0, 0, 2, 5, 0, 1, 1, 0]),
 (999, [1637, 120, 0, 1, 1, 1303, 806, 1, 1, 3, 5, 0, 0, 0, 1]),
 (999, [1615, 61, 1, 1, 0, 1404, 911, 1, 1, 3, 2, 0, 1, 2, 1]),
 (999, [1516, 32, 0, 0, 0, 1011, 1024, 0, 1, 3, 0, 1, 0, 0, 0]),
 (999, [1448, 104, 0, 1, 1, 1964, 1931, 1, 1, 3, 3, 1, 0, 0, 2]),
 (999, [1429, 93, 1, 0, 1, 898, 1405, 0, 0, 1, 5, 1, 0, 0, 0]),
 (999, [1068, 62, 0, 0, 0, 1346, 1255, 1, 1, 3, 0, 1, 1, 0, 2]),
 (999, [1067, 117, 0, 1, 1, 1142, 2021, 1, 0, 3, 1, 0, 2, 2, 0]),
 (999, [1066, 56, 1, 0, 1, 756, 1179, 0, 1, 3, 3, 0, 1, 0, 2]),
 (999, [1013, 84, 0, 0, 1, 1557, 1075, 1, 0, 3, 3, 0, 2, 1, 1]),
 (999, [851, 104, 0, 1, 1, 1469, 1415, 1, 1, 3, 5, 0, 1, 1, 2]),
 (999, [828, 24, 1, 1, 0, 917, 1372, 0, 1, 3, 5, 0, 0, 2, 2]),
 (999, [813, 55, 0, 1, 0, 606, 1363, 0, 0, 2, 5, 0, 0, 2, 2]),
 (999, [747, 12, 1, 1, 1, 1651, 1740, 1, 1, 3, 2, 1, 1, 1, 0]),
 (999, [714, 91, 1, 1, 1, 609, 1865, 1, 1, 3, 1, 1, 1, 1, 1]),
 (999, [666, 72, 0, 0, 1, 1375, 1582, 0, 0, 3, 1, 0, 2, 0, 2]),
 (35, [1959, 86, 0, 1, 1, 1129, 678, 1, 1, 2, 2, 1, 0, 0, 2]),
 (35, [1864, 104, 1, 0, 1, 1755, 637, 0, 0, 0, 4, 0, 0, 1, 1]),
 (35, [1772, 38, 0, 1, 1, 997, 1266, 1, 0, 1, 2, 0, 2, 1, 2]),
 (35, [1661, 87, 0, 0, 1, 1601, 954, 1, 1, 1, 1, 0, 2, 1, 2]),
 (35, [1390, 34, 1, 1, 1, 1865, 1148, 0, 0, 1, 0, 0, 0, 0, 2]),
 (35, [1380, 94, 1, 1, 1, 2043, 550, 1, 1, 2, 0, 1, 1, 2, 1]),
 (35, [1139, 30, 0, 0, 0, 950, 1894, 1, 1, 0, 4, 1, 2, 2, 2]),
 (35, [1137, 117, 1, 0, 0, 812, 666, 1, 1, 0, 2, 1, 0, 0, 0]),
 (35, [1083, 28, 1, 0, 1, 1959, 1472, 0, 0, 0, 1, 1, 2, 2, 0]),
 (35, [941, 78, 0, 0, 0, 1474, 933, 1, 0, 0, 3, 1, 2, 2, 1]),
 (35, [936, 40, 0, 1, 0, 1738, 569, 0, 1, 0, 3, 0, 1, 2, 1]),
 (35, [814, 30, 1, 1, 0, 1728, 929, 0, 1, 1, 4, 1, 1, 2, 0]),
 (35, [778, 60, 1, 0, 1, 644, 1922, 0, 1, 0, 4, 1, 1, 2, 0]),
 (35, [661, 116, 1, 1, 1, 1339, 933, 0, 0, 1, 1, 0, 0, 0, 0]),
 (35, [559, 26, 0, 0, 0, 1197, 1889, 0, 0, 0, 2, 0, 2, 0, 0]),
 (35, [519, 53, 0, 0, 0, 1085, 1959, 0, 0, 0, 4, 0, 0, 2, 2])]
Población final:
[(999, [1729, 29, 0, 0, 1, 963, 895, 0, 0, 2, 5, 0, 1, 1, 0]),
 (999, [1637, 120, 0, 1, 1, 1303, 806, 1, 1, 3, 5, 0, 0, 0, 1]),
 (999, [1615, 61, 1, 1, 0, 1404, 911, 1, 1, 3, 2, 0, 1, 2, 1]),
 (999, [1516, 32, 0, 0, 0, 1011, 1024, 0, 1, 3, 0, 1, 0, 0, 0]),
 (999, [1448, 104, 0, 1, 1, 1964, 1931, 1, 1, 3, 3, 1, 0, 0, 2]),
 (999, [1429, 93, 1, 0, 1, 898, 1405, 0, 0, 1, 5, 1, 0, 0, 0]),
 (999, [1068, 62, 0, 0, 0, 1346, 1255, 1, 1, 3, 0, 1, 1, 0, 2]),
 (999, [1067, 117, 0, 1, 1, 1142, 2021, 1, 0, 3, 1, 0, 2, 2, 0]),
 (999, [1066, 56, 1, 0, 1, 756, 1179, 0, 1, 3, 3, 0, 1, 0, 2]),
 (999, [1013, 84, 0, 0, 1, 1557, 1075, 1, 0, 3, 3, 0, 2, 1, 1]),
 (999, [851, 104, 0, 1, 1, 1469, 1415, 1, 1, 3, 5, 0, 1, 1, 2]),
 (999, [828, 24, 1, 1, 0, 917, 1372, 0, 1, 3, 5, 0, 0, 2, 2]),
 (999, [813, 55, 0, 1, 0, 606, 1363, 0, 0, 2, 5, 0, 0, 2, 2]),
 (999, [747, 12, 1, 1, 1, 1651, 1740, 1, 1, 3, 2, 1, 1, 1, 0]),
 (999, [714, 91, 1, 1, 1, 609, 1865, 1, 1, 3, 1, 1, 1, 1, 1]),
 (999, [666, 72, 0, 0, 1, 1375, 1582, 0, 0, 3, 1, 0, 2, 0, 2]),
 (35, [1959, 86, 0, 1, 1, 1129, 678, 1, 1, 2, 2, 1, 0, 0, 2]),
 (35, [1864, 104, 1, 0, 1, 1755, 637, 0, 0, 0, 4, 0, 0, 1, 1]),
 (35, [1772, 38, 0, 1, 1, 997, 1266, 1, 0, 1, 2, 0, 2, 1, 2]),
 (35, [1661, 87, 0, 0, 1, 1601, 954, 1, 1, 1, 1, 0, 2, 1, 2]),
 (35, [1390, 34, 1, 1, 1, 1865, 1148, 0, 0, 1, 0, 0, 0, 0, 2]),
 (35, [1380, 94, 1, 1, 1, 2043, 550, 1, 1, 2, 0, 1, 1, 2, 1]),
 (35, [1139, 30, 0, 0, 0, 950, 1894, 1, 1, 0, 4, 1, 2, 2, 2]),
 (35, [1137, 117, 1, 0, 0, 812, 666, 1, 1, 0, 2, 1, 0, 0, 0]),
 (35, [1083, 28, 1, 0, 1, 1959, 1472, 0, 0, 0, 1, 1, 2, 2, 0]),
 (35, [941, 78, 0, 0, 0, 1474, 933, 1, 0, 0, 3, 1, 2, 2, 1]),
 (35, [936, 40, 0, 1, 0, 1738, 569, 0, 1, 0, 3, 0, 1, 2, 1]),
 (35, [814, 30, 1, 1, 0, 1728, 929, 0, 1, 1, 4, 1, 1, 2, 0]),
 (35, [778, 60, 1, 0, 1, 644, 1922, 0, 1, 0, 4, 1, 1, 2, 0]),
 (35, [661, 116, 1, 1, 1, 1339, 933, 0, 0, 1, 1, 0, 0, 0, 0]),
 (35, [559, 26, 0, 0, 0, 1197, 1889, 0, 0, 0, 2, 0, 2, 0, 0]),
 (35, [519, 53, 0, 0, 0, 1085, 1959, 0, 0, 0, 4, 0, 0, 2, 2])]
Elapsed time is 1586.100510 seconds.
