genes: 15
individuals : 16
pressure: 5
mutation_chance: 0
generations: 15
crossover_type: 1
mutation_type_random: 1

Población de 16 individuos durante 15 generaciones
Población inicial:
[(999, [2037, 93, 0, 1, 1, 1289, 1209, 1, 0, 3, 0, 1, 1, 2, 2]),
 (999, [1881, 90, 1, 0, 1, 661, 1289, 1, 0, 2, 5, 1, 2, 2, 1]),
 (999, [1137, 88, 0, 1, 1, 1024, 1693, 0, 1, 0, 5, 0, 2, 0, 2]),
 (999, [1133, 113, 0, 1, 0, 1426, 886, 0, 0, 2, 5, 1, 1, 1, 1]),
 (999, [946, 77, 0, 1, 0, 1682, 1441, 0, 1, 3, 0, 0, 0, 1, 2]),
 (16, [1029, 52, 1, 1, 1, 1139, 1256, 0, 1, 1, 4, 0, 0, 1, 0]),
 (16, [782, 87, 1, 0, 0, 1262, 1508, 1, 1, 1, 3, 1, 2, 1, 1]),
 (12, [1793, 76, 0, 1, 0, 1197, 1918, 1, 1, 2, 2, 1, 2, 0, 2]),
 (12, [1357, 61, 1, 0, 0, 915, 842, 0, 0, 2, 2, 1, 2, 2, 0]),
 (12, [1318, 37, 0, 1, 1, 1858, 745, 1, 0, 1, 4, 0, 1, 2, 1]),
 (12, [1281, 49, 0, 1, 0, 657, 802, 1, 1, 1, 0, 0, 0, 2, 0]),
 (12, [1190, 51, 1, 1, 1, 1404, 1243, 0, 1, 2, 3, 0, 0, 2, 0]),
 (12, [1167, 77, 0, 1, 0, 833, 1370, 0, 1, 1, 1, 0, 1, 0, 1]),
 (12, [1145, 73, 1, 1, 1, 1956, 1528, 1, 1, 2, 2, 1, 0, 1, 0]),
 (12, [828, 104, 1, 0, 1, 1615, 976, 1, 1, 2, 0, 1, 2, 0, 1]),
 (12, [796, 101, 1, 0, 1, 1993, 1643, 1, 0, 0, 1, 1, 2, 0, 2])]
Población final:
[(16, [529, 29, 0, 1, 1, 1615, 976, 0, 1, 2, 0, 1, 1, 0, 2]),
 (16, [529, 29, 0, 0, 1, 1615, 976, 0, 1, 2, 0, 1, 1, 0, 2]),
 (16, [529, 29, 0, 0, 1, 1615, 976, 0, 1, 2, 0, 1, 1, 0, 2]),
 (16, [529, 29, 0, 0, 1, 1615, 976, 0, 1, 2, 0, 0, 2, 2, 2]),
 (16, [529, 29, 0, 0, 1, 1615, 976, 0, 1, 2, 0, 0, 2, 0, 2]),
 (16, [529, 29, 0, 0, 1, 1615, 976, 0, 1, 1, 0, 0, 2, 0, 2]),
 (12, [529, 86, 0, 0, 1, 1615, 976, 0, 1, 2, 0, 1, 1, 0, 2]),
 (12, [1876, 29, 0, 0, 1, 1615, 976, 0, 1, 2, 0, 1, 1, 0, 2]),
 (12, [529, 29, 1, 0, 1, 1615, 976, 0, 1, 2, 0, 1, 1, 0, 2]),
 (12, [529, 29, 0, 0, 1, 1615, 976, 0, 1, 2, 0, 1, 1, 0, 2]),
 (12, [529, 107, 0, 0, 1, 1615, 976, 0, 1, 2, 0, 1, 1, 0, 2]),
 (12, [529, 29, 0, 0, 1, 1615, 976, 0, 1, 1, 1, 0, 2, 0, 2]),
 (12, [529, 29, 0, 0, 1, 1615, 976, 0, 1, 1, 1, 0, 2, 0, 2]),
 (12, [529, 29, 0, 0, 1, 1615, 976, 0, 1, 1, 0, 0, 2, 0, 2]),
 (12, [529, 29, 0, 0, 1, 1615, 976, 0, 1, 1, 0, 0, 2, 0, 2]),
 (12, [529, 29, 0, 0, 1, 1615, 976, 0, 1, 1, 0, 0, 2, 0, 2])]
Elapsed time is 3246.833506 seconds.
