genes: 15
individuals : 32
pressure: 5
mutation_chance: 0
generations: 15
crossover_type: 1
mutation_type_random: 0

Población de 32 individuos durante 15 generaciones
Población inicial:
[(999, [1787, 96, 1, 0, 1, 657, 783, 0, 1, 1, 5, 0, 0, 2, 2]),
 (999, [1651, 40, 0, 1, 1, 1811, 631, 1, 1, 3, 4, 1, 1, 1, 2]),
 (999, [1369, 14, 1, 0, 1, 1870, 1583, 0, 0, 0, 5, 0, 1, 0, 2]),
 (999, [1306, 60, 1, 1, 1, 839, 1788, 0, 1, 2, 5, 1, 0, 2, 1]),
 (999, [1227, 38, 1, 1, 0, 1375, 1790, 0, 0, 3, 1, 1, 0, 0, 2]),
 (999, [1209, 57, 0, 1, 1, 1768, 847, 1, 0, 0, 5, 0, 0, 1, 1]),
 (999, [1133, 32, 1, 0, 0, 1689, 1095, 0, 1, 3, 3, 0, 2, 2, 2]),
 (999, [994, 75, 0, 1, 1, 1863, 1199, 1, 0, 3, 0, 1, 2, 2, 2]),
 (999, [981, 90, 1, 0, 0, 898, 1505, 1, 0, 0, 5, 0, 0, 0, 1]),
 (999, [941, 52, 0, 0, 0, 1696, 1571, 1, 0, 3, 4, 0, 2, 2, 0]),
 (999, [731, 48, 1, 0, 1, 1108, 1958, 0, 1, 3, 3, 0, 1, 2, 2]),
 (999, [702, 63, 0, 0, 1, 1424, 965, 0, 0, 1, 5, 1, 0, 2, 0]),
 (999, [686, 42, 1, 0, 1, 1325, 543, 1, 0, 0, 5, 1, 2, 2, 0]),
 (999, [683, 96, 0, 1, 1, 2000, 1683, 0, 1, 3, 2, 1, 2, 1, 0]),
 (999, [680, 15, 1, 1, 1, 526, 542, 0, 1, 3, 4, 0, 1, 0, 0]),
 (14, [1701, 62, 1, 1, 0, 1558, 1772, 1, 1, 1, 0, 1, 2, 0, 0]),
 (14, [1595, 20, 1, 0, 1, 1330, 1754, 1, 1, 0, 4, 1, 2, 1, 2]),
 (14, [1562, 120, 1, 1, 1, 748, 946, 1, 1, 2, 2, 1, 0, 2, 0]),
 (14, [1366, 12, 1, 0, 0, 606, 533, 0, 0, 2, 2, 1, 1, 0, 2]),
 (14, [1353, 95, 0, 0, 0, 622, 1909, 1, 1, 1, 2, 1, 2, 2, 0]),
 (14, [1315, 64, 1, 0, 0, 619, 1326, 0, 1, 1, 0, 1, 1, 2, 1]),
 (14, [1266, 106, 1, 1, 0, 1013, 1570, 0, 0, 1, 2, 1, 2, 2, 1]),
 (14, [1192, 111, 0, 1, 1, 1764, 1574, 1, 0, 1, 3, 1, 0, 0, 2]),
 (14, [1158, 31, 1, 0, 0, 1367, 812, 0, 0, 2, 3, 1, 0, 0, 0]),
 (14, [943, 95, 0, 0, 0, 1674, 1107, 0, 1, 1, 1, 1, 1, 0, 0]),
 (14, [630, 22, 1, 1, 0, 1865, 1408, 1, 1, 1, 2, 1, 0, 2, 1]),
 (11, [2011, 21, 1, 1, 0, 1866, 2012, 1, 0, 0, 1, 0, 0, 2, 2]),
 (11, [1793, 106, 0, 1, 0, 1187, 1826, 1, 0, 2, 0, 0, 0, 1, 1]),
 (11, [1662, 39, 0, 0, 1, 561, 1372, 1, 0, 2, 0, 0, 2, 2, 0]),
 (11, [1584, 59, 0, 1, 0, 2044, 1901, 0, 0, 0, 2, 1, 0, 2, 0]),
 (11, [1342, 114, 0, 0, 0, 1300, 1715, 0, 1, 0, 3, 0, -1, 0, 2]),
 (11, [852, 20, 0, 0, 0, 1589, 1335, 1, 0, 0, 2, 0, 0, 1, 0])]
Población final:
[(999, [848, 19, 0, -1, -1, 1300, 1715, 0, 0, -1, 3, 0, 0, 0, 2]),
 (999, [848, 19, 0, -1, -1, 1300, 1715, 0, 0, 0, 3, 0, 0, 0, 2]),
 (999, [848, 19, 0, -1, -1, 1300, 1715, 0, 0, -1, 3, 0, 0, 0, 2]),
 (999, [848, 19, 0, -1, -1, 1300, 1715, 0, 0, 0, 3, 0, 0, 0, 2]),
 (999, [848, 19, -1, -1, -1, 1300, 1715, 0, 0, 0, 3, 0, 0, 0, 2]),
 (11, [848, 19, 0, 0, 0, 1300, 1715, 0, 0, 0, 3, 0, 0, 0, 2]),
 (11, [848, 19, 0, -1, -1, 1300, 1715, 0, 0, 0, 3, 0, 0, -1, 2]),
 (11, [848, 19, 0, -2, 0, 1300, 1715, 0, 0, 0, 3, 0, 0, 0, 2]),
 (11, [848, 19, 0, -2, 0, 1300, 1714, 0, 0, 0, 3, 0, 0, 0, 2]),
 (11, [848, 19, 0, -2, 0, 1300, 1714, 0, 0, 0, 3, 0, 0, 0, 2]),
 (11, [848, 19, 0, -2, 0, 1300, 1714, 0, 0, 0, 3, 0, 0, 0, 2]),
 (11, [848, 19, 0, -2, 0, 1300, 1714, 0, 0, 0, 3, 1, 0, 0, 2]),
 (11, [848, 19, 0, -2, 0, 1300, 1714, 0, 0, 0, 3, 0, 0, 0, 2]),
 (11, [848, 19, -1, -1, -1, 1300, 1715, 0, 0, 0, 3, 0, 0, 0, 2]),
 (11, [848, 19, -1, -1, 0, 1300, 1715, 0, 0, 0, 3, 0, 0, 0, 2]),
 (11, [848, 18, -1, -1, 0, 1300, 1715, 0, 0, 0, 3, 0, 0, 0, 2]),
 (11, [848, 19, -1, -1, 0, 1300, 1715, 0, 0, 0, 3, 0, 0, 0, 2]),
 (11, [848, 19, -1, -1, 0, 1300, 1715, 0, 0, 0, 3, 0, 0, 0, 2]),
 (11, [848, 19, -1, -1, 0, 1300, 1715, 0, 1, 0, 3, 0, 0, 0, 2]),
 (11, [848, 19, -1, -1, 0, 1300, 1715, 0, 0, 0, 3, 0, 0, 0, 2]),
 (11, [847, 19, -1, -1, 0, 1300, 1715, 0, 0, 0, 3, 0, 0, 0, 2]),
 (11, [848, 19, -1, -1, 0, 1300, 1714, 0, 0, 0, 3, 0, 0, 0, 2]),
 (11, [848, 19, -1, -1, 0, 1300, 1715, 0, 0, 0, 3, 0, 0, 0, 2]),
 (11, [849, 19, -1, -1, 0, 1300, 1715, 0, 0, 0, 3, 0, 0, 0, 2]),
 (11, [848, 19, -1, -1, 0, 1300, 1715, 0, 0, 0, 3, 0, 0, 0, 2]),
 (11, [848, 19, -1, -1, 0, 1300, 1715, 0, 0, 0, 3, 0, 0, 0, 2]),
 (11, [848, 19, -1, -1, 0, 1300, 1715, 0, 0, 1, 3, 0, 0, 0, 2]),
 (11, [848, 19, -1, -1, 0, 1300, 1715, 0, 0, 0, 3, 0, 0, 0, 2]),
 (11, [848, 19, -1, -1, 0, 1300, 1715, 0, 0, 0, 3, 0, 0, 0, 2]),
 (11, [848, 19, -1, -1, 0, 1300, 1714, 0, 0, 0, 3, 0, 0, 0, 2]),
 (11, [848, 19, -1, -1, 0, 1300, 1714, 0, 0, 0, 3, 0, 0, 0, 2]),
 (11, [848, 19, -1, -1, 0, 1300, 1714, 0, 0, 0, 3, 0, 0, 0, 2])]
Elapsed time is 4617.724192 seconds.
