genes: 15
individuals : 32
pressure: 5
mutation_chance: 0
generations: 15
crossover_type: 1
mutation_type_random: 0

Población de 32 individuos durante 15 generaciones
Población inicial:
[(999, [1833, 80, 1, 0, 0, 1097, 785, 0, 0, 3, 1, 1, 1, 2, 0]),
 (999, [1556, 35, 0, 1, 1, 857, 605, 1, 1, 3, 2, 0, 0, 0, 2]),
 (999, [1430, 100, 1, 1, 0, 1728, 1826, 0, 0, 3, 3, 1, 1, 2, 0]),
 (999, [1288, 54, 1, 0, 0, 758, 752, 1, 1, 2, 5, 0, 0, 0, 2]),
 (999, [1182, 68, 0, 0, 0, 1538, 1280, 0, 1, 3, 4, 0, 1, 0, 1]),
 (999, [921, 43, 0, 0, 1, 1577, 1098, 0, 1, 3, 1, 1, 1, 0, 1]),
 (999, [789, 76, 1, 0, 1, 1594, 1208, 1, 1, 2, 5, 0, 1, 2, 0]),
 (999, [705, 69, 1, 0, 1, 1521, 717, 0, 0, 2, 5, 0, 1, 1, 0]),
 (999, [674, 63, 1, 1, 1, 513, 647, 0, 0, 3, 5, 1, 1, 2, 2]),
 (999, [674, 32, 1, 0, 0, 618, 1804, 1, 0, 3, 3, 0, 2, 2, 1]),
 (999, [640, 64, 1, 0, 0, 1133, 1920, 0, 0, 3, 4, 0, 1, 0, 2]),
 (999, [547, 25, 1, 1, 0, 1251, 1737, 0, 0, 3, 2, 0, 2, 1, 0]),
 (999, [529, 35, 1, 1, 1, 1452, 832, 1, 0, 3, 0, 1, 2, 1, 0]),
 (16, [1990, 60, 0, 1, 0, 1745, 858, 0, 0, 1, 4, 0, 1, 0, 2]),
 (16, [1828, 83, 0, 0, 0, 1766, 1763, 1, 1, 2, 2, 1, 2, 1, 2]),
 (16, [1587, 86, 0, 0, 0, 680, 1183, 1, 0, 0, 4, 1, 0, 1, 1]),
 (13, [1074, 78, 1, 0, 0, 1396, 1353, 0, 1, 0, 4, 1, 2, 0, 2]),
 (12, [2005, 104, 0, 0, 0, 1733, 600, 0, 1, 1, 2, 1, 1, 2, 2]),
 (12, [1945, 29, 1, 1, 1, 1069, 623, 0, 0, 0, 4, 1, 0, 2, 0]),
 (12, [1920, 19, 1, 0, 0, 1559, 826, 0, 0, 0, 1, 0, 0, 1, 0]),
 (12, [1894, 119, 1, 0, 1, 1224, 2040, 0, 0, 1, 1, 0, 1, 1, 0]),
 (12, [1699, 19, 0, 1, 1, 1495, 1733, 1, 1, 1, 3, 1, 0, 0, 2]),
 (12, [1660, 28, 1, 0, 0, 933, 568, 0, 0, 0, 0, 0, 1, 1, 1]),
 (12, [1481, 114, 1, 0, 0, 1282, 2040, 0, 0, 0, 3, 0, 0, 0, 0]),
 (12, [1441, 118, 1, 0, 0, 1358, 804, 0, 0, 1, 2, 0, 1, 0, 2]),
 (12, [1368, 83, 0, 0, 1, 562, 886, 1, 1, 0, 2, 1, 2, 2, 1]),
 (12, [1334, 51, 0, 1, 1, 875, 1513, 0, 1, 2, 4, 1, 2, 1, 1]),
 (12, [1284, 11, 0, 1, 1, 1905, 917, 0, 0, 1, 2, 1, 0, 1, 2]),
 (12, [1058, 72, 0, 1, 1, 1909, 1190, 1, 0, 1, 2, 0, 0, 2, 0]),
 (12, [800, 65, 1, 0, 0, 1069, 1792, 1, 0, 2, 1, 1, 1, 2, 1]),
 (12, [761, 108, 0, 1, 1, 1241, 1865, 0, 0, 1, 1, 0, 0, 0, 0]),
 (12, [648, 64, 0, 1, 0, 1919, 1655, 1, 0, 1, 0, 1, 2, 1, 0])]
Población final:
[(999, [647, 64, -1, 0, -1, 1917, 1654, 1, -1, 1, 0, 1, 2, 1, 0]),
 (999, [647, 64, -1, 0, -1, 1917, 1654, 1, -1, 1, 0, 1, 2, 1, 0]),
 (999, [647, 64, -1, 0, -1, 1917, 1654, 1, -1, 1, 0, 1, 2, 1, 0]),
 (999, [646, 64, -1, 0, -1, 1917, 1654, 1, -1, 1, 0, 1, 2, 1, 0]),
 (16, [646, 64, -1, 0, 0, 1917, 1654, 2, -1, 1, 0, 1, 2, 1, 0]),
 (16, [646, 64, -1, 0, 0, 1917, 1654, 0, -1, 1, 0, 1, 2, 1, 0]),
 (16, [646, 64, -1, 0, 0, 1917, 1654, 1, -1, 1, 0, 1, 2, 1, 0]),
 (16, [646, 64, -1, 0, 0, 1917, 1654, 0, -1, 1, 0, 1, 2, 1, 0]),
 (16, [646, 64, -1, 0, 0, 1917, 1654, 1, -1, 1, 0, 1, 2, 1, -1]),
 (13, [646, 64, -1, 0, 0, 1917, 1654, 1, -1, 1, 0, 1, 2, 1, 0]),
 (13, [646, 64, -2, 0, 0, 1917, 1654, 1, -1, 1, 0, 1, 2, 1, 0]),
 (12, [647, 64, -1, 0, 0, 1917, 1654, 1, -1, 1, 0, 1, 2, 1, 0]),
 (12, [647, 64, -1, 0, -1, 1917, 1654, 1, -1, 1, 0, 1, 2, 1, 0]),
 (12, [648, 64, -1, 0, -1, 1917, 1654, 1, -1, 1, 0, 1, 2, 1, 0]),
 (12, [646, 64, -1, 0, 0, 1917, 1654, 1, -1, 1, 0, 1, 2, 1, 0]),
 (12, [646, 64, -1, 0, 0, 1917, 1654, 1, -1, 1, 0, 1, 2, 1, 0]),
 (12, [646, 64, 0, 0, 0, 1917, 1654, 1, -1, 1, 0, 1, 2, 1, 0]),
 (12, [646, 64, -1, 0, 0, 1917, 1654, 1, -1, 1, 0, 1, 2, 1, 0]),
 (12, [646, 64, -1, 0, 0, 1917, 1654, 1, -1, 1, 0, 1, 2, 1, 0]),
 (12, [646, 64, -1, 0, 0, 1917, 1654, 1, -1, 1, 0, 1, 2, 1, 0]),
 (12, [646, 64, -1, 0, 0, 1917, 1654, 1, 0, 1, 0, 1, 2, 1, 0]),
 (12, [646, 64, -1, 0, 0, 1917, 1654, 1, -1, 1, 0, 1, 2, 1, 0]),
 (12, [646, 64, -1, 0, 0, 1917, 1654, 1, -1, 1, 0, 1, 2, 1, 0]),
 (12, [646, 64, -1, 0, 0, 1917, 1654, 1, -1, 1, 0, 1, 2, 1, 0]),
 (12, [646, 64, -1, 0, 0, 1917, 1654, 1, -1, 1, 0, 1, 2, 2, 0]),
 (12, [646, 64, -1, 0, 0, 1917, 1654, 1, -1, 1, 0, 1, 2, 1, 0]),
 (12, [646, 64, -1, 0, 0, 1917, 1654, 1, -1, 1, 0, 1, 2, 1, 0]),
 (12, [646, 64, -1, 0, 0, 1917, 1654, 1, -1, 1, 0, 1, 2, 1, 0]),
 (12, [646, 64, -1, 0, 0, 1917, 1654, 1, -1, 1, 0, 1, 2, 1, 0]),
 (12, [646, 64, -1, 0, 0, 1917, 1654, 1, -1, 1, 0, 1, 2, 1, 0]),
 (12, [646, 64, -1, 0, 0, 1917, 1654, 1, -1, 1, 0, 1, 2, 1, 0]),
 (12, [646, 64, -1, 0, 0, 1917, 1654, 1, -1, 1, 0, 1, 2, 1, 0])]
Elapsed time is 6325.190860 seconds.
