genes: 15
individuals : 32
pressure: 5
mutation_chance: 0
generations: 15
crossover_type: 2
mutation_type_random: 0

Población de 32 individuos durante 15 generaciones
Población inicial:
[(999, [2028, 88, 0, 0, 0, 1328, 665, 0, 1, 3, 3, 1, 1, 1, 0]),
 (999, [1997, 54, 0, 0, 0, 822, 844, 1, 1, 0, 5, 0, 0, 2, 2]),
 (999, [1765, 117, 0, 0, 0, 1377, 1392, 1, 0, 3, 3, 0, 2, 1, 2]),
 (999, [1742, 14, 0, 1, 1, 602, 1595, 0, 0, 3, 1, 0, 1, 2, 1]),
 (999, [1311, 116, 0, 1, 1, 1048, 585, 0, 1, 3, 1, 1, 0, 1, 2]),
 (999, [1132, 120, 0, 0, 1, 832, 1547, 1, 0, 3, 0, 1, 1, 1, 2]),
 (999, [912, 106, 0, 0, 0, 1615, 1325, 0, 0, 2, 5, 0, 0, 0, 0]),
 (999, [828, 74, 0, 0, 0, 1880, 1549, 0, 0, 3, 0, 0, 1, 2, 2]),
 (999, [582, 36, 1, 0, 0, 1505, 1731, 1, 1, 3, 0, 1, 1, 0, 0]),
 (14, [2002, 62, 0, 1, 0, 1678, 1925, 1, 0, 2, 4, 1, 2, 2, 1]),
 (14, [1734, 35, 1, 0, 1, 1889, 2014, 1, 1, 0, 4, 1, 1, 2, 1]),
 (14, [1639, 97, 1, 0, 0, 1582, 761, 1, 0, 1, 4, 1, 0, 2, 2]),
 (14, [1579, 15, 1, 1, 1, 1277, 1341, 0, 0, 1, 1, 1, 1, 1, 0]),
 (14, [1485, 16, 1, 1, 0, 1740, 1947, 0, 1, 0, 3, 1, 0, 0, 0]),
 (14, [1475, 59, 1, 1, 0, 1118, 1821, 0, 1, 1, 1, 1, 0, 0, 1]),
 (14, [1059, 58, 1, 0, 1, 845, 753, 1, 1, 0, 4, 1, 1, 2, 1]),
 (14, [1044, 16, 0, 1, 0, 1310, 2043, 1, 1, 2, 4, 1, 0, 2, 0]),
 (14, [938, 97, 0, 0, 1, 664, 991, 1, 1, 1, 4, 1, 2, 2, 1]),
 (14, [877, 49, 1, 0, 0, 1835, 1212, 1, 0, 1, 4, 1, 2, 2, 2]),
 (14, [785, 76, 0, 0, 1, 1621, 946, 1, 0, 1, 4, 1, 0, 1, 2]),
 (14, [618, 120, 1, 0, 1, 1590, 940, 1, 0, 2, 2, 1, 2, 0, 1]),
 (14, [615, 22, 1, 0, 1, 1399, 1380, 0, 0, 0, 4, 1, 0, 0, 1]),
 (11, [2040, 99, 1, 1, 1, 660, 972, 0, 1, 2, 1, 0, 0, 2, 2]),
 (11, [1972, 111, 1, 0, 0, 818, 1517, 1, 0, 2, 1, 0, 1, 0, 0]),
 (11, [1925, 24, 1, 1, 1, 1829, 1810, 1, 1, 1, 3, 0, 0, 1, 2]),
 (11, [1838, 96, 0, 1, 1, 1586, 1804, 1, 1, 0, 3, 0, 0, 0, 0]),
 (11, [1800, 110, 0, 1, 1, 1677, 1405, 1, 0, 2, 1, 0, 1, 1, 0]),
 (11, [1763, 84, 0, 1, 0, 1208, 592, 0, 1, 1, 1, 0, 2, 0, 2]),
 (11, [1513, 73, 1, 0, 0, 1288, 1790, 1, 0, 2, 1, 0, 2, 2, 2]),
 (11, [1235, 31, 0, 0, 1, 709, 925, 0, 0, 0, 3, 0, 1, 2, 0]),
 (11, [767, 27, 1, 0, 1, 2039, 1555, 1, 0, 2, 0, 0, 2, 2, 2]),
 (11, [650, 69, 1, 0, 1, 1404, 574, 0, 0, 2, 4, 0, 0, 1, 2])]
Población final:
[(11, [647, 68, -1, -1, 1, 1403, 574, 0, 0, 2, 4, 0, 0, 1, 2]),
 (11, [647, 67, -1, -1, 1, 1404, 573, 0, 1, 2, 4, 0, 0, 1, 2]),
 (11, [647, 67, -1, -1, 1, 1404, 573, 0, 0, 2, 4, 0, 0, 1, 2]),
 (11, [647, 67, -1, -1, 1, 1404, 573, 0, 0, 1, 4, 0, 0, 1, 2]),
 (11, [647, 67, -1, -1, 1, 1404, 573, 0, 0, 1, 4, 0, 0, 1, 2]),
 (11, [647, 67, -1, -1, 1, 1404, 573, 0, 0, 1, 4, 0, 0, 1, 2]),
 (11, [647, 67, -1, -1, 1, 1404, 573, 0, 0, 0, 4, 0, 0, 1, 2]),
 (11, [647, 67, -1, -1, 1, 1404, 573, 0, 0, 1, 4, 0, 0, 1, 2]),
 (11, [647, 67, -1, -1, 1, 1404, 573, 0, 0, 1, 4, 0, 0, 1, 2]),
 (11, [647, 67, -1, 0, 1, 1404, 573, 0, 0, 1, 4, 0, 0, 1, 2]),
 (11, [647, 67, -1, -1, 1, 1404, 573, 0, 0, 1, 4, 0, 0, 1, 2]),
 (11, [647, 67, -1, -1, 1, 1404, 573, 0, 0, 1, 4, 0, 0, 1, 2]),
 (11, [646, 67, -1, -1, 1, 1404, 573, 0, 0, 1, 4, 0, 0, 1, 2]),
 (11, [647, 67, -1, -1, 1, 1404, 573, 0, 0, 1, 4, 0, 0, 1, 2]),
 (11, [647, 67, -1, -1, 1, 1404, 573, 0, 0, 1, 4, 1, 0, 1, 2]),
 (11, [647, 67, -1, -1, 1, 1404, 573, 0, 0, 1, 4, 0, 0, 1, 2]),
 (11, [648, 67, -1, -1, 1, 1404, 573, 0, 0, 1, 4, 0, 0, 1, 2]),
 (11, [647, 67, -1, -1, 1, 1404, 573, 0, 0, 1, 4, 0, 0, 1, 1]),
 (11, [647, 67, -1, -1, 1, 1404, 573, 0, 0, 1, 4, 0, -1, 1, 2]),
 (11, [647, 67, -1, -1, 1, 1404, 574, 0, 0, 1, 4, 0, 0, 1, 2]),
 (11, [646, 68, -1, -1, 1, 1404, 573, 1, 0, 2, 4, 0, 0, 1, 2]),
 (11, [646, 68, -1, -1, 1, 1403, 573, 0, 0, 2, 4, 0, 0, 1, 2]),
 (11, [646, 68, -1, -1, 1, 1403, 573, 0, 0, 2, 4, 0, 0, 1, 2]),
 (11, [646, 68, -1, -1, 1, 1403, 573, 0, 0, 1, 4, 0, 0, 1, 2]),
 (11, [646, 68, -1, -1, 1, 1403, 573, 0, 0, 1, 4, 0, 0, 1, 2]),
 (11, [646, 67, -1, -1, 1, 1404, 573, 0, 0, 2, 3, 0, 0, 1, 2]),
 (11, [646, 67, -1, -1, 2, 1404, 573, 0, 0, 2, 4, 0, 0, 1, 2]),
 (11, [646, 67, -1, -1, 1, 1404, 573, 0, 0, 2, 4, 0, 0, 1, 2]),
 (11, [646, 67, -1, -1, 1, 1404, 573, 0, 0, 2, 4, 0, 0, 1, 2]),
 (11, [646, 67, -1, -1, 1, 1404, 573, 0, 0, 2, 4, 0, 0, 1, 2]),
 (11, [646, 67, -1, -1, 1, 1404, 573, 0, 0, 2, 4, 0, 0, 1, 2]),
 (11, [646, 67, -1, -1, 1, 1404, 573, 0, 0, 1, 4, 0, 0, 1, 2])]
Elapsed time is 4951.142613 seconds.
