genes: 13
individuals : 32
pressure: 5
mutation_chance: 0
generations: 15
crossover_type: 2
mutation_type_random: 1

Población de 32 individuos durante 15 generaciones
Población inicial:
[(999, [1965, 82, 0, 0, 0, 1859, 750, 1, 1, 1, 4, 1, 1]),
 (999, [1944, 64, 1, 0, 1, 516, 1807, 0, 1, 3, 3, 1, 2]),
 (999, [1735, 99, 0, 1, 0, 1649, 1100, 1, 0, 3, 0, 0, 0]),
 (999, [1685, 88, 0, 1, 0, 1269, 1349, 1, 1, 3, 4, 1, 2]),
 (999, [1586, 75, 1, 0, 1, 2037, 1613, 1, 1, 3, 2, 1, 1]),
 (999, [1575, 59, 1, 0, 1, 1704, 1519, 1, 1, 3, 4, 0, 0]),
 (999, [1497, 113, 0, 0, 0, 1128, 1401, 0, 0, 1, 3, 1, 2]),
 (999, [1361, 66, 0, 0, 0, 1084, 1899, 1, 0, 1, 3, 0, 2]),
 (999, [1294, 16, 0, 1, 0, 890, 1687, 0, 1, 1, 0, 1, 0]),
 (999, [1272, 64, 0, 1, 1, 1068, 622, 0, 0, 3, 0, 0, 0]),
 (999, [1214, 15, 0, 1, 0, 1488, 807, 0, 0, 3, 4, 1, 1]),
 (999, [1201, 51, 1, 1, 1, 1316, 1269, 1, 1, 3, 5, 1, 0]),
 (999, [1142, 42, 0, 1, 1, 1086, 764, 0, 1, 1, 1, 0, 0]),
 (999, [1139, 94, 1, 0, 0, 1771, 1120, 1, 1, 3, 5, 0, 0]),
 (999, [915, 72, 0, 0, 1, 863, 1728, 1, 0, 1, 3, 1, 1]),
 (999, [881, 39, 1, 0, 0, 613, 1237, 0, 1, 2, 5, 0, 2]),
 (999, [864, 115, 1, 1, 0, 736, 1463, 1, 0, 0, 5, 1, 2]),
 (999, [808, 109, 1, 0, 0, 1269, 669, 0, 0, 3, 2, 1, 0]),
 (999, [767, 95, 1, 1, 1, 1889, 904, 1, 0, 3, 4, 1, 2]),
 (999, [599, 93, 1, 0, 1, 656, 1388, 0, 1, 1, 0, 1, 2]),
 (4, [1856, 40, 0, 0, 1, 1242, 1945, 1, 1, 2, 4, 1, 2]),
 (4, [1820, 58, 0, 0, 0, 529, 1065, 1, 0, 2, 2, 0, 2]),
 (4, [1761, 61, 0, 1, 1, 1864, 1523, 0, 0, 0, 3, 0, 2]),
 (4, [1685, 91, 0, 1, 0, 1261, 699, 0, 0, 2, 2, 0, 2]),
 (4, [1593, 39, 1, 1, 0, 1237, 812, 0, 1, 2, 3, 1, 1]),
 (4, [1492, 119, 0, 0, 0, 1095, 965, 1, 0, 2, 3, 1, 2]),
 (4, [1276, 63, 1, 1, 0, 932, 1202, 0, 1, 0, 1, 0, 0]),
 (4, [1209, 20, 1, 0, 1, 1926, 1876, 1, 1, 2, 0, 1, 2]),
 (4, [775, 83, 1, 0, 0, 1367, 873, 0, 0, 0, 1, 1, 1]),
 (4, [761, 78, 0, 1, 0, 1422, 634, 1, 0, 2, 2, 0, 0]),
 (4, [607, 59, 0, 0, 0, 1334, 1899, 0, 1, 0, 2, 1, 2]),
 (4, [517, 67, 0, 0, 1, 1030, 701, 1, 1, 0, 2, 1, 0])]
Población final:
[(4, [517, 14, 0, 0, 0, 1030, 701, 0, 0, 0, 0, 0, 0]),
 (4, [517, 14, 0, 0, 0, 1030, 701, 0, 0, 0, 0, 0, 0]),
 (4, [1677, 14, 0, 0, 0, 1030, 701, 0, 0, 0, 0, 0, 0]),
 (4, [517, 14, 0, 0, 0, 1030, 701, 0, 1, 0, 0, 0, 0]),
 (4, [517, 14, 0, 0, 0, 1030, 701, 0, 0, 0, 0, 0, 1]),
 (4, [517, 14, 0, 0, 0, 1030, 701, 0, 0, 0, 0, 0, 0]),
 (4, [517, 14, 1, 0, 0, 1030, 701, 0, 0, 0, 0, 0, 0]),
 (4, [517, 112, 0, 0, 0, 1030, 701, 0, 0, 0, 0, 0, 0]),
 (4, [517, 14, 0, 0, 0, 1301, 701, 0, 0, 0, 0, 0, 0]),
 (4, [517, 14, 0, 0, 0, 1030, 701, 0, 0, 0, 0, 0, 0]),
 (4, [517, 14, 0, 0, 0, 1030, 701, 0, 0, 0, 0, 0, 0]),
 (4, [517, 14, 1, 0, 0, 1030, 701, 0, 0, 0, 0, 0, 0]),
 (4, [517, 14, 0, 0, 1, 1030, 701, 0, 0, 0, 0, 0, 0]),
 (4, [517, 14, 0, 0, 0, 1030, 701, 1, 0, 0, 0, 0, 0]),
 (4, [517, 14, 0, 0, 0, 1030, 701, 0, 0, 0, 0, 0, 0]),
 (4, [517, 14, 0, 0, 0, 1030, 701, 0, 0, 0, 0, 0, 0]),
 (4, [517, 14, 0, 0, 1, 1030, 701, 0, 0, 0, 0, 0, 0]),
 (4, [517, 14, 0, 0, 0, 1030, 701, 0, 0, 0, 0, 0, 0]),
 (4, [517, 14, 0, 0, 0, 1030, 701, 0, 0, 0, 0, 0, 0]),
 (4, [517, 14, 0, 0, 0, 1030, 701, 0, 0, 0, 0, 0, 0]),
 (4, [517, 14, 0, 0, 0, 1030, 701, 0, 0, 0, 0, 0, 0]),
 (4, [517, 14, 0, 0, 0, 1030, 701, 0, 1, 0, 0, 0, 0]),
 (4, [517, 14, 0, 0, 0, 1030, 1522, 0, 0, 0, 0, 0, 0]),
 (4, [517, 14, 0, 0, 0, 1030, 701, 0, 0, 0, 0, 0, 0]),
 (4, [517, 14, 0, 0, 0, 1030, 701, 0, 0, 0, 0, 0, 0]),
 (4, [660, 14, 0, 0, 0, 1030, 701, 0, 0, 0, 0, 0, 0]),
 (4, [517, 14, 0, 0, 0, 1030, 701, 0, 0, 0, 0, 0, 0]),
 (4, [517, 14, 0, 0, 0, 1030, 701, 0, 0, 0, 0, 0, 0]),
 (4, [517, 14, 0, 0, 0, 1030, 701, 0, 0, 0, 0, 0, 0]),
 (4, [517, 14, 0, 0, 0, 1030, 701, 0, 0, 0, 0, 0, 0]),
 (4, [517, 14, 0, 0, 0, 1030, 701, 0, 0, 0, 0, 0, 0]),
 (4, [517, 14, 0, 0, 0, 1030, 701, 0, 0, 0, 0, 0, 0])]
Elapsed time is 6321.581245 seconds.
