genes: 15
individuals : 16
pressure: 5
mutation_chance: 0
generations: 15
crossover_type: 1
mutation_type_random: 1
Población de 16 individuos durante 15 generaciones
Población inicial:
[(999, [1871, 107, 0, 0, 1, 710, 1096, 0, 0, 3, 1, 1, 2, 0, 1]),
 (999, [1674, 28, 1, 0, 1, 1333, 1540, 0, 0, 3, 1, 0, 2, 1, 1]),
 (999, [1662, 39, 1, 0, 0, 1170, 745, 1, 1, 3, 3, 1, 2, 2, 1]),
 (999, [1630, 74, 0, 1, 1, 2014, 1027, 1, 0, 2, 5, 1, 0, 2, 1]),
 (999, [1419, 71, 1, 1, 1, 1810, 1573, 0, 1, 3, 1, 0, 1, 1, 0]),
 (999, [573, 50, 0, 1, 0, 872, 599, 1, 1, 2, 5, 1, 2, 0, 0]),
 (14, [1392, 89, 0, 1, 0, 839, 1319, 0, 1, 0, 2, 1, 1, 0, 1]),
 (14, [1309, 103, 1, 1, 0, 761, 791, 1, 0, 1, 4, 1, 0, 0, 0]),
 (14, [1267, 92, 0, 0, 1, 521, 1477, 0, 0, 1, 1, 1, 1, 0, 2]),
 (11, [1944, 92, 0, 0, 0, 2018, 1480, 0, 0, 0, 4, 0, 0, 1, 0]),
 (11, [1760, 45, 0, 0, 1, 541, 972, 1, 1, 1, 2, 0, 2, 1, 1]),
 (11, [1513, 56, 1, 0, 0, 1352, 1364, 1, 0, 2, 3, 0, 1, 2, 0]),
 (11, [1185, 51, 1, 0, 1, 2004, 1763, 1, 1, 2, 3, 0, 0, 0, 1]),
 (11, [1181, 50, 0, 1, 1, 937, 1299, 1, 1, 1, 3, 0, 2, 2, 1]),
 (11, [1164, 29, 1, 0, 1, 1641, 1904, 0, 0, 2, 0, 0, 0, 0, 2]),
 (11, [761, 24, 1, 1, 1, 647, 1881, 0, 0, 1, 4, 0, 0, 1, 1])]
Población final:
[(11, [761, 15, 0, 0, 0, 647, 754, 0, 1, 0, 3, 0, 1, 2, 0]),
 (11, [761, 15, 0, 0, 0, 647, 754, 0, 0, 0, 3, 0, 1, 2, 0]),
 (11, [761, 15, 0, 0, 0, 647, 754, 0, 0, 0, 3, 0, 1, 2, 0]),
 (11, [761, 15, 0, 0, 0, 647, 754, 0, 0, 0, 3, 0, 1, 2, 0]),
 (11, [761, 15, 0, 0, 0, 647, 754, 0, 0, 0, 3, 0, 1, 2, 0]),
 (11, [761, 15, 0, 0, 0, 647, 754, 0, 0, 0, 3, 0, 1, 2, 0]),
 (11, [761, 15, 0, 0, 0, 647, 754, 0, 0, 0, 3, 0, 1, 2, 0]),
 (11, [761, 15, 0, 0, 0, 647, 754, 0, 0, 0, 3, 0, 1, 2, 0]),
 (11, [761, 15, 0, 1, 0, 647, 754, 0, 0, 0, 3, 0, 1, 2, 0]),
 (11, [761, 15, 0, 0, 0, 647, 754, 0, 0, 0, 3, 0, 1, 2, 0]),
 (11, [761, 15, 0, 0, 0, 647, 754, 0, 0, 0, 3, 0, 1, 2, 0]),
 (11, [761, 15, 0, 0, 0, 647, 754, 0, 0, 0, 3, 0, 1, 2, 0]),
 (11, [761, 15, 0, 0, 0, 647, 754, 0, 0, 0, 3, 0, 0, 2, 0]),
 (11, [761, 15, 0, 0, 0, 647, 754, 0, 0, 0, 3, 0, 0, 2, 0]),
 (11, [761, 15, 0, 0, 0, 647, 754, 0, 0, 0, 3, 0, 0, 2, 0]),
 (11, [761, 15, 0, 0, 0, 647, 754, 0, 0, 0, 3, 0, 0, 2, 0])]
Elapsed time is 2019.375235 seconds.
