genes: 15
individuals : 32
pressure: 5
mutation_chance: 0
generations: 15
crossover_type: 2
mutation_type_random: 0Población de 32 individuos durante 15 generaciones
Población inicial:
[(999, [1824, 80, 0, 1, 0, 587, 810, 1, 0, 3, 4, 1, 1, 1, 0]),
 (999, [1822, 25, 1, 1, 0, 1873, 804, 0, 1, 3, 5, 1, 1, 1, 1]),
 (999, [1802, 96, 0, 1, 0, 1625, 870, 1, 1, 3, 1, 1, 0, 1, 1]),
 (999, [1481, 37, 0, 0, 1, 1239, 984, 0, 0, 0, 5, 1, 2, 2, 1]),
 (999, [1387, 67, 0, 0, 1, 1623, 1002, 0, 1, 3, 5, 0, 2, 0, 2]),
 (999, [1369, 64, 0, 1, 0, 683, 619, 0, 0, 2, 5, 0, 2, 2, 2]),
 (999, [1179, 58, 1, 1, 1, 534, 542, 0, 1, 3, 2, 0, 0, 0, 1]),
 (999, [1141, 69, 0, 0, 0, 1189, 1021, 0, 0, 3, 0, 1, 1, 2, 1]),
 (999, [859, 108, 1, 1, 1, 1179, 1496, 0, 0, 3, 2, 1, 0, 2, 0]),
 (999, [839, 28, 0, 1, 0, 1814, 1218, 1, 0, 0, 5, 0, 1, 2, 0]),
 (999, [837, 110, 0, 1, 0, 1209, 832, 1, 0, 3, 0, 0, 2, 2, 0]),
 (999, [703, 23, 0, 1, 1, 1288, 862, 1, 0, 3, 4, 0, 1, 0, 1]),
 (14, [2009, 109, 0, 1, 1, 513, 1657, 0, 1, 2, 4, 1, 2, 1, 0]),
 (14, [1913, 49, 0, 0, 1, 876, 1692, 1, 0, 0, 4, 1, 2, 2, 2]),
 (14, [1906, 111, 0, 0, 0, 722, 1817, 1, 1, 1, 3, 1, 2, 1, 1]),
 (14, [1881, 68, 0, 0, 0, 796, 1591, 0, 0, 0, 3, 1, 1, 1, 2]),
 (14, [1182, 120, 0, 1, 0, 1000, 1192, 0, 0, 2, 2, 1, 2, 1, 1]),
 (14, [954, 46, 1, 0, 1, 1922, 1184, 0, 0, 2, 1, 1, 1, 1, 2]),
 (14, [912, 100, 0, 0, 1, 1606, 585, 0, 0, 1, 2, 1, 2, 2, 1]),
 (14, [871, 15, 1, 1, 1, 1765, 826, 1, 1, 2, 2, 1, 2, 1, 2]),
 (14, [813, 76, 0, 1, 1, 1561, 800, 1, 1, 0, 2, 1, 0, 2, 0]),
 (14, [765, 80, 1, 1, 0, 1655, 1515, 1, 0, 1, 4, 1, 2, 0, 2]),
 (14, [741, 103, 0, 0, 0, 1347, 720, 0, 0, 2, 1, 1, 0, 2, 2]),
 (14, [695, 19, 1, 0, 0, 789, 1676, 0, 1, 2, 0, 1, 0, 2, 1]),
 (11, [1550, 64, 1, 1, 0, 621, 1823, 1, 1, 1, 4, 0, 2, 0, 1]),
 (11, [1377, 107, 0, 0, 1, 1944, 835, 0, 0, 0, 4, 0, 2, 2, 1]),
 (11, [1367, 86, 0, 1, 1, 1906, 888, 1, 1, 0, 1, 0, 1, 2, 2]),
 (11, [1277, 34, 1, 1, 1, 527, 1713, 1, 1, 0, 1, 0, 2, 0, 1]),
 (11, [1229, 32, 0, 1, 1, 1238, 1549, 0, 0, 2, 2, 0, 2, 1, 2]),
 (11, [1085, 72, 0, 0, 0, 800, 1668, 1, 1, 2, 2, 0, 2, 0, 2]),
 (11, [1083, 110, 1, 1, 0, 691, 1579, 0, 1, 0, 2, 0, 2, 0, 1]),
 (11, [763, 94, 0, 1, 0, 1808, 1729, 0, 0, 0, 4, 0, 2, 1, 1])]
Población final:
[(11, [760, 93, -2, 0, 0, 800, 1668, 0, 1, 0, 2, 0, 2, 0, 1]),
 (11, [760, 93, -2, 0, 0, 801, 1668, 0, 1, 0, 1, 0, 2, 0, 1]),
 (11, [760, 93, -2, 0, 0, 801, 1668, 0, 1, -1, 2, 0, 2, 0, 1]),
 (11, [760, 93, -2, 0, 0, 801, 1668, 0, 0, 0, 2, 0, 2, 0, 1]),
 (11, [760, 93, -2, 0, 0, 801, 1668, 0, 1, 0, 2, 0, 2, 0, 1]),
 (11, [760, 93, -2, 0, 0, 801, 1668, 0, 1, 0, 1, 0, 2, 0, 1]),
 (11, [760, 93, -2, 0, 0, 801, 1668, 0, 1, -1, 2, 0, 2, 0, 1]),
 (11, [760, 93, -2, 0, 0, 801, 1668, 0, 1, 0, 2, 0, 2, 0, 1]),
 (11, [760, 93, -2, 0, 0, 801, 1668, 0, 1, 0, 2, 0, 2, 0, 1]),
 (11, [760, 93, -2, 0, 0, 801, 1668, 0, 1, 0, 2, 0, 2, 0, 1]),
 (11, [760, 93, -2, 0, 0, 801, 1668, 0, 1, 0, 2, 0, 2, 0, 1]),
 (11, [760, 93, -2, 0, 0, 801, 1668, 0, 1, 0, 2, 0, 2, 0, 1]),
 (11, [760, 93, -2, 0, 1, 801, 1668, 0, 1, 0, 2, 0, 2, 0, 1]),
 (11, [760, 93, -2, 0, 0, 801, 1668, 0, 1, 0, 1, 0, 2, 0, 1]),
 (11, [760, 93, -2, 0, 0, 801, 1668, 0, 1, 0, 2, 0, 1, 0, 1]),
 (11, [760, 93, -2, 0, 0, 801, 1668, 0, 1, 0, 2, 0, 3, 0, 1]),
 (11, [760, 93, -2, 0, 0, 801, 1668, 0, 1, 0, 2, 0, 2, 0, 1]),
 (11, [760, 93, -2, 0, 0, 801, 1668, 0, 1, -1, 2, 0, 2, 0, 1]),
 (11, [760, 93, -2, 0, 0, 800, 1668, 0, 1, 0, 2, 0, 2, 0, 1]),
 (11, [760, 93, -2, 0, 0, 801, 1668, 0, 1, 0, 2, 0, 2, 0, 1]),
 (11, [760, 93, -2, 0, 0, 801, 1668, 0, 1, 0, 3, 0, 2, 0, 1]),
 (11, [760, 93, -2, 0, 0, 802, 1668, 0, 1, 0, 2, 0, 2, 0, 1]),
 (11, [760, 93, -2, 0, 0, 801, 1668, 0, 1, 0, 2, 0, 2, 0, 1]),
 (11, [760, 93, -2, 0, 0, 801, 1668, 0, 1, 0, 2, 0, 2, 0, 1]),
 (11, [760, 93, -2, 0, 0, 801, 1668, 0, 1, 0, 2, 0, 2, 0, 1]),
 (11, [760, 93, -2, 0, 0, 801, 1668, 0, 2, 0, 2, 0, 2, 0, 1]),
 (11, [760, 93, -2, 0, 0, 801, 1668, -1, 1, 0, 2, 0, 2, 0, 1]),
 (11, [760, 93, -2, 0, 0, 801, 1668, 0, 1, 0, 2, 0, 2, 0, 1]),
 (11, [760, 93, -2, 0, 0, 801, 1668, 0, 1, 0, 2, 0, 2, 0, 1]),
 (11, [760, 93, -2, 0, 0, 801, 1668, 0, 1, 0, 2, 0, 2, 0, 1]),
 (11, [760, 93, -2, 0, 0, 801, 1668, 0, 1, 0, 2, 0, 2, 0, 1]),
 (11, [760, 93, -2, 0, 0, 801, 1668, 0, 1, 0, 2, 0, 2, 0, 1])]
Elapsed time is 4891.837389 seconds.
