genes: 15
individuals : 32
pressure: 5
mutation_chance: 0
generations: 15
crossover_type: 2
mutation_type_random: 0

Población de 32 individuos durante 15 generaciones
Población inicial:
[(999, [1817, 45, 0, 1, 1, 1168, 1530, 1, 0, 3, 0, 1, 0, 1, 0]),
 (999, [1804, 31, 1, 0, 1, 1192, 748, 0, 1, 3, 3, 1, 2, 0, 0]),
 (999, [1727, 51, 1, 0, 0, 828, 1207, 0, 0, 3, 4, 1, 0, 1, 1]),
 (999, [1711, 45, 1, 0, 1, 1988, 982, 1, 1, 2, 5, 0, 2, 0, 2]),
 (999, [1620, 22, 1, 0, 1, 1797, 1769, 0, 1, 3, 3, 0, 1, 2, 0]),
 (999, [1429, 95, 0, 1, 0, 1239, 532, 1, 0, 3, 5, 0, 1, 1, 1]),
 (999, [1235, 115, 0, 0, 1, 838, 1500, 1, 1, 3, 0, 1, 1, 0, 2]),
 (999, [1211, 39, 1, 0, 0, 1322, 747, 0, 0, 3, 2, 1, 1, 0, 0]),
 (999, [970, 60, 1, 1, 1, 532, 1861, 1, 0, 3, 3, 0, 0, 1, 1]),
 (999, [844, 90, 0, 1, 0, 1800, 1118, 0, 1, 3, 2, 1, 1, 0, 1]),
 (999, [834, 39, 0, 1, 1, 845, 1066, 1, 1, 3, 4, 0, 1, 0, 2]),
 (999, [671, 13, 0, 0, 1, 732, 560, 1, 1, 3, 5, 1, 2, 1, 2]),
 (999, [649, 19, 0, 0, 1, 1872, 977, 1, 0, 3, 4, 0, 0, 2, 1]),
 (14, [1925, 87, 1, 1, 0, 1906, 1107, 1, 0, 0, 4, 1, 2, 0, 1]),
 (14, [1748, 92, 0, 0, 0, 1609, 1680, 0, 1, 1, 3, 1, 1, 0, 2]),
 (14, [1566, 67, 1, 1, 1, 1124, 2019, 1, 0, 1, 1, 1, 2, 0, 0]),
 (14, [1521, 37, 0, 0, 1, 704, 945, 1, 1, 0, 4, 1, 2, 1, 2]),
 (14, [1320, 68, 0, 1, 0, 1046, 1580, 0, 0, 1, 2, 1, 2, 2, 2]),
 (14, [1001, 61, 1, 1, 1, 1585, 1004, 0, 0, 2, 3, 1, 1, 0, 1]),
 (14, [659, 20, 1, 0, 1, 1831, 561, 0, 0, 2, 0, 1, 2, 1, 2]),
 (11, [1627, 23, 0, 1, 1, 539, 1383, 1, 0, 1, 4, 0, 1, 2, 2]),
 (11, [1511, 45, 0, 0, 1, 527, 1089, 0, 0, 1, 3, 0, 1, 0, 2]),
 (11, [1401, 96, 1, 1, 0, 1776, 591, 1, 0, 1, 3, 0, 0, 2, 1]),
 (11, [1359, 74, 0, 0, 0, 1828, 1547, 1, 1, 0, 2, 0, 0, 2, 1]),
 (11, [1296, 20, 1, 0, 1, 1639, 2032, 1, 1, 1, 2, 0, 0, 1, 2]),
 (11, [1213, 10, 0, 0, 1, 1047, 826, 0, 0, 2, 1, 0, 1, 1, 0]),
 (11, [1049, 91, 1, 1, 0, 1303, 1540, 0, 0, 1, 3, 0, 2, 0, 1]),
 (11, [996, 11, 1, 1, 0, 1661, 1594, 1, 0, 0, 0, 0, 1, 0, 2]),
 (11, [971, 46, 0, 1, 0, 1697, 1931, 1, 0, 1, 4, 0, 1, 2, 0]),
 (11, [701, 95, 0, 0, 0, 942, 1626, 1, 1, 2, 0, 0, 2, 2, 2]),
 (11, [695, 58, 1, 0, 0, 1202, 2035, 1, 1, 0, 4, 0, 0, 0, 1]),
 (11, [619, 96, 0, 1, 0, 1587, 1161, 0, 0, 0, 3, 0, 2, 0, 1])]
Población final:
[(999, [617, 95, -1, 1, 0, 1695, 1929, 1, 0, -1, 3, 0, 2, 0, 1]),
 (999, [617, 95, -1, 1, 0, 1695, 1929, 1, 0, -1, 3, 0, 2, 0, 0]),
 (999, [617, 95, -1, 1, -1, 1695, 1929, 1, 0, 0, 3, 0, 2, 0, 1]),
 (999, [617, 95, -1, 1, -1, 1695, 1929, 1, 0, 0, 2, 0, 2, 0, 1]),
 (999, [617, 95, -1, 1, -1, 1695, 1929, 1, 0, 0, 3, 0, 2, 0, 1]),
 (999, [617, 95, -1, 1, -1, 1695, 1929, 1, -1, 0, 3, 0, 2, 0, 1]),
 (999, [617, 95, -1, 1, -1, 1695, 1929, 1, 0, 0, 3, 0, 2, 0, 1]),
 (999, [617, 95, -1, 1, -1, 1695, 1929, 1, 0, -1, 4, 0, 2, 0, 1]),
 (999, [617, 95, -1, 0, 0, 1695, 1929, 1, 0, -1, 3, 0, 2, 0, 2]),
 (999, [617, 95, -1, 0, 0, 1695, 1929, 1, 1, -1, 3, 0, 2, 0, 1]),
 (999, [616, 95, -1, 1, 0, 1695, 1929, 1, 0, -1, 3, 0, 2, 0, 1]),
 (11, [617, 95, -1, 1, 0, 1695, 1929, 1, 0, 0, 3, 0, 2, 0, 1]),
 (11, [617, 95, -1, 1, 0, 1695, 1929, 1, 0, 0, 3, 0, 2, 0, 2]),
 (11, [617, 95, -1, 1, 0, 1695, 1929, 1, 0, 0, 3, 0, 2, 0, 1]),
 (11, [617, 95, -1, 1, 0, 1694, 1929, 1, 0, 0, 3, 0, 2, 0, 1]),
 (11, [617, 95, -1, 1, 0, 1695, 1929, 1, 0, 0, 3, 0, 2, 0, 1]),
 (11, [617, 95, -1, 1, 0, 1695, 1929, 1, 0, 0, 3, 0, 2, 0, 1]),
 (11, [617, 95, -1, 1, 0, 1695, 1929, 1, 0, 0, 2, 0, 2, 0, 1]),
 (11, [617, 95, -1, 1, 0, 1695, 1929, 1, 0, 0, 3, 0, 2, 0, 1]),
 (11, [618, 95, -1, 1, 0, 1695, 1929, 1, 0, 0, 3, 0, 2, 0, 1]),
 (11, [617, 95, -1, 1, 0, 1695, 1929, 1, 0, 0, 3, 0, 2, 0, 1]),
 (11, [617, 95, -1, 1, 0, 1695, 1929, 1, 0, -1, 3, 0, 2, 0, 1]),
 (11, [617, 95, -1, 1, -1, 1695, 1929, 1, 0, 0, 3, 0, 2, 0, 1]),
 (11, [617, 95, -1, 0, 0, 1695, 1929, 1, 0, 0, 3, 0, 2, 0, 1]),
 (11, [617, 95, -1, 0, 0, 1695, 1929, 1, 0, 0, 3, 0, 2, 0, 1]),
 (11, [617, 95, -1, 0, 0, 1695, 1929, 1, 0, 0, 3, 0, 2, 1, 1]),
 (11, [617, 95, -1, 0, 0, 1695, 1929, 1, 0, 0, 3, 0, 2, 0, 1]),
 (11, [617, 95, -1, 0, 0, 1695, 1929, 1, 0, 0, 3, 0, 2, 0, 1]),
 (11, [616, 95, -1, 1, 0, 1695, 1929, 1, 0, 0, 3, 0, 2, 0, 1]),
 (11, [616, 95, -1, 1, 0, 1695, 1929, 1, 0, 0, 3, 0, 2, 0, 1]),
 (11, [616, 95, -1, 1, 0, 1695, 1929, 1, 0, 0, 3, 0, 2, 0, 1]),
 (11, [616, 95, -1, 1, 0, 1695, 1929, 1, 0, 0, 3, 0, 2, 0, 1])]
Elapsed time is 4518.848553 seconds.
