genes: 15
individuals : 32
pressure: 5
mutation_chance: 0
generations: 15
crossover_type: 1
mutation_type_random: 0
Población de 32 individuos durante 15 generaciones
Población inicial:
[(999, [1907, 115, 0, 1, 0, 978, 1593, 0, 1, 2, 5, 1, 0, 2, 2]),
 (999, [1366, 31, 1, 0, 0, 911, 1196, 1, 0, 3, 2, 1, 2, 1, 0]),
 (999, [1168, 97, 0, 0, 1, 1033, 1217, 1, 0, 3, 1, 1, 2, 0, 0]),
 (999, [1027, 57, 1, 0, 1, 1616, 626, 0, 1, 3, 0, 1, 1, 2, 0]),
 (999, [963, 116, 1, 0, 1, 1932, 1503, 1, 1, 3, 5, 0, 1, 2, 1]),
 (999, [924, 75, 1, 1, 1, 1833, 1604, 1, 0, 3, 3, 0, 0, 2, 2]),
 (999, [731, 72, 1, 1, 0, 846, 650, 1, 1, 2, 5, 1, 1, 2, 1]),
 (999, [729, 106, 1, 0, 0, 1502, 2017, 1, 0, 3, 3, 0, 1, 0, 2]),
 (999, [706, 12, 0, 1, 1, 2011, 1907, 1, 1, 3, 2, 1, 1, 2, 2]),
 (999, [674, 48, 1, 0, 1, 882, 717, 0, 0, 3, 5, 1, 0, 0, 1]),
 (999, [610, 10, 1, 0, 1, 1543, 1161, 1, 1, 1, 5, 0, 0, 1, 1]),
 (999, [575, 112, 0, 0, 1, 1573, 1089, 1, 1, 3, 0, 1, 1, 1, 0]),
 (14, [1633, 67, 0, 0, 1, 1730, 1647, 0, 0, 1, 0, 1, 1, 0, 2]),
 (14, [1630, 39, 1, 0, 0, 1683, 1855, 1, 1, 0, 1, 1, 1, 0, 1]),
 (14, [1575, 109, 0, 0, 1, 615, 1872, 0, 0, 0, 0, 1, 0, 1, 1]),
 (14, [1487, 10, 0, 1, 1, 1042, 1457, 1, 0, 1, 4, 1, 0, 1, 0]),
 (14, [1443, 85, 0, 1, 0, 1722, 708, 0, 1, 1, 4, 1, 1, 1, 2]),
 (14, [1406, 40, 0, 0, 1, 938, 1699, 1, 0, 1, 3, 1, 2, 0, 0]),
 (14, [1201, 46, 0, 0, 0, 1546, 529, 0, 1, 0, 4, 1, 2, 1, 0]),
 (14, [1167, 118, 0, 0, 1, 1036, 1035, 0, 0, 2, 1, 1, 1, 1, 2]),
 (14, [1131, 106, 1, 1, 1, 1900, 744, 0, 0, 1, 0, 1, 0, 0, 1]),
 (14, [897, 65, 1, 1, 1, 1627, 601, 0, 1, 2, 2, 1, 1, 2, 0]),
 (14, [834, 16, 1, 0, 0, 1707, 1939, 1, 1, 2, 1, 1, 2, 1, 0]),
 (11, [1835, 34, 1, 0, 0, 930, 989, 0, 0, 0, 0, 0, 1, 2, 1]),
 (11, [1712, 89, 0, 0, 1, 1887, 1217, 1, 1, 1, 1, 0, 2, 1, 2]),
 (11, [1600, 77, 1, 0, 1, 1044, 1415, 0, 0, 0, 2, 0, 1, 2, 2]),
 (11, [1395, 59, 1, 0, 0, 1672, 827, 1, 1, 2, 2, 0, 1, 0, 1]),
 (11, [1331, 72, 1, 1, 0, 1459, 857, 0, 0, 1, 3, 0, 2, 2, 0]),
 (11, [1155, 65, 0, 1, 0, 1919, 1987, 1, 1, 0, 0, 0, 2, 2, 0]),
 (11, [1074, 65, 0, 0, 0, 1341, 1915, 1, 0, 2, 0, 0, 1, 0, 2]),
 (11, [786, 24, 0, 1, 1, 1461, 757, 1, 1, 1, 2, 0, 0, 1, 0]),
 (11, [696, 26, 1, 0, 0, 704, 1922, 1, 1, 0, 0, 0, 2, 1, 1])]
Población final:
[(11, [694, 25, 1, 0, 0, 703, 1922, 1, 0, 0, 0, 0, 1, 0, 2]),
 (11, [694, 24, 1, 0, 0, 703, 1922, 1, 0, 0, 0, 0, 1, 0, 2]),
 (11, [694, 24, 1, 0, 0, 703, 1922, 1, 0, 0, 0, 0, 1, 0, 2]),
 (11, [694, 24, 1, 0, 0, 703, 1922, 1, 0, 0, 0, 0, 1, 0, 2]),
 (11, [694, 24, 1, 0, 0, 703, 1922, 1, 0, 0, 0, 0, 1, 0, 2]),
 (11, [694, 24, 1, 0, 0, 703, 1922, 1, 0, 0, 0, -1, 1, 0, 2]),
 (11, [694, 24, 1, 0, 0, 703, 1922, 1, 0, 0, 0, 0, 1, 0, 2]),
 (11, [694, 24, 1, 0, 0, 703, 1922, 1, 0, 0, 0, 0, 1, 0, 2]),
 (11, [694, 24, 1, 0, 0, 703, 1922, 1, 0, 0, 0, 0, 1, 0, 2]),
 (11, [694, 24, 1, 0, 0, 703, 1922, 1, 0, 0, 0, 0, 1, 0, 2]),
 (11, [694, 24, 1, 0, 0, 703, 1922, 1, 0, 0, 0, 0, 1, 0, 2]),
 (11, [694, 24, 1, 0, 0, 703, 1922, 1, 0, 0, 0, 0, 1, -1, 2]),
 (11, [694, 24, 1, 0, 0, 703, 1922, 1, 0, 1, 0, 0, 1, 0, 2]),
 (11, [694, 24, 1, 0, 0, 703, 1922, 1, 0, 0, 0, 0, 1, 0, 2]),
 (11, [694, 24, 1, 0, 0, 703, 1922, 1, 0, 0, 0, 0, 1, 0, 2]),
 (11, [694, 24, 1, 0, 0, 703, 1922, 1, 0, 0, 0, 0, 1, 0, 2]),
 (11, [694, 24, 1, 0, 0, 703, 1922, 1, 0, 0, 0, 0, 1, 0, 2]),
 (11, [694, 24, 1, 0, 0, 703, 1922, 1, 0, 0, 0, 0, 1, 0, 2]),
 (11, [694, 24, 1, 0, 0, 703, 1923, 1, 0, 0, 0, 0, 1, 0, 2]),
 (11, [694, 24, 1, 0, 0, 703, 1922, 1, 0, 0, 0, 0, 1, 0, 2]),
 (11, [694, 24, 1, 0, 0, 703, 1922, 1, 0, 0, 0, 0, 1, 0, 2]),
 (11, [694, 24, 0, 0, 0, 703, 1922, 1, 0, 0, 0, 1, 1, 0, 2]),
 (11, [694, 24, 0, 0, 0, 703, 1922, 1, 0, 0, 0, 0, 1, 0, 2]),
 (11, [694, 24, 0, 0, 0, 703, 1922, 1, 0, 0, 0, 0, 1, 1, 2]),
 (11, [694, 24, 0, 0, 0, 703, 1922, 1, -1, 0, 0, 0, 1, 0, 2]),
 (11, [694, 24, 0, 0, 0, 703, 1922, 1, 0, 0, 0, 0, 1, 0, 2]),
 (11, [694, 24, 0, 0, 0, 704, 1922, 1, 0, 0, 0, 0, 1, 0, 2]),
 (11, [693, 25, 1, 0, 0, 703, 1922, 1, 0, 0, 0, 0, 1, 0, 2]),
 (11, [693, 25, 1, 0, 0, 703, 1922, 1, 0, 0, 0, 0, 1, 0, 2]),
 (11, [693, 25, 1, 0, 0, 703, 1922, 1, 0, 0, 0, 0, 1, 0, 2]),
 (11, [693, 25, 1, 0, 0, 703, 1922, 1, 0, 0, 0, 0, 1, 0, 2]),
 (11, [693, 25, 1, 0, 0, 703, 1922, 1, 0, 0, 0, 0, 1, 0, 2])]
Elapsed time is 4307.752056 seconds.
