genes: 15
individuals : 16
pressure: 5
mutation_chance: 0
generations: 15
crossover_type: 1
mutation_type_random: 0
Población de 16 individuos durante 15 generaciones
Población inicial:
[(999, [1923, 111, 1, 1, 0, 657, 1325, 0, 0, 3, 1, 0, 1, 1, 1]),
 (999, [1669, 31, 0, 1, 0, 1143, 1870, 0, 1, 3, 1, 1, 2, 2, 0]),
 (999, [1633, 120, 0, 0, 1, 816, 1336, 1, 0, 3, 5, 0, 2, 0, 0]),
 (999, [1096, 31, 0, 0, 0, 664, 704, 1, 0, 0, 5, 1, 1, 2, 1]),
 (999, [1009, 104, 0, 1, 0, 570, 936, 1, 1, 3, 4, 1, 2, 0, 0]),
 (999, [847, 72, 0, 0, 1, 2021, 821, 0, 1, 0, 5, 1, 2, 1, 2]),
 (16, [1421, 42, 0, 0, 1, 623, 1372, 0, 1, 0, 0, 0, 2, 1, 2]),
 (16, [743, 55, 1, 1, 0, 1415, 1841, 1, 0, 1, 4, 0, 2, 2, 1]),
 (12, [1366, 57, 0, 1, 1, 1821, 976, 1, 0, 1, 0, 1, 2, 1, 0]),
 (12, [1363, 71, 1, 0, 0, 1685, 1498, 0, 1, 2, 2, 0, 0, 2, 1]),
 (12, [1307, 16, 0, 0, 0, 1398, 1677, 0, 0, 1, 4, 1, 1, 1, 0]),
 (12, [1152, 26, 0, 1, 0, 1484, 1426, 1, 1, 3, 3, 0, 1, 0, 1]),
 (12, [913, 10, 1, 0, 0, 1623, 1939, 1, 1, 1, 3, 1, 1, 0, 1]),
 (12, [828, 28, 0, 1, 0, 1109, 796, 0, 1, 1, 3, 0, 2, 0, 0]),
 (12, [676, 27, 1, 1, 0, 805, 1534, 2, 1, 1, 1, 0, 2, 0, 0]),
 (12, [586, 103, 0, 1, 0, 583, 741, 1, 1, 2, 0, 1, 2, 1, 1])]
Población final:
[(16, [585, 27, -1, 1, 0, 1484, 1426, 1, 1, 2, 3, 0, 1, -1, 1]),
 (16, [585, 27, -1, 1, 0, 1484, 1426, 1, 1, 1, 3, 0, 1, 0, 1]),
 (16, [585, 27, -1, 1, 0, 1484, 1426, 1, 1, 1, 3, 0, 1, 0, 1]),
 (16, [585, 27, -1, 1, 0, 1484, 1426, 1, 1, 1, 3, 0, 1, 0, 1]),
 (16, [585, 27, -1, 1, 0, 1484, 1426, 1, 1, 1, 3, 0, 1, 0, 1]),
 (16, [585, 27, -1, 1, 0, 1484, 1426, 0, 1, 2, 2, 0, 1, -1, 1]),
 (12, [585, 27, -1, 1, 0, 1484, 1426, 1, 0, 2, 3, 0, 1, -1, 1]),
 (12, [585, 27, -1, 1, 0, 1484, 1426, 1, 1, 3, 3, 0, 1, -1, 1]),
 (12, [585, 27, -1, 1, 0, 1484, 1426, 1, 1, 2, 3, 0, 1, -1, 1]),
 (12, [585, 27, -1, 1, 0, 1484, 1426, 1, 1, 2, 3, 0, 1, -1, 1]),
 (12, [585, 27, -1, 1, 0, 1484, 1426, 1, 1, 2, 3, 0, 1, -1, 2]),
 (12, [585, 27, -1, 1, 0, 1484, 1426, 1, 1, 1, 3, 0, 1, 0, 1]),
 (12, [585, 27, -1, 1, 0, 1484, 1426, 1, 1, 1, 3, 0, 1, 0, 1]),
 (12, [585, 27, -1, 1, 0, 1484, 1426, 1, 1, 1, 3, 0, 1, -1, 1]),
 (12, [585, 27, -1, 1, 0, 1484, 1426, 1, 1, 1, 3, 0, 1, -1, 1]),
 (12, [585, 27, -1, 1, 0, 1484, 1426, 0, 1, 2, 3, 0, 1, 0, 1])]
Elapsed time is 3167.743814 seconds.
