genes: 15
individuals : 32
pressure: 5
mutation_chance: 0
generations: 15
crossover_type: 1
mutation_type_random: 0

Población de 32 individuos durante 15 generaciones
Población inicial:
[(999, [1914, 113, 1, 1, 0, 1250, 1407, 0, 0, 0, 5, 0, 1, 0, 2]),
 (999, [1464, 114, 1, 1, 1, 1413, 1195, 1, 0, 0, 5, 1, 0, 1, 1]),
 (999, [1426, 34, 1, 1, 0, 772, 712, 1, 0, 3, 5, 1, 2, 1, 2]),
 (999, [1279, 51, 0, 1, 1, 861, 888, 0, 1, 0, 5, 0, 0, 1, 2]),
 (999, [1158, 43, 0, 1, 0, 1443, 1672, 1, 1, 3, 0, 1, 1, 1, 1]),
 (999, [1138, 119, 1, 1, 0, 1376, 742, 0, 1, 3, 4, 0, 1, 2, 1]),
 (999, [1033, 43, 1, 1, 1, 1953, 821, 1, 1, 1, 5, 1, 1, 2, 0]),
 (999, [1014, 31, 1, 0, 1, 525, 1405, 1, 1, 3, 4, 0, 2, 1, 1]),
 (999, [1002, 19, 0, 0, 0, 564, 1589, 0, 0, 1, 5, 1, 0, 0, 1]),
 (999, [980, 76, 0, 1, 1, 1244, 1283, 1, 1, 3, 0, 0, 2, 0, 0]),
 (999, [646, 73, 1, 1, 1, 1103, 986, 0, 0, 3, 0, 0, 2, 0, 1]),
 (999, [581, 16, 1, 0, 0, 1737, 873, 0, 1, 3, 5, 0, 1, 0, 0]),
 (14, [1936, 76, 0, 0, 1, 659, 745, 0, 1, 0, 3, 1, 0, 0, 2]),
 (14, [1776, 117, 1, 1, 0, 1630, 933, 1, 1, 0, 3, 1, 1, 1, 1]),
 (14, [1733, 119, 1, 0, 0, 689, 2017, 1, 1, 1, 1, 1, 0, 0, 1]),
 (14, [1727, 104, 0, 1, 0, 939, 1587, 0, 1, 0, 1, 1, 2, 2, 0]),
 (14, [1683, 22, 1, 0, 0, 1715, 1176, 0, 0, 1, 4, 1, 1, 0, 1]),
 (14, [1250, 91, 1, 0, 0, 1583, 811, 0, 1, 1, 0, 1, 1, 1, 0]),
 (14, [1060, 36, 0, 0, 0, 652, 642, 0, 0, 1, 3, 1, 0, 1, 2]),
 (14, [1020, 67, 0, 0, 0, 704, 859, 0, 1, 0, 2, 1, 1, 0, 0]),
 (14, [928, 81, 0, 0, 0, 1366, 1870, 0, 1, 2, 0, 1, 1, 2, 0]),
 (14, [701, 80, 0, 1, 1, 1250, 1890, 1, 1, 0, 0, 1, 1, 1, 1]),
 (11, [1715, 103, 0, 1, 0, 710, 1408, 1, 1, 2, 3, 0, 0, 2, 2]),
 (11, [1703, 32, 0, 0, 0, 526, 1484, 1, 1, 2, 0, 0, 2, 2, 0]),
 (11, [1634, 46, 0, 1, 0, 1604, 1499, 0, 0, 2, 1, 0, 2, 1, 1]),
 (11, [1588, 111, 0, 1, 1, 1718, 1573, 1, 0, 0, 1, 0, 2, 2, 1]),
 (11, [1582, 95, 0, 1, 0, 1719, 1701, 0, 0, 1, 4, 0, 2, 1, 0]),
 (11, [1459, 104, 0, 1, 1, 1590, 1610, 0, 0, 2, 3, 0, 2, 0, 1]),
 (11, [985, 35, 0, 1, 0, 1849, 1699, 1, 1, 1, 2, 0, 2, 0, 0]),
 (11, [910, 52, 0, 1, 1, 1960, 1143, 0, 1, 1, 3, 0, 1, 0, 1]),
 (11, [814, 24, 0, 0, 1, 717, 515, 0, 1, 0, 3, 0, 0, 1, 2]),
 (11, [662, 117, 0, 0, 0, 947, 1710, 0, 1, 2, 3, 0, 1, 2, 2])]
Población final:
[(11, [660, 115, -1, 0, 0, 947, 1709, 0, 0, 2, 3, 0, 0, 1, 2]),
 (11, [661, 115, -1, 0, 0, 947, 1709, 0, 0, 2, 3, 0, -1, 1, 2]),
 (11, [660, 115, -1, 0, 0, 947, 1709, 0, 0, 2, 4, 0, -1, 1, 2]),
 (11, [661, 115, -1, 0, 0, 947, 1709, 0, 0, 2, 3, 0, -1, 1, 2]),
 (11, [660, 115, -1, 0, 0, 947, 1709, 0, 0, 2, 2, 0, -1, 1, 2]),
 (11, [660, 115, -1, 0, 0, 947, 1709, 0, 0, 2, 3, 0, -1, 1, 2]),
 (11, [660, 115, -1, 0, 0, 947, 1709, 0, 0, 2, 3, 0, -1, 1, 2]),
 (11, [660, 115, -1, 0, 0, 947, 1709, 0, 0, 2, 3, 0, -1, 1, 2]),
 (11, [660, 115, -1, 0, 0, 947, 1709, 0, 0, 1, 3, 0, 0, 1, 2]),
 (11, [660, 115, -1, 0, 0, 947, 1709, 0, 0, 1, 3, 0, 0, 1, 2]),
 (11, [659, 115, -1, 0, 0, 947, 1709, 0, 0, 1, 3, 0, 0, 1, 2]),
 (11, [660, 115, -1, 0, 0, 947, 1709, 0, 0, 1, 3, 0, 0, 1, 2]),
 (11, [660, 115, -1, 0, 0, 947, 1709, 0, 0, 1, 3, 0, 0, 1, 2]),
 (11, [660, 115, -1, 0, 0, 947, 1709, 0, 0, 1, 3, 0, 0, 1, 2]),
 (11, [661, 115, -1, 0, 0, 947, 1709, 0, 0, 1, 3, 0, 0, 1, 2]),
 (11, [660, 115, -1, 0, 0, 947, 1709, 0, 0, 1, 3, 0, 0, 1, 2]),
 (11, [660, 115, -1, 0, 0, 947, 1709, 0, 0, 1, 3, 0, 0, 1, 2]),
 (11, [660, 115, -1, -1, 0, 947, 1709, 0, 0, 1, 3, 0, 0, 1, 2]),
 (11, [660, 115, -1, 0, 0, 947, 1709, 0, 0, 1, 3, 0, 0, 1, 2]),
 (11, [661, 115, -1, 0, 0, 947, 1709, 0, 0, 1, 3, 0, 0, 1, 2]),
 (11, [660, 115, -1, 0, 0, 947, 1709, 0, 0, 1, 3, 0, 0, 1, 2]),
 (11, [660, 115, -1, 0, 0, 947, 1709, 0, 0, 1, 3, 0, 0, 1, 2]),
 (11, [660, 115, -1, 0, 0, 947, 1709, 0, 0, 1, 3, 0, 0, 1, 2]),
 (11, [660, 115, -1, 0, 0, 947, 1709, 0, 0, 1, 3, 0, 0, 1, 2]),
 (11, [660, 115, 0, 0, 0, 947, 1709, 0, 0, 1, 3, 0, 0, 0, 2]),
 (11, [660, 115, -1, 0, 0, 947, 1709, 0, 0, 1, 3, 0, 0, 0, 2]),
 (11, [660, 115, -1, 0, 0, 947, 1708, 0, 0, 2, 3, 0, -1, 1, 2]),
 (11, [660, 115, -1, 0, 0, 947, 1708, 0, 0, 2, 3, 0, -1, 1, 2]),
 (11, [660, 115, -1, 0, 0, 947, 1708, 0, 0, 1, 3, 0, 0, 1, 2]),
 (11, [660, 115, -1, 0, 0, 947, 1708, 0, 0, 1, 3, 0, 0, 1, 2]),
 (11, [660, 115, -1, 0, 0, 947, 1708, 0, 0, 1, 3, 0, 0, 1, 2]),
 (11, [660, 115, -1, 0, 0, 947, 1708, 0, 0, 1, 3, 0, 0, 1, 2])]
Elapsed time is 4472.711371 seconds.
