genes: 15
individuals : 32
pressure: 5
mutation_chance: 0
generations: 15
crossover_type: 2
mutation_type_random: 0

Población de 32 individuos durante 15 generaciones
Población inicial:
[(999, [1920, 25, 0, 1, 0, 1119, 677, 0, 0, 0, 5, 1, 0, 0, 0]),
 (999, [1799, 50, 1, 0, 1, 1425, 960, 1, 1, 3, 5, 0, 1, 1, 2]),
 (999, [1761, 118, 1, 0, 0, 812, 686, 1, 0, 3, 1, 0, 1, 1, 1]),
 (999, [1748, 20, 1, 1, 1, 1361, 1286, 1, 0, 3, 1, 0, 1, 1, 1]),
 (999, [1714, 36, 1, 1, 1, 1536, 1682, 1, 1, 3, 5, 1, 0, 1, 1]),
 (999, [1689, 58, 0, 0, 0, 2017, 1029, 0, 1, 3, 1, 0, 1, 0, 2]),
 (999, [1186, 96, 1, 0, 1, 666, 893, 1, 1, 3, 3, 0, 0, 0, 1]),
 (999, [1101, 118, 1, 1, 1, 1349, 643, 0, 1, 3, 3, 0, 0, 0, 1]),
 (999, [849, 53, 0, 1, 1, 1634, 1163, 1, 0, 3, 0, 0, 1, 1, 1]),
 (999, [809, 71, 1, 0, 0, 718, 1191, 1, 0, 3, 2, 1, 0, 0, 1]),
 (999, [653, 82, 0, 1, 0, 2017, 1515, 0, 0, 3, 5, 1, 2, 2, 1]),
 (999, [591, 34, 0, 0, 0, 1208, 1903, 1, 0, 1, 5, 0, 1, 2, 1]),
 (999, [516, 64, 1, 0, 0, 646, 1344, 1, 0, 3, 0, 1, 0, 0, 2]),
 (16, [1997, 29, 0, 1, 1, 675, 1316, 0, 1, 0, 4, 1, 1, 1, 1]),
 (16, [1880, 75, 0, 1, 0, 783, 898, 0, 1, 1, 2, 0, 0, 2, 2]),
 (16, [1827, 78, 1, 1, 1, 1105, 624, 0, 1, 2, 3, 0, 2, 1, 0]),
 (16, [1806, 106, 1, 1, 0, 1880, 1000, 1, 1, 1, 3, 0, 0, 1, 2]),
 (16, [1128, 69, 1, 0, 1, 558, 900, 0, 0, 1, 4, 0, 2, 2, 2]),
 (12, [1995, 14, 1, 0, 0, 1298, 1763, 1, 1, 2, 1, 0, 0, 0, 2]),
 (12, [1971, 38, 1, 0, 0, 1791, 716, 1, 0, 1, 3, 1, 1, 0, 1]),
 (12, [1620, 114, 1, 0, 1, 2008, 1825, 1, 0, 2, 4, 0, 0, 1, 1]),
 (12, [1515, 99, 1, 0, 0, 1594, 1587, 1, 1, 1, 4, 0, 0, 0, 1]),
 (12, [1449, 86, 0, 0, 1, 1319, 1994, 0, 1, 2, 0, 0, 1, 0, 2]),
 (12, [1395, 48, 0, 1, 0, 1000, 1148, 1, 1, 1, 4, 0, 0, 0, 2]),
 (12, [1341, 115, 0, 1, 1, 1850, 1763, 1, 0, 0, 0, 0, 1, 1, 2]),
 (12, [1138, 37, 0, 0, 0, 1579, 1801, 0, 1, 2, 0, 0, 1, 1, 2]),
 (12, [1084, 81, 0, 1, 1, 1735, 2003, 0, 1, 0, 0, 1, 0, 2, 2]),
 (12, [1079, 15, 0, 1, 0, 1118, 1651, 1, 0, 2, 3, 1, 1, 1, 0]),
 (12, [988, 60, 0, 0, 1, 1624, 1561, 1, 0, 0, 2, 0, 1, 1, 0]),
 (12, [933, 79, 0, 0, 1, 913, 1433, 1, 1, 2, 3, 1, 0, 2, 2]),
 (12, [671, 100, 0, 0, 1, 1527, 993, 1, 0, 1, 2, 1, 0, 1, 0]),
 (12, [565, 86, 1, 1, 1, 1993, 1026, 1, 0, 2, 2, 1, 1, 1, 0])]
Población final:
[(16, [561, 15, 0, 0, 1, 1527, 993, 1, 0, 1, 2, 1, 0, 1, 0]),
 (16, [561, 15, -1, -1, 1, 1527, 993, 0, 0, 1, 2, 1, 0, 1, 0]),
 (12, [671, 15, 0, 0, 2, 1527, 993, 1, 0, 1, 2, 1, 0, 1, 0]),
 (12, [671, 15, 0, 0, 1, 1527, 993, 0, 0, 1, 2, 1, 0, 1, 0]),
 (12, [671, 15, 0, 0, 1, 1527, 993, 0, 0, 1, 2, 1, 0, 1, 0]),
 (12, [671, 15, 0, -1, 1, 1527, 993, 0, 0, 1, 3, 1, 0, 1, 0]),
 (12, [561, 15, 0, 0, 1, 1527, 993, 1, 0, 1, 2, 1, -1, 1, 0]),
 (12, [561, 15, 0, 0, 1, 1527, 993, 1, 0, 1, 2, 1, 0, 1, 0]),
 (12, [561, 15, 0, -1, 1, 1527, 993, 1, 0, 1, 2, 1, 0, 1, 0]),
 (12, [561, 15, 0, -1, 1, 1527, 993, 1, 0, 1, 2, 1, 0, 1, 0]),
 (12, [561, 15, 0, -1, 1, 1527, 993, 1, 0, 1, 2, 1, 0, 1, 0]),
 (12, [561, 15, 0, -1, 1, 1527, 993, 1, 0, 1, 2, 1, 0, 1, 0]),
 (12, [561, 15, 0, -1, 1, 1527, 993, 1, 0, 1, 2, 1, 0, 1, 0]),
 (12, [561, 15, 0, -1, 1, 1527, 993, 1, 0, 1, 2, 1, 0, 1, 0]),
 (12, [561, 15, 0, -1, 1, 1527, 993, 1, 0, 1, 2, 1, 0, 1, 0]),
 (12, [561, 15, 0, -1, 1, 1527, 993, 0, 0, 1, 2, 1, 0, 1, 0]),
 (12, [561, 15, 0, -1, 1, 1527, 993, 2, 0, 1, 2, 1, 0, 1, 0]),
 (12, [561, 15, 0, -1, 1, 1527, 993, 1, 0, 1, 2, 1, 0, 1, 0]),
 (12, [561, 15, 0, -1, 1, 1527, 993, 1, 0, 1, 2, 1, 0, 1, 0]),
 (12, [561, 15, 0, -1, 1, 1527, 993, 0, 0, 1, 2, 1, 0, 1, 0]),
 (12, [561, 15, 0, -1, 1, 1527, 993, 1, 0, 1, 2, 1, 0, 1, 0]),
 (12, [561, 15, 0, -1, 1, 1527, 993, 0, 0, 1, 2, 1, 0, 1, 0]),
 (12, [561, 15, 0, -1, 1, 1527, 993, -1, 0, 1, 2, 1, 0, 1, 0]),
 (12, [561, 15, 0, -1, 1, 1527, 993, 0, 0, 1, 2, 1, 0, 1, 0]),
 (12, [561, 14, 0, 0, 1, 1527, 993, 1, 0, 1, 2, 1, 0, 1, 0]),
 (12, [561, 15, 0, 0, 1, 1527, 993, 1, 0, 1, 2, 1, 0, 1, 0]),
 (12, [561, 14, 0, 0, 1, 1527, 993, 1, 0, 1, 2, 1, 0, 1, 0]),
 (12, [561, 14, 0, 0, 1, 1527, 993, 1, 0, 1, 2, 1, 0, 1, 0]),
 (12, [561, 14, 0, 0, 1, 1527, 993, 1, 0, 1, 2, 1, 0, 1, 0]),
 (12, [561, 14, 0, 0, 1, 1527, 993, 0, 0, 1, 2, 1, 0, 1, 0]),
 (12, [561, 14, 0, -1, 1, 1527, 993, 1, 0, 1, 2, 1, 0, 1, 0]),
 (6, [671, 15, 0, 0, 1, 1527, 993, 1, 0, 1, 2, 1, 0, 1, 0])]
Elapsed time is 7113.981508 seconds.
