genes: 15
individuals : 16
pressure: 5
mutation_chance: 0
generations: 15
crossover_type: 1
mutation_type_random: 1Población de 16 individuos durante 15 generaciones
Población inicial:
[(999, [1925, 21, 0, 0, 1, 1078, 641, 0, 0, 3, 3, 1, 2, 1, 0]),
 (999, [1813, 104, 1, 0, 0, 1836, 1595, 1, 0, 3, 2, 0, 2, 0, 0]),
 (999, [1422, 92, 1, 1, 1, 1787, 1561, 1, 1, 0, 5, 1, 0, 2, 0]),
 (999, [1393, 119, 1, 1, 0, 1091, 1555, 0, 1, 3, 2, 0, 1, 2, 0]),
 (999, [1289, 109, 0, 0, 0, 1377, 1228, 0, 0, 3, 0, 0, 1, 1, 1]),
 (999, [939, 60, 1, 0, 1, 1515, 1363, 0, 1, 3, 5, 1, 0, 0, 1]),
 (999, [691, 113, 1, 0, 1, 717, 778, 0, 0, 3, 4, 1, 0, 0, 2]),
 (999, [582, 32, 1, 0, 0, 1711, 675, 1, 0, 3, 0, 1, 0, 1, 2]),
 (16, [2025, 47, 0, 0, 1, 612, 1319, 0, 1, 2, 0, 0, 1, 1, 2]),
 (16, [1177, 64, 0, 1, 1, 1336, 1697, 1, 1, 1, 2, 1, 2, 2, 1]),
 (16, [1086, 44, 0, 0, 0, 2047, 1368, 0, 0, 2, 3, 0, 2, 0, 1]),
 (16, [1009, 57, 0, 0, 0, 776, 1540, 1, 0, 0, 2, 1, 1, 1, 1]),
 (16, [887, 56, 1, 1, 1, 2008, 759, 0, 0, 1, 3, 0, 2, 2, 2]),
 (12, [1849, 54, 1, 0, 0, 755, 1895, 1, 0, 1, 4, 1, 2, 0, 2]),
 (12, [655, 115, 0, 0, 0, 1778, 1315, 0, 0, 0, 2, 0, 0, 2, 1]),
 (12, [619, 31, 0, 0, 1, 598, 1000, 0, 0, 0, 2, 0, 1, 2, 2])]
Población final:
[(16, [619, 31, 0, 0, 1, 598, 1000, 0, 0, 0, 2, 0, 0, 2, 1]),
 (16, [619, 31, 0, 0, 1, 559, 1000, 0, 0, 0, 2, 0, 0, 0, 1]),
 (16, [619, 31, 0, 0, 1, 771, 1000, 0, 0, 0, 2, 0, 0, 2, 1]),
 (16, [619, 31, 0, 0, 1, 559, 1000, 0, 0, 0, 5, 0, 0, 2, 1]),
 (16, [619, 80, 0, 0, 1, 559, 1000, 0, 0, 0, 2, 0, 0, 2, 1]),
 (16, [619, 31, 0, 0, 1, 559, 1000, 0, 0, 0, 2, 0, 2, 2, 1]),
 (16, [619, 31, 0, 0, 1, 1222, 1000, 0, 0, 0, 2, 0, 0, 2, 1]),
 (16, [619, 31, 0, 0, 1, 559, 1000, 0, 0, 0, 2, 0, 0, 2, 1]),
 (12, [619, 31, 0, 0, 1, 598, 1000, 0, 0, 0, 2, 0, 0, 2, 1]),
 (12, [619, 31, 0, 0, 1, 598, 1000, 0, 0, 0, 2, 0, 0, 1, 1]),
 (12, [619, 31, 0, 0, 1, 598, 1000, 0, 0, 0, 2, 0, 0, 1, 1]),
 (12, [619, 31, 0, 0, 1, 559, 1000, 0, 0, 0, 2, 0, 0, 2, 1]),
 (12, [619, 31, 0, 0, 1, 559, 1000, 0, 0, 0, 2, 0, 0, 2, 1]),
 (12, [619, 31, 0, 0, 1, 559, 1000, 0, 0, 0, 2, 0, 0, 2, 1]),
 (12, [619, 31, 0, 0, 1, 559, 1000, 0, 0, 0, 2, 0, 0, 2, 1]),
 (12, [619, 31, 0, 0, 1, 559, 1000, 0, 0, 0, 2, 0, 0, 2, 1])]
Elapsed time is 3557.674592 seconds.
