genes: 13
individuals : 16
pressure: 5
mutation_chance: 0
generations: 15
crossover_type: 1
mutation_type_random: 0

Población de 16 individuos durante 15 generaciones
Población inicial:
[(999, [1792, 71, 1, 1, 0, 1531, 1228, 1, 0, 3, 0, 1, 2]),
 (999, [1755, 98, 0, 0, 1, 1895, 1855, 1, 0, 3, 4, 1, 0]),
 (999, [1722, 30, 1, 0, 0, 2043, 724, 1, 0, 2, 5, 1, 0]),
 (999, [1614, 29, 1, 0, 0, 953, 1578, 0, 0, 3, 5, 0, 1]),
 (999, [1482, 24, 1, 0, 1, 613, 920, 0, 1, 1, 2, 0, 2]),
 (999, [1382, 107, 0, 1, 1, 1482, 561, 0, 0, 0, 5, 0, 2]),
 (999, [1301, 32, 1, 1, 0, 1771, 1546, 1, 0, 1, 2, 0, 1]),
 (999, [970, 54, 0, 0, 1, 2031, 1553, 0, 0, 0, 5, 1, 2]),
 (999, [873, 109, 0, 1, 0, 2033, 741, 1, 0, 0, 5, 0, 1]),
 (999, [527, 69, 1, 0, 1, 1119, 650, 0, 0, 3, 4, 0, 2]),
 (4, [1924, 110, 1, 1, 0, 1474, 2039, 1, 0, 0, 4, 1, 2]),
 (4, [1657, 34, 1, 1, 1, 545, 1867, 0, 1, 0, 3, 1, 0]),
 (4, [1315, 119, 0, 0, 1, 1903, 1009, 0, 1, 2, 1, 1, 1]),
 (4, [1253, 108, 0, 1, 0, 1398, 1194, 0, 0, 0, 1, 0, 0]),
 (4, [1093, 105, 0, 1, 1, 1234, 1526, 0, 0, 0, 4, 0, 2]),
 (4, [1057, 59, 1, 0, 0, 794, 813, 0, 1, 0, 1, 1, 2])]
Población final:
[(4, [1056, 59, 0, -1, 0, 793, 813, 0, 1, 1, 0, 0, 2]),
 (4, [1056, 59, 0, -1, 0, 793, 813, 0, 1, 0, 0, 0, 2]),
 (4, [1056, 59, -1, -1, 0, 793, 813, 0, 1, 0, 0, 0, 2]),
 (4, [1056, 59, 0, -2, 0, 793, 813, 0, 1, 0, 0, 0, 2]),
 (4, [1056, 59, 0, -2, 0, 794, 813, 0, 1, 0, 0, 1, 2]),
 (4, [1056, 59, 0, -2, 0, 794, 813, 0, 1, 0, 0, 1, 2]),
 (4, [1056, 59, 0, -2, 0, 794, 813, 0, 1, 0, 0, 1, 2]),
 (4, [1056, 59, 0, -2, 0, 794, 813, 0, 1, 0, 0, 1, 2]),
 (4, [1056, 59, 0, -2, 0, 794, 813, 0, 1, 0, 0, 0, 2]),
 (4, [1056, 59, 0, -2, 0, 794, 813, 0, 1, 0, 0, 0, 2]),
 (4, [1056, 59, 0, -2, 0, 794, 813, 0, 1, 0, 0, 0, 2]),
 (4, [1056, 59, 0, -2, 0, 793, 813, 0, 1, 0, 0, 1, 2]),
 (4, [1056, 59, 0, -2, 0, 793, 813, 0, 1, 0, 0, 0, 2]),
 (4, [1056, 59, 0, -2, 0, 793, 813, 0, 1, 0, 0, 0, 2]),
 (4, [1056, 59, 0, -2, 0, 793, 813, 0, 1, 0, 0, 0, 2]),
 (4, [1056, 59, 0, -2, 0, 793, 813, 0, 1, 0, 0, 0, 2])]
Elapsed time is 2896.564386 seconds.
