genes: 15
individuals : 16
pressure: 5
mutation_chance: 0
generations: 15
crossover_type: 1
mutation_type_random: 0

Población de 16 individuos durante 15 generaciones
Población inicial:
[(999, [1519, 108, 1, 0, 1, 724, 1317, 0, 0, 0, 5, 0, 0, 1, 2]),
 (999, [907, 104, 1, 0, 0, 1505, 851, 0, 1, 3, 3, 0, 1, 1, 0]),
 (999, [793, 81, 1, 1, 0, 674, 1850, 1, 0, 3, 3, 0, 2, 0, 2]),
 (999, [700, 30, 1, 1, 1, 1468, 2017, 0, 1, 1, 5, 1, 2, 0, 2]),
 (999, [691, 96, 1, 1, 1, 978, 1664, 1, 1, 1, 5, 0, 0, 1, 0]),
 (16, [2014, 30, 1, 0, 0, 1047, 1857, 0, 0, 1, 0, 0, 2, 1, 1]),
 (16, [1941, 66, 0, 0, 0, 2002, 586, 1, 1, 0, 0, 1, 1, 0, 2]),
 (16, [1843, 47, 0, 1, 1, 1129, 1326, 0, 0, 1, 2, 1, 1, 0, 0]),
 (16, [1612, 28, 1, 0, 1, 1492, 1133, 0, 0, 2, 3, 1, 1, 1, 1]),
 (16, [1319, 98, 0, 1, 1, 1707, 1490, 0, 1, 1, 3, 1, 0, 1, 1]),
 (16, [1110, 17, 1, 1, 0, 1062, 518, 1, 1, 1, 4, 0, 1, 1, 0]),
 (16, [940, 42, 0, 0, 0, 685, 895, 1, 1, 2, 0, 0, 0, 2, 0]),
 (16, [764, 101, 1, 0, 1, 686, 1283, 0, 0, 2, 1, 1, 2, 2, 1]),
 (16, [643, 85, 1, 0, 0, 1719, 534, 0, 1, 2, 2, 1, 0, 2, 0]),
 (12, [1845, 118, 1, 0, 0, 681, 799, 0, 1, 2, 0, 0, 2, 1, 2]),
 (12, [901, 106, 1, 0, 1, 1563, 947, 1, 0, 2, 4, 0, 2, 0, 2])]
Población final:
[(16, [643, 84, 0, 0, 0, 686, 947, -1, 0, 2, 2, 1, 0, 2, 2]),
 (16, [643, 84, 0, 0, 0, 686, 947, -1, 0, 2, 2, 1, 0, 2, 0]),
 (16, [643, 84, 0, 0, 0, 686, 947, -1, 0, 1, 2, 1, 0, 2, 0]),
 (16, [643, 84, 0, 0, 0, 686, 947, -1, 0, 2, 2, 1, 0, 2, 0]),
 (16, [643, 84, 0, 0, 0, 686, 947, -1, 0, 2, 2, 1, 0, 2, 0]),
 (16, [643, 84, 0, 0, 0, 686, 947, -1, 0, 2, 2, 1, 0, 2, 0]),
 (16, [643, 84, 0, 0, 0, 686, 947, -1, 0, 2, 2, 1, 0, 2, 0]),
 (16, [643, 84, 0, 0, 0, 686, 947, -1, 0, 2, 2, 1, 0, 2, 0]),
 (12, [643, 84, 0, 0, 0, 686, 947, -1, 0, 2, 2, 1, 0, 2, 0]),
 (12, [643, 84, 0, 0, 0, 686, 947, -1, 0, 2, 2, 1, 0, 1, 0]),
 (12, [643, 84, 0, 0, 0, 686, 947, -1, 0, 2, 2, 1, 0, 2, 0]),
 (12, [643, 84, 0, 0, 0, 686, 947, -1, 0, 2, 2, 1, 0, 2, 0]),
 (12, [643, 84, 0, 0, 0, 686, 947, -1, 0, 2, 2, 1, 0, 2, 0]),
 (12, [643, 84, 0, 0, 0, 686, 947, -1, 0, 2, 2, 1, 0, 2, 0]),
 (12, [643, 84, 0, 0, 0, 686, 947, -1, 0, 2, 2, 1, 0, 1, 0]),
 (12, [643, 84, 0, 0, 0, 686, 947, -1, 0, 2, 2, 1, -1, 2, 2])]
Elapsed time is 3062.083405 seconds.
