genes: 13
individuals : 16
pressure: 5
mutation_chance: 0
generations: 15
crossover_type: 2
mutation_type_random: 0

Población de 16 individuos durante 15 generaciones
Población inicial:
[(999, [1607, 88, 0, 1, 1, 1578, 1489, 1, 1, 3, 1, 0, 0]),
 (999, [1535, 67, 0, 0, 0, 1988, 991, 0, 1, 1, 5, 0, 1]),
 (999, [1510, 39, 1, 1, 0, 892, 1435, 1, 1, 3, 4, 0, 1]),
 (999, [1409, 14, 1, 0, 1, 748, 1231, 1, 1, 3, 0, 0, 0]),
 (999, [1149, 32, 1, 0, 1, 1008, 612, 1, 0, 1, 1, 0, 0]),
 (999, [1082, 14, 0, 1, 1, 2032, 983, 0, 0, 3, 1, 0, 0]),
 (999, [1071, 44, 1, 1, 1, 1232, 978, 0, 1, 2, 5, 0, 0]),
 (999, [875, 18, 0, 0, 1, 1785, 835, 0, 1, 1, 5, 1, 2]),
 (999, [800, 113, 0, 0, 0, 2004, 752, 0, 1, 0, 5, 1, 1]),
 (999, [654, 30, 0, 1, 1, 1250, 923, 0, 0, 3, 1, 1, 1]),
 (999, [638, 29, 1, 1, 1, 1970, 1731, 0, 0, 3, 0, 1, 2]),
 (999, [611, 25, 1, 1, 1, 1391, 585, 0, 0, 1, 3, 0, 0]),
 (4, [1762, 91, 1, 1, 1, 635, 557, 1, 1, 0, 0, 1, 0]),
 (4, [1478, 96, 1, 0, 1, 583, 853, 1, 1, 2, 4, 1, 2]),
 (4, [1378, 33, 0, 1, 0, 1019, 1932, 0, 1, 2, 0, 1, 0]),
 (4, [580, 90, 1, 1, 1, 743, 1176, 0, 1, 0, 1, 1, 1])]
Población final:
[(4, [577, 90, 1, 1, 0, 635, 557, 0, 1, 0, 0, 1, 1]),
 (4, [577, 90, 1, 1, 0, 635, 557, 1, 1, 0, 0, 1, 0]),
 (4, [577, 90, 1, 1, 0, 635, 557, 0, 1, 0, 0, 1, 1]),
 (4, [577, 90, 1, 1, 0, 635, 557, 0, 1, 0, 0, 0, 0]),
 (4, [577, 90, 1, 1, 0, 635, 557, 0, 1, 0, 0, 1, 0]),
 (4, [577, 90, 1, 1, 0, 635, 557, 0, 2, 0, 0, 1, 0]),
 (4, [577, 90, 1, 1, 0, 635, 557, 0, 1, 0, 0, 1, 0]),
 (4, [577, 90, 1, 1, -1, 635, 557, 0, 1, 0, 0, 1, 0]),
 (4, [577, 90, 1, 1, 0, 635, 557, -1, 1, 0, 0, 1, 1]),
 (4, [577, 90, 1, 1, 0, 635, 556, -1, 1, 0, 0, 1, 0]),
 (4, [577, 90, 1, 1, 0, 635, 557, -1, 1, 0, 0, 1, 0]),
 (4, [577, 90, 1, 1, -1, 635, 557, 0, 1, 0, 0, 1, 1]),
 (4, [577, 90, 0, 1, 0, 635, 557, 0, 1, 0, 0, 1, 1]),
 (4, [577, 90, 0, 1, 0, 635, 557, 0, 1, 0, 0, 1, 1]),
 (4, [577, 90, 0, 1, 0, 635, 557, 0, 1, 0, 0, 1, 1]),
 (4, [577, 90, 0, 1, 0, 635, 557, 0, 1, 0, 0, 1, 1])]
Elapsed time is 2343.038007 seconds.
