genes: 15
individuals : 16
pressure: 5
mutation_chance: 0
generations: 15
crossover_type: 2
mutation_type_random: 1

Población de 16 individuos durante 15 generaciones
Población inicial:
[(999, [1817, 111, 0, 0, 0, 1741, 899, 1, 1, 3, 4, 1, 1, 2, 0]),
 (999, [1784, 105, 0, 0, 0, 1826, 867, 1, 0, 0, 5, 0, 2, 1, 2]),
 (999, [1779, 67, 1, 0, 0, 1534, 1084, 1, 1, 0, 5, 1, 0, 2, 1]),
 (999, [1726, 119, 0, 0, 0, 1963, 2007, 0, 0, 2, 5, 1, 2, 2, 2]),
 (999, [1684, 56, 0, 0, 1, 1363, 652, 0, 1, 3, 5, 1, 0, 0, 1]),
 (999, [1677, 112, 1, 1, 0, 1516, 1857, 0, 0, 3, 2, 1, 1, 0, 1]),
 (999, [1652, 100, 0, 1, 0, 1274, 1414, 1, 0, 0, 5, 0, 1, 2, 0]),
 (999, [1333, 32, 0, 1, 1, 542, 1169, 1, 0, 3, 0, 0, 2, 0, 0]),
 (999, [670, 30, 0, 1, 1, 1982, 1980, 0, 1, 1, 5, 0, 0, 0, 1]),
 (16, [2010, 36, 0, 1, 0, 1380, 1155, 1, 1, 1, 3, 0, 1, 1, 0]),
 (16, [1815, 31, 1, 1, 0, 1230, 1492, 1, 0, 1, 3, 0, 2, 2, 0]),
 (16, [1419, 55, 1, 0, 0, 1471, 1426, 0, 1, 2, 2, 1, 2, 0, 2]),
 (16, [1259, 27, 0, 1, 1, 607, 1689, 1, 0, 0, 2, 1, 1, 2, 2]),
 (16, [1009, 95, 0, 0, 1, 667, 721, 0, 0, 0, 0, 1, 2, 2, 2]),
 (16, [999, 96, 1, 1, 1, 1719, 1296, 0, 0, 1, 1, 0, 0, 0, 2]),
 (16, [721, 14, 1, 0, 1, 1313, 605, 1, 0, 1, 2, 1, 1, 0, 2])]
Población final:
[(16, [721, 14, 1, 0, 1, 535, 605, 0, 0, 2, 2, 0, 1, 0, 2]),
 (16, [721, 14, 1, 0, 1, 535, 605, 0, 0, 2, 2, 0, 1, 0, 2]),
 (16, [721, 14, 1, 0, 1, 535, 605, 0, 0, 1, 2, 0, 1, 0, 2]),
 (16, [721, 14, 1, 0, 1, 535, 605, 0, 0, 1, 2, 0, 0, 0, 2]),
 (16, [721, 14, 1, 0, 1, 535, 605, 0, 0, 1, 2, 0, 1, 0, 2]),
 (16, [721, 14, 1, 0, 0, 535, 605, 0, 0, 1, 2, 0, 1, 0, 2]),
 (12, [721, 14, 1, 0, 1, 535, 605, 0, 0, 2, 2, 0, 1, 0, 2]),
 (12, [721, 14, 1, 0, 1, 535, 605, 0, 0, 2, 2, 0, 1, 0, 2]),
 (12, [721, 14, 1, 0, 1, 535, 605, 0, 0, 2, 2, 0, 1, 0, 2]),
 (12, [721, 14, 1, 0, 0, 535, 605, 0, 0, 1, 2, 0, 1, 0, 2]),
 (12, [721, 14, 1, 0, 1, 535, 605, 0, 0, 1, 2, 0, 1, 0, 2]),
 (12, [721, 14, 1, 0, 1, 535, 605, 0, 0, 1, 2, 0, 1, 0, 2]),
 (12, [721, 14, 1, 0, 1, 535, 605, 0, 0, 1, 2, 0, 1, 0, 2]),
 (12, [721, 14, 1, 0, 1, 535, 605, 0, 0, 1, 2, 0, 1, 0, 2]),
 (12, [721, 14, 1, 0, 1, 535, 605, 0, 0, 1, 2, 0, 1, 0, 2]),
 (12, [721, 14, 1, 0, 1, 535, 605, 0, 0, 1, 2, 0, 1, 0, 2])]
Elapsed time is 3381.849115 seconds.
