 * Manually resetting nginx to stopped state
 * Manually resetting nginx to stopped state
 * Manually resetting nginx to stopped state
 * Manually resetting nginx to stopped state
 * Manually resetting nginx to stopped state
 * Manually resetting nginx to stopped state
 * Manually resetting nginx to stopped state
 * Manually resetting nginx to stopped state
 * Manually resetting nginx to stopped state
 * Manually resetting nginx to stopped state
 * Manually resetting nginx to stopped state
 * Manually resetting nginx to stopped state
 * Manually resetting nginx to stopped state
 * Manually resetting nginx to stopped state
 * Manually resetting nginx to stopped state
 * Manually resetting nginx to stopped state
 * Manually resetting nginx to stopped state
 * Manually resetting nginx to stopped state
 * Manually resetting nginx to stopped state
 * Manually resetting nginx to stopped state
genes: 15
individuals : 32
pressure: 5
mutation_chance: 0
generations: 15
crossover_type: 1
mutation_type_random: 1
Alerts:
35
Alerts:
35
Alerts:
35
Alerts:
35
Alerts:
35
Alerts:
35
Alerts:
35
Alerts:
35
Alerts:
35
Alerts:
35
Alerts:
35
Alerts:
35
Alerts:
35
Alerts:
35
Alerts:
35
Alerts:
35
Alerts:
35
Alerts:
35
Alerts:
35
Alerts:
35

Población de 32 individuos durante 15 generaciones
Población inicial:
[(999, [2036, 103, 0, 0, 1, 1085, 812, 0, 0, 3, 4, 1, 0, 1, 2]),
 (999, [2009, 97, 1, 1, 0, 835, 963, 0, 0, 3, 3, 0, 2, 2, 2]),
 (999, [1978, 53, 1, 0, 1, 1895, 1129, 0, 1, 3, 5, 0, 2, 1, 0]),
 (999, [1761, 50, 1, 0, 0, 1895, 552, 0, 1, 3, 3, 1, 1, 1, 2]),
 (999, [1555, 85, 1, 1, 0, 1546, 1437, 1, 1, 3, 3, 0, 1, 1, 1]),
 (999, [1193, 113, 1, 1, 1, 1314, 1404, 0, 0, 3, 1, 0, 0, 0, 1]),
 (999, [1072, 100, 0, 1, 0, 1649, 1479, 1, 0, 0, 5, 0, 2, 1, 2]),
 (999, [1062, 88, 1, 1, 0, 795, 1446, 0, 1, 1, 5, 1, 0, 1, 0]),
 (999, [1032, 47, 1, 1, 0, 653, 1035, 1, 1, 3, 2, 0, 2, 1, 0]),
 (999, [1022, 61, 0, 0, 0, 1259, 1610, 1, 0, 3, 2, 1, 0, 2, 0]),
 (999, [585, 13, 0, 1, 0, 959, 1451, 1, 0, 3, 3, 1, 1, 2, 1]),
 (999, [557, 104, 1, 0, 0, 1221, 1048, 0, 1, 2, 5, 0, 1, 0, 0]),
 (35, [1748, 73, 0, 0, 1, 689, 1580, 1, 1, 1, 2, 0, 2, 2, 1]),
 (35, [1730, 78, 1, 1, 1, 866, 583, 1, 1, 0, 3, 1, 1, 0, 2]),
 (35, [1712, 44, 1, 1, 1, 826, 1951, 1, 1, 0, 0, 1, 2, 2, 0]),
 (35, [1676, 87, 1, 0, 0, 1497, 1653, 1, 1, 2, 3, 0, 1, 2, 1]),
 (35, [1621, 91, 0, 0, 1, 1596, 846, 0, 0, 2, 4, 0, 0, 0, 1]),
 (35, [1472, 79, 1, 0, 0, 985, 616, 0, 1, 0, 1, 1, 0, 2, 2]),
 (35, [1271, 90, 0, 0, 0, 1027, 1046, 0, 0, 2, 2, 0, 1, 1, 1]),
 (35, [1206, 74, 1, 0, 1, 1181, 2015, 1, 1, 0, 4, 1, 2, 2, 2]),
 (35, [1116, 65, 0, 1, 0, 897, 1680, 1, 0, 1, 3, 1, 1, 1, 0]),
 (35, [1061, 118, 1, 0, 1, 1329, 1125, 0, 0, 0, 2, 0, 1, 2, 1]),
 (35, [1018, 103, 1, 0, 0, 1006, 1661, 0, 1, 1, 1, 0, 1, 0, 0]),
 (35, [920, 65, 1, 1, 0, 1628, 912, 1, 1, 0, 1, 0, 1, 2, 1]),
 (35, [909, 112, 1, 0, 1, 2030, 829, 0, 1, 1, 2, 0, 1, 2, 2]),
 (35, [841, 55, 1, 0, 1, 1445, 855, 0, 0, 2, 2, 0, 1, 2, 0]),
 (35, [835, 32, 1, 0, 1, 735, 1711, 1, 1, 1, 1, 1, 1, 1, 1]),
 (35, [789, 84, 0, 1, 1, 1061, 1594, 0, 1, 2, 0, 0, 0, 0, 1]),
 (35, [743, 66, 1, 0, 0, 1368, 1441, 1, 0, 0, 4, 1, 1, 0, 2]),
 (35, [706, 38, 1, 0, 0, 1787, 785, 1, 1, 0, 4, 0, 1, 2, 1]),
 (35, [690, 10, 0, 0, 1, 912, 967, 0, 1, 0, 0, 0, 2, 0, 2]),
 (35, [663, 90, 0, 1, 1, 766, 1047, 1, 1, 0, 2, 0, 2, 1, 1])]
Población final:
[(999, [2036, 103, 0, 0, 1, 1085, 812, 0, 0, 3, 4, 1, 0, 1, 2]),
 (999, [2009, 97, 1, 1, 0, 835, 963, 0, 0, 3, 3, 0, 2, 2, 2]),
 (999, [1978, 53, 1, 0, 1, 1895, 1129, 0, 1, 3, 5, 0, 2, 1, 0]),
 (999, [1761, 50, 1, 0, 0, 1895, 552, 0, 1, 3, 3, 1, 1, 1, 2]),
 (999, [1555, 85, 1, 1, 0, 1546, 1437, 1, 1, 3, 3, 0, 1, 1, 1]),
 (999, [1193, 113, 1, 1, 1, 1314, 1404, 0, 0, 3, 1, 0, 0, 0, 1]),
 (999, [1072, 100, 0, 1, 0, 1649, 1479, 1, 0, 0, 5, 0, 2, 1, 2]),
 (999, [1062, 88, 1, 1, 0, 795, 1446, 0, 1, 1, 5, 1, 0, 1, 0]),
 (999, [1032, 47, 1, 1, 0, 653, 1035, 1, 1, 3, 2, 0, 2, 1, 0]),
 (999, [1022, 61, 0, 0, 0, 1259, 1610, 1, 0, 3, 2, 1, 0, 2, 0]),
 (999, [585, 13, 0, 1, 0, 959, 1451, 1, 0, 3, 3, 1, 1, 2, 1]),
 (999, [557, 104, 1, 0, 0, 1221, 1048, 0, 1, 2, 5, 0, 1, 0, 0]),
 (35, [1748, 73, 0, 0, 1, 689, 1580, 1, 1, 1, 2, 0, 2, 2, 1]),
 (35, [1730, 78, 1, 1, 1, 866, 583, 1, 1, 0, 3, 1, 1, 0, 2]),
 (35, [1712, 44, 1, 1, 1, 826, 1951, 1, 1, 0, 0, 1, 2, 2, 0]),
 (35, [1676, 87, 1, 0, 0, 1497, 1653, 1, 1, 2, 3, 0, 1, 2, 1]),
 (35, [1621, 91, 0, 0, 1, 1596, 846, 0, 0, 2, 4, 0, 0, 0, 1]),
 (35, [1472, 79, 1, 0, 0, 985, 616, 0, 1, 0, 1, 1, 0, 2, 2]),
 (35, [1271, 90, 0, 0, 0, 1027, 1046, 0, 0, 2, 2, 0, 1, 1, 1]),
 (35, [1206, 74, 1, 0, 1, 1181, 2015, 1, 1, 0, 4, 1, 2, 2, 2]),
 (35, [1116, 65, 0, 1, 0, 897, 1680, 1, 0, 1, 3, 1, 1, 1, 0]),
 (35, [1061, 118, 1, 0, 1, 1329, 1125, 0, 0, 0, 2, 0, 1, 2, 1]),
 (35, [1018, 103, 1, 0, 0, 1006, 1661, 0, 1, 1, 1, 0, 1, 0, 0]),
 (35, [920, 65, 1, 1, 0, 1628, 912, 1, 1, 0, 1, 0, 1, 2, 1]),
 (35, [909, 112, 1, 0, 1, 2030, 829, 0, 1, 1, 2, 0, 1, 2, 2]),
 (35, [841, 55, 1, 0, 1, 1445, 855, 0, 0, 2, 2, 0, 1, 2, 0]),
 (35, [835, 32, 1, 0, 1, 735, 1711, 1, 1, 1, 1, 1, 1, 1, 1]),
 (35, [789, 84, 0, 1, 1, 1061, 1594, 0, 1, 2, 0, 0, 0, 0, 1]),
 (35, [743, 66, 1, 0, 0, 1368, 1441, 1, 0, 0, 4, 1, 1, 0, 2]),
 (35, [706, 38, 1, 0, 0, 1787, 785, 1, 1, 0, 4, 0, 1, 2, 1]),
 (35, [690, 10, 0, 0, 1, 912, 967, 0, 1, 0, 0, 0, 2, 0, 2]),
 (35, [663, 90, 0, 1, 1, 766, 1047, 1, 1, 0, 2, 0, 2, 1, 1])]
Elapsed time is 994.527098 seconds.
