 * Manually resetting nginx to stopped state
 * Manually resetting nginx to stopped state
 * Manually resetting nginx to stopped state
 * Manually resetting nginx to stopped state
 * Manually resetting nginx to stopped state
 * Manually resetting nginx to stopped state
 * Manually resetting nginx to stopped state
 * Manually resetting nginx to stopped state
 * Manually resetting nginx to stopped state
 * Manually resetting nginx to stopped state
 * Manually resetting nginx to stopped state
 * Manually resetting nginx to stopped state
 * Manually resetting nginx to stopped state
 * Manually resetting nginx to stopped state
 * Manually resetting nginx to stopped state
 * Manually resetting nginx to stopped state
 * Manually resetting nginx to stopped state
 * Manually resetting nginx to stopped state
 * Manually resetting nginx to stopped state
 * Manually resetting nginx to stopped state
 * Manually resetting nginx to stopped state
 * Manually resetting nginx to stopped state
 * Manually resetting nginx to stopped state
 * Manually resetting nginx to stopped state
genes: 15
individuals : 32
pressure: 5
mutation_chance: 0
generations: 15
crossover_type: 2
mutation_type_random: 0
Alerts:
35
Alerts:
35
Alerts:
35
Alerts:
35
Alerts:
35
Alerts:
35
Alerts:
35
Alerts:
35
Alerts:
35
Alerts:
35
Alerts:
35
Alerts:
35
Alerts:
35
Alerts:
35
Alerts:
35
Alerts:
35
Alerts:
35
Alerts:
35
Alerts:
35
Alerts:
35
Alerts:
35
Alerts:
35
Alerts:
35
Alerts:
35

Población de 32 individuos durante 15 generaciones
Población inicial:
[(999, [1832, 14, 1, 1, 1, 558, 1527, 1, 1, 3, 1, 1, 2, 1, 2]),
 (999, [1810, 31, 1, 1, 0, 1316, 1979, 1, 1, 2, 5, 0, 1, 2, 0]),
 (999, [1608, 97, 0, 0, 1, 1385, 816, 0, 1, 1, 5, 1, 0, 2, 0]),
 (999, [1372, 44, 1, 1, 0, 800, 980, 0, 1, 3, 5, 1, 2, 1, 0]),
 (999, [1342, 50, 0, 0, 1, 879, 669, 1, 0, 3, 2, 0, 1, 2, 2]),
 (999, [1266, 110, 0, 1, 0, 919, 634, 1, 0, 3, 0, 1, 1, 0, 1]),
 (999, [1204, 75, 0, 1, 0, 1372, 727, 0, 1, 3, 1, 0, 1, 0, 2]),
 (999, [896, 43, 0, 1, 0, 1531, 1571, 1, 0, 3, 0, 0, 2, 1, 0]),
 (35, [2012, 89, 1, 0, 1, 1871, 1961, 1, 0, 2, 0, 0, 2, 1, 2]),
 (35, [1930, 87, 1, 0, 0, 1545, 2026, 1, 1, 0, 2, 1, 2, 0, 1]),
 (35, [1927, 22, 1, 0, 0, 1168, 845, 0, 0, 1, 4, 1, 2, 2, 0]),
 (35, [1881, 55, 0, 0, 1, 1532, 1627, 0, 1, 0, 1, 1, 2, 2, 0]),
 (35, [1835, 47, 0, 0, 1, 607, 1713, 0, 1, 1, 4, 1, 1, 1, 1]),
 (35, [1757, 65, 1, 0, 0, 1166, 914, 1, 1, 0, 3, 1, 0, 1, 0]),
 (35, [1677, 78, 0, 1, 1, 535, 1711, 1, 0, 0, 4, 1, 1, 2, 0]),
 (35, [1530, 40, 0, 1, 0, 681, 925, 1, 0, 0, 2, 1, 1, 2, 2]),
 (35, [1411, 30, 0, 1, 0, 1167, 1266, 1, 0, 0, 2, 1, 2, 2, 1]),
 (35, [1397, 72, 1, 1, 1, 1378, 1061, 0, 0, 1, 3, 0, 1, 0, 1]),
 (35, [1334, 92, 0, 0, 1, 1713, 1582, 0, 1, 2, 3, 1, 2, 0, 0]),
 (35, [1309, 93, 1, 0, 0, 1175, 1797, 0, 0, 0, 3, 0, 0, 0, 0]),
 (35, [1219, 26, 0, 1, 1, 1011, 1515, 0, 1, 2, 3, 0, 0, 2, 2]),
 (35, [1172, 85, 0, 1, 1, 1558, 1791, 0, 0, 2, 4, 0, 2, 0, 2]),
 (35, [1130, 120, 0, 0, 0, 1428, 1403, 0, 1, 2, 4, 0, 1, 1, 2]),
 (35, [1008, 73, 1, 1, 1, 610, 1246, 1, 1, 1, 4, 0, 1, 1, 1]),
 (35, [993, 88, 0, 0, 1, 1979, 1388, 0, 1, 0, 1, 0, 2, 0, 0]),
 (35, [992, 114, 0, 1, 0, 780, 1099, 0, 1, 2, 2, 0, 0, 0, 0]),
 (35, [972, 37, 1, 1, 1, 1726, 876, 0, 1, 1, 0, 0, 0, 2, 0]),
 (35, [955, 25, 1, 0, 1, 519, 928, 0, 1, 2, 1, 1, 1, 0, 1]),
 (35, [886, 88, 1, 1, 1, 1501, 569, 0, 0, 2, 0, 1, 1, 0, 0]),
 (35, [580, 44, 1, 1, 0, 1385, 1486, 1, 1, 0, 3, 1, 2, 2, 2]),
 (35, [578, 114, 0, 0, 1, 1635, 640, 1, 0, 0, 2, 1, 1, 2, 0]),
 (35, [528, 16, 0, 1, 0, 1068, 812, 1, 0, 1, 4, 1, 2, 1, 0])]
Población final:
[(999, [1832, 14, 1, 1, 1, 558, 1527, 1, 1, 3, 1, 1, 2, 1, 2]),
 (999, [1810, 31, 1, 1, 0, 1316, 1979, 1, 1, 2, 5, 0, 1, 2, 0]),
 (999, [1608, 97, 0, 0, 1, 1385, 816, 0, 1, 1, 5, 1, 0, 2, 0]),
 (999, [1372, 44, 1, 1, 0, 800, 980, 0, 1, 3, 5, 1, 2, 1, 0]),
 (999, [1342, 50, 0, 0, 1, 879, 669, 1, 0, 3, 2, 0, 1, 2, 2]),
 (999, [1266, 110, 0, 1, 0, 919, 634, 1, 0, 3, 0, 1, 1, 0, 1]),
 (999, [1204, 75, 0, 1, 0, 1372, 727, 0, 1, 3, 1, 0, 1, 0, 2]),
 (999, [896, 43, 0, 1, 0, 1531, 1571, 1, 0, 3, 0, 0, 2, 1, 0]),
 (35, [2012, 89, 1, 0, 1, 1871, 1961, 1, 0, 2, 0, 0, 2, 1, 2]),
 (35, [1930, 87, 1, 0, 0, 1545, 2026, 1, 1, 0, 2, 1, 2, 0, 1]),
 (35, [1927, 22, 1, 0, 0, 1168, 845, 0, 0, 1, 4, 1, 2, 2, 0]),
 (35, [1881, 55, 0, 0, 1, 1532, 1627, 0, 1, 0, 1, 1, 2, 2, 0]),
 (35, [1835, 47, 0, 0, 1, 607, 1713, 0, 1, 1, 4, 1, 1, 1, 1]),
 (35, [1757, 65, 1, 0, 0, 1166, 914, 1, 1, 0, 3, 1, 0, 1, 0]),
 (35, [1677, 78, 0, 1, 1, 535, 1711, 1, 0, 0, 4, 1, 1, 2, 0]),
 (35, [1530, 40, 0, 1, 0, 681, 925, 1, 0, 0, 2, 1, 1, 2, 2]),
 (35, [1411, 30, 0, 1, 0, 1167, 1266, 1, 0, 0, 2, 1, 2, 2, 1]),
 (35, [1397, 72, 1, 1, 1, 1378, 1061, 0, 0, 1, 3, 0, 1, 0, 1]),
 (35, [1334, 92, 0, 0, 1, 1713, 1582, 0, 1, 2, 3, 1, 2, 0, 0]),
 (35, [1309, 93, 1, 0, 0, 1175, 1797, 0, 0, 0, 3, 0, 0, 0, 0]),
 (35, [1219, 26, 0, 1, 1, 1011, 1515, 0, 1, 2, 3, 0, 0, 2, 2]),
 (35, [1172, 85, 0, 1, 1, 1558, 1791, 0, 0, 2, 4, 0, 2, 0, 2]),
 (35, [1130, 120, 0, 0, 0, 1428, 1403, 0, 1, 2, 4, 0, 1, 1, 2]),
 (35, [1008, 73, 1, 1, 1, 610, 1246, 1, 1, 1, 4, 0, 1, 1, 1]),
 (35, [993, 88, 0, 0, 1, 1979, 1388, 0, 1, 0, 1, 0, 2, 0, 0]),
 (35, [992, 114, 0, 1, 0, 780, 1099, 0, 1, 2, 2, 0, 0, 0, 0]),
 (35, [972, 37, 1, 1, 1, 1726, 876, 0, 1, 1, 0, 0, 0, 2, 0]),
 (35, [955, 25, 1, 0, 1, 519, 928, 0, 1, 2, 1, 1, 1, 0, 1]),
 (35, [886, 88, 1, 1, 1, 1501, 569, 0, 0, 2, 0, 1, 1, 0, 0]),
 (35, [580, 44, 1, 1, 0, 1385, 1486, 1, 1, 0, 3, 1, 2, 2, 2]),
 (35, [578, 114, 0, 0, 1, 1635, 640, 1, 0, 0, 2, 1, 1, 2, 0]),
 (35, [528, 16, 0, 1, 0, 1068, 812, 1, 0, 1, 4, 1, 2, 1, 0])]
Elapsed time is 1212.039835 seconds.
