 * Manually resetting nginx to stopped state
 * Manually resetting nginx to stopped state
 * Manually resetting nginx to stopped state
 * Manually resetting nginx to stopped state
 * Manually resetting nginx to stopped state
 * Manually resetting nginx to stopped state
 * Manually resetting nginx to stopped state
 * Manually resetting nginx to stopped state
 * Manually resetting nginx to stopped state
 * Manually resetting nginx to stopped state
 * Manually resetting nginx to stopped state
 * Manually resetting nginx to stopped state
 * Manually resetting nginx to stopped state
 * Manually resetting nginx to stopped state
 * Manually resetting nginx to stopped state
 * Manually resetting nginx to stopped state
 * Manually resetting nginx to stopped state
 * Manually resetting nginx to stopped state
 * Manually resetting nginx to stopped state
 * Manually resetting nginx to stopped state
genes: 15
individuals : 32
pressure: 5
mutation_chance: 0
generations: 15
crossover_type: 2
mutation_type_random: 1
Alerts:
35
Alerts:
35
Alerts:
35
Alerts:
35
Alerts:
35
Alerts:
35
Alerts:
35
Alerts:
35
Alerts:
35
Alerts:
35
Alerts:
35
Alerts:
35
Alerts:
35
Alerts:
35
Alerts:
35
Alerts:
35
Alerts:
35
Alerts:
35
Alerts:
35
Alerts:
35

Población de 32 individuos durante 15 generaciones
Población inicial:
[(999, [1675, 54, 0, 1, 0, 1096, 776, 1, 0, 3, 2, 1, 0, 2, 1]),
 (999, [1627, 58, 0, 0, 0, 1919, 1672, 1, 1, 1, 5, 0, 0, 2, 2]),
 (999, [1526, 27, 0, 1, 0, 617, 1461, 0, 1, 3, 1, 0, 1, 0, 0]),
 (999, [1456, 22, 1, 1, 0, 614, 1663, 1, 1, 3, 1, 0, 2, 0, 0]),
 (999, [1437, 56, 0, 1, 1, 774, 1537, 0, 1, 3, 3, 0, 1, 2, 2]),
 (999, [1392, 99, 0, 0, 0, 981, 683, 0, 1, 0, 5, 0, 0, 2, 1]),
 (999, [1374, 19, 0, 0, 0, 1779, 1778, 0, 1, 3, 3, 0, 2, 1, 2]),
 (999, [1017, 29, 1, 0, 1, 1619, 519, 0, 0, 3, 5, 0, 2, 2, 0]),
 (999, [918, 45, 1, 1, 0, 1555, 1717, 1, 1, 3, 2, 1, 1, 2, 0]),
 (999, [712, 16, 0, 1, 1, 770, 1002, 1, 1, 3, 3, 0, 0, 1, 0]),
 (999, [676, 70, 0, 0, 0, 1313, 1268, 0, 0, 3, 4, 0, 1, 1, 2]),
 (999, [609, 29, 1, 0, 1, 1743, 746, 1, 0, 3, 3, 0, 2, 1, 2]),
 (35, [1960, 42, 0, 0, 1, 1287, 1236, 0, 1, 2, 2, 0, 2, 0, 2]),
 (35, [1877, 14, 0, 1, 0, 1287, 1939, 0, 0, 1, 1, 0, 1, 2, 2]),
 (35, [1849, 11, 1, 0, 0, 1954, 741, 1, 0, 0, 3, 0, 0, 1, 1]),
 (35, [1624, 39, 1, 0, 0, 622, 909, 1, 0, 2, 0, 1, 2, 0, 0]),
 (35, [1622, 67, 1, 1, 0, 1242, 1940, 0, 0, 0, 4, 0, 0, 2, 1]),
 (35, [1602, 27, 1, 0, 0, 1817, 1749, 0, 1, 2, 4, 1, 2, 2, 0]),
 (35, [1565, 59, 1, 0, 0, 1185, 572, 0, 1, 2, 2, 1, 2, 1, 2]),
 (35, [1506, 94, 1, 1, 0, 1709, 1428, 0, 1, 2, 2, 1, 1, 1, 0]),
 (35, [1477, 103, 1, 0, 1, 1209, 2042, 0, 0, 2, 4, 1, 0, 2, 2]),
 (35, [1397, 68, 0, 1, 1, 1562, 1248, 0, 0, 0, 4, 0, 2, 1, 2]),
 (35, [1350, 73, 1, 1, 0, 1442, 1512, 0, 1, 0, 2, 0, 0, 0, 0]),
 (35, [1196, 86, 1, 1, 1, 1383, 955, 0, 1, 1, 4, 1, 1, 2, 1]),
 (35, [1119, 110, 0, 1, 1, 1125, 882, 0, 0, 0, 1, 1, 2, 0, 1]),
 (35, [1085, 104, 1, 0, 0, 1024, 1285, 1, 1, 0, 3, 1, 1, 1, 2]),
 (35, [831, 80, 0, 1, 1, 1361, 894, 0, 1, 1, 2, 1, 2, 0, 0]),
 (35, [690, 66, 1, 1, 1, 1888, 1002, 1, 1, 1, 4, 1, 1, 2, 2]),
 (35, [684, 120, 1, 0, 0, 1053, 1462, 1, 0, 2, 4, 1, 1, 1, 1]),
 (35, [638, 13, 1, 0, 0, 1792, 1697, 1, 0, 0, 0, 0, 2, 0, 1]),
 (35, [610, 25, 1, 0, 1, 1557, 1904, 0, 1, 0, 2, 0, 1, 1, 1]),
 (35, [558, 56, 1, 1, 1, 930, 739, 1, 1, 0, 4, 1, 1, 1, 2])]
Población final:
[(999, [1675, 54, 0, 1, 0, 1096, 776, 1, 0, 3, 2, 1, 0, 2, 1]),
 (999, [1627, 58, 0, 0, 0, 1919, 1672, 1, 1, 1, 5, 0, 0, 2, 2]),
 (999, [1526, 27, 0, 1, 0, 617, 1461, 0, 1, 3, 1, 0, 1, 0, 0]),
 (999, [1456, 22, 1, 1, 0, 614, 1663, 1, 1, 3, 1, 0, 2, 0, 0]),
 (999, [1437, 56, 0, 1, 1, 774, 1537, 0, 1, 3, 3, 0, 1, 2, 2]),
 (999, [1392, 99, 0, 0, 0, 981, 683, 0, 1, 0, 5, 0, 0, 2, 1]),
 (999, [1374, 19, 0, 0, 0, 1779, 1778, 0, 1, 3, 3, 0, 2, 1, 2]),
 (999, [1017, 29, 1, 0, 1, 1619, 519, 0, 0, 3, 5, 0, 2, 2, 0]),
 (999, [918, 45, 1, 1, 0, 1555, 1717, 1, 1, 3, 2, 1, 1, 2, 0]),
 (999, [712, 16, 0, 1, 1, 770, 1002, 1, 1, 3, 3, 0, 0, 1, 0]),
 (999, [676, 70, 0, 0, 0, 1313, 1268, 0, 0, 3, 4, 0, 1, 1, 2]),
 (999, [609, 29, 1, 0, 1, 1743, 746, 1, 0, 3, 3, 0, 2, 1, 2]),
 (35, [1960, 42, 0, 0, 1, 1287, 1236, 0, 1, 2, 2, 0, 2, 0, 2]),
 (35, [1877, 14, 0, 1, 0, 1287, 1939, 0, 0, 1, 1, 0, 1, 2, 2]),
 (35, [1849, 11, 1, 0, 0, 1954, 741, 1, 0, 0, 3, 0, 0, 1, 1]),
 (35, [1624, 39, 1, 0, 0, 622, 909, 1, 0, 2, 0, 1, 2, 0, 0]),
 (35, [1622, 67, 1, 1, 0, 1242, 1940, 0, 0, 0, 4, 0, 0, 2, 1]),
 (35, [1602, 27, 1, 0, 0, 1817, 1749, 0, 1, 2, 4, 1, 2, 2, 0]),
 (35, [1565, 59, 1, 0, 0, 1185, 572, 0, 1, 2, 2, 1, 2, 1, 2]),
 (35, [1506, 94, 1, 1, 0, 1709, 1428, 0, 1, 2, 2, 1, 1, 1, 0]),
 (35, [1477, 103, 1, 0, 1, 1209, 2042, 0, 0, 2, 4, 1, 0, 2, 2]),
 (35, [1397, 68, 0, 1, 1, 1562, 1248, 0, 0, 0, 4, 0, 2, 1, 2]),
 (35, [1350, 73, 1, 1, 0, 1442, 1512, 0, 1, 0, 2, 0, 0, 0, 0]),
 (35, [1196, 86, 1, 1, 1, 1383, 955, 0, 1, 1, 4, 1, 1, 2, 1]),
 (35, [1119, 110, 0, 1, 1, 1125, 882, 0, 0, 0, 1, 1, 2, 0, 1]),
 (35, [1085, 104, 1, 0, 0, 1024, 1285, 1, 1, 0, 3, 1, 1, 1, 2]),
 (35, [831, 80, 0, 1, 1, 1361, 894, 0, 1, 1, 2, 1, 2, 0, 0]),
 (35, [690, 66, 1, 1, 1, 1888, 1002, 1, 1, 1, 4, 1, 1, 2, 2]),
 (35, [684, 120, 1, 0, 0, 1053, 1462, 1, 0, 2, 4, 1, 1, 1, 1]),
 (35, [638, 13, 1, 0, 0, 1792, 1697, 1, 0, 0, 0, 0, 2, 0, 1]),
 (35, [610, 25, 1, 0, 1, 1557, 1904, 0, 1, 0, 2, 0, 1, 1, 1]),
 (35, [558, 56, 1, 1, 1, 930, 739, 1, 1, 0, 4, 1, 1, 1, 2])]
Elapsed time is 996.083735 seconds.
