 * Manually resetting nginx to stopped state
 * Manually resetting nginx to stopped state
 * Manually resetting nginx to stopped state
 * Manually resetting nginx to stopped state
 * Manually resetting nginx to stopped state
 * Manually resetting nginx to stopped state
 * Manually resetting nginx to stopped state
 * Manually resetting nginx to stopped state
 * Manually resetting nginx to stopped state
 * Manually resetting nginx to stopped state
 * Manually resetting nginx to stopped state
 * Manually resetting nginx to stopped state
 * Manually resetting nginx to stopped state
 * Manually resetting nginx to stopped state
 * Manually resetting nginx to stopped state
 * Manually resetting nginx to stopped state
 * Manually resetting nginx to stopped state
 * Manually resetting nginx to stopped state
genes: 15
individuals : 32
pressure: 5
mutation_chance: 0
generations: 15
crossover_type: 1
mutation_type_random: 0
Alerts:
35
Alerts:
35
Alerts:
35
Alerts:
35
Alerts:
35
Alerts:
35
Alerts:
35
Alerts:
35
Alerts:
35
Alerts:
35
Alerts:
35
Alerts:
35
Alerts:
35
Alerts:
35
Alerts:
35
Alerts:
35
Alerts:
35
Alerts:
35

Población de 32 individuos durante 15 generaciones
Población inicial:
[(999, [2045, 14, 1, 0, 1, 1271, 1600, 1, 0, 3, 1, 0, 0, 0, 1]),
 (999, [2025, 61, 0, 0, 0, 662, 1348, 1, 0, 0, 5, 0, 1, 2, 1]),
 (999, [1854, 20, 1, 1, 0, 817, 956, 0, 0, 1, 5, 0, 0, 2, 0]),
 (999, [1836, 71, 1, 0, 1, 535, 1445, 1, 1, 3, 4, 1, 2, 1, 2]),
 (999, [1376, 95, 0, 0, 1, 1670, 841, 0, 0, 3, 0, 1, 2, 1, 1]),
 (999, [1319, 63, 1, 1, 1, 1000, 530, 1, 0, 2, 5, 0, 2, 1, 0]),
 (999, [1072, 28, 1, 1, 1, 1425, 973, 1, 1, 3, 4, 0, 1, 0, 0]),
 (999, [1017, 27, 0, 1, 1, 1071, 1014, 1, 1, 3, 5, 1, 2, 1, 0]),
 (999, [1006, 22, 0, 0, 0, 1045, 1306, 0, 0, 3, 0, 0, 2, 1, 1]),
 (999, [920, 32, 0, 1, 1, 1251, 1756, 1, 1, 3, 0, 0, 0, 0, 1]),
 (999, [794, 26, 1, 0, 1, 678, 1051, 0, 0, 3, 3, 0, 0, 2, 0]),
 (999, [661, 97, 0, 1, 1, 678, 1589, 1, 1, 3, 0, 1, 2, 2, 1]),
 (999, [574, 68, 1, 0, 1, 1308, 1438, 0, 0, 1, 5, 0, 1, 2, 0]),
 (999, [528, 118, 1, 0, 0, 1522, 531, 1, 0, 3, 5, 0, 1, 0, 0]),
 (35, [1780, 65, 0, 0, 1, 1078, 1281, 1, 1, 0, 0, 1, 0, 2, 1]),
 (35, [1772, 112, 0, 0, 0, 645, 723, 0, 0, 1, 0, 1, 1, 1, 1]),
 (35, [1502, 22, 1, 0, 1, 522, 1380, 0, 0, 1, 3, 1, 0, 0, 0]),
 (35, [1472, 61, 0, 1, 0, 682, 2001, 1, 0, 2, 2, 0, 0, 2, 2]),
 (35, [1461, 24, 1, 1, 1, 825, 1871, 0, 0, 2, 1, 0, 2, 1, 2]),
 (35, [1452, 52, 0, 1, 1, 1104, 1452, 1, 0, 0, 1, 0, 1, 1, 0]),
 (35, [1330, 64, 0, 0, 0, 2029, 1620, 0, 1, 2, 4, 1, 1, 0, 1]),
 (35, [1138, 47, 1, 1, 0, 1600, 1180, 0, 0, 0, 0, 0, 1, 1, 1]),
 (35, [1125, 44, 0, 1, 0, 797, 1225, 0, 0, 0, 2, 1, 2, 2, 2]),
 (35, [986, 20, 1, 1, 1, 1714, 1722, 1, 0, 1, 1, 1, 0, 1, 2]),
 (35, [886, 88, 0, 1, 1, 743, 1911, 1, 0, 1, 3, 1, 1, 2, 2]),
 (35, [815, 112, 1, 1, 0, 1126, 1222, 1, 0, 1, 1, 0, 1, 1, 1]),
 (35, [778, 27, 0, 1, 1, 1377, 1480, 1, 0, 1, 2, 1, 1, 0, 2]),
 (35, [638, 62, 0, 0, 1, 1750, 1682, 0, 0, 1, 0, 0, 2, 0, 1]),
 (35, [606, 51, 1, 0, 0, 676, 1536, 1, 1, 0, 4, 0, 0, 1, 1]),
 (35, [557, 24, 0, 0, 1, 529, 1539, 0, 1, 2, 4, 0, 2, 1, 2]),
 (35, [551, 57, 0, 0, 0, 1174, 796, 1, 1, 1, 4, 1, 2, 0, 2]),
 (35, [520, 90, 0, 1, 0, 710, 1964, 1, 1, 1, 4, 0, 1, 2, 0])]
Población final:
[(999, [2045, 14, 1, 0, 1, 1271, 1600, 1, 0, 3, 1, 0, 0, 0, 1]),
 (999, [2025, 61, 0, 0, 0, 662, 1348, 1, 0, 0, 5, 0, 1, 2, 1]),
 (999, [1854, 20, 1, 1, 0, 817, 956, 0, 0, 1, 5, 0, 0, 2, 0]),
 (999, [1836, 71, 1, 0, 1, 535, 1445, 1, 1, 3, 4, 1, 2, 1, 2]),
 (999, [1376, 95, 0, 0, 1, 1670, 841, 0, 0, 3, 0, 1, 2, 1, 1]),
 (999, [1319, 63, 1, 1, 1, 1000, 530, 1, 0, 2, 5, 0, 2, 1, 0]),
 (999, [1072, 28, 1, 1, 1, 1425, 973, 1, 1, 3, 4, 0, 1, 0, 0]),
 (999, [1017, 27, 0, 1, 1, 1071, 1014, 1, 1, 3, 5, 1, 2, 1, 0]),
 (999, [1006, 22, 0, 0, 0, 1045, 1306, 0, 0, 3, 0, 0, 2, 1, 1]),
 (999, [920, 32, 0, 1, 1, 1251, 1756, 1, 1, 3, 0, 0, 0, 0, 1]),
 (999, [794, 26, 1, 0, 1, 678, 1051, 0, 0, 3, 3, 0, 0, 2, 0]),
 (999, [661, 97, 0, 1, 1, 678, 1589, 1, 1, 3, 0, 1, 2, 2, 1]),
 (999, [574, 68, 1, 0, 1, 1308, 1438, 0, 0, 1, 5, 0, 1, 2, 0]),
 (999, [528, 118, 1, 0, 0, 1522, 531, 1, 0, 3, 5, 0, 1, 0, 0]),
 (35, [1780, 65, 0, 0, 1, 1078, 1281, 1, 1, 0, 0, 1, 0, 2, 1]),
 (35, [1772, 112, 0, 0, 0, 645, 723, 0, 0, 1, 0, 1, 1, 1, 1]),
 (35, [1502, 22, 1, 0, 1, 522, 1380, 0, 0, 1, 3, 1, 0, 0, 0]),
 (35, [1472, 61, 0, 1, 0, 682, 2001, 1, 0, 2, 2, 0, 0, 2, 2]),
 (35, [1461, 24, 1, 1, 1, 825, 1871, 0, 0, 2, 1, 0, 2, 1, 2]),
 (35, [1452, 52, 0, 1, 1, 1104, 1452, 1, 0, 0, 1, 0, 1, 1, 0]),
 (35, [1330, 64, 0, 0, 0, 2029, 1620, 0, 1, 2, 4, 1, 1, 0, 1]),
 (35, [1138, 47, 1, 1, 0, 1600, 1180, 0, 0, 0, 0, 0, 1, 1, 1]),
 (35, [1125, 44, 0, 1, 0, 797, 1225, 0, 0, 0, 2, 1, 2, 2, 2]),
 (35, [986, 20, 1, 1, 1, 1714, 1722, 1, 0, 1, 1, 1, 0, 1, 2]),
 (35, [886, 88, 0, 1, 1, 743, 1911, 1, 0, 1, 3, 1, 1, 2, 2]),
 (35, [815, 112, 1, 1, 0, 1126, 1222, 1, 0, 1, 1, 0, 1, 1, 1]),
 (35, [778, 27, 0, 1, 1, 1377, 1480, 1, 0, 1, 2, 1, 1, 0, 2]),
 (35, [638, 62, 0, 0, 1, 1750, 1682, 0, 0, 1, 0, 0, 2, 0, 1]),
 (35, [606, 51, 1, 0, 0, 676, 1536, 1, 1, 0, 4, 0, 0, 1, 1]),
 (35, [557, 24, 0, 0, 1, 529, 1539, 0, 1, 2, 4, 0, 2, 1, 2]),
 (35, [551, 57, 0, 0, 0, 1174, 796, 1, 1, 1, 4, 1, 2, 0, 2]),
 (35, [520, 90, 0, 1, 0, 710, 1964, 1, 1, 1, 4, 0, 1, 2, 0])]
Elapsed time is 1871.602568 seconds.
