 * Manually resetting nginx to stopped state
 * Manually resetting nginx to stopped state
 * Manually resetting nginx to stopped state
 * Manually resetting nginx to stopped state
 * Manually resetting nginx to stopped state
 * Manually resetting nginx to stopped state
 * Manually resetting nginx to stopped state
 * Manually resetting nginx to stopped state
 * Manually resetting nginx to stopped state
 * Manually resetting nginx to stopped state
 * Manually resetting nginx to stopped state
 * Manually resetting nginx to stopped state
 * Manually resetting nginx to stopped state
 * Manually resetting nginx to stopped state
 * Manually resetting nginx to stopped state
 * Manually resetting nginx to stopped state
 * Manually resetting nginx to stopped state
 * Manually resetting nginx to stopped state
 * Manually resetting nginx to stopped state
 * Manually resetting nginx to stopped state
genes: 15
individuals : 32
pressure: 5
mutation_chance: 0
generations: 15
crossover_type: 2
mutation_type_random: 1
Alerts:
35
Alerts:
35
Alerts:
35
Alerts:
35
Alerts:
35
Alerts:
35
Alerts:
35
Alerts:
35
Alerts:
35
Alerts:
35
Alerts:
35
Alerts:
35
Alerts:
35
Alerts:
35
Alerts:
35
Alerts:
35
Alerts:
35
Alerts:
35
Alerts:
35
Alerts:
35

Población de 32 individuos durante 15 generaciones
Población inicial:
[(999, [1979, 118, 1, 1, 0, 1581, 1457, 1, 1, 3, 2, 0, 1, 2, 2]),
 (999, [1883, 48, 1, 0, 0, 1455, 1763, 1, 0, 0, 5, 1, 1, 2, 0]),
 (999, [1637, 108, 1, 1, 0, 1653, 1728, 0, 1, 3, 2, 1, 2, 1, 2]),
 (999, [1214, 77, 1, 1, 0, 1291, 1214, 1, 1, 3, 3, 1, 2, 0, 1]),
 (999, [1191, 53, 0, 1, 0, 874, 666, 0, 0, 3, 3, 1, 2, 0, 1]),
 (999, [1040, 56, 0, 1, 0, 1921, 721, 1, 0, 3, 2, 1, 1, 2, 0]),
 (999, [997, 52, 1, 0, 0, 1459, 1433, 1, 1, 3, 2, 0, 1, 0, 2]),
 (999, [932, 81, 0, 0, 0, 653, 724, 1, 1, 3, 0, 0, 0, 0, 0]),
 (999, [850, 52, 1, 1, 1, 717, 1001, 1, 1, 0, 5, 1, 2, 1, 2]),
 (999, [801, 69, 0, 1, 0, 1053, 1498, 0, 0, 3, 1, 1, 2, 1, 1]),
 (999, [690, 64, 1, 0, 1, 1466, 1181, 1, 0, 3, 3, 0, 0, 0, 0]),
 (999, [601, 120, 1, 1, 0, 1545, 956, 0, 0, 3, 3, 1, 0, 2, 1]),
 (35, [2045, 27, 0, 0, 0, 1762, 1787, 1, 0, 1, 2, 1, 1, 2, 1]),
 (35, [1996, 83, 1, 1, 0, 1020, 1633, 0, 1, 1, 4, 1, 0, 2, 1]),
 (35, [1942, 70, 0, 1, 0, 1283, 547, 1, 1, 1, 2, 1, 2, 1, 0]),
 (35, [1925, 40, 1, 0, 0, 1561, 1207, 1, 0, 1, 3, 1, 1, 0, 1]),
 (35, [1659, 23, 1, 0, 1, 1425, 892, 0, 0, 1, 4, 1, 1, 0, 0]),
 (35, [1394, 93, 1, 0, 0, 924, 726, 0, 1, 2, 4, 1, 2, 1, 2]),
 (35, [1352, 65, 0, 0, 1, 631, 1735, 1, 0, 0, 2, 1, 0, 1, 2]),
 (35, [1317, 38, 1, 1, 0, 787, 1014, 0, 0, 0, 2, 0, 1, 2, 2]),
 (35, [1311, 75, 1, 1, 0, 663, 2036, 0, 1, 2, 3, 0, 2, 0, 0]),
 (35, [1170, 43, 1, 0, 1, 1109, 1490, 1, 1, 1, 4, 0, 2, 1, 2]),
 (35, [1139, 112, 0, 0, 1, 750, 657, 1, 0, 0, 1, 0, 2, 0, 1]),
 (35, [1104, 13, 1, 0, 0, 1885, 1030, 1, 0, 0, 0, 1, 1, 0, 0]),
 (35, [1003, 43, 0, 1, 0, 1822, 1311, 0, 1, 2, 2, 1, 2, 2, 0]),
 (35, [997, 16, 0, 1, 1, 628, 524, 1, 0, 2, 3, 1, 1, 1, 1]),
 (35, [926, 60, 1, 1, 1, 1158, 1441, 1, 0, 0, 3, 0, 1, 0, 2]),
 (35, [905, 54, 0, 1, 0, 1268, 1613, 1, 0, 0, 0, 1, 1, 1, 1]),
 (35, [783, 22, 1, 0, 1, 1392, 843, 0, 0, 2, 2, 1, 2, 2, 0]),
 (35, [772, 41, 0, 0, 0, 1299, 735, 1, 0, 1, 2, 0, 0, 1, 2]),
 (35, [646, 96, 1, 0, 0, 975, 721, 1, 0, 0, 0, 1, 0, 0, 0]),
 (35, [644, 27, 0, 1, 1, 969, 1549, 1, 1, 2, 1, 0, 0, 0, 2])]
Población final:
[(999, [1979, 118, 1, 1, 0, 1581, 1457, 1, 1, 3, 2, 0, 1, 2, 2]),
 (999, [1883, 48, 1, 0, 0, 1455, 1763, 1, 0, 0, 5, 1, 1, 2, 0]),
 (999, [1637, 108, 1, 1, 0, 1653, 1728, 0, 1, 3, 2, 1, 2, 1, 2]),
 (999, [1214, 77, 1, 1, 0, 1291, 1214, 1, 1, 3, 3, 1, 2, 0, 1]),
 (999, [1191, 53, 0, 1, 0, 874, 666, 0, 0, 3, 3, 1, 2, 0, 1]),
 (999, [1040, 56, 0, 1, 0, 1921, 721, 1, 0, 3, 2, 1, 1, 2, 0]),
 (999, [997, 52, 1, 0, 0, 1459, 1433, 1, 1, 3, 2, 0, 1, 0, 2]),
 (999, [932, 81, 0, 0, 0, 653, 724, 1, 1, 3, 0, 0, 0, 0, 0]),
 (999, [850, 52, 1, 1, 1, 717, 1001, 1, 1, 0, 5, 1, 2, 1, 2]),
 (999, [801, 69, 0, 1, 0, 1053, 1498, 0, 0, 3, 1, 1, 2, 1, 1]),
 (999, [690, 64, 1, 0, 1, 1466, 1181, 1, 0, 3, 3, 0, 0, 0, 0]),
 (999, [601, 120, 1, 1, 0, 1545, 956, 0, 0, 3, 3, 1, 0, 2, 1]),
 (35, [2045, 27, 0, 0, 0, 1762, 1787, 1, 0, 1, 2, 1, 1, 2, 1]),
 (35, [1996, 83, 1, 1, 0, 1020, 1633, 0, 1, 1, 4, 1, 0, 2, 1]),
 (35, [1942, 70, 0, 1, 0, 1283, 547, 1, 1, 1, 2, 1, 2, 1, 0]),
 (35, [1925, 40, 1, 0, 0, 1561, 1207, 1, 0, 1, 3, 1, 1, 0, 1]),
 (35, [1659, 23, 1, 0, 1, 1425, 892, 0, 0, 1, 4, 1, 1, 0, 0]),
 (35, [1394, 93, 1, 0, 0, 924, 726, 0, 1, 2, 4, 1, 2, 1, 2]),
 (35, [1352, 65, 0, 0, 1, 631, 1735, 1, 0, 0, 2, 1, 0, 1, 2]),
 (35, [1317, 38, 1, 1, 0, 787, 1014, 0, 0, 0, 2, 0, 1, 2, 2]),
 (35, [1311, 75, 1, 1, 0, 663, 2036, 0, 1, 2, 3, 0, 2, 0, 0]),
 (35, [1170, 43, 1, 0, 1, 1109, 1490, 1, 1, 1, 4, 0, 2, 1, 2]),
 (35, [1139, 112, 0, 0, 1, 750, 657, 1, 0, 0, 1, 0, 2, 0, 1]),
 (35, [1104, 13, 1, 0, 0, 1885, 1030, 1, 0, 0, 0, 1, 1, 0, 0]),
 (35, [1003, 43, 0, 1, 0, 1822, 1311, 0, 1, 2, 2, 1, 2, 2, 0]),
 (35, [997, 16, 0, 1, 1, 628, 524, 1, 0, 2, 3, 1, 1, 1, 1]),
 (35, [926, 60, 1, 1, 1, 1158, 1441, 1, 0, 0, 3, 0, 1, 0, 2]),
 (35, [905, 54, 0, 1, 0, 1268, 1613, 1, 0, 0, 0, 1, 1, 1, 1]),
 (35, [783, 22, 1, 0, 1, 1392, 843, 0, 0, 2, 2, 1, 2, 2, 0]),
 (35, [772, 41, 0, 0, 0, 1299, 735, 1, 0, 1, 2, 0, 0, 1, 2]),
 (35, [646, 96, 1, 0, 0, 975, 721, 1, 0, 0, 0, 1, 0, 0, 0]),
 (35, [644, 27, 0, 1, 1, 969, 1549, 1, 1, 2, 1, 0, 0, 0, 2])]
Elapsed time is 2003.837905 seconds.
