 * Manually resetting nginx to stopped state
 * Manually resetting nginx to stopped state
 * Manually resetting nginx to stopped state
 * Manually resetting nginx to stopped state
 * Manually resetting nginx to stopped state
 * Manually resetting nginx to stopped state
 * Manually resetting nginx to stopped state
 * Manually resetting nginx to stopped state
 * Manually resetting nginx to stopped state
 * Manually resetting nginx to stopped state
 * Manually resetting nginx to stopped state
 * Manually resetting nginx to stopped state
 * Manually resetting nginx to stopped state
 * Manually resetting nginx to stopped state
 * Manually resetting nginx to stopped state
 * Manually resetting nginx to stopped state
 * Manually resetting nginx to stopped state
 * Manually resetting nginx to stopped state
 * Manually resetting nginx to stopped state
 * Manually resetting nginx to stopped state
 * Manually resetting nginx to stopped state
 * Manually resetting nginx to stopped state
 * Manually resetting nginx to stopped state
genes: 15
individuals : 32
pressure: 5
mutation_chance: 0
generations: 15
crossover_type: 2
mutation_type_random: 1
Alerts:
35
Alerts:
35
Alerts:
35
Alerts:
35
Alerts:
35
Alerts:
35
Alerts:
35
Alerts:
35
Alerts:
35
Alerts:
35
Alerts:
35
Alerts:
35
Alerts:
35
Alerts:
35
Alerts:
35
Alerts:
35
Alerts:
35
Alerts:
35
Alerts:
35
Alerts:
35
Alerts:
35
Alerts:
35
Alerts:
35

Población de 32 individuos durante 15 generaciones
Población inicial:
[(999, [1905, 33, 1, 0, 0, 874, 759, 0, 0, 2, 5, 1, 0, 0, 2]),
 (999, [1887, 96, 1, 1, 1, 1432, 1286, 1, 0, 2, 5, 1, 2, 1, 2]),
 (999, [1453, 101, 1, 1, 0, 542, 1482, 1, 0, 3, 4, 0, 1, 0, 0]),
 (999, [1391, 98, 1, 1, 0, 1927, 942, 1, 0, 3, 2, 0, 2, 2, 1]),
 (999, [1227, 16, 0, 1, 0, 1443, 1554, 1, 1, 3, 5, 1, 2, 0, 2]),
 (999, [888, 83, 0, 1, 0, 1870, 573, 0, 0, 3, 5, 1, 0, 0, 0]),
 (999, [880, 70, 0, 1, 0, 954, 1063, 0, 0, 2, 5, 0, 1, 2, 2]),
 (999, [745, 117, 1, 0, 0, 1312, 1678, 0, 0, 3, 1, 1, 2, 2, 1]),
 (999, [595, 32, 0, 0, 0, 1012, 971, 1, 0, 2, 5, 1, 1, 2, 1]),
 (35, [2036, 18, 1, 1, 0, 1476, 1292, 1, 0, 2, 2, 1, 0, 2, 1]),
 (35, [2016, 73, 0, 1, 0, 728, 978, 0, 1, 0, 3, 1, 1, 1, 0]),
 (35, [1977, 88, 1, 0, 0, 1993, 808, 1, 0, 2, 1, 0, 1, 0, 0]),
 (35, [1973, 51, 0, 0, 0, 1706, 660, 0, 1, 0, 3, 1, 1, 1, 2]),
 (35, [1886, 103, 1, 0, 1, 752, 1484, 1, 0, 0, 2, 0, 0, 1, 2]),
 (35, [1751, 113, 0, 1, 0, 1555, 663, 1, 1, 0, 1, 1, 0, 0, 1]),
 (35, [1744, 67, 1, 0, 1, 2010, 1855, 0, 1, 1, 3, 1, 1, 1, 0]),
 (35, [1704, 25, 0, 0, 0, 710, 1179, 1, 1, 1, 0, 1, 1, 1, 1]),
 (35, [1675, 39, 0, 1, 1, 1047, 1684, 1, 1, 1, 1, 1, 1, 1, 1]),
 (35, [1616, 22, 0, 0, 1, 654, 1089, 0, 1, 2, 3, 1, 0, 1, 1]),
 (35, [1608, 91, 0, 1, 1, 1264, 1286, 0, 1, 2, 0, 0, 2, 2, 0]),
 (35, [1581, 15, 0, 0, 1, 1455, 1677, 1, 0, 1, 0, 0, 1, 2, 0]),
 (35, [1511, 52, 1, 1, 1, 2012, 1351, 0, 1, 0, 0, 1, 2, 1, 2]),
 (35, [1494, 14, 1, 1, 1, 1866, 816, 1, 0, 2, 3, 0, 2, 1, 2]),
 (35, [1452, 27, 0, 1, 1, 1680, 2000, 0, 1, 1, 4, 1, 0, 0, 1]),
 (35, [1189, 34, 0, 1, 0, 1531, 1237, 1, 1, 0, 0, 0, 0, 2, 0]),
 (35, [1044, 83, 0, 1, 0, 1721, 1308, 1, 1, 0, 3, 0, 0, 2, 2]),
 (35, [927, 22, 0, 1, 1, 593, 733, 1, 0, 2, 3, 0, 2, 0, 2]),
 (35, [607, 72, 1, 1, 0, 1853, 1351, 0, 1, 1, 1, 0, 1, 0, 2]),
 (35, [594, 112, 1, 1, 1, 1209, 1893, 0, 0, 1, 0, 1, 2, 2, 0]),
 (35, [593, 75, 1, 1, 0, 1131, 543, 1, 0, 2, 1, 1, 1, 0, 2]),
 (35, [555, 79, 0, 0, 1, 2015, 1703, 0, 1, 1, 0, 0, 2, 2, 2]),
 (35, [522, 31, 1, 0, 1, 822, 1205, 0, 0, 1, 0, 1, 1, 1, 2])]
Población final:
[(999, [1905, 33, 1, 0, 0, 874, 759, 0, 0, 2, 5, 1, 0, 0, 2]),
 (999, [1887, 96, 1, 1, 1, 1432, 1286, 1, 0, 2, 5, 1, 2, 1, 2]),
 (999, [1453, 101, 1, 1, 0, 542, 1482, 1, 0, 3, 4, 0, 1, 0, 0]),
 (999, [1391, 98, 1, 1, 0, 1927, 942, 1, 0, 3, 2, 0, 2, 2, 1]),
 (999, [1227, 16, 0, 1, 0, 1443, 1554, 1, 1, 3, 5, 1, 2, 0, 2]),
 (999, [888, 83, 0, 1, 0, 1870, 573, 0, 0, 3, 5, 1, 0, 0, 0]),
 (999, [880, 70, 0, 1, 0, 954, 1063, 0, 0, 2, 5, 0, 1, 2, 2]),
 (999, [745, 117, 1, 0, 0, 1312, 1678, 0, 0, 3, 1, 1, 2, 2, 1]),
 (999, [595, 32, 0, 0, 0, 1012, 971, 1, 0, 2, 5, 1, 1, 2, 1]),
 (35, [2036, 18, 1, 1, 0, 1476, 1292, 1, 0, 2, 2, 1, 0, 2, 1]),
 (35, [2016, 73, 0, 1, 0, 728, 978, 0, 1, 0, 3, 1, 1, 1, 0]),
 (35, [1977, 88, 1, 0, 0, 1993, 808, 1, 0, 2, 1, 0, 1, 0, 0]),
 (35, [1973, 51, 0, 0, 0, 1706, 660, 0, 1, 0, 3, 1, 1, 1, 2]),
 (35, [1886, 103, 1, 0, 1, 752, 1484, 1, 0, 0, 2, 0, 0, 1, 2]),
 (35, [1751, 113, 0, 1, 0, 1555, 663, 1, 1, 0, 1, 1, 0, 0, 1]),
 (35, [1744, 67, 1, 0, 1, 2010, 1855, 0, 1, 1, 3, 1, 1, 1, 0]),
 (35, [1704, 25, 0, 0, 0, 710, 1179, 1, 1, 1, 0, 1, 1, 1, 1]),
 (35, [1675, 39, 0, 1, 1, 1047, 1684, 1, 1, 1, 1, 1, 1, 1, 1]),
 (35, [1616, 22, 0, 0, 1, 654, 1089, 0, 1, 2, 3, 1, 0, 1, 1]),
 (35, [1608, 91, 0, 1, 1, 1264, 1286, 0, 1, 2, 0, 0, 2, 2, 0]),
 (35, [1581, 15, 0, 0, 1, 1455, 1677, 1, 0, 1, 0, 0, 1, 2, 0]),
 (35, [1511, 52, 1, 1, 1, 2012, 1351, 0, 1, 0, 0, 1, 2, 1, 2]),
 (35, [1494, 14, 1, 1, 1, 1866, 816, 1, 0, 2, 3, 0, 2, 1, 2]),
 (35, [1452, 27, 0, 1, 1, 1680, 2000, 0, 1, 1, 4, 1, 0, 0, 1]),
 (35, [1189, 34, 0, 1, 0, 1531, 1237, 1, 1, 0, 0, 0, 0, 2, 0]),
 (35, [1044, 83, 0, 1, 0, 1721, 1308, 1, 1, 0, 3, 0, 0, 2, 2]),
 (35, [927, 22, 0, 1, 1, 593, 733, 1, 0, 2, 3, 0, 2, 0, 2]),
 (35, [607, 72, 1, 1, 0, 1853, 1351, 0, 1, 1, 1, 0, 1, 0, 2]),
 (35, [594, 112, 1, 1, 1, 1209, 1893, 0, 0, 1, 0, 1, 2, 2, 0]),
 (35, [593, 75, 1, 1, 0, 1131, 543, 1, 0, 2, 1, 1, 1, 0, 2]),
 (35, [555, 79, 0, 0, 1, 2015, 1703, 0, 1, 1, 0, 0, 2, 2, 2]),
 (35, [522, 31, 1, 0, 1, 822, 1205, 0, 0, 1, 0, 1, 1, 1, 2])]
Elapsed time is 2331.251893 seconds.
