 * Manually resetting nginx to stopped state
 * Manually resetting nginx to stopped state
 * Manually resetting nginx to stopped state
 * Manually resetting nginx to stopped state
 * Manually resetting nginx to stopped state
 * Manually resetting nginx to stopped state
 * Manually resetting nginx to stopped state
 * Manually resetting nginx to stopped state
 * Manually resetting nginx to stopped state
 * Manually resetting nginx to stopped state
 * Manually resetting nginx to stopped state
 * Manually resetting nginx to stopped state
 * Manually resetting nginx to stopped state
 * Manually resetting nginx to stopped state
 * Manually resetting nginx to stopped state
 * Manually resetting nginx to stopped state
 * Manually resetting nginx to stopped state
 * Manually resetting nginx to stopped state
 * Manually resetting nginx to stopped state
 * Manually resetting nginx to stopped state
 * Manually resetting nginx to stopped state
genes: 15
individuals : 32
pressure: 5
mutation_chance: 0
generations: 15
crossover_type: 1
mutation_type_random: 0
Alerts:
35
Alerts:
35
Alerts:
35
Alerts:
35
Alerts:
35
Alerts:
35
Alerts:
35
Alerts:
35
Alerts:
35
Alerts:
35
Alerts:
35
Alerts:
35
Alerts:
35
Alerts:
35
Alerts:
35
Alerts:
35
Alerts:
35
Alerts:
35
Alerts:
35
Alerts:
35
Alerts:
35

Población de 32 individuos durante 15 generaciones
Población inicial:
[(999, [1951, 22, 0, 0, 0, 1696, 1504, 0, 0, 1, 5, 1, 2, 0, 1]),
 (999, [1906, 83, 1, 0, 0, 657, 1714, 1, 0, 0, 5, 0, 1, 0, 1]),
 (999, [1905, 48, 0, 0, 1, 1542, 520, 1, 1, 1, 5, 1, 2, 2, 0]),
 (999, [1881, 30, 1, 0, 0, 547, 883, 1, 0, 0, 5, 0, 0, 1, 2]),
 (999, [1687, 84, 0, 0, 1, 1472, 1120, 1, 1, 1, 5, 1, 0, 2, 1]),
 (999, [1670, 37, 1, 0, 0, 593, 1078, 1, 0, 1, 5, 0, 0, 0, 0]),
 (999, [1609, 102, 0, 0, 1, 1227, 1522, 1, 0, 3, 2, 1, 1, 0, 2]),
 (999, [810, 116, 0, 0, 1, 776, 1414, 1, 0, 3, 3, 0, 1, 1, 2]),
 (999, [810, 69, 1, 0, 1, 768, 828, 1, 0, 3, 4, 0, 0, 0, 1]),
 (999, [767, 114, 0, 1, 1, 1760, 1020, 1, 0, 0, 5, 0, 1, 2, 1]),
 (999, [658, 99, 1, 0, 0, 775, 1771, 0, 1, 3, 5, 0, 0, 0, 2]),
 (35, [1902, 120, 1, 0, 1, 1318, 2003, 0, 1, 2, 3, 1, 0, 0, 1]),
 (35, [1871, 111, 1, 0, 1, 1235, 974, 1, 1, 2, 3, 0, 0, 2, 1]),
 (35, [1806, 104, 0, 1, 0, 1639, 692, 1, 0, 1, 3, 0, 0, 1, 2]),
 (35, [1754, 109, 1, 0, 1, 1460, 1032, 1, 0, 2, 0, 1, 0, 1, 1]),
 (35, [1706, 106, 1, 0, 0, 849, 734, 1, 1, 1, 0, 1, 0, 1, 2]),
 (35, [1602, 34, 0, 0, 1, 565, 1438, 0, 0, 0, 2, 1, 0, 2, 0]),
 (35, [1526, 59, 0, 0, 0, 1757, 1552, 0, 1, 2, 1, 1, 0, 1, 2]),
 (35, [1416, 103, 1, 1, 1, 1404, 787, 1, 1, 1, 0, 1, 2, 1, 1]),
 (35, [1370, 60, 0, 1, 0, 670, 1477, 1, 0, 2, 4, 0, 0, 1, 0]),
 (35, [1357, 85, 0, 0, 1, 1890, 718, 0, 0, 1, 3, 1, 2, 2, 1]),
 (35, [1326, 92, 0, 0, 1, 1802, 1279, 0, 0, 1, 0, 1, 0, 2, 2]),
 (35, [1243, 71, 1, 1, 1, 1926, 928, 1, 1, 2, 4, 0, 2, 1, 2]),
 (35, [1220, 103, 0, 1, 1, 764, 930, 1, 0, 2, 4, 0, 1, 1, 1]),
 (35, [1129, 98, 1, 0, 0, 753, 823, 1, 0, 0, 1, 0, 1, 0, 1]),
 (35, [1065, 77, 0, 1, 0, 842, 524, 1, 1, 2, 0, 0, 0, 0, 0]),
 (35, [933, 42, 0, 1, 1, 695, 1177, 1, 0, 0, 3, 0, 1, 0, 0]),
 (35, [880, 48, 0, 0, 0, 2047, 1386, 0, 1, 2, 4, 1, 0, 2, 0]),
 (35, [876, 12, 1, 1, 1, 1460, 1017, 0, 1, 2, 3, 1, 2, 0, 1]),
 (35, [747, 30, 1, 1, 0, 701, 951, 0, 1, 0, 4, 1, 0, 2, 2]),
 (35, [707, 15, 1, 0, 1, 1778, 705, 1, 0, 0, 3, 0, 2, 1, 0]),
 (35, [691, 58, 1, 1, 1, 1876, 952, 0, 0, 0, 1, 1, 1, 1, 0])]
Población final:
[(999, [1951, 22, 0, 0, 0, 1696, 1504, 0, 0, 1, 5, 1, 2, 0, 1]),
 (999, [1906, 83, 1, 0, 0, 657, 1714, 1, 0, 0, 5, 0, 1, 0, 1]),
 (999, [1905, 48, 0, 0, 1, 1542, 520, 1, 1, 1, 5, 1, 2, 2, 0]),
 (999, [1881, 30, 1, 0, 0, 547, 883, 1, 0, 0, 5, 0, 0, 1, 2]),
 (999, [1687, 84, 0, 0, 1, 1472, 1120, 1, 1, 1, 5, 1, 0, 2, 1]),
 (999, [1670, 37, 1, 0, 0, 593, 1078, 1, 0, 1, 5, 0, 0, 0, 0]),
 (999, [1609, 102, 0, 0, 1, 1227, 1522, 1, 0, 3, 2, 1, 1, 0, 2]),
 (999, [810, 116, 0, 0, 1, 776, 1414, 1, 0, 3, 3, 0, 1, 1, 2]),
 (999, [810, 69, 1, 0, 1, 768, 828, 1, 0, 3, 4, 0, 0, 0, 1]),
 (999, [767, 114, 0, 1, 1, 1760, 1020, 1, 0, 0, 5, 0, 1, 2, 1]),
 (999, [658, 99, 1, 0, 0, 775, 1771, 0, 1, 3, 5, 0, 0, 0, 2]),
 (35, [1902, 120, 1, 0, 1, 1318, 2003, 0, 1, 2, 3, 1, 0, 0, 1]),
 (35, [1871, 111, 1, 0, 1, 1235, 974, 1, 1, 2, 3, 0, 0, 2, 1]),
 (35, [1806, 104, 0, 1, 0, 1639, 692, 1, 0, 1, 3, 0, 0, 1, 2]),
 (35, [1754, 109, 1, 0, 1, 1460, 1032, 1, 0, 2, 0, 1, 0, 1, 1]),
 (35, [1706, 106, 1, 0, 0, 849, 734, 1, 1, 1, 0, 1, 0, 1, 2]),
 (35, [1602, 34, 0, 0, 1, 565, 1438, 0, 0, 0, 2, 1, 0, 2, 0]),
 (35, [1526, 59, 0, 0, 0, 1757, 1552, 0, 1, 2, 1, 1, 0, 1, 2]),
 (35, [1416, 103, 1, 1, 1, 1404, 787, 1, 1, 1, 0, 1, 2, 1, 1]),
 (35, [1370, 60, 0, 1, 0, 670, 1477, 1, 0, 2, 4, 0, 0, 1, 0]),
 (35, [1357, 85, 0, 0, 1, 1890, 718, 0, 0, 1, 3, 1, 2, 2, 1]),
 (35, [1326, 92, 0, 0, 1, 1802, 1279, 0, 0, 1, 0, 1, 0, 2, 2]),
 (35, [1243, 71, 1, 1, 1, 1926, 928, 1, 1, 2, 4, 0, 2, 1, 2]),
 (35, [1220, 103, 0, 1, 1, 764, 930, 1, 0, 2, 4, 0, 1, 1, 1]),
 (35, [1129, 98, 1, 0, 0, 753, 823, 1, 0, 0, 1, 0, 1, 0, 1]),
 (35, [1065, 77, 0, 1, 0, 842, 524, 1, 1, 2, 0, 0, 0, 0, 0]),
 (35, [933, 42, 0, 1, 1, 695, 1177, 1, 0, 0, 3, 0, 1, 0, 0]),
 (35, [880, 48, 0, 0, 0, 2047, 1386, 0, 1, 2, 4, 1, 0, 2, 0]),
 (35, [876, 12, 1, 1, 1, 1460, 1017, 0, 1, 2, 3, 1, 2, 0, 1]),
 (35, [747, 30, 1, 1, 0, 701, 951, 0, 1, 0, 4, 1, 0, 2, 2]),
 (35, [707, 15, 1, 0, 1, 1778, 705, 1, 0, 0, 3, 0, 2, 1, 0]),
 (35, [691, 58, 1, 1, 1, 1876, 952, 0, 0, 0, 1, 1, 1, 1, 0])]
Elapsed time is 1125.973574 seconds.
