 * Manually resetting nginx to stopped state
 * Manually resetting nginx to stopped state
 * Manually resetting nginx to stopped state
 * Manually resetting nginx to stopped state
 * Manually resetting nginx to stopped state
 * Manually resetting nginx to stopped state
 * Manually resetting nginx to stopped state
 * Manually resetting nginx to stopped state
 * Manually resetting nginx to stopped state
 * Manually resetting nginx to stopped state
 * Manually resetting nginx to stopped state
 * Manually resetting nginx to stopped state
 * Manually resetting nginx to stopped state
 * Manually resetting nginx to stopped state
 * Manually resetting nginx to stopped state
 * Manually resetting nginx to stopped state
 * Manually resetting nginx to stopped state
 * Manually resetting nginx to stopped state
 * Manually resetting nginx to stopped state
 * Manually resetting nginx to stopped state
 * Manually resetting nginx to stopped state
 * Manually resetting nginx to stopped state
genes: 15
individuals : 32
pressure: 5
mutation_chance: 0
generations: 15
crossover_type: 1
mutation_type_random: 1
Alerts:
35
Alerts:
35
Alerts:
35
Alerts:
35
Alerts:
35
Alerts:
35
Alerts:
35
Alerts:
35
Alerts:
35
Alerts:
35
Alerts:
35
Alerts:
35
Alerts:
35
Alerts:
35
Alerts:
35
Alerts:
35
Alerts:
35
Alerts:
35
Alerts:
35
Alerts:
35
Alerts:
35
Alerts:
35

Población de 32 individuos durante 15 generaciones
Población inicial:
[(999, [2014, 31, 1, 1, 1, 1718, 1311, 1, 1, 3, 2, 1, 1, 2, 0]),
 (999, [1900, 43, 1, 0, 0, 541, 596, 0, 1, 2, 5, 1, 1, 1, 1]),
 (999, [1725, 11, 1, 1, 0, 783, 1727, 1, 0, 3, 5, 1, 0, 2, 0]),
 (999, [1612, 118, 0, 1, 1, 1690, 1558, 1, 1, 3, 1, 0, 1, 1, 0]),
 (999, [1256, 111, 0, 0, 1, 1728, 966, 1, 0, 3, 4, 1, 0, 2, 2]),
 (999, [1156, 22, 1, 1, 1, 1170, 715, 0, 0, 0, 5, 1, 1, 2, 1]),
 (999, [1077, 87, 1, 1, 1, 1278, 1882, 0, 0, 3, 2, 1, 1, 0, 0]),
 (999, [1046, 21, 1, 1, 1, 1028, 562, 0, 0, 3, 1, 1, 2, 1, 1]),
 (999, [947, 54, 1, 1, 0, 1286, 1029, 1, 0, 2, 5, 0, 2, 2, 2]),
 (999, [688, 30, 1, 0, 0, 788, 574, 1, 1, 1, 5, 1, 0, 1, 1]),
 (35, [1914, 58, 1, 1, 1, 1396, 1975, 1, 0, 1, 0, 0, 2, 1, 1]),
 (35, [1868, 16, 1, 1, 0, 1839, 1463, 0, 0, 1, 0, 0, 2, 0, 2]),
 (35, [1861, 60, 0, 1, 1, 1874, 608, 1, 1, 0, 4, 0, 0, 1, 1]),
 (35, [1846, 83, 1, 0, 1, 875, 969, 0, 0, 1, 1, 0, 0, 2, 1]),
 (35, [1788, 22, 1, 1, 0, 645, 2035, 1, 1, 2, 2, 0, 2, 0, 0]),
 (35, [1766, 37, 0, 0, 1, 1723, 1255, 1, 0, 0, 3, 0, 0, 1, 2]),
 (35, [1759, 44, 1, 1, 0, 1959, 682, 1, 1, 2, 0, 1, 1, 2, 1]),
 (35, [1636, 46, 1, 0, 1, 1178, 801, 0, 0, 1, 0, 0, 0, 0, 1]),
 (35, [1596, 53, 0, 0, 1, 1709, 2006, 0, 1, 0, 0, 1, 1, 2, 2]),
 (35, [1545, 48, 0, 1, 1, 1198, 975, 1, 1, 0, 0, 1, 1, 2, 0]),
 (35, [1535, 105, 1, 0, 1, 861, 1129, 0, 0, 2, 1, 1, 0, 0, 2]),
 (35, [1406, 36, 0, 0, 0, 1946, 1342, 1, 0, 1, 0, 1, 1, 0, 0]),
 (35, [1095, 80, 1, 0, 0, 1202, 724, 1, 1, 1, 1, 1, 2, 0, 1]),
 (35, [1048, 45, 0, 1, 0, 1647, 1247, 1, 1, 2, 4, 0, 2, 2, 1]),
 (35, [1004, 91, 0, 0, 0, 541, 1747, 0, 1, 2, 4, 0, 2, 1, 2]),
 (35, [859, 114, 0, 0, 0, 1898, 1660, 0, 1, 2, 3, 0, 2, 0, 0]),
 (35, [777, 50, 0, 0, 1, 1721, 1672, 0, 0, 0, 0, 0, 0, 1, 2]),
 (35, [681, 77, 0, 1, 0, 1864, 703, 0, 0, 0, 1, 1, 0, 1, 2]),
 (35, [661, 25, 1, 1, 1, 1163, 895, 1, 1, 0, 2, 0, 2, 1, 0]),
 (35, [649, 88, 1, 0, 0, 1077, 1226, 1, 0, 1, 4, 0, 2, 1, 0]),
 (35, [574, 64, 0, 1, 0, 1348, 1604, 1, 1, 1, 1, 0, 2, 0, 0]),
 (35, [567, 38, 1, 1, 0, 1323, 1675, 1, 1, 1, 0, 0, 1, 0, 1])]
Población final:
[(999, [2014, 31, 1, 1, 1, 1718, 1311, 1, 1, 3, 2, 1, 1, 2, 0]),
 (999, [1900, 43, 1, 0, 0, 541, 596, 0, 1, 2, 5, 1, 1, 1, 1]),
 (999, [1725, 11, 1, 1, 0, 783, 1727, 1, 0, 3, 5, 1, 0, 2, 0]),
 (999, [1612, 118, 0, 1, 1, 1690, 1558, 1, 1, 3, 1, 0, 1, 1, 0]),
 (999, [1256, 111, 0, 0, 1, 1728, 966, 1, 0, 3, 4, 1, 0, 2, 2]),
 (999, [1156, 22, 1, 1, 1, 1170, 715, 0, 0, 0, 5, 1, 1, 2, 1]),
 (999, [1077, 87, 1, 1, 1, 1278, 1882, 0, 0, 3, 2, 1, 1, 0, 0]),
 (999, [1046, 21, 1, 1, 1, 1028, 562, 0, 0, 3, 1, 1, 2, 1, 1]),
 (999, [947, 54, 1, 1, 0, 1286, 1029, 1, 0, 2, 5, 0, 2, 2, 2]),
 (999, [688, 30, 1, 0, 0, 788, 574, 1, 1, 1, 5, 1, 0, 1, 1]),
 (35, [1914, 58, 1, 1, 1, 1396, 1975, 1, 0, 1, 0, 0, 2, 1, 1]),
 (35, [1868, 16, 1, 1, 0, 1839, 1463, 0, 0, 1, 0, 0, 2, 0, 2]),
 (35, [1861, 60, 0, 1, 1, 1874, 608, 1, 1, 0, 4, 0, 0, 1, 1]),
 (35, [1846, 83, 1, 0, 1, 875, 969, 0, 0, 1, 1, 0, 0, 2, 1]),
 (35, [1788, 22, 1, 1, 0, 645, 2035, 1, 1, 2, 2, 0, 2, 0, 0]),
 (35, [1766, 37, 0, 0, 1, 1723, 1255, 1, 0, 0, 3, 0, 0, 1, 2]),
 (35, [1759, 44, 1, 1, 0, 1959, 682, 1, 1, 2, 0, 1, 1, 2, 1]),
 (35, [1636, 46, 1, 0, 1, 1178, 801, 0, 0, 1, 0, 0, 0, 0, 1]),
 (35, [1596, 53, 0, 0, 1, 1709, 2006, 0, 1, 0, 0, 1, 1, 2, 2]),
 (35, [1545, 48, 0, 1, 1, 1198, 975, 1, 1, 0, 0, 1, 1, 2, 0]),
 (35, [1535, 105, 1, 0, 1, 861, 1129, 0, 0, 2, 1, 1, 0, 0, 2]),
 (35, [1406, 36, 0, 0, 0, 1946, 1342, 1, 0, 1, 0, 1, 1, 0, 0]),
 (35, [1095, 80, 1, 0, 0, 1202, 724, 1, 1, 1, 1, 1, 2, 0, 1]),
 (35, [1048, 45, 0, 1, 0, 1647, 1247, 1, 1, 2, 4, 0, 2, 2, 1]),
 (35, [1004, 91, 0, 0, 0, 541, 1747, 0, 1, 2, 4, 0, 2, 1, 2]),
 (35, [859, 114, 0, 0, 0, 1898, 1660, 0, 1, 2, 3, 0, 2, 0, 0]),
 (35, [777, 50, 0, 0, 1, 1721, 1672, 0, 0, 0, 0, 0, 0, 1, 2]),
 (35, [681, 77, 0, 1, 0, 1864, 703, 0, 0, 0, 1, 1, 0, 1, 2]),
 (35, [661, 25, 1, 1, 1, 1163, 895, 1, 1, 0, 2, 0, 2, 1, 0]),
 (35, [649, 88, 1, 0, 0, 1077, 1226, 1, 0, 1, 4, 0, 2, 1, 0]),
 (35, [574, 64, 0, 1, 0, 1348, 1604, 1, 1, 1, 1, 0, 2, 0, 0]),
 (35, [567, 38, 1, 1, 0, 1323, 1675, 1, 1, 1, 0, 0, 1, 0, 1])]
Elapsed time is 2243.473160 seconds.
