 * Manually resetting nginx to stopped state
 * Manually resetting nginx to stopped state
 * Manually resetting nginx to stopped state
 * Manually resetting nginx to stopped state
 * Manually resetting nginx to stopped state
 * Manually resetting nginx to stopped state
 * Manually resetting nginx to stopped state
 * Manually resetting nginx to stopped state
 * Manually resetting nginx to stopped state
 * Manually resetting nginx to stopped state
 * Manually resetting nginx to stopped state
 * Manually resetting nginx to stopped state
 * Manually resetting nginx to stopped state
 * Manually resetting nginx to stopped state
genes: 15
individuals : 32
pressure: 5
mutation_chance: 0
generations: 15
crossover_type: 2
mutation_type_random: 0
Alerts:
33
Alerts:
34
Alerts:
35
Alerts:
35
Alerts:
34
Alerts:
33
Alerts:
35
Alerts:
35
Alerts:
33
Alerts:
35
Alerts:
35
Alerts:
33
Alerts:
35
Alerts:
35

Población de 32 individuos durante 15 generaciones
Población inicial:
[(999, [1869, 12, 1, 0, 0, 725, 1533, 0, 0, 3, 0, 0, 0, 2, 1]),
 (999, [1717, 116, 1, 1, 1, 1861, 1241, 0, 0, 3, 2, 0, 1, 2, 2]),
 (999, [1607, 98, 1, 1, 1, 802, 1535, 0, 1, 3, 0, 1, 1, 2, 1]),
 (999, [1511, 22, 0, 0, 0, 766, 1696, 0, 1, 0, 5, 1, 2, 0, 1]),
 (999, [1337, 55, 0, 0, 0, 793, 1962, 0, 0, 3, 2, 1, 0, 0, 0]),
 (999, [1336, 15, 0, 1, 0, 1902, 2048, 0, 1, 3, 2, 1, 1, 0, 2]),
 (999, [1291, 55, 0, 1, 1, 584, 1859, 0, 1, 0, 5, 0, 1, 2, 2]),
 (999, [1275, 95, 1, 0, 0, 1396, 677, 0, 0, 3, 1, 0, 2, 0, 0]),
 (999, [1181, 53, 1, 0, 0, 632, 2003, 0, 1, 3, 1, 0, 2, 1, 1]),
 (999, [1175, 24, 1, 1, 0, 1070, 1294, 0, 0, 3, 2, 1, 2, 0, 1]),
 (999, [1118, 105, 0, 1, 0, 1296, 972, 0, 0, 3, 2, 1, 1, 2, 1]),
 (999, [1040, 43, 0, 0, 1, 703, 874, 0, 1, 3, 1, 0, 0, 2, 1]),
 (999, [826, 56, 0, 1, 1, 1681, 536, 1, 0, 1, 5, 0, 2, 2, 2]),
 (999, [778, 72, 1, 1, 0, 1997, 1653, 1, 0, 3, 5, 1, 2, 0, 2]),
 (999, [737, 47, 1, 1, 0, 1845, 1223, 1, 1, 3, 1, 0, 0, 0, 1]),
 (999, [719, 40, 1, 1, 1, 1893, 839, 0, 1, 2, 5, 1, 0, 2, 0]),
 (999, [588, 115, 1, 0, 0, 1878, 1689, 0, 0, 0, 5, 0, 1, 1, 0]),
 (999, [544, 118, 1, 0, 0, 1325, 517, 0, 1, 1, 5, 1, 0, 1, 0]),
 (35, [1994, 28, 1, 1, 1, 1735, 1364, 1, 0, 0, 4, 0, 2, 1, 1]),
 (35, [1835, 37, 0, 0, 0, 1198, 1294, 1, 1, 2, 4, 0, 1, 0, 2]),
 (35, [1786, 37, 1, 0, 1, 1619, 1721, 0, 0, 2, 2, 1, 2, 2, 1]),
 (35, [1457, 117, 1, 1, 1, 1780, 1832, 0, 1, 1, 4, 0, 2, 0, 0]),
 (35, [1357, 120, 1, 1, 1, 956, 1522, 0, 1, 0, 4, 1, 1, 2, 0]),
 (35, [1054, 36, 1, 0, 0, 1405, 1521, 0, 0, 0, 2, 0, 2, 1, 2]),
 (35, [1027, 78, 0, 1, 1, 2022, 732, 0, 0, 0, 2, 0, 0, 2, 2]),
 (35, [1021, 97, 0, 0, 0, 1217, 1255, 1, 1, 1, 1, 0, 0, 1, 0]),
 (34, [999, 101, 1, 1, 0, 1736, 1438, 0, 1, 2, 3, 1, 2, 0, 1]),
 (34, [837, 45, 0, 0, 0, 627, 745, 0, 0, 2, 4, 1, 0, 2, 1]),
 (33, [1687, 24, 0, 0, 0, 1489, 559, 1, 1, 2, 3, 1, 1, 1, 1]),
 (33, [1520, 45, 0, 1, 0, 970, 1794, 1, 1, 1, 1, 0, 0, 2, 0]),
 (33, [1321, 16, 0, 1, 0, 964, 615, 1, 1, 1, 2, 0, 2, 2, 0]),
 (33, [1163, 120, 1, 1, 0, 1774, 1602, 0, 0, 1, 4, 1, 1, 2, 0])]
Población final:
[(999, [1869, 12, 1, 0, 0, 725, 1533, 0, 0, 3, 0, 0, 0, 2, 1]),
 (999, [1717, 116, 1, 1, 1, 1861, 1241, 0, 0, 3, 2, 0, 1, 2, 2]),
 (999, [1607, 98, 1, 1, 1, 802, 1535, 0, 1, 3, 0, 1, 1, 2, 1]),
 (999, [1511, 22, 0, 0, 0, 766, 1696, 0, 1, 0, 5, 1, 2, 0, 1]),
 (999, [1337, 55, 0, 0, 0, 793, 1962, 0, 0, 3, 2, 1, 0, 0, 0]),
 (999, [1336, 15, 0, 1, 0, 1902, 2048, 0, 1, 3, 2, 1, 1, 0, 2]),
 (999, [1291, 55, 0, 1, 1, 584, 1859, 0, 1, 0, 5, 0, 1, 2, 2]),
 (999, [1275, 95, 1, 0, 0, 1396, 677, 0, 0, 3, 1, 0, 2, 0, 0]),
 (999, [1181, 53, 1, 0, 0, 632, 2003, 0, 1, 3, 1, 0, 2, 1, 1]),
 (999, [1175, 24, 1, 1, 0, 1070, 1294, 0, 0, 3, 2, 1, 2, 0, 1]),
 (999, [1118, 105, 0, 1, 0, 1296, 972, 0, 0, 3, 2, 1, 1, 2, 1]),
 (999, [1040, 43, 0, 0, 1, 703, 874, 0, 1, 3, 1, 0, 0, 2, 1]),
 (999, [826, 56, 0, 1, 1, 1681, 536, 1, 0, 1, 5, 0, 2, 2, 2]),
 (999, [778, 72, 1, 1, 0, 1997, 1653, 1, 0, 3, 5, 1, 2, 0, 2]),
 (999, [737, 47, 1, 1, 0, 1845, 1223, 1, 1, 3, 1, 0, 0, 0, 1]),
 (999, [719, 40, 1, 1, 1, 1893, 839, 0, 1, 2, 5, 1, 0, 2, 0]),
 (999, [588, 115, 1, 0, 0, 1878, 1689, 0, 0, 0, 5, 0, 1, 1, 0]),
 (999, [544, 118, 1, 0, 0, 1325, 517, 0, 1, 1, 5, 1, 0, 1, 0]),
 (35, [1994, 28, 1, 1, 1, 1735, 1364, 1, 0, 0, 4, 0, 2, 1, 1]),
 (35, [1835, 37, 0, 0, 0, 1198, 1294, 1, 1, 2, 4, 0, 1, 0, 2]),
 (35, [1786, 37, 1, 0, 1, 1619, 1721, 0, 0, 2, 2, 1, 2, 2, 1]),
 (35, [1457, 117, 1, 1, 1, 1780, 1832, 0, 1, 1, 4, 0, 2, 0, 0]),
 (35, [1357, 120, 1, 1, 1, 956, 1522, 0, 1, 0, 4, 1, 1, 2, 0]),
 (35, [1054, 36, 1, 0, 0, 1405, 1521, 0, 0, 0, 2, 0, 2, 1, 2]),
 (35, [1027, 78, 0, 1, 1, 2022, 732, 0, 0, 0, 2, 0, 0, 2, 2]),
 (35, [1021, 97, 0, 0, 0, 1217, 1255, 1, 1, 1, 1, 0, 0, 1, 0]),
 (34, [999, 101, 1, 1, 0, 1736, 1438, 0, 1, 2, 3, 1, 2, 0, 1]),
 (34, [837, 45, 0, 0, 0, 627, 745, 0, 0, 2, 4, 1, 0, 2, 1]),
 (33, [1687, 24, 0, 0, 0, 1489, 559, 1, 1, 2, 3, 1, 1, 1, 1]),
 (33, [1520, 45, 0, 1, 0, 970, 1794, 1, 1, 1, 1, 0, 0, 2, 0]),
 (33, [1321, 16, 0, 1, 0, 964, 615, 1, 1, 1, 2, 0, 2, 2, 0]),
 (33, [1163, 120, 1, 1, 0, 1774, 1602, 0, 0, 1, 4, 1, 1, 2, 0])]
Elapsed time is 602.292262 seconds.
