 * Manually resetting nginx to stopped state
 * Manually resetting nginx to stopped state
 * Manually resetting nginx to stopped state
 * Manually resetting nginx to stopped state
 * Manually resetting nginx to stopped state
 * Manually resetting nginx to stopped state
 * Manually resetting nginx to stopped state
 * Manually resetting nginx to stopped state
 * Manually resetting nginx to stopped state
 * Manually resetting nginx to stopped state
 * Manually resetting nginx to stopped state
 * Manually resetting nginx to stopped state
 * Manually resetting nginx to stopped state
 * Manually resetting nginx to stopped state
 * Manually resetting nginx to stopped state
 * Manually resetting nginx to stopped state
 * Manually resetting nginx to stopped state
 * Manually resetting nginx to stopped state
 * Manually resetting nginx to stopped state
 * Manually resetting nginx to stopped state
 * Manually resetting nginx to stopped state
 * Manually resetting nginx to stopped state
 * Manually resetting nginx to stopped state
 * Manually resetting nginx to stopped state
genes: 15
individuals : 32
pressure: 5
mutation_chance: 0
generations: 15
crossover_type: 1
mutation_type_random: 1
Alerts:
35
Alerts:
35
Alerts:
35
Alerts:
35
Alerts:
35
Alerts:
35
Alerts:
35
Alerts:
35
Alerts:
35
Alerts:
35
Alerts:
35
Alerts:
35
Alerts:
35
Alerts:
35
Alerts:
35
Alerts:
35
Alerts:
35
Alerts:
35
Alerts:
35
Alerts:
35
Alerts:
35
Alerts:
35
Alerts:
35
Alerts:
35

Población de 32 individuos durante 15 generaciones
Población inicial:
[(999, [1974, 22, 1, 1, 0, 522, 1502, 0, 1, 3, 0, 0, 0, 1, 1]),
 (999, [1798, 44, 1, 1, 0, 1237, 1438, 0, 0, 3, 1, 0, 2, 0, 1]),
 (999, [1715, 32, 0, 0, 0, 1507, 1112, 1, 1, 0, 5, 0, 0, 2, 1]),
 (999, [1585, 41, 0, 1, 0, 1482, 960, 0, 1, 3, 1, 1, 2, 1, 0]),
 (999, [1193, 29, 0, 1, 0, 749, 710, 0, 0, 3, 1, 0, 0, 2, 1]),
 (999, [1100, 65, 1, 1, 0, 567, 1939, 1, 1, 2, 5, 0, 1, 0, 2]),
 (999, [769, 43, 1, 0, 1, 1665, 1104, 1, 1, 3, 5, 1, 0, 2, 1]),
 (999, [609, 71, 1, 1, 1, 1668, 769, 0, 0, 3, 3, 0, 0, 1, 1]),
 (35, [2038, 54, 0, 1, 0, 1568, 1764, 0, 1, 1, 3, 0, 1, 1, 1]),
 (35, [1931, 37, 0, 1, 0, 1748, 1967, 1, 0, 1, 1, 0, 2, 2, 1]),
 (35, [1855, 99, 1, 0, 1, 1407, 1529, 1, 0, 0, 3, 1, 1, 0, 2]),
 (35, [1850, 101, 1, 1, 1, 885, 1790, 1, 1, 1, 1, 0, 0, 0, 0]),
 (35, [1655, 98, 1, 1, 0, 1287, 1241, 1, 0, 1, 1, 1, 1, 0, 1]),
 (35, [1523, 21, 1, 1, 1, 2028, 1193, 0, 1, 1, 2, 1, 1, 0, 1]),
 (35, [1504, 33, 1, 1, 1, 959, 1619, 0, 1, 0, 4, 0, 2, 2, 1]),
 (35, [1476, 75, 0, 0, 1, 1706, 1681, 1, 1, 1, 2, 1, 1, 2, 0]),
 (35, [1389, 32, 1, 0, 1, 1572, 1487, 1, 1, 2, 3, 0, 1, 2, 0]),
 (35, [1347, 73, 0, 0, 1, 1224, 1563, 0, 0, 2, 2, 1, 2, 1, 0]),
 (35, [1048, 11, 1, 0, 1, 829, 863, 0, 0, 0, 2, 1, 1, 0, 0]),
 (35, [927, 61, 0, 1, 0, 675, 922, 0, 0, 2, 2, 1, 1, 1, 2]),
 (35, [845, 74, 0, 0, 0, 1682, 1923, 1, 1, 0, 0, 0, 0, 1, 1]),
 (35, [809, 104, 1, 0, 0, 1745, 1954, 1, 1, 1, 0, 1, 0, 2, 1]),
 (35, [800, 74, 1, 1, 0, 741, 1595, 0, 1, 2, 3, 0, 0, 2, 1]),
 (35, [799, 89, 0, 1, 1, 1001, 994, 0, 1, 0, 1, 0, 0, 1, 2]),
 (35, [736, 102, 1, 0, 1, 2048, 1242, 0, 1, 2, 3, 0, 2, 2, 0]),
 (35, [698, 85, 0, 0, 1, 1646, 880, 0, 0, 2, 4, 0, 1, 2, 2]),
 (35, [678, 29, 1, 1, 0, 1359, 652, 1, 0, 0, 3, 0, 1, 1, 2]),
 (35, [670, 55, 0, 0, 1, 986, 1456, 0, 1, 0, 2, 0, 2, 1, 2]),
 (35, [651, 76, 1, 1, 0, 1184, 1189, 0, 0, 1, 0, 0, 2, 0, 2]),
 (35, [558, 39, 1, 0, 1, 852, 805, 0, 1, 1, 3, 0, 1, 2, 0]),
 (35, [523, 103, 1, 1, 0, 1566, 924, 1, 1, 0, 4, 1, 0, 1, 1]),
 (35, [518, 52, 1, 0, 0, 1126, 1409, 0, 1, 2, 3, 1, 0, 1, 2])]
Población final:
[(999, [1974, 22, 1, 1, 0, 522, 1502, 0, 1, 3, 0, 0, 0, 1, 1]),
 (999, [1798, 44, 1, 1, 0, 1237, 1438, 0, 0, 3, 1, 0, 2, 0, 1]),
 (999, [1715, 32, 0, 0, 0, 1507, 1112, 1, 1, 0, 5, 0, 0, 2, 1]),
 (999, [1585, 41, 0, 1, 0, 1482, 960, 0, 1, 3, 1, 1, 2, 1, 0]),
 (999, [1193, 29, 0, 1, 0, 749, 710, 0, 0, 3, 1, 0, 0, 2, 1]),
 (999, [1100, 65, 1, 1, 0, 567, 1939, 1, 1, 2, 5, 0, 1, 0, 2]),
 (999, [769, 43, 1, 0, 1, 1665, 1104, 1, 1, 3, 5, 1, 0, 2, 1]),
 (999, [609, 71, 1, 1, 1, 1668, 769, 0, 0, 3, 3, 0, 0, 1, 1]),
 (35, [2038, 54, 0, 1, 0, 1568, 1764, 0, 1, 1, 3, 0, 1, 1, 1]),
 (35, [1931, 37, 0, 1, 0, 1748, 1967, 1, 0, 1, 1, 0, 2, 2, 1]),
 (35, [1855, 99, 1, 0, 1, 1407, 1529, 1, 0, 0, 3, 1, 1, 0, 2]),
 (35, [1850, 101, 1, 1, 1, 885, 1790, 1, 1, 1, 1, 0, 0, 0, 0]),
 (35, [1655, 98, 1, 1, 0, 1287, 1241, 1, 0, 1, 1, 1, 1, 0, 1]),
 (35, [1523, 21, 1, 1, 1, 2028, 1193, 0, 1, 1, 2, 1, 1, 0, 1]),
 (35, [1504, 33, 1, 1, 1, 959, 1619, 0, 1, 0, 4, 0, 2, 2, 1]),
 (35, [1476, 75, 0, 0, 1, 1706, 1681, 1, 1, 1, 2, 1, 1, 2, 0]),
 (35, [1389, 32, 1, 0, 1, 1572, 1487, 1, 1, 2, 3, 0, 1, 2, 0]),
 (35, [1347, 73, 0, 0, 1, 1224, 1563, 0, 0, 2, 2, 1, 2, 1, 0]),
 (35, [1048, 11, 1, 0, 1, 829, 863, 0, 0, 0, 2, 1, 1, 0, 0]),
 (35, [927, 61, 0, 1, 0, 675, 922, 0, 0, 2, 2, 1, 1, 1, 2]),
 (35, [845, 74, 0, 0, 0, 1682, 1923, 1, 1, 0, 0, 0, 0, 1, 1]),
 (35, [809, 104, 1, 0, 0, 1745, 1954, 1, 1, 1, 0, 1, 0, 2, 1]),
 (35, [800, 74, 1, 1, 0, 741, 1595, 0, 1, 2, 3, 0, 0, 2, 1]),
 (35, [799, 89, 0, 1, 1, 1001, 994, 0, 1, 0, 1, 0, 0, 1, 2]),
 (35, [736, 102, 1, 0, 1, 2048, 1242, 0, 1, 2, 3, 0, 2, 2, 0]),
 (35, [698, 85, 0, 0, 1, 1646, 880, 0, 0, 2, 4, 0, 1, 2, 2]),
 (35, [678, 29, 1, 1, 0, 1359, 652, 1, 0, 0, 3, 0, 1, 1, 2]),
 (35, [670, 55, 0, 0, 1, 986, 1456, 0, 1, 0, 2, 0, 2, 1, 2]),
 (35, [651, 76, 1, 1, 0, 1184, 1189, 0, 0, 1, 0, 0, 2, 0, 2]),
 (35, [558, 39, 1, 0, 1, 852, 805, 0, 1, 1, 3, 0, 1, 2, 0]),
 (35, [523, 103, 1, 1, 0, 1566, 924, 1, 1, 0, 4, 1, 0, 1, 1]),
 (35, [518, 52, 1, 0, 0, 1126, 1409, 0, 1, 2, 3, 1, 0, 1, 2])]
Elapsed time is 1231.616351 seconds.
