 * Manually resetting nginx to stopped state
 * Manually resetting nginx to stopped state
 * Manually resetting nginx to stopped state
 * Manually resetting nginx to stopped state
 * Manually resetting nginx to stopped state
 * Manually resetting nginx to stopped state
 * Manually resetting nginx to stopped state
 * Manually resetting nginx to stopped state
 * Manually resetting nginx to stopped state
 * Manually resetting nginx to stopped state
 * Manually resetting nginx to stopped state
 * Manually resetting nginx to stopped state
 * Manually resetting nginx to stopped state
 * Manually resetting nginx to stopped state
 * Manually resetting nginx to stopped state
 * Manually resetting nginx to stopped state
 * Manually resetting nginx to stopped state
 * Manually resetting nginx to stopped state
 * Manually resetting nginx to stopped state
 * Manually resetting nginx to stopped state
genes: 15
individuals : 32
pressure: 5
mutation_chance: 0
generations: 15
crossover_type: 1
mutation_type_random: 0
Alerts:
35
Alerts:
35
Alerts:
35
Alerts:
35
Alerts:
35
Alerts:
35
Alerts:
35
Alerts:
35
Alerts:
35
Alerts:
35
Alerts:
35
Alerts:
35
Alerts:
35
Alerts:
35
Alerts:
35
Alerts:
35
Alerts:
35
Alerts:
35
Alerts:
35
Alerts:
35

Población de 32 individuos durante 15 generaciones
Población inicial:
[(999, [1926, 53, 1, 1, 0, 1455, 1427, 1, 0, 3, 1, 1, 0, 1, 0]),
 (999, [1822, 65, 1, 1, 1, 1730, 1591, 1, 1, 0, 5, 0, 1, 2, 2]),
 (999, [1812, 31, 1, 0, 0, 1722, 1608, 1, 1, 3, 0, 1, 0, 2, 1]),
 (999, [1742, 38, 0, 1, 0, 1924, 1180, 1, 0, 3, 3, 1, 2, 1, 0]),
 (999, [1575, 93, 0, 1, 0, 844, 581, 1, 0, 3, 2, 0, 0, 1, 2]),
 (999, [1286, 74, 1, 1, 0, 670, 1588, 1, 1, 3, 0, 0, 1, 1, 0]),
 (999, [1228, 68, 1, 0, 1, 527, 1474, 0, 1, 0, 5, 0, 2, 2, 1]),
 (999, [1080, 65, 0, 1, 0, 1210, 832, 0, 1, 3, 4, 1, 0, 2, 1]),
 (999, [984, 11, 1, 1, 0, 1274, 1243, 0, 0, 1, 5, 0, 0, 1, 1]),
 (999, [869, 83, 0, 0, 1, 1610, 1735, 0, 1, 3, 3, 0, 1, 2, 2]),
 (999, [561, 101, 0, 0, 0, 775, 1236, 1, 0, 1, 5, 0, 0, 2, 2]),
 (999, [532, 83, 0, 0, 1, 1190, 592, 1, 1, 3, 2, 0, 0, 2, 2]),
 (35, [1991, 39, 0, 0, 1, 1689, 1523, 1, 0, 0, 2, 0, 1, 1, 2]),
 (35, [1912, 22, 1, 0, 0, 1803, 1531, 0, 0, 2, 3, 1, 0, 1, 1]),
 (35, [1786, 100, 1, 1, 1, 698, 1388, 0, 0, 2, 2, 0, 2, 0, 2]),
 (35, [1754, 68, 1, 1, 1, 528, 551, 0, 1, 2, 2, 0, 1, 2, 1]),
 (35, [1683, 43, 0, 0, 0, 819, 635, 1, 0, 2, 1, 0, 0, 2, 1]),
 (35, [1542, 13, 0, 1, 1, 1494, 611, 1, 1, 0, 0, 1, 0, 0, 1]),
 (35, [1396, 66, 1, 1, 0, 1193, 658, 1, 0, 0, 1, 1, 2, 0, 2]),
 (35, [1372, 80, 1, 0, 1, 1970, 1386, 0, 1, 2, 1, 1, 1, 1, 2]),
 (35, [1286, 90, 1, 1, 1, 1015, 1257, 0, 0, 1, 0, 1, 2, 0, 1]),
 (35, [1210, 12, 1, 1, 0, 1920, 971, 0, 1, 2, 3, 1, 1, 1, 0]),
 (35, [1104, 24, 1, 1, 0, 926, 1146, 0, 0, 1, 3, 1, 1, 1, 0]),
 (35, [1047, 99, 0, 1, 0, 587, 1945, 0, 1, 1, 2, 1, 1, 0, 1]),
 (35, [1014, 101, 1, 1, 0, 1827, 647, 1, 0, 1, 3, 0, 1, 0, 1]),
 (35, [1004, 56, 1, 1, 1, 909, 1565, 1, 0, 1, 4, 1, 1, 0, 1]),
 (35, [898, 45, 0, 0, 1, 1244, 1812, 1, 1, 2, 3, 1, 2, 1, 0]),
 (35, [885, 26, 1, 1, 0, 1360, 736, 0, 0, 2, 1, 0, 1, 1, 0]),
 (35, [881, 55, 0, 1, 0, 1142, 941, 0, 0, 1, 3, 0, 1, 1, 1]),
 (35, [793, 57, 0, 0, 0, 1575, 1288, 1, 0, 0, 4, 0, 0, 0, 0]),
 (35, [746, 25, 0, 1, 0, 641, 1477, 1, 0, 2, 2, 1, 0, 2, 0]),
 (35, [627, 21, 0, 1, 0, 898, 1583, 1, 0, 2, 2, 0, 0, 1, 1])]
Población final:
[(999, [1926, 53, 1, 1, 0, 1455, 1427, 1, 0, 3, 1, 1, 0, 1, 0]),
 (999, [1822, 65, 1, 1, 1, 1730, 1591, 1, 1, 0, 5, 0, 1, 2, 2]),
 (999, [1812, 31, 1, 0, 0, 1722, 1608, 1, 1, 3, 0, 1, 0, 2, 1]),
 (999, [1742, 38, 0, 1, 0, 1924, 1180, 1, 0, 3, 3, 1, 2, 1, 0]),
 (999, [1575, 93, 0, 1, 0, 844, 581, 1, 0, 3, 2, 0, 0, 1, 2]),
 (999, [1286, 74, 1, 1, 0, 670, 1588, 1, 1, 3, 0, 0, 1, 1, 0]),
 (999, [1228, 68, 1, 0, 1, 527, 1474, 0, 1, 0, 5, 0, 2, 2, 1]),
 (999, [1080, 65, 0, 1, 0, 1210, 832, 0, 1, 3, 4, 1, 0, 2, 1]),
 (999, [984, 11, 1, 1, 0, 1274, 1243, 0, 0, 1, 5, 0, 0, 1, 1]),
 (999, [869, 83, 0, 0, 1, 1610, 1735, 0, 1, 3, 3, 0, 1, 2, 2]),
 (999, [561, 101, 0, 0, 0, 775, 1236, 1, 0, 1, 5, 0, 0, 2, 2]),
 (999, [532, 83, 0, 0, 1, 1190, 592, 1, 1, 3, 2, 0, 0, 2, 2]),
 (35, [1991, 39, 0, 0, 1, 1689, 1523, 1, 0, 0, 2, 0, 1, 1, 2]),
 (35, [1912, 22, 1, 0, 0, 1803, 1531, 0, 0, 2, 3, 1, 0, 1, 1]),
 (35, [1786, 100, 1, 1, 1, 698, 1388, 0, 0, 2, 2, 0, 2, 0, 2]),
 (35, [1754, 68, 1, 1, 1, 528, 551, 0, 1, 2, 2, 0, 1, 2, 1]),
 (35, [1683, 43, 0, 0, 0, 819, 635, 1, 0, 2, 1, 0, 0, 2, 1]),
 (35, [1542, 13, 0, 1, 1, 1494, 611, 1, 1, 0, 0, 1, 0, 0, 1]),
 (35, [1396, 66, 1, 1, 0, 1193, 658, 1, 0, 0, 1, 1, 2, 0, 2]),
 (35, [1372, 80, 1, 0, 1, 1970, 1386, 0, 1, 2, 1, 1, 1, 1, 2]),
 (35, [1286, 90, 1, 1, 1, 1015, 1257, 0, 0, 1, 0, 1, 2, 0, 1]),
 (35, [1210, 12, 1, 1, 0, 1920, 971, 0, 1, 2, 3, 1, 1, 1, 0]),
 (35, [1104, 24, 1, 1, 0, 926, 1146, 0, 0, 1, 3, 1, 1, 1, 0]),
 (35, [1047, 99, 0, 1, 0, 587, 1945, 0, 1, 1, 2, 1, 1, 0, 1]),
 (35, [1014, 101, 1, 1, 0, 1827, 647, 1, 0, 1, 3, 0, 1, 0, 1]),
 (35, [1004, 56, 1, 1, 1, 909, 1565, 1, 0, 1, 4, 1, 1, 0, 1]),
 (35, [898, 45, 0, 0, 1, 1244, 1812, 1, 1, 2, 3, 1, 2, 1, 0]),
 (35, [885, 26, 1, 1, 0, 1360, 736, 0, 0, 2, 1, 0, 1, 1, 0]),
 (35, [881, 55, 0, 1, 0, 1142, 941, 0, 0, 1, 3, 0, 1, 1, 1]),
 (35, [793, 57, 0, 0, 0, 1575, 1288, 1, 0, 0, 4, 0, 0, 0, 0]),
 (35, [746, 25, 0, 1, 0, 641, 1477, 1, 0, 2, 2, 1, 0, 2, 0]),
 (35, [627, 21, 0, 1, 0, 898, 1583, 1, 0, 2, 2, 0, 0, 1, 1])]
Elapsed time is 1002.696577 seconds.
