 * Manually resetting nginx to stopped state
 * Manually resetting nginx to stopped state
 * Manually resetting nginx to stopped state
 * Manually resetting nginx to stopped state
 * Manually resetting nginx to stopped state
 * Manually resetting nginx to stopped state
 * Manually resetting nginx to stopped state
 * Manually resetting nginx to stopped state
 * Manually resetting nginx to stopped state
 * Manually resetting nginx to stopped state
 * Manually resetting nginx to stopped state
 * Manually resetting nginx to stopped state
 * Manually resetting nginx to stopped state
 * Manually resetting nginx to stopped state
 * Manually resetting nginx to stopped state
 * Manually resetting nginx to stopped state
 * Manually resetting nginx to stopped state
 * Manually resetting nginx to stopped state
genes: 15
individuals : 32
pressure: 5
mutation_chance: 0
generations: 15
crossover_type: 2
mutation_type_random: 0
Alerts:
35
Alerts:
35
Alerts:
35
Alerts:
35
Alerts:
35
Alerts:
35
Alerts:
35
Alerts:
35
Alerts:
35
Alerts:
35
Alerts:
35
Alerts:
35
Alerts:
35
Alerts:
35
Alerts:
35
Alerts:
35
Alerts:
35
Alerts:
35

Población de 32 individuos durante 15 generaciones
Población inicial:
[(999, [1942, 54, 0, 1, 0, 2044, 548, 1, 1, 3, 0, 1, 0, 1, 0]),
 (999, [1868, 19, 0, 0, 1, 1513, 680, 1, 1, 1, 5, 0, 2, 1, 1]),
 (999, [1819, 92, 0, 1, 0, 1521, 1280, 0, 1, 2, 5, 1, 1, 2, 1]),
 (999, [1818, 16, 1, 0, 0, 816, 1639, 0, 1, 3, 5, 1, 2, 2, 0]),
 (999, [1663, 105, 1, 1, 0, 911, 1231, 0, 0, 0, 5, 0, 2, 0, 1]),
 (999, [1607, 114, 0, 1, 1, 1979, 526, 0, 0, 3, 3, 0, 0, 2, 2]),
 (999, [1405, 66, 1, 1, 1, 630, 1131, 0, 0, 3, 4, 0, 1, 0, 0]),
 (999, [1346, 76, 0, 0, 0, 1522, 713, 0, 0, 3, 3, 1, 1, 2, 0]),
 (999, [1319, 34, 0, 1, 0, 1010, 1688, 0, 0, 0, 5, 1, 0, 2, 0]),
 (999, [1188, 32, 1, 1, 1, 881, 1012, 1, 0, 0, 5, 1, 2, 2, 2]),
 (999, [1118, 50, 1, 1, 1, 1950, 1689, 1, 1, 1, 5, 1, 0, 1, 0]),
 (999, [1097, 17, 0, 0, 1, 1191, 1789, 0, 0, 2, 5, 0, 1, 1, 2]),
 (999, [914, 64, 0, 0, 1, 725, 880, 1, 0, 0, 5, 0, 1, 2, 2]),
 (999, [591, 79, 0, 1, 0, 1623, 1834, 0, 1, 3, 4, 0, 2, 2, 2]),
 (35, [2004, 42, 0, 1, 1, 1011, 1032, 1, 1, 0, 2, 1, 0, 1, 0]),
 (35, [1916, 11, 1, 0, 1, 1521, 1394, 0, 0, 1, 2, 0, 1, 0, 1]),
 (35, [1790, 116, 1, 0, 1, 573, 1249, 1, 0, 2, 1, 1, 1, 2, 0]),
 (35, [1768, 36, 0, 0, 0, 697, 1650, 1, 0, 2, 4, 1, 2, 1, 1]),
 (35, [1754, 116, 0, 0, 0, 615, 1606, 1, 1, 0, 0, 0, 1, 0, 0]),
 (35, [1369, 86, 0, 1, 1, 1471, 1251, 1, 0, 1, 0, 0, 1, 0, 1]),
 (35, [1333, 81, 1, 0, 1, 1048, 1310, 1, 1, 2, 2, 0, 0, 1, 0]),
 (35, [1311, 95, 1, 0, 0, 1675, 1017, 0, 0, 0, 3, 0, 1, 1, 2]),
 (35, [1283, 118, 0, 0, 1, 2031, 598, 1, 0, 1, 2, 0, 2, 0, 1]),
 (35, [1229, 21, 1, 1, 1, 918, 516, 1, 1, 2, 4, 0, 2, 2, 2]),
 (35, [1124, 93, 1, 1, 0, 1501, 1398, 0, 1, 0, 3, 1, 1, 1, 2]),
 (35, [925, 104, 1, 1, 1, 1471, 881, 0, 1, 2, 1, 0, 0, 2, 0]),
 (35, [765, 22, 0, 1, 0, 669, 1472, 1, 0, 1, 3, 0, 1, 2, 0]),
 (35, [729, 71, 1, 0, 0, 751, 749, 0, 1, 1, 2, 1, 2, 2, 1]),
 (35, [712, 43, 0, 0, 1, 743, 601, 0, 1, 0, 4, 1, 0, 2, 1]),
 (35, [655, 109, 1, 0, 0, 1974, 1517, 1, 1, 0, 1, 1, 0, 0, 0]),
 (35, [613, 17, 1, 0, 1, 786, 1068, 0, 0, 1, 4, 1, 1, 1, 2]),
 (35, [608, 90, 1, 1, 1, 1068, 754, 1, 0, 1, 2, 0, 1, 2, 1])]
Población final:
[(999, [1942, 54, 0, 1, 0, 2044, 548, 1, 1, 3, 0, 1, 0, 1, 0]),
 (999, [1868, 19, 0, 0, 1, 1513, 680, 1, 1, 1, 5, 0, 2, 1, 1]),
 (999, [1819, 92, 0, 1, 0, 1521, 1280, 0, 1, 2, 5, 1, 1, 2, 1]),
 (999, [1818, 16, 1, 0, 0, 816, 1639, 0, 1, 3, 5, 1, 2, 2, 0]),
 (999, [1663, 105, 1, 1, 0, 911, 1231, 0, 0, 0, 5, 0, 2, 0, 1]),
 (999, [1607, 114, 0, 1, 1, 1979, 526, 0, 0, 3, 3, 0, 0, 2, 2]),
 (999, [1405, 66, 1, 1, 1, 630, 1131, 0, 0, 3, 4, 0, 1, 0, 0]),
 (999, [1346, 76, 0, 0, 0, 1522, 713, 0, 0, 3, 3, 1, 1, 2, 0]),
 (999, [1319, 34, 0, 1, 0, 1010, 1688, 0, 0, 0, 5, 1, 0, 2, 0]),
 (999, [1188, 32, 1, 1, 1, 881, 1012, 1, 0, 0, 5, 1, 2, 2, 2]),
 (999, [1118, 50, 1, 1, 1, 1950, 1689, 1, 1, 1, 5, 1, 0, 1, 0]),
 (999, [1097, 17, 0, 0, 1, 1191, 1789, 0, 0, 2, 5, 0, 1, 1, 2]),
 (999, [914, 64, 0, 0, 1, 725, 880, 1, 0, 0, 5, 0, 1, 2, 2]),
 (999, [591, 79, 0, 1, 0, 1623, 1834, 0, 1, 3, 4, 0, 2, 2, 2]),
 (35, [2004, 42, 0, 1, 1, 1011, 1032, 1, 1, 0, 2, 1, 0, 1, 0]),
 (35, [1916, 11, 1, 0, 1, 1521, 1394, 0, 0, 1, 2, 0, 1, 0, 1]),
 (35, [1790, 116, 1, 0, 1, 573, 1249, 1, 0, 2, 1, 1, 1, 2, 0]),
 (35, [1768, 36, 0, 0, 0, 697, 1650, 1, 0, 2, 4, 1, 2, 1, 1]),
 (35, [1754, 116, 0, 0, 0, 615, 1606, 1, 1, 0, 0, 0, 1, 0, 0]),
 (35, [1369, 86, 0, 1, 1, 1471, 1251, 1, 0, 1, 0, 0, 1, 0, 1]),
 (35, [1333, 81, 1, 0, 1, 1048, 1310, 1, 1, 2, 2, 0, 0, 1, 0]),
 (35, [1311, 95, 1, 0, 0, 1675, 1017, 0, 0, 0, 3, 0, 1, 1, 2]),
 (35, [1283, 118, 0, 0, 1, 2031, 598, 1, 0, 1, 2, 0, 2, 0, 1]),
 (35, [1229, 21, 1, 1, 1, 918, 516, 1, 1, 2, 4, 0, 2, 2, 2]),
 (35, [1124, 93, 1, 1, 0, 1501, 1398, 0, 1, 0, 3, 1, 1, 1, 2]),
 (35, [925, 104, 1, 1, 1, 1471, 881, 0, 1, 2, 1, 0, 0, 2, 0]),
 (35, [765, 22, 0, 1, 0, 669, 1472, 1, 0, 1, 3, 0, 1, 2, 0]),
 (35, [729, 71, 1, 0, 0, 751, 749, 0, 1, 1, 2, 1, 2, 2, 1]),
 (35, [712, 43, 0, 0, 1, 743, 601, 0, 1, 0, 4, 1, 0, 2, 1]),
 (35, [655, 109, 1, 0, 0, 1974, 1517, 1, 1, 0, 1, 1, 0, 0, 0]),
 (35, [613, 17, 1, 0, 1, 786, 1068, 0, 0, 1, 4, 1, 1, 1, 2]),
 (35, [608, 90, 1, 1, 1, 1068, 754, 1, 0, 1, 2, 0, 1, 2, 1])]
Elapsed time is 909.926186 seconds.
