 * Manually resetting nginx to stopped state
 * Manually resetting nginx to stopped state
 * Manually resetting nginx to stopped state
 * Manually resetting nginx to stopped state
 * Manually resetting nginx to stopped state
 * Manually resetting nginx to stopped state
 * Manually resetting nginx to stopped state
 * Manually resetting nginx to stopped state
 * Manually resetting nginx to stopped state
 * Manually resetting nginx to stopped state
 * Manually resetting nginx to stopped state
 * Manually resetting nginx to stopped state
 * Manually resetting nginx to stopped state
 * Manually resetting nginx to stopped state
 * Manually resetting nginx to stopped state
 * Manually resetting nginx to stopped state
 * Manually resetting nginx to stopped state
 * Manually resetting nginx to stopped state
 * Manually resetting nginx to stopped state
genes: 15
individuals : 32
pressure: 5
mutation_chance: 0
generations: 15
crossover_type: 2
mutation_type_random: 0
Alerts:
35
Alerts:
35
Alerts:
35
Alerts:
35
Alerts:
35
Alerts:
35
Alerts:
35
Alerts:
35
Alerts:
35
Alerts:
35
Alerts:
35
Alerts:
35
Alerts:
35
Alerts:
35
Alerts:
35
Alerts:
35
Alerts:
35
Alerts:
35
Alerts:
35

Población de 32 individuos durante 15 generaciones
Población inicial:
[(999, [1885, 59, 0, 0, 1, 883, 1004, 1, 1, 1, 5, 0, 2, 2, 2]),
 (999, [1829, 52, 1, 0, 0, 1873, 539, 1, 0, 3, 5, 1, 1, 0, 2]),
 (999, [1707, 84, 0, 0, 0, 1169, 1212, 0, 0, 3, 5, 0, 1, 0, 1]),
 (999, [1651, 23, 1, 1, 1, 1320, 1758, 0, 0, 0, 5, 1, 1, 2, 1]),
 (999, [1497, 56, 1, 1, 0, 1027, 1477, 1, 0, 3, 2, 1, 0, 2, 1]),
 (999, [946, 99, 0, 1, 0, 1359, 1230, 0, 1, 3, 1, 0, 1, 0, 0]),
 (999, [916, 39, 0, 1, 0, 1505, 1472, 0, 1, 0, 5, 1, 2, 2, 0]),
 (999, [838, 98, 1, 0, 0, 1363, 1839, 1, 1, 3, 1, 1, 2, 0, 0]),
 (999, [777, 91, 0, 0, 0, 1710, 1783, 1, 1, 1, 5, 1, 1, 0, 0]),
 (999, [754, 43, 0, 1, 1, 1635, 1919, 1, 0, 3, 1, 0, 0, 1, 1]),
 (999, [748, 96, 1, 0, 1, 1514, 1818, 0, 1, 3, 0, 1, 2, 1, 1]),
 (999, [561, 35, 1, 0, 0, 600, 1422, 1, 1, 3, 2, 1, 0, 0, 1]),
 (999, [559, 40, 1, 1, 1, 1437, 1976, 1, 0, 3, 0, 1, 0, 0, 0]),
 (35, [1998, 67, 0, 1, 0, 1015, 966, 1, 0, 0, 2, 1, 0, 2, 1]),
 (35, [1936, 118, 0, 1, 1, 1287, 1403, 1, 0, 1, 2, 0, 1, 2, 1]),
 (35, [1922, 117, 1, 0, 0, 1871, 912, 0, 0, 2, 2, 0, 0, 2, 2]),
 (35, [1862, 11, 0, 1, 0, 1764, 2033, 1, 1, 2, 2, 0, 1, 0, 1]),
 (35, [1857, 39, 0, 1, 1, 1485, 1708, 0, 1, 1, 4, 1, 2, 0, 0]),
 (35, [1776, 104, 0, 0, 1, 1849, 1735, 0, 1, 1, 2, 0, 2, 2, 0]),
 (35, [1672, 36, 0, 0, 1, 951, 1761, 0, 1, 2, 2, 0, 0, 2, 0]),
 (35, [1622, 103, 0, 1, 1, 2007, 724, 1, 0, 2, 3, 1, 0, 1, 2]),
 (35, [1457, 30, 1, 0, 0, 1435, 1418, 0, 1, 1, 4, 0, 2, 2, 0]),
 (35, [1417, 64, 0, 0, 1, 870, 1689, 1, 0, 1, 4, 1, 0, 2, 2]),
 (35, [1373, 73, 0, 1, 1, 607, 532, 1, 0, 2, 3, 1, 0, 0, 1]),
 (35, [1022, 102, 0, 1, 1, 1061, 592, 1, 0, 0, 2, 0, 2, 0, 1]),
 (35, [980, 79, 1, 1, 1, 2040, 1886, 1, 0, 2, 4, 1, 2, 1, 2]),
 (35, [947, 82, 0, 0, 1, 1362, 1227, 1, 0, 1, 0, 1, 1, 0, 2]),
 (35, [863, 77, 1, 1, 1, 1052, 763, 1, 1, 0, 4, 0, 0, 0, 1]),
 (35, [841, 69, 1, 1, 1, 1365, 1029, 1, 0, 0, 4, 0, 2, 0, 0]),
 (35, [794, 31, 1, 1, 1, 690, 1400, 0, 1, 1, 0, 0, 1, 1, 1]),
 (35, [577, 20, 1, 1, 0, 1185, 1211, 0, 1, 0, 1, 1, 2, 1, 1]),
 (35, [519, 80, 1, 0, 1, 1732, 2019, 0, 0, 2, 4, 1, 0, 1, 0])]
Población final:
[(999, [1885, 59, 0, 0, 1, 883, 1004, 1, 1, 1, 5, 0, 2, 2, 2]),
 (999, [1829, 52, 1, 0, 0, 1873, 539, 1, 0, 3, 5, 1, 1, 0, 2]),
 (999, [1707, 84, 0, 0, 0, 1169, 1212, 0, 0, 3, 5, 0, 1, 0, 1]),
 (999, [1651, 23, 1, 1, 1, 1320, 1758, 0, 0, 0, 5, 1, 1, 2, 1]),
 (999, [1497, 56, 1, 1, 0, 1027, 1477, 1, 0, 3, 2, 1, 0, 2, 1]),
 (999, [946, 99, 0, 1, 0, 1359, 1230, 0, 1, 3, 1, 0, 1, 0, 0]),
 (999, [916, 39, 0, 1, 0, 1505, 1472, 0, 1, 0, 5, 1, 2, 2, 0]),
 (999, [838, 98, 1, 0, 0, 1363, 1839, 1, 1, 3, 1, 1, 2, 0, 0]),
 (999, [777, 91, 0, 0, 0, 1710, 1783, 1, 1, 1, 5, 1, 1, 0, 0]),
 (999, [754, 43, 0, 1, 1, 1635, 1919, 1, 0, 3, 1, 0, 0, 1, 1]),
 (999, [748, 96, 1, 0, 1, 1514, 1818, 0, 1, 3, 0, 1, 2, 1, 1]),
 (999, [561, 35, 1, 0, 0, 600, 1422, 1, 1, 3, 2, 1, 0, 0, 1]),
 (999, [559, 40, 1, 1, 1, 1437, 1976, 1, 0, 3, 0, 1, 0, 0, 0]),
 (35, [1998, 67, 0, 1, 0, 1015, 966, 1, 0, 0, 2, 1, 0, 2, 1]),
 (35, [1936, 118, 0, 1, 1, 1287, 1403, 1, 0, 1, 2, 0, 1, 2, 1]),
 (35, [1922, 117, 1, 0, 0, 1871, 912, 0, 0, 2, 2, 0, 0, 2, 2]),
 (35, [1862, 11, 0, 1, 0, 1764, 2033, 1, 1, 2, 2, 0, 1, 0, 1]),
 (35, [1857, 39, 0, 1, 1, 1485, 1708, 0, 1, 1, 4, 1, 2, 0, 0]),
 (35, [1776, 104, 0, 0, 1, 1849, 1735, 0, 1, 1, 2, 0, 2, 2, 0]),
 (35, [1672, 36, 0, 0, 1, 951, 1761, 0, 1, 2, 2, 0, 0, 2, 0]),
 (35, [1622, 103, 0, 1, 1, 2007, 724, 1, 0, 2, 3, 1, 0, 1, 2]),
 (35, [1457, 30, 1, 0, 0, 1435, 1418, 0, 1, 1, 4, 0, 2, 2, 0]),
 (35, [1417, 64, 0, 0, 1, 870, 1689, 1, 0, 1, 4, 1, 0, 2, 2]),
 (35, [1373, 73, 0, 1, 1, 607, 532, 1, 0, 2, 3, 1, 0, 0, 1]),
 (35, [1022, 102, 0, 1, 1, 1061, 592, 1, 0, 0, 2, 0, 2, 0, 1]),
 (35, [980, 79, 1, 1, 1, 2040, 1886, 1, 0, 2, 4, 1, 2, 1, 2]),
 (35, [947, 82, 0, 0, 1, 1362, 1227, 1, 0, 1, 0, 1, 1, 0, 2]),
 (35, [863, 77, 1, 1, 1, 1052, 763, 1, 1, 0, 4, 0, 0, 0, 1]),
 (35, [841, 69, 1, 1, 1, 1365, 1029, 1, 0, 0, 4, 0, 2, 0, 0]),
 (35, [794, 31, 1, 1, 1, 690, 1400, 0, 1, 1, 0, 0, 1, 1, 1]),
 (35, [577, 20, 1, 1, 0, 1185, 1211, 0, 1, 0, 1, 1, 2, 1, 1]),
 (35, [519, 80, 1, 0, 1, 1732, 2019, 0, 0, 2, 4, 1, 0, 1, 0])]
Elapsed time is 963.296605 seconds.
