 * Manually resetting nginx to stopped state
 * Manually resetting nginx to stopped state
 * Manually resetting nginx to stopped state
 * Manually resetting nginx to stopped state
 * Manually resetting nginx to stopped state
 * Manually resetting nginx to stopped state
 * Manually resetting nginx to stopped state
 * Manually resetting nginx to stopped state
 * Manually resetting nginx to stopped state
 * Manually resetting nginx to stopped state
 * Manually resetting nginx to stopped state
 * Manually resetting nginx to stopped state
 * Manually resetting nginx to stopped state
 * Manually resetting nginx to stopped state
 * Manually resetting nginx to stopped state
 * Manually resetting nginx to stopped state
 * Manually resetting nginx to stopped state
 * Manually resetting nginx to stopped state
 * Manually resetting nginx to stopped state
 * Manually resetting nginx to stopped state
genes: 15
individuals : 32
pressure: 5
mutation_chance: 0
generations: 15
crossover_type: 2
mutation_type_random: 0
Alerts:
35
Alerts:
35
Alerts:
35
Alerts:
35
Alerts:
35
Alerts:
35
Alerts:
35
Alerts:
35
Alerts:
35
Alerts:
35
Alerts:
35
Alerts:
35
Alerts:
35
Alerts:
35
Alerts:
35
Alerts:
35
Alerts:
35
Alerts:
35
Alerts:
35
Alerts:
35

Población de 32 individuos durante 15 generaciones
Población inicial:
[(999, [2016, 16, 1, 1, 1, 913, 1187, 0, 0, 3, 5, 1, 2, 2, 1]),
 (999, [1931, 91, 1, 1, 1, 1158, 913, 1, 1, 3, 2, 1, 2, 0, 0]),
 (999, [1866, 113, 1, 1, 0, 764, 756, 1, 0, 0, 5, 0, 0, 1, 1]),
 (999, [1848, 43, 1, 0, 1, 1906, 1858, 0, 0, 2, 5, 0, 1, 0, 2]),
 (999, [1764, 113, 1, 1, 1, 1519, 1433, 1, 1, 3, 4, 0, 1, 0, 1]),
 (999, [1609, 68, 0, 0, 0, 1366, 567, 0, 1, 2, 5, 0, 2, 2, 0]),
 (999, [1289, 27, 0, 0, 0, 705, 1326, 1, 0, 3, 4, 0, 1, 2, 0]),
 (999, [1178, 106, 1, 1, 1, 2010, 933, 0, 1, 1, 5, 1, 1, 1, 1]),
 (999, [907, 53, 1, 1, 0, 1399, 1469, 0, 0, 3, 2, 0, 2, 2, 2]),
 (999, [879, 26, 1, 0, 1, 1961, 1255, 0, 1, 3, 4, 0, 2, 2, 2]),
 (999, [806, 85, 0, 1, 0, 1824, 1430, 1, 1, 0, 5, 0, 1, 1, 1]),
 (999, [652, 42, 1, 1, 0, 963, 1517, 0, 1, 0, 5, 1, 2, 2, 2]),
 (35, [1933, 101, 0, 1, 0, 1241, 1925, 1, 1, 0, 2, 1, 0, 1, 1]),
 (35, [1793, 58, 1, 0, 0, 1142, 601, 0, 0, 0, 4, 0, 2, 1, 0]),
 (35, [1560, 37, 0, 0, 1, 1710, 1314, 0, 0, 1, 4, 1, 2, 1, 0]),
 (35, [1544, 79, 0, 1, 0, 1300, 720, 1, 1, 2, 1, 0, 2, 1, 0]),
 (35, [1527, 109, 0, 0, 1, 1520, 728, 0, 0, 1, 3, 0, 2, 0, 2]),
 (35, [1487, 92, 0, 1, 1, 1449, 603, 0, 0, 0, 3, 0, 2, 1, 0]),
 (35, [1254, 86, 0, 1, 0, 1315, 1169, 1, 1, 2, 2, 1, 2, 0, 1]),
 (35, [1168, 109, 1, 1, 0, 860, 1061, 1, 0, 1, 2, 1, 0, 1, 0]),
 (35, [1098, 71, 0, 0, 1, 864, 1757, 1, 1, 1, 4, 1, 0, 2, 2]),
 (35, [959, 68, 1, 0, 0, 769, 1834, 0, 1, 0, 3, 1, 2, 2, 1]),
 (35, [879, 78, 0, 0, 1, 1129, 1330, 0, 0, 0, 0, 0, 1, 2, 2]),
 (35, [867, 37, 0, 0, 0, 912, 757, 0, 0, 2, 4, 1, 1, 2, 0]),
 (35, [853, 117, 1, 0, 0, 659, 1382, 1, 0, 0, 4, 1, 2, 0, 0]),
 (35, [850, 23, 1, 1, 1, 2017, 581, 0, 0, 2, 2, 0, 2, 0, 2]),
 (35, [735, 117, 0, 1, 1, 597, 1094, 0, 1, 2, 3, 0, 2, 2, 2]),
 (35, [637, 36, 0, 1, 1, 1782, 1680, 1, 1, 2, 1, 1, 2, 2, 1]),
 (35, [632, 62, 0, 0, 1, 1302, 1226, 0, 0, 0, 3, 1, 2, 0, 0]),
 (35, [617, 91, 1, 1, 0, 1385, 1639, 0, 0, 2, 1, 0, 1, 2, 0]),
 (35, [584, 104, 1, 1, 0, 881, 905, 0, 0, 0, 4, 1, 1, 2, 0]),
 (35, [566, 56, 0, 1, 1, 1822, 1089, 0, 1, 2, 4, 1, 2, 0, 1])]
Población final:
[(999, [2016, 16, 1, 1, 1, 913, 1187, 0, 0, 3, 5, 1, 2, 2, 1]),
 (999, [1931, 91, 1, 1, 1, 1158, 913, 1, 1, 3, 2, 1, 2, 0, 0]),
 (999, [1866, 113, 1, 1, 0, 764, 756, 1, 0, 0, 5, 0, 0, 1, 1]),
 (999, [1848, 43, 1, 0, 1, 1906, 1858, 0, 0, 2, 5, 0, 1, 0, 2]),
 (999, [1764, 113, 1, 1, 1, 1519, 1433, 1, 1, 3, 4, 0, 1, 0, 1]),
 (999, [1609, 68, 0, 0, 0, 1366, 567, 0, 1, 2, 5, 0, 2, 2, 0]),
 (999, [1289, 27, 0, 0, 0, 705, 1326, 1, 0, 3, 4, 0, 1, 2, 0]),
 (999, [1178, 106, 1, 1, 1, 2010, 933, 0, 1, 1, 5, 1, 1, 1, 1]),
 (999, [907, 53, 1, 1, 0, 1399, 1469, 0, 0, 3, 2, 0, 2, 2, 2]),
 (999, [879, 26, 1, 0, 1, 1961, 1255, 0, 1, 3, 4, 0, 2, 2, 2]),
 (999, [806, 85, 0, 1, 0, 1824, 1430, 1, 1, 0, 5, 0, 1, 1, 1]),
 (999, [652, 42, 1, 1, 0, 963, 1517, 0, 1, 0, 5, 1, 2, 2, 2]),
 (35, [1933, 101, 0, 1, 0, 1241, 1925, 1, 1, 0, 2, 1, 0, 1, 1]),
 (35, [1793, 58, 1, 0, 0, 1142, 601, 0, 0, 0, 4, 0, 2, 1, 0]),
 (35, [1560, 37, 0, 0, 1, 1710, 1314, 0, 0, 1, 4, 1, 2, 1, 0]),
 (35, [1544, 79, 0, 1, 0, 1300, 720, 1, 1, 2, 1, 0, 2, 1, 0]),
 (35, [1527, 109, 0, 0, 1, 1520, 728, 0, 0, 1, 3, 0, 2, 0, 2]),
 (35, [1487, 92, 0, 1, 1, 1449, 603, 0, 0, 0, 3, 0, 2, 1, 0]),
 (35, [1254, 86, 0, 1, 0, 1315, 1169, 1, 1, 2, 2, 1, 2, 0, 1]),
 (35, [1168, 109, 1, 1, 0, 860, 1061, 1, 0, 1, 2, 1, 0, 1, 0]),
 (35, [1098, 71, 0, 0, 1, 864, 1757, 1, 1, 1, 4, 1, 0, 2, 2]),
 (35, [959, 68, 1, 0, 0, 769, 1834, 0, 1, 0, 3, 1, 2, 2, 1]),
 (35, [879, 78, 0, 0, 1, 1129, 1330, 0, 0, 0, 0, 0, 1, 2, 2]),
 (35, [867, 37, 0, 0, 0, 912, 757, 0, 0, 2, 4, 1, 1, 2, 0]),
 (35, [853, 117, 1, 0, 0, 659, 1382, 1, 0, 0, 4, 1, 2, 0, 0]),
 (35, [850, 23, 1, 1, 1, 2017, 581, 0, 0, 2, 2, 0, 2, 0, 2]),
 (35, [735, 117, 0, 1, 1, 597, 1094, 0, 1, 2, 3, 0, 2, 2, 2]),
 (35, [637, 36, 0, 1, 1, 1782, 1680, 1, 1, 2, 1, 1, 2, 2, 1]),
 (35, [632, 62, 0, 0, 1, 1302, 1226, 0, 0, 0, 3, 1, 2, 0, 0]),
 (35, [617, 91, 1, 1, 0, 1385, 1639, 0, 0, 2, 1, 0, 1, 2, 0]),
 (35, [584, 104, 1, 1, 0, 881, 905, 0, 0, 0, 4, 1, 1, 2, 0]),
 (35, [566, 56, 0, 1, 1, 1822, 1089, 0, 1, 2, 4, 1, 2, 0, 1])]
Elapsed time is 999.674778 seconds.
