 * Manually resetting nginx to stopped state
 * Manually resetting nginx to stopped state
 * Manually resetting nginx to stopped state
 * Manually resetting nginx to stopped state
 * Manually resetting nginx to stopped state
 * Manually resetting nginx to stopped state
 * Manually resetting nginx to stopped state
 * Manually resetting nginx to stopped state
 * Manually resetting nginx to stopped state
 * Manually resetting nginx to stopped state
 * Manually resetting nginx to stopped state
 * Manually resetting nginx to stopped state
 * Manually resetting nginx to stopped state
 * Manually resetting nginx to stopped state
 * Manually resetting nginx to stopped state
 * Manually resetting nginx to stopped state
 * Manually resetting nginx to stopped state
 * Manually resetting nginx to stopped state
 * Manually resetting nginx to stopped state
 * Manually resetting nginx to stopped state
 * Manually resetting nginx to stopped state
 * Manually resetting nginx to stopped state
 * Manually resetting nginx to stopped state
genes: 15
individuals : 32
pressure: 5
mutation_chance: 0
generations: 15
crossover_type: 2
mutation_type_random: 0
Alerts:
35
Alerts:
35
Alerts:
35
Alerts:
35
Alerts:
35
Alerts:
35
Alerts:
35
Alerts:
35
Alerts:
35
Alerts:
35
Alerts:
35
Alerts:
35
Alerts:
35
Alerts:
35
Alerts:
35
Alerts:
35
Alerts:
35
Alerts:
35
Alerts:
35
Alerts:
35
Alerts:
35
Alerts:
35
Alerts:
35

Población de 32 individuos durante 15 generaciones
Población inicial:
[(999, [1990, 115, 1, 1, 1, 1126, 516, 1, 0, 3, 4, 1, 0, 2, 1]),
 (999, [1719, 13, 1, 0, 1, 653, 1997, 1, 1, 1, 5, 0, 1, 1, 0]),
 (999, [1570, 82, 0, 1, 0, 1951, 1613, 1, 1, 2, 5, 0, 1, 2, 0]),
 (999, [1350, 81, 0, 0, 0, 1912, 529, 0, 1, 3, 4, 1, 0, 1, 1]),
 (999, [915, 84, 1, 1, 0, 1045, 1897, 1, 0, 3, 2, 0, 0, 0, 0]),
 (999, [912, 106, 0, 0, 0, 1429, 1038, 0, 1, 2, 5, 1, 1, 2, 2]),
 (999, [638, 48, 0, 1, 0, 631, 1090, 0, 0, 1, 5, 1, 0, 1, 0]),
 (999, [621, 72, 0, 0, 1, 1812, 1413, 0, 1, 0, 5, 1, 2, 2, 2]),
 (999, [583, 102, 1, 1, 1, 539, 930, 1, 1, 1, 5, 0, 1, 0, 1]),
 (35, [1949, 44, 0, 0, 0, 1308, 570, 1, 1, 1, 4, 1, 2, 2, 1]),
 (35, [1842, 102, 1, 1, 0, 1766, 1631, 0, 0, 2, 0, 1, 1, 1, 1]),
 (35, [1831, 48, 0, 0, 0, 1347, 756, 0, 1, 0, 2, 1, 1, 1, 2]),
 (35, [1822, 41, 0, 1, 0, 1415, 590, 0, 0, 1, 4, 0, 2, 2, 2]),
 (35, [1781, 31, 0, 0, 0, 1372, 1083, 0, 0, 0, 2, 0, 1, 0, 1]),
 (35, [1562, 17, 1, 0, 1, 2017, 1955, 1, 1, 0, 3, 0, 1, 0, 0]),
 (35, [1010, 50, 0, 1, 0, 977, 1459, 0, 1, 1, 4, 0, 2, 0, 2]),
 (35, [1000, 59, 0, 1, 1, 1248, 1380, 0, 0, 0, 1, 1, 0, 2, 1]),
 (35, [1000, 55, 1, 0, 0, 845, 885, 0, 0, 0, 0, 0, 0, 0, 0]),
 (35, [993, 76, 1, 0, 1, 1722, 1915, 1, 0, 1, 0, 1, 0, 2, 2]),
 (35, [990, 108, 1, 0, 1, 1107, 649, 0, 1, 1, 3, 0, 1, 1, 0]),
 (35, [948, 90, 0, 1, 0, 1655, 796, 1, 1, 2, 1, 0, 2, 1, 0]),
 (35, [886, 20, 0, 1, 1, 988, 1939, 0, 1, 2, 0, 0, 0, 0, 2]),
 (35, [807, 120, 0, 0, 0, 1888, 2020, 1, 0, 1, 2, 1, 2, 2, 2]),
 (35, [807, 25, 0, 1, 0, 979, 2025, 0, 1, 0, 0, 1, 1, 0, 2]),
 (35, [759, 44, 0, 0, 0, 1685, 1950, 0, 1, 0, 0, 0, 0, 0, 2]),
 (35, [723, 69, 1, 0, 1, 1582, 634, 1, 1, 0, 0, 0, 1, 1, 0]),
 (35, [707, 30, 1, 1, 0, 945, 1166, 0, 0, 2, 2, 1, 2, 1, 1]),
 (35, [700, 30, 0, 0, 1, 1354, 1747, 1, 1, 1, 4, 0, 1, 2, 1]),
 (35, [695, 56, 0, 0, 0, 1962, 690, 0, 1, 2, 3, 0, 1, 2, 0]),
 (35, [672, 91, 1, 1, 0, 1142, 857, 1, 0, 0, 4, 0, 1, 2, 1]),
 (35, [580, 82, 0, 0, 0, 797, 1311, 1, 1, 1, 3, 1, 2, 2, 0]),
 (35, [520, 101, 1, 0, 1, 798, 1825, 1, 1, 2, 4, 0, 2, 2, 2])]
Población final:
[(999, [1990, 115, 1, 1, 1, 1126, 516, 1, 0, 3, 4, 1, 0, 2, 1]),
 (999, [1719, 13, 1, 0, 1, 653, 1997, 1, 1, 1, 5, 0, 1, 1, 0]),
 (999, [1570, 82, 0, 1, 0, 1951, 1613, 1, 1, 2, 5, 0, 1, 2, 0]),
 (999, [1350, 81, 0, 0, 0, 1912, 529, 0, 1, 3, 4, 1, 0, 1, 1]),
 (999, [915, 84, 1, 1, 0, 1045, 1897, 1, 0, 3, 2, 0, 0, 0, 0]),
 (999, [912, 106, 0, 0, 0, 1429, 1038, 0, 1, 2, 5, 1, 1, 2, 2]),
 (999, [638, 48, 0, 1, 0, 631, 1090, 0, 0, 1, 5, 1, 0, 1, 0]),
 (999, [621, 72, 0, 0, 1, 1812, 1413, 0, 1, 0, 5, 1, 2, 2, 2]),
 (999, [583, 102, 1, 1, 1, 539, 930, 1, 1, 1, 5, 0, 1, 0, 1]),
 (35, [1949, 44, 0, 0, 0, 1308, 570, 1, 1, 1, 4, 1, 2, 2, 1]),
 (35, [1842, 102, 1, 1, 0, 1766, 1631, 0, 0, 2, 0, 1, 1, 1, 1]),
 (35, [1831, 48, 0, 0, 0, 1347, 756, 0, 1, 0, 2, 1, 1, 1, 2]),
 (35, [1822, 41, 0, 1, 0, 1415, 590, 0, 0, 1, 4, 0, 2, 2, 2]),
 (35, [1781, 31, 0, 0, 0, 1372, 1083, 0, 0, 0, 2, 0, 1, 0, 1]),
 (35, [1562, 17, 1, 0, 1, 2017, 1955, 1, 1, 0, 3, 0, 1, 0, 0]),
 (35, [1010, 50, 0, 1, 0, 977, 1459, 0, 1, 1, 4, 0, 2, 0, 2]),
 (35, [1000, 59, 0, 1, 1, 1248, 1380, 0, 0, 0, 1, 1, 0, 2, 1]),
 (35, [1000, 55, 1, 0, 0, 845, 885, 0, 0, 0, 0, 0, 0, 0, 0]),
 (35, [993, 76, 1, 0, 1, 1722, 1915, 1, 0, 1, 0, 1, 0, 2, 2]),
 (35, [990, 108, 1, 0, 1, 1107, 649, 0, 1, 1, 3, 0, 1, 1, 0]),
 (35, [948, 90, 0, 1, 0, 1655, 796, 1, 1, 2, 1, 0, 2, 1, 0]),
 (35, [886, 20, 0, 1, 1, 988, 1939, 0, 1, 2, 0, 0, 0, 0, 2]),
 (35, [807, 120, 0, 0, 0, 1888, 2020, 1, 0, 1, 2, 1, 2, 2, 2]),
 (35, [807, 25, 0, 1, 0, 979, 2025, 0, 1, 0, 0, 1, 1, 0, 2]),
 (35, [759, 44, 0, 0, 0, 1685, 1950, 0, 1, 0, 0, 0, 0, 0, 2]),
 (35, [723, 69, 1, 0, 1, 1582, 634, 1, 1, 0, 0, 0, 1, 1, 0]),
 (35, [707, 30, 1, 1, 0, 945, 1166, 0, 0, 2, 2, 1, 2, 1, 1]),
 (35, [700, 30, 0, 0, 1, 1354, 1747, 1, 1, 1, 4, 0, 1, 2, 1]),
 (35, [695, 56, 0, 0, 0, 1962, 690, 0, 1, 2, 3, 0, 1, 2, 0]),
 (35, [672, 91, 1, 1, 0, 1142, 857, 1, 0, 0, 4, 0, 1, 2, 1]),
 (35, [580, 82, 0, 0, 0, 797, 1311, 1, 1, 1, 3, 1, 2, 2, 0]),
 (35, [520, 101, 1, 0, 1, 798, 1825, 1, 1, 2, 4, 0, 2, 2, 2])]
Elapsed time is 1164.646847 seconds.
