 * Manually resetting nginx to stopped state
 * Manually resetting nginx to stopped state
 * Manually resetting nginx to stopped state
 * Manually resetting nginx to stopped state
 * Manually resetting nginx to stopped state
 * Manually resetting nginx to stopped state
 * Manually resetting nginx to stopped state
 * Manually resetting nginx to stopped state
 * Manually resetting nginx to stopped state
 * Manually resetting nginx to stopped state
 * Manually resetting nginx to stopped state
 * Manually resetting nginx to stopped state
 * Manually resetting nginx to stopped state
 * Manually resetting nginx to stopped state
 * Manually resetting nginx to stopped state
 * Manually resetting nginx to stopped state
 * Manually resetting nginx to stopped state
 * Manually resetting nginx to stopped state
 * Manually resetting nginx to stopped state
 * Manually resetting nginx to stopped state
 * Manually resetting nginx to stopped state
 * Manually resetting nginx to stopped state
 * Manually resetting nginx to stopped state
genes: 15
individuals : 32
pressure: 5
mutation_chance: 0
generations: 15
crossover_type: 2
mutation_type_random: 0
Alerts:
35
Alerts:
35
Alerts:
35
Alerts:
35
Alerts:
35
Alerts:
35
Alerts:
35
Alerts:
35
Alerts:
35
Alerts:
35
Alerts:
35
Alerts:
35
Alerts:
35
Alerts:
35
Alerts:
35
Alerts:
35
Alerts:
35
Alerts:
35
Alerts:
35
Alerts:
35
Alerts:
35
Alerts:
35
Alerts:
35

Población de 32 individuos durante 15 generaciones
Población inicial:
[(999, [1601, 20, 1, 0, 1, 1564, 1240, 0, 1, 2, 5, 1, 1, 2, 2]),
 (999, [1397, 37, 1, 1, 1, 1014, 939, 0, 1, 3, 1, 0, 2, 0, 2]),
 (999, [1247, 16, 1, 1, 0, 748, 1897, 1, 1, 3, 3, 0, 2, 2, 0]),
 (999, [986, 114, 0, 0, 0, 719, 1923, 1, 1, 3, 3, 0, 2, 1, 0]),
 (999, [950, 18, 0, 0, 1, 1262, 1788, 1, 1, 2, 5, 0, 0, 2, 2]),
 (999, [875, 70, 0, 1, 1, 1664, 1509, 0, 1, 3, 3, 0, 1, 0, 0]),
 (999, [687, 28, 0, 0, 0, 1869, 1542, 0, 1, 2, 5, 1, 2, 0, 0]),
 (999, [661, 76, 1, 0, 1, 770, 1002, 1, 0, 3, 5, 1, 2, 0, 2]),
 (999, [597, 46, 1, 1, 1, 603, 1475, 0, 0, 3, 3, 0, 0, 1, 0]),
 (35, [1974, 22, 0, 1, 1, 1731, 1432, 1, 1, 2, 0, 0, 0, 1, 0]),
 (35, [1952, 58, 0, 1, 0, 1577, 709, 0, 0, 0, 0, 1, 1, 0, 2]),
 (35, [1919, 112, 0, 1, 1, 1800, 1192, 1, 1, 1, 3, 1, 0, 1, 2]),
 (35, [1817, 42, 0, 0, 1, 1084, 1947, 0, 1, 1, 4, 0, 2, 0, 0]),
 (35, [1679, 103, 0, 0, 1, 1370, 1507, 1, 0, 1, 0, 1, 1, 2, 1]),
 (35, [1658, 97, 1, 1, 0, 1108, 633, 1, 0, 0, 1, 0, 0, 0, 0]),
 (35, [1645, 52, 0, 1, 0, 650, 837, 1, 1, 2, 3, 1, 1, 1, 2]),
 (35, [1434, 120, 1, 0, 0, 1822, 1783, 1, 1, 0, 3, 0, 2, 0, 0]),
 (35, [1412, 85, 1, 0, 0, 1968, 1844, 0, 0, 2, 3, 1, 1, 0, 2]),
 (35, [1387, 67, 0, 0, 0, 847, 1274, 1, 1, 2, 0, 0, 2, 2, 0]),
 (35, [1342, 12, 0, 0, 1, 1073, 743, 0, 1, 2, 3, 0, 2, 1, 0]),
 (35, [1327, 62, 1, 1, 0, 1723, 1298, 1, 1, 2, 1, 0, 0, 2, 2]),
 (35, [1323, 100, 1, 0, 1, 1015, 1491, 0, 0, 1, 2, 1, 0, 2, 2]),
 (35, [1228, 23, 0, 1, 0, 847, 1920, 1, 0, 0, 1, 0, 2, 1, 2]),
 (35, [1180, 115, 0, 0, 1, 2040, 1568, 0, 0, 0, 1, 1, 1, 0, 2]),
 (35, [1143, 25, 1, 1, 1, 647, 809, 0, 0, 2, 4, 0, 1, 0, 0]),
 (35, [1058, 115, 0, 1, 1, 631, 1694, 1, 1, 1, 1, 0, 2, 2, 1]),
 (35, [1009, 84, 0, 0, 0, 997, 1320, 1, 1, 0, 0, 1, 0, 2, 1]),
 (35, [959, 94, 0, 0, 1, 1825, 570, 0, 1, 0, 0, 1, 1, 0, 2]),
 (35, [777, 72, 1, 1, 1, 1059, 1273, 0, 0, 1, 4, 0, 2, 1, 2]),
 (35, [691, 89, 0, 0, 0, 1634, 1955, 1, 1, 0, 3, 0, 2, 2, 0]),
 (35, [649, 14, 0, 1, 1, 1488, 1321, 0, 1, 2, 0, 0, 0, 0, 0]),
 (35, [613, 29, 0, 0, 1, 615, 640, 1, 1, 0, 3, 1, 2, 2, 0])]
Población final:
[(999, [1601, 20, 1, 0, 1, 1564, 1240, 0, 1, 2, 5, 1, 1, 2, 2]),
 (999, [1397, 37, 1, 1, 1, 1014, 939, 0, 1, 3, 1, 0, 2, 0, 2]),
 (999, [1247, 16, 1, 1, 0, 748, 1897, 1, 1, 3, 3, 0, 2, 2, 0]),
 (999, [986, 114, 0, 0, 0, 719, 1923, 1, 1, 3, 3, 0, 2, 1, 0]),
 (999, [950, 18, 0, 0, 1, 1262, 1788, 1, 1, 2, 5, 0, 0, 2, 2]),
 (999, [875, 70, 0, 1, 1, 1664, 1509, 0, 1, 3, 3, 0, 1, 0, 0]),
 (999, [687, 28, 0, 0, 0, 1869, 1542, 0, 1, 2, 5, 1, 2, 0, 0]),
 (999, [661, 76, 1, 0, 1, 770, 1002, 1, 0, 3, 5, 1, 2, 0, 2]),
 (999, [597, 46, 1, 1, 1, 603, 1475, 0, 0, 3, 3, 0, 0, 1, 0]),
 (35, [1974, 22, 0, 1, 1, 1731, 1432, 1, 1, 2, 0, 0, 0, 1, 0]),
 (35, [1952, 58, 0, 1, 0, 1577, 709, 0, 0, 0, 0, 1, 1, 0, 2]),
 (35, [1919, 112, 0, 1, 1, 1800, 1192, 1, 1, 1, 3, 1, 0, 1, 2]),
 (35, [1817, 42, 0, 0, 1, 1084, 1947, 0, 1, 1, 4, 0, 2, 0, 0]),
 (35, [1679, 103, 0, 0, 1, 1370, 1507, 1, 0, 1, 0, 1, 1, 2, 1]),
 (35, [1658, 97, 1, 1, 0, 1108, 633, 1, 0, 0, 1, 0, 0, 0, 0]),
 (35, [1645, 52, 0, 1, 0, 650, 837, 1, 1, 2, 3, 1, 1, 1, 2]),
 (35, [1434, 120, 1, 0, 0, 1822, 1783, 1, 1, 0, 3, 0, 2, 0, 0]),
 (35, [1412, 85, 1, 0, 0, 1968, 1844, 0, 0, 2, 3, 1, 1, 0, 2]),
 (35, [1387, 67, 0, 0, 0, 847, 1274, 1, 1, 2, 0, 0, 2, 2, 0]),
 (35, [1342, 12, 0, 0, 1, 1073, 743, 0, 1, 2, 3, 0, 2, 1, 0]),
 (35, [1327, 62, 1, 1, 0, 1723, 1298, 1, 1, 2, 1, 0, 0, 2, 2]),
 (35, [1323, 100, 1, 0, 1, 1015, 1491, 0, 0, 1, 2, 1, 0, 2, 2]),
 (35, [1228, 23, 0, 1, 0, 847, 1920, 1, 0, 0, 1, 0, 2, 1, 2]),
 (35, [1180, 115, 0, 0, 1, 2040, 1568, 0, 0, 0, 1, 1, 1, 0, 2]),
 (35, [1143, 25, 1, 1, 1, 647, 809, 0, 0, 2, 4, 0, 1, 0, 0]),
 (35, [1058, 115, 0, 1, 1, 631, 1694, 1, 1, 1, 1, 0, 2, 2, 1]),
 (35, [1009, 84, 0, 0, 0, 997, 1320, 1, 1, 0, 0, 1, 0, 2, 1]),
 (35, [959, 94, 0, 0, 1, 1825, 570, 0, 1, 0, 0, 1, 1, 0, 2]),
 (35, [777, 72, 1, 1, 1, 1059, 1273, 0, 0, 1, 4, 0, 2, 1, 2]),
 (35, [691, 89, 0, 0, 0, 1634, 1955, 1, 1, 0, 3, 0, 2, 2, 0]),
 (35, [649, 14, 0, 1, 1, 1488, 1321, 0, 1, 2, 0, 0, 0, 0, 0]),
 (35, [613, 29, 0, 0, 1, 615, 640, 1, 1, 0, 3, 1, 2, 2, 0])]
Elapsed time is 2354.354248 seconds.
