 * Manually resetting nginx to stopped state
 * Manually resetting nginx to stopped state
 * Manually resetting nginx to stopped state
 * Manually resetting nginx to stopped state
 * Manually resetting nginx to stopped state
 * Manually resetting nginx to stopped state
 * Manually resetting nginx to stopped state
 * Manually resetting nginx to stopped state
 * Manually resetting nginx to stopped state
 * Manually resetting nginx to stopped state
 * Manually resetting nginx to stopped state
 * Manually resetting nginx to stopped state
 * Manually resetting nginx to stopped state
 * Manually resetting nginx to stopped state
 * Manually resetting nginx to stopped state
 * Manually resetting nginx to stopped state
 * Manually resetting nginx to stopped state
 * Manually resetting nginx to stopped state
genes: 15
individuals : 32
pressure: 5
mutation_chance: 0
generations: 15
crossover_type: 1
mutation_type_random: 1
Alerts:
35
Alerts:
35
Alerts:
35
Alerts:
35
Alerts:
35
Alerts:
35
Alerts:
35
Alerts:
35
Alerts:
35
Alerts:
35
Alerts:
35
Alerts:
35
Alerts:
35
Alerts:
35
Alerts:
35
Alerts:
35
Alerts:
35
Alerts:
35

Población de 32 individuos durante 15 generaciones
Población inicial:
[(999, [1999, 109, 1, 1, 1, 1740, 1959, 0, 1, 3, 3, 0, 0, 2, 1]),
 (999, [1971, 70, 1, 0, 1, 1344, 1511, 0, 0, 0, 5, 0, 0, 2, 1]),
 (999, [1846, 86, 0, 1, 1, 987, 1153, 0, 1, 0, 5, 1, 2, 0, 2]),
 (999, [1783, 13, 0, 0, 1, 1877, 1562, 0, 1, 3, 1, 1, 2, 2, 2]),
 (999, [1682, 74, 1, 0, 0, 1051, 1504, 1, 1, 3, 0, 1, 1, 1, 0]),
 (999, [1670, 31, 0, 1, 0, 1541, 815, 1, 0, 3, 0, 0, 1, 0, 0]),
 (999, [1658, 95, 1, 0, 0, 1643, 804, 0, 1, 0, 5, 1, 1, 0, 2]),
 (999, [1586, 38, 0, 0, 0, 698, 1503, 0, 0, 3, 5, 1, 2, 0, 1]),
 (999, [1558, 90, 1, 0, 0, 1531, 530, 0, 0, 3, 3, 1, 0, 1, 2]),
 (999, [1242, 49, 1, 1, 1, 1163, 1504, 0, 1, 3, 2, 0, 1, 0, 1]),
 (999, [961, 56, 0, 0, 0, 983, 1975, 0, 1, 1, 5, 0, 0, 2, 1]),
 (999, [744, 94, 0, 0, 0, 1247, 886, 1, 1, 2, 5, 1, 0, 1, 2]),
 (999, [583, 119, 1, 0, 0, 884, 1191, 1, 1, 3, 2, 0, 1, 2, 0]),
 (999, [532, 34, 0, 1, 1, 1666, 1805, 0, 1, 3, 3, 1, 0, 1, 0]),
 (35, [2006, 25, 0, 1, 1, 926, 551, 1, 1, 1, 2, 0, 1, 2, 1]),
 (35, [1903, 84, 1, 0, 1, 1001, 823, 1, 1, 2, 0, 0, 1, 0, 2]),
 (35, [1724, 15, 1, 0, 1, 749, 1095, 1, 0, 1, 2, 0, 0, 1, 0]),
 (35, [1667, 61, 0, 0, 0, 1772, 871, 0, 1, 2, 1, 0, 0, 2, 0]),
 (35, [1628, 23, 1, 1, 1, 1343, 522, 0, 1, 2, 1, 1, 2, 0, 0]),
 (35, [1580, 25, 1, 0, 1, 1184, 2004, 1, 1, 2, 0, 0, 1, 2, 0]),
 (35, [1292, 42, 0, 1, 0, 1573, 1534, 0, 1, 1, 0, 1, 2, 1, 0]),
 (35, [1258, 48, 1, 1, 1, 1775, 1220, 0, 1, 0, 3, 1, 0, 2, 2]),
 (35, [1202, 80, 1, 0, 1, 1331, 939, 0, 0, 1, 0, 0, 1, 1, 2]),
 (35, [1143, 109, 0, 1, 1, 1105, 608, 0, 0, 0, 2, 0, 2, 0, 0]),
 (35, [920, 53, 0, 1, 1, 1957, 1777, 1, 0, 1, 2, 0, 2, 2, 0]),
 (35, [879, 83, 0, 1, 1, 988, 534, 1, 1, 0, 2, 0, 2, 2, 0]),
 (35, [842, 14, 1, 0, 1, 1502, 1120, 1, 1, 2, 1, 1, 1, 0, 2]),
 (35, [811, 109, 1, 1, 0, 651, 580, 1, 0, 1, 3, 1, 1, 0, 1]),
 (35, [803, 54, 0, 1, 1, 1690, 1277, 1, 0, 2, 3, 1, 2, 2, 2]),
 (35, [788, 109, 1, 0, 0, 1448, 832, 0, 1, 0, 1, 0, 1, 0, 0]),
 (35, [744, 69, 1, 0, 0, 1607, 794, 1, 0, 2, 4, 0, 2, 2, 2]),
 (35, [685, 49, 1, 1, 1, 2015, 568, 1, 0, 0, 2, 0, 2, 0, 1])]
Población final:
[(999, [1999, 109, 1, 1, 1, 1740, 1959, 0, 1, 3, 3, 0, 0, 2, 1]),
 (999, [1971, 70, 1, 0, 1, 1344, 1511, 0, 0, 0, 5, 0, 0, 2, 1]),
 (999, [1846, 86, 0, 1, 1, 987, 1153, 0, 1, 0, 5, 1, 2, 0, 2]),
 (999, [1783, 13, 0, 0, 1, 1877, 1562, 0, 1, 3, 1, 1, 2, 2, 2]),
 (999, [1682, 74, 1, 0, 0, 1051, 1504, 1, 1, 3, 0, 1, 1, 1, 0]),
 (999, [1670, 31, 0, 1, 0, 1541, 815, 1, 0, 3, 0, 0, 1, 0, 0]),
 (999, [1658, 95, 1, 0, 0, 1643, 804, 0, 1, 0, 5, 1, 1, 0, 2]),
 (999, [1586, 38, 0, 0, 0, 698, 1503, 0, 0, 3, 5, 1, 2, 0, 1]),
 (999, [1558, 90, 1, 0, 0, 1531, 530, 0, 0, 3, 3, 1, 0, 1, 2]),
 (999, [1242, 49, 1, 1, 1, 1163, 1504, 0, 1, 3, 2, 0, 1, 0, 1]),
 (999, [961, 56, 0, 0, 0, 983, 1975, 0, 1, 1, 5, 0, 0, 2, 1]),
 (999, [744, 94, 0, 0, 0, 1247, 886, 1, 1, 2, 5, 1, 0, 1, 2]),
 (999, [583, 119, 1, 0, 0, 884, 1191, 1, 1, 3, 2, 0, 1, 2, 0]),
 (999, [532, 34, 0, 1, 1, 1666, 1805, 0, 1, 3, 3, 1, 0, 1, 0]),
 (35, [2006, 25, 0, 1, 1, 926, 551, 1, 1, 1, 2, 0, 1, 2, 1]),
 (35, [1903, 84, 1, 0, 1, 1001, 823, 1, 1, 2, 0, 0, 1, 0, 2]),
 (35, [1724, 15, 1, 0, 1, 749, 1095, 1, 0, 1, 2, 0, 0, 1, 0]),
 (35, [1667, 61, 0, 0, 0, 1772, 871, 0, 1, 2, 1, 0, 0, 2, 0]),
 (35, [1628, 23, 1, 1, 1, 1343, 522, 0, 1, 2, 1, 1, 2, 0, 0]),
 (35, [1580, 25, 1, 0, 1, 1184, 2004, 1, 1, 2, 0, 0, 1, 2, 0]),
 (35, [1292, 42, 0, 1, 0, 1573, 1534, 0, 1, 1, 0, 1, 2, 1, 0]),
 (35, [1258, 48, 1, 1, 1, 1775, 1220, 0, 1, 0, 3, 1, 0, 2, 2]),
 (35, [1202, 80, 1, 0, 1, 1331, 939, 0, 0, 1, 0, 0, 1, 1, 2]),
 (35, [1143, 109, 0, 1, 1, 1105, 608, 0, 0, 0, 2, 0, 2, 0, 0]),
 (35, [920, 53, 0, 1, 1, 1957, 1777, 1, 0, 1, 2, 0, 2, 2, 0]),
 (35, [879, 83, 0, 1, 1, 988, 534, 1, 1, 0, 2, 0, 2, 2, 0]),
 (35, [842, 14, 1, 0, 1, 1502, 1120, 1, 1, 2, 1, 1, 1, 0, 2]),
 (35, [811, 109, 1, 1, 0, 651, 580, 1, 0, 1, 3, 1, 1, 0, 1]),
 (35, [803, 54, 0, 1, 1, 1690, 1277, 1, 0, 2, 3, 1, 2, 2, 2]),
 (35, [788, 109, 1, 0, 0, 1448, 832, 0, 1, 0, 1, 0, 1, 0, 0]),
 (35, [744, 69, 1, 0, 0, 1607, 794, 1, 0, 2, 4, 0, 2, 2, 2]),
 (35, [685, 49, 1, 1, 1, 2015, 568, 1, 0, 0, 2, 0, 2, 0, 1])]
Elapsed time is 906.365219 seconds.
