 * Manually resetting nginx to stopped state
 * Manually resetting nginx to stopped state
 * Manually resetting nginx to stopped state
 * Manually resetting nginx to stopped state
 * Manually resetting nginx to stopped state
 * Manually resetting nginx to stopped state
 * Manually resetting nginx to stopped state
 * Manually resetting nginx to stopped state
 * Manually resetting nginx to stopped state
 * Manually resetting nginx to stopped state
 * Manually resetting nginx to stopped state
 * Manually resetting nginx to stopped state
 * Manually resetting nginx to stopped state
 * Manually resetting nginx to stopped state
 * Manually resetting nginx to stopped state
 * Manually resetting nginx to stopped state
 * Manually resetting nginx to stopped state
 * Manually resetting nginx to stopped state
 * Manually resetting nginx to stopped state
 * Manually resetting nginx to stopped state
genes: 15
individuals : 32
pressure: 5
mutation_chance: 0
generations: 15
crossover_type: 1
mutation_type_random: 1
Alerts:
35
Alerts:
33
Alerts:
35
Alerts:
33
Alerts:
34
Alerts:
35
Alerts:
33
Alerts:
35
Alerts:
35
Alerts:
33
Alerts:
34
Alerts:
35
Alerts:
34
Alerts:
35
Alerts:
35
Alerts:
35
Alerts:
33
Alerts:
35
Alerts:
35
Alerts:
33

Población de 32 individuos durante 15 generaciones
Población inicial:
[(999, [1887, 92, 1, 0, 0, 570, 1382, 0, 1, 2, 5, 0, 2, 2, 1]),
 (999, [1636, 69, 1, 0, 0, 1463, 1471, 0, 0, 3, 3, 0, 0, 1, 1]),
 (999, [1595, 93, 1, 1, 0, 1524, 1148, 1, 1, 3, 5, 1, 2, 0, 1]),
 (999, [1385, 28, 0, 1, 0, 1566, 1405, 0, 1, 2, 5, 0, 1, 0, 1]),
 (999, [1362, 90, 0, 1, 1, 845, 1127, 1, 1, 0, 5, 1, 1, 0, 0]),
 (999, [1286, 98, 0, 1, 0, 1082, 636, 0, 1, 3, 1, 1, 2, 1, 0]),
 (999, [1027, 75, 1, 1, 0, 1594, 1933, 1, 0, 3, 4, 1, 0, 2, 1]),
 (999, [884, 52, 1, 0, 1, 1010, 1465, 0, 0, 3, 4, 1, 1, 0, 1]),
 (999, [850, 61, 0, 1, 1, 1774, 1677, 0, 0, 3, 4, 0, 0, 1, 0]),
 (999, [815, 53, 0, 1, 0, 1041, 755, 1, 1, 3, 4, 0, 0, 2, 2]),
 (999, [624, 66, 0, 1, 0, 1237, 1752, 1, 0, 3, 3, 1, 1, 0, 1]),
 (999, [531, 70, 1, 1, 0, 1431, 1412, 1, 0, 3, 0, 0, 1, 0, 2]),
 (35, [2009, 20, 1, 0, 1, 1531, 816, 1, 0, 1, 0, 1, 0, 1, 0]),
 (35, [1892, 81, 0, 1, 0, 2016, 1902, 1, 0, 0, 4, 0, 1, 2, 2]),
 (35, [1853, 39, 0, 0, 1, 1904, 571, 0, 0, 0, 2, 1, 2, 0, 2]),
 (35, [1603, 36, 0, 1, 1, 1193, 1760, 0, 1, 2, 1, 0, 1, 2, 1]),
 (35, [1576, 80, 0, 0, 1, 1941, 671, 1, 0, 1, 3, 1, 2, 2, 0]),
 (35, [1529, 97, 1, 1, 1, 1706, 703, 1, 1, 2, 1, 1, 0, 1, 2]),
 (35, [1110, 88, 0, 0, 1, 1650, 700, 0, 1, 1, 1, 0, 2, 1, 2]),
 (35, [955, 66, 1, 0, 0, 1343, 1648, 1, 1, 2, 3, 1, 1, 1, 2]),
 (35, [944, 41, 0, 0, 1, 672, 1718, 1, 1, 1, 3, 1, 1, 2, 1]),
 (35, [658, 11, 1, 1, 1, 1437, 687, 1, 0, 1, 3, 0, 0, 0, 1]),
 (35, [560, 94, 0, 1, 1, 1242, 705, 0, 1, 1, 4, 1, 2, 1, 1]),
 (34, [1745, 59, 1, 0, 0, 1042, 1999, 0, 1, 0, 2, 1, 0, 1, 1]),
 (34, [1353, 76, 1, 1, 0, 614, 1090, 0, 1, 1, 4, 0, 2, 2, 2]),
 (34, [606, 64, 1, 1, 0, 953, 1032, 0, 0, 0, 1, 1, 1, 1, 1]),
 (33, [1942, 40, 1, 1, 0, 1072, 864, 1, 0, 0, 3, 0, 2, 2, 2]),
 (33, [1667, 89, 0, 1, 0, 1459, 740, 0, 1, 2, 0, 1, 0, 1, 2]),
 (33, [1625, 23, 1, 1, 0, 1820, 746, 1, 1, 0, 1, 0, 2, 2, 1]),
 (33, [1333, 12, 0, 1, 0, 953, 586, 1, 0, 0, 3, 1, 2, 2, 2]),
 (33, [1097, 118, 1, 0, 0, 737, 1199, 1, 0, 0, 3, 0, 0, 1, 2]),
 (33, [662, 12, 1, 1, 0, 1456, 2040, 0, 0, 0, 3, 1, 1, 0, 1])]
Población final:
[(999, [1887, 92, 1, 0, 0, 570, 1382, 0, 1, 2, 5, 0, 2, 2, 1]),
 (999, [1636, 69, 1, 0, 0, 1463, 1471, 0, 0, 3, 3, 0, 0, 1, 1]),
 (999, [1595, 93, 1, 1, 0, 1524, 1148, 1, 1, 3, 5, 1, 2, 0, 1]),
 (999, [1385, 28, 0, 1, 0, 1566, 1405, 0, 1, 2, 5, 0, 1, 0, 1]),
 (999, [1362, 90, 0, 1, 1, 845, 1127, 1, 1, 0, 5, 1, 1, 0, 0]),
 (999, [1286, 98, 0, 1, 0, 1082, 636, 0, 1, 3, 1, 1, 2, 1, 0]),
 (999, [1027, 75, 1, 1, 0, 1594, 1933, 1, 0, 3, 4, 1, 0, 2, 1]),
 (999, [884, 52, 1, 0, 1, 1010, 1465, 0, 0, 3, 4, 1, 1, 0, 1]),
 (999, [850, 61, 0, 1, 1, 1774, 1677, 0, 0, 3, 4, 0, 0, 1, 0]),
 (999, [815, 53, 0, 1, 0, 1041, 755, 1, 1, 3, 4, 0, 0, 2, 2]),
 (999, [624, 66, 0, 1, 0, 1237, 1752, 1, 0, 3, 3, 1, 1, 0, 1]),
 (999, [531, 70, 1, 1, 0, 1431, 1412, 1, 0, 3, 0, 0, 1, 0, 2]),
 (35, [2009, 20, 1, 0, 1, 1531, 816, 1, 0, 1, 0, 1, 0, 1, 0]),
 (35, [1892, 81, 0, 1, 0, 2016, 1902, 1, 0, 0, 4, 0, 1, 2, 2]),
 (35, [1853, 39, 0, 0, 1, 1904, 571, 0, 0, 0, 2, 1, 2, 0, 2]),
 (35, [1603, 36, 0, 1, 1, 1193, 1760, 0, 1, 2, 1, 0, 1, 2, 1]),
 (35, [1576, 80, 0, 0, 1, 1941, 671, 1, 0, 1, 3, 1, 2, 2, 0]),
 (35, [1529, 97, 1, 1, 1, 1706, 703, 1, 1, 2, 1, 1, 0, 1, 2]),
 (35, [1110, 88, 0, 0, 1, 1650, 700, 0, 1, 1, 1, 0, 2, 1, 2]),
 (35, [955, 66, 1, 0, 0, 1343, 1648, 1, 1, 2, 3, 1, 1, 1, 2]),
 (35, [944, 41, 0, 0, 1, 672, 1718, 1, 1, 1, 3, 1, 1, 2, 1]),
 (35, [658, 11, 1, 1, 1, 1437, 687, 1, 0, 1, 3, 0, 0, 0, 1]),
 (35, [560, 94, 0, 1, 1, 1242, 705, 0, 1, 1, 4, 1, 2, 1, 1]),
 (34, [1745, 59, 1, 0, 0, 1042, 1999, 0, 1, 0, 2, 1, 0, 1, 1]),
 (34, [1353, 76, 1, 1, 0, 614, 1090, 0, 1, 1, 4, 0, 2, 2, 2]),
 (34, [606, 64, 1, 1, 0, 953, 1032, 0, 0, 0, 1, 1, 1, 1, 1]),
 (33, [1942, 40, 1, 1, 0, 1072, 864, 1, 0, 0, 3, 0, 2, 2, 2]),
 (33, [1667, 89, 0, 1, 0, 1459, 740, 0, 1, 2, 0, 1, 0, 1, 2]),
 (33, [1625, 23, 1, 1, 0, 1820, 746, 1, 1, 0, 1, 0, 2, 2, 1]),
 (33, [1333, 12, 0, 1, 0, 953, 586, 1, 0, 0, 3, 1, 2, 2, 2]),
 (33, [1097, 118, 1, 0, 0, 737, 1199, 1, 0, 0, 3, 0, 0, 1, 2]),
 (33, [662, 12, 1, 1, 0, 1456, 2040, 0, 0, 0, 3, 1, 1, 0, 1])]
Elapsed time is 878.356565 seconds.
