 * Manually resetting nginx to stopped state
 * Manually resetting nginx to stopped state
 * Manually resetting nginx to stopped state
 * Manually resetting nginx to stopped state
 * Manually resetting nginx to stopped state
 * Manually resetting nginx to stopped state
 * Manually resetting nginx to stopped state
 * Manually resetting nginx to stopped state
 * Manually resetting nginx to stopped state
 * Manually resetting nginx to stopped state
 * Manually resetting nginx to stopped state
 * Manually resetting nginx to stopped state
 * Manually resetting nginx to stopped state
 * Manually resetting nginx to stopped state
 * Manually resetting nginx to stopped state
 * Manually resetting nginx to stopped state
 * Manually resetting nginx to stopped state
 * Manually resetting nginx to stopped state
 * Manually resetting nginx to stopped state
genes: 15
individuals : 32
pressure: 5
mutation_chance: 0
generations: 15
crossover_type: 1
mutation_type_random: 0
Alerts:
33
Alerts:
35
Alerts:
33
Alerts:
34
Alerts:
33
Alerts:
33
Alerts:
35
Alerts:
35
Alerts:
35
Alerts:
35
Alerts:
35
Alerts:
33
Alerts:
33
Alerts:
33
Alerts:
35
Alerts:
33
Alerts:
35
Alerts:
35
Alerts:
35

Población de 32 individuos durante 15 generaciones
Población inicial:
[(999, [1951, 23, 0, 0, 1, 795, 871, 1, 0, 3, 2, 0, 0, 0, 0]),
 (999, [1852, 85, 1, 1, 1, 1160, 920, 0, 1, 0, 5, 0, 0, 0, 0]),
 (999, [1835, 50, 0, 0, 0, 517, 1956, 1, 1, 3, 5, 0, 1, 1, 1]),
 (999, [1591, 66, 1, 0, 0, 881, 1450, 1, 1, 3, 3, 0, 0, 1, 1]),
 (999, [1391, 100, 0, 1, 0, 1060, 931, 1, 1, 2, 5, 0, 0, 1, 2]),
 (999, [1237, 88, 1, 0, 1, 1014, 777, 0, 1, 3, 5, 1, 0, 1, 2]),
 (999, [1199, 43, 1, 0, 0, 1408, 1377, 1, 0, 3, 3, 0, 0, 0, 2]),
 (999, [1067, 108, 1, 0, 0, 1882, 1280, 1, 1, 1, 5, 1, 1, 0, 0]),
 (999, [931, 93, 0, 1, 1, 588, 1276, 0, 1, 1, 5, 1, 2, 1, 1]),
 (999, [607, 73, 0, 1, 1, 1258, 1911, 0, 1, 1, 5, 1, 0, 1, 2]),
 (999, [538, 22, 0, 0, 1, 1562, 1784, 0, 0, 3, 0, 0, 0, 2, 2]),
 (999, [530, 51, 1, 0, 0, 1637, 970, 1, 1, 3, 2, 0, 2, 2, 0]),
 (999, [518, 94, 1, 0, 0, 1835, 1482, 0, 1, 3, 4, 1, 2, 0, 1]),
 (35, [1845, 103, 1, 1, 1, 1427, 1553, 0, 0, 0, 1, 0, 1, 0, 2]),
 (35, [1768, 37, 0, 0, 1, 709, 695, 1, 0, 2, 2, 0, 1, 2, 2]),
 (35, [1388, 27, 1, 1, 1, 658, 1105, 1, 0, 0, 1, 1, 1, 2, 1]),
 (35, [1326, 12, 0, 0, 1, 1048, 1930, 0, 0, 2, 2, 0, 1, 0, 2]),
 (35, [1301, 49, 0, 1, 1, 796, 1020, 1, 0, 0, 4, 1, 2, 1, 2]),
 (35, [1257, 69, 1, 1, 1, 1106, 1816, 1, 0, 2, 3, 1, 1, 0, 2]),
 (35, [1193, 81, 0, 1, 1, 1128, 1275, 1, 0, 1, 3, 1, 1, 0, 0]),
 (35, [1168, 108, 0, 1, 1, 1605, 2040, 1, 0, 2, 1, 1, 0, 2, 1]),
 (35, [1089, 86, 0, 1, 1, 1217, 1125, 1, 0, 0, 1, 0, 0, 2, 1]),
 (35, [1016, 21, 0, 0, 1, 747, 924, 1, 0, 0, 0, 1, 0, 0, 1]),
 (34, [1506, 110, 0, 1, 0, 1606, 1285, 1, 1, 0, 4, 0, 2, 1, 1]),
 (33, [1767, 56, 0, 0, 0, 883, 2003, 1, 0, 1, 0, 0, 0, 1, 1]),
 (33, [1678, 95, 0, 1, 0, 1164, 897, 1, 0, 1, 1, 1, 1, 1, 1]),
 (33, [1537, 72, 1, 0, 0, 911, 647, 1, 1, 1, 3, 0, 1, 0, 1]),
 (33, [1452, 77, 1, 0, 0, 1567, 1510, 1, 1, 1, 2, 0, 0, 2, 1]),
 (33, [997, 33, 0, 0, 0, 842, 679, 1, 1, 2, 0, 0, 2, 1, 2]),
 (33, [971, 28, 1, 0, 0, 1249, 734, 1, 1, 2, 4, 0, 0, 0, 2]),
 (33, [754, 89, 1, 0, 0, 769, 681, 0, 1, 2, 4, 1, 2, 0, 1]),
 (33, [573, 59, 0, 0, 0, 1946, 896, 0, 0, 0, 3, 1, 1, 0, 2])]
Población final:
[(999, [1951, 23, 0, 0, 1, 795, 871, 1, 0, 3, 2, 0, 0, 0, 0]),
 (999, [1852, 85, 1, 1, 1, 1160, 920, 0, 1, 0, 5, 0, 0, 0, 0]),
 (999, [1835, 50, 0, 0, 0, 517, 1956, 1, 1, 3, 5, 0, 1, 1, 1]),
 (999, [1591, 66, 1, 0, 0, 881, 1450, 1, 1, 3, 3, 0, 0, 1, 1]),
 (999, [1391, 100, 0, 1, 0, 1060, 931, 1, 1, 2, 5, 0, 0, 1, 2]),
 (999, [1237, 88, 1, 0, 1, 1014, 777, 0, 1, 3, 5, 1, 0, 1, 2]),
 (999, [1199, 43, 1, 0, 0, 1408, 1377, 1, 0, 3, 3, 0, 0, 0, 2]),
 (999, [1067, 108, 1, 0, 0, 1882, 1280, 1, 1, 1, 5, 1, 1, 0, 0]),
 (999, [931, 93, 0, 1, 1, 588, 1276, 0, 1, 1, 5, 1, 2, 1, 1]),
 (999, [607, 73, 0, 1, 1, 1258, 1911, 0, 1, 1, 5, 1, 0, 1, 2]),
 (999, [538, 22, 0, 0, 1, 1562, 1784, 0, 0, 3, 0, 0, 0, 2, 2]),
 (999, [530, 51, 1, 0, 0, 1637, 970, 1, 1, 3, 2, 0, 2, 2, 0]),
 (999, [518, 94, 1, 0, 0, 1835, 1482, 0, 1, 3, 4, 1, 2, 0, 1]),
 (35, [1845, 103, 1, 1, 1, 1427, 1553, 0, 0, 0, 1, 0, 1, 0, 2]),
 (35, [1768, 37, 0, 0, 1, 709, 695, 1, 0, 2, 2, 0, 1, 2, 2]),
 (35, [1388, 27, 1, 1, 1, 658, 1105, 1, 0, 0, 1, 1, 1, 2, 1]),
 (35, [1326, 12, 0, 0, 1, 1048, 1930, 0, 0, 2, 2, 0, 1, 0, 2]),
 (35, [1301, 49, 0, 1, 1, 796, 1020, 1, 0, 0, 4, 1, 2, 1, 2]),
 (35, [1257, 69, 1, 1, 1, 1106, 1816, 1, 0, 2, 3, 1, 1, 0, 2]),
 (35, [1193, 81, 0, 1, 1, 1128, 1275, 1, 0, 1, 3, 1, 1, 0, 0]),
 (35, [1168, 108, 0, 1, 1, 1605, 2040, 1, 0, 2, 1, 1, 0, 2, 1]),
 (35, [1089, 86, 0, 1, 1, 1217, 1125, 1, 0, 0, 1, 0, 0, 2, 1]),
 (35, [1016, 21, 0, 0, 1, 747, 924, 1, 0, 0, 0, 1, 0, 0, 1]),
 (34, [1506, 110, 0, 1, 0, 1606, 1285, 1, 1, 0, 4, 0, 2, 1, 1]),
 (33, [1767, 56, 0, 0, 0, 883, 2003, 1, 0, 1, 0, 0, 0, 1, 1]),
 (33, [1678, 95, 0, 1, 0, 1164, 897, 1, 0, 1, 1, 1, 1, 1, 1]),
 (33, [1537, 72, 1, 0, 0, 911, 647, 1, 1, 1, 3, 0, 1, 0, 1]),
 (33, [1452, 77, 1, 0, 0, 1567, 1510, 1, 1, 1, 2, 0, 0, 2, 1]),
 (33, [997, 33, 0, 0, 0, 842, 679, 1, 1, 2, 0, 0, 2, 1, 2]),
 (33, [971, 28, 1, 0, 0, 1249, 734, 1, 1, 2, 4, 0, 0, 0, 2]),
 (33, [754, 89, 1, 0, 0, 769, 681, 0, 1, 2, 4, 1, 2, 0, 1]),
 (33, [573, 59, 0, 0, 0, 1946, 896, 0, 0, 0, 3, 1, 1, 0, 2])]
Elapsed time is 787.205347 seconds.
