 * Manually resetting nginx to stopped state
 * Manually resetting nginx to stopped state
 * Manually resetting nginx to stopped state
 * Manually resetting nginx to stopped state
 * Manually resetting nginx to stopped state
 * Manually resetting nginx to stopped state
 * Manually resetting nginx to stopped state
 * Manually resetting nginx to stopped state
 * Manually resetting nginx to stopped state
 * Manually resetting nginx to stopped state
 * Manually resetting nginx to stopped state
 * Manually resetting nginx to stopped state
 * Manually resetting nginx to stopped state
 * Manually resetting nginx to stopped state
 * Manually resetting nginx to stopped state
 * Manually resetting nginx to stopped state
 * Manually resetting nginx to stopped state
 * Manually resetting nginx to stopped state
genes: 15
individuals : 32
pressure: 5
mutation_chance: 0
generations: 15
crossover_type: 1
mutation_type_random: 0
Alerts:
35
Alerts:
35
Alerts:
33
Alerts:
35
Alerts:
34
Alerts:
35
Alerts:
35
Alerts:
35
Alerts:
35
Alerts:
34
Alerts:
35
Alerts:
33
Alerts:
34
Alerts:
34
Alerts:
33
Alerts:
34
Alerts:
34
Alerts:
33

Población de 32 individuos durante 15 generaciones
Población inicial:
[(999, [2008, 76, 1, 1, 0, 1191, 1299, 1, 1, 2, 5, 1, 0, 2, 1]),
 (999, [1905, 65, 1, 1, 1, 1349, 1596, 0, 1, 0, 5, 0, 2, 2, 1]),
 (999, [1858, 104, 1, 0, 0, 1403, 961, 0, 1, 1, 5, 1, 0, 1, 0]),
 (999, [1646, 91, 1, 0, 0, 2028, 953, 1, 0, 3, 0, 1, 0, 0, 0]),
 (999, [1595, 76, 1, 1, 0, 1193, 569, 0, 0, 3, 3, 0, 2, 2, 0]),
 (999, [1535, 46, 1, 1, 0, 1235, 953, 0, 1, 3, 5, 1, 0, 2, 2]),
 (999, [1397, 104, 1, 0, 0, 2037, 1518, 0, 1, 0, 5, 0, 1, 0, 1]),
 (999, [1351, 18, 0, 0, 0, 1400, 1839, 1, 0, 0, 5, 1, 2, 1, 1]),
 (999, [1294, 106, 0, 0, 1, 716, 931, 0, 1, 2, 5, 0, 2, 0, 2]),
 (999, [1102, 57, 0, 0, 1, 836, 1505, 1, 1, 3, 0, 0, 2, 2, 2]),
 (999, [1099, 48, 0, 1, 0, 923, 1637, 1, 0, 3, 3, 0, 0, 1, 0]),
 (999, [1096, 16, 0, 0, 0, 1755, 1120, 1, 1, 3, 5, 1, 1, 2, 2]),
 (999, [842, 26, 0, 1, 0, 630, 737, 0, 0, 3, 5, 0, 1, 1, 2]),
 (999, [656, 104, 0, 1, 1, 975, 835, 1, 0, 3, 1, 0, 1, 0, 1]),
 (35, [1923, 103, 0, 0, 1, 1777, 1096, 0, 1, 0, 4, 0, 2, 2, 2]),
 (35, [1836, 15, 1, 0, 1, 2012, 676, 0, 1, 2, 4, 1, 1, 1, 0]),
 (35, [1596, 14, 1, 1, 0, 1561, 1824, 1, 0, 0, 2, 1, 2, 0, 2]),
 (35, [1349, 25, 0, 0, 1, 1756, 1120, 1, 1, 1, 4, 0, 1, 2, 0]),
 (35, [1175, 18, 0, 0, 1, 1733, 1060, 0, 0, 2, 0, 1, 0, 1, 2]),
 (35, [743, 99, 1, 0, 1, 1668, 922, 1, 0, 2, 0, 0, 2, 0, 0]),
 (35, [691, 62, 1, 1, 1, 1141, 1431, 0, 1, 2, 3, 0, 0, 0, 1]),
 (35, [653, 106, 0, 0, 1, 579, 1244, 1, 0, 1, 2, 0, 0, 0, 1]),
 (34, [1994, 82, 1, 0, 0, 1109, 851, 1, 0, 1, 2, 0, 2, 2, 2]),
 (34, [1859, 78, 1, 0, 0, 1897, 1001, 0, 0, 1, 3, 0, 2, 1, 1]),
 (34, [1449, 69, 1, 0, 0, 1329, 1163, 1, 1, 0, 0, 1, 0, 0, 0]),
 (34, [1093, 115, 0, 1, 0, 1730, 1906, 0, 1, 2, 3, 1, 1, 2, 1]),
 (34, [756, 117, 1, 0, 0, 2029, 1770, 1, 0, 2, 3, 0, 0, 2, 1]),
 (34, [690, 96, 0, 1, 0, 1838, 1592, 1, 1, 1, 0, 0, 0, 2, 1]),
 (33, [1513, 108, 0, 0, 0, 551, 775, 1, 1, 2, 2, 1, 0, 0, 2]),
 (33, [1340, 49, 0, 1, 0, 720, 1475, 0, 1, 2, 2, 0, 0, 2, 0]),
 (33, [996, 16, 0, 1, 0, 820, 1950, 1, 1, 2, 0, 1, 0, 2, 2]),
 (33, [915, 112, 0, 1, 0, 1050, 637, 1, 1, 0, 1, 1, 0, 2, 2])]
Población final:
[(999, [2008, 76, 1, 1, 0, 1191, 1299, 1, 1, 2, 5, 1, 0, 2, 1]),
 (999, [1905, 65, 1, 1, 1, 1349, 1596, 0, 1, 0, 5, 0, 2, 2, 1]),
 (999, [1858, 104, 1, 0, 0, 1403, 961, 0, 1, 1, 5, 1, 0, 1, 0]),
 (999, [1646, 91, 1, 0, 0, 2028, 953, 1, 0, 3, 0, 1, 0, 0, 0]),
 (999, [1595, 76, 1, 1, 0, 1193, 569, 0, 0, 3, 3, 0, 2, 2, 0]),
 (999, [1535, 46, 1, 1, 0, 1235, 953, 0, 1, 3, 5, 1, 0, 2, 2]),
 (999, [1397, 104, 1, 0, 0, 2037, 1518, 0, 1, 0, 5, 0, 1, 0, 1]),
 (999, [1351, 18, 0, 0, 0, 1400, 1839, 1, 0, 0, 5, 1, 2, 1, 1]),
 (999, [1294, 106, 0, 0, 1, 716, 931, 0, 1, 2, 5, 0, 2, 0, 2]),
 (999, [1102, 57, 0, 0, 1, 836, 1505, 1, 1, 3, 0, 0, 2, 2, 2]),
 (999, [1099, 48, 0, 1, 0, 923, 1637, 1, 0, 3, 3, 0, 0, 1, 0]),
 (999, [1096, 16, 0, 0, 0, 1755, 1120, 1, 1, 3, 5, 1, 1, 2, 2]),
 (999, [842, 26, 0, 1, 0, 630, 737, 0, 0, 3, 5, 0, 1, 1, 2]),
 (999, [656, 104, 0, 1, 1, 975, 835, 1, 0, 3, 1, 0, 1, 0, 1]),
 (35, [1923, 103, 0, 0, 1, 1777, 1096, 0, 1, 0, 4, 0, 2, 2, 2]),
 (35, [1836, 15, 1, 0, 1, 2012, 676, 0, 1, 2, 4, 1, 1, 1, 0]),
 (35, [1596, 14, 1, 1, 0, 1561, 1824, 1, 0, 0, 2, 1, 2, 0, 2]),
 (35, [1349, 25, 0, 0, 1, 1756, 1120, 1, 1, 1, 4, 0, 1, 2, 0]),
 (35, [1175, 18, 0, 0, 1, 1733, 1060, 0, 0, 2, 0, 1, 0, 1, 2]),
 (35, [743, 99, 1, 0, 1, 1668, 922, 1, 0, 2, 0, 0, 2, 0, 0]),
 (35, [691, 62, 1, 1, 1, 1141, 1431, 0, 1, 2, 3, 0, 0, 0, 1]),
 (35, [653, 106, 0, 0, 1, 579, 1244, 1, 0, 1, 2, 0, 0, 0, 1]),
 (34, [1994, 82, 1, 0, 0, 1109, 851, 1, 0, 1, 2, 0, 2, 2, 2]),
 (34, [1859, 78, 1, 0, 0, 1897, 1001, 0, 0, 1, 3, 0, 2, 1, 1]),
 (34, [1449, 69, 1, 0, 0, 1329, 1163, 1, 1, 0, 0, 1, 0, 0, 0]),
 (34, [1093, 115, 0, 1, 0, 1730, 1906, 0, 1, 2, 3, 1, 1, 2, 1]),
 (34, [756, 117, 1, 0, 0, 2029, 1770, 1, 0, 2, 3, 0, 0, 2, 1]),
 (34, [690, 96, 0, 1, 0, 1838, 1592, 1, 1, 1, 0, 0, 0, 2, 1]),
 (33, [1513, 108, 0, 0, 0, 551, 775, 1, 1, 2, 2, 1, 0, 0, 2]),
 (33, [1340, 49, 0, 1, 0, 720, 1475, 0, 1, 2, 2, 0, 0, 2, 0]),
 (33, [996, 16, 0, 1, 0, 820, 1950, 1, 1, 2, 0, 1, 0, 2, 2]),
 (33, [915, 112, 0, 1, 0, 1050, 637, 1, 1, 0, 1, 1, 0, 2, 2])]
Elapsed time is 781.464734 seconds.
