 * Manually resetting nginx to stopped state
 * Manually resetting nginx to stopped state
 * Manually resetting nginx to stopped state
 * Manually resetting nginx to stopped state
 * Manually resetting nginx to stopped state
 * Manually resetting nginx to stopped state
 * Manually resetting nginx to stopped state
 * Manually resetting nginx to stopped state
 * Manually resetting nginx to stopped state
 * Manually resetting nginx to stopped state
 * Manually resetting nginx to stopped state
 * Manually resetting nginx to stopped state
 * Manually resetting nginx to stopped state
 * Manually resetting nginx to stopped state
 * Manually resetting nginx to stopped state
 * Manually resetting nginx to stopped state
 * Manually resetting nginx to stopped state
 * Manually resetting nginx to stopped state
 * Manually resetting nginx to stopped state
genes: 15
individuals : 32
pressure: 5
mutation_chance: 0
generations: 15
crossover_type: 1
mutation_type_random: 1
Alerts:
35
Alerts:
35
Alerts:
35
Alerts:
35
Alerts:
35
Alerts:
35
Alerts:
35
Alerts:
35
Alerts:
35
Alerts:
35
Alerts:
35
Alerts:
35
Alerts:
35
Alerts:
35
Alerts:
35
Alerts:
35
Alerts:
35
Alerts:
35
Alerts:
35

Población de 32 individuos durante 15 generaciones
Población inicial:
[(999, [1980, 38, 0, 1, 1, 1646, 1046, 0, 0, 3, 4, 0, 2, 0, 2]),
 (999, [1878, 103, 0, 0, 1, 1023, 1317, 0, 0, 3, 4, 1, 2, 0, 2]),
 (999, [1758, 82, 1, 0, 1, 1919, 1484, 1, 1, 3, 1, 0, 2, 1, 0]),
 (999, [1712, 104, 0, 1, 0, 1382, 1611, 0, 0, 3, 5, 1, 1, 1, 2]),
 (999, [1620, 91, 1, 0, 1, 1470, 1683, 0, 0, 3, 3, 1, 1, 0, 0]),
 (999, [1613, 102, 0, 1, 1, 760, 834, 1, 1, 3, 4, 1, 0, 1, 1]),
 (999, [1527, 38, 1, 1, 0, 1720, 658, 1, 1, 0, 5, 1, 0, 1, 0]),
 (999, [1298, 99, 1, 1, 1, 1284, 2033, 1, 1, 2, 5, 1, 0, 0, 0]),
 (999, [959, 50, 1, 0, 0, 1844, 686, 0, 1, 3, 4, 1, 0, 0, 0]),
 (999, [921, 47, 1, 0, 1, 1507, 2008, 0, 0, 3, 1, 0, 0, 2, 2]),
 (999, [728, 68, 1, 1, 1, 1443, 1675, 0, 1, 0, 5, 1, 1, 2, 1]),
 (999, [589, 29, 0, 1, 0, 1570, 1037, 0, 1, 1, 5, 0, 1, 2, 2]),
 (999, [515, 103, 1, 0, 0, 624, 1611, 1, 0, 0, 5, 1, 2, 1, 0]),
 (35, [1943, 11, 1, 1, 0, 1232, 780, 0, 1, 1, 3, 1, 0, 2, 1]),
 (35, [1903, 85, 0, 1, 0, 863, 1920, 1, 0, 0, 3, 0, 0, 1, 2]),
 (35, [1849, 30, 0, 0, 0, 1929, 1260, 0, 0, 2, 0, 1, 2, 0, 0]),
 (35, [1809, 59, 0, 0, 1, 1892, 1228, 1, 1, 0, 3, 0, 0, 0, 2]),
 (35, [1594, 108, 0, 0, 0, 1335, 1499, 1, 0, 0, 0, 0, 0, 1, 0]),
 (35, [1576, 77, 1, 1, 0, 1245, 2018, 1, 1, 0, 2, 0, 1, 1, 0]),
 (35, [1535, 118, 1, 1, 1, 1852, 1573, 0, 1, 0, 3, 1, 0, 1, 2]),
 (35, [1437, 27, 1, 1, 0, 1184, 910, 1, 0, 0, 2, 1, 2, 1, 2]),
 (35, [1323, 56, 1, 1, 0, 2035, 893, 1, 1, 0, 1, 1, 1, 2, 2]),
 (35, [1225, 30, 1, 0, 1, 1856, 1012, 0, 1, 2, 0, 1, 2, 2, 2]),
 (35, [1120, 61, 1, 1, 0, 1722, 738, 1, 0, 2, 4, 1, 0, 2, 2]),
 (35, [1048, 87, 1, 0, 0, 615, 1323, 1, 0, 2, 3, 1, 1, 2, 0]),
 (35, [1032, 95, 0, 0, 0, 1065, 1950, 0, 1, 2, 3, 0, 1, 2, 0]),
 (35, [997, 31, 1, 1, 1, 1139, 528, 1, 1, 1, 1, 1, 0, 0, 1]),
 (35, [876, 88, 0, 1, 0, 599, 1984, 0, 0, 1, 0, 0, 0, 2, 0]),
 (35, [874, 19, 1, 0, 1, 1819, 1313, 1, 1, 1, 1, 1, 2, 2, 2]),
 (35, [738, 73, 1, 0, 0, 872, 1907, 0, 1, 0, 4, 1, 1, 0, 0]),
 (35, [690, 109, 0, 1, 1, 1915, 1811, 0, 0, 2, 0, 1, 0, 2, 1]),
 (35, [632, 25, 0, 1, 0, 1496, 561, 1, 1, 1, 0, 1, 2, 0, 1])]
Población final:
[(999, [1980, 38, 0, 1, 1, 1646, 1046, 0, 0, 3, 4, 0, 2, 0, 2]),
 (999, [1878, 103, 0, 0, 1, 1023, 1317, 0, 0, 3, 4, 1, 2, 0, 2]),
 (999, [1758, 82, 1, 0, 1, 1919, 1484, 1, 1, 3, 1, 0, 2, 1, 0]),
 (999, [1712, 104, 0, 1, 0, 1382, 1611, 0, 0, 3, 5, 1, 1, 1, 2]),
 (999, [1620, 91, 1, 0, 1, 1470, 1683, 0, 0, 3, 3, 1, 1, 0, 0]),
 (999, [1613, 102, 0, 1, 1, 760, 834, 1, 1, 3, 4, 1, 0, 1, 1]),
 (999, [1527, 38, 1, 1, 0, 1720, 658, 1, 1, 0, 5, 1, 0, 1, 0]),
 (999, [1298, 99, 1, 1, 1, 1284, 2033, 1, 1, 2, 5, 1, 0, 0, 0]),
 (999, [959, 50, 1, 0, 0, 1844, 686, 0, 1, 3, 4, 1, 0, 0, 0]),
 (999, [921, 47, 1, 0, 1, 1507, 2008, 0, 0, 3, 1, 0, 0, 2, 2]),
 (999, [728, 68, 1, 1, 1, 1443, 1675, 0, 1, 0, 5, 1, 1, 2, 1]),
 (999, [589, 29, 0, 1, 0, 1570, 1037, 0, 1, 1, 5, 0, 1, 2, 2]),
 (999, [515, 103, 1, 0, 0, 624, 1611, 1, 0, 0, 5, 1, 2, 1, 0]),
 (35, [1943, 11, 1, 1, 0, 1232, 780, 0, 1, 1, 3, 1, 0, 2, 1]),
 (35, [1903, 85, 0, 1, 0, 863, 1920, 1, 0, 0, 3, 0, 0, 1, 2]),
 (35, [1849, 30, 0, 0, 0, 1929, 1260, 0, 0, 2, 0, 1, 2, 0, 0]),
 (35, [1809, 59, 0, 0, 1, 1892, 1228, 1, 1, 0, 3, 0, 0, 0, 2]),
 (35, [1594, 108, 0, 0, 0, 1335, 1499, 1, 0, 0, 0, 0, 0, 1, 0]),
 (35, [1576, 77, 1, 1, 0, 1245, 2018, 1, 1, 0, 2, 0, 1, 1, 0]),
 (35, [1535, 118, 1, 1, 1, 1852, 1573, 0, 1, 0, 3, 1, 0, 1, 2]),
 (35, [1437, 27, 1, 1, 0, 1184, 910, 1, 0, 0, 2, 1, 2, 1, 2]),
 (35, [1323, 56, 1, 1, 0, 2035, 893, 1, 1, 0, 1, 1, 1, 2, 2]),
 (35, [1225, 30, 1, 0, 1, 1856, 1012, 0, 1, 2, 0, 1, 2, 2, 2]),
 (35, [1120, 61, 1, 1, 0, 1722, 738, 1, 0, 2, 4, 1, 0, 2, 2]),
 (35, [1048, 87, 1, 0, 0, 615, 1323, 1, 0, 2, 3, 1, 1, 2, 0]),
 (35, [1032, 95, 0, 0, 0, 1065, 1950, 0, 1, 2, 3, 0, 1, 2, 0]),
 (35, [997, 31, 1, 1, 1, 1139, 528, 1, 1, 1, 1, 1, 0, 0, 1]),
 (35, [876, 88, 0, 1, 0, 599, 1984, 0, 0, 1, 0, 0, 0, 2, 0]),
 (35, [874, 19, 1, 0, 1, 1819, 1313, 1, 1, 1, 1, 1, 2, 2, 2]),
 (35, [738, 73, 1, 0, 0, 872, 1907, 0, 1, 0, 4, 1, 1, 0, 0]),
 (35, [690, 109, 0, 1, 1, 1915, 1811, 0, 0, 2, 0, 1, 0, 2, 1]),
 (35, [632, 25, 0, 1, 0, 1496, 561, 1, 1, 1, 0, 1, 2, 0, 1])]
Elapsed time is 955.406738 seconds.
