 * Manually resetting nginx to stopped state
 * Manually resetting nginx to stopped state
 * Manually resetting nginx to stopped state
 * Manually resetting nginx to stopped state
 * Manually resetting nginx to stopped state
 * Manually resetting nginx to stopped state
 * Manually resetting nginx to stopped state
 * Manually resetting nginx to stopped state
 * Manually resetting nginx to stopped state
 * Manually resetting nginx to stopped state
 * Manually resetting nginx to stopped state
 * Manually resetting nginx to stopped state
 * Manually resetting nginx to stopped state
 * Manually resetting nginx to stopped state
 * Manually resetting nginx to stopped state
 * Manually resetting nginx to stopped state
 * Manually resetting nginx to stopped state
 * Manually resetting nginx to stopped state
genes: 15
individuals : 32
pressure: 5
mutation_chance: 0
generations: 15
crossover_type: 1
mutation_type_random: 0
Alerts:
35
Alerts:
35
Alerts:
33
Alerts:
33
Alerts:
34
Alerts:
33
Alerts:
33
Alerts:
33
Alerts:
35
Alerts:
33
Alerts:
35
Alerts:
35
Alerts:
35
Alerts:
33
Alerts:
35
Alerts:
35
Alerts:
35
Alerts:
34

Población de 32 individuos durante 15 generaciones
Población inicial:
[(999, [1916, 91, 1, 1, 1, 1420, 1973, 1, 0, 3, 2, 0, 1, 1, 0]),
 (999, [1852, 57, 0, 1, 1, 1102, 1972, 0, 0, 3, 2, 0, 0, 2, 2]),
 (999, [1847, 44, 0, 1, 1, 2037, 1028, 1, 1, 1, 5, 0, 2, 0, 0]),
 (999, [1592, 111, 1, 0, 1, 1538, 1187, 0, 1, 3, 1, 0, 1, 2, 0]),
 (999, [1301, 12, 1, 0, 0, 797, 1958, 0, 0, 2, 5, 1, 2, 1, 1]),
 (999, [1297, 80, 0, 1, 0, 1523, 1387, 1, 0, 3, 3, 1, 2, 1, 1]),
 (999, [1233, 46, 0, 1, 0, 1297, 1511, 1, 1, 3, 2, 0, 2, 1, 0]),
 (999, [1134, 76, 1, 1, 0, 1705, 1066, 0, 1, 2, 5, 0, 1, 2, 0]),
 (999, [1091, 55, 1, 1, 0, 889, 1816, 0, 0, 3, 3, 1, 0, 0, 0]),
 (999, [1006, 29, 1, 1, 1, 1741, 1184, 1, 0, 3, 5, 1, 1, 1, 2]),
 (999, [815, 36, 1, 1, 1, 2005, 1610, 1, 1, 0, 5, 1, 0, 2, 1]),
 (999, [746, 110, 0, 1, 0, 1734, 1846, 1, 1, 3, 3, 0, 2, 0, 0]),
 (999, [716, 109, 1, 1, 0, 933, 1171, 1, 0, 2, 5, 0, 0, 1, 1]),
 (999, [573, 117, 0, 1, 1, 1881, 1422, 0, 1, 1, 5, 1, 1, 0, 1]),
 (35, [1778, 90, 0, 0, 1, 1117, 1155, 1, 0, 0, 3, 0, 0, 1, 2]),
 (35, [1544, 16, 1, 1, 0, 1355, 1206, 1, 0, 0, 3, 0, 0, 1, 0]),
 (35, [1469, 119, 0, 0, 0, 1653, 930, 0, 1, 2, 2, 1, 2, 2, 2]),
 (35, [1347, 58, 0, 1, 0, 1281, 1137, 0, 1, 0, 4, 0, 2, 2, 1]),
 (35, [1294, 91, 1, 1, 1, 1986, 1181, 0, 1, 1, 4, 1, 0, 0, 1]),
 (35, [1029, 101, 0, 1, 1, 1892, 1598, 1, 1, 1, 1, 1, 1, 0, 0]),
 (35, [714, 69, 1, 1, 0, 1295, 572, 0, 1, 2, 1, 0, 2, 2, 0]),
 (35, [694, 89, 1, 1, 1, 711, 1279, 0, 1, 1, 4, 1, 1, 2, 0]),
 (35, [610, 109, 0, 1, 1, 885, 650, 0, 1, 1, 4, 0, 0, 2, 0]),
 (34, [1954, 62, 1, 1, 0, 1438, 622, 0, 1, 1, 0, 0, 2, 0, 1]),
 (34, [779, 80, 0, 1, 0, 926, 786, 1, 1, 1, 2, 1, 0, 2, 1]),
 (33, [1667, 93, 1, 0, 0, 1218, 1524, 0, 1, 2, 2, 0, 1, 0, 1]),
 (33, [1641, 72, 1, 1, 0, 596, 1700, 1, 0, 0, 4, 0, 0, 0, 0]),
 (33, [1521, 105, 1, 1, 0, 550, 1258, 1, 0, 1, 4, 0, 0, 1, 1]),
 (33, [1520, 56, 1, 0, 0, 1857, 1299, 0, 0, 0, 4, 0, 0, 2, 0]),
 (33, [1306, 15, 1, 0, 0, 815, 1370, 1, 1, 0, 2, 0, 1, 1, 2]),
 (33, [979, 56, 1, 0, 0, 1296, 1785, 1, 1, 2, 4, 0, 0, 0, 1]),
 (33, [829, 10, 1, 1, 0, 1282, 582, 1, 1, 2, 4, 1, 1, 0, 2])]
Población final:
[(999, [1916, 91, 1, 1, 1, 1420, 1973, 1, 0, 3, 2, 0, 1, 1, 0]),
 (999, [1852, 57, 0, 1, 1, 1102, 1972, 0, 0, 3, 2, 0, 0, 2, 2]),
 (999, [1847, 44, 0, 1, 1, 2037, 1028, 1, 1, 1, 5, 0, 2, 0, 0]),
 (999, [1592, 111, 1, 0, 1, 1538, 1187, 0, 1, 3, 1, 0, 1, 2, 0]),
 (999, [1301, 12, 1, 0, 0, 797, 1958, 0, 0, 2, 5, 1, 2, 1, 1]),
 (999, [1297, 80, 0, 1, 0, 1523, 1387, 1, 0, 3, 3, 1, 2, 1, 1]),
 (999, [1233, 46, 0, 1, 0, 1297, 1511, 1, 1, 3, 2, 0, 2, 1, 0]),
 (999, [1134, 76, 1, 1, 0, 1705, 1066, 0, 1, 2, 5, 0, 1, 2, 0]),
 (999, [1091, 55, 1, 1, 0, 889, 1816, 0, 0, 3, 3, 1, 0, 0, 0]),
 (999, [1006, 29, 1, 1, 1, 1741, 1184, 1, 0, 3, 5, 1, 1, 1, 2]),
 (999, [815, 36, 1, 1, 1, 2005, 1610, 1, 1, 0, 5, 1, 0, 2, 1]),
 (999, [746, 110, 0, 1, 0, 1734, 1846, 1, 1, 3, 3, 0, 2, 0, 0]),
 (999, [716, 109, 1, 1, 0, 933, 1171, 1, 0, 2, 5, 0, 0, 1, 1]),
 (999, [573, 117, 0, 1, 1, 1881, 1422, 0, 1, 1, 5, 1, 1, 0, 1]),
 (35, [1778, 90, 0, 0, 1, 1117, 1155, 1, 0, 0, 3, 0, 0, 1, 2]),
 (35, [1544, 16, 1, 1, 0, 1355, 1206, 1, 0, 0, 3, 0, 0, 1, 0]),
 (35, [1469, 119, 0, 0, 0, 1653, 930, 0, 1, 2, 2, 1, 2, 2, 2]),
 (35, [1347, 58, 0, 1, 0, 1281, 1137, 0, 1, 0, 4, 0, 2, 2, 1]),
 (35, [1294, 91, 1, 1, 1, 1986, 1181, 0, 1, 1, 4, 1, 0, 0, 1]),
 (35, [1029, 101, 0, 1, 1, 1892, 1598, 1, 1, 1, 1, 1, 1, 0, 0]),
 (35, [714, 69, 1, 1, 0, 1295, 572, 0, 1, 2, 1, 0, 2, 2, 0]),
 (35, [694, 89, 1, 1, 1, 711, 1279, 0, 1, 1, 4, 1, 1, 2, 0]),
 (35, [610, 109, 0, 1, 1, 885, 650, 0, 1, 1, 4, 0, 0, 2, 0]),
 (34, [1954, 62, 1, 1, 0, 1438, 622, 0, 1, 1, 0, 0, 2, 0, 1]),
 (34, [779, 80, 0, 1, 0, 926, 786, 1, 1, 1, 2, 1, 0, 2, 1]),
 (33, [1667, 93, 1, 0, 0, 1218, 1524, 0, 1, 2, 2, 0, 1, 0, 1]),
 (33, [1641, 72, 1, 1, 0, 596, 1700, 1, 0, 0, 4, 0, 0, 0, 0]),
 (33, [1521, 105, 1, 1, 0, 550, 1258, 1, 0, 1, 4, 0, 0, 1, 1]),
 (33, [1520, 56, 1, 0, 0, 1857, 1299, 0, 0, 0, 4, 0, 0, 2, 0]),
 (33, [1306, 15, 1, 0, 0, 815, 1370, 1, 1, 0, 2, 0, 1, 1, 2]),
 (33, [979, 56, 1, 0, 0, 1296, 1785, 1, 1, 2, 4, 0, 0, 0, 1]),
 (33, [829, 10, 1, 1, 0, 1282, 582, 1, 1, 2, 4, 1, 1, 0, 2])]
Elapsed time is 691.950292 seconds.
