 * Manually resetting nginx to stopped state
 * Manually resetting nginx to stopped state
 * Manually resetting nginx to stopped state
 * Manually resetting nginx to stopped state
 * Manually resetting nginx to stopped state
 * Manually resetting nginx to stopped state
 * Manually resetting nginx to stopped state
 * Manually resetting nginx to stopped state
 * Manually resetting nginx to stopped state
 * Manually resetting nginx to stopped state
 * Manually resetting nginx to stopped state
 * Manually resetting nginx to stopped state
 * Manually resetting nginx to stopped state
 * Manually resetting nginx to stopped state
 * Manually resetting nginx to stopped state
 * Manually resetting nginx to stopped state
 * Manually resetting nginx to stopped state
 * Manually resetting nginx to stopped state
 * Manually resetting nginx to stopped state
 * Manually resetting nginx to stopped state
genes: 15
individuals : 32
pressure: 5
mutation_chance: 0
generations: 15
crossover_type: 2
mutation_type_random: 1
Alerts:
35
Alerts:
35
Alerts:
35
Alerts:
35
Alerts:
35
Alerts:
35
Alerts:
35
Alerts:
35
Alerts:
35
Alerts:
35
Alerts:
35
Alerts:
35
Alerts:
35
Alerts:
35
Alerts:
35
Alerts:
35
Alerts:
35
Alerts:
35
Alerts:
35
Alerts:
35

Población de 32 individuos durante 15 generaciones
Población inicial:
[(999, [2029, 35, 0, 1, 1, 931, 564, 0, 1, 3, 4, 0, 0, 2, 0]),
 (999, [1926, 113, 0, 0, 1, 1418, 1365, 0, 0, 0, 5, 0, 1, 1, 2]),
 (999, [1679, 60, 0, 1, 1, 1345, 1301, 0, 1, 0, 5, 0, 2, 2, 0]),
 (999, [1641, 68, 0, 1, 1, 1326, 968, 0, 0, 3, 1, 1, 2, 0, 2]),
 (999, [1640, 70, 1, 1, 1, 1690, 934, 0, 1, 3, 4, 1, 2, 2, 0]),
 (999, [1594, 18, 0, 1, 0, 568, 756, 1, 0, 3, 0, 1, 1, 1, 2]),
 (999, [1410, 51, 1, 1, 0, 1794, 925, 0, 1, 3, 2, 0, 1, 2, 2]),
 (999, [1297, 12, 0, 0, 1, 1560, 1412, 1, 1, 0, 5, 0, 2, 2, 2]),
 (999, [923, 108, 0, 0, 0, 825, 800, 1, 0, 3, 0, 0, 1, 0, 0]),
 (999, [684, 14, 1, 1, 0, 1595, 668, 0, 1, 0, 5, 0, 0, 0, 2]),
 (999, [648, 73, 0, 0, 0, 1036, 1149, 0, 1, 3, 5, 1, 2, 2, 2]),
 (999, [534, 37, 0, 1, 0, 1841, 920, 1, 0, 3, 2, 0, 2, 0, 0]),
 (35, [1874, 94, 1, 1, 1, 1710, 1064, 1, 0, 0, 3, 1, 2, 2, 0]),
 (35, [1862, 32, 0, 0, 0, 1743, 1282, 0, 1, 1, 3, 1, 1, 2, 2]),
 (35, [1743, 21, 0, 1, 0, 1157, 951, 0, 0, 2, 2, 1, 0, 0, 2]),
 (35, [1677, 69, 0, 0, 0, 596, 1120, 0, 1, 1, 3, 0, 0, 0, 0]),
 (35, [1624, 117, 0, 1, 1, 1613, 676, 1, 0, 2, 0, 1, 0, 2, 1]),
 (35, [1593, 107, 0, 1, 0, 1231, 630, 1, 1, 2, 0, 0, 0, 1, 2]),
 (35, [1469, 115, 0, 1, 1, 1498, 1899, 0, 1, 1, 4, 1, 1, 2, 0]),
 (35, [1430, 57, 1, 0, 0, 1708, 678, 0, 1, 2, 4, 0, 0, 1, 1]),
 (35, [1404, 17, 0, 1, 0, 1705, 1253, 0, 0, 2, 1, 1, 2, 2, 0]),
 (35, [1301, 59, 0, 0, 0, 931, 2036, 0, 0, 2, 3, 0, 0, 2, 0]),
 (35, [1225, 109, 1, 0, 0, 1767, 1033, 0, 1, 0, 1, 0, 2, 2, 2]),
 (35, [1210, 107, 1, 0, 0, 791, 1300, 1, 1, 2, 1, 0, 1, 1, 0]),
 (35, [1134, 12, 0, 0, 0, 933, 805, 1, 0, 1, 0, 0, 0, 2, 1]),
 (35, [1100, 12, 1, 0, 0, 617, 1947, 1, 0, 1, 3, 0, 0, 0, 1]),
 (35, [1043, 27, 0, 0, 1, 584, 587, 0, 1, 1, 2, 0, 0, 0, 0]),
 (35, [906, 73, 0, 0, 1, 635, 1695, 1, 1, 0, 4, 1, 2, 1, 1]),
 (35, [727, 90, 0, 0, 1, 1553, 1788, 0, 0, 1, 1, 1, 1, 1, 1]),
 (35, [640, 28, 0, 1, 1, 1614, 1213, 1, 0, 0, 4, 0, 1, 0, 2]),
 (35, [532, 56, 0, 1, 1, 1248, 1495, 1, 0, 1, 3, 0, 0, 0, 1]),
 (35, [516, 80, 0, 1, 1, 693, 1647, 0, 0, 2, 0, 1, 1, 0, 2])]
Población final:
[(999, [2029, 35, 0, 1, 1, 931, 564, 0, 1, 3, 4, 0, 0, 2, 0]),
 (999, [1926, 113, 0, 0, 1, 1418, 1365, 0, 0, 0, 5, 0, 1, 1, 2]),
 (999, [1679, 60, 0, 1, 1, 1345, 1301, 0, 1, 0, 5, 0, 2, 2, 0]),
 (999, [1641, 68, 0, 1, 1, 1326, 968, 0, 0, 3, 1, 1, 2, 0, 2]),
 (999, [1640, 70, 1, 1, 1, 1690, 934, 0, 1, 3, 4, 1, 2, 2, 0]),
 (999, [1594, 18, 0, 1, 0, 568, 756, 1, 0, 3, 0, 1, 1, 1, 2]),
 (999, [1410, 51, 1, 1, 0, 1794, 925, 0, 1, 3, 2, 0, 1, 2, 2]),
 (999, [1297, 12, 0, 0, 1, 1560, 1412, 1, 1, 0, 5, 0, 2, 2, 2]),
 (999, [923, 108, 0, 0, 0, 825, 800, 1, 0, 3, 0, 0, 1, 0, 0]),
 (999, [684, 14, 1, 1, 0, 1595, 668, 0, 1, 0, 5, 0, 0, 0, 2]),
 (999, [648, 73, 0, 0, 0, 1036, 1149, 0, 1, 3, 5, 1, 2, 2, 2]),
 (999, [534, 37, 0, 1, 0, 1841, 920, 1, 0, 3, 2, 0, 2, 0, 0]),
 (35, [1874, 94, 1, 1, 1, 1710, 1064, 1, 0, 0, 3, 1, 2, 2, 0]),
 (35, [1862, 32, 0, 0, 0, 1743, 1282, 0, 1, 1, 3, 1, 1, 2, 2]),
 (35, [1743, 21, 0, 1, 0, 1157, 951, 0, 0, 2, 2, 1, 0, 0, 2]),
 (35, [1677, 69, 0, 0, 0, 596, 1120, 0, 1, 1, 3, 0, 0, 0, 0]),
 (35, [1624, 117, 0, 1, 1, 1613, 676, 1, 0, 2, 0, 1, 0, 2, 1]),
 (35, [1593, 107, 0, 1, 0, 1231, 630, 1, 1, 2, 0, 0, 0, 1, 2]),
 (35, [1469, 115, 0, 1, 1, 1498, 1899, 0, 1, 1, 4, 1, 1, 2, 0]),
 (35, [1430, 57, 1, 0, 0, 1708, 678, 0, 1, 2, 4, 0, 0, 1, 1]),
 (35, [1404, 17, 0, 1, 0, 1705, 1253, 0, 0, 2, 1, 1, 2, 2, 0]),
 (35, [1301, 59, 0, 0, 0, 931, 2036, 0, 0, 2, 3, 0, 0, 2, 0]),
 (35, [1225, 109, 1, 0, 0, 1767, 1033, 0, 1, 0, 1, 0, 2, 2, 2]),
 (35, [1210, 107, 1, 0, 0, 791, 1300, 1, 1, 2, 1, 0, 1, 1, 0]),
 (35, [1134, 12, 0, 0, 0, 933, 805, 1, 0, 1, 0, 0, 0, 2, 1]),
 (35, [1100, 12, 1, 0, 0, 617, 1947, 1, 0, 1, 3, 0, 0, 0, 1]),
 (35, [1043, 27, 0, 0, 1, 584, 587, 0, 1, 1, 2, 0, 0, 0, 0]),
 (35, [906, 73, 0, 0, 1, 635, 1695, 1, 1, 0, 4, 1, 2, 1, 1]),
 (35, [727, 90, 0, 0, 1, 1553, 1788, 0, 0, 1, 1, 1, 1, 1, 1]),
 (35, [640, 28, 0, 1, 1, 1614, 1213, 1, 0, 0, 4, 0, 1, 0, 2]),
 (35, [532, 56, 0, 1, 1, 1248, 1495, 1, 0, 1, 3, 0, 0, 0, 1]),
 (35, [516, 80, 0, 1, 1, 693, 1647, 0, 0, 2, 0, 1, 1, 0, 2])]
Elapsed time is 2075.481283 seconds.
