 * Manually resetting nginx to stopped state
 * Manually resetting nginx to stopped state
 * Manually resetting nginx to stopped state
 * Manually resetting nginx to stopped state
 * Manually resetting nginx to stopped state
 * Manually resetting nginx to stopped state
 * Manually resetting nginx to stopped state
 * Manually resetting nginx to stopped state
 * Manually resetting nginx to stopped state
 * Manually resetting nginx to stopped state
 * Manually resetting nginx to stopped state
 * Manually resetting nginx to stopped state
 * Manually resetting nginx to stopped state
 * Manually resetting nginx to stopped state
 * Manually resetting nginx to stopped state
 * Manually resetting nginx to stopped state
 * Manually resetting nginx to stopped state
 * Manually resetting nginx to stopped state
genes: 15
individuals : 32
pressure: 5
mutation_chance: 0
generations: 15
crossover_type: 1
mutation_type_random: 0
Alerts:
33
Alerts:
35
Alerts:
33
Alerts:
35
Alerts:
35
Alerts:
35
Alerts:
35
Alerts:
34
Alerts:
35
Alerts:
35
Alerts:
34
Alerts:
35
Alerts:
35
Alerts:
34
Alerts:
33
Alerts:
35
Alerts:
35
Alerts:
33

Población de 32 individuos durante 15 generaciones
Población inicial:
[(999, [1791, 40, 0, 1, 0, 1498, 844, 1, 0, 3, 1, 0, 1, 2, 2]),
 (999, [1697, 10, 0, 0, 1, 1529, 669, 0, 0, 2, 5, 1, 2, 2, 0]),
 (999, [1644, 78, 0, 1, 1, 1245, 566, 1, 0, 3, 1, 1, 1, 1, 0]),
 (999, [1342, 84, 0, 1, 0, 1258, 595, 0, 1, 2, 5, 1, 0, 2, 1]),
 (999, [1285, 19, 0, 0, 0, 2014, 1576, 1, 1, 3, 3, 0, 0, 0, 0]),
 (999, [1249, 36, 0, 0, 0, 1011, 671, 1, 1, 3, 1, 1, 2, 2, 2]),
 (999, [1236, 80, 1, 0, 0, 1015, 947, 0, 0, 0, 5, 0, 0, 0, 1]),
 (999, [1098, 98, 0, 1, 1, 547, 1410, 1, 1, 3, 2, 0, 0, 0, 0]),
 (999, [1084, 100, 0, 0, 0, 1534, 663, 1, 0, 3, 2, 0, 0, 1, 0]),
 (999, [978, 118, 0, 0, 1, 782, 1981, 1, 1, 3, 1, 1, 1, 0, 0]),
 (999, [973, 36, 0, 1, 1, 547, 1730, 0, 1, 3, 1, 0, 2, 1, 0]),
 (999, [898, 40, 1, 1, 1, 1513, 525, 1, 0, 2, 5, 1, 2, 0, 1]),
 (999, [819, 92, 1, 0, 1, 1946, 1796, 0, 0, 1, 5, 1, 2, 0, 1]),
 (999, [745, 26, 0, 0, 1, 831, 1976, 0, 1, 0, 5, 0, 1, 1, 0]),
 (35, [1882, 85, 1, 1, 1, 1678, 1501, 1, 0, 0, 0, 1, 0, 1, 0]),
 (35, [1568, 51, 0, 1, 1, 1925, 1889, 1, 1, 0, 4, 1, 1, 2, 0]),
 (35, [1406, 63, 1, 0, 1, 1903, 1289, 1, 0, 2, 1, 1, 0, 1, 1]),
 (35, [1300, 58, 1, 0, 0, 1995, 1286, 0, 1, 2, 3, 0, 0, 2, 0]),
 (35, [1239, 64, 1, 0, 1, 1245, 1575, 0, 0, 2, 1, 0, 2, 0, 1]),
 (35, [1180, 42, 0, 1, 1, 1458, 565, 1, 0, 2, 3, 0, 0, 2, 1]),
 (35, [942, 55, 1, 1, 1, 1529, 1557, 0, 0, 1, 4, 0, 0, 0, 2]),
 (35, [859, 34, 1, 0, 1, 1186, 567, 0, 0, 0, 3, 0, 0, 0, 1]),
 (35, [858, 91, 1, 0, 1, 1461, 683, 0, 0, 0, 4, 0, 1, 0, 0]),
 (35, [624, 28, 1, 1, 1, 1531, 1055, 1, 0, 0, 2, 1, 0, 2, 1]),
 (35, [589, 100, 0, 0, 1, 834, 1948, 1, 1, 2, 4, 0, 0, 1, 2]),
 (34, [1988, 118, 0, 1, 0, 913, 1740, 0, 1, 2, 4, 1, 1, 2, 0]),
 (34, [1417, 50, 0, 0, 0, 1076, 1743, 1, 0, 1, 1, 1, 0, 0, 0]),
 (34, [1250, 79, 1, 1, 0, 1681, 1261, 0, 0, 0, 0, 0, 2, 1, 2]),
 (33, [1768, 76, 1, 1, 0, 1015, 857, 0, 0, 2, 4, 0, 0, 1, 1]),
 (33, [1668, 104, 1, 0, 0, 2024, 1034, 0, 1, 1, 1, 0, 2, 1, 1]),
 (33, [1526, 117, 0, 1, 0, 1594, 1753, 1, 0, 1, 4, 1, 1, 1, 0]),
 (33, [1394, 32, 1, 1, 0, 1176, 1150, 0, 0, 1, 1, 1, 1, 1, 1])]
Población final:
[(999, [1791, 40, 0, 1, 0, 1498, 844, 1, 0, 3, 1, 0, 1, 2, 2]),
 (999, [1697, 10, 0, 0, 1, 1529, 669, 0, 0, 2, 5, 1, 2, 2, 0]),
 (999, [1644, 78, 0, 1, 1, 1245, 566, 1, 0, 3, 1, 1, 1, 1, 0]),
 (999, [1342, 84, 0, 1, 0, 1258, 595, 0, 1, 2, 5, 1, 0, 2, 1]),
 (999, [1285, 19, 0, 0, 0, 2014, 1576, 1, 1, 3, 3, 0, 0, 0, 0]),
 (999, [1249, 36, 0, 0, 0, 1011, 671, 1, 1, 3, 1, 1, 2, 2, 2]),
 (999, [1236, 80, 1, 0, 0, 1015, 947, 0, 0, 0, 5, 0, 0, 0, 1]),
 (999, [1098, 98, 0, 1, 1, 547, 1410, 1, 1, 3, 2, 0, 0, 0, 0]),
 (999, [1084, 100, 0, 0, 0, 1534, 663, 1, 0, 3, 2, 0, 0, 1, 0]),
 (999, [978, 118, 0, 0, 1, 782, 1981, 1, 1, 3, 1, 1, 1, 0, 0]),
 (999, [973, 36, 0, 1, 1, 547, 1730, 0, 1, 3, 1, 0, 2, 1, 0]),
 (999, [898, 40, 1, 1, 1, 1513, 525, 1, 0, 2, 5, 1, 2, 0, 1]),
 (999, [819, 92, 1, 0, 1, 1946, 1796, 0, 0, 1, 5, 1, 2, 0, 1]),
 (999, [745, 26, 0, 0, 1, 831, 1976, 0, 1, 0, 5, 0, 1, 1, 0]),
 (35, [1882, 85, 1, 1, 1, 1678, 1501, 1, 0, 0, 0, 1, 0, 1, 0]),
 (35, [1568, 51, 0, 1, 1, 1925, 1889, 1, 1, 0, 4, 1, 1, 2, 0]),
 (35, [1406, 63, 1, 0, 1, 1903, 1289, 1, 0, 2, 1, 1, 0, 1, 1]),
 (35, [1300, 58, 1, 0, 0, 1995, 1286, 0, 1, 2, 3, 0, 0, 2, 0]),
 (35, [1239, 64, 1, 0, 1, 1245, 1575, 0, 0, 2, 1, 0, 2, 0, 1]),
 (35, [1180, 42, 0, 1, 1, 1458, 565, 1, 0, 2, 3, 0, 0, 2, 1]),
 (35, [942, 55, 1, 1, 1, 1529, 1557, 0, 0, 1, 4, 0, 0, 0, 2]),
 (35, [859, 34, 1, 0, 1, 1186, 567, 0, 0, 0, 3, 0, 0, 0, 1]),
 (35, [858, 91, 1, 0, 1, 1461, 683, 0, 0, 0, 4, 0, 1, 0, 0]),
 (35, [624, 28, 1, 1, 1, 1531, 1055, 1, 0, 0, 2, 1, 0, 2, 1]),
 (35, [589, 100, 0, 0, 1, 834, 1948, 1, 1, 2, 4, 0, 0, 1, 2]),
 (34, [1988, 118, 0, 1, 0, 913, 1740, 0, 1, 2, 4, 1, 1, 2, 0]),
 (34, [1417, 50, 0, 0, 0, 1076, 1743, 1, 0, 1, 1, 1, 0, 0, 0]),
 (34, [1250, 79, 1, 1, 0, 1681, 1261, 0, 0, 0, 0, 0, 2, 1, 2]),
 (33, [1768, 76, 1, 1, 0, 1015, 857, 0, 0, 2, 4, 0, 0, 1, 1]),
 (33, [1668, 104, 1, 0, 0, 2024, 1034, 0, 1, 1, 1, 0, 2, 1, 1]),
 (33, [1526, 117, 0, 1, 0, 1594, 1753, 1, 0, 1, 4, 1, 1, 1, 0]),
 (33, [1394, 32, 1, 1, 0, 1176, 1150, 0, 0, 1, 1, 1, 1, 1, 1])]
Elapsed time is 823.524818 seconds.
