 * Manually resetting nginx to stopped state
 * Manually resetting nginx to stopped state
 * Manually resetting nginx to stopped state
 * Manually resetting nginx to stopped state
 * Manually resetting nginx to stopped state
 * Manually resetting nginx to stopped state
 * Manually resetting nginx to stopped state
 * Manually resetting nginx to stopped state
 * Manually resetting nginx to stopped state
 * Manually resetting nginx to stopped state
 * Manually resetting nginx to stopped state
 * Manually resetting nginx to stopped state
 * Manually resetting nginx to stopped state
 * Manually resetting nginx to stopped state
 * Manually resetting nginx to stopped state
 * Manually resetting nginx to stopped state
 * Manually resetting nginx to stopped state
 * Manually resetting nginx to stopped state
genes: 15
individuals : 32
pressure: 5
mutation_chance: 0
generations: 15
crossover_type: 1
mutation_type_random: 1
Alerts:
33
Alerts:
35
Alerts:
33
Alerts:
35
Alerts:
35
Alerts:
35
Alerts:
35
Alerts:
33
Alerts:
35
Alerts:
35
Alerts:
35
Alerts:
34
Alerts:
34
Alerts:
34
Alerts:
34
Alerts:
35
Alerts:
35
Alerts:
34

Población de 32 individuos durante 15 generaciones
Población inicial:
[(999, [1971, 11, 1, 1, 0, 1229, 2030, 0, 1, 3, 2, 0, 2, 2, 0]),
 (999, [1950, 52, 0, 1, 1, 1285, 1968, 0, 0, 1, 5, 1, 1, 0, 1]),
 (999, [1927, 55, 0, 0, 0, 1342, 2028, 1, 0, 3, 5, 0, 1, 2, 0]),
 (999, [1886, 111, 1, 1, 1, 1263, 1725, 1, 0, 2, 5, 1, 2, 2, 1]),
 (999, [1846, 11, 0, 1, 1, 1062, 1417, 1, 1, 3, 0, 0, 1, 2, 2]),
 (999, [1274, 27, 0, 1, 1, 1269, 522, 1, 0, 3, 3, 0, 0, 2, 0]),
 (999, [1192, 39, 1, 0, 1, 1585, 515, 0, 1, 3, 3, 1, 2, 2, 2]),
 (999, [1121, 97, 1, 0, 1, 1393, 1825, 0, 0, 3, 1, 1, 0, 0, 1]),
 (999, [1078, 53, 1, 1, 1, 1312, 1960, 1, 1, 0, 5, 0, 1, 1, 1]),
 (999, [931, 68, 1, 0, 1, 1650, 895, 0, 0, 3, 2, 0, 0, 2, 0]),
 (999, [898, 85, 0, 0, 0, 1584, 1398, 0, 0, 3, 2, 0, 1, 2, 2]),
 (999, [804, 94, 0, 0, 0, 599, 1133, 0, 1, 3, 4, 1, 0, 2, 1]),
 (999, [615, 22, 0, 0, 1, 602, 746, 1, 1, 3, 0, 1, 1, 1, 1]),
 (999, [590, 74, 0, 0, 0, 1562, 1277, 1, 1, 0, 5, 1, 0, 0, 0]),
 (35, [2039, 110, 0, 1, 0, 703, 775, 1, 0, 1, 2, 1, 0, 0, 0]),
 (35, [1996, 54, 0, 1, 1, 1734, 965, 1, 0, 0, 3, 1, 0, 1, 2]),
 (35, [1804, 52, 1, 1, 1, 952, 1296, 1, 1, 1, 2, 1, 2, 0, 2]),
 (35, [1649, 104, 1, 1, 1, 1517, 1166, 1, 1, 2, 2, 1, 1, 2, 2]),
 (35, [1290, 76, 1, 1, 0, 989, 1659, 0, 1, 1, 2, 1, 2, 2, 2]),
 (35, [1218, 108, 0, 0, 1, 948, 1084, 1, 0, 2, 3, 0, 2, 2, 0]),
 (35, [1004, 11, 1, 1, 0, 1512, 1407, 1, 0, 2, 0, 0, 0, 2, 0]),
 (35, [978, 43, 1, 1, 0, 1394, 913, 1, 0, 2, 4, 0, 2, 2, 0]),
 (35, [673, 103, 0, 1, 1, 984, 705, 1, 0, 1, 0, 0, 2, 2, 0]),
 (35, [526, 64, 0, 0, 1, 519, 761, 0, 1, 1, 4, 1, 2, 0, 1]),
 (34, [1450, 24, 1, 1, 0, 1341, 1766, 0, 0, 0, 2, 0, 1, 2, 1]),
 (34, [1340, 44, 1, 0, 0, 575, 1563, 1, 1, 1, 4, 1, 1, 2, 0]),
 (34, [1127, 17, 0, 0, 0, 1665, 2016, 1, 1, 0, 2, 1, 1, 2, 2]),
 (34, [989, 60, 1, 0, 0, 1179, 770, 1, 0, 0, 4, 0, 0, 2, 0]),
 (34, [687, 81, 0, 1, 0, 1446, 704, 0, 0, 2, 2, 0, 0, 2, 1]),
 (33, [1754, 17, 0, 0, 0, 1582, 613, 1, 1, 2, 2, 1, 0, 0, 1]),
 (33, [1248, 65, 1, 1, 0, 1729, 1650, 1, 0, 1, 1, 1, 2, 2, 2]),
 (33, [822, 86, 0, 0, 0, 1180, 676, 1, 1, 0, 4, 1, 0, 2, 2])]
Población final:
[(999, [1971, 11, 1, 1, 0, 1229, 2030, 0, 1, 3, 2, 0, 2, 2, 0]),
 (999, [1950, 52, 0, 1, 1, 1285, 1968, 0, 0, 1, 5, 1, 1, 0, 1]),
 (999, [1927, 55, 0, 0, 0, 1342, 2028, 1, 0, 3, 5, 0, 1, 2, 0]),
 (999, [1886, 111, 1, 1, 1, 1263, 1725, 1, 0, 2, 5, 1, 2, 2, 1]),
 (999, [1846, 11, 0, 1, 1, 1062, 1417, 1, 1, 3, 0, 0, 1, 2, 2]),
 (999, [1274, 27, 0, 1, 1, 1269, 522, 1, 0, 3, 3, 0, 0, 2, 0]),
 (999, [1192, 39, 1, 0, 1, 1585, 515, 0, 1, 3, 3, 1, 2, 2, 2]),
 (999, [1121, 97, 1, 0, 1, 1393, 1825, 0, 0, 3, 1, 1, 0, 0, 1]),
 (999, [1078, 53, 1, 1, 1, 1312, 1960, 1, 1, 0, 5, 0, 1, 1, 1]),
 (999, [931, 68, 1, 0, 1, 1650, 895, 0, 0, 3, 2, 0, 0, 2, 0]),
 (999, [898, 85, 0, 0, 0, 1584, 1398, 0, 0, 3, 2, 0, 1, 2, 2]),
 (999, [804, 94, 0, 0, 0, 599, 1133, 0, 1, 3, 4, 1, 0, 2, 1]),
 (999, [615, 22, 0, 0, 1, 602, 746, 1, 1, 3, 0, 1, 1, 1, 1]),
 (999, [590, 74, 0, 0, 0, 1562, 1277, 1, 1, 0, 5, 1, 0, 0, 0]),
 (35, [2039, 110, 0, 1, 0, 703, 775, 1, 0, 1, 2, 1, 0, 0, 0]),
 (35, [1996, 54, 0, 1, 1, 1734, 965, 1, 0, 0, 3, 1, 0, 1, 2]),
 (35, [1804, 52, 1, 1, 1, 952, 1296, 1, 1, 1, 2, 1, 2, 0, 2]),
 (35, [1649, 104, 1, 1, 1, 1517, 1166, 1, 1, 2, 2, 1, 1, 2, 2]),
 (35, [1290, 76, 1, 1, 0, 989, 1659, 0, 1, 1, 2, 1, 2, 2, 2]),
 (35, [1218, 108, 0, 0, 1, 948, 1084, 1, 0, 2, 3, 0, 2, 2, 0]),
 (35, [1004, 11, 1, 1, 0, 1512, 1407, 1, 0, 2, 0, 0, 0, 2, 0]),
 (35, [978, 43, 1, 1, 0, 1394, 913, 1, 0, 2, 4, 0, 2, 2, 0]),
 (35, [673, 103, 0, 1, 1, 984, 705, 1, 0, 1, 0, 0, 2, 2, 0]),
 (35, [526, 64, 0, 0, 1, 519, 761, 0, 1, 1, 4, 1, 2, 0, 1]),
 (34, [1450, 24, 1, 1, 0, 1341, 1766, 0, 0, 0, 2, 0, 1, 2, 1]),
 (34, [1340, 44, 1, 0, 0, 575, 1563, 1, 1, 1, 4, 1, 1, 2, 0]),
 (34, [1127, 17, 0, 0, 0, 1665, 2016, 1, 1, 0, 2, 1, 1, 2, 2]),
 (34, [989, 60, 1, 0, 0, 1179, 770, 1, 0, 0, 4, 0, 0, 2, 0]),
 (34, [687, 81, 0, 1, 0, 1446, 704, 0, 0, 2, 2, 0, 0, 2, 1]),
 (33, [1754, 17, 0, 0, 0, 1582, 613, 1, 1, 2, 2, 1, 0, 0, 1]),
 (33, [1248, 65, 1, 1, 0, 1729, 1650, 1, 0, 1, 1, 1, 2, 2, 2]),
 (33, [822, 86, 0, 0, 0, 1180, 676, 1, 1, 0, 4, 1, 0, 2, 2])]
Elapsed time is 775.982720 seconds.
